Device: PM2003001		2022:11:08    10:43:19,072  (DLL version: 1.20;  Status: HW:v1.02 SW:v1.3 CRC:31ED BATTERY:4154mV ST:0 ERR:0000;  MUX data; S: 92 I:143 R:200.000 C:1.094p F:)
Excitation level, V:	2,00
Voltage Channel Gain:	5
Current Channel Gain:	1
Voltmeter Range, V:	0,6
Ampermeter Range, A:	15,0m
Step Period, ms:	5
R transimp:	200
C transimp:	1,1p
Measurement Table: 	EEPROM  16

Freq, Hz	1,0k	2,0k	3,0k	7,0k	11,0k	17,0k	23,0k	31,0k	43,0k	61,0k	89,0k	127,0k	179,0k	251,0k	349,0k	1,0k	2,0k	3,0k	7,0k	11,0k	17,0k	23,0k	31,0k	43,0k	61,0k	89,0k	127,0k	179,0k	251,0k	349,0k
	run	1	2022:11:08    10:43:19,074
MUX	Re1, ohm	Re2, ohm	Re3, ohm	Re4, ohm	Re5, ohm	Re6, ohm	Re7, ohm	Re8, ohm	Re9, ohm	Re10, ohm	Re11, ohm	Re12, ohm	Re13, ohm	Re14, ohm	Re15, ohm	Im1, ohm	Im2, ohm	Im3, ohm	Im4, ohm	Im5, ohm	Im6, ohm	Im7, ohm	Im8, ohm	Im9, ohm	Im10, ohm	Im11, ohm	Im12, ohm	Im13, ohm	Im14, ohm	Im15, ohm	U, V	I, mA

0,000	-13,065	-13,170	-13,170	-13,263	-13,281	-13,300	-13,301	-13,309	-13,305	-13,314	-13,303	-13,283	-13,236	-13,142	-13,034	-0,199	-0,152	-0,141	-0,097	-0,069	-0,045	-0,020	-0,006	0,015	0,035	0,075	0,117	0,163	0,184	0,151	0,000	0,000
1,000	-16,916	-16,866	-16,760	-16,563	-16,423	-16,309	-16,255	-16,202	-16,158	-16,116	-16,080	-16,037	-15,975	-15,884	-15,766	0,064	0,209	0,251	0,340	0,348	0,308	0,295	0,254	0,230	0,220	0,223	0,231	0,228	0,239	0,184	0,000	0,000
2,000	-10,183	-10,174	-10,126	-10,021	-9,921	-9,844	-9,798	-9,764	-9,712	-9,692	-9,627	-9,558	-9,477	-9,334	-9,175	0,041	0,088	0,139	0,234	0,244	0,229	0,229	0,224	0,229	0,228	0,262	0,296	0,310	0,325	0,248	0,000	0,000
3,000	-20,269	-20,257	-20,201	-19,901	-19,694	-19,568	-19,488	-19,436	-19,380	-19,371	-19,325	-19,289	-19,232	-19,118	-18,988	0,092	0,240	0,314	0,455	0,454	0,372	0,329	0,284	0,249	0,216	0,220	0,230	0,247	0,254	0,193	0,000	0,000
4,000	-10,806	-10,945	-10,832	-10,823	-10,788	-10,796	-10,792	-10,788	-10,784	-10,767	-10,730	-10,656	-10,519	-10,304	-10,019	-0,331	-0,005	-0,015	0,050	0,046	0,066	0,080	0,097	0,129	0,192	0,262	0,347	0,446	0,501	0,412	0,000	0,000
5,000	-12,279	-12,167	-12,349	-12,357	-12,382	-12,349	-12,327	-12,336	-12,311	-12,294	-12,256	-12,160	-12,016	-11,771	-11,435	0,030	-0,186	-0,109	-0,013	0,023	0,048	0,081	0,109	0,164	0,209	0,301	0,402	0,507	0,569	0,462	0,000	0,000
6,000	-8,710	-8,694	-8,607	-8,470	-8,364	-8,298	-8,273	-8,242	-8,200	-8,186	-8,135	-8,062	-7,994	-7,849	-7,690	-0,055	0,127	0,173	0,240	0,232	0,206	0,202	0,197	0,198	0,210	0,238	0,273	0,301	0,316	0,244	0,000	0,000
7,000	-7,015	-6,982	-6,977	-6,911	-6,865	-6,842	-6,819	-6,813	-6,797	-6,801	-6,786	-6,768	-6,750	-6,712	-6,662	-0,050	0,004	0,042	0,106	0,080	0,072	0,069	0,065	0,064	0,056	0,061	0,082	0,085	0,087	0,067	0,000	0,000
8,000	-20,402	-20,662	-20,700	-20,815	-20,814	-20,863	-20,902	-20,928	-20,958	-21,012	-21,035	-21,046	-21,050	-21,020	-20,980	-0,547	-0,307	-0,280	-0,181	-0,164	-0,168	-0,152	-0,142	-0,129	-0,115	-0,076	-0,029	-0,003	0,037	0,036	0,000	0,000
9,000	-9,870	-9,922	-9,896	-9,768	-9,647	-9,535	-9,474	-9,425	-9,366	-9,327	-9,281	-9,219	-9,145	-9,037	-8,904	-0,138	-0,007	0,085	0,254	0,285	0,274	0,275	0,261	0,248	0,244	0,251	0,260	0,266	0,267	0,197	0,000	0,000
10,000	-9,878	-9,914	-9,783	-9,640	-9,537	-9,493	-9,467	-9,450	-9,428	-9,431	-9,413	-9,390	-9,343	-9,267	-9,174	-0,209	0,099	0,126	0,202	0,178	0,154	0,134	0,118	0,104	0,107	0,116	0,139	0,160	0,172	0,137	0,000	0,000
11,000	-10,646	-10,528	-10,492	-10,347	-10,260	-10,202	-10,165	-10,143	-10,105	-10,094	-10,057	-10,016	-9,960	-9,866	-9,764	0,053	0,122	0,167	0,216	0,211	0,179	0,173	0,162	0,161	0,153	0,173	0,193	0,202	0,209	0,152	0,000	0,000
12,000	-14,111	-14,136	-14,044	-13,998	-13,939	-13,922	-13,917	-13,909	-13,893	-13,905	-13,888	-13,857	-13,819	-13,736	-13,636	-0,038	0,085	0,091	0,099	0,095	0,073	0,070	0,069	0,074	0,074	0,103	0,128	0,153	0,179	0,145	0,000	0,000
13,000	-8,211	-8,122	-8,150	-8,133	-8,138	-8,116	-8,101	-8,086	-8,060	-8,031	-7,985	-7,924	-7,833	-7,688	-7,506	0,193	0,090	0,066	0,066	0,068	0,084	0,099	0,121	0,148	0,180	0,222	0,273	0,316	0,327	0,263	0,000	0,000
14,000	-11,830	-11,667	-11,772	-11,695	-11,696	-11,664	-11,640	-11,646	-11,633	-11,632	-11,608	-11,563	-11,493	-11,370	-11,182	0,044	-0,057	-0,001	0,053	0,052	0,055	0,073	0,076	0,093	0,109	0,157	0,215	0,258	0,304	0,255	0,000	0,000
15,000	-9,006	-9,116	-9,040	-9,045	-9,005	-9,000	-8,992	-8,979	-8,966	-8,964	-8,943	-8,913	-8,864	-8,790	-8,711	-0,228	-0,016	-0,028	0,029	0,036	0,058	0,055	0,067	0,070	0,089	0,108	0,125	0,154	0,160	0,133	0,000	0,000
	run	2	2022:11:08    10:43:19,123
0,000	-12,964	-13,048	-13,065	-13,152	-13,161	-13,178	-13,182	-13,188	-13,190	-13,194	-13,189	-13,166	-13,122	-13,031	-12,922	-0,188	-0,157	-0,129	-0,084	-0,067	-0,035	-0,023	-0,011	0,011	0,034	0,071	0,113	0,157	0,186	0,152	0,000	0,000
1,000	-16,868	-16,837	-16,730	-16,532	-16,394	-16,288	-16,226	-16,178	-16,137	-16,097	-16,057	-16,018	-15,955	-15,865	-15,748	0,050	0,202	0,253	0,332	0,340	0,307	0,284	0,246	0,235	0,216	0,217	0,222	0,232	0,235	0,179	0,000	0,000
2,000	-10,183	-10,174	-10,126	-10,021	-9,921	-9,844	-9,798	-9,764	-9,712	-9,692	-9,627	-9,558	-9,477	-9,334	-9,175	0,041	0,088	0,139	0,234	0,244	0,229	0,229	0,224	0,229	0,228	0,262	0,296	0,310	0,325	0,248	0,000	0,000
3,000	-20,269	-20,257	-20,201	-19,901	-19,694	-19,568	-19,488	-19,436	-19,380	-19,371	-19,325	-19,289	-19,232	-19,118	-18,988	0,092	0,240	0,314	0,455	0,454	0,372	0,329	0,284	0,249	0,216	0,220	0,230	0,247	0,254	0,193	0,000	0,000
4,000	-10,806	-10,945	-10,832	-10,823	-10,788	-10,796	-10,792	-10,788	-10,784	-10,767	-10,730	-10,656	-10,519	-10,304	-10,019	-0,331	-0,005	-0,015	0,050	0,046	0,066	0,080	0,097	0,129	0,192	0,262	0,347	0,446	0,501	0,412	0,000	0,000
5,000	-12,279	-12,167	-12,349	-12,357	-12,382	-12,349	-12,327	-12,336	-12,311	-12,294	-12,256	-12,160	-12,016	-11,771	-11,435	0,030	-0,186	-0,109	-0,013	0,023	0,048	0,081	0,109	0,164	0,209	0,301	0,402	0,507	0,569	0,462	0,000	0,000
6,000	-8,710	-8,694	-8,607	-8,470	-8,364	-8,298	-8,273	-8,242	-8,200	-8,186	-8,135	-8,062	-7,994	-7,849	-7,690	-0,055	0,127	0,173	0,240	0,232	0,206	0,202	0,197	0,198	0,210	0,238	0,273	0,301	0,316	0,244	0,000	0,000
7,000	-7,015	-6,982	-6,977	-6,911	-6,865	-6,842	-6,819	-6,813	-6,797	-6,801	-6,786	-6,768	-6,750	-6,712	-6,662	-0,050	0,004	0,042	0,106	0,080	0,072	0,069	0,065	0,064	0,056	0,061	0,082	0,085	0,087	0,067	0,000	0,000
8,000	-20,209	-20,424	-20,485	-20,604	-20,609	-20,661	-20,701	-20,734	-20,759	-20,809	-20,830	-20,853	-20,858	-20,827	-20,784	-0,524	-0,329	-0,286	-0,192	-0,169	-0,170	-0,163	-0,153	-0,133	-0,115	-0,075	-0,037	-0,007	0,035	0,042	0,000	0,000
9,000	-9,734	-9,760	-9,723	-9,598	-9,479	-9,376	-9,310	-9,262	-9,206	-9,166	-9,112	-9,057	-8,984	-8,872	-8,743	-0,138	-0,012	0,080	0,246	0,287	0,270	0,269	0,256	0,246	0,242	0,247	0,260	0,275	0,267	0,197	0,000	0,000
10,000	-10,055	-10,070	-9,925	-9,745	-9,637	-9,587	-9,562	-9,541	-9,523	-9,528	-9,507	-9,486	-9,439	-9,363	-9,276	-0,186	0,135	0,177	0,237	0,207	0,171	0,145	0,126	0,109	0,108	0,123	0,138	0,163	0,167	0,138	0,000	0,000
11,000	-10,721	-10,597	-10,566	-10,404	-10,318	-10,259	-10,226	-10,202	-10,168	-10,155	-10,121	-10,077	-10,020	-9,933	-9,825	0,061	0,122	0,174	0,221	0,212	0,177	0,172	0,157	0,152	0,154	0,167	0,186	0,205	0,206	0,154	0,000	0,000
12,000	-14,110	-14,148	-14,046	-13,993	-13,932	-13,917	-13,910	-13,902	-13,887	-13,899	-13,878	-13,842	-13,810	-13,722	-13,624	-0,023	0,100	0,101	0,108	0,094	0,078	0,072	0,076	0,072	0,075	0,106	0,133	0,157	0,181	0,148	0,000	0,000
13,000	-8,118	-8,097	-8,101	-8,103	-8,089	-8,083	-8,062	-8,059	-8,029	-8,014	-7,973	-7,915	-7,816	-7,681	-7,504	0,153	0,080	0,037	0,044	0,058	0,069	0,088	0,107	0,133	0,167	0,212	0,258	0,306	0,321	0,253	0,000	0,000
14,000	-11,772	-11,570	-11,689	-11,617	-11,619	-11,588	-11,567	-11,568	-11,546	-11,551	-11,528	-11,500	-11,416	-11,285	-11,105	0,056	-0,058	0,001	0,058	0,062	0,058	0,072	0,073	0,097	0,118	0,165	0,213	0,262	0,307	0,259	0,000	0,000
15,000	-9,068	-9,199	-9,117	-9,122	-9,078	-9,078	-9,072	-9,058	-9,040	-9,042	-9,021	-8,989	-8,941	-8,864	-8,778	-0,226	-0,009	-0,029	0,032	0,038	0,059	0,058	0,069	0,075	0,092	0,110	0,133	0,155	0,165	0,130	0,000	0,000
	run	3	2022:11:08    10:43:19,223
0,000	-12,911	-12,996	-13,021	-13,108	-13,122	-13,137	-13,139	-13,144	-13,145	-13,154	-13,148	-13,125	-13,083	-12,991	-12,890	-0,205	-0,154	-0,138	-0,089	-0,076	-0,043	-0,026	-0,011	0,012	0,034	0,071	0,114	0,150	0,181	0,146	0,000	0,000
1,000	-16,893	-16,868	-16,754	-16,558	-16,409	-16,303	-16,240	-16,194	-16,148	-16,113	-16,071	-16,033	-15,970	-15,881	-15,762	0,066	0,206	0,253	0,345	0,345	0,309	0,291	0,252	0,234	0,218	0,219	0,232	0,229	0,241	0,180	0,000	0,000
2,000	-10,252	-10,229	-10,199	-10,079	-9,982	-9,898	-9,853	-9,818	-9,773	-9,745	-9,687	-9,621	-9,526	-9,381	-9,218	0,043	0,094	0,147	0,237	0,248	0,230	0,231	0,224	0,225	0,237	0,265	0,296	0,322	0,336	0,254	0,000	0,000
3,000	-20,398	-20,390	-20,296	-19,990	-19,779	-19,642	-19,581	-19,525	-19,468	-19,458	-19,419	-19,376	-19,324	-19,216	-19,085	0,108	0,264	0,340	0,481	0,464	0,379	0,330	0,287	0,253	0,216	0,215	0,227	0,238	0,249	0,189	0,000	0,000
4,000	-10,822	-10,968	-10,843	-10,843	-10,798	-10,817	-10,807	-10,795	-10,795	-10,781	-10,746	-10,667	-10,533	-10,311	-10,016	-0,324	0,003	-0,006	0,053	0,046	0,067	0,079	0,102	0,131	0,190	0,273	0,363	0,452	0,503	0,425	0,000	0,000
5,000	-12,289	-12,131	-12,338	-12,340	-12,361	-12,331	-12,312	-12,313	-12,292	-12,277	-12,229	-12,146	-12,002	-11,756	-11,438	0,076	-0,174	-0,111	-0,007	0,020	0,037	0,085	0,111	0,155	0,207	0,291	0,394	0,498	0,554	0,456	0,000	0,000
6,000	-8,673	-8,690	-8,594	-8,468	-8,357	-8,295	-8,260	-8,232	-8,191	-8,174	-8,124	-8,065	-7,985	-7,849	-7,692	-0,071	0,128	0,168	0,238	0,230	0,203	0,201	0,193	0,195	0,204	0,236	0,261	0,294	0,312	0,244	0,000	0,000
7,000	-7,021	-7,010	-7,005	-6,941	-6,896	-6,868	-6,854	-6,849	-6,835	-6,830	-6,823	-6,801	-6,781	-6,737	-6,690	-0,049	-0,011	0,027	0,090	0,090	0,067	0,067	0,066	0,063	0,059	0,067	0,079	0,090	0,092	0,073	0,000	0,000
8,000	-20,414	-20,660	-20,706	-20,817	-20,826	-20,873	-20,904	-20,938	-20,962	-21,019	-21,041	-21,053	-21,064	-21,022	-20,986	-0,506	-0,317	-0,277	-0,182	-0,159	-0,172	-0,152	-0,144	-0,126	-0,114	-0,071	-0,028	-0,002	0,041	0,044	0,000	0,000
9,000	-9,802	-9,829	-9,805	-9,682	-9,564	-9,457	-9,390	-9,340	-9,288	-9,247	-9,193	-9,140	-9,060	-8,953	-8,824	-0,144	-0,007	0,077	0,247	0,283	0,278	0,277	0,257	0,242	0,237	0,246	0,262	0,264	0,268	0,196	0,000	0,000
10,000	-9,900	-9,952	-9,790	-9,649	-9,540	-9,495	-9,469	-9,452	-9,432	-9,431	-9,419	-9,393	-9,346	-9,266	-9,177	-0,217	0,106	0,145	0,212	0,187	0,158	0,137	0,120	0,106	0,108	0,120	0,138	0,163	0,173	0,137	0,000	0,000
11,000	-10,591	-10,465	-10,437	-10,275	-10,195	-10,131	-10,098	-10,075	-10,044	-10,028	-9,991	-9,949	-9,893	-9,805	-9,701	0,055	0,129	0,167	0,219	0,209	0,176	0,169	0,161	0,159	0,156	0,175	0,191	0,207	0,208	0,160	0,000	0,000
12,000	-14,032	-14,063	-13,974	-13,937	-13,876	-13,861	-13,855	-13,845	-13,835	-13,850	-13,829	-13,798	-13,763	-13,671	-13,579	-0,021	0,082	0,091	0,100	0,086	0,072	0,069	0,074	0,069	0,071	0,097	0,130	0,156	0,181	0,142	0,000	0,000
13,000	-8,201	-8,124	-8,146	-8,143	-8,129	-8,118	-8,094	-8,089	-8,059	-8,047	-8,001	-7,948	-7,841	-7,694	-7,525	0,176	0,090	0,053	0,063	0,065	0,077	0,091	0,117	0,135	0,169	0,218	0,265	0,313	0,331	0,261	0,000	0,000
14,000	-11,806	-11,670	-11,767	-11,692	-11,687	-11,656	-11,638	-11,637	-11,624	-11,614	-11,611	-11,565	-11,490	-11,355	-11,175	0,011	-0,063	-0,004	0,059	0,061	0,057	0,071	0,073	0,092	0,104	0,162	0,220	0,266	0,304	0,257	0,000	0,000
15,000	-9,069	-9,202	-9,114	-9,128	-9,081	-9,081	-9,073	-9,054	-9,043	-9,042	-9,019	-8,991	-8,946	-8,868	-8,781	-0,241	-0,007	-0,024	0,027	0,042	0,053	0,055	0,064	0,070	0,085	0,107	0,131	0,155	0,162	0,134	0,000	0,000
	run	4	2022:11:08    10:43:19,277
0,000	-12,911	-12,996	-13,021	-13,108	-13,122	-13,137	-13,139	-13,144	-13,145	-13,154	-13,148	-13,125	-13,083	-12,991	-12,890	-0,205	-0,154	-0,138	-0,089	-0,076	-0,043	-0,026	-0,011	0,012	0,034	0,071	0,114	0,150	0,181	0,146	0,000	0,000
1,000	-16,893	-16,868	-16,754	-16,558	-16,409	-16,303	-16,240	-16,194	-16,148	-16,113	-16,071	-16,033	-15,970	-15,881	-15,762	0,066	0,206	0,253	0,345	0,345	0,309	0,291	0,252	0,234	0,218	0,219	0,232	0,229	0,241	0,180	0,000	0,000
2,000	-10,252	-10,229	-10,199	-10,079	-9,982	-9,898	-9,853	-9,818	-9,773	-9,745	-9,687	-9,621	-9,526	-9,381	-9,218	0,043	0,094	0,147	0,237	0,248	0,230	0,231	0,224	0,225	0,237	0,265	0,296	0,322	0,336	0,254	0,000	0,000
3,000	-20,398	-20,390	-20,296	-19,990	-19,779	-19,642	-19,581	-19,525	-19,468	-19,458	-19,419	-19,376	-19,324	-19,216	-19,085	0,108	0,264	0,340	0,481	0,464	0,379	0,330	0,287	0,253	0,216	0,215	0,227	0,238	0,249	0,189	0,000	0,000
4,000	-10,822	-10,968	-10,843	-10,843	-10,798	-10,817	-10,807	-10,795	-10,795	-10,781	-10,746	-10,667	-10,533	-10,311	-10,016	-0,324	0,003	-0,006	0,053	0,046	0,067	0,079	0,102	0,131	0,190	0,273	0,363	0,452	0,503	0,425	0,000	0,000
5,000	-12,289	-12,131	-12,338	-12,340	-12,361	-12,331	-12,312	-12,313	-12,292	-12,277	-12,229	-12,146	-12,002	-11,756	-11,438	0,076	-0,174	-0,111	-0,007	0,020	0,037	0,085	0,111	0,155	0,207	0,291	0,394	0,498	0,554	0,456	0,000	0,000
6,000	-8,667	-8,664	-8,557	-8,429	-8,329	-8,265	-8,234	-8,203	-8,159	-8,149	-8,097	-8,033	-7,953	-7,807	-7,644	-0,069	0,130	0,171	0,241	0,225	0,208	0,202	0,201	0,199	0,203	0,234	0,275	0,307	0,320	0,248	0,000	0,000
7,000	-7,016	-7,000	-6,993	-6,932	-6,886	-6,863	-6,844	-6,845	-6,821	-6,822	-6,814	-6,793	-6,773	-6,732	-6,686	-0,052	-0,001	0,038	0,094	0,081	0,072	0,069	0,063	0,061	0,056	0,067	0,071	0,087	0,088	0,066	0,000	0,000
8,000	-20,280	-20,531	-20,573	-20,706	-20,706	-20,756	-20,793	-20,822	-20,851	-20,902	-20,925	-20,944	-20,954	-20,920	-20,872	-0,500	-0,327	-0,285	-0,183	-0,163	-0,176	-0,161	-0,155	-0,124	-0,120	-0,078	-0,035	-0,007	0,036	0,042	0,000	0,000
9,000	-9,800	-9,831	-9,807	-9,669	-9,551	-9,442	-9,376	-9,326	-9,273	-9,235	-9,178	-9,121	-9,049	-8,938	-8,811	-0,119	-0,010	0,087	0,259	0,289	0,281	0,272	0,254	0,249	0,244	0,247	0,260	0,269	0,266	0,195	0,000	0,000
10,000	-9,876	-9,910	-9,769	-9,628	-9,521	-9,480	-9,457	-9,438	-9,425	-9,421	-9,406	-9,383	-9,337	-9,260	-9,172	-0,209	0,100	0,140	0,205	0,180	0,154	0,131	0,119	0,104	0,109	0,115	0,140	0,157	0,169	0,138	0,000	0,000
11,000	-10,628	-10,515	-10,487	-10,332	-10,246	-10,183	-10,153	-10,127	-10,093	-10,077	-10,043	-10,000	-9,942	-9,855	-9,754	0,052	0,126	0,164	0,214	0,211	0,176	0,172	0,160	0,157	0,151	0,166	0,189	0,203	0,206	0,156	0,000	0,000
12,000	-14,078	-14,106	-14,007	-13,967	-13,905	-13,890	-13,884	-13,872	-13,863	-13,875	-13,854	-13,826	-13,788	-13,698	-13,603	-0,045	0,091	0,089	0,109	0,090	0,070	0,073	0,069	0,071	0,069	0,099	0,136	0,154	0,185	0,145	0,000	0,000
13,000	-8,153	-8,114	-8,121	-8,120	-8,109	-8,090	-8,081	-8,067	-8,043	-8,018	-7,968	-7,907	-7,812	-7,680	-7,497	0,145	0,083	0,056	0,050	0,069	0,077	0,101	0,122	0,140	0,178	0,222	0,272	0,311	0,327	0,259	0,000	0,000
14,000	-11,777	-11,602	-11,723	-11,645	-11,651	-11,616	-11,591	-11,594	-11,579	-11,570	-11,553	-11,507	-11,446	-11,314	-11,133	0,102	-0,063	0,009	0,060	0,062	0,051	0,068	0,072	0,089	0,111	0,150	0,214	0,259	0,305	0,254	0,000	0,000
15,000	-8,987	-9,107	-9,024	-9,029	-8,984	-8,984	-8,979	-8,960	-8,947	-8,948	-8,920	-8,894	-8,847	-8,774	-8,693	-0,230	-0,016	-0,027	0,029	0,038	0,055	0,057	0,060	0,066	0,082	0,103	0,131	0,155	0,158	0,129	0,000	0,000
	run	5	2022:11:08    10:43:19,375
0,000	-12,931	-13,000	-13,020	-13,099	-13,120	-13,128	-13,134	-13,142	-13,137	-13,147	-13,143	-13,115	-13,075	-12,981	-12,881	-0,190	-0,141	-0,129	-0,084	-0,070	-0,040	-0,020	-0,001	0,013	0,036	0,073	0,114	0,153	0,186	0,146	0,000	0,000
1,000	-16,804	-16,780	-16,674	-16,478	-16,336	-16,225	-16,171	-16,123	-16,077	-16,038	-16,002	-15,963	-15,900	-15,806	-15,692	0,068	0,210	0,245	0,338	0,341	0,309	0,288	0,254	0,226	0,220	0,214	0,223	0,227	0,236	0,177	0,000	0,000
2,000	-10,129	-10,118	-10,081	-9,981	-9,883	-9,805	-9,752	-9,720	-9,676	-9,647	-9,593	-9,527	-9,439	-9,297	-9,131	0,033	0,080	0,137	0,224	0,241	0,221	0,232	0,217	0,227	0,229	0,260	0,291	0,316	0,330	0,247	0,000	0,000
3,000	-20,271	-20,261	-20,204	-19,906	-19,696	-19,560	-19,492	-19,434	-19,384	-19,375	-19,331	-19,291	-19,239	-19,125	-19,000	0,115	0,258	0,326	0,467	0,449	0,367	0,330	0,284	0,249	0,216	0,214	0,232	0,242	0,254	0,187	0,000	0,000
4,000	-10,868	-10,991	-10,882	-10,883	-10,837	-10,849	-10,851	-10,840	-10,830	-10,824	-10,781	-10,708	-10,574	-10,361	-10,077	-0,322	0,007	-0,017	0,047	0,041	0,060	0,070	0,099	0,124	0,182	0,268	0,352	0,443	0,500	0,415	0,000	0,000
5,000	-12,333	-12,223	-12,405	-12,414	-12,434	-12,403	-12,384	-12,392	-12,358	-12,344	-12,304	-12,212	-12,069	-11,811	-11,486	0,050	-0,190	-0,111	-0,015	0,018	0,045	0,085	0,116	0,164	0,209	0,306	0,404	0,513	0,575	0,473	0,000	0,000
6,000	-8,724	-8,745	-8,630	-8,493	-8,390	-8,328	-8,294	-8,264	-8,226	-8,208	-8,155	-8,100	-8,014	-7,878	-7,713	-0,054	0,126	0,176	0,234	0,234	0,204	0,201	0,198	0,200	0,205	0,238	0,275	0,303	0,318	0,245	0,000	0,000
7,000	-7,070	-7,043	-7,031	-6,966	-6,921	-6,884	-6,876	-6,863	-6,848	-6,846	-6,836	-6,820	-6,797	-6,751	-6,705	-0,041	-0,001	0,039	0,103	0,091	0,069	0,070	0,063	0,065	0,057	0,068	0,080	0,089	0,095	0,074	0,000	0,000
8,000	-20,397	-20,652	-20,703	-20,834	-20,833	-20,891	-20,925	-20,960	-20,981	-21,041	-21,064	-21,070	-21,088	-21,053	-21,009	-0,524	-0,338	-0,293	-0,197	-0,176	-0,172	-0,163	-0,149	-0,135	-0,116	-0,074	-0,031	-0,006	0,040	0,042	0,000	0,000
9,000	-9,853	-9,861	-9,846	-9,707	-9,581	-9,466	-9,403	-9,357	-9,298	-9,258	-9,206	-9,153	-9,076	-8,958	-8,832	-0,127	-0,003	0,094	0,262	0,299	0,284	0,278	0,260	0,249	0,248	0,252	0,265	0,275	0,277	0,204	0,000	0,000
10,000	-10,140	-10,159	-10,000	-9,828	-9,707	-9,664	-9,640	-9,620	-9,604	-9,602	-9,589	-9,560	-9,517	-9,437	-9,346	-0,202	0,142	0,180	0,242	0,202	0,169	0,142	0,126	0,108	0,107	0,121	0,140	0,163	0,175	0,144	0,000	0,000
11,000	-10,738	-10,618	-10,591	-10,427	-10,341	-10,280	-10,244	-10,221	-10,187	-10,172	-10,139	-10,098	-10,041	-9,953	-9,848	0,051	0,133	0,174	0,222	0,214	0,182	0,172	0,163	0,159	0,154	0,175	0,193	0,210	0,208	0,157	0,000	0,000
12,000	-14,091	-14,127	-14,020	-13,985	-13,921	-13,903	-13,891	-13,883	-13,872	-13,883	-13,860	-13,830	-13,795	-13,705	-13,610	-0,021	0,087	0,102	0,103	0,095	0,075	0,078	0,072	0,070	0,076	0,100	0,137	0,161	0,181	0,142	0,000	0,000
13,000	-8,077	-8,055	-8,057	-8,066	-8,046	-8,039	-8,024	-8,013	-7,983	-7,973	-7,928	-7,874	-7,775	-7,633	-7,470	0,152	0,082	0,038	0,057	0,054	0,073	0,094	0,112	0,132	0,168	0,214	0,256	0,307	0,314	0,257	0,000	0,000
14,000	-11,695	-11,500	-11,617	-11,536	-11,525	-11,504	-11,489	-11,494	-11,475	-11,475	-11,446	-11,409	-11,341	-11,211	-11,027	0,048	-0,057	0,004	0,057	0,060	0,056	0,072	0,072	0,095	0,108	0,153	0,217	0,263	0,305	0,248	0,000	0,000
15,000	-9,015	-9,162	-9,064	-9,073	-9,029	-9,031	-9,021	-9,008	-8,993	-8,993	-8,971	-8,939	-8,891	-8,817	-8,732	-0,236	-0,004	-0,032	0,026	0,036	0,052	0,057	0,068	0,074	0,086	0,108	0,128	0,152	0,163	0,133	0,000	0,000
	run	6	2022:11:08    10:43:19,475
0,000	-12,855	-12,954	-12,967	-13,046	-13,064	-13,080	-13,083	-13,086	-13,085	-13,100	-13,088	-13,065	-13,021	-12,937	-12,828	-0,202	-0,155	-0,134	-0,094	-0,068	-0,043	-0,016	-0,004	0,009	0,029	0,076	0,117	0,151	0,179	0,146	0,000	0,000
1,000	-16,814	-16,766	-16,675	-16,474	-16,333	-16,226	-16,169	-16,123	-16,079	-16,039	-16,002	-15,960	-15,894	-15,805	-15,688	0,065	0,207	0,249	0,340	0,342	0,304	0,280	0,252	0,230	0,219	0,216	0,223	0,231	0,241	0,180	0,000	0,000
2,000	-10,124	-10,110	-10,089	-9,976	-9,877	-9,797	-9,752	-9,718	-9,672	-9,644	-9,587	-9,521	-9,434	-9,292	-9,132	0,038	0,091	0,129	0,223	0,244	0,225	0,228	0,222	0,228	0,229	0,258	0,295	0,312	0,326	0,245	0,000	0,000
3,000	-20,224	-20,231	-20,171	-19,878	-19,666	-19,533	-19,466	-19,405	-19,359	-19,345	-19,301	-19,269	-19,209	-19,105	-18,978	0,075	0,253	0,308	0,460	0,443	0,380	0,331	0,283	0,254	0,218	0,217	0,231	0,240	0,251	0,185	0,000	0,000
4,000	-10,773	-10,922	-10,794	-10,794	-10,748	-10,763	-10,754	-10,750	-10,747	-10,735	-10,697	-10,618	-10,493	-10,267	-9,985	-0,340	0,011	-0,009	0,051	0,051	0,069	0,081	0,101	0,125	0,191	0,271	0,355	0,448	0,504	0,414	0,000	0,000
5,000	-12,254	-12,138	-12,334	-12,340	-12,357	-12,330	-12,313	-12,313	-12,288	-12,277	-12,230	-12,144	-12,000	-11,753	-11,431	0,063	-0,182	-0,111	-0,013	0,018	0,039	0,080	0,109	0,164	0,204	0,296	0,401	0,503	0,558	0,461	0,000	0,000
6,000	-8,677	-8,688	-8,603	-8,459	-8,350	-8,295	-8,261	-8,230	-8,187	-8,176	-8,122	-8,062	-7,987	-7,843	-7,676	-0,056	0,120	0,168	0,237	0,230	0,207	0,205	0,191	0,196	0,211	0,234	0,278	0,302	0,320	0,249	0,000	0,000
7,000	-7,102	-7,094	-7,063	-7,010	-6,962	-6,927	-6,918	-6,907	-6,892	-6,891	-6,883	-6,863	-6,840	-6,795	-6,749	-0,036	0,005	0,036	0,102	0,089	0,067	0,070	0,064	0,062	0,059	0,067	0,078	0,093	0,095	0,073	0,000	0,000
8,000	-20,566	-20,801	-20,864	-20,987	-20,991	-21,034	-21,075	-21,104	-21,132	-21,191	-21,206	-21,230	-21,235	-21,200	-21,156	-0,519	-0,335	-0,293	-0,191	-0,168	-0,171	-0,164	-0,152	-0,123	-0,114	-0,072	-0,030	0,007	0,044	0,044	0,000	0,000
9,000	-9,922	-9,952	-9,925	-9,795	-9,673	-9,559	-9,497	-9,449	-9,393	-9,353	-9,297	-9,240	-9,166	-9,053	-8,924	-0,140	-0,006	0,085	0,262	0,290	0,283	0,277	0,255	0,255	0,244	0,254	0,264	0,274	0,268	0,197	0,000	0,000
10,000	-9,980	-10,003	-9,864	-9,703	-9,588	-9,546	-9,521	-9,497	-9,483	-9,486	-9,466	-9,446	-9,392	-9,317	-9,229	-0,199	0,113	0,152	0,221	0,196	0,164	0,138	0,123	0,107	0,109	0,116	0,139	0,164	0,173	0,142	0,000	0,000
11,000	-10,638	-10,515	-10,479	-10,318	-10,227	-10,169	-10,132	-10,109	-10,078	-10,060	-10,024	-9,984	-9,927	-9,838	-9,729	0,070	0,130	0,174	0,231	0,217	0,179	0,174	0,163	0,155	0,152	0,171	0,192	0,208	0,209	0,160	0,000	0,000
12,000	-14,029	-14,067	-13,968	-13,932	-13,871	-13,857	-13,849	-13,839	-13,828	-13,837	-13,813	-13,789	-13,753	-13,666	-13,572	-0,041	0,086	0,091	0,095	0,091	0,073	0,067	0,069	0,067	0,072	0,099	0,131	0,154	0,180	0,147	0,000	0,000
13,000	-8,189	-8,116	-8,147	-8,141	-8,124	-8,115	-8,097	-8,094	-8,060	-8,044	-8,005	-7,936	-7,840	-7,697	-7,521	0,184	0,084	0,045	0,057	0,060	0,072	0,092	0,112	0,141	0,175	0,221	0,269	0,315	0,330	0,258	0,000	0,000
14,000	-11,747	-11,639	-11,707	-11,659	-11,649	-11,618	-11,600	-11,601	-11,584	-11,574	-11,571	-11,524	-11,458	-11,329	-11,146	-0,034	-0,050	-0,013	0,050	0,054	0,058	0,064	0,072	0,083	0,110	0,145	0,213	0,255	0,299	0,253	0,000	0,000
15,000	-9,018	-9,155	-9,060	-9,072	-9,028	-9,028	-9,024	-9,009	-8,991	-8,994	-8,971	-8,943	-8,895	-8,819	-8,736	-0,231	-0,005	-0,036	0,028	0,034	0,057	0,057	0,065	0,073	0,089	0,108	0,133	0,156	0,165	0,131	0,000	0,000
	run	7	2022:11:08    10:43:19,523
0,000	-12,973	-13,055	-13,060	-13,140	-13,158	-13,173	-13,173	-13,181	-13,178	-13,188	-13,181	-13,158	-13,114	-13,021	-12,915	-0,187	-0,151	-0,128	-0,089	-0,066	-0,039	-0,020	-0,006	0,013	0,036	0,070	0,114	0,159	0,184	0,147	0,000	0,000
1,000	-16,755	-16,727	-16,614	-16,430	-16,287	-16,183	-16,128	-16,071	-16,030	-15,995	-15,951	-15,913	-15,852	-15,759	-15,645	0,052	0,198	0,243	0,337	0,339	0,311	0,284	0,254	0,230	0,215	0,215	0,226	0,225	0,238	0,182	0,000	0,000
2,000	-10,124	-10,110	-10,089	-9,976	-9,877	-9,797	-9,752	-9,718	-9,672	-9,644	-9,587	-9,521	-9,434	-9,292	-9,132	0,038	0,091	0,129	0,223	0,244	0,225	0,228	0,222	0,228	0,229	0,258	0,295	0,312	0,326	0,245	0,000	0,000
3,000	-20,224	-20,231	-20,171	-19,878	-19,666	-19,533	-19,466	-19,405	-19,359	-19,345	-19,301	-19,269	-19,209	-19,105	-18,978	0,075	0,253	0,308	0,460	0,443	0,380	0,331	0,283	0,254	0,218	0,217	0,231	0,240	0,251	0,185	0,000	0,000
4,000	-10,773	-10,922	-10,794	-10,794	-10,748	-10,763	-10,754	-10,750	-10,747	-10,735	-10,697	-10,618	-10,493	-10,267	-9,985	-0,340	0,011	-0,009	0,051	0,051	0,069	0,081	0,101	0,125	0,191	0,271	0,355	0,448	0,504	0,414	0,000	0,000
5,000	-12,254	-12,138	-12,334	-12,340	-12,357	-12,330	-12,313	-12,313	-12,288	-12,277	-12,230	-12,144	-12,000	-11,753	-11,431	0,063	-0,182	-0,111	-0,013	0,018	0,039	0,080	0,109	0,164	0,204	0,296	0,401	0,503	0,558	0,461	0,000	0,000
6,000	-8,677	-8,688	-8,603	-8,459	-8,350	-8,295	-8,261	-8,230	-8,187	-8,176	-8,122	-8,062	-7,987	-7,843	-7,676	-0,056	0,120	0,168	0,237	0,230	0,207	0,205	0,191	0,196	0,211	0,234	0,278	0,302	0,320	0,249	0,000	0,000
7,000	-7,102	-7,094	-7,063	-7,010	-6,962	-6,927	-6,918	-6,907	-6,892	-6,891	-6,883	-6,863	-6,840	-6,795	-6,749	-0,036	0,005	0,036	0,102	0,089	0,067	0,070	0,064	0,062	0,059	0,067	0,078	0,093	0,095	0,073	0,000	0,000
8,000	-20,440	-20,690	-20,744	-20,862	-20,868	-20,916	-20,961	-20,991	-21,014	-21,074	-21,092	-21,107	-21,123	-21,081	-21,045	-0,513	-0,346	-0,290	-0,198	-0,172	-0,180	-0,163	-0,151	-0,134	-0,120	-0,076	-0,036	-0,005	0,038	0,040	0,000	0,000
9,000	-9,859	-9,886	-9,860	-9,716	-9,584	-9,476	-9,413	-9,361	-9,307	-9,266	-9,213	-9,156	-9,078	-8,971	-8,836	-0,136	0,004	0,102	0,274	0,298	0,287	0,281	0,262	0,255	0,243	0,254	0,265	0,272	0,270	0,202	0,000	0,000
10,000	-9,986	-10,010	-9,866	-9,704	-9,591	-9,551	-9,527	-9,511	-9,486	-9,489	-9,471	-9,445	-9,400	-9,323	-9,231	-0,215	0,111	0,148	0,218	0,193	0,164	0,137	0,122	0,104	0,108	0,118	0,137	0,169	0,172	0,144	0,000	0,000
11,000	-10,653	-10,538	-10,505	-10,350	-10,262	-10,199	-10,164	-10,146	-10,110	-10,092	-10,060	-10,010	-9,960	-9,866	-9,767	0,060	0,130	0,168	0,226	0,215	0,179	0,172	0,160	0,159	0,152	0,175	0,194	0,200	0,207	0,157	0,000	0,000
12,000	-14,218	-14,261	-14,150	-14,118	-14,054	-14,039	-14,030	-14,023	-14,012	-14,018	-14,006	-13,968	-13,932	-13,844	-13,747	-0,038	0,086	0,098	0,101	0,096	0,071	0,075	0,072	0,069	0,074	0,105	0,137	0,160	0,183	0,145	0,000	0,000
13,000	-8,141	-8,120	-8,119	-8,127	-8,106	-8,104	-8,089	-8,073	-8,042	-8,025	-7,987	-7,924	-7,824	-7,688	-7,513	0,134	0,080	0,044	0,059	0,055	0,075	0,091	0,122	0,139	0,170	0,218	0,265	0,308	0,326	0,260	0,000	0,000
14,000	-11,735	-11,550	-11,665	-11,601	-11,599	-11,566	-11,545	-11,545	-11,530	-11,525	-11,522	-11,472	-11,403	-11,264	-11,078	0,075	-0,063	0,009	0,049	0,064	0,051	0,072	0,078	0,087	0,111	0,160	0,210	0,262	0,308	0,247	0,000	0,000
15,000	-8,958	-9,088	-8,997	-9,006	-8,959	-8,962	-8,956	-8,941	-8,923	-8,924	-8,902	-8,870	-8,825	-8,752	-8,674	-0,235	-0,017	-0,019	0,030	0,039	0,056	0,060	0,064	0,071	0,085	0,106	0,125	0,152	0,160	0,127	0,000	0,000
	run	8	2022:11:08    10:43:19,623
0,000	-12,866	-12,952	-12,973	-13,054	-13,065	-13,085	-13,083	-13,086	-13,083	-13,097	-13,090	-13,065	-13,025	-12,939	-12,832	-0,198	-0,143	-0,129	-0,086	-0,067	-0,041	-0,021	-0,005	0,009	0,035	0,068	0,119	0,152	0,178	0,140	0,000	0,000
1,000	-16,738	-16,721	-16,619	-16,422	-16,282	-16,176	-16,123	-16,070	-16,029	-15,996	-15,947	-15,914	-15,851	-15,760	-15,654	0,058	0,196	0,248	0,334	0,339	0,302	0,284	0,246	0,230	0,210	0,215	0,217	0,227	0,229	0,173	0,000	0,000
2,000	-10,072	-10,039	-10,016	-9,901	-9,809	-9,734	-9,691	-9,650	-9,607	-9,574	-9,521	-9,456	-9,364	-9,227	-9,050	0,019	0,073	0,127	0,219	0,238	0,226	0,226	0,219	0,221	0,231	0,259	0,294	0,318	0,329	0,256	0,000	0,000
3,000	-20,160	-20,161	-20,081	-19,798	-19,600	-19,468	-19,400	-19,340	-19,286	-19,282	-19,238	-19,194	-19,144	-19,032	-18,907	0,112	0,263	0,314	0,453	0,437	0,364	0,327	0,286	0,249	0,217	0,215	0,230	0,238	0,251	0,183	0,000	0,000
4,000	-10,678	-10,827	-10,699	-10,681	-10,645	-10,658	-10,643	-10,641	-10,635	-10,619	-10,586	-10,500	-10,378	-10,159	-9,877	-0,339	0,006	-0,015	0,057	0,054	0,070	0,083	0,101	0,126	0,186	0,262	0,348	0,442	0,497	0,409	0,000	0,000
5,000	-12,246	-12,153	-12,332	-12,347	-12,363	-12,342	-12,318	-12,328	-12,295	-12,278	-12,242	-12,157	-12,007	-11,759	-11,441	0,046	-0,184	-0,121	-0,019	0,016	0,043	0,079	0,112	0,158	0,208	0,301	0,396	0,504	0,562	0,458	0,000	0,000
6,000	-8,738	-8,743	-8,655	-8,511	-8,406	-8,345	-8,313	-8,290	-8,248	-8,229	-8,177	-8,123	-8,038	-7,898	-7,735	-0,048	0,116	0,171	0,234	0,232	0,200	0,198	0,196	0,201	0,205	0,237	0,270	0,298	0,318	0,246	0,000	0,000
7,000	-7,071	-7,032	-7,033	-6,958	-6,916	-6,886	-6,868	-6,865	-6,844	-6,841	-6,831	-6,819	-6,792	-6,752	-6,704	-0,020	0,011	0,050	0,101	0,092	0,073	0,077	0,066	0,064	0,057	0,071	0,079	0,084	0,091	0,071	0,000	0,000
8,000	-20,497	-20,755	-20,793	-20,926	-20,937	-20,980	-21,021	-21,045	-21,080	-21,144	-21,159	-21,177	-21,183	-21,147	-21,108	-0,524	-0,323	-0,307	-0,193	-0,173	-0,182	-0,164	-0,153	-0,129	-0,116	-0,078	-0,035	-0,003	0,043	0,038	0,000	0,000
9,000	-9,851	-9,890	-9,859	-9,728	-9,596	-9,487	-9,428	-9,376	-9,320	-9,283	-9,228	-9,166	-9,092	-8,979	-8,848	-0,128	-0,009	0,108	0,262	0,293	0,286	0,278	0,260	0,248	0,241	0,250	0,266	0,275	0,272	0,200	0,000	0,000
10,000	-10,083	-10,105	-9,957	-9,783	-9,670	-9,622	-9,597	-9,580	-9,562	-9,561	-9,545	-9,516	-9,471	-9,399	-9,304	-0,211	0,133	0,174	0,236	0,202	0,167	0,145	0,125	0,112	0,108	0,123	0,139	0,164	0,175	0,138	0,000	0,000
11,000	-10,734	-10,622	-10,585	-10,420	-10,332	-10,269	-10,235	-10,211	-10,176	-10,161	-10,127	-10,086	-10,030	-9,935	-9,833	0,074	0,132	0,174	0,231	0,221	0,183	0,174	0,163	0,157	0,156	0,173	0,193	0,209	0,213	0,158	0,000	0,000
12,000	-14,100	-14,142	-14,039	-13,995	-13,935	-13,916	-13,906	-13,894	-13,886	-13,897	-13,880	-13,847	-13,813	-13,724	-13,627	-0,034	0,097	0,097	0,104	0,096	0,075	0,072	0,064	0,071	0,071	0,112	0,133	0,156	0,184	0,149	0,000	0,000
13,000	-8,167	-8,121	-8,135	-8,138	-8,116	-8,107	-8,094	-8,084	-8,055	-8,045	-8,001	-7,941	-7,841	-7,699	-7,525	0,157	0,091	0,043	0,052	0,058	0,072	0,090	0,112	0,132	0,169	0,211	0,262	0,313	0,325	0,261	0,000	0,000
14,000	-11,767	-11,595	-11,677	-11,621	-11,615	-11,587	-11,571	-11,567	-11,551	-11,549	-11,533	-11,495	-11,423	-11,287	-11,111	-0,003	-0,057	0,002	0,061	0,059	0,060	0,074	0,077	0,089	0,107	0,153	0,215	0,267	0,301	0,252	0,000	0,000
15,000	-9,066	-9,200	-9,104	-9,116	-9,072	-9,073	-9,066	-9,052	-9,036	-9,035	-9,011	-8,983	-8,930	-8,856	-8,769	-0,243	-0,009	-0,026	0,028	0,040	0,054	0,058	0,069	0,076	0,090	0,112	0,127	0,155	0,163	0,132	0,000	0,000
	run	9	2022:11:08    10:43:19,675
0,000	-12,866	-12,952	-12,973	-13,054	-13,065	-13,085	-13,083	-13,086	-13,083	-13,097	-13,090	-13,065	-13,025	-12,939	-12,832	-0,198	-0,143	-0,129	-0,086	-0,067	-0,041	-0,021	-0,005	0,009	0,035	0,068	0,119	0,152	0,178	0,140	0,000	0,000
1,000	-16,738	-16,721	-16,619	-16,422	-16,282	-16,176	-16,123	-16,070	-16,029	-15,996	-15,947	-15,914	-15,851	-15,760	-15,654	0,058	0,196	0,248	0,334	0,339	0,302	0,284	0,246	0,230	0,210	0,215	0,217	0,227	0,229	0,173	0,000	0,000
2,000	-10,072	-10,039	-10,016	-9,901	-9,809	-9,734	-9,691	-9,650	-9,607	-9,574	-9,521	-9,456	-9,364	-9,227	-9,050	0,019	0,073	0,127	0,219	0,238	0,226	0,226	0,219	0,221	0,231	0,259	0,294	0,318	0,329	0,256	0,000	0,000
3,000	-20,160	-20,161	-20,081	-19,798	-19,600	-19,468	-19,400	-19,340	-19,286	-19,282	-19,238	-19,194	-19,144	-19,032	-18,907	0,112	0,263	0,314	0,453	0,437	0,364	0,327	0,286	0,249	0,217	0,215	0,230	0,238	0,251	0,183	0,000	0,000
4,000	-10,678	-10,827	-10,699	-10,681	-10,645	-10,658	-10,643	-10,641	-10,635	-10,619	-10,586	-10,500	-10,378	-10,159	-9,877	-0,339	0,006	-0,015	0,057	0,054	0,070	0,083	0,101	0,126	0,186	0,262	0,348	0,442	0,497	0,409	0,000	0,000
5,000	-12,246	-12,153	-12,332	-12,347	-12,363	-12,342	-12,318	-12,328	-12,295	-12,278	-12,242	-12,157	-12,007	-11,759	-11,441	0,046	-0,184	-0,121	-0,019	0,016	0,043	0,079	0,112	0,158	0,208	0,301	0,396	0,504	0,562	0,458	0,000	0,000
6,000	-8,626	-8,632	-8,535	-8,397	-8,287	-8,232	-8,202	-8,173	-8,129	-8,110	-8,056	-8,007	-7,927	-7,787	-7,626	-0,051	0,126	0,172	0,237	0,228	0,201	0,208	0,192	0,200	0,207	0,230	0,263	0,299	0,315	0,242	0,000	0,000
7,000	-7,017	-6,991	-6,991	-6,923	-6,883	-6,856	-6,836	-6,830	-6,816	-6,817	-6,809	-6,791	-6,761	-6,725	-6,671	-0,052	-0,001	0,024	0,092	0,089	0,065	0,067	0,064	0,063	0,057	0,065	0,079	0,087	0,100	0,070	0,000	0,000
8,000	-20,419	-20,678	-20,734	-20,850	-20,854	-20,901	-20,940	-20,962	-20,992	-21,054	-21,065	-21,076	-21,095	-21,052	-21,013	-0,504	-0,311	-0,278	-0,179	-0,162	-0,172	-0,155	-0,143	-0,125	-0,112	-0,069	-0,025	-0,002	0,041	0,043	0,000	0,000
9,000	-9,893	-9,925	-9,884	-9,764	-9,639	-9,533	-9,466	-9,419	-9,366	-9,326	-9,272	-9,213	-9,139	-9,028	-8,897	-0,136	-0,011	0,090	0,258	0,292	0,283	0,274	0,260	0,251	0,242	0,250	0,264	0,274	0,272	0,199	0,000	0,000
10,000	-10,050	-10,075	-9,917	-9,743	-9,634	-9,590	-9,564	-9,546	-9,527	-9,532	-9,508	-9,484	-9,440	-9,362	-9,271	-0,198	0,130	0,169	0,233	0,200	0,167	0,141	0,123	0,112	0,110	0,121	0,133	0,162	0,177	0,141	0,000	0,000
11,000	-10,717	-10,592	-10,559	-10,391	-10,307	-10,243	-10,209	-10,189	-10,155	-10,135	-10,103	-10,059	-10,007	-9,914	-9,807	0,065	0,137	0,177	0,227	0,216	0,181	0,176	0,162	0,158	0,154	0,176	0,194	0,204	0,211	0,157	0,000	0,000
12,000	-14,160	-14,202	-14,091	-14,061	-14,000	-13,985	-13,976	-13,967	-13,956	-13,967	-13,948	-13,918	-13,882	-13,795	-13,696	-0,042	0,083	0,082	0,094	0,089	0,071	0,073	0,066	0,070	0,075	0,100	0,144	0,159	0,184	0,146	0,000	0,000
13,000	-8,223	-8,122	-8,178	-8,157	-8,144	-8,140	-8,120	-8,108	-8,079	-8,060	-8,018	-7,954	-7,857	-7,709	-7,530	0,191	0,086	0,053	0,061	0,062	0,074	0,097	0,122	0,142	0,172	0,224	0,272	0,320	0,329	0,263	0,000	0,000
14,000	-11,812	-11,702	-11,759	-11,717	-11,695	-11,669	-11,649	-11,647	-11,633	-11,636	-11,621	-11,557	-11,507	-11,376	-11,190	-0,053	-0,061	-0,008	0,053	0,059	0,065	0,072	0,072	0,091	0,103	0,155	0,211	0,261	0,303	0,254	0,000	0,000
15,000	-9,012	-9,144	-9,055	-9,059	-9,015	-9,015	-9,008	-8,997	-8,977	-8,980	-8,954	-8,932	-8,878	-8,806	-8,722	-0,229	-0,015	-0,024	0,021	0,038	0,053	0,056	0,065	0,072	0,086	0,104	0,125	0,155	0,162	0,131	0,000	0,000
	run	10	2022:11:08    10:43:19,775
0,000	-12,993	-13,070	-13,089	-13,173	-13,186	-13,200	-13,209	-13,205	-13,210	-13,220	-13,211	-13,182	-13,140	-13,051	-12,946	-0,200	-0,150	-0,132	-0,090	-0,069	-0,042	-0,021	-0,003	0,012	0,033	0,072	0,116	0,153	0,183	0,148	0,000	0,000
1,000	-16,908	-16,878	-16,765	-16,568	-16,425	-16,313	-16,256	-16,208	-16,161	-16,133	-16,082	-16,044	-15,983	-15,894	-15,772	0,066	0,201	0,252	0,344	0,340	0,313	0,286	0,254	0,234	0,217	0,219	0,226	0,230	0,236	0,175	0,000	0,000
2,000	-10,133	-10,134	-10,105	-9,991	-9,892	-9,814	-9,770	-9,732	-9,682	-9,656	-9,596	-9,537	-9,446	-9,304	-9,144	0,033	0,089	0,135	0,229	0,245	0,227	0,229	0,224	0,226	0,234	0,261	0,291	0,316	0,322	0,250	0,000	0,000
3,000	-20,312	-20,308	-20,235	-19,942	-19,734	-19,598	-19,536	-19,475	-19,425	-19,411	-19,368	-19,323	-19,268	-19,156	-19,029	0,103	0,244	0,321	0,465	0,450	0,371	0,331	0,293	0,253	0,221	0,221	0,236	0,249	0,254	0,191	0,000	0,000
4,000	-10,826	-10,984	-10,856	-10,852	-10,811	-10,828	-10,820	-10,814	-10,804	-10,799	-10,758	-10,685	-10,556	-10,334	-10,047	-0,334	-0,000	-0,012	0,042	0,045	0,069	0,074	0,100	0,124	0,185	0,266	0,355	0,446	0,502	0,414	0,000	0,000
5,000	-12,230	-12,100	-12,290	-12,286	-12,307	-12,278	-12,260	-12,264	-12,237	-12,219	-12,176	-12,093	-11,941	-11,700	-11,373	0,048	-0,174	-0,118	-0,005	0,023	0,042	0,085	0,112	0,161	0,209	0,299	0,402	0,507	0,564	0,459	0,000	0,000
6,000	-8,669	-8,699	-8,590	-8,459	-8,354	-8,294	-8,259	-8,227	-8,187	-8,170	-8,117	-8,064	-7,981	-7,840	-7,677	-0,072	0,122	0,165	0,230	0,226	0,202	0,201	0,191	0,199	0,206	0,237	0,274	0,299	0,313	0,247	0,000	0,000
7,000	-7,051	-7,028	-7,033	-6,966	-6,918	-6,893	-6,873	-6,869	-6,856	-6,852	-6,840	-6,822	-6,800	-6,753	-6,701	-0,038	-0,011	0,035	0,099	0,091	0,071	0,077	0,066	0,064	0,064	0,064	0,080	0,094	0,099	0,073	0,000	0,000
8,000	-20,346	-20,607	-20,646	-20,773	-20,777	-20,822	-20,875	-20,894	-20,926	-20,981	-21,001	-21,019	-21,036	-20,999	-20,952	-0,516	-0,337	-0,289	-0,195	-0,168	-0,174	-0,163	-0,154	-0,135	-0,117	-0,078	-0,036	-0,003	0,035	0,043	0,000	0,000
9,000	-9,859	-9,880	-9,856	-9,723	-9,594	-9,481	-9,418	-9,372	-9,314	-9,276	-9,221	-9,161	-9,091	-8,978	-8,849	-0,132	-0,013	0,095	0,261	0,292	0,280	0,277	0,260	0,248	0,239	0,252	0,261	0,272	0,271	0,200	0,000	0,000
10,000	-9,980	-10,005	-9,872	-9,714	-9,608	-9,561	-9,536	-9,516	-9,494	-9,496	-9,478	-9,455	-9,408	-9,329	-9,239	-0,210	0,109	0,154	0,221	0,191	0,163	0,139	0,121	0,111	0,109	0,121	0,141	0,163	0,172	0,138	0,000	0,000
11,000	-10,678	-10,557	-10,525	-10,368	-10,284	-10,224	-10,189	-10,166	-10,130	-10,118	-10,078	-10,039	-9,987	-9,889	-9,788	0,065	0,132	0,167	0,222	0,214	0,180	0,169	0,164	0,160	0,155	0,169	0,188	0,202	0,209	0,157	0,000	0,000
12,000	-14,145	-14,183	-14,081	-14,039	-13,982	-13,962	-13,958	-13,944	-13,933	-13,945	-13,926	-13,896	-13,858	-13,774	-13,671	-0,043	0,086	0,091	0,102	0,095	0,078	0,071	0,068	0,071	0,073	0,100	0,137	0,156	0,183	0,145	0,000	0,000
13,000	-8,151	-8,133	-8,127	-8,134	-8,114	-8,113	-8,097	-8,078	-8,054	-8,035	-7,993	-7,931	-7,836	-7,695	-7,523	0,145	0,066	0,040	0,058	0,059	0,072	0,096	0,116	0,136	0,175	0,215	0,260	0,307	0,325	0,260	0,000	0,000
14,000	-11,763	-11,590	-11,698	-11,622	-11,624	-11,594	-11,578	-11,575	-11,557	-11,552	-11,545	-11,496	-11,422	-11,294	-11,110	0,038	-0,062	0,003	0,057	0,063	0,050	0,068	0,070	0,086	0,109	0,152	0,206	0,270	0,307	0,257	0,000	0,000
15,000	-9,009	-9,155	-9,059	-9,068	-9,026	-9,026	-9,014	-9,003	-8,987	-8,988	-8,963	-8,932	-8,885	-8,811	-8,730	-0,256	-0,014	-0,031	0,030	0,039	0,056	0,058	0,070	0,074	0,091	0,110	0,132	0,154	0,162	0,127	0,000	0,000
	run	11	2022:11:08    10:43:19,875
0,000	-12,917	-13,013	-13,027	-13,104	-13,129	-13,136	-13,143	-13,147	-13,149	-13,155	-13,155	-13,125	-13,079	-12,995	-12,887	-0,204	-0,154	-0,136	-0,085	-0,065	-0,042	-0,021	-0,010	0,017	0,032	0,066	0,111	0,153	0,181	0,146	0,000	0,000
1,000	-16,837	-16,802	-16,695	-16,495	-16,356	-16,252	-16,189	-16,143	-16,097	-16,065	-16,022	-15,980	-15,919	-15,825	-15,712	0,057	0,205	0,259	0,341	0,343	0,308	0,289	0,255	0,228	0,214	0,214	0,224	0,229	0,233	0,180	0,000	0,000
2,000	-10,123	-10,117	-10,083	-9,979	-9,884	-9,802	-9,759	-9,721	-9,675	-9,648	-9,587	-9,525	-9,439	-9,296	-9,136	0,029	0,079	0,123	0,226	0,243	0,225	0,225	0,224	0,227	0,232	0,263	0,296	0,318	0,327	0,248	0,000	0,000
3,000	-20,245	-20,232	-20,170	-19,867	-19,658	-19,532	-19,466	-19,402	-19,360	-19,344	-19,301	-19,258	-19,206	-19,105	-18,973	0,087	0,250	0,323	0,465	0,445	0,370	0,332	0,280	0,243	0,215	0,219	0,231	0,239	0,252	0,191	0,000	0,000
4,000	-10,740	-10,900	-10,780	-10,781	-10,737	-10,746	-10,742	-10,738	-10,733	-10,716	-10,679	-10,608	-10,474	-10,255	-9,958	-0,331	0,006	-0,013	0,050	0,049	0,066	0,077	0,102	0,129	0,187	0,267	0,358	0,448	0,503	0,412	0,000	0,000
5,000	-12,302	-12,188	-12,375	-12,380	-12,401	-12,372	-12,352	-12,358	-12,328	-12,316	-12,280	-12,183	-12,038	-11,792	-11,460	0,072	-0,176	-0,116	-0,011	0,027	0,041	0,085	0,112	0,157	0,212	0,302	0,407	0,505	0,567	0,463	0,000	0,000
6,000	-8,670	-8,685	-8,597	-8,446	-8,341	-8,281	-8,252	-8,227	-8,185	-8,163	-8,114	-8,055	-7,980	-7,837	-7,675	-0,053	0,120	0,172	0,234	0,232	0,204	0,201	0,202	0,197	0,209	0,240	0,271	0,300	0,315	0,243	0,000	0,000
7,000	-7,065	-7,046	-7,030	-6,968	-6,926	-6,898	-6,881	-6,876	-6,856	-6,857	-6,847	-6,832	-6,810	-6,765	-6,713	-0,044	-0,005	0,037	0,096	0,086	0,068	0,071	0,068	0,061	0,059	0,066	0,078	0,090	0,091	0,071	0,000	0,000
8,000	-20,415	-20,659	-20,701	-20,826	-20,833	-20,885	-20,925	-20,951	-20,978	-21,029	-21,053	-21,069	-21,080	-21,046	-21,003	-0,523	-0,331	-0,301	-0,189	-0,169	-0,174	-0,161	-0,150	-0,130	-0,112	-0,072	-0,033	-0,002	0,033	0,047	0,000	0,000
9,000	-9,799	-9,804	-9,780	-9,651	-9,528	-9,419	-9,358	-9,311	-9,253	-9,213	-9,157	-9,100	-9,027	-8,913	-8,790	-0,145	-0,004	0,086	0,257	0,288	0,279	0,272	0,254	0,249	0,238	0,253	0,263	0,271	0,267	0,202	0,000	0,000
10,000	-9,986	-10,004	-9,862	-9,688	-9,578	-9,530	-9,509	-9,488	-9,471	-9,473	-9,453	-9,424	-9,387	-9,309	-9,220	-0,199	0,130	0,169	0,231	0,198	0,165	0,144	0,121	0,104	0,108	0,119	0,138	0,166	0,169	0,137	0,000	0,000
11,000	-10,650	-10,523	-10,490	-10,333	-10,245	-10,182	-10,150	-10,128	-10,092	-10,077	-10,041	-9,999	-9,945	-9,853	-9,750	0,051	0,132	0,175	0,225	0,217	0,177	0,168	0,156	0,154	0,156	0,172	0,189	0,205	0,208	0,157	0,000	0,000
12,000	-14,070	-14,097	-13,997	-13,963	-13,905	-13,885	-13,881	-13,871	-13,861	-13,870	-13,847	-13,822	-13,786	-13,695	-13,601	-0,052	0,082	0,091	0,101	0,089	0,072	0,069	0,069	0,068	0,073	0,093	0,133	0,161	0,179	0,143	0,000	0,000
13,000	-8,144	-8,092	-8,108	-8,109	-8,091	-8,085	-8,067	-8,056	-8,026	-8,018	-7,977	-7,916	-7,815	-7,678	-7,503	0,155	0,081	0,043	0,057	0,061	0,074	0,093	0,113	0,132	0,170	0,217	0,262	0,312	0,325	0,263	0,000	0,000
14,000	-11,763	-11,592	-11,698	-11,623	-11,610	-11,580	-11,565	-11,570	-11,551	-11,553	-11,531	-11,490	-11,419	-11,295	-11,106	0,022	-0,060	-0,010	0,051	0,063	0,056	0,071	0,073	0,096	0,117	0,158	0,209	0,262	0,302	0,254	0,000	0,000
15,000	-9,068	-9,191	-9,093	-9,108	-9,063	-9,066	-9,061	-9,043	-9,027	-9,026	-9,003	-8,972	-8,923	-8,846	-8,765	-0,238	-0,005	-0,030	0,028	0,037	0,057	0,058	0,068	0,071	0,089	0,110	0,127	0,157	0,166	0,133	0,000	0,000
	run	12	2022:11:08    10:43:19,923
0,000	-12,952	-13,045	-13,075	-13,144	-13,167	-13,184	-13,186	-13,187	-13,187	-13,197	-13,190	-13,169	-13,128	-13,037	-12,926	-0,190	-0,151	-0,137	-0,091	-0,071	-0,041	-0,018	-0,007	0,010	0,034	0,073	0,111	0,157	0,184	0,144	0,000	0,000
1,000	-16,879	-16,838	-16,728	-16,535	-16,388	-16,271	-16,218	-16,165	-16,122	-16,088	-16,048	-16,005	-15,945	-15,851	-15,739	0,063	0,199	0,259	0,344	0,344	0,315	0,290	0,249	0,232	0,219	0,224	0,224	0,233	0,237	0,178	0,000	0,000
2,000	-10,123	-10,117	-10,083	-9,979	-9,884	-9,802	-9,759	-9,721	-9,675	-9,648	-9,587	-9,525	-9,439	-9,296	-9,136	0,029	0,079	0,123	0,226	0,243	0,225	0,225	0,224	0,227	0,232	0,263	0,296	0,318	0,327	0,248	0,000	0,000
3,000	-20,245	-20,232	-20,170	-19,867	-19,658	-19,532	-19,466	-19,402	-19,360	-19,344	-19,301	-19,258	-19,206	-19,105	-18,973	0,087	0,250	0,323	0,465	0,445	0,370	0,332	0,280	0,243	0,215	0,219	0,231	0,239	0,252	0,191	0,000	0,000
4,000	-10,740	-10,900	-10,780	-10,781	-10,737	-10,746	-10,742	-10,738	-10,733	-10,716	-10,679	-10,608	-10,474	-10,255	-9,958	-0,331	0,006	-0,013	0,050	0,049	0,066	0,077	0,102	0,129	0,187	0,267	0,358	0,448	0,503	0,412	0,000	0,000
5,000	-12,302	-12,188	-12,375	-12,380	-12,401	-12,372	-12,352	-12,358	-12,328	-12,316	-12,280	-12,183	-12,038	-11,792	-11,460	0,072	-0,176	-0,116	-0,011	0,027	0,041	0,085	0,112	0,157	0,212	0,302	0,407	0,505	0,567	0,463	0,000	0,000
6,000	-8,670	-8,685	-8,597	-8,446	-8,341	-8,281	-8,252	-8,227	-8,185	-8,163	-8,114	-8,055	-7,980	-7,837	-7,675	-0,053	0,120	0,172	0,234	0,232	0,204	0,201	0,202	0,197	0,209	0,240	0,271	0,300	0,315	0,243	0,000	0,000
7,000	-7,065	-7,046	-7,030	-6,968	-6,926	-6,898	-6,881	-6,876	-6,856	-6,857	-6,847	-6,832	-6,810	-6,765	-6,713	-0,044	-0,005	0,037	0,096	0,086	0,068	0,071	0,068	0,061	0,059	0,066	0,078	0,090	0,091	0,071	0,000	0,000
8,000	-20,440	-20,685	-20,759	-20,858	-20,868	-20,924	-20,957	-20,987	-21,008	-21,071	-21,087	-21,104	-21,111	-21,082	-21,038	-0,499	-0,326	-0,294	-0,193	-0,164	-0,168	-0,161	-0,151	-0,123	-0,115	-0,071	-0,026	-0,000	0,039	0,039	0,000	0,000
9,000	-9,926	-9,924	-9,904	-9,769	-9,643	-9,528	-9,465	-9,422	-9,362	-9,329	-9,267	-9,211	-9,140	-9,024	-8,898	-0,133	-0,008	0,092	0,258	0,292	0,280	0,277	0,259	0,251	0,241	0,254	0,260	0,274	0,268	0,198	0,000	0,000
10,000	-9,975	-10,011	-9,866	-9,713	-9,609	-9,562	-9,538	-9,521	-9,497	-9,501	-9,483	-9,457	-9,412	-9,331	-9,247	-0,201	0,110	0,138	0,213	0,185	0,155	0,140	0,120	0,109	0,108	0,125	0,138	0,163	0,177	0,137	0,000	0,000
11,000	-10,649	-10,542	-10,508	-10,358	-10,269	-10,209	-10,169	-10,148	-10,115	-10,102	-10,066	-10,024	-9,971	-9,876	-9,771	0,050	0,122	0,165	0,222	0,211	0,175	0,169	0,159	0,159	0,158	0,171	0,192	0,199	0,208	0,157	0,000	0,000
12,000	-14,025	-14,075	-13,979	-13,940	-13,877	-13,862	-13,857	-13,847	-13,831	-13,852	-13,827	-13,790	-13,758	-13,666	-13,573	-0,044	0,083	0,092	0,102	0,097	0,073	0,072	0,069	0,070	0,073	0,100	0,133	0,160	0,178	0,141	0,000	0,000
13,000	-8,129	-8,070	-8,097	-8,098	-8,073	-8,065	-8,050	-8,037	-8,013	-7,995	-7,955	-7,891	-7,797	-7,654	-7,481	0,145	0,087	0,052	0,055	0,060	0,070	0,092	0,114	0,141	0,167	0,215	0,267	0,314	0,325	0,259	0,000	0,000
14,000	-11,723	-11,575	-11,663	-11,605	-11,588	-11,563	-11,537	-11,541	-11,528	-11,526	-11,522	-11,490	-11,397	-11,273	-11,084	-0,007	-0,071	0,002	0,052	0,058	0,058	0,074	0,071	0,083	0,118	0,175	0,228	0,264	0,304	0,255	0,000	0,000
15,000	-9,022	-9,157	-9,053	-9,069	-9,026	-9,025	-9,016	-9,006	-8,989	-8,986	-8,967	-8,935	-8,887	-8,813	-8,730	-0,230	-0,015	-0,024	0,029	0,040	0,053	0,059	0,068	0,070	0,088	0,108	0,131	0,148	0,156	0,129	0,000	0,000
	run	13	2022:11:08    10:43:20,023
0,000	-12,986	-13,067	-13,080	-13,165	-13,173	-13,191	-13,196	-13,195	-13,197	-13,207	-13,195	-13,169	-13,127	-13,041	-12,933	-0,203	-0,142	-0,138	-0,090	-0,065	-0,043	-0,019	-0,008	0,016	0,035	0,071	0,113	0,157	0,183	0,150	0,000	0,000
1,000	-16,878	-16,840	-16,741	-16,545	-16,400	-16,292	-16,232	-16,184	-16,138	-16,103	-16,061	-16,016	-15,955	-15,874	-15,755	0,071	0,211	0,247	0,338	0,339	0,304	0,290	0,254	0,235	0,222	0,220	0,224	0,228	0,236	0,179	0,000	0,000
2,000	-10,127	-10,109	-10,078	-9,976	-9,876	-9,798	-9,748	-9,710	-9,672	-9,638	-9,585	-9,517	-9,426	-9,291	-9,126	0,023	0,077	0,131	0,228	0,243	0,226	0,234	0,222	0,232	0,227	0,264	0,293	0,319	0,326	0,253	0,000	0,000
3,000	-20,290	-20,267	-20,203	-19,912	-19,704	-19,572	-19,496	-19,444	-19,390	-19,382	-19,335	-19,291	-19,240	-19,125	-18,995	0,087	0,258	0,318	0,465	0,452	0,378	0,330	0,290	0,254	0,222	0,221	0,239	0,247	0,256	0,190	0,000	0,000
4,000	-10,822	-10,961	-10,853	-10,842	-10,799	-10,814	-10,812	-10,804	-10,797	-10,792	-10,748	-10,677	-10,544	-10,328	-10,037	-0,337	0,001	-0,015	0,046	0,043	0,067	0,082	0,095	0,126	0,185	0,267	0,356	0,444	0,505	0,413	0,000	0,000
5,000	-12,322	-12,192	-12,393	-12,393	-12,413	-12,391	-12,365	-12,372	-12,345	-12,333	-12,285	-12,196	-12,058	-11,802	-11,471	0,076	-0,179	-0,105	-0,008	0,020	0,041	0,084	0,117	0,159	0,212	0,304	0,409	0,505	0,569	0,468	0,000	0,000
6,000	-8,695	-8,722	-8,608	-8,475	-8,367	-8,311	-8,280	-8,249	-8,210	-8,187	-8,140	-8,080	-8,007	-7,859	-7,697	-0,060	0,120	0,161	0,234	0,233	0,207	0,205	0,193	0,195	0,207	0,239	0,265	0,295	0,319	0,246	0,000	0,000
7,000	-7,026	-7,011	-7,003	-6,938	-6,893	-6,862	-6,851	-6,842	-6,822	-6,829	-6,816	-6,799	-6,776	-6,729	-6,685	-0,035	-0,001	0,028	0,091	0,091	0,070	0,075	0,066	0,062	0,061	0,066	0,080	0,090	0,098	0,074	0,000	0,000
8,000	-20,284	-20,522	-20,562	-20,697	-20,703	-20,752	-20,786	-20,812	-20,846	-20,900	-20,921	-20,940	-20,950	-20,913	-20,874	-0,540	-0,338	-0,300	-0,191	-0,174	-0,178	-0,162	-0,152	-0,129	-0,114	-0,078	-0,032	-0,003	0,036	0,039	0,000	0,000
9,000	-9,770	-9,781	-9,762	-9,632	-9,508	-9,392	-9,337	-9,282	-9,233	-9,190	-9,136	-9,081	-9,003	-8,894	-8,767	-0,146	-0,003	0,089	0,264	0,289	0,279	0,273	0,254	0,247	0,243	0,248	0,260	0,268	0,269	0,197	0,000	0,000
10,000	-9,981	-10,015	-9,863	-9,707	-9,596	-9,553	-9,528	-9,510	-9,486	-9,492	-9,479	-9,451	-9,404	-9,329	-9,239	-0,208	0,118	0,153	0,217	0,189	0,163	0,139	0,119	0,103	0,105	0,120	0,140	0,158	0,172	0,137	0,000	0,000
11,000	-10,651	-10,529	-10,491	-10,343	-10,250	-10,194	-10,162	-10,137	-10,104	-10,087	-10,054	-10,011	-9,957	-9,867	-9,763	0,051	0,125	0,171	0,219	0,213	0,175	0,171	0,161	0,157	0,153	0,173	0,190	0,204	0,206	0,157	0,000	0,000
12,000	-13,996	-14,035	-13,933	-13,889	-13,830	-13,811	-13,804	-13,796	-13,788	-13,795	-13,779	-13,751	-13,710	-13,625	-13,529	-0,044	0,089	0,087	0,101	0,095	0,078	0,075	0,070	0,071	0,071	0,100	0,131	0,154	0,178	0,141	0,000	0,000
13,000	-8,096	-8,052	-8,069	-8,074	-8,055	-8,048	-8,028	-8,022	-7,995	-7,982	-7,934	-7,880	-7,780	-7,640	-7,470	0,145	0,079	0,040	0,046	0,059	0,071	0,087	0,112	0,136	0,172	0,218	0,260	0,308	0,321	0,257	0,000	0,000
14,000	-11,730	-11,587	-11,690	-11,620	-11,619	-11,590	-11,569	-11,565	-11,554	-11,549	-11,529	-11,488	-11,422	-11,295	-11,107	0,005	-0,049	-0,003	0,059	0,056	0,055	0,072	0,071	0,092	0,109	0,153	0,205	0,269	0,309	0,257	0,000	0,000
15,000	-8,991	-9,143	-9,043	-9,059	-9,011	-9,014	-9,008	-8,994	-8,976	-8,974	-8,955	-8,924	-8,871	-8,801	-8,717	-0,255	-0,011	-0,030	0,030	0,037	0,061	0,058	0,071	0,072	0,090	0,106	0,126	0,154	0,163	0,130	0,000	0,000
	run	14	2022:11:08    10:43:20,075
0,000	-12,986	-13,067	-13,080	-13,165	-13,173	-13,191	-13,196	-13,195	-13,197	-13,207	-13,195	-13,169	-13,127	-13,041	-12,933	-0,203	-0,142	-0,138	-0,090	-0,065	-0,043	-0,019	-0,008	0,016	0,035	0,071	0,113	0,157	0,183	0,150	0,000	0,000
1,000	-16,878	-16,840	-16,741	-16,545	-16,400	-16,292	-16,232	-16,184	-16,138	-16,103	-16,061	-16,016	-15,955	-15,874	-15,755	0,071	0,211	0,247	0,338	0,339	0,304	0,290	0,254	0,235	0,222	0,220	0,224	0,228	0,236	0,179	0,000	0,000
2,000	-10,127	-10,109	-10,078	-9,976	-9,876	-9,798	-9,748	-9,710	-9,672	-9,638	-9,585	-9,517	-9,426	-9,291	-9,126	0,023	0,077	0,131	0,228	0,243	0,226	0,234	0,222	0,232	0,227	0,264	0,293	0,319	0,326	0,253	0,000	0,000
3,000	-20,290	-20,267	-20,203	-19,912	-19,704	-19,572	-19,496	-19,444	-19,390	-19,382	-19,335	-19,291	-19,240	-19,125	-18,995	0,087	0,258	0,318	0,465	0,452	0,378	0,330	0,290	0,254	0,222	0,221	0,239	0,247	0,256	0,190	0,000	0,000
4,000	-10,822	-10,961	-10,853	-10,842	-10,799	-10,814	-10,812	-10,804	-10,797	-10,792	-10,748	-10,677	-10,544	-10,328	-10,037	-0,337	0,001	-0,015	0,046	0,043	0,067	0,082	0,095	0,126	0,185	0,267	0,356	0,444	0,505	0,413	0,000	0,000
5,000	-12,322	-12,192	-12,393	-12,393	-12,413	-12,391	-12,365	-12,372	-12,345	-12,333	-12,285	-12,196	-12,058	-11,802	-11,471	0,076	-0,179	-0,105	-0,008	0,020	0,041	0,084	0,117	0,159	0,212	0,304	0,409	0,505	0,569	0,468	0,000	0,000
6,000	-8,708	-8,723	-8,610	-8,474	-8,373	-8,314	-8,280	-8,247	-8,212	-8,189	-8,140	-8,076	-8,001	-7,861	-7,693	-0,063	0,133	0,174	0,237	0,235	0,198	0,199	0,197	0,201	0,205	0,238	0,264	0,300	0,313	0,245	0,000	0,000
7,000	-7,040	-7,024	-7,020	-6,949	-6,907	-6,876	-6,868	-6,860	-6,845	-6,838	-6,825	-6,816	-6,790	-6,746	-6,704	-0,035	-0,007	0,032	0,094	0,088	0,068	0,068	0,061	0,068	0,061	0,063	0,078	0,083	0,097	0,071	0,000	0,000
8,000	-20,452	-20,712	-20,759	-20,886	-20,886	-20,938	-20,979	-21,005	-21,034	-21,089	-21,104	-21,124	-21,135	-21,097	-21,054	-0,509	-0,327	-0,285	-0,182	-0,165	-0,179	-0,154	-0,154	-0,126	-0,110	-0,077	-0,032	-0,003	0,044	0,041	0,000	0,000
9,000	-9,858	-9,891	-9,862	-9,734	-9,604	-9,496	-9,436	-9,388	-9,331	-9,291	-9,239	-9,175	-9,106	-8,995	-8,862	-0,151	-0,012	0,096	0,256	0,291	0,278	0,272	0,259	0,250	0,246	0,251	0,266	0,272	0,269	0,200	0,000	0,000
10,000	-9,964	-9,996	-9,855	-9,690	-9,576	-9,531	-9,506	-9,493	-9,468	-9,476	-9,459	-9,429	-9,384	-9,304	-9,220	-0,197	0,119	0,155	0,223	0,195	0,162	0,138	0,125	0,106	0,106	0,119	0,140	0,159	0,172	0,139	0,000	0,000
11,000	-10,616	-10,502	-10,473	-10,319	-10,228	-10,165	-10,132	-10,112	-10,071	-10,058	-10,026	-9,983	-9,928	-9,835	-9,731	0,065	0,132	0,174	0,227	0,212	0,178	0,174	0,159	0,161	0,152	0,173	0,192	0,205	0,211	0,157	0,000	0,000
12,000	-14,073	-14,125	-14,019	-13,986	-13,927	-13,910	-13,904	-13,896	-13,882	-13,899	-13,873	-13,847	-13,808	-13,724	-13,627	-0,055	0,078	0,090	0,100	0,089	0,072	0,071	0,064	0,071	0,078	0,103	0,132	0,154	0,182	0,147	0,000	0,000
13,000	-8,138	-8,108	-8,115	-8,122	-8,103	-8,093	-8,076	-8,065	-8,038	-8,025	-7,986	-7,923	-7,822	-7,679	-7,509	0,151	0,084	0,052	0,053	0,060	0,069	0,091	0,113	0,137	0,164	0,214	0,259	0,312	0,324	0,257	0,000	0,000
14,000	-11,759	-11,611	-11,696	-11,634	-11,633	-11,610	-11,580	-11,583	-11,570	-11,563	-11,546	-11,505	-11,438	-11,307	-11,130	0,005	-0,072	-0,012	0,051	0,056	0,052	0,076	0,072	0,084	0,110	0,150	0,215	0,260	0,310	0,256	0,000	0,000
15,000	-9,033	-9,190	-9,087	-9,095	-9,058	-9,054	-9,046	-9,036	-9,019	-9,020	-8,996	-8,965	-8,915	-8,841	-8,759	-0,257	-0,006	-0,025	0,034	0,037	0,057	0,056	0,068	0,072	0,090	0,116	0,130	0,158	0,166	0,133	0,000	0,000
	run	15	2022:11:08    10:43:20,175
0,000	-12,930	-13,030	-13,039	-13,115	-13,138	-13,149	-13,154	-13,158	-13,155	-13,171	-13,159	-13,134	-13,092	-13,008	-12,897	-0,208	-0,147	-0,137	-0,089	-0,070	-0,046	-0,018	-0,006	0,014	0,031	0,073	0,113	0,159	0,183	0,150	0,000	0,000
1,000	-16,873	-16,845	-16,732	-16,541	-16,403	-16,292	-16,230	-16,183	-16,142	-16,100	-16,058	-16,016	-15,958	-15,867	-15,750	0,076	0,203	0,255	0,334	0,348	0,308	0,285	0,249	0,225	0,215	0,217	0,229	0,234	0,241	0,184	0,000	0,000
2,000	-10,171	-10,140	-10,120	-10,009	-9,908	-9,824	-9,778	-9,743	-9,696	-9,670	-9,613	-9,548	-9,453	-9,318	-9,152	0,038	0,090	0,131	0,235	0,245	0,228	0,234	0,218	0,227	0,232	0,263	0,291	0,313	0,332	0,256	0,000	0,000
3,000	-20,295	-20,299	-20,230	-19,931	-19,727	-19,594	-19,515	-19,462	-19,414	-19,396	-19,353	-19,316	-19,259	-19,142	-19,014	0,079	0,258	0,317	0,465	0,454	0,378	0,337	0,293	0,255	0,222	0,217	0,239	0,248	0,255	0,191	0,000	0,000
4,000	-10,756	-10,896	-10,793	-10,782	-10,740	-10,755	-10,749	-10,739	-10,732	-10,721	-10,682	-10,612	-10,472	-10,254	-9,970	-0,345	0,002	-0,011	0,036	0,051	0,073	0,080	0,096	0,130	0,184	0,265	0,359	0,447	0,502	0,413	0,000	0,000
5,000	-12,298	-12,177	-12,375	-12,381	-12,394	-12,371	-12,350	-12,350	-12,320	-12,306	-12,268	-12,180	-12,032	-11,783	-11,454	0,060	-0,173	-0,117	-0,012	0,018	0,038	0,084	0,114	0,151	0,211	0,298	0,403	0,507	0,566	0,464	0,000	0,000
6,000	-8,666	-8,682	-8,587	-8,451	-8,344	-8,283	-8,252	-8,224	-8,183	-8,158	-8,116	-8,059	-7,974	-7,838	-7,668	-0,058	0,121	0,177	0,233	0,228	0,205	0,201	0,198	0,199	0,204	0,236	0,267	0,300	0,315	0,241	0,000	0,000
7,000	-7,076	-7,037	-7,028	-6,961	-6,916	-6,892	-6,876	-6,862	-6,852	-6,854	-6,840	-6,825	-6,798	-6,759	-6,711	-0,035	0,003	0,038	0,096	0,083	0,077	0,068	0,066	0,063	0,056	0,061	0,076	0,084	0,094	0,072	0,000	0,000
8,000	-20,377	-20,635	-20,681	-20,797	-20,803	-20,849	-20,888	-20,919	-20,947	-21,003	-21,028	-21,044	-21,049	-21,021	-20,974	-0,496	-0,326	-0,299	-0,190	-0,171	-0,175	-0,156	-0,151	-0,135	-0,116	-0,077	-0,039	-0,004	0,037	0,040	0,000	0,000
9,000	-9,824	-9,838	-9,822	-9,679	-9,562	-9,446	-9,384	-9,337	-9,278	-9,240	-9,193	-9,127	-9,059	-8,945	-8,818	-0,137	-0,005	0,093	0,261	0,293	0,277	0,277	0,262	0,251	0,242	0,247	0,263	0,270	0,271	0,200	0,000	0,000
10,000	-9,934	-9,973	-9,834	-9,679	-9,573	-9,529	-9,505	-9,490	-9,463	-9,472	-9,453	-9,430	-9,381	-9,307	-9,215	-0,213	0,106	0,140	0,210	0,184	0,162	0,138	0,119	0,108	0,105	0,120	0,136	0,160	0,172	0,135	0,000	0,000
11,000	-10,663	-10,545	-10,518	-10,356	-10,269	-10,211	-10,177	-10,155	-10,117	-10,105	-10,067	-10,026	-9,971	-9,874	-9,775	0,064	0,128	0,165	0,221	0,211	0,179	0,172	0,161	0,157	0,149	0,168	0,192	0,205	0,209	0,157	0,000	0,000
12,000	-14,064	-14,117	-14,010	-13,970	-13,911	-13,892	-13,888	-13,879	-13,864	-13,880	-13,859	-13,830	-13,792	-13,705	-13,610	-0,056	0,084	0,089	0,094	0,092	0,074	0,071	0,065	0,067	0,078	0,099	0,137	0,161	0,178	0,140	0,000	0,000
13,000	-8,170	-8,127	-8,138	-8,143	-8,122	-8,114	-8,099	-8,090	-8,061	-8,044	-8,009	-7,949	-7,848	-7,704	-7,525	0,155	0,079	0,046	0,057	0,058	0,072	0,089	0,112	0,141	0,171	0,220	0,268	0,313	0,326	0,261	0,000	0,000
14,000	-11,763	-11,617	-11,691	-11,631	-11,628	-11,602	-11,578	-11,576	-11,569	-11,549	-11,550	-11,508	-11,434	-11,298	-11,115	0,005	-0,065	-0,008	0,064	0,062	0,057	0,065	0,071	0,089	0,113	0,153	0,206	0,265	0,306	0,253	0,000	0,000
15,000	-9,037	-9,167	-9,074	-9,085	-9,040	-9,041	-9,031	-9,016	-9,005	-9,006	-8,980	-8,946	-8,902	-8,830	-8,743	-0,248	-0,011	-0,028	0,026	0,041	0,053	0,059	0,066	0,074	0,092	0,108	0,127	0,151	0,166	0,131	0,000	0,000
	run	16	2022:11:08    10:43:20,274
0,000	-12,959	-13,056	-13,081	-13,152	-13,179	-13,188	-13,197	-13,195	-13,200	-13,208	-13,198	-13,182	-13,133	-13,045	-12,936	-0,202	-0,146	-0,131	-0,092	-0,066	-0,043	-0,020	-0,009	0,011	0,034	0,075	0,114	0,154	0,180	0,151	0,000	0,000
1,000	-16,789	-16,761	-16,656	-16,467	-16,322	-16,215	-16,158	-16,112	-16,062	-16,025	-15,986	-15,946	-15,882	-15,793	-15,673	0,066	0,204	0,250	0,330	0,344	0,305	0,287	0,246	0,233	0,222	0,222	0,226	0,233	0,237	0,185	0,000	0,000
2,000	-10,090	-10,089	-10,047	-9,948	-9,849	-9,773	-9,725	-9,689	-9,639	-9,618	-9,563	-9,498	-9,405	-9,269	-9,104	0,031	0,087	0,127	0,228	0,233	0,219	0,230	0,217	0,225	0,231	0,257	0,294	0,314	0,323	0,248	0,000	0,000
3,000	-20,159	-20,163	-20,089	-19,798	-19,587	-19,460	-19,394	-19,334	-19,282	-19,272	-19,231	-19,188	-19,132	-19,026	-18,898	0,073	0,249	0,318	0,455	0,446	0,369	0,325	0,285	0,249	0,217	0,215	0,231	0,235	0,257	0,187	0,000	0,000
4,000	-10,737	-10,895	-10,781	-10,774	-10,730	-10,744	-10,740	-10,738	-10,730	-10,721	-10,678	-10,598	-10,474	-10,257	-9,975	-0,342	0,008	-0,009	0,041	0,045	0,072	0,077	0,103	0,129	0,185	0,273	0,355	0,441	0,495	0,414	0,000	0,000
5,000	-12,243	-12,123	-12,314	-12,316	-12,343	-12,313	-12,295	-12,296	-12,266	-12,256	-12,210	-12,123	-11,983	-11,730	-11,408	0,076	-0,182	-0,113	-0,013	0,022	0,044	0,078	0,114	0,157	0,217	0,300	0,402	0,503	0,561	0,459	0,000	0,000
6,000	-8,661	-8,665	-8,567	-8,431	-8,325	-8,263	-8,231	-8,201	-8,164	-8,147	-8,093	-8,039	-7,962	-7,821	-7,657	-0,074	0,129	0,160	0,230	0,231	0,203	0,199	0,194	0,196	0,206	0,240	0,273	0,300	0,312	0,238	0,000	0,000
7,000	-7,038	-7,019	-6,998	-6,939	-6,891	-6,869	-6,855	-6,847	-6,828	-6,829	-6,818	-6,800	-6,774	-6,737	-6,684	-0,058	-0,004	0,042	0,095	0,088	0,076	0,072	0,059	0,065	0,065	0,065	0,080	0,088	0,098	0,073	0,000	0,000
8,000	-20,342	-20,594	-20,640	-20,758	-20,766	-20,813	-20,851	-20,877	-20,908	-20,964	-20,983	-20,997	-21,007	-20,972	-20,930	-0,512	-0,333	-0,288	-0,191	-0,168	-0,172	-0,155	-0,148	-0,130	-0,119	-0,076	-0,033	-0,002	0,039	0,039	0,000	0,000
9,000	-9,832	-9,861	-9,838	-9,705	-9,577	-9,468	-9,401	-9,358	-9,298	-9,259	-9,208	-9,148	-9,077	-8,962	-8,833	-0,132	0,003	0,096	0,260	0,288	0,280	0,276	0,256	0,246	0,239	0,255	0,260	0,275	0,271	0,207	0,000	0,000
10,000	-10,043	-10,075	-9,929	-9,760	-9,645	-9,601	-9,575	-9,557	-9,537	-9,537	-9,526	-9,498	-9,451	-9,378	-9,283	-0,189	0,132	0,171	0,231	0,201	0,170	0,145	0,123	0,108	0,108	0,120	0,146	0,163	0,173	0,139	0,000	0,000
11,000	-10,708	-10,593	-10,557	-10,391	-10,305	-10,242	-10,211	-10,187	-10,153	-10,138	-10,101	-10,065	-10,008	-9,914	-9,811	0,063	0,132	0,177	0,224	0,213	0,179	0,173	0,160	0,156	0,158	0,171	0,188	0,208	0,209	0,162	0,000	0,000
12,000	-14,173	-14,219	-14,110	-14,077	-14,018	-13,996	-13,992	-13,985	-13,973	-13,981	-13,963	-13,931	-13,892	-13,805	-13,710	-0,054	0,087	0,096	0,105	0,091	0,074	0,070	0,066	0,074	0,075	0,099	0,136	0,160	0,183	0,145	0,000	0,000
13,000	-8,131	-8,099	-8,109	-8,112	-8,089	-8,084	-8,070	-8,064	-8,033	-8,017	-7,972	-7,909	-7,812	-7,673	-7,499	0,138	0,082	0,042	0,051	0,061	0,072	0,090	0,115	0,139	0,166	0,219	0,261	0,313	0,325	0,260	0,000	0,000
14,000	-11,778	-11,629	-11,709	-11,656	-11,636	-11,618	-11,591	-11,592	-11,579	-11,582	-11,547	-11,515	-11,454	-11,307	-11,129	0,005	-0,076	-0,009	0,055	0,058	0,055	0,064	0,077	0,086	0,115	0,162	0,212	0,260	0,313	0,258	0,000	0,000
15,000	-8,985	-9,131	-9,037	-9,046	-8,999	-8,999	-8,993	-8,979	-8,965	-8,960	-8,942	-8,914	-8,861	-8,791	-8,707	-0,240	-0,011	-0,030	0,026	0,037	0,061	0,059	0,067	0,070	0,086	0,110	0,125	0,159	0,160	0,131	0,000	0,000
	run	17	2022:11:08    10:43:20,323
0,000	-12,885	-12,966	-12,984	-13,066	-13,077	-13,093	-13,097	-13,102	-13,099	-13,113	-13,100	-13,079	-13,037	-12,953	-12,848	-0,197	-0,137	-0,133	-0,087	-0,069	-0,044	-0,022	-0,006	0,012	0,030	0,072	0,120	0,152	0,178	0,146	0,000	0,000
1,000	-16,782	-16,740	-16,622	-16,453	-16,307	-16,198	-16,143	-16,095	-16,057	-16,013	-15,970	-15,932	-15,873	-15,781	-15,667	0,057	0,197	0,248	0,336	0,336	0,305	0,284	0,248	0,225	0,218	0,220	0,221	0,226	0,237	0,182	0,000	0,000
2,000	-10,090	-10,089	-10,047	-9,948	-9,849	-9,773	-9,725	-9,689	-9,639	-9,618	-9,563	-9,498	-9,405	-9,269	-9,104	0,031	0,087	0,127	0,228	0,233	0,219	0,230	0,217	0,225	0,231	0,257	0,294	0,314	0,323	0,248	0,000	0,000
3,000	-20,159	-20,163	-20,089	-19,798	-19,587	-19,460	-19,394	-19,334	-19,282	-19,272	-19,231	-19,188	-19,132	-19,026	-18,898	0,073	0,249	0,318	0,455	0,446	0,369	0,325	0,285	0,249	0,217	0,215	0,231	0,235	0,257	0,187	0,000	0,000
4,000	-10,737	-10,895	-10,781	-10,774	-10,730	-10,744	-10,740	-10,738	-10,730	-10,721	-10,678	-10,598	-10,474	-10,257	-9,975	-0,342	0,008	-0,009	0,041	0,045	0,072	0,077	0,103	0,129	0,185	0,273	0,355	0,441	0,495	0,414	0,000	0,000
5,000	-12,243	-12,123	-12,314	-12,316	-12,343	-12,313	-12,295	-12,296	-12,266	-12,256	-12,210	-12,123	-11,983	-11,730	-11,408	0,076	-0,182	-0,113	-0,013	0,022	0,044	0,078	0,114	0,157	0,217	0,300	0,402	0,503	0,561	0,459	0,000	0,000
6,000	-8,661	-8,665	-8,567	-8,431	-8,325	-8,263	-8,231	-8,201	-8,164	-8,147	-8,093	-8,039	-7,962	-7,821	-7,657	-0,074	0,129	0,160	0,230	0,231	0,203	0,199	0,194	0,196	0,206	0,240	0,273	0,300	0,312	0,238	0,000	0,000
7,000	-7,038	-7,019	-6,998	-6,939	-6,891	-6,869	-6,855	-6,847	-6,828	-6,829	-6,818	-6,800	-6,774	-6,737	-6,684	-0,058	-0,004	0,042	0,095	0,088	0,076	0,072	0,059	0,065	0,065	0,065	0,080	0,088	0,098	0,073	0,000	0,000
8,000	-20,521	-20,768	-20,816	-20,938	-20,950	-20,997	-21,035	-21,063	-21,090	-21,152	-21,166	-21,187	-21,190	-21,157	-21,114	-0,507	-0,341	-0,284	-0,189	-0,173	-0,177	-0,156	-0,152	-0,132	-0,117	-0,072	-0,032	-0,004	0,048	0,042	0,000	0,000
9,000	-9,923	-9,941	-9,913	-9,773	-9,656	-9,543	-9,482	-9,432	-9,374	-9,334	-9,276	-9,225	-9,147	-9,040	-8,910	-0,147	-0,007	0,095	0,255	0,295	0,282	0,272	0,255	0,250	0,244	0,258	0,262	0,273	0,269	0,198	0,000	0,000
10,000	-10,061	-10,081	-9,935	-9,767	-9,655	-9,610	-9,581	-9,565	-9,543	-9,547	-9,531	-9,504	-9,454	-9,380	-9,285	-0,197	0,129	0,165	0,227	0,200	0,166	0,144	0,126	0,107	0,106	0,123	0,143	0,170	0,178	0,140	0,000	0,000
11,000	-10,732	-10,600	-10,577	-10,403	-10,317	-10,259	-10,221	-10,198	-10,164	-10,152	-10,116	-10,073	-10,018	-9,922	-9,818	0,080	0,134	0,177	0,229	0,219	0,183	0,175	0,166	0,162	0,157	0,172	0,199	0,209	0,209	0,161	0,000	0,000
12,000	-14,079	-14,128	-14,028	-13,990	-13,930	-13,917	-13,910	-13,901	-13,887	-13,899	-13,878	-13,852	-13,811	-13,728	-13,630	-0,047	0,082	0,089	0,090	0,088	0,078	0,068	0,074	0,068	0,077	0,105	0,129	0,157	0,180	0,146	0,000	0,000
13,000	-8,190	-8,146	-8,154	-8,162	-8,137	-8,131	-8,116	-8,103	-8,076	-8,058	-8,017	-7,956	-7,863	-7,717	-7,543	0,146	0,080	0,044	0,060	0,061	0,071	0,094	0,111	0,142	0,171	0,220	0,269	0,312	0,322	0,259	0,000	0,000
14,000	-11,728	-11,601	-11,690	-11,618	-11,618	-11,587	-11,561	-11,564	-11,552	-11,542	-11,539	-11,479	-11,418	-11,288	-11,107	0,014	-0,055	-0,005	0,051	0,059	0,055	0,067	0,073	0,083	0,100	0,154	0,211	0,260	0,303	0,249	0,000	0,000
15,000	-9,055	-9,213	-9,097	-9,120	-9,078	-9,076	-9,073	-9,055	-9,041	-9,035	-9,018	-8,983	-8,935	-8,859	-8,778	-0,251	-0,012	-0,022	0,030	0,032	0,058	0,058	0,072	0,069	0,092	0,113	0,128	0,158	0,168	0,134	0,000	0,000
	run	18	2022:11:08    10:43:20,423
0,000	-12,939	-13,022	-13,036	-13,111	-13,129	-13,140	-13,153	-13,154	-13,149	-13,160	-13,152	-13,135	-13,088	-13,001	-12,895	-0,202	-0,146	-0,136	-0,087	-0,065	-0,044	-0,018	-0,011	0,016	0,033	0,072	0,118	0,155	0,181	0,148	0,000	0,000
1,000	-16,766	-16,735	-16,628	-16,444	-16,304	-16,188	-16,131	-16,082	-16,040	-16,008	-15,961	-15,920	-15,863	-15,777	-15,660	0,058	0,209	0,244	0,335	0,338	0,303	0,290	0,244	0,237	0,215	0,217	0,216	0,218	0,229	0,174	0,000	0,000
2,000	-10,125	-10,096	-10,062	-9,957	-9,853	-9,776	-9,731	-9,693	-9,649	-9,620	-9,566	-9,502	-9,410	-9,278	-9,112	0,034	0,080	0,135	0,227	0,245	0,223	0,231	0,220	0,226	0,230	0,263	0,289	0,312	0,328	0,247	0,000	0,000
3,000	-20,179	-20,167	-20,100	-19,814	-19,608	-19,477	-19,406	-19,351	-19,293	-19,284	-19,241	-19,196	-19,147	-19,039	-18,911	0,086	0,245	0,305	0,453	0,445	0,370	0,331	0,290	0,250	0,218	0,220	0,232	0,244	0,254	0,191	0,000	0,000
4,000	-10,815	-10,968	-10,854	-10,840	-10,802	-10,821	-10,816	-10,806	-10,805	-10,793	-10,753	-10,678	-10,543	-10,331	-10,040	-0,325	0,014	-0,017	0,053	0,044	0,069	0,078	0,098	0,125	0,186	0,267	0,349	0,440	0,495	0,412	0,000	0,000
5,000	-12,246	-12,120	-12,324	-12,311	-12,330	-12,305	-12,283	-12,289	-12,263	-12,248	-12,204	-12,115	-11,973	-11,733	-11,400	0,077	-0,185	-0,102	-0,006	0,024	0,040	0,082	0,116	0,156	0,211	0,294	0,405	0,506	0,567	0,459	0,000	0,000
6,000	-8,654	-8,675	-8,578	-8,444	-8,335	-8,282	-8,247	-8,218	-8,175	-8,160	-8,116	-8,051	-7,972	-7,829	-7,666	-0,065	0,132	0,167	0,230	0,227	0,203	0,198	0,192	0,198	0,206	0,235	0,273	0,298	0,314	0,247	0,000	0,000
7,000	-7,054	-7,033	-7,033	-6,966	-6,919	-6,890	-6,875	-6,866	-6,853	-6,855	-6,839	-6,820	-6,802	-6,756	-6,704	-0,051	0,004	0,044	0,105	0,090	0,070	0,073	0,065	0,062	0,063	0,070	0,083	0,090	0,094	0,072	0,000	0,000
8,000	-20,376	-20,634	-20,672	-20,809	-20,813	-20,870	-20,908	-20,935	-20,959	-21,024	-21,040	-21,058	-21,070	-21,039	-20,988	-0,527	-0,337	-0,303	-0,200	-0,176	-0,175	-0,164	-0,151	-0,129	-0,122	-0,076	-0,033	-0,007	0,033	0,043	0,000	0,000
9,000	-9,862	-9,872	-9,848	-9,714	-9,593	-9,478	-9,414	-9,365	-9,306	-9,270	-9,211	-9,150	-9,080	-8,965	-8,842	-0,130	0,006	0,104	0,260	0,295	0,283	0,276	0,259	0,252	0,238	0,250	0,262	0,269	0,270	0,198	0,000	0,000
10,000	-10,003	-10,036	-9,881	-9,720	-9,615	-9,564	-9,537	-9,520	-9,500	-9,501	-9,484	-9,458	-9,416	-9,337	-9,245	-0,207	0,122	0,158	0,230	0,201	0,163	0,142	0,123	0,107	0,109	0,117	0,139	0,162	0,172	0,140	0,000	0,000
11,000	-10,667	-10,545	-10,515	-10,357	-10,264	-10,205	-10,176	-10,150	-10,118	-10,099	-10,066	-10,022	-9,968	-9,878	-9,776	0,053	0,134	0,170	0,226	0,209	0,176	0,171	0,158	0,160	0,156	0,169	0,192	0,206	0,206	0,156	0,000	0,000
12,000	-14,188	-14,235	-14,136	-14,092	-14,031	-14,015	-14,007	-13,994	-13,986	-13,993	-13,976	-13,955	-13,912	-13,829	-13,725	-0,044	0,078	0,091	0,097	0,088	0,078	0,073	0,068	0,068	0,072	0,102	0,126	0,156	0,181	0,143	0,000	0,000
13,000	-8,158	-8,113	-8,129	-8,133	-8,119	-8,112	-8,093	-8,079	-8,050	-8,027	-7,992	-7,932	-7,832	-7,688	-7,515	0,143	0,074	0,043	0,058	0,061	0,069	0,095	0,119	0,140	0,173	0,218	0,268	0,310	0,325	0,265	0,000	0,000
14,000	-11,775	-11,632	-11,733	-11,659	-11,660	-11,631	-11,605	-11,606	-11,585	-11,590	-11,574	-11,540	-11,459	-11,329	-11,147	0,002	-0,061	0,004	0,052	0,059	0,056	0,075	0,075	0,089	0,111	0,154	0,214	0,261	0,305	0,256	0,000	0,000
15,000	-8,967	-9,117	-9,022	-9,033	-8,984	-8,989	-8,976	-8,968	-8,952	-8,951	-8,931	-8,902	-8,852	-8,782	-8,698	-0,246	-0,014	-0,027	0,026	0,041	0,051	0,059	0,068	0,073	0,085	0,108	0,127	0,149	0,158	0,128	0,000	0,000
	run	19	2022:11:08    10:43:20,475
0,000	-12,939	-13,022	-13,036	-13,111	-13,129	-13,140	-13,153	-13,154	-13,149	-13,160	-13,152	-13,135	-13,088	-13,001	-12,895	-0,202	-0,146	-0,136	-0,087	-0,065	-0,044	-0,018	-0,011	0,016	0,033	0,072	0,118	0,155	0,181	0,148	0,000	0,000
1,000	-16,766	-16,735	-16,628	-16,444	-16,304	-16,188	-16,131	-16,082	-16,040	-16,008	-15,961	-15,920	-15,863	-15,777	-15,660	0,058	0,209	0,244	0,335	0,338	0,303	0,290	0,244	0,237	0,215	0,217	0,216	0,218	0,229	0,174	0,000	0,000
2,000	-10,125	-10,096	-10,062	-9,957	-9,853	-9,776	-9,731	-9,693	-9,649	-9,620	-9,566	-9,502	-9,410	-9,278	-9,112	0,034	0,080	0,135	0,227	0,245	0,223	0,231	0,220	0,226	0,230	0,263	0,289	0,312	0,328	0,247	0,000	0,000
3,000	-20,179	-20,167	-20,100	-19,814	-19,608	-19,477	-19,406	-19,351	-19,293	-19,284	-19,241	-19,196	-19,147	-19,039	-18,911	0,086	0,245	0,305	0,453	0,445	0,370	0,331	0,290	0,250	0,218	0,220	0,232	0,244	0,254	0,191	0,000	0,000
4,000	-10,815	-10,968	-10,854	-10,840	-10,802	-10,821	-10,816	-10,806	-10,805	-10,793	-10,753	-10,678	-10,543	-10,331	-10,040	-0,325	0,014	-0,017	0,053	0,044	0,069	0,078	0,098	0,125	0,186	0,267	0,349	0,440	0,495	0,412	0,000	0,000
5,000	-12,246	-12,120	-12,324	-12,311	-12,330	-12,305	-12,283	-12,289	-12,263	-12,248	-12,204	-12,115	-11,973	-11,733	-11,400	0,077	-0,185	-0,102	-0,006	0,024	0,040	0,082	0,116	0,156	0,211	0,294	0,405	0,506	0,567	0,459	0,000	0,000
6,000	-8,711	-8,738	-8,638	-8,500	-8,394	-8,333	-8,300	-8,271	-8,230	-8,209	-8,162	-8,099	-8,022	-7,882	-7,716	-0,052	0,124	0,170	0,240	0,227	0,202	0,202	0,201	0,202	0,208	0,236	0,274	0,301	0,321	0,248	0,000	0,000
7,000	-7,072	-7,056	-7,059	-6,978	-6,928	-6,904	-6,880	-6,880	-6,863	-6,862	-6,852	-6,835	-6,812	-6,766	-6,717	-0,055	0,005	0,044	0,102	0,089	0,074	0,074	0,067	0,069	0,060	0,069	0,080	0,088	0,096	0,070	0,000	0,000
8,000	-20,576	-20,823	-20,879	-21,006	-21,012	-21,067	-21,101	-21,129	-21,158	-21,217	-21,233	-21,252	-21,258	-21,222	-21,188	-0,522	-0,332	-0,295	-0,200	-0,175	-0,182	-0,159	-0,151	-0,129	-0,117	-0,076	-0,032	-0,002	0,040	0,039	0,000	0,000
9,000	-9,932	-9,951	-9,916	-9,774	-9,644	-9,533	-9,471	-9,423	-9,368	-9,322	-9,274	-9,215	-9,140	-9,025	-8,898	-0,135	0,018	0,105	0,267	0,303	0,286	0,281	0,265	0,246	0,241	0,254	0,268	0,274	0,270	0,201	0,000	0,000
10,000	-10,068	-10,090	-9,937	-9,770	-9,653	-9,606	-9,579	-9,565	-9,546	-9,551	-9,535	-9,503	-9,458	-9,380	-9,292	-0,200	0,114	0,161	0,231	0,201	0,166	0,142	0,121	0,108	0,111	0,124	0,140	0,166	0,172	0,137	0,000	0,000
11,000	-10,698	-10,579	-10,539	-10,380	-10,294	-10,229	-10,194	-10,171	-10,139	-10,121	-10,089	-10,044	-9,983	-9,894	-9,790	0,060	0,133	0,179	0,228	0,215	0,179	0,173	0,163	0,159	0,156	0,174	0,194	0,204	0,210	0,162	0,000	0,000
12,000	-14,092	-14,150	-14,035	-14,000	-13,944	-13,927	-13,920	-13,908	-13,896	-13,912	-13,891	-13,860	-13,825	-13,736	-13,639	-0,051	0,085	0,096	0,102	0,089	0,074	0,070	0,069	0,069	0,069	0,093	0,131	0,160	0,181	0,147	0,000	0,000
13,000	-8,160	-8,120	-8,127	-8,130	-8,106	-8,099	-8,087	-8,078	-8,052	-8,035	-7,993	-7,936	-7,834	-7,694	-7,517	0,160	0,085	0,050	0,052	0,057	0,075	0,095	0,117	0,134	0,169	0,215	0,261	0,314	0,327	0,262	0,000	0,000
14,000	-11,724	-11,600	-11,697	-11,619	-11,615	-11,588	-11,569	-11,565	-11,552	-11,553	-11,526	-11,490	-11,420	-11,283	-11,107	0,007	-0,057	0,003	0,047	0,056	0,055	0,067	0,074	0,086	0,112	0,162	0,207	0,258	0,310	0,252	0,000	0,000
15,000	-8,994	-9,128	-9,043	-9,049	-9,006	-9,002	-8,996	-8,982	-8,963	-8,970	-8,942	-8,915	-8,864	-8,792	-8,711	-0,243	-0,015	-0,029	0,029	0,035	0,056	0,061	0,062	0,071	0,087	0,108	0,130	0,152	0,163	0,132	0,000	0,000
	run	20	2022:11:08    10:43:20,576
0,000	-12,914	-12,995	-13,008	-13,100	-13,111	-13,127	-13,132	-13,135	-13,136	-13,149	-13,138	-13,109	-13,072	-12,985	-12,880	-0,217	-0,151	-0,139	-0,088	-0,067	-0,037	-0,016	-0,007	0,014	0,033	0,070	0,115	0,150	0,181	0,146	0,000	0,000
1,000	-16,919	-16,905	-16,802	-16,596	-16,455	-16,347	-16,286	-16,236	-16,191	-16,158	-16,111	-16,068	-16,011	-15,921	-15,810	0,066	0,211	0,262	0,346	0,350	0,312	0,289	0,255	0,234	0,217	0,222	0,224	0,230	0,233	0,181	0,000	0,000
2,000	-10,208	-10,200	-10,156	-10,053	-9,954	-9,876	-9,831	-9,793	-9,745	-9,717	-9,663	-9,594	-9,502	-9,361	-9,193	0,041	0,088	0,134	0,224	0,245	0,229	0,237	0,225	0,230	0,233	0,263	0,301	0,323	0,331	0,256	0,000	0,000
3,000	-20,458	-20,441	-20,365	-20,067	-19,847	-19,712	-19,650	-19,590	-19,538	-19,525	-19,483	-19,440	-19,385	-19,273	-19,141	0,100	0,265	0,330	0,476	0,451	0,374	0,332	0,292	0,254	0,218	0,219	0,237	0,245	0,257	0,194	0,000	0,000
4,000	-10,731	-10,877	-10,776	-10,768	-10,726	-10,740	-10,730	-10,723	-10,725	-10,706	-10,666	-10,593	-10,459	-10,245	-9,950	-0,345	-0,001	-0,013	0,044	0,047	0,064	0,080	0,103	0,127	0,187	0,263	0,354	0,445	0,507	0,416	0,000	0,000
5,000	-12,316	-12,175	-12,383	-12,387	-12,405	-12,372	-12,358	-12,364	-12,332	-12,325	-12,273	-12,185	-12,037	-11,795	-11,456	0,070	-0,190	-0,117	-0,007	0,018	0,040	0,080	0,114	0,155	0,220	0,300	0,408	0,506	0,566	0,463	0,000	0,000
6,000	-8,676	-8,689	-8,602	-8,454	-8,348	-8,287	-8,251	-8,231	-8,189	-8,169	-8,122	-8,066	-7,979	-7,839	-7,679	-0,049	0,127	0,176	0,236	0,232	0,198	0,200	0,193	0,199	0,202	0,233	0,262	0,302	0,316	0,246	0,000	0,000
7,000	-7,077	-7,062	-7,045	-6,982	-6,936	-6,905	-6,894	-6,881	-6,863	-6,863	-6,856	-6,839	-6,814	-6,775	-6,722	-0,042	-0,006	0,035	0,095	0,092	0,066	0,070	0,066	0,063	0,065	0,068	0,076	0,089	0,089	0,069	0,000	0,000
8,000	-20,420	-20,668	-20,719	-20,836	-20,843	-20,894	-20,933	-20,956	-20,987	-21,046	-21,062	-21,081	-21,090	-21,054	-21,007	-0,509	-0,333	-0,289	-0,187	-0,170	-0,174	-0,150	-0,149	-0,127	-0,114	-0,078	-0,029	-0,003	0,043	0,043	0,000	0,000
9,000	-9,835	-9,873	-9,847	-9,721	-9,604	-9,490	-9,436	-9,381	-9,328	-9,286	-9,232	-9,172	-9,097	-8,984	-8,860	-0,134	-0,012	0,089	0,261	0,290	0,277	0,275	0,252	0,249	0,238	0,249	0,263	0,273	0,268	0,200	0,000	0,000
10,000	-9,945	-9,966	-9,834	-9,676	-9,571	-9,526	-9,500	-9,482	-9,463	-9,461	-9,451	-9,422	-9,376	-9,300	-9,211	-0,202	0,107	0,146	0,215	0,190	0,160	0,136	0,121	0,104	0,107	0,119	0,135	0,160	0,172	0,141	0,000	0,000
11,000	-10,689	-10,577	-10,547	-10,390	-10,304	-10,240	-10,210	-10,187	-10,148	-10,138	-10,102	-10,060	-9,999	-9,910	-9,806	0,054	0,120	0,164	0,220	0,210	0,177	0,171	0,159	0,160	0,155	0,175	0,193	0,203	0,208	0,158	0,000	0,000
12,000	-14,048	-14,093	-13,991	-13,953	-13,888	-13,871	-13,864	-13,860	-13,848	-13,857	-13,838	-13,805	-13,771	-13,685	-13,593	-0,042	0,077	0,090	0,099	0,096	0,075	0,070	0,068	0,069	0,077	0,101	0,129	0,156	0,181	0,144	0,000	0,000
13,000	-8,124	-8,092	-8,099	-8,111	-8,089	-8,079	-8,065	-8,054	-8,026	-8,010	-7,963	-7,902	-7,805	-7,663	-7,493	0,152	0,076	0,047	0,050	0,058	0,071	0,091	0,111	0,136	0,167	0,215	0,263	0,313	0,327	0,260	0,000	0,000
14,000	-11,687	-11,537	-11,618	-11,545	-11,540	-11,513	-11,497	-11,489	-11,477	-11,474	-11,458	-11,419	-11,350	-11,221	-11,044	-0,004	-0,076	-0,004	0,052	0,061	0,059	0,075	0,073	0,087	0,108	0,151	0,205	0,260	0,309	0,249	0,000	0,000
15,000	-8,988	-9,201	-9,049	-9,092	-9,036	-9,042	-9,040	-9,020	-9,007	-9,005	-8,983	-8,952	-8,900	-8,829	-8,739	-0,330	0,001	-0,035	0,029	0,038	0,061	0,060	0,068	0,072	0,088	0,111	0,132	0,158	0,166	0,133	0,000	0,000
	run	21	2022:11:08    10:43:20,681
0,000	-12,982	-13,060	-13,087	-13,161	-13,181	-13,194	-13,200	-13,203	-13,199	-13,215	-13,203	-13,178	-13,136	-13,045	-12,937	-0,197	-0,151	-0,143	-0,089	-0,068	-0,048	-0,019	-0,006	0,010	0,035	0,074	0,115	0,156	0,182	0,151	0,000	0,000
1,000	-16,791	-16,762	-16,666	-16,478	-16,329	-16,221	-16,163	-16,112	-16,072	-16,040	-15,990	-15,949	-15,893	-15,807	-15,691	0,066	0,197	0,253	0,338	0,339	0,301	0,287	0,249	0,228	0,212	0,213	0,224	0,224	0,226	0,177	0,000	0,000
2,000	-10,125	-10,102	-10,076	-9,964	-9,862	-9,779	-9,738	-9,702	-9,658	-9,624	-9,570	-9,512	-9,417	-9,278	-9,109	0,021	0,088	0,133	0,225	0,243	0,228	0,237	0,219	0,225	0,228	0,264	0,300	0,314	0,325	0,249	0,000	0,000
3,000	-20,279	-20,252	-20,183	-19,894	-19,684	-19,548	-19,481	-19,426	-19,370	-19,356	-19,317	-19,276	-19,217	-19,105	-18,978	0,110	0,256	0,327	0,461	0,455	0,378	0,331	0,290	0,256	0,222	0,221	0,241	0,246	0,256	0,192	0,000	0,000
4,000	-10,910	-11,031	-10,928	-10,915	-10,878	-10,893	-10,891	-10,883	-10,876	-10,859	-10,828	-10,751	-10,615	-10,395	-10,106	-0,340	0,008	-0,013	0,045	0,047	0,067	0,075	0,098	0,128	0,180	0,267	0,356	0,451	0,507	0,419	0,000	0,000
5,000	-12,292	-12,203	-12,396	-12,385	-12,409	-12,385	-12,361	-12,366	-12,338	-12,324	-12,284	-12,195	-12,043	-11,795	-11,464	0,035	-0,177	-0,121	-0,013	0,028	0,043	0,085	0,113	0,160	0,207	0,298	0,402	0,511	0,571	0,468	0,000	0,000
6,000	-8,673	-8,693	-8,591	-8,458	-8,347	-8,291	-8,261	-8,228	-8,188	-8,167	-8,116	-8,058	-7,975	-7,838	-7,674	-0,071	0,130	0,169	0,237	0,233	0,204	0,206	0,195	0,193	0,202	0,237	0,272	0,296	0,315	0,243	0,000	0,000
7,000	-7,040	-7,016	-7,019	-6,948	-6,899	-6,874	-6,866	-6,853	-6,839	-6,835	-6,827	-6,814	-6,784	-6,742	-6,697	-0,059	-0,004	0,029	0,092	0,084	0,068	0,068	0,063	0,061	0,062	0,071	0,085	0,090	0,096	0,073	0,000	0,000
8,000	-20,366	-20,602	-20,657	-20,778	-20,781	-20,837	-20,873	-20,902	-20,929	-20,983	-21,008	-21,023	-21,032	-20,999	-20,954	-0,504	-0,315	-0,295	-0,186	-0,163	-0,173	-0,163	-0,152	-0,131	-0,115	-0,078	-0,034	-0,006	0,039	0,042	0,000	0,000
9,000	-9,742	-9,787	-9,753	-9,623	-9,503	-9,391	-9,324	-9,276	-9,225	-9,188	-9,130	-9,072	-8,998	-8,887	-8,758	-0,122	-0,002	0,095	0,265	0,292	0,278	0,277	0,261	0,244	0,235	0,248	0,262	0,271	0,271	0,199	0,000	0,000
10,000	-10,037	-10,065	-9,914	-9,744	-9,626	-9,579	-9,556	-9,540	-9,521	-9,521	-9,505	-9,475	-9,432	-9,355	-9,267	-0,193	0,128	0,169	0,233	0,199	0,164	0,143	0,130	0,107	0,107	0,125	0,139	0,161	0,171	0,140	0,000	0,000
11,000	-10,597	-10,476	-10,449	-10,285	-10,197	-10,140	-10,105	-10,082	-10,049	-10,032	-10,001	-9,960	-9,906	-9,814	-9,711	0,056	0,136	0,176	0,221	0,211	0,177	0,169	0,155	0,154	0,156	0,166	0,191	0,203	0,204	0,158	0,000	0,000
12,000	-14,060	-14,111	-14,007	-13,965	-13,908	-13,889	-13,885	-13,873	-13,861	-13,870	-13,857	-13,823	-13,786	-13,703	-13,604	-0,047	0,086	0,092	0,101	0,088	0,074	0,071	0,067	0,070	0,073	0,098	0,135	0,154	0,178	0,142	0,000	0,000
13,000	-8,068	-8,042	-8,054	-8,055	-8,035	-8,028	-8,018	-8,004	-7,978	-7,960	-7,925	-7,865	-7,765	-7,630	-7,454	0,145	0,073	0,039	0,049	0,059	0,073	0,088	0,111	0,134	0,170	0,209	0,258	0,309	0,317	0,257	0,000	0,000
14,000	-11,732	-11,563	-11,672	-11,602	-11,604	-11,569	-11,549	-11,554	-11,534	-11,536	-11,514	-11,479	-11,408	-11,279	-11,090	0,013	-0,056	0,005	0,056	0,058	0,056	0,075	0,066	0,087	0,109	0,155	0,213	0,263	0,310	0,258	0,000	0,000
15,000	-8,987	-9,135	-9,034	-9,047	-9,008	-9,006	-9,000	-8,980	-8,967	-8,969	-8,945	-8,916	-8,867	-8,794	-8,713	-0,260	-0,015	-0,029	0,028	0,043	0,055	0,061	0,070	0,070	0,085	0,108	0,128	0,153	0,159	0,125	0,000	0,000
	run	22	2022:11:08    10:43:20,723
0,000	-12,979	-13,087	-13,097	-13,178	-13,190	-13,208	-13,214	-13,216	-13,216	-13,228	-13,216	-13,195	-13,151	-13,062	-12,951	-0,209	-0,150	-0,143	-0,090	-0,069	-0,044	-0,021	-0,008	0,012	0,033	0,069	0,111	0,156	0,185	0,146	0,000	0,000
1,000	-16,887	-16,857	-16,757	-16,553	-16,415	-16,305	-16,247	-16,197	-16,149	-16,113	-16,068	-16,032	-15,970	-15,879	-15,763	0,070	0,203	0,261	0,347	0,346	0,312	0,290	0,253	0,232	0,220	0,220	0,222	0,231	0,236	0,180	0,000	0,000
2,000	-10,125	-10,102	-10,076	-9,964	-9,862	-9,779	-9,738	-9,702	-9,658	-9,624	-9,570	-9,512	-9,417	-9,278	-9,109	0,021	0,088	0,133	0,225	0,243	0,228	0,237	0,219	0,225	0,228	0,264	0,300	0,314	0,325	0,249	0,000	0,000
3,000	-20,279	-20,252	-20,183	-19,894	-19,684	-19,548	-19,481	-19,426	-19,370	-19,356	-19,317	-19,276	-19,217	-19,105	-18,978	0,110	0,256	0,327	0,461	0,455	0,378	0,331	0,290	0,256	0,222	0,221	0,241	0,246	0,256	0,192	0,000	0,000
4,000	-10,910	-11,031	-10,928	-10,915	-10,878	-10,893	-10,891	-10,883	-10,876	-10,859	-10,828	-10,751	-10,615	-10,395	-10,106	-0,340	0,008	-0,013	0,045	0,047	0,067	0,075	0,098	0,128	0,180	0,267	0,356	0,451	0,507	0,419	0,000	0,000
5,000	-12,292	-12,203	-12,396	-12,385	-12,409	-12,385	-12,361	-12,366	-12,338	-12,324	-12,284	-12,195	-12,043	-11,795	-11,464	0,035	-0,177	-0,121	-0,013	0,028	0,043	0,085	0,113	0,160	0,207	0,298	0,402	0,511	0,571	0,468	0,000	0,000
6,000	-8,673	-8,693	-8,591	-8,458	-8,347	-8,291	-8,261	-8,228	-8,188	-8,167	-8,116	-8,058	-7,975	-7,838	-7,674	-0,071	0,130	0,169	0,237	0,233	0,204	0,206	0,195	0,193	0,202	0,237	0,272	0,296	0,315	0,243	0,000	0,000
7,000	-7,040	-7,016	-7,019	-6,948	-6,899	-6,874	-6,866	-6,853	-6,839	-6,835	-6,827	-6,814	-6,784	-6,742	-6,697	-0,059	-0,004	0,029	0,092	0,084	0,068	0,068	0,063	0,061	0,062	0,071	0,085	0,090	0,096	0,073	0,000	0,000
8,000	-20,393	-20,630	-20,682	-20,801	-20,804	-20,853	-20,894	-20,925	-20,948	-21,007	-21,023	-21,046	-21,057	-21,016	-20,978	-0,496	-0,336	-0,281	-0,192	-0,163	-0,170	-0,158	-0,150	-0,134	-0,117	-0,074	-0,030	-0,002	0,036	0,034	0,000	0,000
9,000	-9,913	-9,940	-9,908	-9,769	-9,650	-9,534	-9,475	-9,429	-9,367	-9,325	-9,279	-9,216	-9,142	-9,033	-8,906	-0,139	0,007	0,099	0,265	0,295	0,284	0,279	0,260	0,246	0,241	0,252	0,262	0,272	0,263	0,196	0,000	0,000
10,000	-9,951	-9,974	-9,840	-9,684	-9,577	-9,528	-9,509	-9,491	-9,471	-9,476	-9,458	-9,424	-9,386	-9,307	-9,217	-0,208	0,108	0,146	0,210	0,183	0,162	0,139	0,116	0,110	0,109	0,124	0,135	0,165	0,175	0,136	0,000	0,000
11,000	-10,667	-10,563	-10,529	-10,366	-10,280	-10,217	-10,182	-10,159	-10,125	-10,112	-10,077	-10,027	-9,976	-9,884	-9,785	0,057	0,128	0,167	0,221	0,214	0,182	0,173	0,166	0,161	0,151	0,173	0,192	0,206	0,210	0,156	0,000	0,000
12,000	-13,941	-13,995	-13,894	-13,857	-13,796	-13,785	-13,777	-13,767	-13,758	-13,769	-13,746	-13,721	-13,682	-13,597	-13,504	-0,062	0,082	0,087	0,093	0,088	0,069	0,073	0,066	0,066	0,071	0,099	0,127	0,153	0,176	0,138	0,000	0,000
13,000	-8,138	-8,115	-8,114	-8,125	-8,106	-8,099	-8,079	-8,068	-8,046	-8,029	-7,982	-7,929	-7,824	-7,690	-7,510	0,151	0,089	0,047	0,058	0,060	0,073	0,090	0,114	0,137	0,167	0,216	0,261	0,314	0,324	0,263	0,000	0,000
14,000	-11,765	-11,642	-11,718	-11,663	-11,655	-11,630	-11,609	-11,611	-11,597	-11,594	-11,579	-11,540	-11,463	-11,338	-11,145	-0,012	-0,066	-0,001	0,045	0,050	0,057	0,069	0,071	0,090	0,104	0,160	0,215	0,269	0,307	0,251	0,000	0,000
15,000	-9,052	-9,201	-9,098	-9,117	-9,074	-9,074	-9,063	-9,050	-9,034	-9,034	-9,010	-8,977	-8,929	-8,858	-8,771	-0,235	-0,009	-0,034	0,035	0,037	0,054	0,057	0,066	0,076	0,091	0,109	0,129	0,159	0,163	0,132	0,000	0,000
