Device: PM2003001		2022:11:08    11:50:11,703  (DLL version: 1.20;  Status: HW:v1.02 SW:v1.3 CRC:31ED BATTERY:4154mV ST:0 ERR:0000;  MUX data; S: 92 I:143 R:200.000 C:1.094p F:)
Excitation level, V:	2,00
Voltage Channel Gain:	5
Current Channel Gain:	1
Voltmeter Range, V:	0,6
Ampermeter Range, A:	15,0m
Step Period, ms:	5
R transimp:	200
C transimp:	1,1p
Measurement Table: 	EEPROM  16

Freq, Hz	1,0k	2,0k	3,0k	7,0k	11,0k	17,0k	23,0k	31,0k	43,0k	61,0k	89,0k	127,0k	179,0k	251,0k	349,0k	1,0k	2,0k	3,0k	7,0k	11,0k	17,0k	23,0k	31,0k	43,0k	61,0k	89,0k	127,0k	179,0k	251,0k	349,0k
	run	1	2022:11:08    11:50:11,706
MUX	Re1, ohm	Re2, ohm	Re3, ohm	Re4, ohm	Re5, ohm	Re6, ohm	Re7, ohm	Re8, ohm	Re9, ohm	Re10, ohm	Re11, ohm	Re12, ohm	Re13, ohm	Re14, ohm	Re15, ohm	Im1, ohm	Im2, ohm	Im3, ohm	Im4, ohm	Im5, ohm	Im6, ohm	Im7, ohm	Im8, ohm	Im9, ohm	Im10, ohm	Im11, ohm	Im12, ohm	Im13, ohm	Im14, ohm	Im15, ohm	U, V	I, mA

0,000	-12,858	-12,926	-12,954	-13,045	-13,063	-13,078	-13,095	-13,101	-13,099	-13,116	-13,105	-13,080	-13,046	-12,963	-12,866	-0,194	-0,166	-0,154	-0,105	-0,089	-0,062	-0,036	-0,018	0,001	0,023	0,056	0,100	0,137	0,157	0,129	0,000	0,000
1,000	-16,176	-16,158	-16,075	-15,873	-15,711	-15,594	-15,522	-15,464	-15,398	-15,369	-15,308	-15,261	-15,206	-15,112	-15,019	0,063	0,207	0,270	0,373	0,379	0,338	0,324	0,293	0,266	0,243	0,234	0,232	0,225	0,228	0,163	0,000	0,000
2,000	-9,770	-9,756	-9,731	-9,625	-9,530	-9,460	-9,418	-9,385	-9,329	-9,303	-9,236	-9,167	-9,081	-8,945	-8,799	0,043	0,088	0,143	0,217	0,227	0,221	0,226	0,230	0,232	0,237	0,265	0,285	0,310	0,310	0,231	0,000	0,000
3,000	-19,442	-19,434	-19,373	-19,115	-18,918	-18,798	-18,727	-18,679	-18,623	-18,608	-18,576	-18,538	-18,491	-18,385	-18,275	0,068	0,222	0,275	0,423	0,424	0,350	0,314	0,268	0,238	0,202	0,195	0,211	0,219	0,227	0,174	0,000	0,000
4,000	-10,492	-10,533	-10,441	-10,429	-10,396	-10,394	-10,394	-10,394	-10,382	-10,369	-10,326	-10,266	-10,144	-9,949	-9,684	-0,156	0,024	0,018	0,051	0,059	0,065	0,078	0,089	0,121	0,173	0,258	0,332	0,408	0,455	0,376	0,000	0,000
5,000	-11,994	-12,023	-12,112	-12,175	-12,146	-12,137	-12,122	-12,122	-12,093	-12,095	-12,059	-11,967	-11,853	-11,614	-11,334	-0,101	-0,156	-0,128	-0,021	0,021	0,033	0,066	0,098	0,140	0,181	0,269	0,364	0,446	0,506	0,406	0,000	0,000
6,000	-8,701	-8,669	-8,588	-8,456	-8,356	-8,301	-8,269	-8,241	-8,203	-8,177	-8,126	-8,064	-7,971	-7,827	-7,649	-0,003	0,125	0,154	0,231	0,219	0,199	0,198	0,193	0,206	0,223	0,249	0,291	0,322	0,344	0,262	0,000	0,000
7,000	-7,391	-7,307	-7,284	-7,166	-7,106	-7,077	-7,049	-7,042	-7,021	-7,015	-7,000	-6,981	-6,951	-6,898	-6,836	0,049	0,090	0,135	0,161	0,133	0,107	0,095	0,090	0,086	0,087	0,092	0,105	0,111	0,119	0,095	0,000	0,000
8,000	-21,177	-21,536	-21,553	-21,776	-21,770	-21,829	-21,860	-21,889	-21,912	-21,956	-21,963	-21,983	-21,983	-21,934	-21,870	-0,672	-0,434	-0,399	-0,262	-0,193	-0,171	-0,150	-0,137	-0,114	-0,090	-0,046	-0,005	0,030	0,078	0,068	0,000	0,000
9,000	-10,370	-10,284	-10,188	-9,943	-9,785	-9,679	-9,621	-9,576	-9,524	-9,490	-9,427	-9,374	-9,275	-9,147	-8,985	0,046	0,217	0,292	0,377	0,369	0,328	0,303	0,286	0,264	0,253	0,283	0,299	0,321	0,323	0,244	0,000	0,000
10,000	-10,448	-10,458	-10,333	-10,198	-10,103	-10,073	-10,051	-10,030	-10,002	-9,994	-9,968	-9,928	-9,871	-9,769	-9,656	-0,166	0,102	0,148	0,198	0,163	0,143	0,135	0,131	0,128	0,135	0,159	0,183	0,214	0,230	0,180	0,000	0,000
11,000	-10,250	-10,161	-10,120	-9,964	-9,884	-9,826	-9,793	-9,772	-9,741	-9,718	-9,678	-9,629	-9,566	-9,464	-9,340	0,011	0,102	0,153	0,206	0,203	0,175	0,173	0,161	0,163	0,172	0,191	0,216	0,238	0,245	0,186	0,000	0,000
12,000	-15,582	-15,512	-15,448	-15,376	-15,322	-15,303	-15,299	-15,301	-15,290	-15,302	-15,284	-15,258	-15,226	-15,134	-15,034	0,044	0,115	0,125	0,119	0,092	0,068	0,067	0,058	0,062	0,069	0,100	0,127	0,156	0,185	0,151	0,000	0,000
13,000	-7,877	-7,666	-7,662	-7,588	-7,559	-7,529	-7,505	-7,487	-7,459	-7,427	-7,378	-7,319	-7,226	-7,092	-6,925	0,458	0,284	0,228	0,159	0,148	0,135	0,153	0,157	0,176	0,195	0,232	0,269	0,303	0,318	0,253	0,000	0,000
14,000	-11,282	-11,013	-11,084	-10,980	-10,980	-10,947	-10,925	-10,929	-10,915	-10,911	-10,896	-10,848	-10,784	-10,657	-10,476	0,328	0,113	0,136	0,114	0,103	0,078	0,084	0,082	0,095	0,107	0,150	0,214	0,262	0,297	0,245	0,000	0,000
15,000	-9,159	-9,282	-9,225	-9,209	-9,181	-9,180	-9,169	-9,153	-9,137	-9,128	-9,105	-9,078	-9,032	-8,971	-8,886	-0,229	-0,038	-0,032	0,033	0,041	0,058	0,062	0,069	0,072	0,090	0,109	0,119	0,142	0,154	0,121	0,000	0,000
	run	2	2022:11:08    11:50:11,806
0,000	-13,356	-13,429	-13,471	-13,551	-13,583	-13,607	-13,617	-13,623	-13,628	-13,640	-13,627	-13,602	-13,565	-13,480	-13,370	-0,189	-0,168	-0,170	-0,110	-0,095	-0,069	-0,042	-0,022	-0,001	0,025	0,062	0,109	0,152	0,177	0,145	0,000	0,000
1,000	-16,588	-16,594	-16,482	-16,268	-16,085	-15,961	-15,887	-15,824	-15,764	-15,729	-15,663	-15,611	-15,556	-15,450	-15,350	0,062	0,220	0,283	0,406	0,405	0,363	0,337	0,306	0,289	0,259	0,249	0,250	0,245	0,239	0,176	0,000	0,000
2,000	-10,205	-10,185	-10,154	-10,013	-9,904	-9,838	-9,786	-9,752	-9,693	-9,664	-9,589	-9,516	-9,423	-9,272	-9,110	0,090	0,137	0,174	0,254	0,260	0,246	0,246	0,246	0,250	0,257	0,288	0,317	0,337	0,340	0,253	0,000	0,000
3,000	-20,484	-20,438	-20,357	-20,027	-19,804	-19,664	-19,597	-19,534	-19,487	-19,481	-19,443	-19,401	-19,352	-19,246	-19,129	0,140	0,305	0,385	0,501	0,475	0,395	0,335	0,288	0,251	0,211	0,209	0,224	0,231	0,243	0,185	0,000	0,000
4,000	-10,592	-10,629	-10,532	-10,530	-10,502	-10,497	-10,498	-10,493	-10,486	-10,461	-10,425	-10,365	-10,243	-10,044	-9,780	-0,172	0,008	0,004	0,058	0,061	0,064	0,082	0,090	0,125	0,177	0,252	0,338	0,416	0,463	0,381	0,000	0,000
5,000	-11,787	-11,786	-11,900	-11,937	-11,918	-11,905	-11,892	-11,899	-11,864	-11,869	-11,828	-11,747	-11,627	-11,400	-11,124	-0,078	-0,153	-0,113	-0,007	0,019	0,029	0,073	0,096	0,129	0,175	0,262	0,353	0,434	0,496	0,397	0,000	0,000
6,000	-8,460	-8,446	-8,372	-8,238	-8,144	-8,094	-8,060	-8,034	-7,995	-7,973	-7,917	-7,858	-7,774	-7,632	-7,462	-0,035	0,114	0,148	0,215	0,207	0,189	0,199	0,193	0,199	0,211	0,244	0,279	0,310	0,329	0,256	0,000	0,000
7,000	-7,223	-7,145	-7,124	-7,016	-6,969	-6,927	-6,910	-6,900	-6,884	-6,873	-6,863	-6,841	-6,817	-6,770	-6,713	0,044	0,066	0,103	0,142	0,118	0,092	0,095	0,085	0,082	0,074	0,088	0,094	0,105	0,107	0,080	0,000	0,000
8,000	-20,685	-21,010	-21,045	-21,241	-21,249	-21,296	-21,329	-21,361	-21,380	-21,427	-21,432	-21,446	-21,453	-21,409	-21,339	-0,640	-0,397	-0,374	-0,244	-0,184	-0,168	-0,148	-0,134	-0,110	-0,088	-0,041	-0,006	0,027	0,073	0,068	0,000	0,000
9,000	-10,126	-10,102	-10,011	-9,775	-9,633	-9,516	-9,458	-9,416	-9,363	-9,328	-9,275	-9,222	-9,137	-9,004	-8,856	0,033	0,184	0,262	0,364	0,358	0,315	0,294	0,268	0,257	0,250	0,266	0,287	0,303	0,311	0,231	0,000	0,000
10,000	-10,038	-10,083	-9,971	-9,843	-9,760	-9,727	-9,706	-9,691	-9,661	-9,651	-9,626	-9,592	-9,529	-9,436	-9,326	-0,195	0,073	0,111	0,177	0,158	0,137	0,128	0,118	0,121	0,132	0,149	0,178	0,204	0,213	0,170	0,000	0,000
11,000	-10,041	-9,976	-9,943	-9,796	-9,718	-9,659	-9,629	-9,603	-9,571	-9,554	-9,509	-9,467	-9,401	-9,298	-9,179	-0,016	0,082	0,138	0,206	0,196	0,172	0,168	0,160	0,162	0,169	0,187	0,218	0,230	0,240	0,185	0,000	0,000
12,000	-15,642	-15,567	-15,500	-15,428	-15,376	-15,360	-15,353	-15,358	-15,335	-15,355	-15,340	-15,314	-15,276	-15,187	-15,084	0,047	0,114	0,123	0,122	0,093	0,061	0,063	0,056	0,060	0,068	0,099	0,135	0,165	0,187	0,147	0,000	0,000
13,000	-8,036	-7,795	-7,808	-7,721	-7,701	-7,664	-7,644	-7,626	-7,594	-7,559	-7,515	-7,448	-7,357	-7,221	-7,048	0,481	0,294	0,228	0,167	0,156	0,140	0,153	0,161	0,179	0,201	0,237	0,279	0,313	0,328	0,257	0,000	0,000
14,000	-11,599	-11,344	-11,418	-11,302	-11,291	-11,262	-11,247	-11,244	-11,234	-11,229	-11,217	-11,170	-11,100	-10,966	-10,783	0,338	0,125	0,146	0,123	0,105	0,086	0,090	0,084	0,100	0,119	0,159	0,205	0,267	0,307	0,253	0,000	0,000
15,000	-9,218	-9,329	-9,283	-9,265	-9,236	-9,233	-9,221	-9,204	-9,197	-9,182	-9,163	-9,128	-9,087	-9,025	-8,942	-0,241	-0,037	-0,026	0,027	0,041	0,057	0,058	0,066	0,074	0,092	0,112	0,122	0,147	0,150	0,120	0,000	0,000
	run	3	2022:11:08    11:50:11,906
0,000	-13,207	-13,280	-13,323	-13,413	-13,439	-13,466	-13,475	-13,476	-13,484	-13,501	-13,486	-13,460	-13,421	-13,330	-13,227	-0,208	-0,176	-0,160	-0,111	-0,093	-0,069	-0,047	-0,028	-0,000	0,022	0,069	0,107	0,148	0,176	0,137	0,000	0,000
1,000	-16,695	-16,667	-16,576	-16,332	-16,155	-16,023	-15,953	-15,893	-15,831	-15,784	-15,724	-15,669	-15,612	-15,515	-15,403	0,089	0,237	0,304	0,409	0,419	0,370	0,350	0,316	0,289	0,263	0,257	0,257	0,244	0,243	0,181	0,000	0,000
2,000	-10,318	-10,288	-10,246	-10,102	-9,993	-9,919	-9,866	-9,836	-9,776	-9,742	-9,672	-9,591	-9,495	-9,341	-9,171	0,069	0,137	0,186	0,261	0,260	0,247	0,252	0,256	0,260	0,266	0,293	0,327	0,351	0,353	0,265	0,000	0,000
3,000	-20,922	-20,858	-20,744	-20,386	-20,165	-20,022	-19,949	-19,893	-19,842	-19,831	-19,790	-19,750	-19,703	-19,590	-19,467	0,144	0,333	0,434	0,535	0,498	0,402	0,348	0,300	0,257	0,219	0,215	0,229	0,238	0,251	0,190	0,000	0,000
4,000	-11,175	-11,218	-11,135	-11,151	-11,122	-11,124	-11,118	-11,118	-11,110	-11,097	-11,041	-10,975	-10,839	-10,618	-10,324	-0,168	-0,005	-0,007	0,029	0,045	0,057	0,082	0,101	0,134	0,198	0,277	0,369	0,457	0,516	0,422	0,000	0,000
5,000	-12,636	-12,659	-12,759	-12,808	-12,783	-12,769	-12,754	-12,755	-12,722	-12,735	-12,685	-12,602	-12,475	-12,223	-11,920	-0,112	-0,162	-0,123	-0,008	0,028	0,034	0,071	0,103	0,142	0,188	0,285	0,390	0,477	0,542	0,431	0,000	0,000
6,000	-8,755	-8,715	-8,622	-8,467	-8,370	-8,314	-8,283	-8,249	-8,209	-8,191	-8,134	-8,082	-7,995	-7,854	-7,690	0,001	0,148	0,185	0,240	0,238	0,203	0,202	0,197	0,200	0,213	0,242	0,272	0,304	0,320	0,247	0,000	0,000
7,000	-6,955	-6,902	-6,921	-6,849	-6,806	-6,777	-6,755	-6,749	-6,728	-6,719	-6,717	-6,696	-6,677	-6,634	-6,591	0,026	0,010	0,046	0,101	0,095	0,081	0,079	0,072	0,068	0,066	0,067	0,077	0,079	0,089	0,063	0,000	0,000
8,000	-19,854	-20,162	-20,154	-20,329	-20,324	-20,379	-20,413	-20,433	-20,451	-20,502	-20,507	-20,522	-20,525	-20,485	-20,429	-0,620	-0,346	-0,324	-0,208	-0,168	-0,150	-0,133	-0,128	-0,105	-0,086	-0,047	-0,010	0,022	0,069	0,068	0,000	0,000
9,000	-9,633	-9,620	-9,567	-9,390	-9,259	-9,146	-9,096	-9,049	-8,998	-8,959	-8,911	-8,854	-8,774	-8,662	-8,523	-0,026	0,081	0,172	0,305	0,320	0,286	0,280	0,250	0,233	0,236	0,252	0,267	0,280	0,281	0,213	0,000	0,000
10,000	-9,542	-9,618	-9,532	-9,447	-9,378	-9,349	-9,325	-9,313	-9,283	-9,276	-9,254	-9,216	-9,155	-9,069	-8,956	-0,250	-0,001	0,049	0,126	0,125	0,116	0,116	0,109	0,114	0,123	0,147	0,166	0,198	0,206	0,169	0,000	0,000
11,000	-9,853	-9,793	-9,778	-9,652	-9,579	-9,526	-9,491	-9,471	-9,443	-9,422	-9,383	-9,341	-9,275	-9,183	-9,065	-0,056	0,053	0,100	0,173	0,173	0,158	0,160	0,148	0,151	0,160	0,180	0,204	0,221	0,227	0,173	0,000	0,000
12,000	-15,593	-15,508	-15,462	-15,380	-15,332	-15,315	-15,307	-15,309	-15,296	-15,309	-15,297	-15,263	-15,228	-15,138	-15,032	0,057	0,108	0,120	0,118	0,097	0,068	0,062	0,055	0,057	0,069	0,107	0,132	0,163	0,184	0,148	0,000	0,000
13,000	-8,121	-7,904	-7,886	-7,807	-7,782	-7,749	-7,729	-7,708	-7,678	-7,644	-7,598	-7,530	-7,444	-7,308	-7,138	0,477	0,303	0,241	0,170	0,149	0,143	0,150	0,162	0,178	0,201	0,236	0,275	0,310	0,320	0,257	0,000	0,000
14,000	-11,657	-11,365	-11,451	-11,331	-11,328	-11,287	-11,267	-11,270	-11,253	-11,257	-11,242	-11,194	-11,125	-10,987	-10,808	0,363	0,139	0,155	0,130	0,106	0,087	0,092	0,088	0,099	0,119	0,161	0,215	0,266	0,313	0,256	0,000	0,000
15,000	-9,212	-9,322	-9,270	-9,259	-9,230	-9,229	-9,217	-9,201	-9,189	-9,182	-9,159	-9,124	-9,079	-9,011	-8,929	-0,241	-0,037	-0,031	0,030	0,040	0,056	0,064	0,075	0,077	0,095	0,111	0,125	0,149	0,160	0,127	0,000	0,000
	run	4	2022:11:08    11:50:11,955
0,000	-13,258	-13,324	-13,364	-13,454	-13,488	-13,506	-13,521	-13,523	-13,527	-13,541	-13,530	-13,504	-13,458	-13,376	-13,268	-0,217	-0,181	-0,158	-0,121	-0,100	-0,074	-0,043	-0,023	-0,003	0,023	0,068	0,113	0,155	0,179	0,146	0,000	0,000
1,000	-16,854	-16,820	-16,707	-16,471	-16,283	-16,153	-16,083	-16,013	-15,942	-15,910	-15,849	-15,801	-15,732	-15,630	-15,520	0,097	0,254	0,317	0,433	0,425	0,382	0,354	0,324	0,295	0,267	0,262	0,258	0,257	0,248	0,184	0,000	0,000
2,000	-10,318	-10,288	-10,246	-10,102	-9,993	-9,919	-9,866	-9,836	-9,776	-9,742	-9,672	-9,591	-9,495	-9,341	-9,171	0,069	0,137	0,186	0,261	0,260	0,247	0,252	0,256	0,260	0,266	0,293	0,327	0,351	0,353	0,265	0,000	0,000
3,000	-20,922	-20,858	-20,744	-20,386	-20,165	-20,022	-19,949	-19,893	-19,842	-19,831	-19,790	-19,750	-19,703	-19,590	-19,467	0,144	0,333	0,434	0,535	0,498	0,402	0,348	0,300	0,257	0,219	0,215	0,229	0,238	0,251	0,190	0,000	0,000
4,000	-11,175	-11,218	-11,135	-11,151	-11,122	-11,124	-11,118	-11,118	-11,110	-11,097	-11,041	-10,975	-10,839	-10,618	-10,324	-0,168	-0,005	-0,007	0,029	0,045	0,057	0,082	0,101	0,134	0,198	0,277	0,369	0,457	0,516	0,422	0,000	0,000
5,000	-12,636	-12,659	-12,759	-12,808	-12,783	-12,769	-12,754	-12,755	-12,722	-12,735	-12,685	-12,602	-12,475	-12,223	-11,920	-0,112	-0,162	-0,123	-0,008	0,028	0,034	0,071	0,103	0,142	0,188	0,285	0,390	0,477	0,542	0,431	0,000	0,000
6,000	-8,755	-8,715	-8,622	-8,467	-8,370	-8,314	-8,283	-8,249	-8,209	-8,191	-8,134	-8,082	-7,995	-7,854	-7,690	0,001	0,148	0,185	0,240	0,238	0,203	0,202	0,197	0,200	0,213	0,242	0,272	0,304	0,320	0,247	0,000	0,000
7,000	-6,955	-6,902	-6,921	-6,849	-6,806	-6,777	-6,755	-6,749	-6,728	-6,719	-6,717	-6,696	-6,677	-6,634	-6,591	0,026	0,010	0,046	0,101	0,095	0,081	0,079	0,072	0,068	0,066	0,067	0,077	0,079	0,089	0,063	0,000	0,000
8,000	-19,215	-19,467	-19,450	-19,587	-19,568	-19,618	-19,642	-19,663	-19,681	-19,724	-19,734	-19,744	-19,749	-19,709	-19,651	-0,592	-0,306	-0,269	-0,164	-0,132	-0,123	-0,112	-0,107	-0,090	-0,071	-0,038	0,002	0,031	0,065	0,070	0,000	0,000
9,000	-9,196	-9,229	-9,181	-9,056	-8,943	-8,848	-8,793	-8,753	-8,708	-8,672	-8,625	-8,571	-8,496	-8,389	-8,252	-0,069	0,046	0,114	0,252	0,270	0,254	0,247	0,230	0,220	0,224	0,229	0,247	0,263	0,266	0,200	0,000	0,000
10,000	-9,469	-9,544	-9,471	-9,390	-9,320	-9,285	-9,266	-9,254	-9,232	-9,219	-9,198	-9,165	-9,108	-9,025	-8,916	-0,251	-0,004	0,035	0,119	0,114	0,108	0,108	0,107	0,109	0,114	0,135	0,156	0,188	0,196	0,158	0,000	0,000
11,000	-9,903	-9,868	-9,846	-9,734	-9,664	-9,617	-9,586	-9,562	-9,536	-9,514	-9,478	-9,440	-9,384	-9,288	-9,177	-0,059	0,036	0,084	0,158	0,160	0,141	0,146	0,138	0,143	0,152	0,170	0,193	0,211	0,221	0,168	0,000	0,000
12,000	-15,282	-15,202	-15,142	-15,073	-15,018	-15,000	-14,989	-14,995	-14,981	-14,995	-14,974	-14,948	-14,910	-14,825	-14,719	0,042	0,112	0,116	0,115	0,100	0,064	0,061	0,062	0,068	0,071	0,093	0,131	0,161	0,184	0,145	0,000	0,000
13,000	-7,928	-7,719	-7,708	-7,632	-7,607	-7,574	-7,552	-7,539	-7,508	-7,473	-7,427	-7,362	-7,274	-7,138	-6,970	0,462	0,287	0,229	0,164	0,144	0,140	0,148	0,158	0,175	0,190	0,227	0,270	0,303	0,318	0,252	0,000	0,000
14,000	-11,435	-11,117	-11,216	-11,100	-11,095	-11,053	-11,037	-11,040	-11,025	-11,036	-11,018	-10,968	-10,901	-10,767	-10,583	0,375	0,113	0,157	0,131	0,109	0,086	0,092	0,081	0,099	0,116	0,156	0,212	0,267	0,309	0,248	0,000	0,000
15,000	-9,164	-9,284	-9,228	-9,216	-9,188	-9,190	-9,179	-9,158	-9,147	-9,139	-9,114	-9,081	-9,040	-8,969	-8,888	-0,237	-0,027	-0,029	0,032	0,038	0,058	0,064	0,071	0,073	0,095	0,109	0,127	0,148	0,157	0,130	0,000	0,000
	run	5	2022:11:08    11:50:12,054
0,000	-13,493	-13,554	-13,605	-13,688	-13,723	-13,747	-13,761	-13,766	-13,769	-13,784	-13,773	-13,745	-13,704	-13,614	-13,508	-0,210	-0,185	-0,167	-0,120	-0,102	-0,069	-0,050	-0,022	0,001	0,020	0,069	0,113	0,152	0,184	0,149	0,000	0,000
1,000	-17,103	-17,046	-16,939	-16,676	-16,491	-16,362	-16,278	-16,217	-16,144	-16,114	-16,046	-15,982	-15,924	-15,818	-15,709	0,123	0,278	0,342	0,442	0,441	0,398	0,366	0,333	0,309	0,272	0,271	0,264	0,261	0,251	0,180	0,000	0,000
2,000	-10,582	-10,549	-10,503	-10,354	-10,242	-10,170	-10,119	-10,076	-10,022	-9,983	-9,911	-9,833	-9,729	-9,574	-9,391	0,087	0,150	0,197	0,269	0,275	0,254	0,262	0,255	0,275	0,278	0,309	0,341	0,367	0,367	0,280	0,000	0,000
3,000	-21,389	-21,312	-21,150	-20,777	-20,542	-20,397	-20,329	-20,270	-20,218	-20,204	-20,167	-20,128	-20,075	-19,957	-19,829	0,214	0,426	0,496	0,571	0,517	0,422	0,369	0,312	0,264	0,224	0,219	0,232	0,252	0,264	0,197	0,000	0,000
4,000	-11,288	-11,347	-11,262	-11,276	-11,253	-11,255	-11,256	-11,260	-11,242	-11,221	-11,173	-11,098	-10,958	-10,734	-10,424	-0,210	-0,012	-0,026	0,019	0,045	0,061	0,083	0,105	0,144	0,201	0,289	0,386	0,476	0,534	0,439	0,000	0,000
5,000	-12,619	-12,633	-12,733	-12,769	-12,746	-12,730	-12,716	-12,720	-12,691	-12,695	-12,654	-12,562	-12,435	-12,185	-11,876	-0,103	-0,159	-0,113	-0,004	0,033	0,036	0,077	0,105	0,147	0,194	0,283	0,388	0,485	0,545	0,437	0,000	0,000
6,000	-8,819	-8,783	-8,685	-8,522	-8,429	-8,369	-8,338	-8,310	-8,270	-8,245	-8,195	-8,129	-8,044	-7,909	-7,741	0,007	0,160	0,195	0,249	0,232	0,202	0,204	0,199	0,200	0,218	0,250	0,279	0,312	0,328	0,250	0,000	0,000
7,000	-6,960	-6,910	-6,927	-6,858	-6,812	-6,779	-6,761	-6,752	-6,741	-6,737	-6,720	-6,702	-6,683	-6,649	-6,604	0,027	0,008	0,049	0,099	0,099	0,073	0,077	0,070	0,071	0,063	0,064	0,073	0,080	0,083	0,065	0,000	0,000
8,000	-19,274	-19,588	-19,544	-19,695	-19,685	-19,728	-19,757	-19,771	-19,799	-19,839	-19,840	-19,866	-19,864	-19,820	-19,763	-0,575	-0,315	-0,270	-0,170	-0,133	-0,125	-0,108	-0,109	-0,098	-0,077	-0,037	0,000	0,024	0,071	0,067	0,000	0,000
9,000	-9,355	-9,355	-9,292	-9,173	-9,044	-8,950	-8,896	-8,850	-8,803	-8,771	-8,721	-8,666	-8,596	-8,483	-8,349	-0,058	0,056	0,124	0,251	0,282	0,261	0,256	0,236	0,229	0,220	0,238	0,254	0,267	0,268	0,201	0,000	0,000
10,000	-9,482	-9,577	-9,498	-9,428	-9,368	-9,336	-9,323	-9,309	-9,281	-9,276	-9,251	-9,221	-9,163	-9,082	-8,978	-0,243	-0,008	0,026	0,105	0,097	0,103	0,104	0,103	0,104	0,115	0,132	0,151	0,182	0,194	0,151	0,000	0,000
11,000	-9,863	-9,826	-9,806	-9,701	-9,636	-9,586	-9,556	-9,534	-9,508	-9,487	-9,452	-9,413	-9,356	-9,263	-9,159	-0,071	0,018	0,072	0,147	0,159	0,140	0,145	0,137	0,142	0,147	0,167	0,189	0,204	0,212	0,160	0,000	0,000
12,000	-14,723	-14,658	-14,590	-14,516	-14,464	-14,441	-14,438	-14,439	-14,428	-14,437	-14,421	-14,397	-14,363	-14,282	-14,184	0,042	0,120	0,125	0,115	0,095	0,066	0,063	0,059	0,060	0,064	0,092	0,124	0,151	0,174	0,138	0,000	0,000
13,000	-7,669	-7,465	-7,468	-7,400	-7,376	-7,345	-7,323	-7,308	-7,277	-7,245	-7,197	-7,138	-7,050	-6,925	-6,763	0,433	0,266	0,202	0,147	0,140	0,127	0,137	0,148	0,167	0,189	0,223	0,258	0,296	0,305	0,239	0,000	0,000
14,000	-11,191	-10,926	-11,011	-10,903	-10,897	-10,860	-10,846	-10,850	-10,838	-10,832	-10,815	-10,780	-10,704	-10,576	-10,398	0,356	0,113	0,130	0,119	0,097	0,078	0,086	0,077	0,089	0,118	0,155	0,205	0,265	0,302	0,245	0,000	0,000
15,000	-9,177	-9,282	-9,232	-9,217	-9,184	-9,183	-9,171	-9,151	-9,139	-9,126	-9,107	-9,076	-9,036	-8,963	-8,882	-0,236	-0,030	-0,028	0,033	0,039	0,059	0,064	0,073	0,078	0,094	0,112	0,127	0,148	0,161	0,130	0,000	0,000
	run	6	2022:11:08    11:50:12,106
0,000	-13,493	-13,554	-13,605	-13,688	-13,723	-13,747	-13,761	-13,766	-13,769	-13,784	-13,773	-13,745	-13,704	-13,614	-13,508	-0,210	-0,185	-0,167	-0,120	-0,102	-0,069	-0,050	-0,022	0,001	0,020	0,069	0,113	0,152	0,184	0,149	0,000	0,000
1,000	-17,103	-17,046	-16,939	-16,676	-16,491	-16,362	-16,278	-16,217	-16,144	-16,114	-16,046	-15,982	-15,924	-15,818	-15,709	0,123	0,278	0,342	0,442	0,441	0,398	0,366	0,333	0,309	0,272	0,271	0,264	0,261	0,251	0,180	0,000	0,000
2,000	-10,582	-10,549	-10,503	-10,354	-10,242	-10,170	-10,119	-10,076	-10,022	-9,983	-9,911	-9,833	-9,729	-9,574	-9,391	0,087	0,150	0,197	0,269	0,275	0,254	0,262	0,255	0,275	0,278	0,309	0,341	0,367	0,367	0,280	0,000	0,000
3,000	-21,389	-21,312	-21,150	-20,777	-20,542	-20,397	-20,329	-20,270	-20,218	-20,204	-20,167	-20,128	-20,075	-19,957	-19,829	0,214	0,426	0,496	0,571	0,517	0,422	0,369	0,312	0,264	0,224	0,219	0,232	0,252	0,264	0,197	0,000	0,000
4,000	-11,288	-11,347	-11,262	-11,276	-11,253	-11,255	-11,256	-11,260	-11,242	-11,221	-11,173	-11,098	-10,958	-10,734	-10,424	-0,210	-0,012	-0,026	0,019	0,045	0,061	0,083	0,105	0,144	0,201	0,289	0,386	0,476	0,534	0,439	0,000	0,000
5,000	-12,619	-12,633	-12,733	-12,769	-12,746	-12,730	-12,716	-12,720	-12,691	-12,695	-12,654	-12,562	-12,435	-12,185	-11,876	-0,103	-0,159	-0,113	-0,004	0,033	0,036	0,077	0,105	0,147	0,194	0,283	0,388	0,485	0,545	0,437	0,000	0,000
6,000	-8,765	-8,729	-8,639	-8,490	-8,393	-8,334	-8,303	-8,279	-8,234	-8,214	-8,161	-8,100	-8,011	-7,863	-7,699	0,004	0,139	0,188	0,233	0,225	0,194	0,201	0,194	0,202	0,218	0,247	0,282	0,319	0,331	0,254	0,000	0,000
7,000	-7,149	-7,095	-7,084	-6,980	-6,926	-6,895	-6,875	-6,867	-6,843	-6,843	-6,831	-6,812	-6,795	-6,748	-6,702	0,036	0,047	0,082	0,138	0,117	0,092	0,089	0,080	0,075	0,072	0,069	0,080	0,083	0,091	0,066	0,000	0,000
8,000	-20,047	-20,332	-20,337	-20,521	-20,518	-20,570	-20,605	-20,627	-20,647	-20,693	-20,701	-20,721	-20,723	-20,682	-20,625	-0,595	-0,361	-0,335	-0,224	-0,169	-0,162	-0,145	-0,126	-0,114	-0,096	-0,043	-0,010	0,018	0,062	0,060	0,000	0,000
9,000	-9,718	-9,694	-9,625	-9,435	-9,288	-9,177	-9,116	-9,070	-9,020	-8,993	-8,937	-8,880	-8,803	-8,685	-8,550	-0,030	0,123	0,211	0,331	0,334	0,305	0,289	0,263	0,247	0,233	0,249	0,273	0,284	0,287	0,216	0,000	0,000
10,000	-9,555	-9,629	-9,555	-9,496	-9,425	-9,403	-9,384	-9,369	-9,344	-9,344	-9,316	-9,285	-9,228	-9,142	-9,039	-0,268	-0,011	0,018	0,099	0,095	0,101	0,100	0,102	0,101	0,117	0,139	0,152	0,187	0,196	0,158	0,000	0,000
11,000	-9,602	-9,562	-9,551	-9,437	-9,368	-9,318	-9,286	-9,272	-9,237	-9,217	-9,184	-9,146	-9,085	-8,990	-8,887	-0,074	0,018	0,076	0,152	0,164	0,146	0,149	0,140	0,143	0,151	0,168	0,189	0,205	0,210	0,164	0,000	0,000
12,000	-14,492	-14,430	-14,366	-14,289	-14,234	-14,224	-14,218	-14,213	-14,210	-14,213	-14,209	-14,180	-14,147	-14,063	-13,971	0,053	0,121	0,121	0,112	0,098	0,066	0,057	0,054	0,056	0,058	0,088	0,120	0,145	0,171	0,137	0,000	0,000
13,000	-7,560	-7,354	-7,357	-7,292	-7,269	-7,239	-7,218	-7,201	-7,172	-7,144	-7,097	-7,039	-6,957	-6,830	-6,675	0,429	0,257	0,206	0,145	0,132	0,125	0,138	0,148	0,165	0,183	0,218	0,254	0,288	0,301	0,235	0,000	0,000
14,000	-11,239	-10,959	-11,046	-10,943	-10,933	-10,900	-10,881	-10,885	-10,875	-10,869	-10,850	-10,814	-10,749	-10,617	-10,442	0,330	0,109	0,133	0,110	0,096	0,076	0,081	0,077	0,094	0,109	0,155	0,201	0,263	0,303	0,250	0,000	0,000
15,000	-9,256	-9,354	-9,293	-9,287	-9,254	-9,251	-9,233	-9,220	-9,211	-9,194	-9,170	-9,139	-9,090	-9,028	-8,941	-0,232	-0,031	-0,022	0,036	0,042	0,064	0,065	0,073	0,076	0,094	0,115	0,130	0,151	0,163	0,131	0,000	0,000
	run	7	2022:11:08    11:50:12,206
0,000	-13,408	-13,484	-13,526	-13,618	-13,655	-13,682	-13,689	-13,703	-13,700	-13,710	-13,706	-13,681	-13,638	-13,547	-13,443	-0,209	-0,186	-0,176	-0,129	-0,106	-0,076	-0,045	-0,029	0,002	0,022	0,064	0,108	0,155	0,177	0,141	0,000	0,000
1,000	-17,080	-17,039	-16,938	-16,679	-16,490	-16,355	-16,283	-16,219	-16,157	-16,105	-16,056	-15,995	-15,933	-15,834	-15,723	0,112	0,259	0,327	0,437	0,443	0,387	0,355	0,323	0,295	0,268	0,266	0,257	0,253	0,247	0,179	0,000	0,000
2,000	-10,408	-10,379	-10,332	-10,189	-10,081	-10,012	-9,964	-9,923	-9,870	-9,830	-9,765	-9,679	-9,588	-9,435	-9,265	0,081	0,129	0,199	0,261	0,261	0,247	0,247	0,251	0,257	0,267	0,290	0,325	0,347	0,351	0,264	0,000	0,000
3,000	-20,660	-20,616	-20,510	-20,169	-19,948	-19,805	-19,731	-19,673	-19,624	-19,610	-19,571	-19,539	-19,480	-19,376	-19,251	0,134	0,328	0,409	0,524	0,494	0,401	0,345	0,301	0,259	0,218	0,215	0,223	0,233	0,247	0,184	0,000	0,000
4,000	-11,117	-11,182	-11,094	-11,110	-11,075	-11,082	-11,083	-11,077	-11,067	-11,052	-10,995	-10,929	-10,796	-10,578	-10,284	-0,196	-0,015	-0,010	0,026	0,050	0,062	0,079	0,094	0,135	0,194	0,277	0,370	0,460	0,510	0,419	0,000	0,000
5,000	-12,354	-12,387	-12,480	-12,526	-12,500	-12,487	-12,481	-12,482	-12,451	-12,460	-12,403	-12,318	-12,197	-11,944	-11,646	-0,083	-0,156	-0,110	-0,006	0,025	0,046	0,081	0,101	0,143	0,193	0,282	0,385	0,469	0,526	0,429	0,000	0,000
6,000	-8,720	-8,695	-8,611	-8,477	-8,371	-8,315	-8,286	-8,256	-8,222	-8,197	-8,144	-8,082	-7,992	-7,845	-7,677	-0,005	0,131	0,170	0,227	0,224	0,198	0,202	0,192	0,206	0,219	0,250	0,282	0,319	0,328	0,257	0,000	0,000
7,000	-7,283	-7,201	-7,188	-7,079	-7,028	-6,986	-6,964	-6,956	-6,939	-6,934	-6,921	-6,907	-6,882	-6,834	-6,782	0,055	0,061	0,110	0,151	0,125	0,094	0,094	0,086	0,080	0,077	0,078	0,088	0,094	0,097	0,076	0,000	0,000
8,000	-20,539	-20,865	-20,899	-21,091	-21,086	-21,148	-21,174	-21,201	-21,216	-21,270	-21,282	-21,298	-21,298	-21,257	-21,202	-0,616	-0,388	-0,359	-0,241	-0,186	-0,168	-0,149	-0,134	-0,114	-0,093	-0,051	-0,010	0,013	0,064	0,065	0,000	0,000
9,000	-9,880	-9,850	-9,760	-9,524	-9,381	-9,271	-9,218	-9,168	-9,122	-9,084	-9,033	-8,977	-8,895	-8,778	-8,635	0,006	0,151	0,244	0,356	0,352	0,313	0,297	0,267	0,248	0,245	0,262	0,275	0,286	0,292	0,223	0,000	0,000
10,000	-9,605	-9,694	-9,609	-9,543	-9,479	-9,449	-9,422	-9,412	-9,389	-9,378	-9,347	-9,318	-9,264	-9,176	-9,071	-0,255	-0,016	0,031	0,117	0,108	0,109	0,106	0,108	0,108	0,118	0,143	0,161	0,190	0,203	0,163	0,000	0,000
11,000	-9,600	-9,551	-9,527	-9,410	-9,334	-9,276	-9,247	-9,229	-9,192	-9,177	-9,135	-9,094	-9,036	-8,946	-8,833	-0,070	0,043	0,094	0,165	0,173	0,155	0,156	0,147	0,147	0,156	0,175	0,195	0,216	0,219	0,170	0,000	0,000
12,000	-14,777	-14,698	-14,642	-14,566	-14,516	-14,500	-14,496	-14,493	-14,485	-14,505	-14,479	-14,458	-14,427	-14,341	-14,246	0,053	0,120	0,121	0,119	0,093	0,064	0,063	0,052	0,060	0,064	0,090	0,121	0,149	0,172	0,139	0,000	0,000
13,000	-7,718	-7,511	-7,507	-7,441	-7,423	-7,390	-7,371	-7,352	-7,321	-7,294	-7,248	-7,183	-7,101	-6,972	-6,816	0,440	0,263	0,207	0,154	0,140	0,133	0,140	0,149	0,170	0,190	0,223	0,261	0,291	0,303	0,241	0,000	0,000
14,000	-11,364	-11,070	-11,150	-11,048	-11,043	-11,009	-10,992	-10,988	-10,981	-10,977	-10,958	-10,928	-10,850	-10,718	-10,542	0,344	0,106	0,135	0,121	0,105	0,083	0,088	0,079	0,098	0,113	0,159	0,205	0,265	0,304	0,248	0,000	0,000
15,000	-9,244	-9,341	-9,294	-9,276	-9,245	-9,239	-9,228	-9,214	-9,199	-9,188	-9,168	-9,133	-9,087	-9,020	-8,935	-0,241	-0,038	-0,020	0,030	0,039	0,062	0,063	0,074	0,077	0,094	0,113	0,132	0,151	0,161	0,128	0,000	0,000
	run	8	2022:11:08    11:50:12,306
0,000	-13,106	-13,179	-13,216	-13,306	-13,332	-13,354	-13,367	-13,376	-13,371	-13,389	-13,376	-13,349	-13,314	-13,229	-13,132	-0,185	-0,173	-0,163	-0,116	-0,088	-0,070	-0,040	-0,026	0,003	0,030	0,063	0,104	0,146	0,168	0,136	0,000	0,000
1,000	-16,402	-16,385	-16,285	-16,076	-15,907	-15,782	-15,711	-15,649	-15,587	-15,553	-15,495	-15,440	-15,380	-15,287	-15,184	0,081	0,221	0,282	0,394	0,398	0,358	0,333	0,303	0,275	0,255	0,247	0,244	0,235	0,234	0,167	0,000	0,000
2,000	-9,998	-9,973	-9,952	-9,823	-9,711	-9,652	-9,600	-9,561	-9,509	-9,480	-9,410	-9,337	-9,248	-9,104	-8,949	0,061	0,122	0,153	0,237	0,249	0,231	0,234	0,239	0,245	0,254	0,280	0,301	0,323	0,328	0,248	0,000	0,000
3,000	-20,044	-20,020	-19,949	-19,653	-19,441	-19,309	-19,234	-19,185	-19,130	-19,119	-19,077	-19,044	-18,988	-18,883	-18,766	0,094	0,277	0,332	0,466	0,450	0,375	0,328	0,282	0,247	0,208	0,205	0,218	0,230	0,239	0,180	0,000	0,000
4,000	-10,778	-10,814	-10,727	-10,721	-10,688	-10,686	-10,688	-10,689	-10,678	-10,660	-10,620	-10,551	-10,426	-10,215	-9,943	-0,172	0,003	0,001	0,045	0,053	0,064	0,086	0,096	0,127	0,186	0,260	0,344	0,434	0,481	0,398	0,000	0,000
5,000	-12,286	-12,303	-12,410	-12,465	-12,443	-12,426	-12,419	-12,409	-12,383	-12,388	-12,343	-12,260	-12,138	-11,901	-11,607	-0,095	-0,167	-0,122	-0,016	0,020	0,039	0,072	0,106	0,139	0,180	0,273	0,366	0,454	0,516	0,419	0,000	0,000
6,000	-8,700	-8,671	-8,584	-8,436	-8,340	-8,285	-8,253	-8,228	-8,188	-8,162	-8,107	-8,048	-7,965	-7,820	-7,655	-0,010	0,140	0,173	0,233	0,230	0,192	0,193	0,193	0,198	0,214	0,249	0,277	0,314	0,327	0,254	0,000	0,000
7,000	-7,119	-7,058	-7,069	-6,966	-6,918	-6,878	-6,866	-6,852	-6,828	-6,828	-6,815	-6,796	-6,771	-6,727	-6,679	0,028	0,049	0,078	0,128	0,117	0,096	0,088	0,082	0,077	0,071	0,078	0,085	0,093	0,095	0,071	0,000	0,000
8,000	-20,286	-20,611	-20,613	-20,803	-20,797	-20,849	-20,881	-20,913	-20,927	-20,972	-20,987	-21,003	-21,000	-20,964	-20,899	-0,618	-0,376	-0,354	-0,232	-0,177	-0,162	-0,145	-0,138	-0,112	-0,091	-0,048	-0,010	0,023	0,068	0,070	0,000	0,000
9,000	-9,843	-9,808	-9,730	-9,519	-9,371	-9,266	-9,210	-9,161	-9,113	-9,075	-9,030	-8,973	-8,891	-8,769	-8,622	-0,035	0,152	0,221	0,333	0,340	0,311	0,292	0,261	0,255	0,242	0,258	0,274	0,292	0,292	0,221	0,000	0,000
10,000	-9,812	-9,888	-9,783	-9,691	-9,617	-9,582	-9,560	-9,541	-9,515	-9,505	-9,487	-9,447	-9,387	-9,295	-9,189	-0,225	0,020	0,066	0,146	0,136	0,122	0,122	0,117	0,121	0,131	0,151	0,170	0,195	0,209	0,166	0,000	0,000
11,000	-9,960	-9,896	-9,865	-9,735	-9,666	-9,606	-9,572	-9,548	-9,521	-9,500	-9,462	-9,417	-9,350	-9,258	-9,136	-0,037	0,063	0,116	0,183	0,181	0,164	0,166	0,153	0,156	0,163	0,186	0,205	0,225	0,233	0,181	0,000	0,000
12,000	-15,430	-15,351	-15,292	-15,216	-15,158	-15,141	-15,141	-15,137	-15,123	-15,139	-15,116	-15,093	-15,058	-14,968	-14,864	0,048	0,119	0,123	0,115	0,095	0,065	0,063	0,061	0,064	0,071	0,098	0,127	0,164	0,186	0,147	0,000	0,000
13,000	-7,957	-7,746	-7,735	-7,663	-7,634	-7,603	-7,581	-7,565	-7,533	-7,501	-7,452	-7,391	-7,306	-7,171	-7,004	0,443	0,287	0,222	0,161	0,150	0,144	0,153	0,159	0,173	0,196	0,234	0,269	0,302	0,315	0,250	0,000	0,000
14,000	-11,377	-11,101	-11,187	-11,079	-11,067	-11,033	-11,020	-11,018	-11,007	-11,010	-10,993	-10,949	-10,877	-10,748	-10,565	0,360	0,115	0,140	0,123	0,096	0,075	0,088	0,078	0,095	0,111	0,165	0,207	0,265	0,300	0,250	0,000	0,000
15,000	-9,112	-9,223	-9,166	-9,161	-9,122	-9,126	-9,108	-9,095	-9,080	-9,071	-9,047	-9,018	-8,974	-8,912	-8,828	-0,243	-0,030	-0,029	0,030	0,039	0,057	0,058	0,075	0,075	0,092	0,108	0,125	0,142	0,155	0,123	0,000	0,000
	run	9	2022:11:08    11:50:12,353
0,000	-12,810	-12,877	-12,910	-12,986	-13,012	-13,033	-13,036	-13,049	-13,047	-13,057	-13,054	-13,024	-12,989	-12,905	-12,807	-0,203	-0,169	-0,146	-0,100	-0,081	-0,061	-0,035	-0,015	0,000	0,023	0,061	0,101	0,140	0,157	0,134	0,000	0,000
1,000	-15,793	-15,773	-15,707	-15,521	-15,374	-15,261	-15,196	-15,140	-15,080	-15,043	-14,983	-14,936	-14,878	-14,787	-14,686	0,038	0,175	0,230	0,335	0,353	0,321	0,308	0,280	0,262	0,237	0,239	0,231	0,228	0,221	0,166	0,000	0,000
2,000	-9,998	-9,973	-9,952	-9,823	-9,711	-9,652	-9,600	-9,561	-9,509	-9,480	-9,410	-9,337	-9,248	-9,104	-8,949	0,061	0,122	0,153	0,237	0,249	0,231	0,234	0,239	0,245	0,254	0,280	0,301	0,323	0,328	0,248	0,000	0,000
3,000	-20,044	-20,020	-19,949	-19,653	-19,441	-19,309	-19,234	-19,185	-19,130	-19,119	-19,077	-19,044	-18,988	-18,883	-18,766	0,094	0,277	0,332	0,466	0,450	0,375	0,328	0,282	0,247	0,208	0,205	0,218	0,230	0,239	0,180	0,000	0,000
4,000	-10,778	-10,814	-10,727	-10,721	-10,688	-10,686	-10,688	-10,689	-10,678	-10,660	-10,620	-10,551	-10,426	-10,215	-9,943	-0,172	0,003	0,001	0,045	0,053	0,064	0,086	0,096	0,127	0,186	0,260	0,344	0,434	0,481	0,398	0,000	0,000
5,000	-12,286	-12,303	-12,410	-12,465	-12,443	-12,426	-12,419	-12,409	-12,383	-12,388	-12,343	-12,260	-12,138	-11,901	-11,607	-0,095	-0,167	-0,122	-0,016	0,020	0,039	0,072	0,106	0,139	0,180	0,273	0,366	0,454	0,516	0,419	0,000	0,000
6,000	-8,700	-8,671	-8,584	-8,436	-8,340	-8,285	-8,253	-8,228	-8,188	-8,162	-8,107	-8,048	-7,965	-7,820	-7,655	-0,010	0,140	0,173	0,233	0,230	0,192	0,193	0,193	0,198	0,214	0,249	0,277	0,314	0,327	0,254	0,000	0,000
7,000	-7,119	-7,058	-7,069	-6,966	-6,918	-6,878	-6,866	-6,852	-6,828	-6,828	-6,815	-6,796	-6,771	-6,727	-6,679	0,028	0,049	0,078	0,128	0,117	0,096	0,088	0,082	0,077	0,071	0,078	0,085	0,093	0,095	0,071	0,000	0,000
8,000	-20,039	-20,326	-20,329	-20,497	-20,489	-20,542	-20,576	-20,601	-20,621	-20,659	-20,670	-20,686	-20,685	-20,640	-20,572	-0,596	-0,339	-0,318	-0,208	-0,158	-0,151	-0,128	-0,120	-0,104	-0,080	-0,039	0,005	0,030	0,079	0,076	0,000	0,000
9,000	-9,820	-9,803	-9,744	-9,559	-9,414	-9,312	-9,254	-9,206	-9,152	-9,121	-9,073	-9,013	-8,928	-8,804	-8,662	-0,038	0,102	0,190	0,323	0,329	0,297	0,285	0,256	0,250	0,243	0,257	0,280	0,293	0,298	0,225	0,000	0,000
10,000	-10,080	-10,106	-9,983	-9,849	-9,766	-9,732	-9,703	-9,687	-9,664	-9,653	-9,630	-9,589	-9,527	-9,436	-9,324	-0,195	0,086	0,120	0,179	0,162	0,139	0,137	0,128	0,123	0,131	0,149	0,176	0,207	0,222	0,172	0,000	0,000
11,000	-10,323	-10,251	-10,214	-10,073	-9,990	-9,937	-9,898	-9,883	-9,852	-9,832	-9,787	-9,747	-9,679	-9,577	-9,448	-0,013	0,087	0,133	0,193	0,192	0,168	0,167	0,152	0,160	0,174	0,188	0,219	0,231	0,244	0,183	0,000	0,000
12,000	-16,026	-15,961	-15,888	-15,812	-15,760	-15,734	-15,735	-15,731	-15,723	-15,734	-15,714	-15,686	-15,647	-15,552	-15,446	0,053	0,122	0,130	0,120	0,103	0,071	0,067	0,063	0,068	0,071	0,108	0,138	0,166	0,193	0,153	0,000	0,000
13,000	-8,170	-7,942	-7,939	-7,853	-7,832	-7,798	-7,770	-7,755	-7,721	-7,690	-7,642	-7,575	-7,483	-7,338	-7,167	0,482	0,309	0,240	0,174	0,154	0,148	0,159	0,164	0,186	0,206	0,244	0,282	0,316	0,333	0,263	0,000	0,000
14,000	-11,544	-11,264	-11,358	-11,243	-11,240	-11,205	-11,179	-11,183	-11,167	-11,164	-11,144	-11,121	-11,039	-10,912	-10,733	0,362	0,127	0,157	0,122	0,110	0,085	0,089	0,082	0,093	0,113	0,148	0,203	0,264	0,304	0,251	0,000	0,000
15,000	-9,013	-9,124	-9,065	-9,064	-9,029	-9,032	-9,017	-9,006	-8,993	-8,977	-8,958	-8,928	-8,890	-8,826	-8,744	-0,243	-0,025	-0,032	0,027	0,040	0,048	0,061	0,071	0,071	0,086	0,107	0,117	0,143	0,143	0,118	0,000	0,000
	run	10	2022:11:08    11:50:12,454
0,000	-12,786	-12,855	-12,895	-12,972	-12,993	-13,014	-13,027	-13,033	-13,035	-13,045	-13,035	-13,011	-12,971	-12,894	-12,794	-0,195	-0,162	-0,153	-0,108	-0,086	-0,056	-0,036	-0,021	-0,003	0,024	0,062	0,106	0,139	0,163	0,131	0,000	0,000
1,000	-15,898	-15,893	-15,810	-15,617	-15,455	-15,341	-15,275	-15,218	-15,160	-15,121	-15,061	-15,018	-14,960	-14,865	-14,765	0,031	0,178	0,244	0,350	0,362	0,327	0,318	0,290	0,262	0,243	0,241	0,238	0,229	0,228	0,167	0,000	0,000
2,000	-9,880	-9,865	-9,843	-9,719	-9,617	-9,543	-9,503	-9,459	-9,412	-9,376	-9,314	-9,241	-9,154	-9,016	-8,861	0,065	0,112	0,151	0,239	0,245	0,234	0,239	0,230	0,241	0,243	0,274	0,293	0,314	0,319	0,238	0,000	0,000
3,000	-20,042	-20,019	-19,930	-19,647	-19,441	-19,306	-19,232	-19,179	-19,131	-19,117	-19,080	-19,043	-18,992	-18,890	-18,774	0,099	0,272	0,335	0,461	0,446	0,369	0,325	0,279	0,243	0,208	0,203	0,223	0,226	0,227	0,176	0,000	0,000
4,000	-10,708	-10,750	-10,663	-10,660	-10,624	-10,627	-10,627	-10,622	-10,618	-10,600	-10,553	-10,490	-10,366	-10,168	-9,901	-0,160	0,013	-0,002	0,045	0,057	0,065	0,082	0,092	0,126	0,182	0,261	0,335	0,416	0,467	0,387	0,000	0,000
5,000	-12,078	-12,104	-12,208	-12,257	-12,232	-12,222	-12,210	-12,205	-12,178	-12,185	-12,135	-12,057	-11,936	-11,707	-11,422	-0,096	-0,161	-0,125	-0,019	0,021	0,028	0,072	0,101	0,132	0,177	0,266	0,362	0,447	0,503	0,411	0,000	0,000
6,000	-8,628	-8,603	-8,512	-8,385	-8,276	-8,223	-8,196	-8,166	-8,125	-8,103	-8,050	-7,991	-7,907	-7,763	-7,599	-0,010	0,119	0,169	0,227	0,221	0,192	0,200	0,194	0,199	0,207	0,236	0,281	0,310	0,327	0,247	0,000	0,000
7,000	-7,117	-7,049	-7,045	-6,953	-6,898	-6,861	-6,846	-6,835	-6,816	-6,812	-6,799	-6,777	-6,753	-6,709	-6,657	0,034	0,044	0,076	0,128	0,117	0,093	0,094	0,085	0,078	0,070	0,080	0,089	0,096	0,100	0,074	0,000	0,000
8,000	-20,201	-20,504	-20,516	-20,697	-20,694	-20,749	-20,778	-20,802	-20,819	-20,863	-20,879	-20,884	-20,885	-20,839	-20,781	-0,591	-0,367	-0,334	-0,222	-0,167	-0,151	-0,140	-0,123	-0,100	-0,083	-0,040	0,003	0,038	0,074	0,074	0,000	0,000
9,000	-9,967	-9,941	-9,873	-9,657	-9,515	-9,410	-9,350	-9,300	-9,250	-9,214	-9,159	-9,099	-9,016	-8,893	-8,739	-0,014	0,123	0,218	0,344	0,345	0,313	0,293	0,269	0,254	0,247	0,262	0,282	0,297	0,304	0,223	0,000	0,000
10,000	-10,131	-10,138	-10,025	-9,887	-9,802	-9,768	-9,739	-9,727	-9,695	-9,689	-9,665	-9,622	-9,561	-9,466	-9,350	-0,169	0,095	0,143	0,195	0,164	0,142	0,133	0,130	0,126	0,135	0,155	0,185	0,207	0,220	0,176	0,000	0,000
11,000	-10,326	-10,253	-10,215	-10,078	-9,995	-9,939	-9,907	-9,883	-9,853	-9,829	-9,796	-9,748	-9,683	-9,571	-9,449	-0,004	0,093	0,142	0,200	0,197	0,172	0,171	0,161	0,164	0,172	0,194	0,221	0,240	0,251	0,193	0,000	0,000
12,000	-16,237	-16,162	-16,095	-16,027	-15,965	-15,948	-15,941	-15,941	-15,928	-15,941	-15,918	-15,895	-15,854	-15,758	-15,650	0,041	0,118	0,118	0,125	0,103	0,070	0,070	0,064	0,068	0,072	0,106	0,139	0,173	0,199	0,155	0,000	0,000
13,000	-8,291	-8,069	-8,057	-7,967	-7,935	-7,905	-7,879	-7,868	-7,828	-7,797	-7,746	-7,680	-7,581	-7,444	-7,263	0,486	0,319	0,247	0,179	0,155	0,151	0,162	0,165	0,186	0,210	0,245	0,286	0,328	0,337	0,269	0,000	0,000
14,000	-11,636	-11,340	-11,428	-11,315	-11,304	-11,272	-11,248	-11,249	-11,232	-11,235	-11,220	-11,178	-11,112	-10,977	-10,801	0,381	0,122	0,150	0,131	0,109	0,083	0,087	0,084	0,092	0,113	0,164	0,206	0,262	0,300	0,250	0,000	0,000
15,000	-8,963	-9,088	-9,022	-9,017	-8,986	-8,986	-8,981	-8,962	-8,950	-8,942	-8,920	-8,893	-8,853	-8,790	-8,712	-0,249	-0,036	-0,038	0,030	0,033	0,053	0,055	0,069	0,069	0,084	0,105	0,118	0,138	0,146	0,119	0,000	0,000
	run	11	2022:11:08    11:50:12,506
0,000	-12,786	-12,855	-12,895	-12,972	-12,993	-13,014	-13,027	-13,033	-13,035	-13,045	-13,035	-13,011	-12,971	-12,894	-12,794	-0,195	-0,162	-0,153	-0,108	-0,086	-0,056	-0,036	-0,021	-0,003	0,024	0,062	0,106	0,139	0,163	0,131	0,000	0,000
1,000	-15,898	-15,893	-15,810	-15,617	-15,455	-15,341	-15,275	-15,218	-15,160	-15,121	-15,061	-15,018	-14,960	-14,865	-14,765	0,031	0,178	0,244	0,350	0,362	0,327	0,318	0,290	0,262	0,243	0,241	0,238	0,229	0,228	0,167	0,000	0,000
2,000	-9,880	-9,865	-9,843	-9,719	-9,617	-9,543	-9,503	-9,459	-9,412	-9,376	-9,314	-9,241	-9,154	-9,016	-8,861	0,065	0,112	0,151	0,239	0,245	0,234	0,239	0,230	0,241	0,243	0,274	0,293	0,314	0,319	0,238	0,000	0,000
3,000	-20,042	-20,019	-19,930	-19,647	-19,441	-19,306	-19,232	-19,179	-19,131	-19,117	-19,080	-19,043	-18,992	-18,890	-18,774	0,099	0,272	0,335	0,461	0,446	0,369	0,325	0,279	0,243	0,208	0,203	0,223	0,226	0,227	0,176	0,000	0,000
4,000	-10,708	-10,750	-10,663	-10,660	-10,624	-10,627	-10,627	-10,622	-10,618	-10,600	-10,553	-10,490	-10,366	-10,168	-9,901	-0,160	0,013	-0,002	0,045	0,057	0,065	0,082	0,092	0,126	0,182	0,261	0,335	0,416	0,467	0,387	0,000	0,000
5,000	-12,078	-12,104	-12,208	-12,257	-12,232	-12,222	-12,210	-12,205	-12,178	-12,185	-12,135	-12,057	-11,936	-11,707	-11,422	-0,096	-0,161	-0,125	-0,019	0,021	0,028	0,072	0,101	0,132	0,177	0,266	0,362	0,447	0,503	0,411	0,000	0,000
6,000	-8,623	-8,592	-8,510	-8,382	-8,283	-8,223	-8,199	-8,171	-8,125	-8,107	-8,046	-7,990	-7,903	-7,757	-7,584	-0,030	0,124	0,156	0,223	0,215	0,190	0,195	0,198	0,201	0,213	0,245	0,288	0,321	0,328	0,260	0,000	0,000
7,000	-7,267	-7,183	-7,174	-7,066	-7,008	-6,972	-6,955	-6,943	-6,924	-6,921	-6,907	-6,885	-6,861	-6,814	-6,762	0,076	0,067	0,117	0,153	0,130	0,108	0,095	0,086	0,082	0,072	0,078	0,097	0,104	0,102	0,080	0,000	0,000
8,000	-20,647	-20,973	-20,990	-21,201	-21,199	-21,254	-21,295	-21,317	-21,332	-21,385	-21,391	-21,411	-21,410	-21,365	-21,303	-0,639	-0,404	-0,376	-0,250	-0,187	-0,161	-0,151	-0,139	-0,111	-0,095	-0,045	-0,006	0,020	0,066	0,069	0,000	0,000
9,000	-10,107	-10,053	-9,968	-9,733	-9,589	-9,474	-9,409	-9,372	-9,316	-9,278	-9,233	-9,170	-9,082	-8,957	-8,806	0,027	0,184	0,273	0,371	0,356	0,320	0,297	0,274	0,256	0,246	0,269	0,289	0,309	0,308	0,236	0,000	0,000
10,000	-10,167	-10,206	-10,091	-9,959	-9,878	-9,843	-9,817	-9,802	-9,767	-9,765	-9,741	-9,701	-9,632	-9,532	-9,423	-0,212	0,079	0,123	0,186	0,164	0,141	0,130	0,129	0,129	0,137	0,156	0,183	0,210	0,221	0,176	0,000	0,000
11,000	-10,244	-10,172	-10,136	-9,989	-9,910	-9,857	-9,823	-9,800	-9,770	-9,746	-9,706	-9,665	-9,594	-9,493	-9,364	-0,020	0,093	0,139	0,199	0,196	0,175	0,172	0,161	0,165	0,169	0,193	0,217	0,238	0,248	0,187	0,000	0,000
12,000	-15,999	-15,925	-15,867	-15,788	-15,733	-15,714	-15,704	-15,703	-15,696	-15,707	-15,685	-15,657	-15,621	-15,525	-15,418	0,043	0,120	0,129	0,122	0,104	0,069	0,070	0,062	0,068	0,069	0,107	0,136	0,168	0,195	0,157	0,000	0,000
13,000	-8,090	-7,874	-7,866	-7,785	-7,761	-7,731	-7,705	-7,695	-7,662	-7,627	-7,576	-7,511	-7,421	-7,284	-7,112	0,464	0,306	0,241	0,164	0,153	0,148	0,157	0,162	0,177	0,201	0,235	0,276	0,313	0,330	0,256	0,000	0,000
14,000	-11,405	-11,100	-11,193	-11,074	-11,074	-11,038	-11,019	-11,019	-11,006	-10,999	-10,993	-10,945	-10,881	-10,749	-10,578	0,364	0,125	0,145	0,135	0,104	0,072	0,092	0,087	0,090	0,109	0,152	0,206	0,265	0,296	0,246	0,000	0,000
15,000	-9,049	-9,165	-9,100	-9,094	-9,063	-9,066	-9,054	-9,037	-9,019	-9,013	-8,992	-8,963	-8,921	-8,858	-8,774	-0,255	-0,032	-0,034	0,026	0,038	0,050	0,057	0,072	0,072	0,086	0,106	0,121	0,141	0,153	0,124	0,000	0,000
	run	12	2022:11:08    11:50:12,605
0,000	-13,126	-13,202	-13,232	-13,319	-13,351	-13,370	-13,381	-13,389	-13,392	-13,407	-13,396	-13,370	-13,332	-13,251	-13,146	-0,194	-0,180	-0,160	-0,114	-0,092	-0,069	-0,040	-0,024	-0,001	0,021	0,057	0,107	0,145	0,167	0,137	0,000	0,000
1,000	-16,549	-16,527	-16,428	-16,218	-16,045	-15,915	-15,843	-15,783	-15,716	-15,682	-15,621	-15,574	-15,517	-15,418	-15,311	0,061	0,208	0,274	0,389	0,400	0,362	0,340	0,298	0,283	0,254	0,248	0,248	0,242	0,234	0,174	0,000	0,000
2,000	-10,054	-10,029	-10,007	-9,880	-9,772	-9,699	-9,654	-9,616	-9,568	-9,533	-9,460	-9,390	-9,304	-9,157	-9,000	0,059	0,121	0,172	0,246	0,246	0,245	0,246	0,243	0,247	0,254	0,282	0,304	0,321	0,330	0,244	0,000	0,000
3,000	-20,054	-20,036	-19,964	-19,659	-19,449	-19,312	-19,243	-19,185	-19,134	-19,123	-19,085	-19,046	-19,001	-18,894	-18,773	0,090	0,264	0,349	0,468	0,458	0,379	0,335	0,285	0,245	0,208	0,209	0,223	0,224	0,239	0,178	0,000	0,000
4,000	-10,663	-10,702	-10,614	-10,624	-10,588	-10,585	-10,580	-10,583	-10,579	-10,555	-10,514	-10,445	-10,329	-10,122	-9,858	-0,166	0,008	-0,000	0,048	0,055	0,068	0,081	0,092	0,130	0,180	0,262	0,336	0,419	0,469	0,385	0,000	0,000
5,000	-12,054	-12,066	-12,177	-12,228	-12,213	-12,194	-12,180	-12,184	-12,152	-12,159	-12,109	-12,027	-11,906	-11,674	-11,386	-0,094	-0,164	-0,124	-0,005	0,024	0,032	0,074	0,097	0,136	0,181	0,263	0,363	0,452	0,508	0,412	0,000	0,000
6,000	-8,656	-8,641	-8,551	-8,427	-8,326	-8,269	-8,239	-8,205	-8,168	-8,147	-8,092	-8,031	-7,945	-7,796	-7,622	-0,026	0,130	0,165	0,231	0,218	0,200	0,197	0,199	0,206	0,209	0,252	0,286	0,319	0,337	0,256	0,000	0,000
7,000	-7,361	-7,262	-7,251	-7,137	-7,078	-7,044	-7,028	-7,013	-6,992	-6,987	-6,971	-6,956	-6,931	-6,874	-6,824	0,071	0,084	0,116	0,153	0,128	0,105	0,100	0,086	0,081	0,079	0,087	0,100	0,104	0,112	0,080	0,000	0,000
8,000	-20,988	-21,344	-21,376	-21,576	-21,583	-21,636	-21,671	-21,697	-21,718	-21,765	-21,773	-21,788	-21,790	-21,743	-21,682	-0,629	-0,427	-0,394	-0,253	-0,187	-0,166	-0,153	-0,137	-0,110	-0,090	-0,051	-0,009	0,023	0,078	0,071	0,000	0,000
9,000	-10,263	-10,170	-10,082	-9,838	-9,686	-9,582	-9,516	-9,468	-9,421	-9,386	-9,327	-9,272	-9,187	-9,055	-8,899	0,026	0,200	0,283	0,376	0,368	0,320	0,302	0,273	0,259	0,260	0,274	0,297	0,314	0,321	0,243	0,000	0,000
10,000	-10,236	-10,280	-10,164	-10,033	-9,952	-9,917	-9,897	-9,873	-9,847	-9,843	-9,819	-9,779	-9,717	-9,622	-9,504	-0,192	0,083	0,127	0,186	0,157	0,136	0,129	0,130	0,123	0,136	0,153	0,176	0,202	0,219	0,170	0,000	0,000
11,000	-10,178	-10,101	-10,067	-9,922	-9,841	-9,783	-9,758	-9,728	-9,700	-9,676	-9,638	-9,596	-9,529	-9,429	-9,305	-0,005	0,094	0,145	0,200	0,196	0,172	0,170	0,163	0,161	0,168	0,186	0,217	0,235	0,242	0,185	0,000	0,000
12,000	-15,425	-15,368	-15,301	-15,229	-15,173	-15,165	-15,150	-15,150	-15,136	-15,160	-15,138	-15,110	-15,078	-14,987	-14,888	0,041	0,122	0,118	0,120	0,097	0,066	0,059	0,055	0,063	0,061	0,102	0,130	0,162	0,182	0,143	0,000	0,000
13,000	-7,826	-7,612	-7,614	-7,544	-7,518	-7,486	-7,461	-7,448	-7,416	-7,383	-7,342	-7,282	-7,189	-7,053	-6,896	0,455	0,281	0,214	0,156	0,145	0,134	0,151	0,155	0,173	0,194	0,226	0,268	0,297	0,314	0,245	0,000	0,000
14,000	-11,105	-10,833	-10,919	-10,817	-10,805	-10,774	-10,758	-10,758	-10,744	-10,737	-10,735	-10,684	-10,630	-10,492	-10,314	0,338	0,109	0,133	0,107	0,097	0,075	0,092	0,080	0,093	0,107	0,150	0,192	0,252	0,292	0,242	0,000	0,000
15,000	-9,112	-9,225	-9,165	-9,158	-9,125	-9,121	-9,109	-9,095	-9,081	-9,068	-9,044	-9,018	-8,977	-8,911	-8,830	-0,263	-0,038	-0,036	0,027	0,037	0,059	0,066	0,069	0,076	0,089	0,112	0,126	0,145	0,151	0,120	0,000	0,000
	run	13	2022:11:08    11:50:12,707
0,000	-13,227	-13,313	-13,346	-13,431	-13,459	-13,483	-13,499	-13,504	-13,503	-13,517	-13,512	-13,481	-13,445	-13,355	-13,255	-0,205	-0,174	-0,161	-0,112	-0,097	-0,068	-0,046	-0,024	-0,002	0,026	0,066	0,110	0,148	0,172	0,141	0,000	0,000
1,000	-16,716	-16,692	-16,597	-16,358	-16,173	-16,045	-15,973	-15,910	-15,843	-15,807	-15,749	-15,693	-15,633	-15,535	-15,428	0,099	0,249	0,305	0,412	0,414	0,373	0,344	0,317	0,292	0,260	0,256	0,256	0,245	0,241	0,179	0,000	0,000
2,000	-10,252	-10,244	-10,205	-10,064	-9,957	-9,880	-9,834	-9,793	-9,739	-9,707	-9,647	-9,563	-9,468	-9,318	-9,156	0,080	0,133	0,180	0,256	0,263	0,246	0,248	0,249	0,252	0,260	0,291	0,319	0,340	0,344	0,255	0,000	0,000
3,000	-20,558	-20,529	-20,427	-20,084	-19,865	-19,727	-19,651	-19,591	-19,541	-19,531	-19,492	-19,453	-19,405	-19,292	-19,168	0,106	0,301	0,395	0,517	0,489	0,402	0,344	0,294	0,254	0,218	0,217	0,224	0,238	0,248	0,186	0,000	0,000
4,000	-10,976	-11,031	-10,954	-10,947	-10,926	-10,924	-10,923	-10,922	-10,912	-10,896	-10,854	-10,778	-10,655	-10,438	-10,155	-0,177	-0,005	0,005	0,039	0,047	0,062	0,078	0,093	0,133	0,185	0,271	0,361	0,442	0,503	0,407	0,000	0,000
5,000	-12,440	-12,480	-12,580	-12,624	-12,605	-12,586	-12,574	-12,574	-12,544	-12,547	-12,498	-12,418	-12,291	-12,040	-11,732	-0,119	-0,161	-0,117	-0,014	0,026	0,040	0,077	0,109	0,149	0,198	0,284	0,385	0,481	0,537	0,436	0,000	0,000
6,000	-8,845	-8,803	-8,720	-8,564	-8,463	-8,409	-8,377	-8,352	-8,311	-8,285	-8,233	-8,165	-8,077	-7,936	-7,770	-0,014	0,160	0,176	0,244	0,226	0,204	0,204	0,197	0,205	0,217	0,252	0,289	0,319	0,330	0,258	0,000	0,000
7,000	-7,286	-7,199	-7,201	-7,098	-7,039	-7,001	-6,979	-6,970	-6,950	-6,945	-6,937	-6,920	-6,890	-6,851	-6,802	0,053	0,053	0,098	0,147	0,127	0,101	0,092	0,088	0,079	0,074	0,081	0,087	0,090	0,096	0,071	0,000	0,000
8,000	-20,769	-21,106	-21,117	-21,313	-21,322	-21,382	-21,410	-21,435	-21,454	-21,498	-21,509	-21,522	-21,522	-21,474	-21,415	-0,660	-0,394	-0,364	-0,243	-0,185	-0,164	-0,152	-0,132	-0,113	-0,090	-0,047	0,002	0,032	0,076	0,075	0,000	0,000
9,000	-10,080	-10,005	-9,923	-9,694	-9,547	-9,439	-9,374	-9,329	-9,283	-9,239	-9,193	-9,134	-9,050	-8,922	-8,775	0,037	0,177	0,253	0,364	0,358	0,319	0,299	0,265	0,250	0,248	0,270	0,287	0,302	0,301	0,230	0,000	0,000
10,000	-9,998	-10,057	-9,952	-9,839	-9,756	-9,723	-9,699	-9,684	-9,651	-9,649	-9,632	-9,585	-9,527	-9,438	-9,326	-0,222	0,045	0,092	0,168	0,147	0,127	0,123	0,125	0,123	0,125	0,155	0,176	0,201	0,217	0,167	0,000	0,000
11,000	-9,957	-9,895	-9,873	-9,731	-9,657	-9,599	-9,563	-9,545	-9,510	-9,492	-9,455	-9,407	-9,346	-9,250	-9,136	-0,040	0,071	0,121	0,195	0,187	0,164	0,166	0,152	0,155	0,162	0,185	0,204	0,225	0,231	0,176	0,000	0,000
12,000	-15,053	-14,987	-14,924	-14,850	-14,797	-14,784	-14,777	-14,777	-14,766	-14,778	-14,762	-14,740	-14,710	-14,625	-14,528	0,034	0,109	0,119	0,112	0,094	0,059	0,056	0,054	0,056	0,062	0,095	0,121	0,155	0,179	0,138	0,000	0,000
13,000	-7,693	-7,486	-7,491	-7,425	-7,397	-7,361	-7,342	-7,327	-7,297	-7,264	-7,217	-7,158	-7,068	-6,938	-6,777	0,433	0,275	0,208	0,156	0,137	0,132	0,141	0,153	0,172	0,191	0,222	0,259	0,294	0,308	0,240	0,000	0,000
14,000	-11,074	-10,786	-10,868	-10,771	-10,769	-10,732	-10,716	-10,712	-10,701	-10,696	-10,690	-10,640	-10,577	-10,450	-10,273	0,346	0,101	0,135	0,116	0,093	0,076	0,077	0,074	0,093	0,122	0,154	0,199	0,259	0,297	0,243	0,000	0,000
15,000	-9,093	-9,211	-9,151	-9,141	-9,108	-9,106	-9,089	-9,078	-9,069	-9,049	-9,032	-9,004	-8,959	-8,892	-8,814	-0,240	-0,034	-0,027	0,027	0,038	0,061	0,058	0,070	0,075	0,089	0,109	0,128	0,144	0,153	0,121	0,000	0,000
	run	14	2022:11:08    11:50:12,756
0,000	-13,179	-13,245	-13,294	-13,383	-13,408	-13,433	-13,439	-13,450	-13,449	-13,465	-13,455	-13,426	-13,389	-13,294	-13,193	-0,199	-0,181	-0,161	-0,119	-0,098	-0,068	-0,038	-0,022	0,001	0,026	0,064	0,114	0,152	0,181	0,144	0,000	0,000
1,000	-16,665	-16,628	-16,548	-16,307	-16,125	-15,999	-15,926	-15,866	-15,799	-15,761	-15,698	-15,646	-15,578	-15,478	-15,371	0,071	0,225	0,293	0,416	0,421	0,373	0,352	0,312	0,296	0,267	0,259	0,258	0,253	0,248	0,180	0,000	0,000
2,000	-10,252	-10,244	-10,205	-10,064	-9,957	-9,880	-9,834	-9,793	-9,739	-9,707	-9,647	-9,563	-9,468	-9,318	-9,156	0,080	0,133	0,180	0,256	0,263	0,246	0,248	0,249	0,252	0,260	0,291	0,319	0,340	0,344	0,255	0,000	0,000
3,000	-20,558	-20,529	-20,427	-20,084	-19,865	-19,727	-19,651	-19,591	-19,541	-19,531	-19,492	-19,453	-19,405	-19,292	-19,168	0,106	0,301	0,395	0,517	0,489	0,402	0,344	0,294	0,254	0,218	0,217	0,224	0,238	0,248	0,186	0,000	0,000
4,000	-10,976	-11,031	-10,954	-10,947	-10,926	-10,924	-10,923	-10,922	-10,912	-10,896	-10,854	-10,778	-10,655	-10,438	-10,155	-0,177	-0,005	0,005	0,039	0,047	0,062	0,078	0,093	0,133	0,185	0,271	0,361	0,442	0,503	0,407	0,000	0,000
5,000	-12,440	-12,480	-12,580	-12,624	-12,605	-12,586	-12,574	-12,574	-12,544	-12,547	-12,498	-12,418	-12,291	-12,040	-11,732	-0,119	-0,161	-0,117	-0,014	0,026	0,040	0,077	0,109	0,149	0,198	0,284	0,385	0,481	0,537	0,436	0,000	0,000
6,000	-8,845	-8,803	-8,720	-8,564	-8,463	-8,409	-8,377	-8,352	-8,311	-8,285	-8,233	-8,165	-8,077	-7,936	-7,770	-0,014	0,160	0,176	0,244	0,226	0,204	0,204	0,197	0,205	0,217	0,252	0,289	0,319	0,330	0,258	0,000	0,000
7,000	-7,286	-7,199	-7,201	-7,098	-7,039	-7,001	-6,979	-6,970	-6,950	-6,945	-6,937	-6,920	-6,890	-6,851	-6,802	0,053	0,053	0,098	0,147	0,127	0,101	0,092	0,088	0,079	0,074	0,081	0,087	0,090	0,096	0,071	0,000	0,000
8,000	-20,119	-20,437	-20,440	-20,615	-20,619	-20,674	-20,706	-20,726	-20,749	-20,794	-20,803	-20,824	-20,819	-20,785	-20,721	-0,598	-0,366	-0,338	-0,234	-0,174	-0,165	-0,139	-0,128	-0,113	-0,091	-0,046	-0,007	0,023	0,071	0,065	0,000	0,000
9,000	-9,650	-9,628	-9,573	-9,371	-9,233	-9,127	-9,068	-9,025	-8,972	-8,937	-8,885	-8,832	-8,758	-8,632	-8,494	-0,019	0,109	0,206	0,322	0,333	0,299	0,283	0,256	0,241	0,237	0,250	0,272	0,286	0,292	0,219	0,000	0,000
10,000	-9,542	-9,624	-9,545	-9,478	-9,410	-9,379	-9,358	-9,344	-9,312	-9,309	-9,290	-9,253	-9,194	-9,104	-8,996	-0,253	-0,005	0,023	0,115	0,110	0,103	0,106	0,108	0,107	0,121	0,141	0,160	0,192	0,199	0,161	0,000	0,000
11,000	-9,666	-9,618	-9,599	-9,482	-9,415	-9,362	-9,329	-9,308	-9,277	-9,254	-9,217	-9,174	-9,123	-9,025	-8,914	-0,050	0,038	0,083	0,164	0,172	0,154	0,153	0,145	0,145	0,152	0,175	0,199	0,211	0,219	0,167	0,000	0,000
12,000	-14,979	-14,914	-14,841	-14,765	-14,712	-14,704	-14,696	-14,693	-14,687	-14,701	-14,683	-14,664	-14,621	-14,535	-14,438	0,041	0,117	0,119	0,114	0,094	0,062	0,064	0,048	0,053	0,060	0,103	0,122	0,152	0,182	0,146	0,000	0,000
13,000	-7,793	-7,582	-7,580	-7,505	-7,483	-7,452	-7,435	-7,416	-7,385	-7,353	-7,310	-7,245	-7,158	-7,028	-6,867	0,443	0,281	0,209	0,159	0,143	0,141	0,147	0,151	0,167	0,193	0,227	0,264	0,302	0,311	0,245	0,000	0,000
14,000	-11,313	-11,023	-11,101	-10,992	-10,991	-10,967	-10,944	-10,940	-10,923	-10,925	-10,913	-10,875	-10,801	-10,662	-10,495	0,329	0,110	0,153	0,119	0,091	0,083	0,083	0,078	0,098	0,114	0,140	0,203	0,258	0,304	0,247	0,000	0,000
15,000	-9,128	-9,247	-9,192	-9,183	-9,146	-9,146	-9,129	-9,116	-9,104	-9,090	-9,071	-9,038	-8,993	-8,929	-8,844	-0,246	-0,030	-0,027	0,029	0,038	0,058	0,065	0,069	0,079	0,092	0,111	0,127	0,148	0,158	0,127	0,000	0,000
	run	15	2022:11:08    11:50:12,854
0,000	-13,253	-13,327	-13,359	-13,460	-13,483	-13,501	-13,518	-13,526	-13,525	-13,537	-13,530	-13,507	-13,458	-13,372	-13,263	-0,210	-0,174	-0,155	-0,119	-0,100	-0,070	-0,040	-0,022	0,001	0,022	0,070	0,114	0,156	0,179	0,147	0,000	0,000
1,000	-16,765	-16,726	-16,630	-16,391	-16,204	-16,080	-16,005	-15,941	-15,873	-15,837	-15,772	-15,725	-15,663	-15,556	-15,445	0,093	0,250	0,302	0,422	0,422	0,378	0,352	0,324	0,297	0,275	0,263	0,252	0,258	0,246	0,181	0,000	0,000
2,000	-10,485	-10,447	-10,413	-10,261	-10,146	-10,067	-10,019	-9,977	-9,919	-9,882	-9,821	-9,733	-9,635	-9,478	-9,298	0,104	0,149	0,198	0,268	0,275	0,261	0,259	0,259	0,260	0,271	0,303	0,338	0,358	0,363	0,271	0,000	0,000
3,000	-21,396	-21,281	-21,169	-20,786	-20,560	-20,415	-20,339	-20,284	-20,234	-20,223	-20,188	-20,143	-20,089	-19,979	-19,844	0,205	0,400	0,484	0,559	0,516	0,412	0,358	0,308	0,261	0,223	0,218	0,231	0,246	0,257	0,201	0,000	0,000
4,000	-11,389	-11,475	-11,377	-11,399	-11,377	-11,378	-11,372	-11,374	-11,360	-11,351	-11,295	-11,209	-11,080	-10,851	-10,550	-0,199	-0,024	-0,028	0,027	0,049	0,061	0,085	0,102	0,141	0,207	0,291	0,380	0,473	0,531	0,433	0,000	0,000
5,000	-12,695	-12,682	-12,794	-12,834	-12,803	-12,791	-12,779	-12,771	-12,746	-12,756	-12,709	-12,620	-12,494	-12,244	-11,936	-0,088	-0,152	-0,111	-0,003	0,030	0,039	0,081	0,104	0,147	0,189	0,281	0,387	0,483	0,541	0,437	0,000	0,000
6,000	-8,844	-8,813	-8,714	-8,568	-8,461	-8,404	-8,373	-8,346	-8,308	-8,286	-8,224	-8,172	-8,083	-7,940	-7,773	-0,003	0,151	0,188	0,240	0,228	0,201	0,203	0,201	0,207	0,212	0,247	0,276	0,308	0,326	0,255	0,000	0,000
7,000	-7,128	-7,046	-7,063	-6,980	-6,931	-6,890	-6,875	-6,862	-6,842	-6,837	-6,824	-6,807	-6,788	-6,745	-6,706	0,031	0,016	0,070	0,120	0,109	0,091	0,087	0,081	0,076	0,074	0,072	0,079	0,088	0,089	0,064	0,000	0,000
8,000	-19,661	-19,941	-19,934	-20,070	-20,074	-20,127	-20,152	-20,175	-20,201	-20,244	-20,254	-20,267	-20,265	-20,222	-20,173	-0,616	-0,337	-0,302	-0,193	-0,155	-0,153	-0,133	-0,124	-0,107	-0,081	-0,040	-0,001	0,030	0,068	0,067	0,000	0,000
9,000	-9,428	-9,407	-9,356	-9,206	-9,082	-8,980	-8,919	-8,874	-8,830	-8,793	-8,746	-8,689	-8,610	-8,499	-8,367	-0,064	0,073	0,160	0,281	0,300	0,277	0,269	0,244	0,231	0,225	0,239	0,260	0,266	0,269	0,204	0,000	0,000
10,000	-9,349	-9,435	-9,362	-9,306	-9,245	-9,219	-9,198	-9,183	-9,164	-9,153	-9,133	-9,099	-9,046	-8,963	-8,862	-0,271	-0,011	0,019	0,105	0,101	0,096	0,095	0,099	0,098	0,113	0,130	0,154	0,179	0,191	0,156	0,000	0,000
11,000	-9,674	-9,631	-9,617	-9,509	-9,437	-9,392	-9,358	-9,342	-9,308	-9,293	-9,255	-9,213	-9,155	-9,064	-8,952	-0,068	0,023	0,071	0,151	0,156	0,146	0,148	0,142	0,148	0,156	0,165	0,193	0,213	0,217	0,167	0,000	0,000
12,000	-15,006	-14,927	-14,864	-14,789	-14,742	-14,723	-14,717	-14,723	-14,712	-14,721	-14,703	-14,686	-14,643	-14,555	-14,462	0,054	0,119	0,124	0,122	0,099	0,060	0,062	0,051	0,063	0,068	0,100	0,130	0,154	0,176	0,137	0,000	0,000
13,000	-7,915	-7,679	-7,697	-7,614	-7,593	-7,560	-7,537	-7,521	-7,490	-7,456	-7,412	-7,348	-7,260	-7,127	-6,961	0,465	0,294	0,229	0,161	0,143	0,138	0,146	0,156	0,174	0,193	0,229	0,268	0,300	0,313	0,250	0,000	0,000
14,000	-11,586	-11,305	-11,363	-11,263	-11,245	-11,219	-11,198	-11,199	-11,186	-11,187	-11,164	-11,132	-11,058	-10,916	-10,740	0,304	0,117	0,132	0,126	0,108	0,086	0,090	0,079	0,098	0,109	0,160	0,219	0,260	0,309	0,257	0,000	0,000
15,000	-9,156	-9,277	-9,209	-9,206	-9,176	-9,172	-9,158	-9,144	-9,129	-9,121	-9,097	-9,065	-9,026	-8,958	-8,872	-0,253	-0,031	-0,031	0,032	0,035	0,052	0,063	0,072	0,076	0,090	0,111	0,127	0,144	0,155	0,124	0,000	0,000
	run	16	2022:11:08    11:50:12,905
0,000	-13,253	-13,327	-13,359	-13,460	-13,483	-13,501	-13,518	-13,526	-13,525	-13,537	-13,530	-13,507	-13,458	-13,372	-13,263	-0,210	-0,174	-0,155	-0,119	-0,100	-0,070	-0,040	-0,022	0,001	0,022	0,070	0,114	0,156	0,179	0,147	0,000	0,000
1,000	-16,765	-16,726	-16,630	-16,391	-16,204	-16,080	-16,005	-15,941	-15,873	-15,837	-15,772	-15,725	-15,663	-15,556	-15,445	0,093	0,250	0,302	0,422	0,422	0,378	0,352	0,324	0,297	0,275	0,263	0,252	0,258	0,246	0,181	0,000	0,000
2,000	-10,485	-10,447	-10,413	-10,261	-10,146	-10,067	-10,019	-9,977	-9,919	-9,882	-9,821	-9,733	-9,635	-9,478	-9,298	0,104	0,149	0,198	0,268	0,275	0,261	0,259	0,259	0,260	0,271	0,303	0,338	0,358	0,363	0,271	0,000	0,000
3,000	-21,396	-21,281	-21,169	-20,786	-20,560	-20,415	-20,339	-20,284	-20,234	-20,223	-20,188	-20,143	-20,089	-19,979	-19,844	0,205	0,400	0,484	0,559	0,516	0,412	0,358	0,308	0,261	0,223	0,218	0,231	0,246	0,257	0,201	0,000	0,000
4,000	-11,389	-11,475	-11,377	-11,399	-11,377	-11,378	-11,372	-11,374	-11,360	-11,351	-11,295	-11,209	-11,080	-10,851	-10,550	-0,199	-0,024	-0,028	0,027	0,049	0,061	0,085	0,102	0,141	0,207	0,291	0,380	0,473	0,531	0,433	0,000	0,000
5,000	-12,695	-12,682	-12,794	-12,834	-12,803	-12,791	-12,779	-12,771	-12,746	-12,756	-12,709	-12,620	-12,494	-12,244	-11,936	-0,088	-0,152	-0,111	-0,003	0,030	0,039	0,081	0,104	0,147	0,189	0,281	0,387	0,483	0,541	0,437	0,000	0,000
6,000	-8,695	-8,663	-8,560	-8,418	-8,323	-8,266	-8,235	-8,204	-8,164	-8,140	-8,084	-8,024	-7,947	-7,806	-7,642	0,006	0,146	0,179	0,243	0,228	0,200	0,198	0,192	0,199	0,215	0,251	0,275	0,314	0,325	0,250	0,000	0,000
7,000	-6,911	-6,853	-6,861	-6,785	-6,750	-6,724	-6,700	-6,691	-6,677	-6,671	-6,663	-6,645	-6,620	-6,586	-6,541	0,008	0,009	0,056	0,103	0,094	0,084	0,078	0,069	0,066	0,059	0,068	0,076	0,084	0,088	0,060	0,000	0,000
8,000	-19,308	-19,567	-19,559	-19,695	-19,685	-19,721	-19,752	-19,775	-19,798	-19,839	-19,853	-19,858	-19,861	-19,820	-19,768	-0,607	-0,319	-0,283	-0,173	-0,133	-0,130	-0,117	-0,113	-0,098	-0,081	-0,038	-0,006	0,028	0,068	0,062	0,000	0,000
9,000	-9,304	-9,328	-9,287	-9,150	-9,033	-8,942	-8,882	-8,841	-8,791	-8,758	-8,713	-8,654	-8,578	-8,467	-8,340	-0,057	0,063	0,129	0,256	0,282	0,267	0,259	0,239	0,225	0,224	0,235	0,254	0,265	0,266	0,208	0,000	0,000
10,000	-9,495	-9,559	-9,499	-9,428	-9,364	-9,339	-9,317	-9,301	-9,267	-9,269	-9,245	-9,209	-9,154	-9,070	-8,967	-0,245	-0,012	0,022	0,110	0,106	0,102	0,099	0,104	0,104	0,109	0,133	0,159	0,186	0,196	0,154	0,000	0,000
11,000	-9,876	-9,836	-9,816	-9,708	-9,639	-9,588	-9,557	-9,537	-9,507	-9,493	-9,453	-9,411	-9,352	-9,260	-9,155	-0,069	0,033	0,076	0,150	0,160	0,145	0,148	0,146	0,144	0,151	0,174	0,192	0,213	0,213	0,168	0,000	0,000
12,000	-15,139	-15,060	-14,999	-14,924	-14,873	-14,856	-14,846	-14,848	-14,834	-14,855	-14,832	-14,810	-14,769	-14,682	-14,584	0,048	0,117	0,121	0,117	0,093	0,067	0,065	0,061	0,061	0,066	0,101	0,131	0,160	0,184	0,145	0,000	0,000
13,000	-7,899	-7,665	-7,663	-7,590	-7,564	-7,534	-7,513	-7,496	-7,461	-7,428	-7,382	-7,320	-7,228	-7,101	-6,933	0,465	0,288	0,220	0,166	0,144	0,142	0,147	0,160	0,176	0,200	0,229	0,264	0,309	0,313	0,245	0,000	0,000
14,000	-11,484	-11,228	-11,293	-11,177	-11,171	-11,134	-11,117	-11,115	-11,104	-11,103	-11,091	-11,051	-10,978	-10,839	-10,653	0,326	0,126	0,147	0,124	0,098	0,080	0,086	0,088	0,090	0,121	0,157	0,203	0,264	0,306	0,258	0,000	0,000
15,000	-9,261	-9,374	-9,319	-9,314	-9,279	-9,279	-9,262	-9,248	-9,233	-9,222	-9,201	-9,170	-9,125	-9,057	-8,969	-0,242	-0,027	-0,027	0,031	0,036	0,056	0,062	0,075	0,077	0,090	0,115	0,129	0,152	0,161	0,130	0,000	0,000
	run	17	2022:11:08    11:50:13,005
0,000	-13,644	-13,720	-13,775	-13,870	-13,908	-13,925	-13,944	-13,948	-13,949	-13,964	-13,959	-13,931	-13,886	-13,796	-13,696	-0,210	-0,199	-0,169	-0,128	-0,105	-0,077	-0,050	-0,029	0,001	0,024	0,064	0,117	0,154	0,185	0,147	0,000	0,000
1,000	-17,288	-17,233	-17,119	-16,853	-16,660	-16,526	-16,445	-16,385	-16,317	-16,281	-16,220	-16,153	-16,096	-16,000	-15,881	0,141	0,303	0,356	0,454	0,444	0,397	0,364	0,334	0,311	0,276	0,267	0,261	0,254	0,257	0,180	0,000	0,000
2,000	-10,491	-10,483	-10,441	-10,288	-10,182	-10,111	-10,061	-10,023	-9,962	-9,931	-9,857	-9,780	-9,678	-9,525	-9,353	0,088	0,135	0,189	0,263	0,266	0,247	0,253	0,252	0,260	0,265	0,298	0,333	0,354	0,359	0,266	0,000	0,000
3,000	-20,734	-20,677	-20,580	-20,236	-20,012	-19,866	-19,795	-19,738	-19,690	-19,675	-19,641	-19,601	-19,552	-19,449	-19,312	0,132	0,328	0,413	0,524	0,493	0,399	0,349	0,298	0,262	0,223	0,214	0,231	0,237	0,248	0,186	0,000	0,000
4,000	-11,188	-11,243	-11,185	-11,187	-11,166	-11,161	-11,161	-11,158	-11,149	-11,127	-11,084	-11,011	-10,872	-10,653	-10,345	-0,193	-0,018	-0,016	0,034	0,042	0,063	0,088	0,100	0,139	0,202	0,286	0,375	0,464	0,520	0,428	0,000	0,000
5,000	-12,358	-12,382	-12,476	-12,521	-12,498	-12,488	-12,473	-12,480	-12,443	-12,451	-12,407	-12,323	-12,192	-11,954	-11,656	-0,095	-0,143	-0,111	-0,004	0,027	0,033	0,074	0,102	0,136	0,186	0,277	0,376	0,461	0,523	0,420	0,000	0,000
6,000	-8,523	-8,506	-8,416	-8,274	-8,177	-8,114	-8,087	-8,060	-8,020	-8,003	-7,944	-7,883	-7,801	-7,666	-7,509	-0,022	0,129	0,165	0,229	0,222	0,199	0,199	0,191	0,194	0,207	0,236	0,271	0,302	0,315	0,243	0,000	0,000
7,000	-6,898	-6,848	-6,874	-6,788	-6,749	-6,712	-6,697	-6,682	-6,663	-6,665	-6,651	-6,632	-6,613	-6,570	-6,524	0,045	0,016	0,053	0,108	0,095	0,086	0,083	0,070	0,069	0,064	0,073	0,085	0,085	0,089	0,072	0,000	0,000
8,000	-19,458	-19,729	-19,712	-19,854	-19,852	-19,905	-19,935	-19,961	-19,977	-20,022	-20,032	-20,045	-20,044	-20,005	-19,952	-0,584	-0,323	-0,291	-0,187	-0,144	-0,135	-0,124	-0,119	-0,106	-0,081	-0,044	-0,005	0,029	0,063	0,065	0,000	0,000
9,000	-9,500	-9,509	-9,467	-9,304	-9,180	-9,075	-9,017	-8,977	-8,923	-8,889	-8,839	-8,786	-8,707	-8,595	-8,460	-0,038	0,086	0,157	0,286	0,299	0,279	0,269	0,249	0,234	0,226	0,246	0,262	0,280	0,277	0,208	0,000	0,000
10,000	-9,706	-9,776	-9,674	-9,590	-9,520	-9,485	-9,465	-9,445	-9,421	-9,414	-9,385	-9,349	-9,299	-9,209	-9,104	-0,251	0,012	0,055	0,135	0,127	0,115	0,117	0,116	0,114	0,123	0,145	0,160	0,192	0,199	0,160	0,000	0,000
11,000	-9,957	-9,915	-9,892	-9,766	-9,696	-9,644	-9,612	-9,594	-9,562	-9,538	-9,501	-9,466	-9,402	-9,307	-9,196	-0,057	0,043	0,094	0,165	0,174	0,156	0,155	0,145	0,150	0,157	0,178	0,197	0,215	0,224	0,170	0,000	0,000
12,000	-15,137	-15,075	-15,008	-14,937	-14,884	-14,874	-14,869	-14,859	-14,850	-14,868	-14,849	-14,826	-14,787	-14,700	-14,601	0,030	0,121	0,124	0,116	0,095	0,068	0,065	0,057	0,063	0,070	0,094	0,125	0,156	0,176	0,142	0,000	0,000
13,000	-7,835	-7,628	-7,630	-7,560	-7,527	-7,498	-7,473	-7,455	-7,426	-7,399	-7,345	-7,286	-7,200	-7,069	-6,898	0,446	0,283	0,220	0,163	0,146	0,139	0,146	0,153	0,172	0,197	0,231	0,268	0,301	0,313	0,250	0,000	0,000
14,000	-11,387	-11,101	-11,182	-11,093	-11,090	-11,049	-11,026	-11,034	-11,015	-11,021	-11,005	-10,959	-10,884	-10,753	-10,565	0,340	0,120	0,144	0,118	0,093	0,079	0,091	0,084	0,098	0,113	0,159	0,218	0,274	0,304	0,253	0,000	0,000
15,000	-9,352	-9,457	-9,404	-9,382	-9,352	-9,352	-9,327	-9,323	-9,305	-9,291	-9,264	-9,240	-9,192	-9,121	-9,040	-0,244	-0,028	-0,027	0,030	0,044	0,065	0,068	0,075	0,078	0,099	0,121	0,133	0,151	0,165	0,133	0,000	0,000
	run	18	2022:11:08    11:50:13,106
0,000	-13,443	-13,514	-13,555	-13,648	-13,686	-13,707	-13,720	-13,727	-13,729	-13,747	-13,733	-13,707	-13,667	-13,583	-13,477	-0,233	-0,191	-0,175	-0,123	-0,098	-0,074	-0,044	-0,030	-0,003	0,018	0,061	0,107	0,152	0,176	0,139	0,000	0,000
1,000	-16,915	-16,871	-16,784	-16,537	-16,347	-16,219	-16,141	-16,087	-16,013	-15,982	-15,919	-15,865	-15,809	-15,708	-15,602	0,113	0,251	0,322	0,427	0,425	0,380	0,353	0,314	0,298	0,266	0,257	0,255	0,247	0,238	0,170	0,000	0,000
2,000	-10,224	-10,213	-10,167	-10,037	-9,928	-9,863	-9,814	-9,774	-9,716	-9,685	-9,618	-9,546	-9,448	-9,302	-9,140	0,058	0,121	0,177	0,255	0,251	0,236	0,247	0,241	0,253	0,263	0,284	0,314	0,336	0,339	0,254	0,000	0,000
3,000	-20,197	-20,170	-20,093	-19,766	-19,549	-19,412	-19,343	-19,286	-19,231	-19,227	-19,190	-19,153	-19,101	-18,996	-18,870	0,106	0,284	0,359	0,487	0,466	0,387	0,339	0,289	0,251	0,207	0,213	0,227	0,231	0,237	0,185	0,000	0,000
4,000	-10,776	-10,821	-10,724	-10,724	-10,686	-10,685	-10,688	-10,689	-10,681	-10,668	-10,629	-10,554	-10,423	-10,224	-9,943	-0,168	0,006	0,003	0,048	0,054	0,062	0,080	0,091	0,129	0,186	0,262	0,347	0,425	0,482	0,394	0,000	0,000
5,000	-12,094	-12,101	-12,221	-12,263	-12,241	-12,227	-12,215	-12,212	-12,185	-12,193	-12,146	-12,061	-11,935	-11,697	-11,413	-0,084	-0,162	-0,112	-0,007	0,023	0,039	0,073	0,104	0,140	0,189	0,267	0,369	0,463	0,517	0,415	0,000	0,000
6,000	-8,699	-8,679	-8,592	-8,457	-8,355	-8,303	-8,272	-8,244	-8,203	-8,181	-8,127	-8,069	-7,981	-7,832	-7,663	-0,027	0,126	0,160	0,227	0,225	0,196	0,197	0,194	0,199	0,217	0,246	0,281	0,316	0,334	0,256	0,000	0,000
7,000	-7,306	-7,198	-7,207	-7,094	-7,044	-6,998	-6,984	-6,968	-6,951	-6,955	-6,934	-6,918	-6,899	-6,849	-6,794	0,074	0,067	0,115	0,143	0,128	0,108	0,096	0,083	0,082	0,072	0,078	0,092	0,097	0,099	0,074	0,000	0,000
8,000	-20,136	-20,443	-20,446	-20,609	-20,617	-20,662	-20,697	-20,730	-20,749	-20,793	-20,797	-20,818	-20,813	-20,771	-20,716	-0,618	-0,367	-0,327	-0,211	-0,173	-0,162	-0,145	-0,127	-0,109	-0,080	-0,045	-0,002	0,023	0,068	0,071	0,000	0,000
9,000	-9,841	-9,812	-9,741	-9,533	-9,391	-9,286	-9,226	-9,177	-9,131	-9,098	-9,044	-8,981	-8,904	-8,788	-8,642	-0,020	0,118	0,215	0,339	0,345	0,302	0,288	0,259	0,246	0,240	0,254	0,279	0,287	0,288	0,219	0,000	0,000
10,000	-9,779	-9,844	-9,751	-9,660	-9,586	-9,555	-9,532	-9,512	-9,487	-9,485	-9,451	-9,421	-9,363	-9,271	-9,159	-0,250	0,005	0,058	0,143	0,127	0,118	0,118	0,111	0,112	0,126	0,144	0,168	0,199	0,209	0,162	0,000	0,000
11,000	-9,903	-9,847	-9,826	-9,695	-9,617	-9,560	-9,531	-9,508	-9,478	-9,460	-9,422	-9,379	-9,316	-9,218	-9,104	-0,046	0,064	0,105	0,176	0,181	0,165	0,161	0,150	0,156	0,162	0,186	0,203	0,225	0,227	0,169	0,000	0,000
12,000	-15,213	-15,149	-15,076	-15,015	-14,959	-14,947	-14,933	-14,940	-14,925	-14,936	-14,927	-14,897	-14,860	-14,770	-14,668	0,047	0,120	0,123	0,116	0,091	0,066	0,061	0,059	0,061	0,066	0,109	0,125	0,160	0,181	0,145	0,000	0,000
13,000	-7,898	-7,673	-7,670	-7,596	-7,575	-7,539	-7,520	-7,503	-7,471	-7,440	-7,387	-7,327	-7,242	-7,111	-6,942	0,461	0,292	0,225	0,158	0,146	0,139	0,148	0,155	0,175	0,194	0,225	0,268	0,301	0,315	0,245	0,000	0,000
14,000	-11,493	-11,233	-11,306	-11,191	-11,184	-11,154	-11,141	-11,147	-11,132	-11,128	-11,108	-11,060	-11,006	-10,861	-10,676	0,323	0,118	0,148	0,121	0,099	0,085	0,085	0,082	0,100	0,109	0,167	0,213	0,281	0,310	0,258	0,000	0,000
15,000	-9,292	-9,403	-9,356	-9,337	-9,307	-9,307	-9,289	-9,278	-9,263	-9,254	-9,228	-9,197	-9,153	-9,085	-9,005	-0,244	-0,038	-0,030	0,033	0,042	0,062	0,063	0,074	0,079	0,095	0,115	0,129	0,151	0,160	0,126	0,000	0,000
	run	19	2022:11:08    11:50:13,154
0,000	-13,029	-13,094	-13,128	-13,216	-13,238	-13,260	-13,272	-13,283	-13,280	-13,290	-13,287	-13,262	-13,220	-13,135	-13,040	-0,184	-0,176	-0,150	-0,107	-0,085	-0,064	-0,042	-0,024	0,001	0,024	0,064	0,099	0,140	0,167	0,139	0,000	0,000
1,000	-16,208	-16,192	-16,112	-15,914	-15,748	-15,629	-15,558	-15,500	-15,433	-15,398	-15,341	-15,293	-15,232	-15,139	-15,034	0,041	0,205	0,257	0,370	0,379	0,341	0,327	0,296	0,273	0,247	0,242	0,238	0,238	0,230	0,163	0,000	0,000
2,000	-10,224	-10,213	-10,167	-10,037	-9,928	-9,863	-9,814	-9,774	-9,716	-9,685	-9,618	-9,546	-9,448	-9,302	-9,140	0,058	0,121	0,177	0,255	0,251	0,236	0,247	0,241	0,253	0,263	0,284	0,314	0,336	0,339	0,254	0,000	0,000
3,000	-20,197	-20,170	-20,093	-19,766	-19,549	-19,412	-19,343	-19,286	-19,231	-19,227	-19,190	-19,153	-19,101	-18,996	-18,870	0,106	0,284	0,359	0,487	0,466	0,387	0,339	0,289	0,251	0,207	0,213	0,227	0,231	0,237	0,185	0,000	0,000
4,000	-10,776	-10,821	-10,724	-10,724	-10,686	-10,685	-10,688	-10,689	-10,681	-10,668	-10,629	-10,554	-10,423	-10,224	-9,943	-0,168	0,006	0,003	0,048	0,054	0,062	0,080	0,091	0,129	0,186	0,262	0,347	0,425	0,482	0,394	0,000	0,000
5,000	-12,094	-12,101	-12,221	-12,263	-12,241	-12,227	-12,215	-12,212	-12,185	-12,193	-12,146	-12,061	-11,935	-11,697	-11,413	-0,084	-0,162	-0,112	-0,007	0,023	0,039	0,073	0,104	0,140	0,189	0,267	0,369	0,463	0,517	0,415	0,000	0,000
6,000	-8,699	-8,679	-8,592	-8,457	-8,355	-8,303	-8,272	-8,244	-8,203	-8,181	-8,127	-8,069	-7,981	-7,832	-7,663	-0,027	0,126	0,160	0,227	0,225	0,196	0,197	0,194	0,199	0,217	0,246	0,281	0,316	0,334	0,256	0,000	0,000
7,000	-7,306	-7,198	-7,207	-7,094	-7,044	-6,998	-6,984	-6,968	-6,951	-6,955	-6,934	-6,918	-6,899	-6,849	-6,794	0,074	0,067	0,115	0,143	0,128	0,108	0,096	0,083	0,082	0,072	0,078	0,092	0,097	0,099	0,074	0,000	0,000
8,000	-20,496	-20,829	-20,844	-21,040	-21,041	-21,097	-21,124	-21,145	-21,175	-21,217	-21,231	-21,249	-21,251	-21,209	-21,148	-0,626	-0,394	-0,363	-0,245	-0,184	-0,163	-0,146	-0,134	-0,113	-0,090	-0,049	-0,010	0,021	0,069	0,065	0,000	0,000
9,000	-9,936	-9,890	-9,821	-9,590	-9,441	-9,336	-9,271	-9,228	-9,176	-9,143	-9,094	-9,040	-8,946	-8,826	-8,688	0,015	0,166	0,245	0,349	0,345	0,313	0,298	0,264	0,252	0,252	0,260	0,275	0,297	0,301	0,222	0,000	0,000
10,000	-9,825	-9,880	-9,802	-9,700	-9,626	-9,587	-9,566	-9,547	-9,525	-9,525	-9,492	-9,457	-9,400	-9,303	-9,197	-0,226	0,019	0,055	0,137	0,132	0,125	0,120	0,111	0,115	0,131	0,152	0,171	0,203	0,213	0,163	0,000	0,000
11,000	-9,912	-9,858	-9,839	-9,705	-9,625	-9,570	-9,543	-9,521	-9,487	-9,469	-9,430	-9,389	-9,325	-9,224	-9,108	-0,042	0,066	0,113	0,180	0,185	0,163	0,163	0,150	0,153	0,161	0,184	0,204	0,223	0,230	0,175	0,000	0,000
12,000	-15,340	-15,263	-15,205	-15,131	-15,078	-15,059	-15,053	-15,056	-15,039	-15,060	-15,033	-15,011	-14,976	-14,883	-14,784	0,044	0,119	0,127	0,117	0,100	0,066	0,065	0,060	0,065	0,068	0,102	0,140	0,157	0,184	0,146	0,000	0,000
13,000	-7,932	-7,725	-7,711	-7,639	-7,615	-7,587	-7,567	-7,543	-7,514	-7,480	-7,438	-7,371	-7,286	-7,149	-6,980	0,452	0,285	0,222	0,161	0,144	0,135	0,150	0,157	0,177	0,193	0,230	0,272	0,304	0,316	0,253	0,000	0,000
14,000	-11,480	-11,201	-11,290	-11,172	-11,171	-11,137	-11,112	-11,114	-11,107	-11,102	-11,083	-11,053	-10,981	-10,849	-10,670	0,341	0,121	0,140	0,132	0,104	0,081	0,087	0,073	0,100	0,116	0,153	0,210	0,263	0,298	0,250	0,000	0,000
15,000	-9,103	-9,224	-9,169	-9,162	-9,125	-9,128	-9,115	-9,098	-9,086	-9,072	-9,049	-9,028	-8,981	-8,920	-8,841	-0,255	-0,029	-0,024	0,023	0,035	0,054	0,058	0,069	0,068	0,091	0,112	0,125	0,143	0,155	0,125	0,000	0,000
	run	20	2022:11:08    11:50:13,253
0,000	-12,660	-12,731	-12,769	-12,840	-12,862	-12,884	-12,890	-12,896	-12,902	-12,909	-12,902	-12,883	-12,838	-12,763	-12,662	-0,180	-0,159	-0,139	-0,103	-0,086	-0,061	-0,033	-0,019	0,004	0,023	0,063	0,104	0,138	0,158	0,130	0,000	0,000
1,000	-15,672	-15,655	-15,594	-15,403	-15,254	-15,145	-15,080	-15,022	-14,961	-14,927	-14,870	-14,821	-14,766	-14,675	-14,577	0,030	0,172	0,220	0,335	0,349	0,321	0,306	0,276	0,261	0,236	0,238	0,236	0,231	0,223	0,162	0,000	0,000
2,000	-9,758	-9,755	-9,735	-9,618	-9,520	-9,446	-9,403	-9,367	-9,309	-9,280	-9,218	-9,147	-9,056	-8,921	-8,770	0,058	0,109	0,148	0,230	0,239	0,226	0,232	0,232	0,240	0,242	0,270	0,295	0,314	0,314	0,239	0,000	0,000
3,000	-20,074	-20,040	-19,955	-19,668	-19,468	-19,331	-19,264	-19,209	-19,155	-19,152	-19,112	-19,072	-19,025	-18,920	-18,804	0,078	0,257	0,333	0,459	0,443	0,371	0,326	0,274	0,249	0,205	0,205	0,216	0,227	0,236	0,176	0,000	0,000
4,000	-10,854	-10,908	-10,808	-10,810	-10,780	-10,776	-10,780	-10,773	-10,766	-10,753	-10,710	-10,648	-10,517	-10,311	-10,040	-0,175	0,007	0,009	0,039	0,051	0,058	0,083	0,092	0,126	0,185	0,262	0,350	0,426	0,476	0,390	0,000	0,000
5,000	-12,439	-12,445	-12,556	-12,597	-12,579	-12,559	-12,551	-12,547	-12,525	-12,525	-12,479	-12,386	-12,267	-12,023	-11,721	-0,093	-0,165	-0,126	-0,007	0,030	0,040	0,078	0,102	0,149	0,188	0,285	0,376	0,473	0,526	0,429	0,000	0,000
6,000	-8,838	-8,808	-8,712	-8,587	-8,478	-8,417	-8,392	-8,360	-8,317	-8,293	-8,241	-8,180	-8,088	-7,940	-7,767	-0,015	0,132	0,173	0,231	0,225	0,198	0,198	0,199	0,205	0,225	0,252	0,293	0,322	0,345	0,263	0,000	0,000
7,000	-7,371	-7,275	-7,280	-7,149	-7,095	-7,056	-7,029	-7,024	-6,999	-6,999	-6,985	-6,967	-6,939	-6,899	-6,845	0,072	0,075	0,126	0,155	0,138	0,103	0,099	0,086	0,081	0,075	0,079	0,095	0,095	0,104	0,076	0,000	0,000
8,000	-20,658	-20,987	-21,006	-21,210	-21,206	-21,264	-21,300	-21,321	-21,336	-21,393	-21,395	-21,418	-21,416	-21,364	-21,307	-0,657	-0,399	-0,369	-0,236	-0,185	-0,168	-0,147	-0,133	-0,117	-0,088	-0,046	-0,007	0,027	0,071	0,066	0,000	0,000
9,000	-10,020	-9,956	-9,863	-9,633	-9,490	-9,380	-9,324	-9,275	-9,226	-9,192	-9,137	-9,078	-8,994	-8,865	-8,716	0,032	0,171	0,259	0,362	0,355	0,312	0,301	0,269	0,256	0,252	0,270	0,288	0,305	0,312	0,234	0,000	0,000
10,000	-10,083	-10,138	-10,018	-9,910	-9,823	-9,794	-9,768	-9,748	-9,723	-9,717	-9,690	-9,653	-9,588	-9,492	-9,380	-0,223	0,051	0,094	0,168	0,150	0,136	0,127	0,125	0,119	0,131	0,149	0,178	0,203	0,218	0,172	0,000	0,000
11,000	-10,141	-10,064	-10,030	-9,888	-9,812	-9,752	-9,719	-9,700	-9,665	-9,648	-9,608	-9,563	-9,498	-9,399	-9,276	-0,028	0,082	0,133	0,194	0,195	0,172	0,168	0,154	0,164	0,164	0,189	0,212	0,233	0,235	0,187	0,000	0,000
12,000	-15,519	-15,459	-15,392	-15,325	-15,269	-15,249	-15,243	-15,248	-15,231	-15,245	-15,239	-15,204	-15,172	-15,075	-14,972	0,028	0,122	0,117	0,115	0,094	0,066	0,065	0,059	0,063	0,068	0,095	0,131	0,162	0,192	0,149	0,000	0,000
13,000	-7,971	-7,772	-7,746	-7,685	-7,652	-7,621	-7,599	-7,579	-7,550	-7,523	-7,469	-7,408	-7,321	-7,188	-7,019	0,446	0,285	0,230	0,163	0,148	0,143	0,154	0,161	0,179	0,197	0,229	0,272	0,304	0,316	0,250	0,000	0,000
14,000	-11,318	-11,007	-11,124	-11,005	-11,000	-10,964	-10,942	-10,952	-10,936	-10,931	-10,913	-10,885	-10,811	-10,688	-10,516	0,320	0,109	0,140	0,129	0,104	0,077	0,081	0,077	0,089	0,109	0,142	0,203	0,257	0,289	0,240	0,000	0,000
15,000	-8,874	-9,009	-8,933	-8,933	-8,900	-8,905	-8,890	-8,875	-8,862	-8,854	-8,831	-8,801	-8,762	-8,700	-8,622	-0,244	-0,030	-0,031	0,026	0,040	0,052	0,058	0,068	0,075	0,082	0,101	0,117	0,140	0,146	0,115	0,000	0,000
	run	21	2022:11:08    11:50:13,305
0,000	-12,660	-12,731	-12,769	-12,840	-12,862	-12,884	-12,890	-12,896	-12,902	-12,909	-12,902	-12,883	-12,838	-12,763	-12,662	-0,180	-0,159	-0,139	-0,103	-0,086	-0,061	-0,033	-0,019	0,004	0,023	0,063	0,104	0,138	0,158	0,130	0,000	0,000
1,000	-15,672	-15,655	-15,594	-15,403	-15,254	-15,145	-15,080	-15,022	-14,961	-14,927	-14,870	-14,821	-14,766	-14,675	-14,577	0,030	0,172	0,220	0,335	0,349	0,321	0,306	0,276	0,261	0,236	0,238	0,236	0,231	0,223	0,162	0,000	0,000
2,000	-9,758	-9,755	-9,735	-9,618	-9,520	-9,446	-9,403	-9,367	-9,309	-9,280	-9,218	-9,147	-9,056	-8,921	-8,770	0,058	0,109	0,148	0,230	0,239	0,226	0,232	0,232	0,240	0,242	0,270	0,295	0,314	0,314	0,239	0,000	0,000
3,000	-20,074	-20,040	-19,955	-19,668	-19,468	-19,331	-19,264	-19,209	-19,155	-19,152	-19,112	-19,072	-19,025	-18,920	-18,804	0,078	0,257	0,333	0,459	0,443	0,371	0,326	0,274	0,249	0,205	0,205	0,216	0,227	0,236	0,176	0,000	0,000
4,000	-10,854	-10,908	-10,808	-10,810	-10,780	-10,776	-10,780	-10,773	-10,766	-10,753	-10,710	-10,648	-10,517	-10,311	-10,040	-0,175	0,007	0,009	0,039	0,051	0,058	0,083	0,092	0,126	0,185	0,262	0,350	0,426	0,476	0,390	0,000	0,000
5,000	-12,439	-12,445	-12,556	-12,597	-12,579	-12,559	-12,551	-12,547	-12,525	-12,525	-12,479	-12,386	-12,267	-12,023	-11,721	-0,093	-0,165	-0,126	-0,007	0,030	0,040	0,078	0,102	0,149	0,188	0,285	0,376	0,473	0,526	0,429	0,000	0,000
6,000	-8,847	-8,813	-8,725	-8,585	-8,489	-8,425	-8,395	-8,369	-8,325	-8,305	-8,249	-8,186	-8,095	-7,951	-7,779	-0,019	0,131	0,178	0,235	0,235	0,203	0,202	0,197	0,207	0,220	0,256	0,294	0,323	0,341	0,263	0,000	0,000
7,000	-7,358	-7,259	-7,247	-7,137	-7,077	-7,041	-7,020	-7,017	-6,989	-6,987	-6,975	-6,953	-6,926	-6,880	-6,824	0,060	0,068	0,103	0,145	0,133	0,107	0,099	0,084	0,083	0,077	0,085	0,096	0,105	0,111	0,081	0,000	0,000
8,000	-20,732	-21,056	-21,089	-21,287	-21,285	-21,334	-21,369	-21,399	-21,416	-21,463	-21,470	-21,482	-21,484	-21,441	-21,370	-0,628	-0,393	-0,360	-0,237	-0,179	-0,165	-0,150	-0,131	-0,113	-0,083	-0,044	0,000	0,031	0,078	0,076	0,000	0,000
9,000	-10,106	-10,060	-9,961	-9,734	-9,582	-9,480	-9,422	-9,371	-9,324	-9,286	-9,235	-9,173	-9,093	-8,959	-8,808	0,022	0,159	0,255	0,367	0,350	0,311	0,297	0,273	0,259	0,253	0,269	0,293	0,308	0,315	0,232	0,000	0,000
10,000	-10,190	-10,209	-10,095	-9,952	-9,873	-9,841	-9,816	-9,792	-9,766	-9,769	-9,731	-9,696	-9,638	-9,544	-9,425	-0,180	0,084	0,131	0,186	0,154	0,137	0,133	0,129	0,127	0,138	0,156	0,182	0,212	0,226	0,177	0,000	0,000
11,000	-10,231	-10,150	-10,112	-9,962	-9,883	-9,826	-9,793	-9,770	-9,740	-9,722	-9,677	-9,630	-9,565	-9,463	-9,337	0,004	0,105	0,141	0,201	0,198	0,175	0,174	0,161	0,163	0,168	0,191	0,217	0,236	0,248	0,189	0,000	0,000
12,000	-15,798	-15,737	-15,681	-15,605	-15,549	-15,530	-15,529	-15,526	-15,517	-15,534	-15,513	-15,487	-15,449	-15,361	-15,248	0,032	0,105	0,115	0,112	0,101	0,063	0,062	0,059	0,062	0,069	0,095	0,138	0,167	0,185	0,151	0,000	0,000
13,000	-8,008	-7,809	-7,794	-7,718	-7,689	-7,659	-7,631	-7,615	-7,582	-7,555	-7,505	-7,441	-7,350	-7,216	-7,050	0,458	0,292	0,222	0,161	0,147	0,142	0,148	0,160	0,176	0,198	0,232	0,271	0,307	0,321	0,251	0,000	0,000
14,000	-11,121	-10,862	-10,957	-10,838	-10,838	-10,806	-10,784	-10,794	-10,773	-10,768	-10,745	-10,716	-10,654	-10,530	-10,357	0,336	0,115	0,124	0,120	0,100	0,070	0,083	0,081	0,090	0,110	0,144	0,197	0,250	0,291	0,235	0,000	0,000
15,000	-8,759	-8,884	-8,823	-8,829	-8,790	-8,793	-8,781	-8,765	-8,755	-8,747	-8,726	-8,698	-8,654	-8,595	-8,515	-0,263	-0,031	-0,033	0,026	0,032	0,050	0,059	0,071	0,069	0,081	0,102	0,119	0,134	0,145	0,118	0,000	0,000
	run	22	2022:11:08    11:50:13,405
0,000	-12,931	-12,988	-13,034	-13,113	-13,150	-13,168	-13,177	-13,185	-13,185	-13,198	-13,191	-13,161	-13,123	-13,045	-12,944	-0,177	-0,174	-0,154	-0,117	-0,093	-0,056	-0,037	-0,020	-0,001	0,023	0,060	0,100	0,146	0,168	0,132	0,000	0,000
1,000	-16,425	-16,387	-16,298	-16,073	-15,910	-15,785	-15,712	-15,656	-15,593	-15,553	-15,491	-15,438	-15,380	-15,290	-15,176	0,053	0,200	0,270	0,387	0,395	0,364	0,337	0,300	0,280	0,257	0,251	0,250	0,244	0,238	0,181	0,000	0,000
2,000	-10,106	-10,094	-10,042	-9,922	-9,811	-9,742	-9,696	-9,657	-9,602	-9,573	-9,502	-9,425	-9,332	-9,186	-9,017	0,073	0,128	0,174	0,248	0,251	0,239	0,243	0,249	0,246	0,256	0,287	0,310	0,331	0,339	0,258	0,000	0,000
3,000	-20,310	-20,296	-20,192	-19,884	-19,670	-19,532	-19,461	-19,406	-19,352	-19,345	-19,305	-19,271	-19,219	-19,110	-18,993	0,090	0,283	0,356	0,485	0,461	0,384	0,336	0,285	0,252	0,207	0,209	0,220	0,228	0,242	0,179	0,000	0,000
4,000	-10,932	-10,976	-10,898	-10,890	-10,857	-10,858	-10,857	-10,858	-10,848	-10,840	-10,791	-10,724	-10,599	-10,389	-10,116	-0,170	0,002	0,009	0,048	0,053	0,061	0,076	0,092	0,129	0,184	0,267	0,347	0,427	0,481	0,395	0,000	0,000
5,000	-12,353	-12,360	-12,487	-12,525	-12,508	-12,493	-12,484	-12,480	-12,446	-12,456	-12,414	-12,327	-12,194	-11,957	-11,669	-0,103	-0,158	-0,121	-0,009	0,025	0,040	0,071	0,104	0,143	0,187	0,279	0,371	0,460	0,516	0,421	0,000	0,000
6,000	-8,770	-8,745	-8,659	-8,521	-8,420	-8,369	-8,337	-8,308	-8,264	-8,239	-8,178	-8,127	-8,040	-7,887	-7,715	-0,007	0,130	0,165	0,230	0,223	0,198	0,200	0,200	0,208	0,221	0,253	0,284	0,329	0,336	0,262	0,000	0,000
7,000	-7,320	-7,220	-7,211	-7,096	-7,048	-7,005	-6,985	-6,977	-6,958	-6,956	-6,941	-6,915	-6,895	-6,849	-6,791	0,068	0,072	0,103	0,157	0,124	0,100	0,099	0,089	0,082	0,076	0,085	0,092	0,102	0,108	0,077	0,000	0,000
8,000	-20,633	-20,964	-20,985	-21,175	-21,180	-21,232	-21,265	-21,289	-21,313	-21,358	-21,371	-21,382	-21,379	-21,336	-21,269	-0,636	-0,414	-0,377	-0,248	-0,188	-0,165	-0,149	-0,132	-0,108	-0,089	-0,050	-0,002	0,029	0,077	0,069	0,000	0,000
9,000	-10,090	-10,041	-9,960	-9,727	-9,580	-9,468	-9,410	-9,364	-9,314	-9,280	-9,222	-9,167	-9,080	-8,951	-8,798	0,017	0,173	0,256	0,366	0,357	0,313	0,302	0,270	0,254	0,249	0,269	0,288	0,307	0,309	0,238	0,000	0,000
10,000	-10,120	-10,163	-10,035	-9,902	-9,817	-9,788	-9,759	-9,742	-9,711	-9,705	-9,686	-9,640	-9,582	-9,482	-9,369	-0,188	0,086	0,135	0,187	0,155	0,140	0,134	0,128	0,126	0,136	0,160	0,183	0,214	0,224	0,178	0,000	0,000
11,000	-10,215	-10,131	-10,091	-9,950	-9,873	-9,812	-9,782	-9,758	-9,730	-9,704	-9,663	-9,619	-9,553	-9,451	-9,325	0,000	0,101	0,146	0,199	0,196	0,176	0,167	0,162	0,160	0,170	0,192	0,212	0,237	0,245	0,188	0,000	0,000
12,000	-15,901	-15,829	-15,759	-15,688	-15,632	-15,615	-15,610	-15,608	-15,589	-15,612	-15,595	-15,567	-15,525	-15,442	-15,340	0,040	0,116	0,119	0,114	0,096	0,070	0,065	0,060	0,063	0,071	0,091	0,129	0,164	0,188	0,149	0,000	0,000
13,000	-7,984	-7,780	-7,777	-7,709	-7,674	-7,643	-7,618	-7,602	-7,571	-7,538	-7,493	-7,430	-7,341	-7,205	-7,039	0,447	0,288	0,217	0,159	0,148	0,144	0,153	0,163	0,172	0,197	0,236	0,267	0,306	0,315	0,252	0,000	0,000
14,000	-11,092	-10,827	-10,917	-10,803	-10,799	-10,765	-10,744	-10,743	-10,739	-10,730	-10,714	-10,677	-10,611	-10,487	-10,307	0,358	0,108	0,136	0,123	0,094	0,082	0,080	0,087	0,097	0,111	0,155	0,199	0,253	0,298	0,245	0,000	0,000
15,000	-8,939	-9,071	-8,996	-9,001	-8,964	-8,969	-8,952	-8,941	-8,927	-8,917	-8,899	-8,864	-8,823	-8,763	-8,681	-0,274	-0,034	-0,035	0,030	0,036	0,050	0,058	0,070	0,074	0,086	0,108	0,123	0,141	0,148	0,122	0,000	0,000
	run	23	2022:11:08    11:50:13,505
0,000	-13,290	-13,364	-13,399	-13,489	-13,512	-13,538	-13,555	-13,561	-13,561	-13,575	-13,571	-13,541	-13,503	-13,421	-13,322	-0,205	-0,179	-0,148	-0,114	-0,098	-0,072	-0,046	-0,025	-0,006	0,021	0,057	0,105	0,143	0,165	0,136	0,000	0,000
1,000	-16,721	-16,697	-16,605	-16,367	-16,191	-16,062	-15,990	-15,931	-15,864	-15,830	-15,769	-15,714	-15,657	-15,556	-15,452	0,105	0,237	0,305	0,409	0,410	0,366	0,344	0,319	0,286	0,260	0,246	0,245	0,244	0,238	0,174	0,000	0,000
2,000	-10,191	-10,154	-10,134	-9,994	-9,885	-9,809	-9,764	-9,721	-9,675	-9,638	-9,577	-9,497	-9,401	-9,251	-9,093	0,072	0,134	0,177	0,250	0,253	0,239	0,244	0,240	0,250	0,248	0,282	0,315	0,337	0,343	0,252	0,000	0,000
3,000	-20,272	-20,255	-20,161	-19,845	-19,631	-19,494	-19,429	-19,371	-19,323	-19,309	-19,269	-19,240	-19,183	-19,083	-18,961	0,087	0,276	0,365	0,487	0,468	0,384	0,336	0,284	0,252	0,206	0,205	0,223	0,231	0,238	0,181	0,000	0,000
4,000	-10,707	-10,757	-10,678	-10,662	-10,632	-10,631	-10,628	-10,625	-10,623	-10,606	-10,567	-10,500	-10,372	-10,164	-9,889	-0,164	0,013	0,002	0,049	0,059	0,059	0,083	0,094	0,128	0,185	0,262	0,341	0,424	0,477	0,390	0,000	0,000
5,000	-12,042	-12,043	-12,152	-12,190	-12,178	-12,161	-12,151	-12,144	-12,119	-12,128	-12,081	-12,000	-11,881	-11,648	-11,357	-0,095	-0,151	-0,114	-0,009	0,025	0,033	0,075	0,101	0,140	0,180	0,267	0,361	0,454	0,513	0,403	0,000	0,000
6,000	-8,518	-8,495	-8,411	-8,288	-8,190	-8,134	-8,100	-8,081	-8,041	-8,011	-7,965	-7,904	-7,822	-7,680	-7,514	-0,026	0,122	0,165	0,222	0,214	0,195	0,192	0,186	0,200	0,209	0,249	0,280	0,306	0,323	0,247	0,000	0,000
7,000	-7,139	-7,078	-7,066	-6,968	-6,916	-6,888	-6,866	-6,855	-6,836	-6,829	-6,820	-6,798	-6,775	-6,733	-6,675	0,048	0,043	0,092	0,130	0,120	0,088	0,096	0,083	0,078	0,074	0,081	0,090	0,098	0,098	0,078	0,000	0,000
8,000	-20,548	-20,877	-20,899	-21,096	-21,101	-21,153	-21,184	-21,217	-21,226	-21,285	-21,287	-21,304	-21,302	-21,260	-21,191	-0,622	-0,402	-0,356	-0,232	-0,182	-0,164	-0,145	-0,131	-0,106	-0,089	-0,049	-0,012	0,027	0,077	0,072	0,000	0,000
9,000	-10,055	-10,002	-9,928	-9,700	-9,556	-9,447	-9,385	-9,340	-9,287	-9,257	-9,205	-9,144	-9,056	-8,933	-8,786	0,016	0,160	0,248	0,361	0,356	0,315	0,297	0,270	0,252	0,249	0,264	0,286	0,304	0,303	0,229	0,000	0,000
10,000	-10,064	-10,118	-10,005	-9,878	-9,800	-9,767	-9,742	-9,720	-9,695	-9,691	-9,670	-9,629	-9,565	-9,473	-9,359	-0,208	0,060	0,109	0,174	0,155	0,137	0,130	0,127	0,125	0,130	0,156	0,176	0,209	0,219	0,172	0,000	0,000
11,000	-10,139	-10,049	-10,028	-9,878	-9,802	-9,746	-9,713	-9,694	-9,662	-9,634	-9,597	-9,556	-9,492	-9,386	-9,265	-0,020	0,081	0,128	0,196	0,191	0,170	0,174	0,157	0,161	0,167	0,186	0,213	0,229	0,245	0,185	0,000	0,000
12,000	-15,589	-15,524	-15,464	-15,384	-15,335	-15,314	-15,313	-15,308	-15,302	-15,312	-15,293	-15,270	-15,230	-15,144	-15,043	0,026	0,118	0,119	0,113	0,095	0,057	0,063	0,059	0,060	0,064	0,096	0,135	0,157	0,185	0,147	0,000	0,000
13,000	-7,958	-7,735	-7,742	-7,661	-7,634	-7,602	-7,577	-7,563	-7,528	-7,500	-7,451	-7,389	-7,298	-7,164	-6,994	0,460	0,286	0,222	0,163	0,143	0,137	0,146	0,160	0,176	0,199	0,233	0,269	0,308	0,326	0,248	0,000	0,000
14,000	-11,329	-11,053	-11,133	-11,014	-11,011	-10,986	-10,957	-10,961	-10,950	-10,949	-10,928	-10,886	-10,813	-10,678	-10,501	0,323	0,122	0,136	0,122	0,110	0,080	0,091	0,083	0,092	0,116	0,157	0,212	0,262	0,301	0,251	0,000	0,000
15,000	-9,255	-9,364	-9,295	-9,295	-9,259	-9,252	-9,243	-9,230	-9,216	-9,203	-9,181	-9,153	-9,106	-9,042	-8,959	-0,242	-0,037	-0,032	0,025	0,040	0,064	0,065	0,071	0,075	0,091	0,114	0,125	0,149	0,152	0,125	0,000	0,000
	run	24	2022:11:08    11:50:13,553
0,000	-13,500	-13,567	-13,600	-13,685	-13,725	-13,750	-13,759	-13,770	-13,764	-13,781	-13,773	-13,750	-13,702	-13,614	-13,512	-0,211	-0,174	-0,166	-0,117	-0,101	-0,069	-0,044	-0,025	0,001	0,023	0,066	0,108	0,151	0,178	0,145	0,000	0,000
1,000	-16,837	-16,797	-16,696	-16,465	-16,286	-16,155	-16,084	-16,020	-15,950	-15,917	-15,861	-15,800	-15,743	-15,639	-15,534	0,104	0,245	0,311	0,424	0,420	0,378	0,349	0,318	0,289	0,266	0,261	0,252	0,252	0,241	0,174	0,000	0,000
2,000	-10,191	-10,154	-10,134	-9,994	-9,885	-9,809	-9,764	-9,721	-9,675	-9,638	-9,577	-9,497	-9,401	-9,251	-9,093	0,072	0,134	0,177	0,250	0,253	0,239	0,244	0,240	0,250	0,248	0,282	0,315	0,337	0,343	0,252	0,000	0,000
3,000	-20,272	-20,255	-20,161	-19,845	-19,631	-19,494	-19,429	-19,371	-19,323	-19,309	-19,269	-19,240	-19,183	-19,083	-18,961	0,087	0,276	0,365	0,487	0,468	0,384	0,336	0,284	0,252	0,206	0,205	0,223	0,231	0,238	0,181	0,000	0,000
4,000	-10,707	-10,757	-10,678	-10,662	-10,632	-10,631	-10,628	-10,625	-10,623	-10,606	-10,567	-10,500	-10,372	-10,164	-9,889	-0,164	0,013	0,002	0,049	0,059	0,059	0,083	0,094	0,128	0,185	0,262	0,341	0,424	0,477	0,390	0,000	0,000
5,000	-12,042	-12,043	-12,152	-12,190	-12,178	-12,161	-12,151	-12,144	-12,119	-12,128	-12,081	-12,000	-11,881	-11,648	-11,357	-0,095	-0,151	-0,114	-0,009	0,025	0,033	0,075	0,101	0,140	0,180	0,267	0,361	0,454	0,513	0,403	0,000	0,000
6,000	-8,518	-8,495	-8,411	-8,288	-8,190	-8,134	-8,100	-8,081	-8,041	-8,011	-7,965	-7,904	-7,822	-7,680	-7,514	-0,026	0,122	0,165	0,222	0,214	0,195	0,192	0,186	0,200	0,209	0,249	0,280	0,306	0,323	0,247	0,000	0,000
7,000	-7,139	-7,078	-7,066	-6,968	-6,916	-6,888	-6,866	-6,855	-6,836	-6,829	-6,820	-6,798	-6,775	-6,733	-6,675	0,048	0,043	0,092	0,130	0,120	0,088	0,096	0,083	0,078	0,074	0,081	0,090	0,098	0,098	0,078	0,000	0,000
8,000	-20,280	-20,586	-20,595	-20,765	-20,776	-20,822	-20,853	-20,880	-20,898	-20,952	-20,954	-20,972	-20,973	-20,927	-20,867	-0,623	-0,374	-0,339	-0,225	-0,172	-0,161	-0,143	-0,131	-0,105	-0,087	-0,046	-0,006	0,031	0,076	0,069	0,000	0,000
9,000	-9,862	-9,812	-9,759	-9,542	-9,402	-9,294	-9,235	-9,186	-9,137	-9,102	-9,046	-8,990	-8,910	-8,790	-8,647	-0,015	0,139	0,230	0,338	0,339	0,308	0,288	0,267	0,248	0,245	0,256	0,278	0,291	0,296	0,220	0,000	0,000
10,000	-9,851	-9,932	-9,832	-9,729	-9,648	-9,618	-9,599	-9,577	-9,550	-9,548	-9,519	-9,486	-9,425	-9,331	-9,227	-0,227	0,027	0,075	0,150	0,135	0,123	0,120	0,118	0,117	0,132	0,145	0,171	0,194	0,207	0,164	0,000	0,000
11,000	-9,936	-9,878	-9,846	-9,722	-9,643	-9,590	-9,558	-9,536	-9,509	-9,489	-9,452	-9,406	-9,344	-9,248	-9,135	-0,046	0,059	0,112	0,185	0,180	0,159	0,160	0,148	0,151	0,159	0,183	0,206	0,219	0,226	0,176	0,000	0,000
12,000	-15,256	-15,194	-15,120	-15,046	-14,998	-14,981	-14,974	-14,978	-14,964	-14,976	-14,958	-14,932	-14,902	-14,813	-14,710	0,044	0,113	0,126	0,113	0,089	0,068	0,060	0,056	0,062	0,068	0,096	0,130	0,159	0,181	0,142	0,000	0,000
13,000	-7,923	-7,682	-7,690	-7,604	-7,587	-7,557	-7,526	-7,516	-7,480	-7,449	-7,401	-7,337	-7,249	-7,115	-6,943	0,484	0,291	0,223	0,162	0,145	0,139	0,148	0,159	0,175	0,201	0,233	0,276	0,309	0,320	0,254	0,000	0,000
14,000	-11,605	-11,372	-11,417	-11,321	-11,308	-11,278	-11,263	-11,251	-11,239	-11,242	-11,217	-11,175	-11,110	-10,970	-10,787	0,305	0,129	0,156	0,125	0,105	0,095	0,092	0,087	0,097	0,119	0,158	0,214	0,274	0,310	0,257	0,000	0,000
15,000	-9,333	-9,448	-9,389	-9,382	-9,350	-9,352	-9,336	-9,320	-9,307	-9,297	-9,279	-9,245	-9,201	-9,132	-9,049	-0,254	-0,029	-0,028	0,028	0,039	0,056	0,060	0,070	0,074	0,090	0,112	0,126	0,147	0,157	0,122	0,000	0,000
	run	25	2022:11:08    11:50:13,654
0,000	-13,471	-13,557	-13,605	-13,687	-13,718	-13,746	-13,754	-13,762	-13,764	-13,772	-13,762	-13,741	-13,697	-13,605	-13,505	-0,203	-0,187	-0,161	-0,122	-0,101	-0,067	-0,045	-0,028	0,002	0,026	0,070	0,113	0,151	0,179	0,146	0,000	0,000
1,000	-16,851	-16,812	-16,714	-16,464	-16,277	-16,147	-16,076	-16,018	-15,947	-15,913	-15,847	-15,793	-15,737	-15,632	-15,522	0,109	0,257	0,312	0,428	0,428	0,378	0,357	0,319	0,298	0,268	0,262	0,255	0,247	0,245	0,174	0,000	0,000
2,000	-10,323	-10,302	-10,274	-10,129	-10,017	-9,937	-9,892	-9,851	-9,801	-9,766	-9,697	-9,616	-9,519	-9,371	-9,201	0,064	0,133	0,187	0,260	0,261	0,247	0,252	0,257	0,255	0,263	0,299	0,321	0,346	0,352	0,260	0,000	0,000
3,000	-20,704	-20,660	-20,545	-20,193	-19,972	-19,836	-19,761	-19,702	-19,647	-19,634	-19,597	-19,562	-19,511	-19,395	-19,270	0,118	0,324	0,413	0,523	0,498	0,403	0,355	0,304	0,260	0,219	0,220	0,235	0,246	0,254	0,194	0,000	0,000
4,000	-11,063	-11,128	-11,041	-11,047	-11,020	-11,017	-11,019	-11,020	-11,006	-10,995	-10,951	-10,868	-10,744	-10,526	-10,232	-0,177	-0,006	-0,006	0,035	0,048	0,061	0,081	0,095	0,132	0,194	0,286	0,365	0,451	0,510	0,417	0,000	0,000
5,000	-12,509	-12,526	-12,634	-12,674	-12,652	-12,636	-12,625	-12,622	-12,595	-12,595	-12,550	-12,462	-12,333	-12,089	-11,788	-0,099	-0,164	-0,122	-0,005	0,026	0,038	0,083	0,106	0,145	0,187	0,279	0,387	0,474	0,535	0,432	0,000	0,000
6,000	-8,623	-8,588	-8,501	-8,366	-8,264	-8,204	-8,178	-8,153	-8,112	-8,092	-8,031	-7,973	-7,892	-7,753	-7,585	-0,021	0,124	0,170	0,227	0,225	0,193	0,198	0,194	0,204	0,213	0,242	0,278	0,303	0,322	0,253	0,000	0,000
7,000	-7,103	-7,013	-7,035	-6,935	-6,893	-6,859	-6,833	-6,829	-6,808	-6,806	-6,794	-6,771	-6,750	-6,708	-6,660	0,037	0,032	0,070	0,124	0,111	0,094	0,085	0,079	0,072	0,064	0,076	0,085	0,087	0,092	0,069	0,000	0,000
8,000	-19,777	-20,070	-20,068	-20,232	-20,225	-20,280	-20,301	-20,330	-20,352	-20,401	-20,406	-20,419	-20,426	-20,385	-20,327	-0,602	-0,342	-0,313	-0,203	-0,163	-0,147	-0,136	-0,126	-0,107	-0,087	-0,047	-0,010	0,025	0,066	0,063	0,000	0,000
9,000	-9,576	-9,564	-9,518	-9,336	-9,207	-9,102	-9,045	-8,996	-8,944	-8,908	-8,863	-8,804	-8,728	-8,611	-8,469	-0,040	0,089	0,173	0,307	0,318	0,294	0,277	0,252	0,241	0,238	0,250	0,267	0,286	0,282	0,214	0,000	0,000
10,000	-9,535	-9,623	-9,540	-9,474	-9,408	-9,383	-9,356	-9,346	-9,321	-9,315	-9,291	-9,253	-9,198	-9,108	-9,002	-0,252	-0,009	0,028	0,110	0,103	0,106	0,103	0,106	0,104	0,116	0,138	0,159	0,187	0,198	0,159	0,000	0,000
11,000	-9,773	-9,730	-9,715	-9,595	-9,533	-9,478	-9,444	-9,426	-9,399	-9,376	-9,339	-9,296	-9,237	-9,151	-9,036	-0,064	0,036	0,078	0,158	0,166	0,147	0,151	0,143	0,145	0,149	0,173	0,193	0,215	0,216	0,169	0,000	0,000
12,000	-15,031	-14,969	-14,910	-14,825	-14,775	-14,762	-14,752	-14,752	-14,741	-14,755	-14,738	-14,714	-14,675	-14,587	-14,490	0,038	0,121	0,129	0,117	0,093	0,070	0,068	0,059	0,061	0,066	0,093	0,130	0,158	0,179	0,148	0,000	0,000
13,000	-7,912	-7,677	-7,692	-7,607	-7,582	-7,554	-7,526	-7,513	-7,483	-7,447	-7,404	-7,341	-7,252	-7,116	-6,951	0,469	0,284	0,229	0,164	0,146	0,138	0,148	0,153	0,177	0,198	0,231	0,265	0,304	0,319	0,251	0,000	0,000
14,000	-11,636	-11,407	-11,478	-11,367	-11,356	-11,325	-11,300	-11,296	-11,288	-11,281	-11,266	-11,233	-11,155	-11,020	-10,830	0,318	0,136	0,150	0,128	0,110	0,089	0,090	0,086	0,099	0,120	0,167	0,220	0,277	0,309	0,251	0,000	0,000
15,000	-9,303	-9,419	-9,354	-9,351	-9,318	-9,318	-9,301	-9,284	-9,276	-9,263	-9,239	-9,215	-9,164	-9,098	-9,013	-0,251	-0,034	-0,022	0,025	0,040	0,058	0,063	0,072	0,073	0,093	0,112	0,131	0,149	0,160	0,127	0,000	0,000
	run	26	2022:11:08    11:50:13,705
0,000	-13,471	-13,557	-13,605	-13,687	-13,718	-13,746	-13,754	-13,762	-13,764	-13,772	-13,762	-13,741	-13,697	-13,605	-13,505	-0,203	-0,187	-0,161	-0,122	-0,101	-0,067	-0,045	-0,028	0,002	0,026	0,070	0,113	0,151	0,179	0,146	0,000	0,000
1,000	-16,851	-16,812	-16,714	-16,464	-16,277	-16,147	-16,076	-16,018	-15,947	-15,913	-15,847	-15,793	-15,737	-15,632	-15,522	0,109	0,257	0,312	0,428	0,428	0,378	0,357	0,319	0,298	0,268	0,262	0,255	0,247	0,245	0,174	0,000	0,000
2,000	-10,323	-10,302	-10,274	-10,129	-10,017	-9,937	-9,892	-9,851	-9,801	-9,766	-9,697	-9,616	-9,519	-9,371	-9,201	0,064	0,133	0,187	0,260	0,261	0,247	0,252	0,257	0,255	0,263	0,299	0,321	0,346	0,352	0,260	0,000	0,000
3,000	-20,704	-20,660	-20,545	-20,193	-19,972	-19,836	-19,761	-19,702	-19,647	-19,634	-19,597	-19,562	-19,511	-19,395	-19,270	0,118	0,324	0,413	0,523	0,498	0,403	0,355	0,304	0,260	0,219	0,220	0,235	0,246	0,254	0,194	0,000	0,000
4,000	-11,063	-11,128	-11,041	-11,047	-11,020	-11,017	-11,019	-11,020	-11,006	-10,995	-10,951	-10,868	-10,744	-10,526	-10,232	-0,177	-0,006	-0,006	0,035	0,048	0,061	0,081	0,095	0,132	0,194	0,286	0,365	0,451	0,510	0,417	0,000	0,000
5,000	-12,509	-12,526	-12,634	-12,674	-12,652	-12,636	-12,625	-12,622	-12,595	-12,595	-12,550	-12,462	-12,333	-12,089	-11,788	-0,099	-0,164	-0,122	-0,005	0,026	0,038	0,083	0,106	0,145	0,187	0,279	0,387	0,474	0,535	0,432	0,000	0,000
6,000	-8,738	-8,701	-8,625	-8,467	-8,364	-8,315	-8,280	-8,255	-8,216	-8,191	-8,136	-8,077	-7,993	-7,848	-7,687	-0,008	0,134	0,181	0,244	0,228	0,198	0,196	0,194	0,203	0,217	0,246	0,276	0,309	0,327	0,250	0,000	0,000
7,000	-7,048	-6,980	-6,997	-6,913	-6,867	-6,840	-6,816	-6,803	-6,789	-6,782	-6,769	-6,753	-6,729	-6,686	-6,643	0,033	0,026	0,063	0,122	0,107	0,084	0,081	0,078	0,068	0,071	0,072	0,080	0,086	0,096	0,067	0,000	0,000
8,000	-19,523	-19,801	-19,794	-19,936	-19,933	-19,984	-20,001	-20,030	-20,057	-20,099	-20,103	-20,122	-20,124	-20,078	-20,019	-0,586	-0,315	-0,295	-0,188	-0,146	-0,144	-0,123	-0,116	-0,097	-0,077	-0,040	-0,004	0,024	0,075	0,065	0,000	0,000
9,000	-9,359	-9,361	-9,327	-9,172	-9,050	-8,953	-8,898	-8,854	-8,803	-8,764	-8,723	-8,666	-8,589	-8,477	-8,342	-0,044	0,065	0,149	0,271	0,289	0,271	0,262	0,240	0,227	0,226	0,243	0,257	0,275	0,273	0,205	0,000	0,000
10,000	-9,410	-9,483	-9,406	-9,348	-9,281	-9,257	-9,237	-9,220	-9,201	-9,195	-9,166	-9,128	-9,083	-8,996	-8,893	-0,262	-0,015	0,015	0,106	0,101	0,098	0,097	0,105	0,103	0,120	0,133	0,151	0,184	0,192	0,157	0,000	0,000
11,000	-9,734	-9,699	-9,677	-9,574	-9,503	-9,454	-9,425	-9,402	-9,371	-9,353	-9,318	-9,275	-9,218	-9,127	-9,013	-0,071	0,031	0,080	0,156	0,160	0,147	0,143	0,139	0,143	0,149	0,173	0,193	0,213	0,221	0,164	0,000	0,000
12,000	-14,994	-14,932	-14,866	-14,794	-14,742	-14,727	-14,718	-14,724	-14,707	-14,723	-14,705	-14,681	-14,643	-14,558	-14,456	0,053	0,115	0,128	0,109	0,096	0,065	0,056	0,061	0,061	0,066	0,100	0,128	0,158	0,179	0,143	0,000	0,000
13,000	-7,851	-7,660	-7,636	-7,573	-7,548	-7,517	-7,493	-7,478	-7,451	-7,413	-7,372	-7,313	-7,219	-7,093	-6,926	0,435	0,279	0,222	0,153	0,145	0,142	0,145	0,152	0,172	0,192	0,229	0,266	0,296	0,308	0,248	0,000	0,000
14,000	-11,469	-11,190	-11,281	-11,169	-11,164	-11,132	-11,106	-11,113	-11,098	-11,091	-11,072	-11,040	-10,963	-10,836	-10,656	0,347	0,131	0,144	0,128	0,103	0,088	0,086	0,084	0,094	0,113	0,156	0,211	0,272	0,303	0,251	0,000	0,000
15,000	-9,199	-9,309	-9,241	-9,242	-9,203	-9,202	-9,194	-9,179	-9,160	-9,151	-9,128	-9,099	-9,051	-8,980	-8,900	-0,264	-0,025	-0,035	0,032	0,038	0,055	0,058	0,078	0,074	0,092	0,112	0,130	0,150	0,161	0,129	0,000	0,000
	run	27	2022:11:08    11:50:13,810
0,000	-13,232	-13,318	-13,366	-13,454	-13,482	-13,511	-13,526	-13,528	-13,527	-13,540	-13,531	-13,502	-13,458	-13,375	-13,263	-0,212	-0,185	-0,168	-0,119	-0,097	-0,072	-0,042	-0,029	-0,001	0,024	0,069	0,111	0,153	0,179	0,143	0,000	0,000
1,000	-16,989	-16,948	-16,838	-16,584	-16,396	-16,263	-16,186	-16,128	-16,053	-16,021	-15,960	-15,897	-15,838	-15,738	-15,619	0,110	0,272	0,326	0,441	0,439	0,390	0,359	0,333	0,301	0,277	0,265	0,265	0,259	0,251	0,183	0,000	0,000
2,000	-10,650	-10,604	-10,553	-10,406	-10,289	-10,216	-10,165	-10,121	-10,055	-10,035	-9,955	-9,869	-9,769	-9,607	-9,431	0,088	0,163	0,202	0,277	0,278	0,261	0,267	0,262	0,270	0,275	0,309	0,342	0,367	0,370	0,278	0,000	0,000
3,000	-21,526	-21,436	-21,301	-20,918	-20,690	-20,546	-20,477	-20,421	-20,370	-20,357	-20,320	-20,283	-20,233	-20,118	-19,989	0,212	0,425	0,503	0,567	0,522	0,417	0,362	0,302	0,262	0,218	0,214	0,234	0,245	0,257	0,194	0,000	0,000
4,000	-11,310	-11,379	-11,291	-11,309	-11,283	-11,279	-11,273	-11,279	-11,268	-11,243	-11,197	-11,123	-10,991	-10,755	-10,455	-0,189	-0,013	-0,024	0,035	0,046	0,061	0,090	0,100	0,145	0,203	0,293	0,391	0,476	0,529	0,434	0,000	0,000
5,000	-12,739	-12,746	-12,865	-12,900	-12,875	-12,858	-12,849	-12,848	-12,818	-12,824	-12,771	-12,682	-12,558	-12,303	-11,994	-0,118	-0,165	-0,120	-0,005	0,027	0,039	0,074	0,111	0,147	0,195	0,287	0,389	0,484	0,551	0,444	0,000	0,000
6,000	-8,796	-8,748	-8,663	-8,512	-8,409	-8,351	-8,327	-8,296	-8,253	-8,232	-8,184	-8,115	-8,033	-7,897	-7,725	-0,004	0,150	0,192	0,245	0,234	0,204	0,199	0,200	0,196	0,217	0,252	0,276	0,313	0,329	0,252	0,000	0,000
7,000	-7,051	-6,985	-7,007	-6,918	-6,878	-6,840	-6,820	-6,814	-6,788	-6,780	-6,777	-6,757	-6,737	-6,697	-6,650	0,034	0,028	0,060	0,111	0,104	0,083	0,086	0,076	0,068	0,065	0,069	0,077	0,086	0,091	0,071	0,000	0,000
8,000	-19,610	-19,900	-19,880	-20,018	-20,014	-20,070	-20,097	-20,124	-20,147	-20,190	-20,199	-20,209	-20,216	-20,172	-20,113	-0,583	-0,334	-0,308	-0,188	-0,151	-0,138	-0,127	-0,122	-0,104	-0,083	-0,044	-0,006	0,027	0,071	0,063	0,000	0,000
9,000	-9,453	-9,436	-9,407	-9,246	-9,121	-9,026	-8,962	-8,915	-8,869	-8,831	-8,782	-8,723	-8,650	-8,536	-8,403	-0,043	0,071	0,155	0,282	0,303	0,278	0,271	0,246	0,232	0,227	0,245	0,263	0,274	0,275	0,208	0,000	0,000
10,000	-9,522	-9,613	-9,535	-9,452	-9,391	-9,360	-9,339	-9,328	-9,300	-9,293	-9,269	-9,236	-9,180	-9,094	-8,990	-0,262	-0,004	0,027	0,115	0,115	0,106	0,104	0,104	0,109	0,119	0,132	0,161	0,183	0,198	0,157	0,000	0,000
11,000	-9,818	-9,770	-9,751	-9,633	-9,564	-9,510	-9,484	-9,464	-9,434	-9,412	-9,377	-9,338	-9,273	-9,183	-9,074	-0,055	0,036	0,081	0,160	0,167	0,151	0,153	0,143	0,149	0,150	0,170	0,197	0,211	0,218	0,167	0,000	0,000
12,000	-15,038	-14,972	-14,905	-14,828	-14,779	-14,761	-14,757	-14,752	-14,743	-14,757	-14,741	-14,713	-14,676	-14,595	-14,496	0,049	0,122	0,120	0,109	0,094	0,065	0,065	0,060	0,061	0,063	0,091	0,125	0,155	0,177	0,144	0,000	0,000
13,000	-7,761	-7,559	-7,550	-7,483	-7,460	-7,431	-7,407	-7,385	-7,357	-7,325	-7,281	-7,219	-7,134	-7,010	-6,846	0,428	0,280	0,210	0,153	0,140	0,135	0,145	0,154	0,170	0,191	0,223	0,262	0,297	0,304	0,240	0,000	0,000
14,000	-11,149	-10,865	-10,955	-10,842	-10,850	-10,814	-10,795	-10,806	-10,785	-10,774	-10,760	-10,725	-10,654	-10,523	-10,349	0,331	0,107	0,134	0,122	0,094	0,080	0,084	0,083	0,090	0,111	0,144	0,198	0,263	0,301	0,243	0,000	0,000
15,000	-9,063	-9,187	-9,134	-9,126	-9,091	-9,094	-9,076	-9,063	-9,048	-9,041	-9,013	-8,986	-8,938	-8,875	-8,788	-0,253	-0,035	-0,032	0,030	0,038	0,059	0,060	0,075	0,074	0,092	0,111	0,124	0,144	0,159	0,127	0,000	0,000
