Device: PM2003001		2022:11:08    11:05:34,183  (DLL version: 1.20;  Status: HW:v1.02 SW:v1.3 CRC:31ED BATTERY:4154mV ST:0 ERR:0000;  MUX data; S: 92 I:143 R:200.000 C:1.094p F:)
Excitation level, V:	2,00
Voltage Channel Gain:	5
Current Channel Gain:	1
Voltmeter Range, V:	0,6
Ampermeter Range, A:	15,0m
Step Period, ms:	5
R transimp:	200
C transimp:	1,1p
Measurement Table: 	EEPROM  16

Freq, Hz	1,0k	2,0k	3,0k	7,0k	11,0k	17,0k	23,0k	31,0k	43,0k	61,0k	89,0k	127,0k	179,0k	251,0k	349,0k	1,0k	2,0k	3,0k	7,0k	11,0k	17,0k	23,0k	31,0k	43,0k	61,0k	89,0k	127,0k	179,0k	251,0k	349,0k
	run	1	2022:11:08    11:05:34,188
MUX	Re1, ohm	Re2, ohm	Re3, ohm	Re4, ohm	Re5, ohm	Re6, ohm	Re7, ohm	Re8, ohm	Re9, ohm	Re10, ohm	Re11, ohm	Re12, ohm	Re13, ohm	Re14, ohm	Re15, ohm	Im1, ohm	Im2, ohm	Im3, ohm	Im4, ohm	Im5, ohm	Im6, ohm	Im7, ohm	Im8, ohm	Im9, ohm	Im10, ohm	Im11, ohm	Im12, ohm	Im13, ohm	Im14, ohm	Im15, ohm	U, V	I, mA

0,000	-12,854	-12,939	-12,954	-13,037	-13,058	-13,068	-13,073	-13,080	-13,078	-13,080	-13,067	-13,039	-12,992	-12,899	-12,786	-0,199	-0,162	-0,142	-0,095	-0,077	-0,038	-0,019	-0,005	0,020	0,049	0,084	0,123	0,169	0,198	0,156	0,000	0,000
1,000	-16,859	-16,844	-16,754	-16,565	-16,423	-16,325	-16,258	-16,216	-16,171	-16,144	-16,093	-16,053	-15,997	-15,902	-15,797	0,027	0,160	0,237	0,331	0,332	0,293	0,273	0,241	0,226	0,217	0,216	0,221	0,225	0,229	0,169	0,000	0,000
2,000	-10,442	-10,431	-10,394	-10,255	-10,149	-10,065	-10,019	-9,985	-9,935	-9,899	-9,837	-9,763	-9,661	-9,506	-9,330	0,024	0,118	0,164	0,255	0,262	0,245	0,244	0,238	0,246	0,258	0,295	0,329	0,354	0,360	0,270	0,000	0,000
3,000	-20,710	-20,692	-20,606	-20,298	-20,086	-19,959	-19,882	-19,829	-19,771	-19,763	-19,726	-19,685	-19,635	-19,520	-19,393	0,060	0,259	0,339	0,480	0,456	0,376	0,336	0,285	0,254	0,214	0,210	0,225	0,238	0,253	0,189	0,000	0,000
4,000	-11,165	-11,278	-11,206	-11,203	-11,172	-11,162	-11,174	-11,163	-11,164	-11,142	-11,111	-11,045	-10,911	-10,699	-10,427	-0,402	-0,091	-0,072	0,012	0,027	0,050	0,071	0,086	0,117	0,178	0,259	0,341	0,431	0,483	0,404	0,000	0,000
5,000	-10,735	-10,483	-10,596	-10,569	-10,573	-10,543	-10,519	-10,514	-10,493	-10,484	-10,453	-10,392	-10,293	-10,136	-9,933	0,712	0,253	0,176	0,117	0,100	0,088	0,108	0,112	0,136	0,165	0,212	0,272	0,330	0,357	0,298	0,000	0,000
6,000	-3,867	-3,534	-3,381	-3,244	-3,177	-3,144	-3,128	-3,108	-3,088	-3,077	-3,041	-3,002	-2,937	-2,825	-2,685	1,745	1,056	0,775	0,426	0,319	0,241	0,209	0,186	0,172	0,171	0,189	0,218	0,246	0,268	0,209	0,000	0,000
7,000	-4,779	-4,508	-4,413	-4,287	-4,233	-4,205	-4,194	-4,182	-4,170	-4,174	-4,163	-4,145	-4,133	-4,102	-4,067	1,035	0,627	0,500	0,291	0,212	0,150	0,127	0,103	0,087	0,075	0,072	0,074	0,074	0,073	0,053	0,000	0,000
8,000	-20,355	-20,613	-20,635	-20,774	-20,780	-20,837	-20,877	-20,914	-20,944	-21,005	-21,030	-21,054	-21,067	-21,043	-21,007	-0,586	-0,361	-0,307	-0,211	-0,186	-0,190	-0,183	-0,165	-0,155	-0,136	-0,092	-0,054	-0,025	0,013	0,028	0,000	0,000
9,000	-9,598	-9,580	-9,546	-9,402	-9,274	-9,162	-9,095	-9,045	-8,993	-8,950	-8,898	-8,836	-8,763	-8,649	-8,520	-0,065	0,048	0,133	0,287	0,309	0,296	0,292	0,268	0,256	0,246	0,259	0,269	0,274	0,272	0,201	0,000	0,000
10,000	-9,600	-9,598	-9,485	-9,331	-9,245	-9,196	-9,176	-9,160	-9,142	-9,140	-9,121	-9,087	-9,031	-8,945	-8,844	-0,068	0,144	0,167	0,210	0,180	0,153	0,134	0,121	0,115	0,122	0,136	0,164	0,191	0,201	0,160	0,000	0,000
11,000	-10,119	-10,017	-9,996	-9,861	-9,778	-9,726	-9,693	-9,672	-9,641	-9,622	-9,591	-9,545	-9,481	-9,380	-9,257	0,097	0,142	0,162	0,211	0,202	0,169	0,165	0,156	0,157	0,161	0,186	0,207	0,226	0,237	0,183	0,000	0,000
12,000	-14,616	-14,664	-14,601	-14,558	-14,495	-14,478	-14,468	-14,457	-14,446	-14,452	-14,425	-14,388	-14,330	-14,211	-14,074	-0,059	0,055	0,072	0,097	0,097	0,077	0,083	0,083	0,093	0,099	0,141	0,178	0,222	0,244	0,196	0,000	0,000
13,000	-8,630	-8,722	-8,682	-8,710	-8,698	-8,688	-8,672	-8,654	-8,628	-8,600	-8,544	-8,468	-8,364	-8,210	-8,007	-0,110	-0,047	-0,023	0,016	0,048	0,082	0,106	0,121	0,163	0,196	0,254	0,306	0,348	0,374	0,296	0,000	0,000
14,000	-11,779	-11,713	-11,755	-11,707	-11,692	-11,662	-11,646	-11,640	-11,631	-11,624	-11,609	-11,566	-11,486	-11,344	-11,149	-0,123	-0,089	-0,018	0,037	0,061	0,063	0,073	0,070	0,090	0,115	0,162	0,225	0,280	0,318	0,259	0,000	0,000
15,000	-8,842	-8,983	-8,880	-8,896	-8,853	-8,851	-8,842	-8,830	-8,815	-8,814	-8,790	-8,761	-8,712	-8,630	-8,547	-0,260	-0,002	-0,031	0,028	0,038	0,051	0,055	0,064	0,070	0,089	0,110	0,128	0,163	0,168	0,137	0,000	0,000
	run	2	2022:11:08    11:05:34,286
0,000	-13,096	-13,191	-13,212	-13,286	-13,309	-13,321	-13,333	-13,331	-13,333	-13,336	-13,324	-13,295	-13,244	-13,150	-13,038	-0,192	-0,164	-0,141	-0,093	-0,072	-0,042	-0,019	-0,006	0,019	0,047	0,084	0,130	0,172	0,199	0,158	0,000	0,000
1,000	-16,995	-16,981	-16,904	-16,703	-16,558	-16,456	-16,401	-16,353	-16,313	-16,279	-16,231	-16,188	-16,128	-16,040	-15,923	0,026	0,169	0,226	0,328	0,332	0,294	0,274	0,244	0,227	0,213	0,213	0,231	0,229	0,235	0,178	0,000	0,000
2,000	-10,417	-10,425	-10,390	-10,248	-10,143	-10,061	-10,013	-9,974	-9,931	-9,890	-9,821	-9,749	-9,647	-9,492	-9,304	0,018	0,110	0,157	0,254	0,264	0,251	0,251	0,242	0,247	0,263	0,298	0,342	0,360	0,367	0,286	0,000	0,000
3,000	-21,002	-20,972	-20,887	-20,559	-20,340	-20,203	-20,137	-20,073	-20,024	-20,008	-19,966	-19,928	-19,873	-19,760	-19,632	0,101	0,278	0,344	0,495	0,471	0,387	0,341	0,292	0,251	0,213	0,216	0,234	0,247	0,258	0,194	0,000	0,000
4,000	-11,595	-11,716	-11,643	-11,646	-11,623	-11,610	-11,623	-11,614	-11,611	-11,587	-11,558	-11,478	-11,340	-11,120	-10,821	-0,403	-0,098	-0,091	0,002	0,020	0,051	0,071	0,085	0,123	0,193	0,278	0,365	0,463	0,521	0,424	0,000	0,000
5,000	-11,096	-10,833	-10,941	-10,924	-10,913	-10,886	-10,869	-10,864	-10,840	-10,829	-10,794	-10,731	-10,638	-10,471	-10,257	0,712	0,241	0,185	0,117	0,104	0,095	0,109	0,119	0,140	0,165	0,220	0,284	0,348	0,381	0,307	0,000	0,000
6,000	-3,964	-3,618	-3,450	-3,311	-3,250	-3,214	-3,195	-3,177	-3,158	-3,141	-3,108	-3,066	-2,986	-2,869	-2,701	1,817	1,094	0,798	0,438	0,329	0,256	0,216	0,191	0,182	0,188	0,207	0,242	0,272	0,293	0,238	0,000	0,000
7,000	-4,790	-4,505	-4,402	-4,264	-4,215	-4,180	-4,169	-4,159	-4,143	-4,143	-4,134	-4,121	-4,103	-4,071	-4,034	1,059	0,665	0,501	0,307	0,217	0,150	0,129	0,106	0,093	0,077	0,067	0,076	0,076	0,079	0,065	0,000	0,000
8,000	-20,707	-20,969	-21,000	-21,155	-21,161	-21,224	-21,267	-21,302	-21,335	-21,396	-21,429	-21,451	-21,470	-21,445	-21,423	-0,610	-0,371	-0,339	-0,226	-0,203	-0,197	-0,193	-0,180	-0,159	-0,148	-0,106	-0,061	-0,034	0,006	0,016	0,000	0,000
9,000	-9,715	-9,696	-9,648	-9,475	-9,344	-9,222	-9,161	-9,105	-9,051	-9,009	-8,951	-8,893	-8,820	-8,703	-8,571	-0,067	0,072	0,158	0,313	0,336	0,308	0,300	0,279	0,266	0,256	0,260	0,272	0,279	0,280	0,208	0,000	0,000
10,000	-9,411	-9,429	-9,331	-9,238	-9,157	-9,130	-9,109	-9,097	-9,080	-9,082	-9,063	-9,029	-8,975	-8,892	-8,788	-0,100	0,092	0,109	0,155	0,139	0,117	0,111	0,103	0,099	0,109	0,129	0,152	0,180	0,194	0,154	0,000	0,000
11,000	-9,874	-9,804	-9,787	-9,665	-9,593	-9,540	-9,509	-9,489	-9,453	-9,444	-9,404	-9,357	-9,300	-9,200	-9,087	0,062	0,100	0,139	0,184	0,183	0,157	0,157	0,152	0,152	0,159	0,179	0,207	0,221	0,229	0,176	0,000	0,000
12,000	-14,089	-14,117	-14,063	-14,016	-13,963	-13,940	-13,930	-13,923	-13,903	-13,921	-13,885	-13,854	-13,798	-13,691	-13,560	-0,027	0,069	0,074	0,100	0,094	0,078	0,077	0,077	0,089	0,096	0,125	0,178	0,208	0,232	0,191	0,000	0,000
13,000	-8,296	-8,396	-8,362	-8,399	-8,383	-8,376	-8,363	-8,347	-8,321	-8,292	-8,243	-8,167	-8,068	-7,912	-7,722	-0,116	-0,048	-0,034	0,009	0,041	0,077	0,095	0,116	0,155	0,188	0,243	0,295	0,338	0,358	0,288	0,000	0,000
14,000	-11,674	-11,615	-11,641	-11,592	-11,588	-11,560	-11,540	-11,534	-11,527	-11,521	-11,507	-11,462	-11,378	-11,231	-11,044	-0,146	-0,090	-0,029	0,044	0,058	0,063	0,072	0,071	0,090	0,126	0,165	0,233	0,291	0,329	0,266	0,000	0,000
15,000	-8,937	-9,097	-8,987	-9,011	-8,962	-8,958	-8,951	-8,942	-8,923	-8,921	-8,901	-8,869	-8,823	-8,749	-8,666	-0,254	-0,018	-0,027	0,031	0,044	0,054	0,062	0,064	0,070	0,091	0,111	0,126	0,152	0,161	0,128	0,000	0,000
	run	3	2022:11:08    11:05:34,332
0,000	-13,176	-13,255	-13,277	-13,348	-13,369	-13,386	-13,393	-13,390	-13,394	-13,401	-13,391	-13,362	-13,318	-13,221	-13,109	-0,213	-0,151	-0,134	-0,086	-0,071	-0,041	-0,019	-0,009	0,020	0,042	0,086	0,124	0,171	0,191	0,155	0,000	0,000
1,000	-16,943	-16,954	-16,867	-16,700	-16,561	-16,464	-16,406	-16,358	-16,312	-16,288	-16,237	-16,186	-16,134	-16,036	-15,927	-0,027	0,141	0,196	0,293	0,315	0,290	0,271	0,241	0,219	0,214	0,222	0,231	0,232	0,238	0,182	0,000	0,000
2,000	-10,417	-10,425	-10,390	-10,248	-10,143	-10,061	-10,013	-9,974	-9,931	-9,890	-9,821	-9,749	-9,647	-9,492	-9,304	0,018	0,110	0,157	0,254	0,264	0,251	0,251	0,242	0,247	0,263	0,298	0,342	0,360	0,367	0,286	0,000	0,000
3,000	-21,002	-20,972	-20,887	-20,559	-20,340	-20,203	-20,137	-20,073	-20,024	-20,008	-19,966	-19,928	-19,873	-19,760	-19,632	0,101	0,278	0,344	0,495	0,471	0,387	0,341	0,292	0,251	0,213	0,216	0,234	0,247	0,258	0,194	0,000	0,000
4,000	-11,595	-11,716	-11,643	-11,646	-11,623	-11,610	-11,623	-11,614	-11,611	-11,587	-11,558	-11,478	-11,340	-11,120	-10,821	-0,403	-0,098	-0,091	0,002	0,020	0,051	0,071	0,085	0,123	0,193	0,278	0,365	0,463	0,521	0,424	0,000	0,000
5,000	-11,096	-10,833	-10,941	-10,924	-10,913	-10,886	-10,869	-10,864	-10,840	-10,829	-10,794	-10,731	-10,638	-10,471	-10,257	0,712	0,241	0,185	0,117	0,104	0,095	0,109	0,119	0,140	0,165	0,220	0,284	0,348	0,381	0,307	0,000	0,000
6,000	-3,964	-3,618	-3,450	-3,311	-3,250	-3,214	-3,195	-3,177	-3,158	-3,141	-3,108	-3,066	-2,986	-2,869	-2,701	1,817	1,094	0,798	0,438	0,329	0,256	0,216	0,191	0,182	0,188	0,207	0,242	0,272	0,293	0,238	0,000	0,000
7,000	-4,790	-4,505	-4,402	-4,264	-4,215	-4,180	-4,169	-4,159	-4,143	-4,143	-4,134	-4,121	-4,103	-4,071	-4,034	1,059	0,665	0,501	0,307	0,217	0,150	0,129	0,106	0,093	0,077	0,067	0,076	0,076	0,079	0,065	0,000	0,000
8,000	-20,925	-21,205	-21,219	-21,382	-21,397	-21,451	-21,502	-21,535	-21,564	-21,625	-21,656	-21,676	-21,698	-21,667	-21,640	-0,625	-0,392	-0,344	-0,247	-0,209	-0,203	-0,188	-0,181	-0,156	-0,146	-0,100	-0,062	-0,026	0,013	0,024	0,000	0,000
9,000	-9,808	-9,804	-9,750	-9,563	-9,423	-9,308	-9,247	-9,192	-9,132	-9,093	-9,037	-8,977	-8,902	-8,788	-8,655	-0,032	0,086	0,186	0,329	0,342	0,314	0,298	0,278	0,269	0,254	0,256	0,273	0,279	0,282	0,206	0,000	0,000
10,000	-9,665	-9,672	-9,556	-9,423	-9,332	-9,298	-9,278	-9,259	-9,240	-9,240	-9,222	-9,194	-9,139	-9,057	-8,951	-0,061	0,121	0,152	0,199	0,166	0,143	0,124	0,119	0,105	0,119	0,130	0,154	0,183	0,189	0,153	0,000	0,000
11,000	-10,007	-9,909	-9,887	-9,749	-9,668	-9,610	-9,580	-9,559	-9,529	-9,510	-9,481	-9,436	-9,374	-9,269	-9,162	0,079	0,113	0,156	0,198	0,195	0,165	0,163	0,151	0,153	0,157	0,182	0,205	0,220	0,228	0,171	0,000	0,000
12,000	-13,822	-13,858	-13,797	-13,753	-13,693	-13,673	-13,672	-13,660	-13,645	-13,656	-13,633	-13,592	-13,541	-13,443	-13,320	-0,039	0,050	0,060	0,096	0,090	0,069	0,074	0,070	0,087	0,086	0,125	0,163	0,201	0,225	0,181	0,000	0,000
13,000	-8,158	-8,232	-8,212	-8,247	-8,230	-8,231	-8,215	-8,203	-8,176	-8,143	-8,098	-8,020	-7,928	-7,779	-7,584	-0,105	-0,055	-0,033	0,002	0,035	0,069	0,092	0,120	0,145	0,184	0,232	0,288	0,330	0,352	0,283	0,000	0,000
14,000	-11,687	-11,647	-11,675	-11,639	-11,620	-11,599	-11,582	-11,580	-11,564	-11,566	-11,547	-11,504	-11,423	-11,278	-11,087	-0,153	-0,080	-0,033	0,030	0,050	0,061	0,072	0,079	0,090	0,112	0,170	0,232	0,292	0,320	0,273	0,000	0,000
15,000	-9,148	-9,302	-9,189	-9,214	-9,167	-9,160	-9,153	-9,137	-9,125	-9,117	-9,092	-9,064	-9,019	-8,948	-8,859	-0,247	-0,008	-0,024	0,034	0,043	0,055	0,061	0,070	0,079	0,089	0,109	0,134	0,154	0,161	0,131	0,000	0,000
	run	4	2022:11:08    11:05:34,434
0,000	-13,458	-13,555	-13,576	-13,669	-13,687	-13,704	-13,711	-13,718	-13,716	-13,725	-13,708	-13,677	-13,628	-13,526	-13,404	-0,228	-0,169	-0,155	-0,097	-0,077	-0,046	-0,022	-0,008	0,024	0,050	0,095	0,134	0,184	0,207	0,170	0,000	0,000
1,000	-17,457	-17,415	-17,309	-17,080	-16,926	-16,813	-16,753	-16,711	-16,663	-16,629	-16,583	-16,540	-16,482	-16,386	-16,272	0,057	0,226	0,286	0,372	0,364	0,318	0,295	0,260	0,240	0,228	0,226	0,229	0,235	0,243	0,184	0,000	0,000
2,000	-10,731	-10,726	-10,679	-10,545	-10,424	-10,350	-10,314	-10,272	-10,224	-10,181	-10,123	-10,042	-9,937	-9,775	-9,587	0,021	0,120	0,170	0,255	0,262	0,244	0,249	0,243	0,251	0,266	0,302	0,341	0,371	0,377	0,284	0,000	0,000
3,000	-20,958	-20,928	-20,817	-20,481	-20,265	-20,135	-20,062	-20,012	-19,952	-19,942	-19,906	-19,868	-19,820	-19,706	-19,586	0,101	0,287	0,384	0,494	0,465	0,385	0,335	0,287	0,247	0,212	0,209	0,223	0,240	0,245	0,187	0,000	0,000
4,000	-11,298	-11,427	-11,361	-11,360	-11,336	-11,335	-11,333	-11,333	-11,333	-11,313	-11,278	-11,204	-11,061	-10,841	-10,549	-0,421	-0,102	-0,083	-0,002	0,024	0,052	0,063	0,091	0,120	0,191	0,276	0,361	0,455	0,514	0,419	0,000	0,000
5,000	-10,634	-10,361	-10,499	-10,462	-10,456	-10,427	-10,411	-10,409	-10,381	-10,378	-10,345	-10,281	-10,196	-10,044	-9,842	0,722	0,241	0,175	0,118	0,098	0,084	0,108	0,113	0,134	0,156	0,207	0,260	0,315	0,350	0,283	0,000	0,000
6,000	-3,871	-3,546	-3,378	-3,243	-3,180	-3,148	-3,129	-3,107	-3,091	-3,073	-3,043	-3,001	-2,938	-2,818	-2,681	1,770	1,078	0,778	0,431	0,325	0,245	0,211	0,191	0,175	0,175	0,188	0,222	0,253	0,271	0,218	0,000	0,000
7,000	-4,876	-4,592	-4,513	-4,371	-4,317	-4,287	-4,270	-4,267	-4,253	-4,248	-4,241	-4,219	-4,206	-4,167	-4,123	1,063	0,641	0,498	0,297	0,215	0,156	0,130	0,104	0,091	0,080	0,076	0,081	0,082	0,090	0,064	0,000	0,000
8,000	-20,619	-20,858	-20,901	-21,049	-21,067	-21,121	-21,167	-21,200	-21,232	-21,301	-21,323	-21,341	-21,362	-21,345	-21,320	-0,607	-0,368	-0,338	-0,229	-0,199	-0,205	-0,193	-0,181	-0,159	-0,145	-0,102	-0,061	-0,034	0,006	0,019	0,000	0,000
9,000	-9,893	-9,881	-9,818	-9,648	-9,498	-9,385	-9,325	-9,271	-9,214	-9,173	-9,118	-9,056	-8,982	-8,875	-8,740	-0,047	0,091	0,184	0,315	0,338	0,308	0,298	0,276	0,264	0,254	0,264	0,270	0,275	0,276	0,212	0,000	0,000
10,000	-9,748	-9,748	-9,629	-9,482	-9,388	-9,351	-9,325	-9,312	-9,292	-9,291	-9,274	-9,237	-9,185	-9,098	-8,997	-0,083	0,138	0,157	0,208	0,179	0,152	0,133	0,121	0,113	0,118	0,136	0,157	0,191	0,195	0,160	0,000	0,000
11,000	-10,009	-9,921	-9,881	-9,744	-9,666	-9,606	-9,576	-9,557	-9,523	-9,511	-9,474	-9,425	-9,366	-9,263	-9,151	0,086	0,136	0,165	0,210	0,201	0,171	0,167	0,158	0,158	0,162	0,184	0,204	0,220	0,228	0,177	0,000	0,000
12,000	-14,159	-14,176	-14,138	-14,089	-14,025	-14,011	-14,007	-13,993	-13,979	-13,992	-13,970	-13,935	-13,876	-13,769	-13,647	-0,046	0,040	0,053	0,092	0,086	0,072	0,075	0,074	0,079	0,094	0,127	0,171	0,209	0,222	0,184	0,000	0,000
13,000	-8,383	-8,439	-8,428	-8,458	-8,445	-8,437	-8,420	-8,408	-8,386	-8,350	-8,298	-8,233	-8,136	-7,990	-7,795	-0,095	-0,049	-0,035	0,009	0,042	0,073	0,098	0,119	0,152	0,194	0,236	0,293	0,331	0,352	0,282	0,000	0,000
14,000	-11,909	-11,895	-11,911	-11,863	-11,855	-11,829	-11,814	-11,807	-11,800	-11,790	-11,775	-11,729	-11,643	-11,496	-11,300	-0,193	-0,106	-0,045	0,039	0,051	0,061	0,075	0,073	0,084	0,117	0,171	0,229	0,299	0,328	0,276	0,000	0,000
15,000	-9,058	-9,206	-9,104	-9,123	-9,072	-9,069	-9,063	-9,051	-9,033	-9,026	-8,999	-8,974	-8,923	-8,848	-8,756	-0,245	-0,014	-0,033	0,027	0,040	0,055	0,061	0,070	0,079	0,091	0,113	0,133	0,165	0,175	0,137	0,000	0,000
	run	5	2022:11:08    11:05:34,486
0,000	-13,458	-13,555	-13,576	-13,669	-13,687	-13,704	-13,711	-13,718	-13,716	-13,725	-13,708	-13,677	-13,628	-13,526	-13,404	-0,228	-0,169	-0,155	-0,097	-0,077	-0,046	-0,022	-0,008	0,024	0,050	0,095	0,134	0,184	0,207	0,170	0,000	0,000
1,000	-17,457	-17,415	-17,309	-17,080	-16,926	-16,813	-16,753	-16,711	-16,663	-16,629	-16,583	-16,540	-16,482	-16,386	-16,272	0,057	0,226	0,286	0,372	0,364	0,318	0,295	0,260	0,240	0,228	0,226	0,229	0,235	0,243	0,184	0,000	0,000
2,000	-10,731	-10,726	-10,679	-10,545	-10,424	-10,350	-10,314	-10,272	-10,224	-10,181	-10,123	-10,042	-9,937	-9,775	-9,587	0,021	0,120	0,170	0,255	0,262	0,244	0,249	0,243	0,251	0,266	0,302	0,341	0,371	0,377	0,284	0,000	0,000
3,000	-20,958	-20,928	-20,817	-20,481	-20,265	-20,135	-20,062	-20,012	-19,952	-19,942	-19,906	-19,868	-19,820	-19,706	-19,586	0,101	0,287	0,384	0,494	0,465	0,385	0,335	0,287	0,247	0,212	0,209	0,223	0,240	0,245	0,187	0,000	0,000
4,000	-11,298	-11,427	-11,361	-11,360	-11,336	-11,335	-11,333	-11,333	-11,333	-11,313	-11,278	-11,204	-11,061	-10,841	-10,549	-0,421	-0,102	-0,083	-0,002	0,024	0,052	0,063	0,091	0,120	0,191	0,276	0,361	0,455	0,514	0,419	0,000	0,000
5,000	-10,634	-10,361	-10,499	-10,462	-10,456	-10,427	-10,411	-10,409	-10,381	-10,378	-10,345	-10,281	-10,196	-10,044	-9,842	0,722	0,241	0,175	0,118	0,098	0,084	0,108	0,113	0,134	0,156	0,207	0,260	0,315	0,350	0,283	0,000	0,000
6,000	-3,808	-3,481	-3,317	-3,194	-3,129	-3,098	-3,081	-3,062	-3,042	-3,028	-2,998	-2,954	-2,891	-2,775	-2,629	1,773	1,069	0,761	0,421	0,311	0,241	0,206	0,184	0,166	0,175	0,188	0,219	0,251	0,269	0,210	0,000	0,000
7,000	-4,603	-4,326	-4,245	-4,139	-4,087	-4,059	-4,043	-4,040	-4,025	-4,023	-4,014	-4,005	-3,988	-3,956	-3,922	1,023	0,619	0,464	0,271	0,196	0,136	0,110	0,095	0,078	0,069	0,063	0,066	0,070	0,069	0,050	0,000	0,000
8,000	-19,940	-20,174	-20,215	-20,315	-20,311	-20,370	-20,414	-20,442	-20,468	-20,529	-20,556	-20,577	-20,594	-20,570	-20,534	-0,585	-0,322	-0,283	-0,195	-0,161	-0,178	-0,168	-0,160	-0,141	-0,134	-0,091	-0,053	-0,024	0,018	0,024	0,000	0,000
9,000	-9,357	-9,388	-9,339	-9,238	-9,134	-9,028	-8,967	-8,918	-8,867	-8,836	-8,770	-8,721	-8,650	-8,546	-8,419	-0,120	0,019	0,086	0,231	0,267	0,262	0,265	0,248	0,235	0,234	0,239	0,257	0,259	0,260	0,192	0,000	0,000
10,000	-9,169	-9,201	-9,099	-9,001	-8,917	-8,887	-8,866	-8,852	-8,831	-8,829	-8,809	-8,782	-8,724	-8,641	-8,541	-0,104	0,098	0,118	0,165	0,146	0,128	0,116	0,110	0,098	0,111	0,127	0,151	0,180	0,188	0,155	0,000	0,000
11,000	-9,991	-9,893	-9,880	-9,762	-9,684	-9,629	-9,599	-9,579	-9,545	-9,528	-9,489	-9,448	-9,383	-9,282	-9,159	0,069	0,110	0,137	0,189	0,189	0,157	0,158	0,152	0,154	0,164	0,187	0,205	0,227	0,238	0,179	0,000	0,000
12,000	-14,668	-14,707	-14,638	-14,593	-14,534	-14,515	-14,509	-14,494	-14,479	-14,487	-14,464	-14,425	-14,366	-14,252	-14,118	-0,037	0,053	0,071	0,101	0,091	0,084	0,084	0,086	0,092	0,101	0,141	0,180	0,218	0,246	0,191	0,000	0,000
13,000	-8,753	-8,849	-8,804	-8,847	-8,824	-8,816	-8,803	-8,783	-8,758	-8,734	-8,672	-8,599	-8,493	-8,342	-8,133	-0,114	-0,042	-0,030	0,011	0,047	0,083	0,100	0,129	0,161	0,202	0,250	0,307	0,354	0,382	0,305	0,000	0,000
14,000	-12,187	-12,135	-12,178	-12,123	-12,111	-12,080	-12,063	-12,053	-12,048	-12,036	-12,019	-11,974	-11,889	-11,739	-11,529	-0,119	-0,096	-0,012	0,046	0,057	0,065	0,078	0,084	0,097	0,121	0,173	0,239	0,310	0,343	0,286	0,000	0,000
15,000	-9,189	-9,335	-9,223	-9,245	-9,196	-9,192	-9,187	-9,166	-9,151	-9,146	-9,123	-9,091	-9,041	-8,965	-8,871	-0,241	-0,013	-0,027	0,038	0,047	0,063	0,066	0,074	0,083	0,096	0,118	0,136	0,163	0,173	0,141	0,000	0,000
	run	6	2022:11:08    11:05:34,585
0,000	-13,055	-13,129	-13,161	-13,236	-13,248	-13,265	-13,273	-13,278	-13,273	-13,274	-13,268	-13,237	-13,192	-13,100	-12,985	-0,222	-0,145	-0,141	-0,087	-0,062	-0,041	-0,020	0,003	0,017	0,043	0,081	0,129	0,165	0,197	0,155	0,000	0,000
1,000	-16,535	-16,528	-16,444	-16,279	-16,142	-16,043	-15,988	-15,946	-15,904	-15,872	-15,830	-15,787	-15,724	-15,638	-15,524	-0,010	0,138	0,190	0,291	0,312	0,277	0,265	0,231	0,213	0,205	0,207	0,213	0,223	0,227	0,174	0,000	0,000
2,000	-10,056	-10,051	-10,014	-9,902	-9,805	-9,728	-9,686	-9,648	-9,600	-9,572	-9,505	-9,440	-9,341	-9,195	-9,030	0,014	0,086	0,139	0,223	0,243	0,224	0,230	0,228	0,236	0,247	0,279	0,313	0,336	0,338	0,262	0,000	0,000
3,000	-20,117	-20,117	-20,061	-19,780	-19,586	-19,455	-19,397	-19,340	-19,287	-19,284	-19,242	-19,203	-19,154	-19,047	-18,928	0,034	0,211	0,286	0,432	0,414	0,345	0,305	0,268	0,237	0,204	0,202	0,219	0,225	0,238	0,180	0,000	0,000
4,000	-11,120	-11,263	-11,182	-11,175	-11,150	-11,142	-11,146	-11,139	-11,141	-11,119	-11,089	-11,017	-10,883	-10,676	-10,402	-0,409	-0,079	-0,073	0,016	0,028	0,057	0,068	0,091	0,117	0,180	0,256	0,342	0,431	0,484	0,399	0,000	0,000
5,000	-10,623	-10,376	-10,481	-10,448	-10,453	-10,429	-10,408	-10,403	-10,381	-10,370	-10,334	-10,278	-10,195	-10,041	-9,842	0,719	0,236	0,176	0,119	0,097	0,086	0,103	0,118	0,129	0,156	0,205	0,261	0,318	0,351	0,278	0,000	0,000
6,000	-3,778	-3,464	-3,304	-3,181	-3,115	-3,080	-3,063	-3,046	-3,028	-3,009	-2,982	-2,944	-2,876	-2,765	-2,627	1,742	1,055	0,760	0,424	0,313	0,243	0,206	0,186	0,171	0,165	0,189	0,216	0,245	0,259	0,207	0,000	0,000
7,000	-4,641	-4,370	-4,293	-4,180	-4,131	-4,108	-4,094	-4,089	-4,077	-4,076	-4,063	-4,052	-4,039	-4,006	-3,977	1,013	0,614	0,446	0,270	0,189	0,133	0,110	0,094	0,079	0,066	0,064	0,066	0,070	0,070	0,051	0,000	0,000
8,000	-19,874	-20,115	-20,144	-20,245	-20,245	-20,300	-20,341	-20,363	-20,394	-20,452	-20,481	-20,496	-20,513	-20,487	-20,452	-0,601	-0,334	-0,275	-0,185	-0,163	-0,168	-0,163	-0,156	-0,136	-0,125	-0,090	-0,051	-0,021	0,015	0,028	0,000	0,000
9,000	-9,354	-9,389	-9,351	-9,229	-9,114	-9,009	-8,948	-8,904	-8,844	-8,807	-8,757	-8,695	-8,627	-8,515	-8,391	-0,085	0,018	0,099	0,247	0,283	0,274	0,269	0,251	0,238	0,237	0,243	0,258	0,265	0,263	0,197	0,000	0,000
10,000	-9,609	-9,609	-9,491	-9,346	-9,254	-9,212	-9,185	-9,175	-9,155	-9,156	-9,134	-9,101	-9,049	-8,960	-8,853	-0,077	0,136	0,166	0,210	0,178	0,148	0,131	0,124	0,112	0,121	0,136	0,158	0,187	0,199	0,155	0,000	0,000
11,000	-10,251	-10,143	-10,115	-9,981	-9,898	-9,853	-9,819	-9,798	-9,764	-9,750	-9,713	-9,661	-9,603	-9,497	-9,375	0,089	0,137	0,157	0,205	0,195	0,166	0,167	0,158	0,157	0,164	0,186	0,215	0,225	0,238	0,184	0,000	0,000
12,000	-14,925	-14,959	-14,901	-14,853	-14,798	-14,769	-14,763	-14,750	-14,737	-14,743	-14,718	-14,671	-14,617	-14,498	-14,361	-0,058	0,046	0,079	0,104	0,098	0,083	0,081	0,087	0,096	0,104	0,147	0,184	0,228	0,255	0,194	0,000	0,000
13,000	-8,728	-8,785	-8,764	-8,785	-8,775	-8,765	-8,749	-8,727	-8,707	-8,675	-8,620	-8,549	-8,435	-8,271	-8,067	-0,084	-0,042	-0,017	0,024	0,048	0,078	0,103	0,130	0,162	0,201	0,254	0,314	0,360	0,387	0,308	0,000	0,000
14,000	-12,145	-12,111	-12,123	-12,089	-12,066	-12,049	-12,019	-12,015	-11,999	-11,997	-11,983	-11,930	-11,848	-11,698	-11,500	-0,188	-0,085	-0,033	0,041	0,060	0,070	0,082	0,086	0,102	0,135	0,178	0,232	0,301	0,342	0,282	0,000	0,000
15,000	-9,081	-9,237	-9,121	-9,149	-9,096	-9,101	-9,091	-9,078	-9,059	-9,058	-9,041	-9,004	-8,963	-8,888	-8,800	-0,258	-0,008	-0,025	0,028	0,043	0,055	0,061	0,070	0,079	0,086	0,109	0,130	0,150	0,163	0,133	0,000	0,000
	run	7	2022:11:08    11:05:34,687
0,000	-12,925	-13,021	-13,033	-13,114	-13,129	-13,138	-13,145	-13,147	-13,145	-13,159	-13,149	-13,122	-13,075	-12,988	-12,877	-0,205	-0,153	-0,126	-0,083	-0,058	-0,040	-0,017	-0,003	0,018	0,042	0,080	0,122	0,161	0,186	0,151	0,000	0,000
1,000	-16,360	-16,362	-16,274	-16,119	-16,004	-15,911	-15,864	-15,811	-15,774	-15,740	-15,702	-15,657	-15,602	-15,509	-15,399	-0,024	0,124	0,173	0,271	0,288	0,261	0,253	0,222	0,209	0,207	0,211	0,215	0,218	0,226	0,177	0,000	0,000
2,000	-9,957	-9,963	-9,932	-9,819	-9,727	-9,650	-9,607	-9,567	-9,520	-9,483	-9,429	-9,358	-9,259	-9,115	-8,960	0,012	0,086	0,132	0,223	0,240	0,230	0,232	0,230	0,233	0,243	0,271	0,303	0,324	0,337	0,250	0,000	0,000
3,000	-19,992	-20,013	-19,960	-19,705	-19,514	-19,388	-19,326	-19,264	-19,210	-19,203	-19,161	-19,118	-19,066	-18,956	-18,836	0,025	0,180	0,252	0,408	0,404	0,348	0,309	0,269	0,242	0,206	0,206	0,220	0,236	0,245	0,184	0,000	0,000
4,000	-11,030	-11,134	-11,056	-11,040	-11,010	-11,016	-11,008	-11,011	-11,006	-10,996	-10,962	-10,884	-10,757	-10,551	-10,275	-0,408	-0,082	-0,078	0,027	0,030	0,061	0,072	0,091	0,116	0,172	0,258	0,338	0,431	0,479	0,388	0,000	0,000
5,000	-10,733	-10,488	-10,625	-10,590	-10,591	-10,569	-10,547	-10,542	-10,518	-10,510	-10,481	-10,415	-10,327	-10,174	-9,978	0,714	0,224	0,159	0,108	0,094	0,086	0,104	0,109	0,138	0,161	0,207	0,263	0,322	0,353	0,284	0,000	0,000
6,000	-3,883	-3,554	-3,397	-3,253	-3,193	-3,160	-3,142	-3,127	-3,107	-3,083	-3,053	-3,010	-2,938	-2,814	-2,663	1,796	1,082	0,776	0,425	0,321	0,248	0,215	0,189	0,181	0,183	0,204	0,232	0,270	0,289	0,222	0,000	0,000
7,000	-4,831	-4,538	-4,436	-4,299	-4,249	-4,215	-4,203	-4,194	-4,181	-4,179	-4,171	-4,153	-4,132	-4,099	-4,058	1,062	0,660	0,515	0,306	0,216	0,150	0,124	0,102	0,093	0,078	0,076	0,078	0,085	0,086	0,065	0,000	0,000
8,000	-20,279	-20,507	-20,538	-20,665	-20,668	-20,727	-20,766	-20,793	-20,825	-20,895	-20,916	-20,940	-20,959	-20,929	-20,899	-0,592	-0,363	-0,298	-0,209	-0,186	-0,185	-0,177	-0,169	-0,148	-0,138	-0,105	-0,053	-0,028	0,015	0,024	0,000	0,000
9,000	-9,785	-9,787	-9,738	-9,583	-9,446	-9,328	-9,263	-9,214	-9,156	-9,119	-9,055	-8,996	-8,918	-8,809	-8,673	-0,080	0,064	0,157	0,304	0,324	0,305	0,298	0,276	0,263	0,257	0,267	0,276	0,280	0,277	0,210	0,000	0,000
10,000	-9,888	-9,880	-9,751	-9,581	-9,480	-9,437	-9,415	-9,403	-9,380	-9,379	-9,357	-9,324	-9,268	-9,178	-9,073	-0,059	0,168	0,199	0,234	0,195	0,160	0,139	0,128	0,115	0,123	0,147	0,160	0,193	0,205	0,162	0,000	0,000
11,000	-10,413	-10,313	-10,274	-10,123	-10,041	-9,983	-9,952	-9,932	-9,897	-9,883	-9,845	-9,792	-9,735	-9,625	-9,504	0,105	0,160	0,185	0,219	0,208	0,171	0,173	0,163	0,158	0,168	0,189	0,211	0,233	0,245	0,188	0,000	0,000
12,000	-14,583	-14,632	-14,568	-14,528	-14,473	-14,446	-14,440	-14,432	-14,412	-14,426	-14,405	-14,360	-14,308	-14,189	-14,057	-0,055	0,043	0,061	0,092	0,088	0,076	0,077	0,081	0,085	0,102	0,132	0,174	0,218	0,243	0,194	0,000	0,000
13,000	-8,697	-8,748	-8,740	-8,760	-8,750	-8,734	-8,716	-8,705	-8,674	-8,643	-8,596	-8,520	-8,409	-8,249	-8,045	-0,085	-0,041	-0,032	0,018	0,051	0,078	0,104	0,124	0,157	0,202	0,257	0,307	0,360	0,380	0,303	0,000	0,000
14,000	-12,110	-12,090	-12,095	-12,050	-12,040	-12,011	-12,001	-11,991	-11,977	-11,965	-11,954	-11,907	-11,818	-11,673	-11,481	-0,222	-0,097	-0,029	0,037	0,060	0,073	0,079	0,079	0,098	0,115	0,164	0,232	0,295	0,329	0,266	0,000	0,000
15,000	-9,064	-9,212	-9,108	-9,121	-9,079	-9,078	-9,073	-9,056	-9,037	-9,036	-9,016	-8,987	-8,939	-8,870	-8,784	-0,239	-0,007	-0,022	0,034	0,037	0,054	0,053	0,068	0,073	0,088	0,108	0,123	0,152	0,162	0,128	0,000	0,000
	run	8	2022:11:08    11:05:34,733
0,000	-12,869	-12,958	-12,967	-13,041	-13,059	-13,073	-13,077	-13,080	-13,085	-13,090	-13,074	-13,045	-13,004	-12,911	-12,800	-0,197	-0,155	-0,130	-0,080	-0,063	-0,035	-0,017	-0,001	0,019	0,046	0,082	0,119	0,164	0,189	0,152	0,000	0,000
1,000	-16,555	-16,567	-16,497	-16,324	-16,190	-16,092	-16,037	-15,992	-15,948	-15,916	-15,876	-15,833	-15,783	-15,688	-15,589	-0,001	0,136	0,205	0,297	0,308	0,275	0,261	0,234	0,213	0,203	0,205	0,211	0,213	0,217	0,166	0,000	0,000
2,000	-9,957	-9,963	-9,932	-9,819	-9,727	-9,650	-9,607	-9,567	-9,520	-9,483	-9,429	-9,358	-9,259	-9,115	-8,960	0,012	0,086	0,132	0,223	0,240	0,230	0,232	0,230	0,233	0,243	0,271	0,303	0,324	0,337	0,250	0,000	0,000
3,000	-19,992	-20,013	-19,960	-19,705	-19,514	-19,388	-19,326	-19,264	-19,210	-19,203	-19,161	-19,118	-19,066	-18,956	-18,836	0,025	0,180	0,252	0,408	0,404	0,348	0,309	0,269	0,242	0,206	0,206	0,220	0,236	0,245	0,184	0,000	0,000
4,000	-11,030	-11,134	-11,056	-11,040	-11,010	-11,016	-11,008	-11,011	-11,006	-10,996	-10,962	-10,884	-10,757	-10,551	-10,275	-0,408	-0,082	-0,078	0,027	0,030	0,061	0,072	0,091	0,116	0,172	0,258	0,338	0,431	0,479	0,388	0,000	0,000
5,000	-10,733	-10,488	-10,625	-10,590	-10,591	-10,569	-10,547	-10,542	-10,518	-10,510	-10,481	-10,415	-10,327	-10,174	-9,978	0,714	0,224	0,159	0,108	0,094	0,086	0,104	0,109	0,138	0,161	0,207	0,263	0,322	0,353	0,284	0,000	0,000
6,000	-3,883	-3,554	-3,397	-3,253	-3,193	-3,160	-3,142	-3,127	-3,107	-3,083	-3,053	-3,010	-2,938	-2,814	-2,663	1,796	1,082	0,776	0,425	0,321	0,248	0,215	0,189	0,181	0,183	0,204	0,232	0,270	0,289	0,222	0,000	0,000
7,000	-4,831	-4,538	-4,436	-4,299	-4,249	-4,215	-4,203	-4,194	-4,181	-4,179	-4,171	-4,153	-4,132	-4,099	-4,058	1,062	0,660	0,515	0,306	0,216	0,150	0,124	0,102	0,093	0,078	0,076	0,078	0,085	0,086	0,065	0,000	0,000
8,000	-21,130	-21,423	-21,465	-21,641	-21,648	-21,704	-21,751	-21,784	-21,820	-21,885	-21,911	-21,937	-21,952	-21,922	-21,895	-0,624	-0,411	-0,361	-0,246	-0,209	-0,203	-0,194	-0,182	-0,159	-0,149	-0,104	-0,053	-0,028	0,012	0,026	0,000	0,000
9,000	-10,126	-10,098	-10,035	-9,831	-9,685	-9,568	-9,507	-9,448	-9,392	-9,351	-9,294	-9,237	-9,154	-9,031	-8,893	-0,020	0,110	0,203	0,338	0,352	0,325	0,307	0,283	0,270	0,266	0,274	0,287	0,293	0,296	0,218	0,000	0,000
10,000	-9,933	-9,917	-9,778	-9,610	-9,512	-9,469	-9,452	-9,433	-9,412	-9,413	-9,393	-9,358	-9,304	-9,210	-9,100	-0,042	0,176	0,212	0,239	0,195	0,157	0,145	0,127	0,117	0,131	0,148	0,159	0,194	0,204	0,167	0,000	0,000
11,000	-10,217	-10,104	-10,072	-9,918	-9,831	-9,778	-9,746	-9,726	-9,691	-9,677	-9,638	-9,589	-9,524	-9,419	-9,297	0,097	0,152	0,184	0,216	0,210	0,177	0,171	0,155	0,161	0,172	0,193	0,214	0,235	0,243	0,188	0,000	0,000
12,000	-14,646	-14,697	-14,621	-14,583	-14,524	-14,508	-14,499	-14,488	-14,466	-14,475	-14,450	-14,414	-14,359	-14,244	-14,105	-0,060	0,054	0,066	0,101	0,093	0,079	0,081	0,084	0,092	0,105	0,138	0,183	0,223	0,250	0,199	0,000	0,000
13,000	-8,445	-8,572	-8,510	-8,561	-8,542	-8,535	-8,518	-8,501	-8,479	-8,451	-8,394	-8,322	-8,222	-8,068	-7,866	-0,113	-0,052	-0,033	0,004	0,043	0,080	0,100	0,123	0,150	0,195	0,250	0,303	0,343	0,368	0,296	0,000	0,000
14,000	-11,889	-11,805	-11,874	-11,813	-11,795	-11,772	-11,755	-11,753	-11,742	-11,734	-11,717	-11,678	-11,591	-11,455	-11,268	-0,104	-0,092	-0,027	0,041	0,053	0,057	0,071	0,068	0,085	0,113	0,162	0,234	0,282	0,327	0,266	0,000	0,000
15,000	-8,846	-8,980	-8,884	-8,899	-8,860	-8,856	-8,848	-8,835	-8,818	-8,816	-8,797	-8,770	-8,720	-8,649	-8,567	-0,239	-0,006	-0,031	0,026	0,034	0,054	0,055	0,062	0,065	0,087	0,107	0,126	0,151	0,161	0,130	0,000	0,000
	run	9	2022:11:08    11:05:34,834
0,000	-12,790	-12,866	-12,899	-12,969	-12,995	-13,002	-13,008	-13,014	-13,009	-13,018	-13,005	-12,979	-12,938	-12,844	-12,740	-0,192	-0,156	-0,136	-0,086	-0,071	-0,039	-0,020	-0,008	0,015	0,042	0,080	0,119	0,163	0,187	0,147	0,000	0,000
1,000	-16,795	-16,786	-16,713	-16,528	-16,383	-16,290	-16,229	-16,184	-16,140	-16,117	-16,068	-16,026	-15,968	-15,875	-15,769	0,026	0,162	0,220	0,305	0,323	0,283	0,270	0,235	0,223	0,204	0,212	0,210	0,217	0,224	0,168	0,000	0,000
2,000	-10,356	-10,363	-10,327	-10,197	-10,092	-10,015	-9,974	-9,936	-9,887	-9,844	-9,789	-9,710	-9,619	-9,459	-9,289	0,022	0,092	0,157	0,240	0,255	0,236	0,239	0,239	0,242	0,254	0,287	0,321	0,347	0,350	0,262	0,000	0,000
3,000	-20,525	-20,511	-20,443	-20,142	-19,939	-19,811	-19,745	-19,682	-19,630	-19,624	-19,582	-19,548	-19,495	-19,392	-19,278	0,053	0,240	0,311	0,449	0,434	0,363	0,322	0,280	0,243	0,206	0,205	0,216	0,228	0,239	0,182	0,000	0,000
4,000	-11,072	-11,205	-11,139	-11,127	-11,093	-11,098	-11,096	-11,088	-11,087	-11,072	-11,040	-10,964	-10,837	-10,624	-10,340	-0,425	-0,096	-0,073	0,014	0,025	0,054	0,072	0,089	0,114	0,177	0,263	0,351	0,437	0,489	0,398	0,000	0,000
5,000	-10,630	-10,375	-10,502	-10,471	-10,469	-10,442	-10,423	-10,422	-10,400	-10,384	-10,356	-10,287	-10,193	-10,030	-9,820	0,701	0,234	0,172	0,112	0,099	0,090	0,109	0,121	0,137	0,167	0,214	0,280	0,342	0,372	0,302	0,000	0,000
6,000	-3,943	-3,608	-3,453	-3,311	-3,248	-3,209	-3,189	-3,172	-3,153	-3,137	-3,098	-3,064	-2,992	-2,876	-2,728	1,780	1,077	0,778	0,430	0,327	0,244	0,215	0,188	0,178	0,176	0,200	0,230	0,260	0,281	0,223	0,000	0,000
7,000	-5,064	-4,747	-4,638	-4,480	-4,422	-4,385	-4,369	-4,363	-4,348	-4,347	-4,336	-4,321	-4,299	-4,260	-4,217	1,119	0,697	0,541	0,324	0,236	0,166	0,138	0,113	0,103	0,080	0,080	0,084	0,084	0,090	0,068	0,000	0,000
8,000	-21,567	-21,861	-21,916	-22,091	-22,113	-22,176	-22,222	-22,259	-22,291	-22,353	-22,380	-22,407	-22,425	-22,397	-22,370	-0,651	-0,432	-0,388	-0,272	-0,224	-0,225	-0,208	-0,189	-0,169	-0,153	-0,105	-0,066	-0,032	0,016	0,025	0,000	0,000
9,000	-10,179	-10,134	-10,062	-9,858	-9,707	-9,587	-9,526	-9,471	-9,413	-9,372	-9,314	-9,254	-9,167	-9,051	-8,902	0,000	0,143	0,221	0,346	0,364	0,330	0,315	0,284	0,275	0,269	0,279	0,296	0,295	0,299	0,220	0,000	0,000
10,000	-9,842	-9,855	-9,726	-9,575	-9,477	-9,429	-9,411	-9,392	-9,374	-9,373	-9,351	-9,320	-9,262	-9,168	-9,060	-0,082	0,144	0,172	0,215	0,187	0,156	0,140	0,126	0,119	0,130	0,143	0,166	0,195	0,204	0,167	0,000	0,000
11,000	-10,192	-10,087	-10,055	-9,908	-9,820	-9,763	-9,729	-9,704	-9,675	-9,659	-9,614	-9,571	-9,503	-9,396	-9,271	0,096	0,152	0,174	0,219	0,214	0,178	0,173	0,167	0,161	0,169	0,190	0,222	0,239	0,247	0,189	0,000	0,000
12,000	-14,514	-14,549	-14,480	-14,440	-14,376	-14,356	-14,350	-14,339	-14,318	-14,335	-14,309	-14,268	-14,209	-14,100	-13,965	-0,049	0,059	0,076	0,098	0,094	0,080	0,079	0,083	0,088	0,101	0,136	0,179	0,219	0,243	0,199	0,000	0,000
13,000	-8,465	-8,582	-8,531	-8,569	-8,550	-8,542	-8,536	-8,512	-8,494	-8,463	-8,409	-8,335	-8,235	-8,085	-7,886	-0,121	-0,045	-0,029	0,014	0,048	0,076	0,102	0,122	0,157	0,191	0,241	0,292	0,340	0,360	0,286	0,000	0,000
14,000	-11,579	-11,478	-11,525	-11,472	-11,465	-11,434	-11,419	-11,413	-11,395	-11,396	-11,372	-11,333	-11,243	-11,113	-10,925	-0,135	-0,082	-0,029	0,041	0,058	0,065	0,072	0,069	0,096	0,117	0,161	0,220	0,287	0,320	0,267	0,000	0,000
15,000	-8,742	-8,918	-8,803	-8,831	-8,782	-8,781	-8,774	-8,766	-8,743	-8,740	-8,716	-8,689	-8,644	-8,571	-8,484	-0,267	-0,026	-0,030	0,024	0,035	0,053	0,058	0,064	0,073	0,086	0,110	0,128	0,150	0,163	0,129	0,000	0,000
	run	10	2022:11:08    11:05:34,885
0,000	-12,790	-12,866	-12,899	-12,969	-12,995	-13,002	-13,008	-13,014	-13,009	-13,018	-13,005	-12,979	-12,938	-12,844	-12,740	-0,192	-0,156	-0,136	-0,086	-0,071	-0,039	-0,020	-0,008	0,015	0,042	0,080	0,119	0,163	0,187	0,147	0,000	0,000
1,000	-16,795	-16,786	-16,713	-16,528	-16,383	-16,290	-16,229	-16,184	-16,140	-16,117	-16,068	-16,026	-15,968	-15,875	-15,769	0,026	0,162	0,220	0,305	0,323	0,283	0,270	0,235	0,223	0,204	0,212	0,210	0,217	0,224	0,168	0,000	0,000
2,000	-10,356	-10,363	-10,327	-10,197	-10,092	-10,015	-9,974	-9,936	-9,887	-9,844	-9,789	-9,710	-9,619	-9,459	-9,289	0,022	0,092	0,157	0,240	0,255	0,236	0,239	0,239	0,242	0,254	0,287	0,321	0,347	0,350	0,262	0,000	0,000
3,000	-20,525	-20,511	-20,443	-20,142	-19,939	-19,811	-19,745	-19,682	-19,630	-19,624	-19,582	-19,548	-19,495	-19,392	-19,278	0,053	0,240	0,311	0,449	0,434	0,363	0,322	0,280	0,243	0,206	0,205	0,216	0,228	0,239	0,182	0,000	0,000
4,000	-11,072	-11,205	-11,139	-11,127	-11,093	-11,098	-11,096	-11,088	-11,087	-11,072	-11,040	-10,964	-10,837	-10,624	-10,340	-0,425	-0,096	-0,073	0,014	0,025	0,054	0,072	0,089	0,114	0,177	0,263	0,351	0,437	0,489	0,398	0,000	0,000
5,000	-10,630	-10,375	-10,502	-10,471	-10,469	-10,442	-10,423	-10,422	-10,400	-10,384	-10,356	-10,287	-10,193	-10,030	-9,820	0,701	0,234	0,172	0,112	0,099	0,090	0,109	0,121	0,137	0,167	0,214	0,280	0,342	0,372	0,302	0,000	0,000
6,000	-3,933	-3,602	-3,440	-3,304	-3,237	-3,204	-3,182	-3,164	-3,146	-3,128	-3,100	-3,049	-2,981	-2,864	-2,702	1,795	1,076	0,787	0,431	0,323	0,250	0,218	0,189	0,176	0,189	0,207	0,235	0,274	0,294	0,232	0,000	0,000
7,000	-4,960	-4,639	-4,534	-4,379	-4,324	-4,289	-4,277	-4,273	-4,253	-4,254	-4,245	-4,236	-4,211	-4,182	-4,146	1,100	0,688	0,534	0,321	0,223	0,160	0,132	0,108	0,095	0,074	0,069	0,074	0,077	0,078	0,060	0,000	0,000
8,000	-21,389	-21,674	-21,736	-21,907	-21,923	-21,982	-22,020	-22,057	-22,087	-22,151	-22,182	-22,206	-22,222	-22,188	-22,164	-0,655	-0,414	-0,384	-0,250	-0,219	-0,218	-0,195	-0,182	-0,159	-0,148	-0,111	-0,058	-0,024	0,016	0,025	0,000	0,000
9,000	-9,914	-9,887	-9,807	-9,615	-9,476	-9,357	-9,292	-9,239	-9,186	-9,138	-9,082	-9,020	-8,948	-8,830	-8,685	-0,026	0,123	0,198	0,339	0,351	0,321	0,309	0,280	0,272	0,267	0,277	0,283	0,291	0,289	0,217	0,000	0,000
10,000	-9,785	-9,770	-9,653	-9,490	-9,395	-9,352	-9,331	-9,316	-9,298	-9,295	-9,277	-9,239	-9,184	-9,098	-8,986	-0,051	0,146	0,187	0,219	0,189	0,156	0,141	0,128	0,116	0,125	0,139	0,158	0,192	0,206	0,163	0,000	0,000
11,000	-10,104	-10,015	-9,979	-9,833	-9,755	-9,694	-9,662	-9,641	-9,612	-9,591	-9,559	-9,507	-9,447	-9,341	-9,213	0,099	0,148	0,176	0,212	0,211	0,172	0,171	0,160	0,162	0,166	0,190	0,217	0,235	0,243	0,191	0,000	0,000
12,000	-14,487	-14,534	-14,464	-14,421	-14,367	-14,343	-14,337	-14,329	-14,313	-14,317	-14,295	-14,260	-14,202	-14,088	-13,961	-0,047	0,046	0,058	0,092	0,090	0,075	0,080	0,081	0,085	0,092	0,133	0,175	0,214	0,236	0,186	0,000	0,000
13,000	-8,451	-8,537	-8,503	-8,543	-8,523	-8,509	-8,501	-8,484	-8,462	-8,424	-8,374	-8,304	-8,194	-8,036	-7,832	-0,092	-0,048	-0,028	0,007	0,048	0,077	0,104	0,126	0,159	0,199	0,254	0,308	0,352	0,377	0,299	0,000	0,000
14,000	-11,569	-11,498	-11,525	-11,493	-11,478	-11,449	-11,432	-11,424	-11,410	-11,407	-11,392	-11,345	-11,268	-11,127	-10,939	-0,133	-0,103	-0,025	0,036	0,051	0,062	0,072	0,078	0,093	0,118	0,164	0,222	0,285	0,318	0,266	0,000	0,000
15,000	-9,003	-9,169	-9,057	-9,076	-9,029	-9,030	-9,026	-9,005	-8,988	-8,986	-8,965	-8,938	-8,887	-8,813	-8,729	-0,256	-0,008	-0,031	0,027	0,039	0,049	0,056	0,066	0,072	0,088	0,107	0,133	0,155	0,165	0,134	0,000	0,000
	run	11	2022:11:08    11:05:34,986
0,000	-13,155	-13,234	-13,256	-13,323	-13,343	-13,356	-13,364	-13,361	-13,364	-13,371	-13,361	-13,331	-13,281	-13,191	-13,081	-0,220	-0,156	-0,139	-0,084	-0,066	-0,037	-0,014	0,001	0,020	0,046	0,085	0,129	0,170	0,191	0,159	0,000	0,000
1,000	-16,247	-16,249	-16,189	-16,024	-15,895	-15,804	-15,745	-15,703	-15,658	-15,632	-15,592	-15,548	-15,494	-15,404	-15,302	-0,014	0,119	0,179	0,278	0,292	0,265	0,253	0,222	0,211	0,198	0,203	0,218	0,217	0,218	0,172	0,000	0,000
2,000	-9,968	-9,976	-9,953	-9,835	-9,737	-9,661	-9,619	-9,583	-9,535	-9,499	-9,436	-9,374	-9,271	-9,130	-8,960	0,005	0,074	0,130	0,219	0,240	0,229	0,231	0,225	0,235	0,246	0,277	0,308	0,332	0,340	0,256	0,000	0,000
3,000	-19,982	-20,017	-19,954	-19,712	-19,512	-19,386	-19,315	-19,262	-19,215	-19,199	-19,161	-19,117	-19,067	-18,953	-18,834	0,030	0,189	0,263	0,413	0,413	0,346	0,313	0,271	0,243	0,208	0,207	0,235	0,242	0,248	0,190	0,000	0,000
4,000	-11,192	-11,313	-11,219	-11,220	-11,194	-11,182	-11,190	-11,188	-11,181	-11,159	-11,135	-11,064	-10,931	-10,720	-10,444	-0,427	-0,087	-0,075	0,010	0,027	0,046	0,064	0,092	0,116	0,183	0,260	0,354	0,433	0,487	0,402	0,000	0,000
5,000	-10,910	-10,643	-10,780	-10,738	-10,745	-10,712	-10,693	-10,693	-10,665	-10,652	-10,628	-10,558	-10,467	-10,306	-10,102	0,731	0,241	0,189	0,122	0,099	0,087	0,108	0,118	0,140	0,156	0,222	0,272	0,327	0,368	0,291	0,000	0,000
6,000	-3,887	-3,547	-3,384	-3,246	-3,188	-3,150	-3,130	-3,103	-3,094	-3,076	-3,044	-2,997	-2,928	-2,814	-2,658	1,779	1,075	0,771	0,431	0,315	0,250	0,212	0,191	0,180	0,179	0,201	0,223	0,268	0,289	0,229	0,000	0,000
7,000	-4,861	-4,570	-4,474	-4,348	-4,293	-4,261	-4,246	-4,238	-4,226	-4,221	-4,206	-4,195	-4,180	-4,141	-4,097	1,075	0,659	0,492	0,304	0,209	0,150	0,127	0,104	0,089	0,074	0,075	0,077	0,085	0,086	0,066	0,000	0,000
8,000	-20,833	-21,105	-21,144	-21,302	-21,305	-21,368	-21,411	-21,439	-21,475	-21,536	-21,561	-21,587	-21,605	-21,580	-21,549	-0,597	-0,364	-0,338	-0,232	-0,201	-0,207	-0,185	-0,177	-0,154	-0,140	-0,105	-0,057	-0,026	0,012	0,022	0,000	0,000
9,000	-9,935	-9,923	-9,859	-9,680	-9,540	-9,424	-9,354	-9,307	-9,247	-9,204	-9,153	-9,089	-9,010	-8,895	-8,758	-0,046	0,102	0,185	0,322	0,341	0,319	0,302	0,285	0,268	0,258	0,268	0,282	0,284	0,287	0,216	0,000	0,000
10,000	-9,936	-9,933	-9,789	-9,621	-9,523	-9,479	-9,454	-9,442	-9,425	-9,424	-9,404	-9,371	-9,314	-9,225	-9,108	-0,050	0,167	0,200	0,238	0,189	0,157	0,138	0,128	0,115	0,128	0,143	0,165	0,196	0,206	0,160	0,000	0,000
11,000	-10,260	-10,156	-10,121	-9,969	-9,889	-9,825	-9,801	-9,779	-9,741	-9,730	-9,689	-9,641	-9,578	-9,479	-9,353	0,121	0,158	0,174	0,219	0,211	0,173	0,174	0,165	0,158	0,165	0,196	0,211	0,230	0,242	0,182	0,000	0,000
12,000	-14,564	-14,602	-14,542	-14,493	-14,434	-14,419	-14,408	-14,402	-14,387	-14,400	-14,376	-14,333	-14,273	-14,166	-14,031	-0,052	0,046	0,062	0,094	0,092	0,074	0,078	0,079	0,087	0,095	0,132	0,175	0,218	0,243	0,190	0,000	0,000
13,000	-8,579	-8,615	-8,607	-8,630	-8,614	-8,601	-8,590	-8,570	-8,549	-8,514	-8,464	-8,385	-8,283	-8,126	-7,924	-0,072	-0,044	-0,022	0,019	0,051	0,078	0,101	0,122	0,158	0,196	0,244	0,306	0,354	0,375	0,301	0,000	0,000
14,000	-12,066	-12,065	-12,057	-12,027	-12,009	-11,989	-11,969	-11,955	-11,946	-11,953	-11,921	-11,884	-11,795	-11,651	-11,446	-0,219	-0,077	-0,041	0,042	0,054	0,073	0,077	0,076	0,092	0,117	0,169	0,237	0,302	0,330	0,276	0,000	0,000
15,000	-8,909	-9,071	-8,963	-8,984	-8,938	-8,934	-8,926	-8,917	-8,896	-8,897	-8,874	-8,848	-8,807	-8,731	-8,655	-0,243	-0,011	-0,031	0,028	0,043	0,053	0,057	0,062	0,069	0,086	0,106	0,120	0,142	0,156	0,124	0,000	0,000
	run	12	2022:11:08    11:05:35,085
0,000	-13,006	-13,090	-13,109	-13,178	-13,200	-13,218	-13,217	-13,223	-13,220	-13,223	-13,217	-13,189	-13,138	-13,049	-12,935	-0,201	-0,146	-0,131	-0,086	-0,065	-0,041	-0,021	-0,003	0,021	0,045	0,082	0,127	0,170	0,194	0,157	0,000	0,000
1,000	-16,945	-16,945	-16,857	-16,685	-16,550	-16,448	-16,390	-16,338	-16,296	-16,272	-16,224	-16,175	-16,120	-16,028	-15,915	0,002	0,156	0,216	0,305	0,319	0,288	0,276	0,245	0,226	0,213	0,220	0,221	0,225	0,233	0,179	0,000	0,000
2,000	-10,222	-10,235	-10,193	-10,059	-9,955	-9,877	-9,836	-9,792	-9,745	-9,712	-9,653	-9,580	-9,480	-9,329	-9,157	0,009	0,100	0,154	0,244	0,253	0,244	0,240	0,233	0,243	0,255	0,290	0,318	0,345	0,351	0,266	0,000	0,000
3,000	-20,370	-20,372	-20,306	-20,016	-19,812	-19,680	-19,609	-19,552	-19,505	-19,487	-19,444	-19,408	-19,348	-19,244	-19,121	0,041	0,222	0,298	0,449	0,434	0,365	0,327	0,287	0,249	0,215	0,213	0,225	0,236	0,250	0,185	0,000	0,000
4,000	-11,033	-11,166	-11,079	-11,082	-11,044	-11,050	-11,048	-11,046	-11,038	-11,024	-10,989	-10,922	-10,786	-10,573	-10,294	-0,421	-0,080	-0,065	0,015	0,028	0,054	0,069	0,085	0,116	0,182	0,253	0,345	0,437	0,486	0,402	0,000	0,000
5,000	-10,684	-10,443	-10,568	-10,535	-10,536	-10,508	-10,486	-10,484	-10,457	-10,454	-10,418	-10,359	-10,278	-10,120	-9,921	0,726	0,240	0,172	0,116	0,096	0,087	0,106	0,115	0,133	0,154	0,199	0,264	0,320	0,348	0,278	0,000	0,000
6,000	-3,808	-3,485	-3,314	-3,191	-3,123	-3,088	-3,079	-3,057	-3,037	-3,022	-2,988	-2,954	-2,887	-2,769	-2,636	1,752	1,062	0,765	0,419	0,316	0,242	0,207	0,179	0,166	0,170	0,189	0,220	0,245	0,261	0,210	0,000	0,000
7,000	-4,665	-4,394	-4,311	-4,197	-4,150	-4,121	-4,116	-4,107	-4,093	-4,094	-4,082	-4,070	-4,055	-4,028	-3,992	1,020	0,626	0,454	0,267	0,192	0,136	0,114	0,092	0,078	0,070	0,064	0,070	0,070	0,072	0,049	0,000	0,000
8,000	-20,155	-20,394	-20,412	-20,542	-20,554	-20,607	-20,651	-20,680	-20,708	-20,768	-20,791	-20,809	-20,829	-20,805	-20,772	-0,602	-0,333	-0,305	-0,200	-0,184	-0,180	-0,175	-0,160	-0,146	-0,132	-0,093	-0,052	-0,024	0,015	0,025	0,000	0,000
9,000	-9,736	-9,751	-9,706	-9,554	-9,427	-9,311	-9,249	-9,195	-9,144	-9,101	-9,047	-8,991	-8,910	-8,799	-8,669	-0,080	0,048	0,133	0,285	0,317	0,297	0,292	0,269	0,256	0,250	0,252	0,275	0,276	0,272	0,203	0,000	0,000
10,000	-9,773	-9,769	-9,636	-9,472	-9,378	-9,332	-9,313	-9,293	-9,279	-9,277	-9,258	-9,227	-9,169	-9,084	-8,975	-0,050	0,160	0,189	0,230	0,188	0,157	0,139	0,126	0,111	0,123	0,144	0,155	0,189	0,201	0,159	0,000	0,000
11,000	-10,264	-10,163	-10,129	-9,990	-9,907	-9,853	-9,825	-9,803	-9,764	-9,752	-9,714	-9,665	-9,607	-9,497	-9,377	0,110	0,146	0,169	0,210	0,205	0,167	0,167	0,156	0,156	0,161	0,190	0,219	0,234	0,244	0,188	0,000	0,000
12,000	-14,808	-14,853	-14,785	-14,742	-14,678	-14,655	-14,647	-14,639	-14,625	-14,626	-14,608	-14,561	-14,500	-14,386	-14,252	-0,060	0,058	0,078	0,101	0,091	0,079	0,083	0,082	0,091	0,108	0,144	0,183	0,226	0,250	0,197	0,000	0,000
13,000	-8,714	-8,821	-8,765	-8,808	-8,792	-8,780	-8,771	-8,745	-8,724	-8,692	-8,639	-8,566	-8,458	-8,298	-8,089	-0,107	-0,052	-0,023	0,014	0,049	0,082	0,106	0,132	0,161	0,202	0,257	0,313	0,360	0,383	0,306	0,000	0,000
14,000	-12,374	-12,281	-12,335	-12,283	-12,271	-12,243	-12,229	-12,219	-12,206	-12,214	-12,186	-12,136	-12,047	-11,908	-11,703	-0,146	-0,091	-0,020	0,048	0,057	0,065	0,067	0,079	0,096	0,124	0,173	0,236	0,297	0,342	0,290	0,000	0,000
15,000	-9,128	-9,284	-9,175	-9,199	-9,147	-9,146	-9,142	-9,126	-9,106	-9,105	-9,082	-9,054	-9,004	-8,930	-8,843	-0,232	-0,001	-0,028	0,032	0,043	0,058	0,059	0,070	0,076	0,091	0,107	0,133	0,158	0,170	0,137	0,000	0,000
	run	13	2022:11:08    11:05:35,133
0,000	-13,360	-13,442	-13,461	-13,547	-13,573	-13,589	-13,590	-13,598	-13,597	-13,607	-13,593	-13,565	-13,512	-13,414	-13,298	-0,213	-0,173	-0,159	-0,103	-0,080	-0,052	-0,022	-0,010	0,019	0,046	0,082	0,135	0,178	0,202	0,168	0,000	0,000
1,000	-17,451	-17,424	-17,330	-17,108	-16,951	-16,843	-16,789	-16,734	-16,692	-16,658	-16,612	-16,572	-16,511	-16,411	-16,299	0,070	0,212	0,272	0,365	0,362	0,311	0,293	0,252	0,234	0,228	0,225	0,229	0,232	0,240	0,184	0,000	0,000
2,000	-10,222	-10,235	-10,193	-10,059	-9,955	-9,877	-9,836	-9,792	-9,745	-9,712	-9,653	-9,580	-9,480	-9,329	-9,157	0,009	0,100	0,154	0,244	0,253	0,244	0,240	0,233	0,243	0,255	0,290	0,318	0,345	0,351	0,266	0,000	0,000
3,000	-20,370	-20,372	-20,306	-20,016	-19,812	-19,680	-19,609	-19,552	-19,505	-19,487	-19,444	-19,408	-19,348	-19,244	-19,121	0,041	0,222	0,298	0,449	0,434	0,365	0,327	0,287	0,249	0,215	0,213	0,225	0,236	0,250	0,185	0,000	0,000
4,000	-11,033	-11,166	-11,079	-11,082	-11,044	-11,050	-11,048	-11,046	-11,038	-11,024	-10,989	-10,922	-10,786	-10,573	-10,294	-0,421	-0,080	-0,065	0,015	0,028	0,054	0,069	0,085	0,116	0,182	0,253	0,345	0,437	0,486	0,402	0,000	0,000
5,000	-10,684	-10,443	-10,568	-10,535	-10,536	-10,508	-10,486	-10,484	-10,457	-10,454	-10,418	-10,359	-10,278	-10,120	-9,921	0,726	0,240	0,172	0,116	0,096	0,087	0,106	0,115	0,133	0,154	0,199	0,264	0,320	0,348	0,278	0,000	0,000
6,000	-3,808	-3,485	-3,314	-3,191	-3,123	-3,088	-3,079	-3,057	-3,037	-3,022	-2,988	-2,954	-2,887	-2,769	-2,636	1,752	1,062	0,765	0,419	0,316	0,242	0,207	0,179	0,166	0,170	0,189	0,220	0,245	0,261	0,210	0,000	0,000
7,000	-4,665	-4,394	-4,311	-4,197	-4,150	-4,121	-4,116	-4,107	-4,093	-4,094	-4,082	-4,070	-4,055	-4,028	-3,992	1,020	0,626	0,454	0,267	0,192	0,136	0,114	0,092	0,078	0,070	0,064	0,070	0,070	0,072	0,049	0,000	0,000
8,000	-19,777	-20,016	-20,032	-20,133	-20,136	-20,182	-20,216	-20,245	-20,277	-20,340	-20,366	-20,385	-20,399	-20,379	-20,345	-0,575	-0,321	-0,282	-0,178	-0,158	-0,168	-0,160	-0,159	-0,141	-0,129	-0,092	-0,049	-0,022	0,015	0,027	0,000	0,000
9,000	-9,303	-9,330	-9,302	-9,203	-9,098	-9,002	-8,937	-8,894	-8,840	-8,798	-8,747	-8,697	-8,624	-8,516	-8,395	-0,092	0,004	0,084	0,219	0,257	0,260	0,260	0,242	0,231	0,227	0,240	0,251	0,259	0,255	0,193	0,000	0,000
10,000	-9,231	-9,245	-9,144	-9,026	-8,946	-8,916	-8,895	-8,880	-8,859	-8,856	-8,836	-8,803	-8,756	-8,668	-8,564	-0,092	0,106	0,121	0,171	0,157	0,132	0,118	0,113	0,102	0,115	0,128	0,151	0,180	0,189	0,154	0,000	0,000
11,000	-10,073	-9,983	-9,960	-9,840	-9,765	-9,716	-9,683	-9,662	-9,633	-9,614	-9,581	-9,527	-9,470	-9,366	-9,248	0,079	0,109	0,145	0,189	0,187	0,160	0,161	0,151	0,154	0,160	0,182	0,207	0,224	0,231	0,175	0,000	0,000
12,000	-14,660	-14,697	-14,630	-14,579	-14,531	-14,502	-14,502	-14,486	-14,472	-14,474	-14,458	-14,409	-14,358	-14,239	-14,104	-0,043	0,055	0,071	0,103	0,094	0,075	0,084	0,083	0,090	0,102	0,136	0,188	0,229	0,243	0,197	0,000	0,000
13,000	-8,729	-8,819	-8,782	-8,815	-8,789	-8,786	-8,767	-8,754	-8,729	-8,697	-8,639	-8,568	-8,461	-8,297	-8,089	-0,099	-0,044	-0,030	0,018	0,053	0,081	0,104	0,128	0,162	0,205	0,260	0,309	0,358	0,379	0,305	0,000	0,000
14,000	-12,040	-11,989	-12,014	-11,968	-11,961	-11,932	-11,904	-11,898	-11,898	-11,885	-11,857	-11,813	-11,734	-11,589	-11,393	-0,133	-0,092	-0,030	0,051	0,062	0,067	0,081	0,084	0,094	0,122	0,172	0,227	0,291	0,339	0,273	0,000	0,000
15,000	-9,193	-9,343	-9,231	-9,250	-9,209	-9,204	-9,196	-9,180	-9,164	-9,159	-9,138	-9,105	-9,056	-8,971	-8,875	-0,249	-0,010	-0,024	0,034	0,042	0,059	0,061	0,070	0,081	0,095	0,119	0,139	0,167	0,176	0,148	0,000	0,000
	run	14	2022:11:08    11:05:35,234
0,000	-13,423	-13,488	-13,505	-13,598	-13,622	-13,633	-13,649	-13,647	-13,648	-13,660	-13,645	-13,615	-13,562	-13,467	-13,340	-0,204	-0,174	-0,143	-0,101	-0,078	-0,051	-0,029	-0,008	0,017	0,050	0,089	0,138	0,181	0,207	0,167	0,000	0,000
1,000	-17,326	-17,317	-17,240	-17,027	-16,877	-16,771	-16,718	-16,663	-16,617	-16,587	-16,542	-16,494	-16,436	-16,336	-16,221	0,023	0,171	0,251	0,337	0,346	0,309	0,290	0,254	0,235	0,218	0,226	0,235	0,233	0,246	0,188	0,000	0,000
2,000	-10,541	-10,521	-10,472	-10,335	-10,226	-10,146	-10,099	-10,062	-10,011	-9,970	-9,909	-9,836	-9,726	-9,570	-9,381	0,031	0,114	0,169	0,262	0,267	0,246	0,249	0,241	0,250	0,269	0,300	0,340	0,365	0,370	0,287	0,000	0,000
3,000	-21,006	-21,009	-20,928	-20,596	-20,377	-20,241	-20,172	-20,117	-20,058	-20,047	-20,006	-19,962	-19,909	-19,801	-19,665	0,062	0,274	0,347	0,491	0,470	0,388	0,344	0,299	0,262	0,222	0,223	0,236	0,244	0,257	0,194	0,000	0,000
4,000	-11,372	-11,472	-11,388	-11,397	-11,368	-11,366	-11,371	-11,367	-11,367	-11,340	-11,307	-11,235	-11,097	-10,883	-10,599	-0,405	-0,089	-0,081	0,007	0,020	0,052	0,069	0,091	0,123	0,183	0,273	0,358	0,446	0,506	0,410	0,000	0,000
5,000	-10,850	-10,593	-10,719	-10,687	-10,686	-10,653	-10,640	-10,635	-10,605	-10,601	-10,567	-10,503	-10,414	-10,257	-10,053	0,730	0,250	0,180	0,116	0,104	0,089	0,105	0,116	0,139	0,162	0,211	0,276	0,327	0,362	0,293	0,000	0,000
6,000	-3,842	-3,527	-3,364	-3,236	-3,167	-3,137	-3,115	-3,097	-3,082	-3,064	-3,038	-2,997	-2,928	-2,821	-2,681	1,758	1,055	0,763	0,421	0,315	0,243	0,209	0,183	0,171	0,168	0,187	0,216	0,245	0,261	0,209	0,000	0,000
7,000	-4,714	-4,433	-4,340	-4,226	-4,174	-4,139	-4,129	-4,121	-4,106	-4,106	-4,095	-4,084	-4,069	-4,037	-4,009	1,026	0,616	0,468	0,284	0,203	0,148	0,120	0,099	0,080	0,069	0,065	0,067	0,067	0,070	0,051	0,000	0,000
8,000	-20,155	-20,397	-20,412	-20,526	-20,531	-20,586	-20,635	-20,662	-20,691	-20,753	-20,779	-20,803	-20,817	-20,792	-20,760	-0,596	-0,342	-0,290	-0,193	-0,178	-0,181	-0,165	-0,167	-0,146	-0,133	-0,097	-0,051	-0,029	0,011	0,023	0,000	0,000
9,000	-9,357	-9,370	-9,333	-9,214	-9,094	-8,989	-8,922	-8,879	-8,816	-8,783	-8,730	-8,667	-8,600	-8,491	-8,367	-0,068	0,031	0,108	0,253	0,284	0,279	0,271	0,252	0,247	0,235	0,246	0,261	0,265	0,263	0,195	0,000	0,000
10,000	-9,353	-9,361	-9,264	-9,149	-9,070	-9,035	-9,016	-8,996	-8,984	-8,982	-8,958	-8,928	-8,876	-8,795	-8,695	-0,101	0,097	0,119	0,172	0,150	0,130	0,120	0,107	0,104	0,110	0,130	0,152	0,182	0,188	0,154	0,000	0,000
11,000	-9,911	-9,827	-9,808	-9,684	-9,605	-9,559	-9,527	-9,506	-9,474	-9,458	-9,426	-9,378	-9,318	-9,219	-9,103	0,072	0,124	0,139	0,188	0,185	0,154	0,160	0,149	0,150	0,155	0,175	0,204	0,216	0,228	0,172	0,000	0,000
12,000	-14,161	-14,193	-14,142	-14,094	-14,036	-14,012	-14,007	-14,001	-13,982	-13,992	-13,968	-13,929	-13,876	-13,763	-13,637	-0,038	0,058	0,072	0,091	0,095	0,076	0,074	0,085	0,085	0,099	0,138	0,172	0,208	0,234	0,183	0,000	0,000
13,000	-8,410	-8,485	-8,459	-8,495	-8,483	-8,474	-8,460	-8,445	-8,419	-8,384	-8,332	-8,259	-8,163	-8,006	-7,807	-0,100	-0,050	-0,034	0,014	0,038	0,077	0,098	0,119	0,153	0,193	0,244	0,300	0,344	0,366	0,293	0,000	0,000
14,000	-11,942	-11,896	-11,921	-11,880	-11,864	-11,836	-11,818	-11,814	-11,807	-11,789	-11,773	-11,738	-11,641	-11,499	-11,295	-0,193	-0,101	-0,030	0,039	0,049	0,065	0,084	0,074	0,099	0,139	0,180	0,248	0,302	0,338	0,278	0,000	0,000
15,000	-9,143	-9,295	-9,192	-9,208	-9,161	-9,157	-9,148	-9,136	-9,119	-9,120	-9,091	-9,066	-9,015	-8,942	-8,852	-0,258	-0,011	-0,027	0,035	0,047	0,061	0,062	0,068	0,074	0,092	0,110	0,130	0,161	0,165	0,132	0,000	0,000
	run	15	2022:11:08    11:05:35,286
0,000	-13,423	-13,488	-13,505	-13,598	-13,622	-13,633	-13,649	-13,647	-13,648	-13,660	-13,645	-13,615	-13,562	-13,467	-13,340	-0,204	-0,174	-0,143	-0,101	-0,078	-0,051	-0,029	-0,008	0,017	0,050	0,089	0,138	0,181	0,207	0,167	0,000	0,000
1,000	-17,326	-17,317	-17,240	-17,027	-16,877	-16,771	-16,718	-16,663	-16,617	-16,587	-16,542	-16,494	-16,436	-16,336	-16,221	0,023	0,171	0,251	0,337	0,346	0,309	0,290	0,254	0,235	0,218	0,226	0,235	0,233	0,246	0,188	0,000	0,000
2,000	-10,541	-10,521	-10,472	-10,335	-10,226	-10,146	-10,099	-10,062	-10,011	-9,970	-9,909	-9,836	-9,726	-9,570	-9,381	0,031	0,114	0,169	0,262	0,267	0,246	0,249	0,241	0,250	0,269	0,300	0,340	0,365	0,370	0,287	0,000	0,000
3,000	-21,006	-21,009	-20,928	-20,596	-20,377	-20,241	-20,172	-20,117	-20,058	-20,047	-20,006	-19,962	-19,909	-19,801	-19,665	0,062	0,274	0,347	0,491	0,470	0,388	0,344	0,299	0,262	0,222	0,223	0,236	0,244	0,257	0,194	0,000	0,000
4,000	-11,372	-11,472	-11,388	-11,397	-11,368	-11,366	-11,371	-11,367	-11,367	-11,340	-11,307	-11,235	-11,097	-10,883	-10,599	-0,405	-0,089	-0,081	0,007	0,020	0,052	0,069	0,091	0,123	0,183	0,273	0,358	0,446	0,506	0,410	0,000	0,000
5,000	-10,850	-10,593	-10,719	-10,687	-10,686	-10,653	-10,640	-10,635	-10,605	-10,601	-10,567	-10,503	-10,414	-10,257	-10,053	0,730	0,250	0,180	0,116	0,104	0,089	0,105	0,116	0,139	0,162	0,211	0,276	0,327	0,362	0,293	0,000	0,000
6,000	-3,834	-3,492	-3,335	-3,199	-3,139	-3,102	-3,088	-3,064	-3,047	-3,029	-3,001	-2,954	-2,885	-2,774	-2,626	1,770	1,077	0,768	0,423	0,313	0,249	0,214	0,188	0,174	0,176	0,198	0,225	0,259	0,273	0,221	0,000	0,000
7,000	-4,768	-4,495	-4,407	-4,276	-4,230	-4,202	-4,182	-4,176	-4,163	-4,163	-4,155	-4,136	-4,120	-4,084	-4,037	1,063	0,643	0,491	0,289	0,209	0,145	0,128	0,106	0,090	0,076	0,075	0,079	0,083	0,083	0,063	0,000	0,000
8,000	-20,671	-20,937	-20,971	-21,111	-21,117	-21,184	-21,224	-21,257	-21,292	-21,348	-21,377	-21,400	-21,416	-21,394	-21,365	-0,621	-0,373	-0,341	-0,224	-0,200	-0,197	-0,190	-0,177	-0,155	-0,142	-0,102	-0,058	-0,033	0,012	0,023	0,000	0,000
9,000	-9,858	-9,854	-9,791	-9,589	-9,452	-9,330	-9,265	-9,216	-9,154	-9,111	-9,066	-9,001	-8,931	-8,814	-8,681	-0,031	0,110	0,199	0,336	0,346	0,315	0,303	0,277	0,266	0,257	0,264	0,278	0,284	0,275	0,203	0,000	0,000
10,000	-9,821	-9,831	-9,715	-9,576	-9,482	-9,439	-9,417	-9,409	-9,385	-9,389	-9,364	-9,332	-9,277	-9,193	-9,095	-0,075	0,125	0,160	0,200	0,172	0,144	0,129	0,120	0,111	0,117	0,134	0,153	0,187	0,197	0,159	0,000	0,000
11,000	-10,124	-10,039	-10,011	-9,871	-9,789	-9,731	-9,702	-9,679	-9,642	-9,629	-9,595	-9,547	-9,485	-9,384	-9,271	0,077	0,141	0,159	0,211	0,197	0,170	0,168	0,161	0,159	0,162	0,188	0,202	0,222	0,234	0,179	0,000	0,000
12,000	-14,079	-14,111	-14,053	-14,006	-13,949	-13,930	-13,922	-13,912	-13,894	-13,910	-13,885	-13,846	-13,793	-13,687	-13,564	-0,038	0,057	0,072	0,094	0,095	0,074	0,076	0,079	0,086	0,094	0,126	0,171	0,206	0,235	0,181	0,000	0,000
13,000	-8,251	-8,325	-8,313	-8,343	-8,329	-8,326	-8,310	-8,294	-8,274	-8,238	-8,188	-8,123	-8,021	-7,868	-7,678	-0,096	-0,055	-0,040	0,005	0,036	0,073	0,093	0,118	0,147	0,185	0,243	0,290	0,333	0,357	0,283	0,000	0,000
14,000	-11,821	-11,770	-11,802	-11,760	-11,753	-11,727	-11,713	-11,700	-11,686	-11,687	-11,665	-11,623	-11,537	-11,394	-11,200	-0,159	-0,089	-0,036	0,040	0,048	0,062	0,074	0,071	0,090	0,121	0,171	0,232	0,293	0,328	0,274	0,000	0,000
15,000	-9,108	-9,259	-9,154	-9,176	-9,130	-9,121	-9,111	-9,099	-9,085	-9,082	-9,056	-9,031	-8,976	-8,907	-8,823	-0,261	-0,006	-0,022	0,032	0,043	0,058	0,060	0,070	0,078	0,090	0,111	0,130	0,155	0,161	0,133	0,000	0,000
	run	16	2022:11:08    11:05:35,385
0,000	-13,026	-13,112	-13,130	-13,216	-13,234	-13,256	-13,260	-13,269	-13,261	-13,267	-13,257	-13,233	-13,179	-13,090	-12,971	-0,216	-0,157	-0,145	-0,096	-0,068	-0,042	-0,020	-0,003	0,020	0,044	0,082	0,131	0,171	0,195	0,160	0,000	0,000
1,000	-16,805	-16,800	-16,725	-16,523	-16,386	-16,280	-16,225	-16,179	-16,137	-16,103	-16,055	-16,020	-15,958	-15,870	-15,757	0,031	0,163	0,235	0,322	0,327	0,292	0,271	0,236	0,223	0,210	0,210	0,220	0,222	0,226	0,176	0,000	0,000
2,000	-10,380	-10,375	-10,348	-10,212	-10,103	-10,030	-9,986	-9,943	-9,901	-9,862	-9,801	-9,728	-9,618	-9,466	-9,286	0,020	0,098	0,150	0,241	0,255	0,234	0,243	0,236	0,244	0,257	0,293	0,332	0,352	0,364	0,278	0,000	0,000
3,000	-20,748	-20,743	-20,664	-20,346	-20,136	-20,003	-19,935	-19,880	-19,828	-19,821	-19,776	-19,741	-19,685	-19,573	-19,448	0,070	0,262	0,348	0,472	0,452	0,380	0,330	0,289	0,254	0,215	0,214	0,230	0,239	0,250	0,191	0,000	0,000
4,000	-11,490	-11,600	-11,516	-11,524	-11,495	-11,494	-11,499	-11,486	-11,496	-11,472	-11,431	-11,365	-11,224	-11,009	-10,707	-0,408	-0,098	-0,080	0,002	0,019	0,050	0,066	0,093	0,119	0,188	0,278	0,360	0,456	0,509	0,418	0,000	0,000
5,000	-11,108	-10,841	-10,972	-10,944	-10,939	-10,908	-10,890	-10,884	-10,858	-10,855	-10,819	-10,761	-10,663	-10,508	-10,305	0,715	0,237	0,171	0,121	0,107	0,089	0,110	0,118	0,142	0,156	0,214	0,278	0,331	0,367	0,293	0,000	0,000
6,000	-3,911	-3,569	-3,397	-3,267	-3,202	-3,163	-3,150	-3,130	-3,113	-3,096	-3,060	-3,022	-2,944	-2,825	-2,662	1,813	1,094	0,789	0,436	0,322	0,253	0,219	0,188	0,178	0,185	0,202	0,237	0,271	0,287	0,232	0,000	0,000
7,000	-4,825	-4,539	-4,440	-4,304	-4,250	-4,218	-4,207	-4,197	-4,181	-4,180	-4,171	-4,157	-4,135	-4,096	-4,049	1,072	0,661	0,501	0,302	0,218	0,150	0,125	0,109	0,095	0,082	0,082	0,082	0,085	0,092	0,068	0,000	0,000
8,000	-20,883	-21,179	-21,212	-21,373	-21,386	-21,448	-21,490	-21,533	-21,559	-21,629	-21,656	-21,680	-21,694	-21,674	-21,649	-0,612	-0,389	-0,354	-0,242	-0,214	-0,214	-0,196	-0,183	-0,164	-0,147	-0,102	-0,062	-0,037	0,008	0,019	0,000	0,000
9,000	-10,066	-10,063	-10,004	-9,807	-9,671	-9,547	-9,485	-9,429	-9,371	-9,334	-9,279	-9,217	-9,140	-9,021	-8,888	-0,032	0,104	0,203	0,338	0,350	0,320	0,306	0,280	0,272	0,258	0,268	0,283	0,284	0,284	0,215	0,000	0,000
10,000	-9,806	-9,806	-9,691	-9,544	-9,451	-9,410	-9,384	-9,370	-9,348	-9,350	-9,327	-9,296	-9,242	-9,156	-9,048	-0,087	0,136	0,170	0,218	0,178	0,153	0,138	0,122	0,113	0,121	0,140	0,158	0,188	0,199	0,160	0,000	0,000
11,000	-10,078	-9,987	-9,954	-9,814	-9,724	-9,674	-9,642	-9,617	-9,584	-9,569	-9,531	-9,485	-9,425	-9,321	-9,206	0,089	0,141	0,160	0,206	0,205	0,166	0,167	0,160	0,158	0,163	0,181	0,211	0,222	0,231	0,177	0,000	0,000
12,000	-14,181	-14,224	-14,164	-14,118	-14,058	-14,036	-14,032	-14,019	-14,008	-14,019	-13,992	-13,956	-13,905	-13,787	-13,656	-0,042	0,054	0,071	0,093	0,088	0,077	0,078	0,081	0,086	0,095	0,136	0,170	0,212	0,237	0,190	0,000	0,000
13,000	-8,322	-8,441	-8,386	-8,433	-8,414	-8,414	-8,400	-8,378	-8,364	-8,324	-8,281	-8,204	-8,108	-7,954	-7,762	-0,115	-0,051	-0,031	0,004	0,037	0,077	0,098	0,120	0,147	0,190	0,241	0,290	0,334	0,354	0,290	0,000	0,000
14,000	-11,727	-11,641	-11,700	-11,658	-11,648	-11,617	-11,598	-11,602	-11,584	-11,580	-11,566	-11,508	-11,438	-11,303	-11,099	-0,131	-0,093	-0,041	0,038	0,054	0,055	0,074	0,067	0,090	0,115	0,167	0,225	0,283	0,317	0,260	0,000	0,000
15,000	-8,840	-9,004	-8,900	-8,919	-8,878	-8,870	-8,863	-8,847	-8,830	-8,831	-8,807	-8,782	-8,732	-8,658	-8,566	-0,261	-0,008	-0,029	0,024	0,043	0,055	0,059	0,068	0,071	0,092	0,111	0,130	0,156	0,168	0,140	0,000	0,000
	run	17	2022:11:08    11:05:35,485
0,000	-12,649	-12,734	-12,747	-12,818	-12,841	-12,855	-12,865	-12,860	-12,860	-12,869	-12,858	-12,831	-12,784	-12,687	-12,581	-0,198	-0,146	-0,126	-0,081	-0,066	-0,035	-0,018	-0,003	0,016	0,045	0,082	0,125	0,168	0,187	0,157	0,000	0,000
1,000	-16,829	-16,826	-16,758	-16,585	-16,442	-16,347	-16,290	-16,237	-16,196	-16,170	-16,120	-16,080	-16,022	-15,931	-15,813	-0,003	0,138	0,193	0,305	0,312	0,282	0,267	0,238	0,223	0,209	0,210	0,220	0,218	0,230	0,173	0,000	0,000
2,000	-10,371	-10,360	-10,313	-10,177	-10,065	-9,988	-9,940	-9,897	-9,854	-9,812	-9,750	-9,680	-9,576	-9,428	-9,249	0,027	0,104	0,159	0,254	0,271	0,253	0,252	0,242	0,246	0,259	0,294	0,329	0,351	0,354	0,270	0,000	0,000
3,000	-20,851	-20,829	-20,764	-20,449	-20,245	-20,108	-20,040	-19,974	-19,923	-19,913	-19,878	-19,839	-19,787	-19,678	-19,550	0,056	0,252	0,329	0,470	0,451	0,375	0,332	0,292	0,253	0,218	0,212	0,223	0,236	0,246	0,185	0,000	0,000
4,000	-11,225	-11,359	-11,261	-11,276	-11,237	-11,228	-11,233	-11,229	-11,229	-11,211	-11,176	-11,106	-10,975	-10,760	-10,478	-0,406	-0,092	-0,071	0,012	0,023	0,054	0,071	0,086	0,118	0,187	0,261	0,353	0,437	0,493	0,403	0,000	0,000
5,000	-10,780	-10,555	-10,675	-10,637	-10,644	-10,613	-10,590	-10,591	-10,559	-10,553	-10,522	-10,457	-10,366	-10,200	-9,993	0,718	0,247	0,178	0,117	0,105	0,087	0,112	0,115	0,141	0,163	0,216	0,276	0,329	0,366	0,296	0,000	0,000
6,000	-3,901	-3,581	-3,418	-3,274	-3,216	-3,178	-3,161	-3,139	-3,128	-3,103	-3,070	-3,029	-2,964	-2,850	-2,700	1,774	1,076	0,778	0,426	0,323	0,245	0,213	0,187	0,176	0,180	0,199	0,223	0,255	0,275	0,219	0,000	0,000
7,000	-4,781	-4,500	-4,403	-4,280	-4,226	-4,198	-4,178	-4,173	-4,161	-4,154	-4,141	-4,134	-4,118	-4,084	-4,049	1,041	0,641	0,488	0,297	0,212	0,151	0,123	0,106	0,088	0,076	0,071	0,074	0,072	0,075	0,056	0,000	0,000
8,000	-20,538	-20,797	-20,816	-20,963	-20,969	-21,033	-21,084	-21,116	-21,144	-21,209	-21,238	-21,252	-21,271	-21,242	-21,219	-0,618	-0,374	-0,331	-0,229	-0,198	-0,196	-0,191	-0,177	-0,158	-0,142	-0,103	-0,060	-0,031	0,013	0,024	0,000	0,000
9,000	-9,587	-9,602	-9,550	-9,413	-9,292	-9,177	-9,112	-9,068	-9,011	-8,969	-8,911	-8,854	-8,778	-8,669	-8,541	-0,072	0,051	0,122	0,276	0,303	0,288	0,284	0,265	0,254	0,246	0,261	0,267	0,274	0,274	0,201	0,000	0,000
10,000	-9,338	-9,359	-9,252	-9,122	-9,039	-9,000	-8,974	-8,962	-8,939	-8,938	-8,922	-8,890	-8,833	-8,745	-8,645	-0,097	0,119	0,147	0,190	0,162	0,141	0,125	0,119	0,106	0,116	0,138	0,159	0,188	0,197	0,160	0,000	0,000
11,000	-9,933	-9,857	-9,824	-9,692	-9,618	-9,562	-9,532	-9,515	-9,480	-9,462	-9,427	-9,381	-9,321	-9,210	-9,098	0,082	0,113	0,148	0,194	0,192	0,166	0,163	0,153	0,158	0,160	0,183	0,209	0,225	0,237	0,178	0,000	0,000
12,000	-14,476	-14,537	-14,465	-14,429	-14,363	-14,348	-14,341	-14,331	-14,316	-14,320	-14,291	-14,259	-14,203	-14,090	-13,954	-0,055	0,045	0,059	0,092	0,089	0,078	0,077	0,086	0,086	0,103	0,132	0,184	0,214	0,240	0,191	0,000	0,000
13,000	-8,572	-8,670	-8,632	-8,673	-8,654	-8,645	-8,636	-8,614	-8,587	-8,555	-8,498	-8,432	-8,326	-8,172	-7,961	-0,100	-0,045	-0,033	0,009	0,044	0,080	0,100	0,124	0,157	0,193	0,252	0,299	0,350	0,368	0,296	0,000	0,000
14,000	-11,758	-11,675	-11,717	-11,685	-11,661	-11,631	-11,616	-11,616	-11,604	-11,591	-11,574	-11,537	-11,452	-11,313	-11,120	-0,128	-0,084	-0,012	0,038	0,062	0,065	0,071	0,074	0,091	0,112	0,156	0,232	0,290	0,326	0,260	0,000	0,000
15,000	-8,850	-9,012	-8,899	-8,926	-8,886	-8,879	-8,877	-8,862	-8,842	-8,841	-8,820	-8,795	-8,745	-8,673	-8,588	-0,255	-0,019	-0,031	0,025	0,039	0,054	0,057	0,067	0,073	0,092	0,111	0,129	0,150	0,161	0,130	0,000	0,000
	run	18	2022:11:08    11:05:35,533
0,000	-12,998	-13,084	-13,092	-13,168	-13,184	-13,197	-13,210	-13,210	-13,208	-13,214	-13,207	-13,175	-13,129	-13,034	-12,922	-0,195	-0,153	-0,135	-0,089	-0,069	-0,041	-0,022	-0,003	0,018	0,040	0,084	0,124	0,169	0,194	0,158	0,000	0,000
1,000	-16,333	-16,348	-16,269	-16,100	-15,968	-15,878	-15,824	-15,775	-15,736	-15,705	-15,661	-15,624	-15,565	-15,479	-15,367	-0,022	0,133	0,193	0,286	0,298	0,274	0,258	0,225	0,211	0,200	0,206	0,212	0,213	0,218	0,170	0,000	0,000
2,000	-10,371	-10,360	-10,313	-10,177	-10,065	-9,988	-9,940	-9,897	-9,854	-9,812	-9,750	-9,680	-9,576	-9,428	-9,249	0,027	0,104	0,159	0,254	0,271	0,253	0,252	0,242	0,246	0,259	0,294	0,329	0,351	0,354	0,270	0,000	0,000
3,000	-20,851	-20,829	-20,764	-20,449	-20,245	-20,108	-20,040	-19,974	-19,923	-19,913	-19,878	-19,839	-19,787	-19,678	-19,550	0,056	0,252	0,329	0,470	0,451	0,375	0,332	0,292	0,253	0,218	0,212	0,223	0,236	0,246	0,185	0,000	0,000
4,000	-11,225	-11,359	-11,261	-11,276	-11,237	-11,228	-11,233	-11,229	-11,229	-11,211	-11,176	-11,106	-10,975	-10,760	-10,478	-0,406	-0,092	-0,071	0,012	0,023	0,054	0,071	0,086	0,118	0,187	0,261	0,353	0,437	0,493	0,403	0,000	0,000
5,000	-10,780	-10,555	-10,675	-10,637	-10,644	-10,613	-10,590	-10,591	-10,559	-10,553	-10,522	-10,457	-10,366	-10,200	-9,993	0,718	0,247	0,178	0,117	0,105	0,087	0,112	0,115	0,141	0,163	0,216	0,276	0,329	0,366	0,296	0,000	0,000
6,000	-3,901	-3,581	-3,418	-3,274	-3,216	-3,178	-3,161	-3,139	-3,128	-3,103	-3,070	-3,029	-2,964	-2,850	-2,700	1,774	1,076	0,778	0,426	0,323	0,245	0,213	0,187	0,176	0,180	0,199	0,223	0,255	0,275	0,219	0,000	0,000
7,000	-4,781	-4,500	-4,403	-4,280	-4,226	-4,198	-4,178	-4,173	-4,161	-4,154	-4,141	-4,134	-4,118	-4,084	-4,049	1,041	0,641	0,488	0,297	0,212	0,151	0,123	0,106	0,088	0,076	0,071	0,074	0,072	0,075	0,056	0,000	0,000
8,000	-20,540	-20,799	-20,827	-20,946	-20,951	-21,007	-21,046	-21,080	-21,110	-21,169	-21,194	-21,219	-21,232	-21,208	-21,175	-0,604	-0,353	-0,307	-0,210	-0,183	-0,185	-0,176	-0,163	-0,144	-0,135	-0,091	-0,054	-0,024	0,016	0,029	0,000	0,000
9,000	-9,509	-9,510	-9,469	-9,333	-9,205	-9,099	-9,040	-8,989	-8,931	-8,890	-8,831	-8,779	-8,698	-8,592	-8,460	-0,080	0,053	0,122	0,275	0,298	0,287	0,277	0,264	0,252	0,236	0,253	0,271	0,275	0,268	0,202	0,000	0,000
10,000	-9,582	-9,591	-9,486	-9,350	-9,253	-9,218	-9,195	-9,180	-9,163	-9,164	-9,140	-9,106	-9,051	-8,957	-8,858	-0,086	0,125	0,145	0,195	0,171	0,143	0,130	0,121	0,115	0,122	0,139	0,158	0,195	0,198	0,162	0,000	0,000
11,000	-10,252	-10,158	-10,131	-9,989	-9,909	-9,854	-9,827	-9,803	-9,773	-9,756	-9,717	-9,669	-9,603	-9,497	-9,374	0,100	0,135	0,164	0,209	0,205	0,171	0,170	0,164	0,163	0,165	0,191	0,211	0,234	0,245	0,190	0,000	0,000
12,000	-14,852	-14,884	-14,822	-14,780	-14,720	-14,694	-14,688	-14,686	-14,660	-14,671	-14,643	-14,608	-14,544	-14,425	-14,291	-0,054	0,045	0,072	0,102	0,094	0,082	0,084	0,085	0,094	0,105	0,143	0,188	0,221	0,249	0,202	0,000	0,000
13,000	-8,756	-8,842	-8,804	-8,835	-8,813	-8,800	-8,794	-8,777	-8,745	-8,709	-8,658	-8,585	-8,471	-8,308	-8,100	-0,090	-0,036	-0,020	0,019	0,050	0,083	0,105	0,136	0,161	0,202	0,262	0,318	0,359	0,386	0,306	0,000	0,000
14,000	-12,074	-12,051	-12,052	-12,017	-11,990	-11,966	-11,948	-11,945	-11,932	-11,926	-11,909	-11,858	-11,770	-11,634	-11,433	-0,170	-0,067	-0,030	0,039	0,059	0,069	0,079	0,074	0,104	0,124	0,173	0,239	0,294	0,326	0,280	0,000	0,000
15,000	-8,993	-9,153	-9,038	-9,058	-9,015	-9,012	-9,004	-8,995	-8,977	-8,976	-8,954	-8,925	-8,876	-8,800	-8,724	-0,246	-0,005	-0,022	0,031	0,037	0,051	0,060	0,065	0,069	0,086	0,105	0,121	0,152	0,161	0,130	0,000	0,000
	run	19	2022:11:08    11:05:35,634
0,000	-13,108	-13,189	-13,208	-13,277	-13,295	-13,307	-13,308	-13,314	-13,315	-13,321	-13,306	-13,282	-13,235	-13,147	-13,035	-0,212	-0,147	-0,133	-0,085	-0,063	-0,041	-0,021	-0,003	0,020	0,042	0,082	0,123	0,165	0,190	0,158	0,000	0,000
1,000	-16,604	-16,596	-16,533	-16,368	-16,230	-16,137	-16,084	-16,038	-15,994	-15,965	-15,922	-15,882	-15,822	-15,741	-15,634	-0,020	0,139	0,190	0,291	0,302	0,276	0,258	0,223	0,217	0,205	0,212	0,216	0,214	0,224	0,173	0,000	0,000
2,000	-9,909	-9,909	-9,882	-9,776	-9,677	-9,601	-9,560	-9,521	-9,476	-9,442	-9,386	-9,317	-9,221	-9,082	-8,917	0,009	0,079	0,126	0,214	0,230	0,219	0,228	0,221	0,230	0,245	0,274	0,303	0,325	0,331	0,249	0,000	0,000
3,000	-19,652	-19,676	-19,637	-19,403	-19,223	-19,098	-19,036	-18,982	-18,927	-18,918	-18,882	-18,842	-18,788	-18,682	-18,560	-0,010	0,148	0,227	0,377	0,385	0,328	0,299	0,262	0,237	0,205	0,204	0,217	0,230	0,237	0,180	0,000	0,000
4,000	-10,789	-10,897	-10,817	-10,809	-10,772	-10,772	-10,770	-10,775	-10,769	-10,749	-10,720	-10,655	-10,524	-10,327	-10,062	-0,392	-0,079	-0,063	0,023	0,030	0,057	0,069	0,083	0,111	0,173	0,245	0,326	0,414	0,462	0,378	0,000	0,000
5,000	-10,513	-10,253	-10,374	-10,339	-10,353	-10,316	-10,300	-10,301	-10,269	-10,266	-10,229	-10,173	-10,090	-9,933	-9,741	0,711	0,229	0,168	0,109	0,099	0,087	0,104	0,105	0,134	0,151	0,206	0,256	0,313	0,341	0,272	0,000	0,000
6,000	-3,759	-3,442	-3,284	-3,153	-3,090	-3,063	-3,041	-3,029	-3,008	-2,986	-2,960	-2,914	-2,842	-2,729	-2,578	1,767	1,058	0,763	0,410	0,312	0,239	0,207	0,181	0,171	0,176	0,200	0,225	0,267	0,275	0,224	0,000	0,000
7,000	-4,726	-4,441	-4,347	-4,222	-4,172	-4,148	-4,135	-4,124	-4,112	-4,112	-4,099	-4,090	-4,067	-4,035	-3,992	1,062	0,645	0,481	0,291	0,198	0,143	0,123	0,102	0,084	0,068	0,078	0,076	0,082	0,086	0,066	0,000	0,000
8,000	-20,501	-20,768	-20,798	-20,952	-20,951	-21,012	-21,055	-21,084	-21,121	-21,182	-21,207	-21,231	-21,247	-21,216	-21,190	-0,628	-0,363	-0,337	-0,235	-0,193	-0,195	-0,181	-0,177	-0,155	-0,137	-0,098	-0,058	-0,023	0,015	0,020	0,000	0,000
9,000	-9,987	-9,959	-9,904	-9,715	-9,568	-9,446	-9,381	-9,329	-9,270	-9,232	-9,175	-9,111	-9,031	-8,912	-8,776	-0,029	0,094	0,195	0,333	0,351	0,318	0,311	0,286	0,269	0,260	0,273	0,290	0,288	0,288	0,217	0,000	0,000
10,000	-10,168	-10,130	-9,985	-9,796	-9,696	-9,655	-9,631	-9,613	-9,595	-9,591	-9,570	-9,534	-9,480	-9,389	-9,281	-0,012	0,207	0,231	0,262	0,207	0,170	0,148	0,134	0,122	0,128	0,147	0,168	0,200	0,204	0,166	0,000	0,000
11,000	-10,492	-10,395	-10,347	-10,200	-10,109	-10,053	-10,023	-10,001	-9,971	-9,951	-9,914	-9,861	-9,800	-9,688	-9,562	0,138	0,170	0,195	0,229	0,216	0,181	0,177	0,165	0,165	0,171	0,198	0,219	0,242	0,247	0,191	0,000	0,000
12,000	-14,961	-14,990	-14,939	-14,889	-14,834	-14,810	-14,801	-14,791	-14,773	-14,781	-14,757	-14,718	-14,661	-14,547	-14,408	-0,059	0,040	0,067	0,100	0,098	0,074	0,079	0,083	0,093	0,097	0,138	0,186	0,219	0,246	0,197	0,000	0,000
13,000	-8,692	-8,768	-8,741	-8,765	-8,752	-8,740	-8,733	-8,713	-8,689	-8,660	-8,609	-8,533	-8,423	-8,274	-8,069	-0,084	-0,046	-0,024	0,015	0,049	0,073	0,103	0,126	0,156	0,195	0,254	0,303	0,349	0,373	0,294	0,000	0,000
14,000	-12,279	-12,269	-12,276	-12,231	-12,206	-12,184	-12,169	-12,151	-12,147	-12,135	-12,119	-12,071	-11,994	-11,851	-11,636	-0,187	-0,090	-0,030	0,035	0,060	0,069	0,081	0,082	0,096	0,127	0,165	0,238	0,304	0,336	0,274	0,000	0,000
15,000	-9,103	-9,235	-9,136	-9,155	-9,102	-9,094	-9,094	-9,081	-9,070	-9,066	-9,044	-9,018	-8,970	-8,897	-8,812	-0,239	-0,015	-0,021	0,030	0,036	0,051	0,059	0,066	0,068	0,086	0,106	0,129	0,156	0,166	0,133	0,000	0,000
	run	20	2022:11:08    11:05:35,687
0,000	-13,108	-13,189	-13,208	-13,277	-13,295	-13,307	-13,308	-13,314	-13,315	-13,321	-13,306	-13,282	-13,235	-13,147	-13,035	-0,212	-0,147	-0,133	-0,085	-0,063	-0,041	-0,021	-0,003	0,020	0,042	0,082	0,123	0,165	0,190	0,158	0,000	0,000
1,000	-16,604	-16,596	-16,533	-16,368	-16,230	-16,137	-16,084	-16,038	-15,994	-15,965	-15,922	-15,882	-15,822	-15,741	-15,634	-0,020	0,139	0,190	0,291	0,302	0,276	0,258	0,223	0,217	0,205	0,212	0,216	0,214	0,224	0,173	0,000	0,000
2,000	-9,909	-9,909	-9,882	-9,776	-9,677	-9,601	-9,560	-9,521	-9,476	-9,442	-9,386	-9,317	-9,221	-9,082	-8,917	0,009	0,079	0,126	0,214	0,230	0,219	0,228	0,221	0,230	0,245	0,274	0,303	0,325	0,331	0,249	0,000	0,000
3,000	-19,652	-19,676	-19,637	-19,403	-19,223	-19,098	-19,036	-18,982	-18,927	-18,918	-18,882	-18,842	-18,788	-18,682	-18,560	-0,010	0,148	0,227	0,377	0,385	0,328	0,299	0,262	0,237	0,205	0,204	0,217	0,230	0,237	0,180	0,000	0,000
4,000	-10,789	-10,897	-10,817	-10,809	-10,772	-10,772	-10,770	-10,775	-10,769	-10,749	-10,720	-10,655	-10,524	-10,327	-10,062	-0,392	-0,079	-0,063	0,023	0,030	0,057	0,069	0,083	0,111	0,173	0,245	0,326	0,414	0,462	0,378	0,000	0,000
5,000	-10,513	-10,253	-10,374	-10,339	-10,353	-10,316	-10,300	-10,301	-10,269	-10,266	-10,229	-10,173	-10,090	-9,933	-9,741	0,711	0,229	0,168	0,109	0,099	0,087	0,104	0,105	0,134	0,151	0,206	0,256	0,313	0,341	0,272	0,000	0,000
6,000	-3,772	-3,444	-3,276	-3,160	-3,102	-3,063	-3,050	-3,026	-3,010	-3,000	-2,964	-2,922	-2,859	-2,742	-2,594	1,747	1,050	0,755	0,414	0,308	0,236	0,209	0,184	0,176	0,174	0,192	0,224	0,250	0,269	0,218	0,000	0,000
7,000	-4,740	-4,456	-4,381	-4,249	-4,202	-4,167	-4,148	-4,144	-4,135	-4,130	-4,119	-4,105	-4,082	-4,045	-4,000	1,053	0,638	0,489	0,288	0,210	0,152	0,124	0,101	0,093	0,081	0,080	0,080	0,088	0,090	0,067	0,000	0,000
8,000	-20,878	-21,140	-21,185	-21,332	-21,337	-21,405	-21,449	-21,480	-21,509	-21,573	-21,601	-21,629	-21,647	-21,617	-21,587	-0,608	-0,388	-0,339	-0,243	-0,202	-0,192	-0,192	-0,182	-0,161	-0,142	-0,105	-0,057	-0,028	0,012	0,024	0,000	0,000
9,000	-10,115	-10,105	-10,032	-9,848	-9,702	-9,581	-9,516	-9,467	-9,410	-9,362	-9,308	-9,249	-9,171	-9,052	-8,912	-0,034	0,116	0,208	0,338	0,349	0,322	0,309	0,286	0,274	0,262	0,273	0,286	0,289	0,294	0,216	0,000	0,000
10,000	-9,934	-9,899	-9,761	-9,587	-9,491	-9,449	-9,427	-9,419	-9,400	-9,396	-9,372	-9,347	-9,283	-9,189	-9,086	-0,035	0,186	0,215	0,241	0,196	0,156	0,135	0,118	0,115	0,120	0,139	0,164	0,193	0,204	0,163	0,000	0,000
11,000	-10,285	-10,172	-10,128	-9,975	-9,887	-9,833	-9,802	-9,783	-9,749	-9,736	-9,690	-9,652	-9,582	-9,470	-9,348	0,121	0,171	0,193	0,225	0,217	0,175	0,174	0,165	0,165	0,164	0,190	0,221	0,241	0,248	0,193	0,000	0,000
12,000	-14,726	-14,784	-14,704	-14,664	-14,606	-14,588	-14,584	-14,567	-14,557	-14,571	-14,542	-14,499	-14,447	-14,334	-14,197	-0,074	0,052	0,059	0,091	0,089	0,071	0,079	0,079	0,088	0,097	0,143	0,179	0,223	0,245	0,191	0,000	0,000
13,000	-8,598	-8,719	-8,656	-8,699	-8,682	-8,678	-8,666	-8,643	-8,621	-8,592	-8,536	-8,464	-8,356	-8,201	-7,997	-0,120	-0,039	-0,036	0,011	0,047	0,083	0,105	0,128	0,154	0,200	0,248	0,305	0,349	0,373	0,302	0,000	0,000
14,000	-11,960	-11,841	-11,916	-11,864	-11,850	-11,819	-11,802	-11,802	-11,790	-11,788	-11,761	-11,725	-11,634	-11,488	-11,293	-0,103	-0,105	-0,027	0,043	0,056	0,068	0,072	0,076	0,094	0,119	0,175	0,236	0,294	0,335	0,271	0,000	0,000
15,000	-9,102	-9,261	-9,161	-9,179	-9,128	-9,130	-9,119	-9,103	-9,085	-9,083	-9,058	-9,032	-8,982	-8,907	-8,823	-0,258	-0,001	-0,024	0,033	0,044	0,057	0,061	0,069	0,081	0,087	0,112	0,131	0,156	0,165	0,132	0,000	0,000
	run	21	2022:11:08    11:05:35,785
0,000	-12,975	-13,074	-13,084	-13,164	-13,185	-13,198	-13,205	-13,211	-13,208	-13,214	-13,210	-13,175	-13,131	-13,042	-12,925	-0,198	-0,154	-0,147	-0,092	-0,072	-0,043	-0,017	-0,005	0,015	0,045	0,080	0,127	0,169	0,191	0,153	0,000	0,000
1,000	-16,922	-16,887	-16,817	-16,628	-16,489	-16,386	-16,325	-16,277	-16,238	-16,205	-16,163	-16,119	-16,059	-15,974	-15,858	0,021	0,159	0,220	0,311	0,326	0,286	0,276	0,240	0,224	0,212	0,217	0,220	0,220	0,229	0,173	0,000	0,000
2,000	-10,332	-10,327	-10,281	-10,160	-10,050	-9,976	-9,933	-9,896	-9,844	-9,808	-9,747	-9,676	-9,578	-9,426	-9,252	0,013	0,097	0,148	0,249	0,252	0,239	0,241	0,234	0,238	0,254	0,287	0,317	0,346	0,349	0,267	0,000	0,000
3,000	-20,370	-20,373	-20,312	-20,026	-19,819	-19,693	-19,626	-19,567	-19,513	-19,501	-19,465	-19,427	-19,369	-19,273	-19,145	0,027	0,215	0,303	0,447	0,436	0,363	0,328	0,280	0,248	0,212	0,207	0,221	0,234	0,245	0,183	0,000	0,000
4,000	-10,976	-11,104	-11,009	-11,002	-10,970	-10,966	-10,967	-10,963	-10,964	-10,955	-10,915	-10,848	-10,713	-10,509	-10,233	-0,406	-0,081	-0,069	0,014	0,025	0,060	0,069	0,086	0,117	0,169	0,254	0,329	0,424	0,472	0,395	0,000	0,000
5,000	-10,490	-10,217	-10,327	-10,308	-10,313	-10,279	-10,259	-10,253	-10,231	-10,220	-10,186	-10,130	-10,044	-9,882	-9,682	0,684	0,224	0,171	0,114	0,100	0,087	0,104	0,112	0,138	0,159	0,209	0,269	0,321	0,349	0,286	0,000	0,000
6,000	-3,886	-3,546	-3,371	-3,256	-3,185	-3,157	-3,139	-3,116	-3,105	-3,078	-3,056	-3,010	-2,940	-2,829	-2,684	1,753	1,067	0,766	0,424	0,317	0,243	0,210	0,188	0,174	0,180	0,199	0,220	0,256	0,276	0,218	0,000	0,000
7,000	-4,899	-4,616	-4,519	-4,376	-4,321	-4,289	-4,273	-4,267	-4,248	-4,248	-4,236	-4,225	-4,212	-4,175	-4,136	1,056	0,657	0,500	0,309	0,218	0,155	0,132	0,106	0,092	0,076	0,068	0,079	0,078	0,077	0,061	0,000	0,000
8,000	-21,056	-21,303	-21,357	-21,505	-21,513	-21,580	-21,623	-21,656	-21,688	-21,749	-21,780	-21,807	-21,814	-21,792	-21,759	-0,607	-0,385	-0,357	-0,242	-0,213	-0,199	-0,194	-0,179	-0,157	-0,145	-0,104	-0,054	-0,027	0,018	0,021	0,000	0,000
9,000	-9,946	-9,939	-9,891	-9,728	-9,587	-9,474	-9,409	-9,354	-9,303	-9,257	-9,204	-9,137	-9,066	-8,950	-8,816	-0,069	0,086	0,166	0,310	0,328	0,307	0,296	0,276	0,262	0,251	0,262	0,274	0,285	0,281	0,214	0,000	0,000
10,000	-9,607	-9,612	-9,503	-9,365	-9,272	-9,238	-9,209	-9,193	-9,176	-9,172	-9,154	-9,119	-9,059	-8,971	-8,863	-0,076	0,128	0,161	0,201	0,171	0,145	0,136	0,123	0,115	0,129	0,141	0,166	0,193	0,204	0,163	0,000	0,000
11,000	-10,116	-10,023	-9,985	-9,853	-9,768	-9,715	-9,681	-9,662	-9,623	-9,606	-9,570	-9,519	-9,465	-9,354	-9,230	0,081	0,141	0,162	0,207	0,204	0,172	0,166	0,161	0,158	0,166	0,186	0,213	0,230	0,244	0,186	0,000	0,000
12,000	-14,559	-14,597	-14,524	-14,484	-14,432	-14,411	-14,403	-14,395	-14,374	-14,385	-14,360	-14,322	-14,267	-14,155	-14,013	-0,056	0,053	0,060	0,100	0,096	0,077	0,080	0,086	0,091	0,099	0,135	0,178	0,220	0,243	0,191	0,000	0,000
13,000	-8,508	-8,609	-8,576	-8,608	-8,590	-8,580	-8,569	-8,551	-8,532	-8,501	-8,444	-8,368	-8,266	-8,115	-7,908	-0,111	-0,045	-0,025	0,009	0,051	0,077	0,102	0,127	0,159	0,195	0,250	0,302	0,351	0,372	0,294	0,000	0,000
14,000	-11,855	-11,778	-11,808	-11,762	-11,763	-11,725	-11,705	-11,713	-11,689	-11,682	-11,665	-11,620	-11,534	-11,398	-11,210	-0,130	-0,093	-0,019	0,043	0,049	0,057	0,074	0,078	0,094	0,126	0,180	0,232	0,288	0,329	0,276	0,000	0,000
15,000	-8,915	-9,070	-8,954	-8,986	-8,945	-8,937	-8,932	-8,917	-8,899	-8,897	-8,871	-8,851	-8,800	-8,725	-8,635	-0,250	-0,008	-0,030	0,032	0,041	0,056	0,058	0,070	0,070	0,093	0,114	0,128	0,156	0,165	0,131	0,000	0,000
	run	22	2022:11:08    11:05:35,885
0,000	-12,897	-12,978	-12,987	-13,073	-13,087	-13,106	-13,104	-13,110	-13,105	-13,118	-13,103	-13,072	-13,026	-12,933	-12,817	-0,224	-0,148	-0,136	-0,088	-0,067	-0,040	-0,019	0,001	0,023	0,049	0,083	0,125	0,170	0,193	0,156	0,000	0,000
1,000	-16,649	-16,648	-16,567	-16,393	-16,258	-16,157	-16,099	-16,056	-16,015	-15,985	-15,935	-15,890	-15,840	-15,747	-15,635	0,000	0,144	0,205	0,308	0,312	0,277	0,269	0,238	0,222	0,207	0,212	0,213	0,221	0,236	0,177	0,000	0,000
2,000	-10,240	-10,249	-10,203	-10,075	-9,968	-9,890	-9,849	-9,808	-9,756	-9,727	-9,660	-9,588	-9,493	-9,339	-9,165	0,031	0,098	0,151	0,245	0,255	0,235	0,246	0,242	0,247	0,249	0,288	0,319	0,345	0,353	0,265	0,000	0,000
3,000	-20,746	-20,751	-20,682	-20,370	-20,161	-20,028	-19,961	-19,898	-19,853	-19,836	-19,797	-19,761	-19,705	-19,595	-19,459	0,051	0,237	0,331	0,469	0,449	0,375	0,330	0,288	0,256	0,219	0,217	0,231	0,242	0,257	0,188	0,000	0,000
4,000	-11,429	-11,554	-11,472	-11,474	-11,435	-11,437	-11,445	-11,439	-11,436	-11,416	-11,382	-11,311	-11,173	-10,954	-10,670	-0,437	-0,090	-0,086	0,001	0,019	0,051	0,072	0,088	0,115	0,189	0,276	0,358	0,448	0,508	0,415	0,000	0,000
5,000	-11,077	-10,821	-10,945	-10,906	-10,909	-10,882	-10,859	-10,856	-10,835	-10,825	-10,794	-10,721	-10,633	-10,468	-10,253	0,731	0,243	0,180	0,125	0,104	0,094	0,109	0,120	0,142	0,168	0,223	0,281	0,334	0,373	0,298	0,000	0,000
6,000	-3,911	-3,571	-3,399	-3,266	-3,204	-3,166	-3,154	-3,128	-3,116	-3,093	-3,062	-3,018	-2,949	-2,836	-2,687	1,798	1,093	0,789	0,436	0,324	0,245	0,212	0,192	0,178	0,177	0,205	0,231	0,257	0,279	0,223	0,000	0,000
7,000	-4,812	-4,514	-4,437	-4,305	-4,250	-4,227	-4,203	-4,196	-4,184	-4,180	-4,167	-4,149	-4,133	-4,100	-4,057	1,043	0,649	0,491	0,294	0,211	0,152	0,130	0,107	0,095	0,076	0,076	0,082	0,085	0,087	0,062	0,000	0,000
8,000	-20,856	-21,117	-21,154	-21,318	-21,325	-21,388	-21,428	-21,466	-21,491	-21,559	-21,577	-21,608	-21,627	-21,603	-21,568	-0,622	-0,379	-0,347	-0,239	-0,200	-0,198	-0,190	-0,178	-0,156	-0,147	-0,103	-0,060	-0,033	0,013	0,031	0,000	0,000
9,000	-9,692	-9,679	-9,616	-9,459	-9,319	-9,205	-9,138	-9,091	-9,029	-8,991	-8,933	-8,872	-8,792	-8,678	-8,539	-0,078	0,084	0,158	0,300	0,329	0,306	0,297	0,277	0,260	0,249	0,268	0,279	0,283	0,278	0,214	0,000	0,000
10,000	-9,616	-9,616	-9,503	-9,358	-9,266	-9,226	-9,205	-9,189	-9,172	-9,167	-9,149	-9,110	-9,061	-8,973	-8,872	-0,088	0,135	0,159	0,199	0,170	0,148	0,132	0,119	0,109	0,121	0,138	0,156	0,188	0,196	0,154	0,000	0,000
11,000	-10,114	-10,024	-9,987	-9,851	-9,773	-9,721	-9,686	-9,667	-9,632	-9,620	-9,582	-9,533	-9,470	-9,370	-9,248	0,084	0,134	0,156	0,203	0,198	0,168	0,167	0,159	0,159	0,164	0,181	0,209	0,231	0,243	0,183	0,000	0,000
12,000	-14,466	-14,502	-14,444	-14,401	-14,331	-14,314	-14,305	-14,297	-14,279	-14,290	-14,262	-14,227	-14,168	-14,062	-13,928	-0,043	0,050	0,071	0,100	0,091	0,078	0,078	0,088	0,090	0,100	0,133	0,183	0,214	0,235	0,188	0,000	0,000
13,000	-8,478	-8,583	-8,540	-8,579	-8,562	-8,549	-8,541	-8,518	-8,498	-8,463	-8,412	-8,340	-8,243	-8,079	-7,878	-0,110	-0,048	-0,032	0,011	0,047	0,078	0,100	0,127	0,156	0,193	0,245	0,312	0,346	0,370	0,299	0,000	0,000
14,000	-11,746	-11,675	-11,702	-11,659	-11,646	-11,626	-11,601	-11,600	-11,586	-11,577	-11,570	-11,504	-11,443	-11,299	-11,113	-0,138	-0,077	-0,029	0,039	0,059	0,062	0,068	0,070	0,089	0,115	0,167	0,208	0,286	0,322	0,267	0,000	0,000
15,000	-8,918	-9,085	-8,976	-8,998	-8,956	-8,952	-8,943	-8,933	-8,914	-8,911	-8,889	-8,861	-8,815	-8,739	-8,654	-0,253	-0,019	-0,037	0,026	0,036	0,052	0,053	0,067	0,074	0,088	0,107	0,124	0,156	0,163	0,135	0,000	0,000
	run	23	2022:11:08    11:05:35,933
0,000	-12,883	-12,967	-12,980	-13,052	-13,070	-13,083	-13,092	-13,093	-13,092	-13,092	-13,087	-13,059	-13,006	-12,919	-12,810	-0,208	-0,160	-0,135	-0,090	-0,066	-0,037	-0,021	-0,003	0,024	0,047	0,081	0,123	0,170	0,192	0,155	0,000	0,000
1,000	-16,489	-16,500	-16,419	-16,265	-16,140	-16,045	-15,989	-15,942	-15,905	-15,868	-15,824	-15,779	-15,726	-15,627	-15,511	-0,014	0,118	0,181	0,279	0,298	0,265	0,261	0,228	0,220	0,206	0,214	0,222	0,226	0,233	0,180	0,000	0,000
2,000	-10,240	-10,249	-10,203	-10,075	-9,968	-9,890	-9,849	-9,808	-9,756	-9,727	-9,660	-9,588	-9,493	-9,339	-9,165	0,031	0,098	0,151	0,245	0,255	0,235	0,246	0,242	0,247	0,249	0,288	0,319	0,345	0,353	0,265	0,000	0,000
3,000	-20,746	-20,751	-20,682	-20,370	-20,161	-20,028	-19,961	-19,898	-19,853	-19,836	-19,797	-19,761	-19,705	-19,595	-19,459	0,051	0,237	0,331	0,469	0,449	0,375	0,330	0,288	0,256	0,219	0,217	0,231	0,242	0,257	0,188	0,000	0,000
4,000	-11,429	-11,554	-11,472	-11,474	-11,435	-11,437	-11,445	-11,439	-11,436	-11,416	-11,382	-11,311	-11,173	-10,954	-10,670	-0,437	-0,090	-0,086	0,001	0,019	0,051	0,072	0,088	0,115	0,189	0,276	0,358	0,448	0,508	0,415	0,000	0,000
5,000	-11,077	-10,821	-10,945	-10,906	-10,909	-10,882	-10,859	-10,856	-10,835	-10,825	-10,794	-10,721	-10,633	-10,468	-10,253	0,731	0,243	0,180	0,125	0,104	0,094	0,109	0,120	0,142	0,168	0,223	0,281	0,334	0,373	0,298	0,000	0,000
6,000	-3,911	-3,571	-3,399	-3,266	-3,204	-3,166	-3,154	-3,128	-3,116	-3,093	-3,062	-3,018	-2,949	-2,836	-2,687	1,798	1,093	0,789	0,436	0,324	0,245	0,212	0,192	0,178	0,177	0,205	0,231	0,257	0,279	0,223	0,000	0,000
7,000	-4,812	-4,514	-4,437	-4,305	-4,250	-4,227	-4,203	-4,196	-4,184	-4,180	-4,167	-4,149	-4,133	-4,100	-4,057	1,043	0,649	0,491	0,294	0,211	0,152	0,130	0,107	0,095	0,076	0,076	0,082	0,085	0,087	0,062	0,000	0,000
8,000	-20,713	-20,963	-21,009	-21,144	-21,164	-21,218	-21,265	-21,290	-21,326	-21,385	-21,412	-21,440	-21,453	-21,427	-21,395	-0,611	-0,381	-0,332	-0,224	-0,194	-0,202	-0,181	-0,176	-0,148	-0,139	-0,102	-0,064	-0,027	0,010	0,025	0,000	0,000
9,000	-9,770	-9,734	-9,666	-9,481	-9,347	-9,228	-9,163	-9,110	-9,058	-9,017	-8,964	-8,907	-8,831	-8,719	-8,585	-0,017	0,113	0,197	0,334	0,343	0,315	0,301	0,276	0,263	0,248	0,255	0,272	0,286	0,278	0,211	0,000	0,000
10,000	-9,861	-9,852	-9,732	-9,589	-9,497	-9,457	-9,437	-9,419	-9,401	-9,401	-9,380	-9,346	-9,290	-9,199	-9,094	-0,076	0,138	0,164	0,215	0,176	0,151	0,136	0,124	0,116	0,124	0,141	0,159	0,190	0,200	0,158	0,000	0,000
11,000	-10,091	-10,009	-9,969	-9,832	-9,750	-9,693	-9,668	-9,642	-9,608	-9,596	-9,556	-9,512	-9,449	-9,345	-9,230	0,093	0,136	0,174	0,212	0,206	0,171	0,166	0,156	0,159	0,164	0,184	0,214	0,227	0,236	0,183	0,000	0,000
12,000	-14,268	-14,310	-14,245	-14,205	-14,150	-14,130	-14,123	-14,106	-14,098	-14,104	-14,082	-14,045	-13,990	-13,876	-13,746	-0,057	0,054	0,063	0,093	0,085	0,074	0,073	0,075	0,085	0,093	0,131	0,175	0,211	0,236	0,185	0,000	0,000
13,000	-8,457	-8,561	-8,518	-8,553	-8,541	-8,528	-8,520	-8,502	-8,477	-8,444	-8,387	-8,318	-8,214	-8,056	-7,858	-0,105	-0,047	-0,030	0,014	0,046	0,076	0,100	0,126	0,150	0,199	0,250	0,301	0,346	0,365	0,294	0,000	0,000
14,000	-11,933	-11,859	-11,884	-11,855	-11,836	-11,812	-11,787	-11,795	-11,780	-11,771	-11,747	-11,698	-11,622	-11,477	-11,290	-0,130	-0,081	-0,034	0,033	0,048	0,056	0,073	0,077	0,099	0,118	0,164	0,228	0,294	0,337	0,274	0,000	0,000
15,000	-8,876	-9,108	-8,948	-8,993	-8,937	-8,939	-8,934	-8,919	-8,902	-8,901	-8,879	-8,852	-8,804	-8,733	-8,649	-0,315	-0,007	-0,032	0,025	0,036	0,053	0,056	0,068	0,072	0,092	0,104	0,125	0,149	0,162	0,129	0,000	0,000
	run	24	2022:11:08    11:05:36,033
0,000	-13,120	-13,207	-13,209	-13,301	-13,317	-13,332	-13,340	-13,345	-13,343	-13,349	-13,337	-13,307	-13,260	-13,161	-13,047	-0,212	-0,163	-0,136	-0,100	-0,068	-0,041	-0,020	0,000	0,021	0,048	0,087	0,133	0,175	0,199	0,162	0,000	0,000
1,000	-17,119	-17,093	-16,998	-16,802	-16,660	-16,549	-16,491	-16,438	-16,401	-16,366	-16,320	-16,284	-16,221	-16,121	-16,004	0,022	0,168	0,228	0,332	0,338	0,302	0,281	0,247	0,228	0,220	0,221	0,229	0,238	0,240	0,181	0,000	0,000
2,000	-10,444	-10,468	-10,417	-10,277	-10,169	-10,094	-10,049	-10,009	-9,959	-9,924	-9,863	-9,779	-9,683	-9,523	-9,343	0,013	0,114	0,156	0,257	0,260	0,244	0,245	0,242	0,249	0,262	0,293	0,332	0,358	0,370	0,279	0,000	0,000
3,000	-20,926	-20,933	-20,839	-20,523	-20,301	-20,165	-20,096	-20,035	-19,986	-19,975	-19,931	-19,894	-19,837	-19,724	-19,597	0,076	0,268	0,357	0,486	0,470	0,387	0,338	0,293	0,261	0,218	0,217	0,233	0,251	0,256	0,189	0,000	0,000
4,000	-11,316	-11,453	-11,380	-11,382	-11,352	-11,355	-11,349	-11,355	-11,349	-11,331	-11,288	-11,220	-11,080	-10,864	-10,573	-0,416	-0,097	-0,092	-0,000	0,015	0,051	0,069	0,084	0,117	0,190	0,267	0,354	0,452	0,506	0,419	0,000	0,000
5,000	-10,886	-10,617	-10,741	-10,710	-10,715	-10,686	-10,661	-10,664	-10,631	-10,629	-10,591	-10,529	-10,442	-10,277	-10,073	0,733	0,244	0,185	0,121	0,102	0,089	0,107	0,115	0,138	0,162	0,218	0,275	0,333	0,370	0,292	0,000	0,000
6,000	-3,863	-3,543	-3,371	-3,242	-3,175	-3,131	-3,121	-3,099	-3,085	-3,062	-3,027	-2,991	-2,918	-2,804	-2,655	1,788	1,080	0,783	0,436	0,320	0,244	0,217	0,183	0,181	0,178	0,191	0,230	0,257	0,281	0,217	0,000	0,000
7,000	-4,708	-4,436	-4,351	-4,220	-4,173	-4,149	-4,140	-4,129	-4,111	-4,113	-4,104	-4,089	-4,071	-4,038	-4,000	1,030	0,623	0,469	0,286	0,204	0,145	0,120	0,102	0,086	0,070	0,074	0,074	0,078	0,078	0,058	0,000	0,000
8,000	-20,257	-20,489	-20,536	-20,657	-20,663	-20,731	-20,766	-20,798	-20,832	-20,890	-20,918	-20,944	-20,964	-20,937	-20,905	-0,584	-0,356	-0,316	-0,222	-0,183	-0,195	-0,180	-0,170	-0,152	-0,140	-0,098	-0,067	-0,031	0,017	0,023	0,000	0,000
9,000	-9,842	-9,858	-9,811	-9,672	-9,536	-9,421	-9,362	-9,306	-9,250	-9,211	-9,157	-9,098	-9,023	-8,908	-8,776	-0,065	0,049	0,143	0,289	0,316	0,298	0,291	0,269	0,258	0,240	0,254	0,278	0,275	0,268	0,206	0,000	0,000
10,000	-9,614	-9,618	-9,496	-9,345	-9,264	-9,223	-9,195	-9,181	-9,168	-9,168	-9,143	-9,115	-9,056	-8,967	-8,867	-0,083	0,136	0,154	0,212	0,176	0,148	0,134	0,124	0,110	0,118	0,138	0,156	0,186	0,192	0,157	0,000	0,000
11,000	-10,180	-10,089	-10,061	-9,933	-9,848	-9,790	-9,759	-9,737	-9,708	-9,700	-9,659	-9,605	-9,548	-9,445	-9,325	0,069	0,125	0,152	0,203	0,193	0,166	0,164	0,156	0,157	0,163	0,183	0,207	0,226	0,237	0,182	0,000	0,000
12,000	-14,459	-14,494	-14,430	-14,392	-14,333	-14,313	-14,304	-14,289	-14,278	-14,285	-14,255	-14,218	-14,168	-14,054	-13,921	-0,044	0,048	0,067	0,097	0,096	0,078	0,083	0,082	0,089	0,098	0,133	0,183	0,216	0,235	0,187	0,000	0,000
13,000	-8,467	-8,565	-8,523	-8,560	-8,544	-8,535	-8,524	-8,503	-8,485	-8,450	-8,397	-8,321	-8,217	-8,070	-7,863	-0,113	-0,045	-0,030	0,011	0,043	0,077	0,101	0,125	0,156	0,198	0,248	0,302	0,344	0,372	0,293	0,000	0,000
14,000	-11,876	-11,827	-11,847	-11,815	-11,802	-11,780	-11,757	-11,749	-11,738	-11,742	-11,711	-11,672	-11,593	-11,448	-11,259	-0,153	-0,089	-0,033	0,040	0,052	0,054	0,069	0,080	0,095	0,120	0,165	0,229	0,299	0,325	0,271	0,000	0,000
15,000	-8,961	-9,127	-9,020	-9,040	-8,995	-8,996	-8,987	-8,977	-8,955	-8,951	-8,931	-8,904	-8,854	-8,778	-8,690	-0,253	-0,012	-0,022	0,032	0,038	0,054	0,057	0,067	0,074	0,091	0,111	0,128	0,160	0,166	0,132	0,000	0,000
	run	25	2022:11:08    11:05:36,086
0,000	-13,120	-13,207	-13,209	-13,301	-13,317	-13,332	-13,340	-13,345	-13,343	-13,349	-13,337	-13,307	-13,260	-13,161	-13,047	-0,212	-0,163	-0,136	-0,100	-0,068	-0,041	-0,020	0,000	0,021	0,048	0,087	0,133	0,175	0,199	0,162	0,000	0,000
1,000	-17,119	-17,093	-16,998	-16,802	-16,660	-16,549	-16,491	-16,438	-16,401	-16,366	-16,320	-16,284	-16,221	-16,121	-16,004	0,022	0,168	0,228	0,332	0,338	0,302	0,281	0,247	0,228	0,220	0,221	0,229	0,238	0,240	0,181	0,000	0,000
2,000	-10,444	-10,468	-10,417	-10,277	-10,169	-10,094	-10,049	-10,009	-9,959	-9,924	-9,863	-9,779	-9,683	-9,523	-9,343	0,013	0,114	0,156	0,257	0,260	0,244	0,245	0,242	0,249	0,262	0,293	0,332	0,358	0,370	0,279	0,000	0,000
3,000	-20,926	-20,933	-20,839	-20,523	-20,301	-20,165	-20,096	-20,035	-19,986	-19,975	-19,931	-19,894	-19,837	-19,724	-19,597	0,076	0,268	0,357	0,486	0,470	0,387	0,338	0,293	0,261	0,218	0,217	0,233	0,251	0,256	0,189	0,000	0,000
4,000	-11,316	-11,453	-11,380	-11,382	-11,352	-11,355	-11,349	-11,355	-11,349	-11,331	-11,288	-11,220	-11,080	-10,864	-10,573	-0,416	-0,097	-0,092	-0,000	0,015	0,051	0,069	0,084	0,117	0,190	0,267	0,354	0,452	0,506	0,419	0,000	0,000
5,000	-10,886	-10,617	-10,741	-10,710	-10,715	-10,686	-10,661	-10,664	-10,631	-10,629	-10,591	-10,529	-10,442	-10,277	-10,073	0,733	0,244	0,185	0,121	0,102	0,089	0,107	0,115	0,138	0,162	0,218	0,275	0,333	0,370	0,292	0,000	0,000
6,000	-3,883	-3,565	-3,391	-3,259	-3,196	-3,165	-3,144	-3,124	-3,106	-3,090	-3,063	-3,016	-2,954	-2,842	-2,697	1,791	1,080	0,771	0,427	0,317	0,244	0,212	0,187	0,171	0,171	0,188	0,219	0,250	0,265	0,213	0,000	0,000
7,000	-4,722	-4,446	-4,382	-4,249	-4,198	-4,166	-4,161	-4,151	-4,136	-4,140	-4,132	-4,117	-4,101	-4,074	-4,042	1,019	0,616	0,467	0,273	0,200	0,147	0,123	0,098	0,083	0,065	0,069	0,067	0,066	0,073	0,049	0,000	0,000
8,000	-20,183	-20,414	-20,439	-20,555	-20,562	-20,612	-20,654	-20,685	-20,718	-20,773	-20,798	-20,818	-20,835	-20,814	-20,782	-0,566	-0,326	-0,290	-0,191	-0,171	-0,177	-0,172	-0,160	-0,141	-0,133	-0,095	-0,049	-0,026	0,015	0,026	0,000	0,000
9,000	-9,414	-9,427	-9,405	-9,295	-9,182	-9,081	-9,020	-8,974	-8,918	-8,876	-8,827	-8,774	-8,697	-8,592	-8,466	-0,086	0,016	0,089	0,240	0,276	0,266	0,263	0,249	0,239	0,230	0,238	0,254	0,258	0,264	0,197	0,000	0,000
10,000	-9,306	-9,318	-9,216	-9,103	-9,019	-8,979	-8,958	-8,947	-8,930	-8,926	-8,906	-8,872	-8,819	-8,733	-8,637	-0,091	0,103	0,136	0,169	0,150	0,133	0,121	0,115	0,102	0,113	0,129	0,150	0,185	0,190	0,151	0,000	0,000
11,000	-9,965	-9,891	-9,857	-9,734	-9,657	-9,609	-9,576	-9,556	-9,527	-9,509	-9,473	-9,426	-9,364	-9,265	-9,146	0,065	0,123	0,137	0,198	0,189	0,161	0,158	0,149	0,155	0,160	0,181	0,207	0,222	0,233	0,182	0,000	0,000
12,000	-14,377	-14,413	-14,361	-14,311	-14,253	-14,237	-14,224	-14,214	-14,195	-14,210	-14,183	-14,143	-14,090	-13,976	-13,846	-0,050	0,055	0,064	0,101	0,093	0,078	0,080	0,077	0,088	0,099	0,128	0,174	0,213	0,237	0,190	0,000	0,000
13,000	-8,511	-8,613	-8,566	-8,607	-8,594	-8,583	-8,575	-8,552	-8,532	-8,500	-8,440	-8,378	-8,272	-8,114	-7,913	-0,116	-0,049	-0,030	0,012	0,046	0,075	0,102	0,123	0,153	0,197	0,248	0,300	0,345	0,365	0,291	0,000	0,000
14,000	-11,935	-11,850	-11,874	-11,830	-11,817	-11,794	-11,776	-11,767	-11,761	-11,749	-11,729	-11,676	-11,601	-11,460	-11,255	-0,150	-0,091	-0,023	0,043	0,059	0,057	0,072	0,083	0,094	0,124	0,171	0,236	0,296	0,338	0,283	0,000	0,000
15,000	-9,155	-9,329	-9,201	-9,229	-9,178	-9,174	-9,169	-9,154	-9,133	-9,127	-9,104	-9,073	-9,023	-8,943	-8,857	-0,267	-0,010	-0,028	0,032	0,048	0,057	0,062	0,077	0,079	0,094	0,120	0,140	0,167	0,178	0,138	0,000	0,000
