Device: PM2003001		2022:11:08    10:54:25,778  (DLL version: 1.20;  Status: HW:v1.02 SW:v1.3 CRC:31ED BATTERY:4154mV ST:0 ERR:0000;  MUX data; S: 92 I:143 R:200.000 C:1.094p F:)
Excitation level, V:	2,00
Voltage Channel Gain:	5
Current Channel Gain:	1
Voltmeter Range, V:	0,6
Ampermeter Range, A:	15,0m
Step Period, ms:	5
R transimp:	200
C transimp:	1,1p
Measurement Table: 	EEPROM  16

Freq, Hz	1,0k	2,0k	3,0k	7,0k	11,0k	17,0k	23,0k	31,0k	43,0k	61,0k	89,0k	127,0k	179,0k	251,0k	349,0k	1,0k	2,0k	3,0k	7,0k	11,0k	17,0k	23,0k	31,0k	43,0k	61,0k	89,0k	127,0k	179,0k	251,0k	349,0k
	run	1	2022:11:08    10:54:25,793
MUX	Re1, ohm	Re2, ohm	Re3, ohm	Re4, ohm	Re5, ohm	Re6, ohm	Re7, ohm	Re8, ohm	Re9, ohm	Re10, ohm	Re11, ohm	Re12, ohm	Re13, ohm	Re14, ohm	Re15, ohm	Im1, ohm	Im2, ohm	Im3, ohm	Im4, ohm	Im5, ohm	Im6, ohm	Im7, ohm	Im8, ohm	Im9, ohm	Im10, ohm	Im11, ohm	Im12, ohm	Im13, ohm	Im14, ohm	Im15, ohm	U, V	I, mA

0,000	-12,654	-12,743	-12,758	-12,826	-12,839	-12,855	-12,856	-12,856	-12,857	-12,865	-12,856	-12,825	-12,780	-12,689	-12,583	-0,151	-0,126	-0,114	-0,081	-0,058	-0,032	-0,012	-0,001	0,021	0,045	0,080	0,123	0,163	0,187	0,150	0,000	0,000
1,000	-16,325	-16,295	-16,206	-16,034	-15,911	-15,816	-15,767	-15,719	-15,678	-15,650	-15,607	-15,581	-15,519	-15,431	-15,330	0,024	0,156	0,216	0,297	0,308	0,266	0,257	0,220	0,209	0,191	0,195	0,208	0,212	0,216	0,165	0,000	0,000
2,000	-9,760	-9,769	-9,737	-9,634	-9,549	-9,475	-9,437	-9,400	-9,356	-9,327	-9,268	-9,212	-9,115	-8,981	-8,821	0,019	0,081	0,120	0,207	0,223	0,211	0,217	0,210	0,220	0,229	0,257	0,288	0,311	0,319	0,247	0,000	0,000
3,000	-19,398	-19,410	-19,358	-19,120	-18,934	-18,815	-18,752	-18,697	-18,647	-18,637	-18,599	-18,561	-18,506	-18,403	-18,290	0,048	0,195	0,259	0,385	0,385	0,328	0,298	0,260	0,230	0,202	0,198	0,216	0,222	0,235	0,176	0,000	0,000
4,000	-10,760	-10,878	-10,784	-10,778	-10,734	-10,746	-10,734	-10,729	-10,728	-10,713	-10,679	-10,602	-10,471	-10,249	-9,965	-0,303	-0,014	-0,016	0,040	0,049	0,071	0,081	0,092	0,128	0,185	0,264	0,347	0,446	0,499	0,415	0,000	0,000
5,000	-12,259	-12,160	-12,348	-12,361	-12,373	-12,352	-12,330	-12,336	-12,312	-12,304	-12,252	-12,168	-12,035	-11,794	-11,474	-0,012	-0,206	-0,137	-0,027	0,009	0,031	0,074	0,107	0,150	0,202	0,286	0,388	0,492	0,546	0,448	0,000	0,000
6,000	-7,371	-7,131	-6,939	-6,751	-6,633	-6,570	-6,533	-6,497	-6,457	-6,435	-6,387	-6,344	-6,281	-6,189	-6,084	0,730	0,614	0,509	0,403	0,340	0,277	0,254	0,226	0,209	0,198	0,205	0,217	0,222	0,223	0,172	0,000	0,000
7,000	-3,543	-3,265	-3,171	-3,035	-2,986	-2,965	-2,947	-2,941	-2,928	-2,921	-2,913	-2,903	-2,883	-2,859	-2,822	1,353	0,800	0,588	0,329	0,240	0,163	0,140	0,110	0,092	0,082	0,072	0,069	0,069	0,073	0,052	0,000	0,000
8,000	-16,519	-16,276	-16,164	-16,137	-16,106	-16,138	-16,159	-16,186	-16,214	-16,261	-16,288	-16,317	-16,338	-16,332	-16,320	1,496	0,869	0,569	0,226	0,110	0,028	-0,014	-0,044	-0,069	-0,078	-0,069	-0,048	-0,035	-0,008	0,007	0,000	0,000
9,000	-10,504	-10,422	-10,345	-10,120	-9,972	-9,855	-9,790	-9,735	-9,677	-9,635	-9,588	-9,537	-9,467	-9,377	-9,272	0,025	0,171	0,240	0,357	0,361	0,328	0,308	0,281	0,260	0,241	0,240	0,244	0,240	0,231	0,170	0,000	0,000
10,000	-10,608	-10,600	-10,450	-10,266	-10,149	-10,107	-10,079	-10,067	-10,051	-10,048	-10,028	-10,005	-9,950	-9,874	-9,778	-0,189	0,129	0,184	0,242	0,204	0,161	0,139	0,123	0,111	0,118	0,127	0,142	0,168	0,183	0,142	0,000	0,000
11,000	-10,729	-10,660	-10,631	-10,491	-10,411	-10,352	-10,324	-10,303	-10,267	-10,256	-10,214	-10,176	-10,113	-10,008	-9,888	-0,015	0,070	0,130	0,199	0,190	0,165	0,165	0,156	0,159	0,160	0,183	0,205	0,224	0,231	0,176	0,000	0,000
12,000	-15,128	-15,203	-15,148	-15,114	-15,059	-15,039	-15,028	-15,016	-14,997	-15,011	-14,980	-14,947	-14,891	-14,774	-14,635	-0,189	-0,034	0,021	0,075	0,073	0,073	0,078	0,077	0,090	0,098	0,140	0,195	0,216	0,247	0,197	0,000	0,000
13,000	-8,749	-8,894	-8,835	-8,888	-8,865	-8,857	-8,846	-8,823	-8,803	-8,772	-8,712	-8,646	-8,534	-8,370	-8,159	-0,164	-0,078	-0,052	-0,003	0,042	0,079	0,100	0,128	0,159	0,196	0,253	0,306	0,362	0,383	0,307	0,000	0,000
14,000	-11,971	-11,884	-11,947	-11,904	-11,889	-11,868	-11,846	-11,839	-11,826	-11,822	-11,807	-11,760	-11,684	-11,543	-11,334	-0,090	-0,070	-0,029	0,053	0,058	0,063	0,078	0,071	0,095	0,118	0,171	0,224	0,292	0,340	0,266	0,000	0,000
15,000	-8,838	-8,944	-8,851	-8,865	-8,824	-8,822	-8,811	-8,804	-8,787	-8,786	-8,763	-8,731	-8,686	-8,612	-8,526	-0,180	0,020	-0,005	0,035	0,042	0,057	0,061	0,067	0,071	0,090	0,105	0,128	0,156	0,170	0,132	0,000	0,000
	run	2	2022:11:08    10:54:25,879
0,000	-12,722	-12,797	-12,802	-12,882	-12,894	-12,901	-12,913	-12,913	-12,914	-12,916	-12,905	-12,879	-12,834	-12,741	-12,634	-0,164	-0,120	-0,113	-0,082	-0,059	-0,034	-0,013	0,000	0,022	0,048	0,078	0,122	0,162	0,189	0,150	0,000	0,000
1,000	-16,271	-16,242	-16,171	-15,993	-15,864	-15,766	-15,716	-15,676	-15,634	-15,602	-15,562	-15,530	-15,472	-15,390	-15,286	0,047	0,169	0,211	0,292	0,306	0,269	0,257	0,223	0,204	0,195	0,194	0,199	0,208	0,210	0,168	0,000	0,000
2,000	-9,696	-9,704	-9,665	-9,583	-9,489	-9,416	-9,377	-9,342	-9,297	-9,270	-9,214	-9,156	-9,057	-8,926	-8,771	0,006	0,077	0,121	0,201	0,221	0,209	0,213	0,203	0,217	0,227	0,256	0,288	0,309	0,315	0,246	0,000	0,000
3,000	-19,063	-19,098	-19,054	-18,828	-18,653	-18,532	-18,469	-18,411	-18,360	-18,344	-18,310	-18,264	-18,219	-18,108	-17,991	0,039	0,169	0,232	0,374	0,378	0,332	0,297	0,259	0,235	0,205	0,206	0,220	0,227	0,233	0,180	0,000	0,000
4,000	-10,487	-10,591	-10,488	-10,464	-10,426	-10,430	-10,428	-10,423	-10,421	-10,400	-10,363	-10,303	-10,174	-9,970	-9,688	-0,304	0,003	-0,008	0,046	0,044	0,073	0,079	0,093	0,116	0,178	0,263	0,335	0,429	0,474	0,398	0,000	0,000
5,000	-12,153	-12,058	-12,237	-12,268	-12,288	-12,261	-12,248	-12,246	-12,212	-12,210	-12,165	-12,079	-11,944	-11,702	-11,394	-0,015	-0,211	-0,150	-0,027	0,007	0,028	0,070	0,107	0,154	0,200	0,285	0,385	0,479	0,535	0,443	0,000	0,000
6,000	-7,481	-7,244	-7,059	-6,856	-6,735	-6,665	-6,628	-6,588	-6,552	-6,526	-6,483	-6,435	-6,381	-6,283	-6,175	0,754	0,636	0,531	0,409	0,348	0,283	0,261	0,231	0,213	0,207	0,209	0,218	0,226	0,224	0,167	0,000	0,000
7,000	-3,556	-3,249	-3,144	-3,025	-2,974	-2,951	-2,936	-2,931	-2,914	-2,908	-2,897	-2,891	-2,875	-2,848	-2,815	1,345	0,804	0,593	0,334	0,235	0,166	0,136	0,113	0,089	0,074	0,066	0,061	0,067	0,067	0,051	0,000	0,000
8,000	-16,484	-16,261	-16,147	-16,155	-16,114	-16,135	-16,167	-16,199	-16,228	-16,271	-16,300	-16,333	-16,351	-16,343	-16,334	1,454	0,840	0,540	0,205	0,102	0,015	-0,019	-0,057	-0,073	-0,083	-0,070	-0,053	-0,038	-0,001	0,007	0,000	0,000
9,000	-10,551	-10,473	-10,399	-10,180	-10,036	-9,913	-9,843	-9,792	-9,728	-9,694	-9,647	-9,587	-9,521	-9,432	-9,324	0,024	0,152	0,240	0,360	0,366	0,325	0,309	0,281	0,262	0,246	0,238	0,246	0,248	0,237	0,169	0,000	0,000
10,000	-10,645	-10,634	-10,469	-10,277	-10,169	-10,117	-10,088	-10,078	-10,059	-10,060	-10,041	-10,010	-9,952	-9,878	-9,777	-0,189	0,145	0,200	0,251	0,208	0,170	0,145	0,126	0,112	0,118	0,133	0,143	0,178	0,185	0,148	0,000	0,000
11,000	-10,854	-10,771	-10,760	-10,605	-10,523	-10,465	-10,438	-10,411	-10,380	-10,363	-10,327	-10,278	-10,216	-10,113	-9,991	-0,020	0,073	0,135	0,204	0,199	0,167	0,166	0,158	0,164	0,161	0,183	0,214	0,227	0,241	0,181	0,000	0,000
12,000	-15,285	-15,374	-15,308	-15,280	-15,220	-15,194	-15,191	-15,175	-15,164	-15,164	-15,145	-15,107	-15,047	-14,936	-14,795	-0,207	-0,030	0,008	0,074	0,080	0,068	0,077	0,080	0,088	0,104	0,142	0,174	0,223	0,251	0,200	0,000	0,000
13,000	-8,671	-8,816	-8,795	-8,837	-8,815	-8,805	-8,794	-8,777	-8,748	-8,722	-8,674	-8,599	-8,489	-8,323	-8,107	-0,173	-0,085	-0,067	-0,001	0,030	0,075	0,095	0,125	0,150	0,198	0,254	0,303	0,364	0,390	0,311	0,000	0,000
14,000	-11,763	-11,695	-11,759	-11,710	-11,697	-11,671	-11,655	-11,651	-11,630	-11,633	-11,615	-11,565	-11,483	-11,346	-11,146	-0,088	-0,094	-0,023	0,045	0,051	0,060	0,070	0,081	0,090	0,121	0,165	0,225	0,285	0,333	0,277	0,000	0,000
15,000	-8,802	-8,931	-8,836	-8,845	-8,805	-8,801	-8,791	-8,779	-8,766	-8,765	-8,741	-8,718	-8,662	-8,594	-8,507	-0,187	0,009	-0,007	0,042	0,045	0,052	0,062	0,069	0,077	0,091	0,113	0,126	0,153	0,162	0,133	0,000	0,000
	run	3	2022:11:08    10:54:25,928
0,000	-12,652	-12,727	-12,721	-12,801	-12,818	-12,831	-12,835	-12,832	-12,835	-12,840	-12,826	-12,802	-12,758	-12,663	-12,562	-0,160	-0,121	-0,120	-0,069	-0,058	-0,028	-0,017	0,001	0,025	0,042	0,079	0,129	0,165	0,183	0,151	0,000	0,000
1,000	-16,288	-16,259	-16,182	-16,013	-15,887	-15,785	-15,740	-15,693	-15,654	-15,632	-15,587	-15,544	-15,490	-15,406	-15,293	0,046	0,169	0,211	0,289	0,303	0,268	0,253	0,220	0,206	0,201	0,198	0,207	0,209	0,218	0,172	0,000	0,000
2,000	-9,696	-9,704	-9,665	-9,583	-9,489	-9,416	-9,377	-9,342	-9,297	-9,270	-9,214	-9,156	-9,057	-8,926	-8,771	0,006	0,077	0,121	0,201	0,221	0,209	0,213	0,203	0,217	0,227	0,256	0,288	0,309	0,315	0,246	0,000	0,000
3,000	-19,063	-19,098	-19,054	-18,828	-18,653	-18,532	-18,469	-18,411	-18,360	-18,344	-18,310	-18,264	-18,219	-18,108	-17,991	0,039	0,169	0,232	0,374	0,378	0,332	0,297	0,259	0,235	0,205	0,206	0,220	0,227	0,233	0,180	0,000	0,000
4,000	-10,487	-10,591	-10,488	-10,464	-10,426	-10,430	-10,428	-10,423	-10,421	-10,400	-10,363	-10,303	-10,174	-9,970	-9,688	-0,304	0,003	-0,008	0,046	0,044	0,073	0,079	0,093	0,116	0,178	0,263	0,335	0,429	0,474	0,398	0,000	0,000
5,000	-12,153	-12,058	-12,237	-12,268	-12,288	-12,261	-12,248	-12,246	-12,212	-12,210	-12,165	-12,079	-11,944	-11,702	-11,394	-0,015	-0,211	-0,150	-0,027	0,007	0,028	0,070	0,107	0,154	0,200	0,285	0,385	0,479	0,535	0,443	0,000	0,000
6,000	-7,481	-7,244	-7,059	-6,856	-6,735	-6,665	-6,628	-6,588	-6,552	-6,526	-6,483	-6,435	-6,381	-6,283	-6,175	0,754	0,636	0,531	0,409	0,348	0,283	0,261	0,231	0,213	0,207	0,209	0,218	0,226	0,224	0,167	0,000	0,000
7,000	-3,556	-3,249	-3,144	-3,025	-2,974	-2,951	-2,936	-2,931	-2,914	-2,908	-2,897	-2,891	-2,875	-2,848	-2,815	1,345	0,804	0,593	0,334	0,235	0,166	0,136	0,113	0,089	0,074	0,066	0,061	0,067	0,067	0,051	0,000	0,000
8,000	-16,583	-16,346	-16,239	-16,225	-16,186	-16,212	-16,245	-16,263	-16,296	-16,340	-16,367	-16,394	-16,413	-16,408	-16,391	1,471	0,846	0,561	0,222	0,114	0,025	-0,009	-0,045	-0,065	-0,076	-0,064	-0,043	-0,031	0,004	0,012	0,000	0,000
9,000	-10,490	-10,418	-10,357	-10,142	-9,995	-9,875	-9,808	-9,754	-9,698	-9,658	-9,613	-9,554	-9,491	-9,395	-9,287	0,033	0,142	0,226	0,349	0,354	0,323	0,305	0,280	0,258	0,242	0,239	0,241	0,243	0,231	0,169	0,000	0,000
10,000	-10,568	-10,552	-10,391	-10,191	-10,080	-10,034	-10,016	-9,997	-9,979	-9,983	-9,955	-9,935	-9,878	-9,804	-9,705	-0,171	0,162	0,211	0,254	0,208	0,169	0,144	0,131	0,111	0,116	0,132	0,148	0,178	0,181	0,146	0,000	0,000
11,000	-10,800	-10,714	-10,686	-10,535	-10,453	-10,392	-10,365	-10,343	-10,302	-10,295	-10,254	-10,212	-10,147	-10,041	-9,923	-0,026	0,090	0,139	0,202	0,199	0,166	0,167	0,154	0,155	0,163	0,181	0,205	0,225	0,239	0,182	0,000	0,000
12,000	-15,199	-15,277	-15,229	-15,197	-15,139	-15,119	-15,110	-15,102	-15,085	-15,093	-15,068	-15,035	-14,976	-14,868	-14,734	-0,193	-0,035	0,000	0,066	0,074	0,065	0,070	0,078	0,082	0,095	0,131	0,175	0,215	0,239	0,194	0,000	0,000
13,000	-8,705	-8,830	-8,792	-8,833	-8,814	-8,803	-8,787	-8,767	-8,748	-8,708	-8,658	-8,584	-8,478	-8,313	-8,096	-0,162	-0,073	-0,050	0,009	0,042	0,076	0,098	0,127	0,159	0,202	0,251	0,311	0,365	0,393	0,310	0,000	0,000
14,000	-11,789	-11,743	-11,790	-11,747	-11,735	-11,703	-11,689	-11,680	-11,668	-11,657	-11,643	-11,603	-11,522	-11,373	-11,182	-0,115	-0,080	-0,024	0,040	0,054	0,063	0,081	0,075	0,089	0,124	0,168	0,214	0,292	0,325	0,274	0,000	0,000
15,000	-8,769	-8,883	-8,793	-8,803	-8,759	-8,757	-8,752	-8,735	-8,720	-8,723	-8,697	-8,673	-8,623	-8,549	-8,466	-0,176	0,014	-0,005	0,037	0,043	0,053	0,058	0,065	0,066	0,090	0,109	0,123	0,151	0,161	0,135	0,000	0,000
	run	4	2022:11:08    10:54:26,042
0,000	-12,809	-12,873	-12,901	-12,970	-12,985	-13,004	-13,004	-13,011	-13,011	-13,010	-13,005	-12,976	-12,925	-12,835	-12,720	-0,156	-0,131	-0,125	-0,083	-0,064	-0,031	-0,009	0,003	0,020	0,044	0,080	0,130	0,171	0,190	0,158	0,000	0,000
1,000	-16,742	-16,709	-16,620	-16,430	-16,293	-16,193	-16,134	-16,092	-16,044	-16,016	-15,980	-15,939	-15,878	-15,792	-15,670	0,077	0,185	0,237	0,318	0,323	0,292	0,273	0,237	0,222	0,207	0,211	0,217	0,224	0,228	0,179	0,000	0,000
2,000	-10,265	-10,267	-10,223	-10,098	-9,987	-9,912	-9,866	-9,829	-9,785	-9,755	-9,697	-9,620	-9,524	-9,373	-9,193	0,046	0,104	0,156	0,242	0,253	0,242	0,241	0,234	0,241	0,250	0,284	0,321	0,342	0,353	0,271	0,000	0,000
3,000	-20,651	-20,617	-20,520	-20,202	-19,992	-19,858	-19,785	-19,728	-19,681	-19,669	-19,628	-19,591	-19,533	-19,428	-19,307	0,135	0,294	0,380	0,491	0,468	0,377	0,333	0,291	0,257	0,216	0,214	0,229	0,241	0,246	0,185	0,000	0,000
4,000	-10,905	-11,027	-10,941	-10,927	-10,894	-10,905	-10,900	-10,898	-10,892	-10,877	-10,843	-10,763	-10,617	-10,395	-10,093	-0,314	-0,007	-0,024	0,033	0,042	0,073	0,082	0,098	0,129	0,196	0,282	0,365	0,467	0,522	0,429	0,000	0,000
5,000	-12,513	-12,438	-12,631	-12,631	-12,643	-12,628	-12,608	-12,612	-12,582	-12,574	-12,520	-12,440	-12,299	-12,051	-11,728	-0,022	-0,209	-0,139	-0,016	0,011	0,030	0,075	0,110	0,149	0,205	0,299	0,395	0,501	0,555	0,456	0,000	0,000
6,000	-7,415	-7,173	-6,989	-6,788	-6,666	-6,597	-6,556	-6,525	-6,481	-6,463	-6,421	-6,375	-6,315	-6,221	-6,115	0,738	0,625	0,525	0,403	0,347	0,280	0,255	0,227	0,214	0,203	0,203	0,213	0,221	0,221	0,165	0,000	0,000
7,000	-3,532	-3,241	-3,152	-3,030	-2,978	-2,950	-2,934	-2,934	-2,919	-2,912	-2,905	-2,891	-2,878	-2,852	-2,824	1,357	0,782	0,586	0,321	0,235	0,158	0,132	0,109	0,092	0,074	0,068	0,067	0,065	0,068	0,049	0,000	0,000
8,000	-16,260	-16,049	-15,927	-15,901	-15,860	-15,889	-15,917	-15,945	-15,968	-16,019	-16,042	-16,074	-16,092	-16,082	-16,072	1,473	0,856	0,567	0,222	0,120	0,028	-0,010	-0,048	-0,061	-0,080	-0,063	-0,050	-0,036	-0,001	0,011	0,000	0,000
9,000	-10,356	-10,278	-10,217	-10,021	-9,884	-9,766	-9,697	-9,641	-9,585	-9,543	-9,497	-9,445	-9,382	-9,288	-9,189	-0,002	0,111	0,212	0,335	0,345	0,314	0,302	0,275	0,253	0,234	0,238	0,236	0,233	0,226	0,165	0,000	0,000
10,000	-10,417	-10,422	-10,273	-10,094	-9,992	-9,948	-9,919	-9,901	-9,883	-9,887	-9,864	-9,840	-9,788	-9,707	-9,617	-0,219	0,116	0,161	0,238	0,196	0,163	0,144	0,124	0,107	0,118	0,129	0,145	0,171	0,181	0,145	0,000	0,000
11,000	-10,667	-10,591	-10,574	-10,433	-10,352	-10,298	-10,267	-10,250	-10,212	-10,197	-10,165	-10,119	-10,057	-9,953	-9,843	-0,038	0,056	0,112	0,184	0,189	0,163	0,156	0,152	0,154	0,156	0,175	0,201	0,219	0,229	0,180	0,000	0,000
12,000	-15,028	-15,116	-15,060	-15,029	-14,965	-14,945	-14,942	-14,929	-14,913	-14,922	-14,894	-14,865	-14,809	-14,689	-14,564	-0,182	-0,023	0,015	0,071	0,074	0,067	0,073	0,078	0,084	0,097	0,133	0,171	0,215	0,237	0,189	0,000	0,000
13,000	-8,678	-8,814	-8,763	-8,818	-8,795	-8,783	-8,780	-8,755	-8,734	-8,702	-8,648	-8,572	-8,466	-8,305	-8,093	-0,173	-0,082	-0,050	0,002	0,042	0,073	0,099	0,126	0,155	0,195	0,253	0,308	0,363	0,388	0,307	0,000	0,000
14,000	-11,919	-11,819	-11,878	-11,830	-11,821	-11,790	-11,778	-11,769	-11,757	-11,762	-11,734	-11,691	-11,607	-11,466	-11,267	-0,090	-0,086	-0,019	0,047	0,055	0,061	0,075	0,077	0,087	0,113	0,169	0,228	0,292	0,332	0,279	0,000	0,000
15,000	-8,887	-8,996	-8,905	-8,910	-8,868	-8,867	-8,855	-8,852	-8,832	-8,827	-8,806	-8,776	-8,725	-8,653	-8,565	-0,185	0,015	-0,002	0,043	0,046	0,063	0,060	0,067	0,070	0,089	0,111	0,130	0,159	0,167	0,135	0,000	0,000
	run	5	2022:11:08    10:54:26,080
0,000	-12,809	-12,873	-12,901	-12,970	-12,985	-13,004	-13,004	-13,011	-13,011	-13,010	-13,005	-12,976	-12,925	-12,835	-12,720	-0,156	-0,131	-0,125	-0,083	-0,064	-0,031	-0,009	0,003	0,020	0,044	0,080	0,130	0,171	0,190	0,158	0,000	0,000
1,000	-16,742	-16,709	-16,620	-16,430	-16,293	-16,193	-16,134	-16,092	-16,044	-16,016	-15,980	-15,939	-15,878	-15,792	-15,670	0,077	0,185	0,237	0,318	0,323	0,292	0,273	0,237	0,222	0,207	0,211	0,217	0,224	0,228	0,179	0,000	0,000
2,000	-10,265	-10,267	-10,223	-10,098	-9,987	-9,912	-9,866	-9,829	-9,785	-9,755	-9,697	-9,620	-9,524	-9,373	-9,193	0,046	0,104	0,156	0,242	0,253	0,242	0,241	0,234	0,241	0,250	0,284	0,321	0,342	0,353	0,271	0,000	0,000
3,000	-20,651	-20,617	-20,520	-20,202	-19,992	-19,858	-19,785	-19,728	-19,681	-19,669	-19,628	-19,591	-19,533	-19,428	-19,307	0,135	0,294	0,380	0,491	0,468	0,377	0,333	0,291	0,257	0,216	0,214	0,229	0,241	0,246	0,185	0,000	0,000
4,000	-10,905	-11,027	-10,941	-10,927	-10,894	-10,905	-10,900	-10,898	-10,892	-10,877	-10,843	-10,763	-10,617	-10,395	-10,093	-0,314	-0,007	-0,024	0,033	0,042	0,073	0,082	0,098	0,129	0,196	0,282	0,365	0,467	0,522	0,429	0,000	0,000
5,000	-12,513	-12,438	-12,631	-12,631	-12,643	-12,628	-12,608	-12,612	-12,582	-12,574	-12,520	-12,440	-12,299	-12,051	-11,728	-0,022	-0,209	-0,139	-0,016	0,011	0,030	0,075	0,110	0,149	0,205	0,299	0,395	0,501	0,555	0,456	0,000	0,000
6,000	-7,345	-7,113	-6,927	-6,714	-6,605	-6,529	-6,494	-6,459	-6,419	-6,397	-6,355	-6,309	-6,251	-6,160	-6,055	0,759	0,637	0,541	0,408	0,349	0,277	0,253	0,230	0,210	0,200	0,203	0,217	0,223	0,223	0,163	0,000	0,000
7,000	-3,468	-3,195	-3,092	-2,986	-2,936	-2,908	-2,897	-2,888	-2,879	-2,874	-2,865	-2,856	-2,839	-2,815	-2,793	1,326	0,771	0,563	0,315	0,221	0,156	0,127	0,106	0,082	0,074	0,062	0,060	0,062	0,063	0,044	0,000	0,000
8,000	-15,881	-15,662	-15,552	-15,517	-15,486	-15,512	-15,537	-15,560	-15,586	-15,634	-15,666	-15,688	-15,710	-15,708	-15,692	1,441	0,847	0,552	0,221	0,116	0,024	-0,014	-0,048	-0,067	-0,070	-0,066	-0,051	-0,038	-0,005	0,004	0,000	0,000
9,000	-10,096	-10,042	-9,981	-9,817	-9,681	-9,566	-9,500	-9,448	-9,395	-9,352	-9,299	-9,253	-9,190	-9,103	-9,007	-0,003	0,095	0,179	0,309	0,326	0,307	0,292	0,263	0,247	0,232	0,224	0,231	0,223	0,217	0,158	0,000	0,000
10,000	-10,092	-10,126	-10,005	-9,867	-9,771	-9,732	-9,708	-9,693	-9,671	-9,674	-9,656	-9,630	-9,583	-9,504	-9,421	-0,219	0,063	0,107	0,184	0,166	0,140	0,126	0,107	0,099	0,106	0,116	0,135	0,163	0,173	0,137	0,000	0,000
11,000	-10,481	-10,422	-10,406	-10,290	-10,213	-10,162	-10,132	-10,111	-10,078	-10,069	-10,030	-9,985	-9,930	-9,835	-9,723	-0,070	0,031	0,083	0,164	0,170	0,145	0,151	0,141	0,148	0,148	0,168	0,191	0,208	0,215	0,162	0,000	0,000
12,000	-14,665	-14,731	-14,671	-14,638	-14,578	-14,561	-14,552	-14,540	-14,522	-14,534	-14,509	-14,466	-14,413	-14,301	-14,182	-0,170	-0,024	0,016	0,072	0,078	0,071	0,075	0,077	0,079	0,095	0,127	0,168	0,203	0,232	0,185	0,000	0,000
13,000	-8,443	-8,600	-8,575	-8,613	-8,594	-8,587	-8,572	-8,554	-8,534	-8,504	-8,456	-8,385	-8,284	-8,123	-7,930	-0,197	-0,095	-0,071	-0,010	0,025	0,074	0,091	0,117	0,147	0,183	0,239	0,294	0,347	0,365	0,295	0,000	0,000
14,000	-11,679	-11,615	-11,680	-11,625	-11,617	-11,597	-11,577	-11,574	-11,562	-11,553	-11,538	-11,499	-11,418	-11,269	-11,072	-0,088	-0,094	-0,033	0,035	0,054	0,062	0,070	0,077	0,090	0,115	0,174	0,235	0,291	0,330	0,270	0,000	0,000
15,000	-8,882	-9,005	-8,906	-8,919	-8,874	-8,870	-8,862	-8,853	-8,835	-8,835	-8,812	-8,780	-8,730	-8,650	-8,560	-0,197	0,016	-0,006	0,040	0,044	0,059	0,063	0,074	0,077	0,092	0,111	0,134	0,164	0,176	0,143	0,000	0,000
	run	6	2022:11:08    10:54:26,181
0,000	-13,195	-13,265	-13,278	-13,360	-13,380	-13,393	-13,403	-13,408	-13,406	-13,412	-13,399	-13,369	-13,317	-13,218	-13,099	-0,184	-0,132	-0,129	-0,086	-0,071	-0,042	-0,017	-0,006	0,020	0,053	0,091	0,138	0,179	0,214	0,167	0,000	0,000
1,000	-17,319	-17,273	-17,184	-16,964	-16,812	-16,702	-16,639	-16,600	-16,550	-16,521	-16,470	-16,430	-16,377	-16,273	-16,152	0,110	0,225	0,283	0,362	0,360	0,317	0,291	0,254	0,237	0,217	0,219	0,226	0,237	0,242	0,190	0,000	0,000
2,000	-10,557	-10,532	-10,500	-10,344	-10,246	-10,169	-10,121	-10,082	-10,037	-10,001	-9,935	-9,866	-9,756	-9,596	-9,404	0,031	0,122	0,177	0,249	0,264	0,248	0,251	0,237	0,250	0,261	0,296	0,335	0,368	0,380	0,293	0,000	0,000
3,000	-20,994	-20,923	-20,826	-20,471	-20,248	-20,114	-20,045	-19,980	-19,931	-19,915	-19,878	-19,836	-19,776	-19,659	-19,527	0,146	0,351	0,419	0,526	0,491	0,398	0,354	0,303	0,268	0,224	0,222	0,242	0,255	0,266	0,200	0,000	0,000
4,000	-11,196	-11,325	-11,225	-11,232	-11,202	-11,210	-11,208	-11,192	-11,198	-11,183	-11,131	-11,065	-10,913	-10,677	-10,367	-0,309	-0,018	-0,024	0,026	0,041	0,065	0,079	0,106	0,135	0,205	0,291	0,383	0,485	0,538	0,441	0,000	0,000
5,000	-12,714	-12,605	-12,801	-12,815	-12,819	-12,797	-12,779	-12,782	-12,756	-12,748	-12,705	-12,611	-12,471	-12,216	-11,884	-0,027	-0,204	-0,146	-0,013	0,012	0,031	0,075	0,103	0,159	0,207	0,299	0,407	0,512	0,576	0,477	0,000	0,000
6,000	-7,487	-7,246	-7,058	-6,846	-6,721	-6,644	-6,616	-6,570	-6,537	-6,513	-6,465	-6,423	-6,363	-6,269	-6,163	0,773	0,636	0,542	0,424	0,354	0,289	0,264	0,234	0,217	0,202	0,211	0,213	0,223	0,228	0,170	0,000	0,000
7,000	-3,465	-3,184	-3,093	-2,985	-2,942	-2,921	-2,904	-2,899	-2,884	-2,882	-2,875	-2,866	-2,852	-2,831	-2,801	1,317	0,751	0,547	0,303	0,218	0,148	0,121	0,100	0,084	0,068	0,063	0,059	0,059	0,055	0,039	0,000	0,000
8,000	-15,817	-15,596	-15,474	-15,419	-15,389	-15,410	-15,432	-15,459	-15,487	-15,537	-15,558	-15,583	-15,604	-15,598	-15,586	1,445	0,843	0,567	0,234	0,122	0,036	-0,011	-0,040	-0,065	-0,073	-0,057	-0,043	-0,033	-0,001	0,011	0,000	0,000
9,000	-9,848	-9,794	-9,758	-9,611	-9,488	-9,382	-9,314	-9,261	-9,208	-9,172	-9,119	-9,067	-9,013	-8,927	-8,836	-0,034	0,076	0,144	0,280	0,302	0,284	0,276	0,258	0,244	0,222	0,223	0,218	0,218	0,209	0,150	0,000	0,000
10,000	-9,961	-9,996	-9,883	-9,762	-9,676	-9,637	-9,615	-9,603	-9,589	-9,585	-9,564	-9,544	-9,498	-9,421	-9,340	-0,255	0,040	0,087	0,160	0,146	0,127	0,110	0,102	0,088	0,096	0,114	0,129	0,154	0,163	0,132	0,000	0,000
11,000	-10,293	-10,248	-10,246	-10,123	-10,055	-10,008	-9,980	-9,958	-9,924	-9,912	-9,879	-9,840	-9,780	-9,687	-9,583	-0,072	0,018	0,071	0,157	0,161	0,139	0,142	0,137	0,143	0,142	0,166	0,184	0,203	0,209	0,162	0,000	0,000
12,000	-14,124	-14,192	-14,135	-14,095	-14,044	-14,026	-14,021	-14,013	-13,994	-14,003	-13,980	-13,946	-13,897	-13,794	-13,676	-0,173	-0,006	0,014	0,065	0,073	0,061	0,066	0,072	0,080	0,086	0,123	0,163	0,197	0,222	0,174	0,000	0,000
13,000	-8,306	-8,422	-8,408	-8,451	-8,435	-8,418	-8,405	-8,395	-8,370	-8,341	-8,288	-8,222	-8,118	-7,966	-7,763	-0,159	-0,097	-0,074	-0,010	0,028	0,062	0,088	0,114	0,141	0,183	0,241	0,286	0,340	0,363	0,289	0,000	0,000
14,000	-11,652	-11,601	-11,627	-11,590	-11,578	-11,557	-11,539	-11,532	-11,522	-11,515	-11,495	-11,456	-11,373	-11,229	-11,030	-0,117	-0,090	-0,033	0,037	0,060	0,062	0,071	0,078	0,091	0,123	0,175	0,224	0,294	0,340	0,272	0,000	0,000
15,000	-8,957	-9,099	-8,997	-9,011	-8,968	-8,965	-8,954	-8,937	-8,927	-8,922	-8,897	-8,871	-8,816	-8,739	-8,650	-0,208	0,007	-0,009	0,037	0,044	0,056	0,063	0,071	0,075	0,098	0,117	0,132	0,163	0,170	0,142	0,000	0,000
	run	7	2022:11:08    10:54:26,280
0,000	-13,345	-13,426	-13,447	-13,539	-13,552	-13,573	-13,575	-13,583	-13,579	-13,589	-13,578	-13,547	-13,493	-13,391	-13,274	-0,176	-0,139	-0,138	-0,092	-0,066	-0,046	-0,019	-0,004	0,028	0,050	0,086	0,135	0,181	0,211	0,163	0,000	0,000
1,000	-17,562	-17,492	-17,415	-17,176	-17,017	-16,906	-16,846	-16,802	-16,750	-16,717	-16,674	-16,638	-16,572	-16,475	-16,354	0,109	0,240	0,299	0,378	0,371	0,324	0,299	0,262	0,243	0,227	0,223	0,232	0,241	0,242	0,185	0,000	0,000
2,000	-10,619	-10,595	-10,546	-10,394	-10,291	-10,212	-10,167	-10,130	-10,084	-10,042	-9,986	-9,911	-9,798	-9,638	-9,443	0,052	0,125	0,172	0,257	0,265	0,252	0,252	0,241	0,254	0,270	0,302	0,338	0,373	0,383	0,295	0,000	0,000
3,000	-20,939	-20,895	-20,794	-20,425	-20,206	-20,068	-19,999	-19,938	-19,892	-19,879	-19,833	-19,800	-19,738	-19,620	-19,492	0,186	0,339	0,434	0,535	0,492	0,405	0,351	0,301	0,267	0,225	0,220	0,233	0,258	0,261	0,200	0,000	0,000
4,000	-11,089	-11,208	-11,116	-11,121	-11,089	-11,103	-11,093	-11,085	-11,086	-11,066	-11,025	-10,944	-10,799	-10,556	-10,236	-0,292	-0,022	-0,032	0,023	0,035	0,069	0,082	0,107	0,140	0,206	0,291	0,398	0,497	0,555	0,461	0,000	0,000
5,000	-12,823	-12,738	-12,919	-12,941	-12,954	-12,929	-12,911	-12,915	-12,885	-12,878	-12,830	-12,737	-12,596	-12,336	-11,999	-0,032	-0,221	-0,150	-0,019	0,014	0,031	0,077	0,112	0,153	0,217	0,306	0,418	0,516	0,580	0,470	0,000	0,000
6,000	-7,574	-7,320	-7,118	-6,903	-6,777	-6,709	-6,671	-6,635	-6,594	-6,575	-6,528	-6,487	-6,426	-6,336	-6,230	0,800	0,665	0,576	0,430	0,354	0,294	0,264	0,236	0,216	0,199	0,208	0,213	0,218	0,223	0,170	0,000	0,000
7,000	-3,461	-3,166	-3,083	-2,965	-2,922	-2,894	-2,880	-2,873	-2,860	-2,855	-2,849	-2,840	-2,830	-2,813	-2,785	1,310	0,760	0,555	0,316	0,222	0,151	0,122	0,103	0,082	0,068	0,063	0,059	0,055	0,056	0,034	0,000	0,000
8,000	-15,363	-15,152	-15,023	-14,985	-14,948	-14,965	-14,992	-15,014	-15,046	-15,088	-15,114	-15,145	-15,161	-15,155	-15,140	1,447	0,853	0,574	0,234	0,131	0,038	-0,007	-0,043	-0,059	-0,072	-0,061	-0,045	-0,029	-0,003	0,009	0,000	0,000
9,000	-9,697	-9,658	-9,620	-9,495	-9,382	-9,277	-9,215	-9,170	-9,113	-9,071	-9,028	-8,983	-8,919	-8,842	-8,750	-0,051	0,051	0,127	0,253	0,281	0,268	0,263	0,243	0,232	0,215	0,211	0,213	0,204	0,201	0,149	0,000	0,000
10,000	-9,735	-9,777	-9,676	-9,568	-9,482	-9,449	-9,428	-9,417	-9,399	-9,401	-9,383	-9,359	-9,319	-9,243	-9,162	-0,260	0,027	0,069	0,146	0,127	0,120	0,106	0,096	0,088	0,095	0,107	0,128	0,149	0,160	0,128	0,000	0,000
11,000	-10,202	-10,152	-10,153	-10,045	-9,976	-9,927	-9,905	-9,880	-9,846	-9,834	-9,801	-9,764	-9,706	-9,615	-9,512	-0,078	0,002	0,064	0,144	0,154	0,135	0,140	0,134	0,140	0,142	0,160	0,181	0,201	0,203	0,156	0,000	0,000
12,000	-14,208	-14,269	-14,219	-14,179	-14,129	-14,110	-14,099	-14,090	-14,074	-14,080	-14,058	-14,027	-13,975	-13,873	-13,752	-0,167	-0,012	0,019	0,076	0,077	0,061	0,067	0,076	0,080	0,089	0,121	0,156	0,198	0,219	0,177	0,000	0,000
13,000	-8,291	-8,429	-8,387	-8,433	-8,420	-8,412	-8,406	-8,384	-8,363	-8,334	-8,274	-8,211	-8,110	-7,957	-7,760	-0,186	-0,085	-0,067	-0,010	0,031	0,066	0,093	0,116	0,145	0,186	0,236	0,289	0,340	0,359	0,287	0,000	0,000
14,000	-11,796	-11,701	-11,748	-11,721	-11,706	-11,674	-11,656	-11,651	-11,641	-11,632	-11,609	-11,580	-11,483	-11,344	-11,136	-0,089	-0,090	-0,025	0,045	0,052	0,060	0,074	0,076	0,093	0,124	0,185	0,228	0,295	0,340	0,287	0,000	0,000
15,000	-9,088	-9,215	-9,111	-9,124	-9,084	-9,079	-9,069	-9,054	-9,038	-9,035	-9,009	-8,979	-8,925	-8,845	-8,751	-0,191	0,016	-0,003	0,048	0,052	0,061	0,066	0,075	0,081	0,098	0,119	0,143	0,170	0,181	0,145	0,000	0,000
	run	8	2022:11:08    10:54:26,327
0,000	-13,296	-13,389	-13,402	-13,491	-13,504	-13,526	-13,527	-13,535	-13,533	-13,533	-13,526	-13,498	-13,443	-13,343	-13,220	-0,184	-0,140	-0,134	-0,087	-0,068	-0,044	-0,017	0,000	0,026	0,053	0,089	0,143	0,183	0,205	0,168	0,000	0,000
1,000	-17,292	-17,223	-17,118	-16,895	-16,744	-16,638	-16,578	-16,532	-16,489	-16,457	-16,406	-16,365	-16,306	-16,214	-16,089	0,112	0,234	0,280	0,368	0,354	0,317	0,293	0,254	0,235	0,218	0,224	0,226	0,235	0,238	0,189	0,000	0,000
2,000	-10,619	-10,595	-10,546	-10,394	-10,291	-10,212	-10,167	-10,130	-10,084	-10,042	-9,986	-9,911	-9,798	-9,638	-9,443	0,052	0,125	0,172	0,257	0,265	0,252	0,252	0,241	0,254	0,270	0,302	0,338	0,373	0,383	0,295	0,000	0,000
3,000	-20,939	-20,895	-20,794	-20,425	-20,206	-20,068	-19,999	-19,938	-19,892	-19,879	-19,833	-19,800	-19,738	-19,620	-19,492	0,186	0,339	0,434	0,535	0,492	0,405	0,351	0,301	0,267	0,225	0,220	0,233	0,258	0,261	0,200	0,000	0,000
4,000	-11,089	-11,208	-11,116	-11,121	-11,089	-11,103	-11,093	-11,085	-11,086	-11,066	-11,025	-10,944	-10,799	-10,556	-10,236	-0,292	-0,022	-0,032	0,023	0,035	0,069	0,082	0,107	0,140	0,206	0,291	0,398	0,497	0,555	0,461	0,000	0,000
5,000	-12,823	-12,738	-12,919	-12,941	-12,954	-12,929	-12,911	-12,915	-12,885	-12,878	-12,830	-12,737	-12,596	-12,336	-11,999	-0,032	-0,221	-0,150	-0,019	0,014	0,031	0,077	0,112	0,153	0,217	0,306	0,418	0,516	0,580	0,470	0,000	0,000
6,000	-7,574	-7,320	-7,118	-6,903	-6,777	-6,709	-6,671	-6,635	-6,594	-6,575	-6,528	-6,487	-6,426	-6,336	-6,230	0,800	0,665	0,576	0,430	0,354	0,294	0,264	0,236	0,216	0,199	0,208	0,213	0,218	0,223	0,170	0,000	0,000
7,000	-3,461	-3,166	-3,083	-2,965	-2,922	-2,894	-2,880	-2,873	-2,860	-2,855	-2,849	-2,840	-2,830	-2,813	-2,785	1,310	0,760	0,555	0,316	0,222	0,151	0,122	0,103	0,082	0,068	0,063	0,059	0,055	0,056	0,034	0,000	0,000
8,000	-15,489	-15,278	-15,150	-15,105	-15,074	-15,091	-15,117	-15,139	-15,165	-15,211	-15,237	-15,268	-15,288	-15,285	-15,272	1,424	0,850	0,560	0,232	0,124	0,029	-0,010	-0,039	-0,061	-0,070	-0,060	-0,046	-0,036	-0,004	0,007	0,000	0,000
9,000	-9,601	-9,546	-9,494	-9,373	-9,257	-9,148	-9,085	-9,041	-8,989	-8,949	-8,898	-8,853	-8,795	-8,716	-8,625	-0,031	0,043	0,126	0,254	0,287	0,267	0,264	0,245	0,233	0,214	0,214	0,213	0,208	0,203	0,148	0,000	0,000
10,000	-9,701	-9,742	-9,623	-9,526	-9,442	-9,412	-9,399	-9,385	-9,362	-9,368	-9,354	-9,330	-9,284	-9,212	-9,132	-0,256	0,021	0,073	0,143	0,129	0,116	0,101	0,093	0,082	0,086	0,108	0,119	0,150	0,156	0,127	0,000	0,000
11,000	-10,078	-10,026	-10,020	-9,923	-9,852	-9,798	-9,771	-9,751	-9,723	-9,710	-9,674	-9,634	-9,580	-9,491	-9,387	-0,077	0,008	0,056	0,142	0,154	0,135	0,139	0,132	0,135	0,138	0,161	0,180	0,199	0,204	0,155	0,000	0,000
12,000	-14,131	-14,205	-14,148	-14,110	-14,055	-14,035	-14,033	-14,024	-14,005	-14,009	-13,990	-13,958	-13,906	-13,798	-13,676	-0,169	-0,015	0,018	0,072	0,073	0,069	0,069	0,074	0,081	0,088	0,122	0,161	0,193	0,223	0,173	0,000	0,000
13,000	-8,341	-8,476	-8,440	-8,496	-8,473	-8,467	-8,457	-8,439	-8,418	-8,387	-8,336	-8,271	-8,165	-8,016	-7,814	-0,181	-0,094	-0,070	-0,003	0,028	0,063	0,089	0,118	0,141	0,181	0,241	0,285	0,342	0,357	0,289	0,000	0,000
14,000	-11,850	-11,810	-11,842	-11,807	-11,788	-11,764	-11,751	-11,745	-11,736	-11,728	-11,709	-11,660	-11,588	-11,432	-11,235	-0,123	-0,095	-0,026	0,041	0,060	0,058	0,068	0,077	0,092	0,126	0,163	0,221	0,295	0,339	0,286	0,000	0,000
15,000	-9,042	-9,171	-9,087	-9,092	-9,048	-9,039	-9,031	-9,015	-8,997	-8,996	-8,969	-8,940	-8,891	-8,813	-8,711	-0,191	0,016	-0,004	0,038	0,049	0,064	0,066	0,075	0,080	0,097	0,118	0,141	0,169	0,177	0,141	0,000	0,000
	run	9	2022:11:08    10:54:26,428
0,000	-12,951	-13,029	-13,050	-13,125	-13,137	-13,157	-13,162	-13,166	-13,168	-13,165	-13,161	-13,127	-13,083	-12,988	-12,871	-0,154	-0,141	-0,123	-0,083	-0,067	-0,039	-0,015	-0,004	0,019	0,045	0,081	0,133	0,174	0,199	0,162	0,000	0,000
1,000	-16,958	-16,915	-16,834	-16,633	-16,489	-16,385	-16,328	-16,279	-16,238	-16,206	-16,158	-16,125	-16,067	-15,970	-15,855	0,071	0,204	0,247	0,339	0,340	0,301	0,279	0,239	0,223	0,211	0,217	0,222	0,228	0,235	0,182	0,000	0,000
2,000	-10,350	-10,326	-10,284	-10,158	-10,043	-9,958	-9,922	-9,889	-9,839	-9,804	-9,750	-9,672	-9,572	-9,417	-9,239	0,048	0,113	0,171	0,248	0,257	0,244	0,245	0,231	0,239	0,253	0,282	0,322	0,354	0,360	0,275	0,000	0,000
3,000	-20,675	-20,657	-20,563	-20,233	-20,029	-19,898	-19,821	-19,766	-19,712	-19,703	-19,657	-19,621	-19,569	-19,458	-19,333	0,119	0,310	0,371	0,499	0,466	0,383	0,337	0,293	0,257	0,216	0,216	0,231	0,245	0,251	0,186	0,000	0,000
4,000	-10,949	-11,072	-10,974	-10,961	-10,931	-10,932	-10,923	-10,920	-10,920	-10,896	-10,856	-10,783	-10,645	-10,416	-10,113	-0,305	0,001	-0,020	0,037	0,045	0,075	0,083	0,106	0,131	0,193	0,282	0,368	0,468	0,523	0,431	0,000	0,000
5,000	-12,395	-12,294	-12,481	-12,492	-12,516	-12,481	-12,467	-12,476	-12,447	-12,443	-12,392	-12,309	-12,173	-11,932	-11,623	-0,008	-0,206	-0,138	-0,023	0,006	0,029	0,075	0,100	0,152	0,193	0,283	0,384	0,478	0,543	0,439	0,000	0,000
6,000	-7,470	-7,234	-7,047	-6,840	-6,715	-6,644	-6,607	-6,578	-6,528	-6,513	-6,471	-6,423	-6,362	-6,272	-6,167	0,766	0,637	0,545	0,421	0,351	0,281	0,256	0,231	0,216	0,194	0,202	0,216	0,219	0,221	0,169	0,000	0,000
7,000	-3,435	-3,141	-3,067	-2,955	-2,913	-2,887	-2,873	-2,863	-2,858	-2,847	-2,847	-2,838	-2,817	-2,800	-2,773	1,313	0,755	0,553	0,305	0,219	0,152	0,126	0,101	0,078	0,069	0,061	0,057	0,059	0,057	0,042	0,000	0,000
8,000	-15,696	-15,454	-15,325	-15,290	-15,250	-15,275	-15,303	-15,328	-15,352	-15,396	-15,422	-15,453	-15,469	-15,470	-15,455	1,452	0,858	0,566	0,230	0,126	0,027	-0,013	-0,046	-0,063	-0,074	-0,064	-0,051	-0,033	-0,005	0,008	0,000	0,000
9,000	-9,969	-9,920	-9,876	-9,734	-9,607	-9,493	-9,434	-9,381	-9,326	-9,284	-9,234	-9,189	-9,129	-9,043	-8,949	-0,051	0,070	0,147	0,273	0,304	0,287	0,277	0,258	0,241	0,223	0,224	0,227	0,219	0,210	0,153	0,000	0,000
10,000	-9,932	-9,951	-9,842	-9,719	-9,633	-9,591	-9,567	-9,556	-9,536	-9,537	-9,521	-9,500	-9,452	-9,379	-9,287	-0,238	0,043	0,089	0,165	0,152	0,131	0,119	0,105	0,093	0,101	0,107	0,128	0,153	0,163	0,128	0,000	0,000
11,000	-10,404	-10,352	-10,345	-10,229	-10,157	-10,105	-10,081	-10,053	-10,022	-10,011	-9,978	-9,937	-9,875	-9,778	-9,672	-0,069	0,023	0,080	0,160	0,168	0,145	0,142	0,143	0,145	0,147	0,169	0,189	0,208	0,212	0,164	0,000	0,000
12,000	-14,477	-14,549	-14,495	-14,458	-14,406	-14,382	-14,379	-14,368	-14,352	-14,361	-14,337	-14,303	-14,246	-14,135	-14,007	-0,166	-0,026	0,016	0,073	0,075	0,063	0,067	0,074	0,083	0,091	0,122	0,170	0,209	0,228	0,187	0,000	0,000
13,000	-8,597	-8,686	-8,661	-8,698	-8,684	-8,678	-8,660	-8,643	-8,619	-8,590	-8,532	-8,465	-8,361	-8,205	-7,999	-0,152	-0,078	-0,053	0,000	0,036	0,073	0,095	0,125	0,155	0,198	0,247	0,298	0,351	0,378	0,300	0,000	0,000
14,000	-12,004	-11,946	-11,958	-11,932	-11,918	-11,893	-11,880	-11,866	-11,853	-11,855	-11,827	-11,791	-11,705	-11,559	-11,359	-0,157	-0,086	-0,018	0,041	0,049	0,070	0,075	0,079	0,095	0,119	0,171	0,230	0,293	0,338	0,280	0,000	0,000
15,000	-8,922	-9,047	-8,944	-8,960	-8,912	-8,917	-8,905	-8,888	-8,876	-8,871	-8,850	-8,820	-8,768	-8,698	-8,608	-0,183	0,023	-0,013	0,036	0,045	0,060	0,061	0,069	0,074	0,090	0,115	0,131	0,158	0,168	0,136	0,000	0,000
	run	10	2022:11:08    10:54:26,480
0,000	-12,951	-13,029	-13,050	-13,125	-13,137	-13,157	-13,162	-13,166	-13,168	-13,165	-13,161	-13,127	-13,083	-12,988	-12,871	-0,154	-0,141	-0,123	-0,083	-0,067	-0,039	-0,015	-0,004	0,019	0,045	0,081	0,133	0,174	0,199	0,162	0,000	0,000
1,000	-16,958	-16,915	-16,834	-16,633	-16,489	-16,385	-16,328	-16,279	-16,238	-16,206	-16,158	-16,125	-16,067	-15,970	-15,855	0,071	0,204	0,247	0,339	0,340	0,301	0,279	0,239	0,223	0,211	0,217	0,222	0,228	0,235	0,182	0,000	0,000
2,000	-10,350	-10,326	-10,284	-10,158	-10,043	-9,958	-9,922	-9,889	-9,839	-9,804	-9,750	-9,672	-9,572	-9,417	-9,239	0,048	0,113	0,171	0,248	0,257	0,244	0,245	0,231	0,239	0,253	0,282	0,322	0,354	0,360	0,275	0,000	0,000
3,000	-20,675	-20,657	-20,563	-20,233	-20,029	-19,898	-19,821	-19,766	-19,712	-19,703	-19,657	-19,621	-19,569	-19,458	-19,333	0,119	0,310	0,371	0,499	0,466	0,383	0,337	0,293	0,257	0,216	0,216	0,231	0,245	0,251	0,186	0,000	0,000
4,000	-10,949	-11,072	-10,974	-10,961	-10,931	-10,932	-10,923	-10,920	-10,920	-10,896	-10,856	-10,783	-10,645	-10,416	-10,113	-0,305	0,001	-0,020	0,037	0,045	0,075	0,083	0,106	0,131	0,193	0,282	0,368	0,468	0,523	0,431	0,000	0,000
5,000	-12,395	-12,294	-12,481	-12,492	-12,516	-12,481	-12,467	-12,476	-12,447	-12,443	-12,392	-12,309	-12,173	-11,932	-11,623	-0,008	-0,206	-0,138	-0,023	0,006	0,029	0,075	0,100	0,152	0,193	0,283	0,384	0,478	0,543	0,439	0,000	0,000
6,000	-7,298	-7,046	-6,876	-6,671	-6,548	-6,480	-6,443	-6,407	-6,369	-6,346	-6,308	-6,265	-6,205	-6,115	-6,009	0,756	0,632	0,522	0,405	0,344	0,275	0,254	0,225	0,207	0,197	0,202	0,210	0,220	0,222	0,166	0,000	0,000
7,000	-3,409	-3,134	-3,051	-2,939	-2,895	-2,869	-2,854	-2,850	-2,842	-2,833	-2,826	-2,816	-2,800	-2,779	-2,754	1,327	0,757	0,546	0,309	0,222	0,151	0,128	0,102	0,086	0,069	0,067	0,063	0,059	0,060	0,048	0,000	0,000
8,000	-15,826	-15,593	-15,460	-15,433	-15,392	-15,417	-15,437	-15,466	-15,493	-15,536	-15,565	-15,590	-15,612	-15,602	-15,591	1,461	0,851	0,575	0,229	0,128	0,029	-0,008	-0,043	-0,065	-0,072	-0,058	-0,046	-0,035	-0,001	0,008	0,000	0,000
9,000	-10,121	-10,070	-10,009	-9,853	-9,719	-9,602	-9,539	-9,485	-9,426	-9,390	-9,339	-9,289	-9,227	-9,137	-9,037	-0,017	0,091	0,168	0,302	0,325	0,305	0,288	0,267	0,251	0,233	0,229	0,230	0,229	0,220	0,156	0,000	0,000
10,000	-10,368	-10,368	-10,243	-10,069	-9,964	-9,922	-9,894	-9,880	-9,856	-9,860	-9,842	-9,814	-9,763	-9,684	-9,598	-0,224	0,093	0,157	0,224	0,187	0,155	0,139	0,122	0,107	0,112	0,124	0,141	0,164	0,177	0,137	0,000	0,000
11,000	-10,661	-10,576	-10,559	-10,422	-10,345	-10,292	-10,263	-10,240	-10,208	-10,198	-10,157	-10,114	-10,054	-9,956	-9,839	-0,033	0,053	0,107	0,183	0,176	0,154	0,153	0,149	0,155	0,156	0,172	0,199	0,217	0,226	0,170	0,000	0,000
12,000	-15,076	-15,133	-15,078	-15,035	-14,975	-14,959	-14,944	-14,941	-14,919	-14,926	-14,904	-14,866	-14,814	-14,692	-14,558	-0,188	-0,027	0,019	0,080	0,079	0,070	0,078	0,082	0,088	0,100	0,133	0,177	0,221	0,244	0,193	0,000	0,000
13,000	-8,616	-8,769	-8,709	-8,765	-8,744	-8,734	-8,725	-8,703	-8,683	-8,647	-8,592	-8,524	-8,421	-8,257	-8,044	-0,183	-0,087	-0,050	-0,003	0,037	0,081	0,099	0,124	0,154	0,192	0,251	0,300	0,358	0,380	0,301	0,000	0,000
14,000	-11,932	-11,803	-11,885	-11,835	-11,818	-11,787	-11,773	-11,763	-11,753	-11,747	-11,732	-11,693	-11,605	-11,467	-11,264	-0,062	-0,093	-0,026	0,040	0,050	0,062	0,072	0,072	0,093	0,120	0,174	0,225	0,293	0,337	0,273	0,000	0,000
15,000	-8,874	-9,006	-8,911	-8,923	-8,873	-8,873	-8,866	-8,851	-8,835	-8,834	-8,806	-8,781	-8,731	-8,654	-8,569	-0,185	0,013	-0,009	0,036	0,043	0,054	0,061	0,068	0,074	0,094	0,109	0,131	0,158	0,169	0,136	0,000	0,000
	run	11	2022:11:08    10:54:26,580
0,000	-12,759	-12,849	-12,854	-12,929	-12,949	-12,960	-12,966	-12,962	-12,964	-12,970	-12,967	-12,935	-12,883	-12,792	-12,687	-0,182	-0,128	-0,112	-0,079	-0,057	-0,030	-0,011	0,002	0,025	0,045	0,083	0,126	0,167	0,191	0,152	0,000	0,000
1,000	-16,377	-16,344	-16,265	-16,091	-15,958	-15,860	-15,809	-15,760	-15,720	-15,688	-15,650	-15,614	-15,560	-15,474	-15,363	0,046	0,173	0,218	0,308	0,312	0,281	0,262	0,228	0,211	0,200	0,198	0,205	0,211	0,222	0,167	0,000	0,000
2,000	-9,852	-9,853	-9,830	-9,722	-9,630	-9,556	-9,515	-9,481	-9,438	-9,401	-9,349	-9,282	-9,193	-9,050	-8,883	0,012	0,079	0,127	0,212	0,224	0,222	0,227	0,216	0,221	0,233	0,262	0,295	0,323	0,331	0,249	0,000	0,000
3,000	-19,587	-19,605	-19,546	-19,303	-19,111	-18,986	-18,917	-18,866	-18,810	-18,805	-18,757	-18,717	-18,670	-18,564	-18,440	0,067	0,217	0,274	0,407	0,410	0,346	0,315	0,273	0,241	0,205	0,206	0,222	0,230	0,240	0,180	0,000	0,000
4,000	-10,668	-10,779	-10,689	-10,672	-10,634	-10,640	-10,634	-10,625	-10,625	-10,608	-10,569	-10,506	-10,366	-10,148	-9,863	-0,295	-0,008	-0,015	0,044	0,047	0,072	0,080	0,097	0,126	0,187	0,265	0,354	0,445	0,503	0,417	0,000	0,000
5,000	-12,251	-12,160	-12,348	-12,368	-12,380	-12,358	-12,341	-12,343	-12,318	-12,308	-12,266	-12,180	-12,047	-11,806	-11,497	-0,017	-0,208	-0,137	-0,025	0,005	0,023	0,068	0,106	0,150	0,200	0,278	0,390	0,478	0,542	0,439	0,000	0,000
6,000	-7,345	-7,105	-6,934	-6,726	-6,604	-6,537	-6,502	-6,464	-6,426	-6,403	-6,360	-6,319	-6,259	-6,165	-6,062	0,765	0,622	0,530	0,404	0,333	0,283	0,254	0,225	0,213	0,195	0,205	0,212	0,219	0,225	0,164	0,000	0,000
7,000	-3,464	-3,175	-3,082	-2,972	-2,922	-2,893	-2,882	-2,872	-2,860	-2,859	-2,847	-2,840	-2,821	-2,798	-2,761	1,340	0,765	0,574	0,319	0,229	0,163	0,131	0,109	0,090	0,077	0,073	0,070	0,069	0,066	0,049	0,000	0,000
8,000	-16,091	-15,869	-15,741	-15,717	-15,682	-15,704	-15,729	-15,757	-15,783	-15,831	-15,859	-15,890	-15,904	-15,897	-15,883	1,475	0,860	0,575	0,231	0,118	0,028	-0,018	-0,047	-0,068	-0,075	-0,062	-0,046	-0,032	-0,001	0,012	0,000	0,000
9,000	-10,350	-10,280	-10,205	-10,011	-9,872	-9,745	-9,680	-9,630	-9,569	-9,531	-9,481	-9,424	-9,362	-9,267	-9,166	-0,013	0,130	0,205	0,340	0,352	0,321	0,304	0,277	0,259	0,242	0,235	0,241	0,238	0,232	0,164	0,000	0,000
10,000	-10,567	-10,524	-10,369	-10,169	-10,057	-10,011	-9,990	-9,972	-9,952	-9,954	-9,929	-9,906	-9,859	-9,774	-9,679	-0,175	0,151	0,200	0,249	0,212	0,168	0,141	0,127	0,112	0,117	0,132	0,142	0,173	0,181	0,145	0,000	0,000
11,000	-10,884	-10,788	-10,768	-10,623	-10,538	-10,479	-10,449	-10,430	-10,394	-10,382	-10,342	-10,300	-10,234	-10,131	-10,010	-0,019	0,083	0,135	0,201	0,194	0,165	0,165	0,158	0,160	0,159	0,182	0,209	0,226	0,239	0,182	0,000	0,000
12,000	-15,241	-15,312	-15,259	-15,225	-15,166	-15,145	-15,140	-15,122	-15,110	-15,124	-15,094	-15,060	-14,998	-14,887	-14,751	-0,198	-0,027	0,007	0,068	0,085	0,069	0,073	0,079	0,086	0,095	0,137	0,173	0,214	0,248	0,194	0,000	0,000
13,000	-8,742	-8,892	-8,855	-8,890	-8,870	-8,856	-8,848	-8,824	-8,802	-8,775	-8,722	-8,649	-8,544	-8,380	-8,165	-0,187	-0,081	-0,063	-0,001	0,040	0,078	0,099	0,133	0,154	0,200	0,258	0,306	0,362	0,381	0,308	0,000	0,000
14,000	-11,763	-11,682	-11,730	-11,693	-11,678	-11,650	-11,639	-11,634	-11,620	-11,617	-11,593	-11,554	-11,476	-11,327	-11,135	-0,086	-0,094	-0,027	0,047	0,059	0,057	0,069	0,078	0,098	0,119	0,165	0,223	0,289	0,332	0,269	0,000	0,000
15,000	-8,744	-8,881	-8,780	-8,797	-8,749	-8,750	-8,741	-8,732	-8,714	-8,711	-8,693	-8,660	-8,615	-8,537	-8,454	-0,202	0,023	-0,013	0,037	0,040	0,052	0,065	0,065	0,074	0,090	0,108	0,128	0,154	0,162	0,130	0,000	0,000
	run	12	2022:11:08    10:54:26,680
0,000	-12,477	-12,553	-12,564	-12,643	-12,647	-12,667	-12,664	-12,672	-12,668	-12,672	-12,662	-12,635	-12,595	-12,504	-12,402	-0,153	-0,128	-0,115	-0,074	-0,053	-0,034	-0,012	-0,004	0,019	0,040	0,080	0,116	0,159	0,185	0,148	0,000	0,000
1,000	-16,235	-16,220	-16,133	-15,971	-15,852	-15,760	-15,710	-15,667	-15,624	-15,593	-15,549	-15,520	-15,463	-15,373	-15,267	0,029	0,161	0,199	0,281	0,290	0,263	0,248	0,220	0,207	0,194	0,202	0,200	0,209	0,221	0,175	0,000	0,000
2,000	-9,830	-9,809	-9,788	-9,673	-9,584	-9,512	-9,462	-9,434	-9,392	-9,353	-9,305	-9,236	-9,137	-8,998	-8,834	0,025	0,083	0,132	0,218	0,237	0,220	0,223	0,215	0,223	0,234	0,267	0,299	0,319	0,335	0,256	0,000	0,000
3,000	-19,634	-19,644	-19,574	-19,326	-19,139	-19,011	-18,943	-18,886	-18,837	-18,824	-18,786	-18,743	-18,688	-18,580	-18,464	0,096	0,237	0,283	0,417	0,403	0,349	0,312	0,274	0,242	0,210	0,203	0,219	0,231	0,238	0,179	0,000	0,000
4,000	-10,608	-10,720	-10,615	-10,600	-10,553	-10,564	-10,561	-10,550	-10,548	-10,543	-10,500	-10,427	-10,298	-10,082	-9,799	-0,303	0,003	-0,002	0,062	0,057	0,074	0,081	0,098	0,126	0,180	0,264	0,345	0,438	0,493	0,409	0,000	0,000
5,000	-12,266	-12,172	-12,345	-12,379	-12,395	-12,370	-12,358	-12,359	-12,328	-12,310	-12,275	-12,191	-12,053	-11,813	-11,504	-0,014	-0,212	-0,144	-0,031	0,007	0,027	0,073	0,104	0,153	0,200	0,284	0,379	0,480	0,540	0,437	0,000	0,000
6,000	-7,505	-7,267	-7,088	-6,879	-6,762	-6,689	-6,649	-6,617	-6,576	-6,550	-6,505	-6,460	-6,400	-6,302	-6,188	0,759	0,627	0,536	0,412	0,351	0,284	0,261	0,234	0,214	0,205	0,212	0,222	0,231	0,231	0,174	0,000	0,000
7,000	-3,572	-3,277	-3,163	-3,038	-2,984	-2,959	-2,946	-2,935	-2,925	-2,922	-2,906	-2,900	-2,876	-2,852	-2,815	1,362	0,809	0,597	0,333	0,241	0,173	0,141	0,114	0,093	0,077	0,074	0,073	0,071	0,071	0,055	0,000	0,000
8,000	-16,588	-16,382	-16,265	-16,255	-16,221	-16,251	-16,273	-16,302	-16,329	-16,375	-16,406	-16,431	-16,452	-16,451	-16,435	1,480	0,836	0,551	0,217	0,112	0,020	-0,017	-0,052	-0,068	-0,078	-0,062	-0,048	-0,033	-0,006	0,007	0,000	0,000
9,000	-10,608	-10,551	-10,468	-10,251	-10,109	-9,987	-9,920	-9,864	-9,805	-9,764	-9,714	-9,659	-9,600	-9,501	-9,396	0,023	0,154	0,235	0,357	0,367	0,327	0,306	0,278	0,264	0,242	0,247	0,240	0,242	0,232	0,172	0,000	0,000
10,000	-10,535	-10,545	-10,406	-10,217	-10,101	-10,062	-10,034	-10,020	-9,999	-10,000	-9,976	-9,947	-9,894	-9,813	-9,716	-0,213	0,116	0,167	0,241	0,201	0,168	0,147	0,129	0,115	0,118	0,138	0,148	0,175	0,186	0,147	0,000	0,000
11,000	-10,762	-10,698	-10,681	-10,538	-10,454	-10,395	-10,367	-10,341	-10,308	-10,298	-10,253	-10,212	-10,148	-10,048	-9,924	-0,030	0,064	0,117	0,196	0,191	0,165	0,163	0,154	0,156	0,159	0,183	0,207	0,225	0,238	0,180	0,000	0,000
12,000	-15,156	-15,219	-15,159	-15,130	-15,071	-15,052	-15,048	-15,037	-15,019	-15,026	-14,998	-14,961	-14,907	-14,795	-14,657	-0,189	-0,033	0,008	0,081	0,077	0,069	0,073	0,077	0,086	0,098	0,135	0,175	0,216	0,241	0,197	0,000	0,000
13,000	-8,656	-8,796	-8,771	-8,811	-8,782	-8,775	-8,763	-8,743	-8,719	-8,682	-8,641	-8,564	-8,458	-8,289	-8,074	-0,167	-0,087	-0,062	0,003	0,037	0,073	0,101	0,131	0,153	0,198	0,249	0,308	0,366	0,386	0,308	0,000	0,000
14,000	-11,818	-11,754	-11,800	-11,752	-11,742	-11,712	-11,688	-11,680	-11,668	-11,677	-11,659	-11,616	-11,530	-11,386	-11,189	-0,112	-0,089	-0,024	0,040	0,052	0,061	0,072	0,079	0,099	0,122	0,165	0,222	0,289	0,329	0,273	0,000	0,000
15,000	-8,765	-8,889	-8,788	-8,806	-8,757	-8,761	-8,755	-8,741	-8,726	-8,728	-8,706	-8,676	-8,631	-8,556	-8,474	-0,190	0,020	-0,014	0,044	0,043	0,053	0,057	0,065	0,068	0,085	0,102	0,124	0,153	0,162	0,132	0,000	0,000
	run	13	2022:11:08    10:54:26,727
0,000	-12,635	-12,726	-12,741	-12,807	-12,817	-12,838	-12,839	-12,836	-12,840	-12,846	-12,839	-12,803	-12,763	-12,673	-12,562	-0,163	-0,126	-0,109	-0,073	-0,058	-0,035	-0,008	0,004	0,018	0,047	0,078	0,121	0,165	0,187	0,153	0,000	0,000
1,000	-16,216	-16,181	-16,113	-15,944	-15,813	-15,719	-15,667	-15,623	-15,585	-15,551	-15,515	-15,476	-15,421	-15,335	-15,222	0,035	0,168	0,204	0,286	0,296	0,268	0,258	0,221	0,211	0,197	0,199	0,205	0,214	0,221	0,170	0,000	0,000
2,000	-9,830	-9,809	-9,788	-9,673	-9,584	-9,512	-9,462	-9,434	-9,392	-9,353	-9,305	-9,236	-9,137	-8,998	-8,834	0,025	0,083	0,132	0,218	0,237	0,220	0,223	0,215	0,223	0,234	0,267	0,299	0,319	0,335	0,256	0,000	0,000
3,000	-19,634	-19,644	-19,574	-19,326	-19,139	-19,011	-18,943	-18,886	-18,837	-18,824	-18,786	-18,743	-18,688	-18,580	-18,464	0,096	0,237	0,283	0,417	0,403	0,349	0,312	0,274	0,242	0,210	0,203	0,219	0,231	0,238	0,179	0,000	0,000
4,000	-10,608	-10,720	-10,615	-10,600	-10,553	-10,564	-10,561	-10,550	-10,548	-10,543	-10,500	-10,427	-10,298	-10,082	-9,799	-0,303	0,003	-0,002	0,062	0,057	0,074	0,081	0,098	0,126	0,180	0,264	0,345	0,438	0,493	0,409	0,000	0,000
5,000	-12,266	-12,172	-12,345	-12,379	-12,395	-12,370	-12,358	-12,359	-12,328	-12,310	-12,275	-12,191	-12,053	-11,813	-11,504	-0,014	-0,212	-0,144	-0,031	0,007	0,027	0,073	0,104	0,153	0,200	0,284	0,379	0,480	0,540	0,437	0,000	0,000
6,000	-7,505	-7,267	-7,088	-6,879	-6,762	-6,689	-6,649	-6,617	-6,576	-6,550	-6,505	-6,460	-6,400	-6,302	-6,188	0,759	0,627	0,536	0,412	0,351	0,284	0,261	0,234	0,214	0,205	0,212	0,222	0,231	0,231	0,174	0,000	0,000
7,000	-3,572	-3,277	-3,163	-3,038	-2,984	-2,959	-2,946	-2,935	-2,925	-2,922	-2,906	-2,900	-2,876	-2,852	-2,815	1,362	0,809	0,597	0,333	0,241	0,173	0,141	0,114	0,093	0,077	0,074	0,073	0,071	0,071	0,055	0,000	0,000
8,000	-16,735	-16,497	-16,403	-16,377	-16,344	-16,374	-16,401	-16,425	-16,455	-16,498	-16,528	-16,557	-16,578	-16,576	-16,561	1,477	0,848	0,540	0,213	0,111	0,022	-0,019	-0,049	-0,070	-0,081	-0,069	-0,052	-0,039	-0,003	0,010	0,000	0,000
9,000	-10,571	-10,453	-10,358	-10,136	-9,988	-9,872	-9,800	-9,747	-9,687	-9,650	-9,598	-9,543	-9,482	-9,384	-9,281	0,060	0,196	0,270	0,372	0,375	0,328	0,312	0,283	0,263	0,247	0,245	0,242	0,239	0,231	0,173	0,000	0,000
10,000	-10,781	-10,753	-10,591	-10,390	-10,283	-10,243	-10,220	-10,205	-10,189	-10,185	-10,162	-10,141	-10,089	-10,011	-9,911	-0,179	0,153	0,197	0,250	0,207	0,161	0,139	0,126	0,108	0,113	0,128	0,144	0,173	0,182	0,148	0,000	0,000
11,000	-10,848	-10,768	-10,742	-10,600	-10,515	-10,460	-10,430	-10,413	-10,373	-10,360	-10,323	-10,277	-10,218	-10,112	-9,990	-0,013	0,082	0,125	0,193	0,193	0,166	0,163	0,154	0,154	0,157	0,181	0,204	0,226	0,235	0,180	0,000	0,000
12,000	-15,043	-15,118	-15,052	-15,023	-14,965	-14,945	-14,936	-14,927	-14,910	-14,916	-14,892	-14,854	-14,805	-14,686	-14,549	-0,188	-0,026	0,010	0,075	0,074	0,068	0,076	0,074	0,085	0,098	0,138	0,176	0,222	0,247	0,195	0,000	0,000
13,000	-8,616	-8,774	-8,720	-8,772	-8,744	-8,737	-8,725	-8,710	-8,688	-8,651	-8,597	-8,530	-8,425	-8,257	-8,049	-0,186	-0,082	-0,053	-0,001	0,045	0,074	0,098	0,124	0,154	0,192	0,250	0,304	0,358	0,379	0,304	0,000	0,000
14,000	-11,829	-11,720	-11,790	-11,734	-11,725	-11,689	-11,676	-11,674	-11,654	-11,658	-11,635	-11,595	-11,509	-11,372	-11,181	-0,065	-0,091	-0,015	0,041	0,054	0,061	0,074	0,072	0,092	0,117	0,168	0,223	0,291	0,331	0,272	0,000	0,000
15,000	-8,768	-8,904	-8,806	-8,819	-8,778	-8,772	-8,763	-8,754	-8,733	-8,731	-8,711	-8,687	-8,637	-8,564	-8,479	-0,197	0,007	-0,006	0,031	0,048	0,050	0,058	0,065	0,072	0,090	0,108	0,121	0,150	0,161	0,128	0,000	0,000
	run	14	2022:11:08    10:54:26,828
0,000	-12,910	-12,976	-12,991	-13,075	-13,079	-13,102	-13,097	-13,101	-13,105	-13,112	-13,099	-13,069	-13,019	-12,928	-12,814	-0,167	-0,128	-0,116	-0,082	-0,057	-0,033	-0,010	0,005	0,025	0,047	0,080	0,132	0,171	0,194	0,158	0,000	0,000
1,000	-16,706	-16,666	-16,581	-16,384	-16,234	-16,142	-16,081	-16,036	-15,992	-15,966	-15,918	-15,885	-15,826	-15,741	-15,632	0,076	0,193	0,259	0,338	0,330	0,290	0,266	0,242	0,217	0,208	0,205	0,207	0,214	0,218	0,173	0,000	0,000
2,000	-10,198	-10,190	-10,155	-10,030	-9,932	-9,854	-9,809	-9,776	-9,727	-9,690	-9,636	-9,569	-9,469	-9,319	-9,149	0,023	0,089	0,144	0,230	0,247	0,232	0,239	0,227	0,234	0,248	0,274	0,311	0,344	0,346	0,263	0,000	0,000
3,000	-20,357	-20,339	-20,270	-19,969	-19,755	-19,628	-19,559	-19,501	-19,449	-19,432	-19,395	-19,351	-19,299	-19,182	-19,063	0,098	0,274	0,335	0,465	0,444	0,374	0,330	0,288	0,255	0,223	0,221	0,229	0,244	0,255	0,189	0,000	0,000
4,000	-10,866	-10,978	-10,885	-10,862	-10,834	-10,837	-10,828	-10,828	-10,822	-10,805	-10,767	-10,691	-10,562	-10,337	-10,043	-0,293	0,002	-0,016	0,040	0,044	0,072	0,079	0,098	0,127	0,189	0,275	0,361	0,459	0,513	0,423	0,000	0,000
5,000	-12,442	-12,360	-12,548	-12,557	-12,575	-12,552	-12,536	-12,533	-12,512	-12,510	-12,449	-12,375	-12,234	-11,988	-11,670	-0,008	-0,214	-0,139	-0,029	0,014	0,028	0,072	0,107	0,147	0,197	0,293	0,387	0,494	0,553	0,454	0,000	0,000
6,000	-7,429	-7,189	-7,006	-6,802	-6,685	-6,616	-6,569	-6,538	-6,500	-6,471	-6,426	-6,385	-6,328	-6,228	-6,124	0,762	0,634	0,542	0,413	0,350	0,284	0,251	0,231	0,215	0,196	0,203	0,220	0,223	0,228	0,168	0,000	0,000
7,000	-3,583	-3,284	-3,189	-3,058	-3,008	-2,980	-2,964	-2,959	-2,947	-2,940	-2,930	-2,915	-2,906	-2,873	-2,843	1,378	0,793	0,603	0,339	0,243	0,169	0,133	0,113	0,093	0,077	0,073	0,070	0,075	0,069	0,056	0,000	0,000
8,000	-16,461	-16,232	-16,126	-16,111	-16,076	-16,102	-16,132	-16,160	-16,188	-16,234	-16,257	-16,293	-16,310	-16,306	-16,296	1,458	0,849	0,556	0,212	0,109	0,018	-0,017	-0,057	-0,071	-0,083	-0,068	-0,053	-0,035	-0,008	0,005	0,000	0,000
9,000	-10,531	-10,438	-10,369	-10,159	-10,014	-9,894	-9,825	-9,773	-9,716	-9,674	-9,623	-9,568	-9,506	-9,410	-9,310	0,017	0,150	0,238	0,359	0,364	0,330	0,312	0,282	0,264	0,244	0,239	0,240	0,240	0,230	0,167	0,000	0,000
10,000	-10,504	-10,502	-10,365	-10,192	-10,080	-10,039	-10,016	-9,997	-9,979	-9,984	-9,958	-9,929	-9,884	-9,806	-9,712	-0,210	0,116	0,167	0,233	0,195	0,157	0,140	0,123	0,106	0,115	0,126	0,140	0,171	0,179	0,143	0,000	0,000
11,000	-10,700	-10,627	-10,606	-10,471	-10,392	-10,337	-10,305	-10,285	-10,251	-10,236	-10,201	-10,160	-10,099	-9,994	-9,880	-0,033	0,050	0,111	0,186	0,184	0,156	0,155	0,147	0,149	0,156	0,175	0,200	0,216	0,229	0,174	0,000	0,000
12,000	-14,812	-14,890	-14,835	-14,794	-14,747	-14,725	-14,717	-14,709	-14,688	-14,698	-14,672	-14,637	-14,587	-14,475	-14,344	-0,176	-0,032	0,015	0,077	0,077	0,067	0,071	0,075	0,084	0,087	0,128	0,168	0,210	0,234	0,187	0,000	0,000
13,000	-8,523	-8,666	-8,639	-8,680	-8,658	-8,650	-8,643	-8,619	-8,594	-8,569	-8,522	-8,449	-8,341	-8,181	-7,979	-0,181	-0,090	-0,073	-0,008	0,033	0,071	0,091	0,123	0,149	0,192	0,250	0,295	0,354	0,371	0,297	0,000	0,000
14,000	-11,703	-11,619	-11,666	-11,627	-11,600	-11,574	-11,569	-11,556	-11,543	-11,539	-11,525	-11,482	-11,402	-11,257	-11,065	-0,122	-0,080	-0,030	0,043	0,048	0,059	0,075	0,076	0,089	0,122	0,153	0,220	0,288	0,326	0,260	0,000	0,000
15,000	-8,790	-8,923	-8,828	-8,842	-8,790	-8,791	-8,784	-8,768	-8,752	-8,754	-8,731	-8,698	-8,654	-8,573	-8,488	-0,202	0,011	-0,007	0,034	0,041	0,053	0,059	0,069	0,075	0,093	0,112	0,131	0,162	0,166	0,137	0,000	0,000
	run	15	2022:11:08    10:54:26,881
0,000	-12,910	-12,976	-12,991	-13,075	-13,079	-13,102	-13,097	-13,101	-13,105	-13,112	-13,099	-13,069	-13,019	-12,928	-12,814	-0,167	-0,128	-0,116	-0,082	-0,057	-0,033	-0,010	0,005	0,025	0,047	0,080	0,132	0,171	0,194	0,158	0,000	0,000
1,000	-16,706	-16,666	-16,581	-16,384	-16,234	-16,142	-16,081	-16,036	-15,992	-15,966	-15,918	-15,885	-15,826	-15,741	-15,632	0,076	0,193	0,259	0,338	0,330	0,290	0,266	0,242	0,217	0,208	0,205	0,207	0,214	0,218	0,173	0,000	0,000
2,000	-10,198	-10,190	-10,155	-10,030	-9,932	-9,854	-9,809	-9,776	-9,727	-9,690	-9,636	-9,569	-9,469	-9,319	-9,149	0,023	0,089	0,144	0,230	0,247	0,232	0,239	0,227	0,234	0,248	0,274	0,311	0,344	0,346	0,263	0,000	0,000
3,000	-20,357	-20,339	-20,270	-19,969	-19,755	-19,628	-19,559	-19,501	-19,449	-19,432	-19,395	-19,351	-19,299	-19,182	-19,063	0,098	0,274	0,335	0,465	0,444	0,374	0,330	0,288	0,255	0,223	0,221	0,229	0,244	0,255	0,189	0,000	0,000
4,000	-10,866	-10,978	-10,885	-10,862	-10,834	-10,837	-10,828	-10,828	-10,822	-10,805	-10,767	-10,691	-10,562	-10,337	-10,043	-0,293	0,002	-0,016	0,040	0,044	0,072	0,079	0,098	0,127	0,189	0,275	0,361	0,459	0,513	0,423	0,000	0,000
5,000	-12,442	-12,360	-12,548	-12,557	-12,575	-12,552	-12,536	-12,533	-12,512	-12,510	-12,449	-12,375	-12,234	-11,988	-11,670	-0,008	-0,214	-0,139	-0,029	0,014	0,028	0,072	0,107	0,147	0,197	0,293	0,387	0,494	0,553	0,454	0,000	0,000
6,000	-7,455	-7,222	-7,034	-6,822	-6,702	-6,631	-6,601	-6,560	-6,517	-6,487	-6,448	-6,402	-6,346	-6,253	-6,141	0,754	0,632	0,539	0,413	0,350	0,288	0,259	0,232	0,217	0,203	0,210	0,220	0,225	0,227	0,174	0,000	0,000
7,000	-3,515	-3,210	-3,118	-2,991	-2,952	-2,926	-2,911	-2,903	-2,887	-2,886	-2,881	-2,870	-2,862	-2,833	-2,801	1,337	0,776	0,573	0,323	0,226	0,157	0,132	0,106	0,087	0,072	0,066	0,056	0,061	0,060	0,041	0,000	0,000
8,000	-16,183	-15,973	-15,853	-15,831	-15,795	-15,827	-15,853	-15,877	-15,907	-15,953	-15,978	-16,004	-16,031	-16,018	-16,005	1,432	0,837	0,547	0,216	0,108	0,023	-0,018	-0,053	-0,064	-0,074	-0,066	-0,052	-0,028	-0,002	0,005	0,000	0,000
9,000	-10,189	-10,128	-10,071	-9,909	-9,779	-9,661	-9,593	-9,544	-9,490	-9,442	-9,392	-9,348	-9,285	-9,194	-9,098	-0,025	0,083	0,176	0,312	0,326	0,299	0,290	0,263	0,248	0,231	0,232	0,229	0,225	0,223	0,161	0,000	0,000
10,000	-10,074	-10,114	-9,988	-9,840	-9,752	-9,702	-9,681	-9,666	-9,647	-9,642	-9,627	-9,600	-9,549	-9,473	-9,386	-0,247	0,075	0,111	0,186	0,170	0,144	0,127	0,109	0,103	0,109	0,119	0,141	0,162	0,170	0,135	0,000	0,000
11,000	-10,456	-10,399	-10,400	-10,264	-10,187	-10,129	-10,105	-10,084	-10,047	-10,035	-10,003	-9,959	-9,899	-9,802	-9,688	-0,052	0,040	0,097	0,173	0,176	0,152	0,147	0,143	0,148	0,149	0,168	0,198	0,209	0,221	0,167	0,000	0,000
12,000	-14,627	-14,701	-14,655	-14,617	-14,557	-14,550	-14,529	-14,526	-14,509	-14,524	-14,481	-14,461	-14,408	-14,299	-14,171	-0,185	-0,025	0,020	0,067	0,072	0,060	0,063	0,074	0,078	0,090	0,134	0,166	0,209	0,230	0,190	0,000	0,000
13,000	-8,576	-8,647	-8,641	-8,673	-8,656	-8,642	-8,632	-8,619	-8,594	-8,561	-8,508	-8,435	-8,332	-8,176	-7,967	-0,138	-0,074	-0,049	0,002	0,039	0,070	0,098	0,117	0,153	0,191	0,242	0,298	0,351	0,378	0,299	0,000	0,000
14,000	-11,793	-11,777	-11,787	-11,763	-11,738	-11,709	-11,691	-11,679	-11,670	-11,672	-11,628	-11,606	-11,524	-11,381	-11,179	-0,169	-0,094	-0,032	0,024	0,054	0,068	0,070	0,073	0,094	0,125	0,178	0,225	0,294	0,336	0,276	0,000	0,000
15,000	-8,909	-9,043	-8,941	-8,958	-8,910	-8,909	-8,905	-8,891	-8,872	-8,874	-8,851	-8,819	-8,771	-8,694	-8,602	-0,190	0,012	-0,013	0,035	0,040	0,056	0,059	0,071	0,074	0,092	0,109	0,133	0,158	0,171	0,138	0,000	0,000
	run	16	2022:11:08    10:54:26,980
0,000	-13,277	-13,349	-13,357	-13,446	-13,464	-13,480	-13,483	-13,495	-13,492	-13,495	-13,488	-13,455	-13,401	-13,302	-13,178	-0,172	-0,140	-0,128	-0,091	-0,076	-0,037	-0,017	-0,002	0,023	0,045	0,087	0,139	0,181	0,204	0,167	0,000	0,000
1,000	-17,436	-17,376	-17,278	-17,051	-16,892	-16,782	-16,721	-16,673	-16,630	-16,603	-16,548	-16,510	-16,452	-16,358	-16,241	0,096	0,240	0,296	0,371	0,367	0,317	0,293	0,261	0,238	0,225	0,226	0,228	0,237	0,242	0,186	0,000	0,000
2,000	-10,492	-10,491	-10,439	-10,307	-10,207	-10,120	-10,078	-10,041	-9,994	-9,960	-9,897	-9,825	-9,719	-9,559	-9,369	0,033	0,098	0,165	0,252	0,263	0,245	0,246	0,234	0,247	0,259	0,300	0,333	0,366	0,377	0,288	0,000	0,000
3,000	-20,929	-20,880	-20,793	-20,441	-20,213	-20,077	-20,008	-19,948	-19,898	-19,882	-19,842	-19,803	-19,743	-19,626	-19,492	0,166	0,350	0,409	0,524	0,489	0,402	0,352	0,299	0,261	0,225	0,220	0,239	0,255	0,262	0,198	0,000	0,000
4,000	-11,105	-11,221	-11,119	-11,119	-11,084	-11,082	-11,086	-11,079	-11,073	-11,066	-11,019	-10,949	-10,798	-10,567	-10,260	-0,301	-0,002	-0,035	0,030	0,039	0,070	0,081	0,098	0,128	0,195	0,286	0,377	0,475	0,531	0,438	0,000	0,000
5,000	-12,517	-12,415	-12,612	-12,624	-12,633	-12,614	-12,598	-12,602	-12,574	-12,561	-12,512	-12,433	-12,288	-12,032	-11,705	-0,015	-0,222	-0,147	-0,024	0,016	0,031	0,074	0,106	0,153	0,212	0,299	0,395	0,500	0,561	0,461	0,000	0,000
6,000	-7,367	-7,122	-6,936	-6,740	-6,615	-6,544	-6,504	-6,471	-6,430	-6,404	-6,368	-6,324	-6,265	-6,174	-6,079	0,752	0,636	0,536	0,410	0,350	0,285	0,254	0,232	0,207	0,197	0,202	0,209	0,213	0,211	0,156	0,000	0,000
7,000	-3,395	-3,122	-3,037	-2,940	-2,885	-2,867	-2,852	-2,843	-2,828	-2,830	-2,822	-2,812	-2,801	-2,778	-2,751	1,306	0,750	0,538	0,296	0,211	0,144	0,123	0,101	0,080	0,069	0,064	0,056	0,056	0,057	0,041	0,000	0,000
8,000	-15,439	-15,203	-15,090	-15,044	-15,001	-15,025	-15,050	-15,075	-15,103	-15,150	-15,173	-15,198	-15,216	-15,214	-15,197	1,436	0,860	0,586	0,233	0,127	0,034	-0,004	-0,038	-0,058	-0,066	-0,058	-0,042	-0,031	0,007	0,017	0,000	0,000
9,000	-9,742	-9,715	-9,657	-9,540	-9,422	-9,309	-9,247	-9,206	-9,143	-9,114	-9,059	-9,008	-8,954	-8,867	-8,776	-0,056	0,055	0,136	0,262	0,289	0,275	0,268	0,246	0,231	0,223	0,211	0,215	0,217	0,208	0,148	0,000	0,000
10,000	-9,961	-9,986	-9,867	-9,726	-9,631	-9,594	-9,571	-9,551	-9,541	-9,535	-9,515	-9,492	-9,445	-9,370	-9,280	-0,245	0,059	0,105	0,186	0,159	0,135	0,127	0,112	0,098	0,106	0,117	0,135	0,161	0,164	0,131	0,000	0,000
11,000	-10,324	-10,266	-10,259	-10,138	-10,065	-10,011	-9,982	-9,967	-9,935	-9,920	-9,883	-9,846	-9,787	-9,693	-9,584	-0,062	0,025	0,081	0,164	0,165	0,140	0,152	0,140	0,140	0,144	0,166	0,184	0,205	0,213	0,163	0,000	0,000
12,000	-14,697	-14,771	-14,708	-14,676	-14,615	-14,608	-14,593	-14,578	-14,565	-14,578	-14,545	-14,513	-14,464	-14,351	-14,223	-0,166	-0,016	0,016	0,073	0,074	0,068	0,072	0,077	0,082	0,093	0,131	0,164	0,210	0,230	0,186	0,000	0,000
13,000	-8,457	-8,608	-8,560	-8,610	-8,588	-8,583	-8,574	-8,551	-8,532	-8,502	-8,446	-8,381	-8,276	-8,117	-7,918	-0,192	-0,087	-0,058	-0,007	0,034	0,076	0,095	0,117	0,155	0,191	0,247	0,294	0,344	0,370	0,294	0,000	0,000
14,000	-11,806	-11,735	-11,796	-11,744	-11,737	-11,707	-11,688	-11,683	-11,667	-11,667	-11,647	-11,601	-11,510	-11,367	-11,167	-0,082	-0,088	-0,038	0,046	0,054	0,062	0,075	0,075	0,091	0,123	0,175	0,231	0,301	0,346	0,287	0,000	0,000
15,000	-9,045	-9,192	-9,071	-9,103	-9,048	-9,043	-9,040	-9,018	-9,003	-9,001	-8,979	-8,947	-8,889	-8,812	-8,721	-0,202	0,011	-0,006	0,040	0,048	0,062	0,066	0,076	0,083	0,098	0,123	0,138	0,168	0,178	0,143	0,000	0,000
	run	17	2022:11:08    10:54:27,082
0,000	-13,361	-13,444	-13,476	-13,553	-13,577	-13,590	-13,595	-13,598	-13,593	-13,604	-13,593	-13,558	-13,506	-13,409	-13,285	-0,184	-0,142	-0,122	-0,087	-0,069	-0,039	-0,017	0,000	0,026	0,053	0,090	0,138	0,182	0,210	0,172	0,000	0,000
1,000	-17,315	-17,271	-17,165	-16,931	-16,783	-16,674	-16,620	-16,569	-16,527	-16,490	-16,449	-16,407	-16,350	-16,254	-16,139	0,127	0,242	0,296	0,375	0,357	0,319	0,296	0,249	0,232	0,219	0,220	0,226	0,234	0,239	0,179	0,000	0,000
2,000	-10,597	-10,589	-10,550	-10,417	-10,302	-10,227	-10,173	-10,138	-10,095	-10,057	-9,987	-9,920	-9,810	-9,650	-9,462	0,028	0,118	0,167	0,260	0,263	0,244	0,250	0,244	0,248	0,263	0,303	0,340	0,369	0,374	0,293	0,000	0,000
3,000	-20,993	-20,935	-20,852	-20,492	-20,276	-20,141	-20,069	-20,008	-19,952	-19,945	-19,903	-19,861	-19,803	-19,689	-19,553	0,152	0,317	0,402	0,530	0,487	0,399	0,349	0,299	0,264	0,228	0,231	0,247	0,258	0,264	0,201	0,000	0,000
4,000	-11,214	-11,324	-11,204	-11,220	-11,187	-11,179	-11,183	-11,176	-11,176	-11,152	-11,114	-11,041	-10,895	-10,659	-10,349	-0,295	0,002	-0,025	0,030	0,046	0,067	0,085	0,107	0,135	0,201	0,296	0,384	0,482	0,537	0,447	0,000	0,000
5,000	-12,669	-12,567	-12,748	-12,768	-12,780	-12,754	-12,737	-12,739	-12,716	-12,700	-12,653	-12,566	-12,422	-12,163	-11,843	-0,040	-0,198	-0,132	-0,020	0,018	0,041	0,077	0,113	0,151	0,218	0,297	0,402	0,509	0,570	0,468	0,000	0,000
6,000	-7,441	-7,207	-7,025	-6,810	-6,693	-6,622	-6,586	-6,550	-6,509	-6,484	-6,443	-6,400	-6,341	-6,246	-6,140	0,785	0,649	0,543	0,420	0,356	0,281	0,256	0,232	0,215	0,200	0,206	0,212	0,216	0,219	0,168	0,000	0,000
7,000	-3,405	-3,108	-3,038	-2,927	-2,885	-2,863	-2,848	-2,844	-2,829	-2,821	-2,821	-2,807	-2,793	-2,779	-2,755	1,313	0,751	0,542	0,304	0,217	0,146	0,118	0,099	0,078	0,065	0,059	0,055	0,055	0,052	0,035	0,000	0,000
8,000	-15,437	-15,214	-15,077	-15,030	-14,988	-15,017	-15,043	-15,061	-15,093	-15,132	-15,162	-15,185	-15,207	-15,204	-15,190	1,394	0,851	0,572	0,240	0,127	0,037	-0,006	-0,040	-0,064	-0,066	-0,054	-0,044	-0,029	-0,002	0,011	0,000	0,000
9,000	-9,749	-9,721	-9,689	-9,568	-9,461	-9,353	-9,294	-9,249	-9,193	-9,158	-9,110	-9,067	-9,005	-8,919	-8,833	-0,064	0,055	0,120	0,246	0,270	0,262	0,254	0,237	0,226	0,214	0,212	0,208	0,207	0,200	0,143	0,000	0,000
10,000	-9,663	-9,710	-9,599	-9,490	-9,410	-9,379	-9,352	-9,341	-9,322	-9,329	-9,311	-9,286	-9,242	-9,171	-9,088	-0,257	0,027	0,064	0,146	0,134	0,111	0,103	0,096	0,085	0,096	0,109	0,128	0,150	0,163	0,131	0,000	0,000
11,000	-10,224	-10,163	-10,158	-10,053	-9,986	-9,935	-9,910	-9,889	-9,854	-9,843	-9,808	-9,768	-9,715	-9,622	-9,517	-0,068	0,008	0,069	0,149	0,155	0,137	0,137	0,135	0,139	0,137	0,157	0,180	0,204	0,209	0,156	0,000	0,000
12,000	-14,119	-14,192	-14,141	-14,104	-14,045	-14,033	-14,026	-14,015	-14,001	-14,007	-13,984	-13,949	-13,902	-13,796	-13,675	-0,166	-0,024	0,020	0,070	0,072	0,062	0,070	0,069	0,079	0,085	0,123	0,156	0,195	0,222	0,177	0,000	0,000
13,000	-8,385	-8,475	-8,462	-8,503	-8,493	-8,482	-8,469	-8,454	-8,431	-8,404	-8,344	-8,278	-8,176	-8,023	-7,819	-0,156	-0,084	-0,062	-0,003	0,034	0,070	0,095	0,115	0,152	0,190	0,244	0,289	0,344	0,368	0,290	0,000	0,000
14,000	-11,779	-11,744	-11,754	-11,724	-11,713	-11,690	-11,672	-11,665	-11,656	-11,645	-11,628	-11,590	-11,508	-11,357	-11,163	-0,184	-0,079	-0,031	0,041	0,058	0,065	0,074	0,079	0,095	0,118	0,171	0,230	0,295	0,338	0,274	0,000	0,000
15,000	-9,056	-9,186	-9,078	-9,095	-9,046	-9,047	-9,036	-9,023	-9,005	-9,001	-8,972	-8,946	-8,893	-8,812	-8,717	-0,201	0,019	-0,006	0,044	0,048	0,057	0,066	0,073	0,082	0,095	0,120	0,137	0,171	0,179	0,141	0,000	0,000
	run	18	2022:11:08    10:54:27,128
0,000	-13,149	-13,216	-13,236	-13,307	-13,327	-13,348	-13,359	-13,360	-13,360	-13,370	-13,355	-13,326	-13,270	-13,177	-13,052	-0,173	-0,127	-0,131	-0,087	-0,070	-0,035	-0,017	-0,001	0,020	0,044	0,086	0,132	0,174	0,205	0,165	0,000	0,000
1,000	-17,288	-17,229	-17,140	-16,927	-16,782	-16,671	-16,613	-16,563	-16,512	-16,487	-16,439	-16,394	-16,338	-16,235	-16,108	0,098	0,211	0,258	0,348	0,350	0,307	0,287	0,256	0,236	0,223	0,228	0,228	0,245	0,253	0,192	0,000	0,000
2,000	-10,597	-10,589	-10,550	-10,417	-10,302	-10,227	-10,173	-10,138	-10,095	-10,057	-9,987	-9,920	-9,810	-9,650	-9,462	0,028	0,118	0,167	0,260	0,263	0,244	0,250	0,244	0,248	0,263	0,303	0,340	0,369	0,374	0,293	0,000	0,000
3,000	-20,993	-20,935	-20,852	-20,492	-20,276	-20,141	-20,069	-20,008	-19,952	-19,945	-19,903	-19,861	-19,803	-19,689	-19,553	0,152	0,317	0,402	0,530	0,487	0,399	0,349	0,299	0,264	0,228	0,231	0,247	0,258	0,264	0,201	0,000	0,000
4,000	-11,214	-11,324	-11,204	-11,220	-11,187	-11,179	-11,183	-11,176	-11,176	-11,152	-11,114	-11,041	-10,895	-10,659	-10,349	-0,295	0,002	-0,025	0,030	0,046	0,067	0,085	0,107	0,135	0,201	0,296	0,384	0,482	0,537	0,447	0,000	0,000
5,000	-12,669	-12,567	-12,748	-12,768	-12,780	-12,754	-12,737	-12,739	-12,716	-12,700	-12,653	-12,566	-12,422	-12,163	-11,843	-0,040	-0,198	-0,132	-0,020	0,018	0,041	0,077	0,113	0,151	0,218	0,297	0,402	0,509	0,570	0,468	0,000	0,000
6,000	-7,441	-7,207	-7,025	-6,810	-6,693	-6,622	-6,586	-6,550	-6,509	-6,484	-6,443	-6,400	-6,341	-6,246	-6,140	0,785	0,649	0,543	0,420	0,356	0,281	0,256	0,232	0,215	0,200	0,206	0,212	0,216	0,219	0,168	0,000	0,000
7,000	-3,405	-3,108	-3,038	-2,927	-2,885	-2,863	-2,848	-2,844	-2,829	-2,821	-2,821	-2,807	-2,793	-2,779	-2,755	1,313	0,751	0,542	0,304	0,217	0,146	0,118	0,099	0,078	0,065	0,059	0,055	0,055	0,052	0,035	0,000	0,000
8,000	-15,519	-15,281	-15,162	-15,116	-15,076	-15,103	-15,125	-15,154	-15,182	-15,222	-15,248	-15,280	-15,299	-15,292	-15,278	1,435	0,849	0,573	0,236	0,131	0,033	-0,006	-0,039	-0,063	-0,076	-0,058	-0,041	-0,033	-0,004	0,008	0,000	0,000
9,000	-9,769	-9,728	-9,686	-9,560	-9,436	-9,332	-9,269	-9,225	-9,166	-9,125	-9,082	-9,033	-8,971	-8,893	-8,801	-0,046	0,054	0,139	0,257	0,287	0,275	0,266	0,245	0,235	0,216	0,212	0,211	0,208	0,198	0,147	0,000	0,000
10,000	-9,777	-9,804	-9,699	-9,588	-9,506	-9,469	-9,447	-9,439	-9,418	-9,419	-9,409	-9,384	-9,336	-9,265	-9,182	-0,256	0,032	0,073	0,146	0,128	0,115	0,107	0,093	0,085	0,093	0,108	0,123	0,150	0,158	0,131	0,000	0,000
11,000	-10,205	-10,148	-10,158	-10,043	-9,975	-9,923	-9,901	-9,879	-9,841	-9,836	-9,797	-9,759	-9,702	-9,610	-9,510	-0,074	0,011	0,066	0,149	0,157	0,138	0,143	0,138	0,138	0,143	0,161	0,180	0,198	0,208	0,157	0,000	0,000
12,000	-14,244	-14,308	-14,259	-14,219	-14,158	-14,145	-14,138	-14,131	-14,113	-14,118	-14,094	-14,068	-14,012	-13,903	-13,777	-0,159	-0,015	0,017	0,070	0,074	0,064	0,070	0,066	0,082	0,091	0,124	0,161	0,199	0,225	0,182	0,000	0,000
13,000	-8,429	-8,509	-8,493	-8,530	-8,525	-8,518	-8,500	-8,485	-8,456	-8,432	-8,379	-8,310	-8,204	-8,051	-7,855	-0,151	-0,089	-0,064	-0,005	0,034	0,071	0,094	0,116	0,152	0,189	0,242	0,297	0,343	0,365	0,290	0,000	0,000
14,000	-11,991	-11,982	-11,983	-11,950	-11,937	-11,906	-11,898	-11,885	-11,870	-11,867	-11,832	-11,812	-11,719	-11,574	-11,368	-0,178	-0,091	-0,025	0,037	0,055	0,062	0,077	0,086	0,088	0,124	0,176	0,239	0,302	0,346	0,289	0,000	0,000
15,000	-9,016	-9,137	-9,044	-9,052	-9,011	-9,007	-9,000	-8,988	-8,971	-8,969	-8,944	-8,913	-8,863	-8,792	-8,696	-0,196	0,020	-0,005	0,042	0,046	0,056	0,060	0,070	0,076	0,093	0,114	0,133	0,163	0,172	0,138	0,000	0,000
	run	19	2022:11:08    10:54:27,228
0,000	-13,140	-13,224	-13,230	-13,322	-13,338	-13,351	-13,355	-13,361	-13,357	-13,366	-13,352	-13,322	-13,275	-13,178	-13,060	-0,167	-0,137	-0,121	-0,079	-0,062	-0,035	-0,016	0,003	0,028	0,045	0,089	0,135	0,176	0,204	0,165	0,000	0,000
1,000	-17,146	-17,089	-17,000	-16,781	-16,635	-16,526	-16,468	-16,420	-16,376	-16,342	-16,303	-16,262	-16,204	-16,114	-15,998	0,097	0,225	0,268	0,352	0,355	0,308	0,288	0,251	0,228	0,216	0,218	0,222	0,225	0,236	0,185	0,000	0,000
2,000	-10,356	-10,357	-10,320	-10,193	-10,092	-10,016	-9,974	-9,929	-9,885	-9,851	-9,788	-9,721	-9,621	-9,467	-9,285	0,023	0,093	0,151	0,239	0,253	0,232	0,239	0,235	0,240	0,249	0,290	0,324	0,354	0,361	0,273	0,000	0,000
3,000	-20,517	-20,512	-20,425	-20,106	-19,893	-19,761	-19,689	-19,635	-19,586	-19,569	-19,529	-19,488	-19,431	-19,318	-19,193	0,112	0,290	0,356	0,489	0,464	0,380	0,337	0,290	0,256	0,218	0,219	0,233	0,242	0,256	0,193	0,000	0,000
4,000	-10,887	-10,996	-10,915	-10,903	-10,870	-10,883	-10,869	-10,869	-10,865	-10,851	-10,808	-10,738	-10,596	-10,368	-10,068	-0,289	-0,012	-0,017	0,032	0,037	0,065	0,076	0,101	0,129	0,194	0,285	0,361	0,464	0,527	0,432	0,000	0,000
5,000	-12,636	-12,557	-12,729	-12,749	-12,767	-12,744	-12,723	-12,732	-12,704	-12,688	-12,649	-12,554	-12,416	-12,166	-11,839	-0,022	-0,211	-0,145	-0,018	0,011	0,034	0,073	0,117	0,154	0,213	0,284	0,400	0,503	0,571	0,463	0,000	0,000
6,000	-7,441	-7,188	-7,015	-6,795	-6,680	-6,605	-6,570	-6,537	-6,490	-6,471	-6,427	-6,389	-6,331	-6,236	-6,133	0,764	0,638	0,549	0,412	0,349	0,287	0,261	0,226	0,211	0,202	0,204	0,215	0,212	0,217	0,162	0,000	0,000
7,000	-3,430	-3,154	-3,085	-2,972	-2,929	-2,898	-2,890	-2,885	-2,866	-2,862	-2,853	-2,845	-2,832	-2,811	-2,783	1,337	0,762	0,559	0,308	0,218	0,152	0,128	0,100	0,084	0,073	0,064	0,063	0,058	0,056	0,040	0,000	0,000
8,000	-15,647	-15,414	-15,295	-15,258	-15,227	-15,246	-15,271	-15,294	-15,328	-15,369	-15,396	-15,425	-15,451	-15,440	-15,429	1,448	0,858	0,570	0,236	0,130	0,031	-0,009	-0,044	-0,064	-0,078	-0,065	-0,049	-0,032	-0,003	0,006	0,000	0,000
9,000	-10,003	-9,967	-9,914	-9,766	-9,637	-9,521	-9,458	-9,409	-9,352	-9,314	-9,261	-9,214	-9,154	-9,067	-8,975	-0,049	0,068	0,159	0,283	0,308	0,294	0,283	0,261	0,243	0,224	0,222	0,222	0,221	0,215	0,152	0,000	0,000
10,000	-9,965	-9,999	-9,882	-9,754	-9,663	-9,627	-9,601	-9,590	-9,571	-9,576	-9,555	-9,528	-9,479	-9,411	-9,322	-0,251	0,055	0,099	0,173	0,152	0,131	0,118	0,105	0,093	0,098	0,113	0,129	0,157	0,166	0,130	0,000	0,000
11,000	-10,295	-10,238	-10,230	-10,116	-10,045	-9,990	-9,962	-9,937	-9,906	-9,899	-9,863	-9,818	-9,764	-9,671	-9,563	-0,072	0,026	0,082	0,158	0,163	0,144	0,148	0,141	0,143	0,143	0,162	0,188	0,203	0,212	0,163	0,000	0,000
12,000	-14,444	-14,511	-14,459	-14,420	-14,363	-14,345	-14,341	-14,327	-14,311	-14,323	-14,295	-14,260	-14,210	-14,099	-13,970	-0,170	-0,007	0,021	0,075	0,080	0,066	0,069	0,080	0,078	0,095	0,132	0,171	0,207	0,234	0,188	0,000	0,000
13,000	-8,390	-8,554	-8,498	-8,553	-8,533	-8,529	-8,515	-8,494	-8,477	-8,445	-8,394	-8,321	-8,225	-8,069	-7,864	-0,195	-0,087	-0,072	-0,007	0,033	0,067	0,093	0,123	0,150	0,188	0,238	0,289	0,342	0,361	0,288	0,000	0,000
14,000	-11,803	-11,731	-11,791	-11,745	-11,732	-11,704	-11,694	-11,686	-11,673	-11,661	-11,658	-11,610	-11,526	-11,386	-11,177	-0,109	-0,097	-0,023	0,037	0,051	0,056	0,069	0,078	0,093	0,120	0,167	0,226	0,284	0,335	0,274	0,000	0,000
15,000	-8,958	-9,087	-8,984	-9,003	-8,954	-8,951	-8,944	-8,928	-8,916	-8,913	-8,888	-8,854	-8,806	-8,728	-8,634	-0,189	0,025	-0,012	0,038	0,045	0,064	0,065	0,074	0,077	0,096	0,117	0,136	0,162	0,174	0,145	0,000	0,000
	run	20	2022:11:08    10:54:27,280
0,000	-13,140	-13,224	-13,230	-13,322	-13,338	-13,351	-13,355	-13,361	-13,357	-13,366	-13,352	-13,322	-13,275	-13,178	-13,060	-0,167	-0,137	-0,121	-0,079	-0,062	-0,035	-0,016	0,003	0,028	0,045	0,089	0,135	0,176	0,204	0,165	0,000	0,000
1,000	-17,146	-17,089	-17,000	-16,781	-16,635	-16,526	-16,468	-16,420	-16,376	-16,342	-16,303	-16,262	-16,204	-16,114	-15,998	0,097	0,225	0,268	0,352	0,355	0,308	0,288	0,251	0,228	0,216	0,218	0,222	0,225	0,236	0,185	0,000	0,000
2,000	-10,356	-10,357	-10,320	-10,193	-10,092	-10,016	-9,974	-9,929	-9,885	-9,851	-9,788	-9,721	-9,621	-9,467	-9,285	0,023	0,093	0,151	0,239	0,253	0,232	0,239	0,235	0,240	0,249	0,290	0,324	0,354	0,361	0,273	0,000	0,000
3,000	-20,517	-20,512	-20,425	-20,106	-19,893	-19,761	-19,689	-19,635	-19,586	-19,569	-19,529	-19,488	-19,431	-19,318	-19,193	0,112	0,290	0,356	0,489	0,464	0,380	0,337	0,290	0,256	0,218	0,219	0,233	0,242	0,256	0,193	0,000	0,000
4,000	-10,887	-10,996	-10,915	-10,903	-10,870	-10,883	-10,869	-10,869	-10,865	-10,851	-10,808	-10,738	-10,596	-10,368	-10,068	-0,289	-0,012	-0,017	0,032	0,037	0,065	0,076	0,101	0,129	0,194	0,285	0,361	0,464	0,527	0,432	0,000	0,000
5,000	-12,636	-12,557	-12,729	-12,749	-12,767	-12,744	-12,723	-12,732	-12,704	-12,688	-12,649	-12,554	-12,416	-12,166	-11,839	-0,022	-0,211	-0,145	-0,018	0,011	0,034	0,073	0,117	0,154	0,213	0,284	0,400	0,503	0,571	0,463	0,000	0,000
6,000	-7,496	-7,230	-7,054	-6,839	-6,725	-6,658	-6,612	-6,579	-6,540	-6,517	-6,468	-6,424	-6,366	-6,268	-6,165	0,753	0,655	0,546	0,418	0,348	0,285	0,257	0,229	0,216	0,202	0,208	0,215	0,229	0,226	0,171	0,000	0,000
7,000	-3,493	-3,206	-3,115	-2,995	-2,958	-2,928	-2,913	-2,900	-2,894	-2,888	-2,881	-2,868	-2,857	-2,830	-2,806	1,356	0,773	0,560	0,321	0,231	0,160	0,137	0,112	0,086	0,076	0,061	0,068	0,058	0,062	0,048	0,000	0,000
8,000	-16,049	-15,834	-15,718	-15,691	-15,664	-15,690	-15,709	-15,742	-15,764	-15,818	-15,840	-15,868	-15,890	-15,881	-15,871	1,453	0,840	0,554	0,220	0,113	0,020	-0,020	-0,048	-0,064	-0,074	-0,069	-0,044	-0,034	-0,003	0,012	0,000	0,000
9,000	-10,194	-10,147	-10,081	-9,912	-9,778	-9,658	-9,592	-9,544	-9,481	-9,442	-9,391	-9,343	-9,282	-9,195	-9,097	-0,023	0,098	0,180	0,313	0,330	0,304	0,290	0,265	0,249	0,235	0,233	0,226	0,227	0,218	0,157	0,000	0,000
10,000	-10,120	-10,136	-10,009	-9,869	-9,769	-9,729	-9,703	-9,686	-9,669	-9,666	-9,649	-9,623	-9,574	-9,496	-9,408	-0,237	0,076	0,128	0,196	0,172	0,150	0,126	0,118	0,103	0,106	0,117	0,136	0,162	0,172	0,136	0,000	0,000
11,000	-10,499	-10,437	-10,415	-10,296	-10,214	-10,162	-10,126	-10,109	-10,073	-10,059	-10,023	-9,977	-9,925	-9,826	-9,715	-0,041	0,047	0,103	0,183	0,178	0,157	0,158	0,149	0,152	0,153	0,175	0,195	0,213	0,220	0,171	0,000	0,000
12,000	-14,662	-14,745	-14,682	-14,655	-14,598	-14,578	-14,576	-14,565	-14,545	-14,557	-14,524	-14,496	-14,445	-14,335	-14,207	-0,181	-0,025	0,016	0,068	0,073	0,064	0,067	0,075	0,080	0,091	0,126	0,166	0,211	0,240	0,183	0,000	0,000
13,000	-8,551	-8,691	-8,664	-8,704	-8,686	-8,671	-8,662	-8,642	-8,619	-8,593	-8,539	-8,470	-8,366	-8,202	-7,995	-0,170	-0,086	-0,070	-0,002	0,035	0,072	0,094	0,121	0,151	0,196	0,249	0,295	0,349	0,370	0,299	0,000	0,000
14,000	-11,675	-11,610	-11,652	-11,611	-11,599	-11,571	-11,562	-11,553	-11,542	-11,537	-11,514	-11,484	-11,394	-11,256	-11,060	-0,108	-0,080	-0,036	0,033	0,046	0,056	0,072	0,078	0,086	0,121	0,162	0,223	0,288	0,324	0,268	0,000	0,000
15,000	-8,857	-8,979	-8,877	-8,886	-8,843	-8,839	-8,836	-8,823	-8,806	-8,804	-8,779	-8,752	-8,703	-8,624	-8,535	-0,203	0,010	-0,006	0,037	0,044	0,060	0,064	0,070	0,077	0,094	0,113	0,134	0,161	0,170	0,138	0,000	0,000
	run	21	2022:11:08    10:54:27,379
0,000	-12,614	-12,690	-12,691	-12,764	-12,781	-12,789	-12,801	-12,802	-12,798	-12,806	-12,796	-12,769	-12,724	-12,633	-12,520	-0,171	-0,125	-0,111	-0,074	-0,059	-0,032	-0,009	-0,001	0,018	0,043	0,080	0,125	0,160	0,188	0,150	0,000	0,000
1,000	-16,325	-16,304	-16,241	-16,068	-15,949	-15,846	-15,800	-15,756	-15,713	-15,684	-15,640	-15,604	-15,549	-15,465	-15,351	0,043	0,160	0,206	0,295	0,295	0,267	0,254	0,219	0,209	0,201	0,202	0,206	0,212	0,220	0,166	0,000	0,000
2,000	-9,936	-9,931	-9,897	-9,780	-9,682	-9,612	-9,566	-9,529	-9,485	-9,449	-9,388	-9,333	-9,232	-9,093	-8,923	0,022	0,094	0,138	0,219	0,244	0,228	0,230	0,218	0,230	0,235	0,270	0,301	0,327	0,335	0,253	0,000	0,000
3,000	-19,852	-19,843	-19,782	-19,520	-19,317	-19,194	-19,124	-19,071	-19,018	-19,002	-18,965	-18,925	-18,869	-18,767	-18,650	0,080	0,238	0,301	0,424	0,425	0,357	0,320	0,276	0,248	0,208	0,208	0,223	0,231	0,239	0,181	0,000	0,000
4,000	-10,839	-10,956	-10,876	-10,842	-10,808	-10,814	-10,809	-10,810	-10,804	-10,779	-10,751	-10,671	-10,540	-10,319	-10,023	-0,289	-0,010	-0,012	0,045	0,045	0,074	0,082	0,097	0,127	0,186	0,273	0,362	0,454	0,510	0,421	0,000	0,000
5,000	-12,376	-12,274	-12,454	-12,475	-12,487	-12,464	-12,450	-12,447	-12,422	-12,417	-12,373	-12,285	-12,145	-11,900	-11,586	-0,027	-0,206	-0,143	-0,023	0,008	0,029	0,072	0,104	0,157	0,207	0,287	0,390	0,482	0,548	0,446	0,000	0,000
6,000	-7,446	-7,204	-7,022	-6,824	-6,702	-6,628	-6,593	-6,560	-6,514	-6,495	-6,454	-6,408	-6,346	-6,251	-6,146	0,748	0,634	0,527	0,406	0,344	0,282	0,255	0,228	0,214	0,202	0,208	0,211	0,223	0,223	0,168	0,000	0,000
7,000	-3,516	-3,219	-3,127	-3,005	-2,957	-2,927	-2,917	-2,908	-2,892	-2,899	-2,882	-2,873	-2,858	-2,829	-2,801	1,328	0,793	0,572	0,323	0,233	0,158	0,133	0,104	0,087	0,072	0,063	0,070	0,068	0,062	0,046	0,000	0,000
8,000	-16,242	-16,022	-15,894	-15,876	-15,840	-15,870	-15,900	-15,919	-15,948	-15,998	-16,021	-16,049	-16,070	-16,069	-16,053	1,451	0,845	0,555	0,218	0,111	0,022	-0,012	-0,052	-0,067	-0,079	-0,065	-0,050	-0,035	-0,005	0,007	0,000	0,000
9,000	-10,426	-10,377	-10,294	-10,106	-9,967	-9,842	-9,776	-9,727	-9,661	-9,628	-9,574	-9,528	-9,463	-9,368	-9,265	-0,014	0,139	0,210	0,337	0,351	0,319	0,304	0,276	0,262	0,236	0,232	0,236	0,234	0,225	0,165	0,000	0,000
10,000	-10,471	-10,460	-10,330	-10,143	-10,033	-9,981	-9,957	-9,942	-9,923	-9,924	-9,906	-9,875	-9,825	-9,743	-9,652	-0,194	0,115	0,172	0,237	0,199	0,161	0,142	0,129	0,112	0,117	0,129	0,146	0,169	0,180	0,145	0,000	0,000
11,000	-10,735	-10,665	-10,644	-10,499	-10,420	-10,359	-10,332	-10,307	-10,274	-10,268	-10,230	-10,178	-10,119	-10,014	-9,902	-0,023	0,067	0,119	0,199	0,192	0,160	0,160	0,155	0,155	0,160	0,182	0,205	0,220	0,233	0,174	0,000	0,000
12,000	-15,162	-15,228	-15,180	-15,136	-15,084	-15,062	-15,052	-15,043	-15,029	-15,032	-15,010	-14,971	-14,920	-14,805	-14,665	-0,186	-0,028	0,013	0,072	0,082	0,067	0,075	0,081	0,086	0,096	0,133	0,179	0,216	0,243	0,196	0,000	0,000
13,000	-8,630	-8,777	-8,738	-8,774	-8,754	-8,739	-8,732	-8,710	-8,684	-8,655	-8,607	-8,528	-8,421	-8,262	-8,050	-0,163	-0,081	-0,056	0,003	0,037	0,074	0,095	0,126	0,154	0,195	0,258	0,303	0,359	0,385	0,306	0,000	0,000
14,000	-11,826	-11,768	-11,818	-11,788	-11,762	-11,732	-11,723	-11,716	-11,700	-11,698	-11,663	-11,642	-11,550	-11,417	-11,208	-0,134	-0,097	-0,022	0,044	0,049	0,051	0,069	0,071	0,094	0,116	0,167	0,227	0,286	0,340	0,271	0,000	0,000
15,000	-8,717	-8,869	-8,763	-8,783	-8,727	-8,732	-8,722	-8,710	-8,694	-8,696	-8,675	-8,647	-8,604	-8,531	-8,444	-0,208	0,020	-0,012	0,025	0,037	0,056	0,057	0,063	0,064	0,084	0,107	0,120	0,147	0,158	0,131	0,000	0,000
	run	22	2022:11:08    10:54:27,480
0,000	-12,689	-12,756	-12,755	-12,830	-12,852	-12,863	-12,869	-12,872	-12,868	-12,869	-12,855	-12,830	-12,786	-12,695	-12,586	-0,163	-0,129	-0,122	-0,077	-0,057	-0,030	-0,008	0,007	0,025	0,048	0,082	0,128	0,162	0,186	0,149	0,000	0,000
1,000	-16,253	-16,241	-16,158	-15,979	-15,848	-15,745	-15,701	-15,653	-15,619	-15,586	-15,542	-15,507	-15,458	-15,373	-15,262	0,053	0,174	0,222	0,300	0,310	0,272	0,261	0,222	0,206	0,197	0,196	0,207	0,207	0,214	0,161	0,000	0,000
2,000	-9,841	-9,839	-9,806	-9,702	-9,617	-9,545	-9,503	-9,470	-9,428	-9,392	-9,337	-9,271	-9,177	-9,039	-8,873	0,014	0,069	0,122	0,205	0,224	0,218	0,218	0,210	0,221	0,234	0,263	0,297	0,324	0,331	0,256	0,000	0,000
3,000	-19,582	-19,608	-19,547	-19,312	-19,118	-18,999	-18,930	-18,877	-18,827	-18,812	-18,773	-18,737	-18,682	-18,578	-18,457	0,051	0,213	0,263	0,408	0,406	0,339	0,305	0,268	0,233	0,204	0,203	0,219	0,229	0,238	0,180	0,000	0,000
4,000	-10,522	-10,625	-10,519	-10,497	-10,460	-10,458	-10,464	-10,457	-10,457	-10,437	-10,401	-10,330	-10,199	-9,985	-9,714	-0,291	0,010	-0,012	0,042	0,045	0,075	0,080	0,097	0,121	0,184	0,259	0,345	0,434	0,486	0,400	0,000	0,000
5,000	-12,267	-12,178	-12,365	-12,392	-12,409	-12,378	-12,367	-12,369	-12,345	-12,333	-12,287	-12,203	-12,070	-11,833	-11,520	-0,026	-0,215	-0,156	-0,034	0,007	0,026	0,071	0,102	0,154	0,199	0,287	0,383	0,482	0,537	0,440	0,000	0,000
6,000	-7,408	-7,181	-6,990	-6,787	-6,663	-6,593	-6,560	-6,520	-6,485	-6,457	-6,416	-6,377	-6,315	-6,216	-6,114	0,747	0,630	0,532	0,414	0,340	0,283	0,259	0,231	0,212	0,198	0,207	0,215	0,227	0,226	0,171	0,000	0,000
7,000	-3,544	-3,246	-3,147	-3,029	-2,969	-2,948	-2,927	-2,921	-2,910	-2,908	-2,895	-2,888	-2,872	-2,843	-2,814	1,345	0,786	0,580	0,333	0,230	0,159	0,135	0,109	0,087	0,075	0,070	0,069	0,070	0,067	0,049	0,000	0,000
8,000	-16,320	-16,101	-15,989	-15,966	-15,934	-15,956	-15,989	-16,011	-16,034	-16,085	-16,109	-16,142	-16,161	-16,157	-16,145	1,467	0,853	0,560	0,222	0,115	0,024	-0,014	-0,054	-0,066	-0,078	-0,068	-0,049	-0,033	-0,001	0,010	0,000	0,000
9,000	-10,574	-10,482	-10,405	-10,194	-10,049	-9,927	-9,865	-9,808	-9,755	-9,711	-9,661	-9,605	-9,544	-9,446	-9,344	0,014	0,150	0,233	0,351	0,368	0,326	0,306	0,282	0,259	0,247	0,241	0,245	0,241	0,227	0,169	0,000	0,000
10,000	-10,648	-10,618	-10,459	-10,268	-10,157	-10,107	-10,082	-10,070	-10,052	-10,052	-10,026	-10,007	-9,952	-9,873	-9,779	-0,168	0,159	0,214	0,249	0,212	0,166	0,144	0,125	0,113	0,118	0,129	0,147	0,175	0,178	0,143	0,000	0,000
11,000	-10,824	-10,754	-10,732	-10,586	-10,506	-10,452	-10,420	-10,394	-10,363	-10,351	-10,313	-10,270	-10,207	-10,101	-9,982	-0,021	0,072	0,130	0,196	0,195	0,164	0,163	0,156	0,159	0,162	0,184	0,206	0,226	0,235	0,180	0,000	0,000
12,000	-15,187	-15,259	-15,209	-15,177	-15,118	-15,096	-15,089	-15,077	-15,063	-15,067	-15,053	-15,011	-14,953	-14,839	-14,703	-0,199	-0,025	0,007	0,073	0,079	0,068	0,080	0,076	0,081	0,092	0,139	0,182	0,220	0,243	0,200	0,000	0,000
13,000	-8,684	-8,846	-8,812	-8,856	-8,826	-8,814	-8,805	-8,787	-8,764	-8,732	-8,682	-8,605	-8,504	-8,336	-8,125	-0,170	-0,091	-0,069	-0,003	0,037	0,077	0,099	0,125	0,157	0,197	0,250	0,305	0,362	0,384	0,310	0,000	0,000
14,000	-11,809	-11,745	-11,789	-11,740	-11,728	-11,694	-11,687	-11,668	-11,662	-11,656	-11,649	-11,602	-11,516	-11,380	-11,186	-0,101	-0,089	-0,036	0,042	0,060	0,058	0,071	0,076	0,093	0,118	0,156	0,217	0,288	0,331	0,274	0,000	0,000
15,000	-8,765	-8,917	-8,803	-8,822	-8,771	-8,773	-8,767	-8,750	-8,738	-8,733	-8,713	-8,685	-8,638	-8,565	-8,480	-0,214	0,016	-0,006	0,036	0,041	0,053	0,060	0,069	0,068	0,090	0,109	0,127	0,157	0,167	0,135	0,000	0,000
	run	23	2022:11:08    10:54:27,528
0,000	-12,697	-12,776	-12,788	-12,863	-12,875	-12,880	-12,889	-12,888	-12,888	-12,896	-12,884	-12,859	-12,808	-12,719	-12,609	-0,157	-0,129	-0,119	-0,074	-0,058	-0,029	-0,015	0,001	0,023	0,041	0,080	0,123	0,164	0,189	0,153	0,000	0,000
1,000	-16,384	-16,351	-16,269	-16,100	-15,973	-15,875	-15,820	-15,776	-15,742	-15,706	-15,669	-15,631	-15,572	-15,483	-15,372	0,041	0,165	0,213	0,292	0,300	0,275	0,255	0,226	0,208	0,199	0,202	0,204	0,221	0,226	0,177	0,000	0,000
2,000	-9,841	-9,839	-9,806	-9,702	-9,617	-9,545	-9,503	-9,470	-9,428	-9,392	-9,337	-9,271	-9,177	-9,039	-8,873	0,014	0,069	0,122	0,205	0,224	0,218	0,218	0,210	0,221	0,234	0,263	0,297	0,324	0,331	0,256	0,000	0,000
3,000	-19,582	-19,608	-19,547	-19,312	-19,118	-18,999	-18,930	-18,877	-18,827	-18,812	-18,773	-18,737	-18,682	-18,578	-18,457	0,051	0,213	0,263	0,408	0,406	0,339	0,305	0,268	0,233	0,204	0,203	0,219	0,229	0,238	0,180	0,000	0,000
4,000	-10,522	-10,625	-10,519	-10,497	-10,460	-10,458	-10,464	-10,457	-10,457	-10,437	-10,401	-10,330	-10,199	-9,985	-9,714	-0,291	0,010	-0,012	0,042	0,045	0,075	0,080	0,097	0,121	0,184	0,259	0,345	0,434	0,486	0,400	0,000	0,000
5,000	-12,267	-12,178	-12,365	-12,392	-12,409	-12,378	-12,367	-12,369	-12,345	-12,333	-12,287	-12,203	-12,070	-11,833	-11,520	-0,026	-0,215	-0,156	-0,034	0,007	0,026	0,071	0,102	0,154	0,199	0,287	0,383	0,482	0,537	0,440	0,000	0,000
6,000	-7,408	-7,181	-6,990	-6,787	-6,663	-6,593	-6,560	-6,520	-6,485	-6,457	-6,416	-6,377	-6,315	-6,216	-6,114	0,747	0,630	0,532	0,414	0,340	0,283	0,259	0,231	0,212	0,198	0,207	0,215	0,227	0,226	0,171	0,000	0,000
7,000	-3,544	-3,246	-3,147	-3,029	-2,969	-2,948	-2,927	-2,921	-2,910	-2,908	-2,895	-2,888	-2,872	-2,843	-2,814	1,345	0,786	0,580	0,333	0,230	0,159	0,135	0,109	0,087	0,075	0,070	0,069	0,070	0,067	0,049	0,000	0,000
8,000	-16,427	-16,215	-16,104	-16,093	-16,049	-16,075	-16,104	-16,131	-16,158	-16,201	-16,229	-16,259	-16,280	-16,277	-16,262	1,467	0,847	0,552	0,223	0,112	0,019	-0,014	-0,054	-0,066	-0,076	-0,066	-0,044	-0,033	0,002	0,011	0,000	0,000
9,000	-10,508	-10,424	-10,355	-10,157	-10,008	-9,886	-9,824	-9,765	-9,710	-9,669	-9,617	-9,570	-9,505	-9,410	-9,310	-0,000	0,140	0,223	0,344	0,355	0,329	0,305	0,274	0,260	0,242	0,237	0,245	0,240	0,229	0,168	0,000	0,000
10,000	-10,529	-10,525	-10,367	-10,182	-10,073	-10,027	-10,000	-9,989	-9,961	-9,966	-9,947	-9,917	-9,865	-9,786	-9,691	-0,192	0,123	0,185	0,234	0,201	0,162	0,140	0,125	0,112	0,118	0,127	0,148	0,173	0,177	0,146	0,000	0,000
11,000	-10,801	-10,726	-10,700	-10,551	-10,475	-10,415	-10,387	-10,364	-10,329	-10,322	-10,276	-10,234	-10,172	-10,069	-9,945	-0,015	0,081	0,136	0,194	0,195	0,167	0,162	0,154	0,159	0,162	0,181	0,206	0,226	0,237	0,179	0,000	0,000
12,000	-15,155	-15,229	-15,177	-15,138	-15,077	-15,063	-15,055	-15,040	-15,021	-15,036	-15,003	-14,971	-14,917	-14,796	-14,664	-0,184	-0,032	0,009	0,072	0,078	0,066	0,077	0,081	0,083	0,093	0,141	0,174	0,216	0,247	0,193	0,000	0,000
13,000	-8,720	-8,846	-8,835	-8,866	-8,849	-8,838	-8,819	-8,802	-8,777	-8,751	-8,702	-8,626	-8,515	-8,344	-8,137	-0,157	-0,085	-0,067	0,001	0,034	0,078	0,096	0,126	0,155	0,201	0,257	0,306	0,368	0,390	0,310	0,000	0,000
14,000	-11,901	-11,857	-11,887	-11,859	-11,843	-11,803	-11,789	-11,786	-11,780	-11,765	-11,744	-11,714	-11,631	-11,484	-11,289	-0,125	-0,086	-0,031	0,035	0,062	0,065	0,079	0,080	0,101	0,120	0,168	0,228	0,292	0,333	0,277	0,000	0,000
15,000	-8,821	-8,972	-8,858	-8,882	-8,831	-8,835	-8,827	-8,813	-8,796	-8,794	-8,773	-8,745	-8,693	-8,624	-8,538	-0,211	0,019	-0,011	0,034	0,043	0,051	0,056	0,068	0,071	0,090	0,108	0,126	0,153	0,166	0,133	0,000	0,000
