Device: PM2003001		2022:11:08    11:40:33,899  (DLL version: 1.20;  Status: HW:v1.02 SW:v1.3 CRC:31ED BATTERY:4154mV ST:0 ERR:0000;  MUX data; S: 92 I:143 R:200.000 C:1.094p F:)
Excitation level, V:	2,00
Voltage Channel Gain:	5
Current Channel Gain:	1
Voltmeter Range, V:	0,6
Ampermeter Range, A:	15,0m
Step Period, ms:	5
R transimp:	200
C transimp:	1,1p
Measurement Table: 	EEPROM  16

Freq, Hz	1,0k	2,0k	3,0k	7,0k	11,0k	17,0k	23,0k	31,0k	43,0k	61,0k	89,0k	127,0k	179,0k	251,0k	349,0k	1,0k	2,0k	3,0k	7,0k	11,0k	17,0k	23,0k	31,0k	43,0k	61,0k	89,0k	127,0k	179,0k	251,0k	349,0k
	run	1	2022:11:08    11:40:33,901
MUX	Re1, ohm	Re2, ohm	Re3, ohm	Re4, ohm	Re5, ohm	Re6, ohm	Re7, ohm	Re8, ohm	Re9, ohm	Re10, ohm	Re11, ohm	Re12, ohm	Re13, ohm	Re14, ohm	Re15, ohm	Im1, ohm	Im2, ohm	Im3, ohm	Im4, ohm	Im5, ohm	Im6, ohm	Im7, ohm	Im8, ohm	Im9, ohm	Im10, ohm	Im11, ohm	Im12, ohm	Im13, ohm	Im14, ohm	Im15, ohm	U, V	I, mA

0,000	-9,824	-9,495	-9,384	-9,325	-9,308	-9,308	-9,305	-9,305	-9,296	-9,306	-9,304	-9,284	-9,262	-9,211	-9,159	1,342	0,796	0,546	0,249	0,163	0,103	0,080	0,067	0,062	0,051	0,060	0,081	0,098	0,108	0,083	0,000	0,000
1,000	-14,409	-13,985	-13,742	-13,404	-13,206	-13,071	-12,994	-12,939	-12,871	-12,837	-12,781	-12,739	-12,697	-12,641	-12,578	1,310	1,028	0,866	0,670	0,577	0,473	0,418	0,361	0,310	0,262	0,231	0,209	0,184	0,163	0,114	0,000	0,000
2,000	-10,451	-10,306	-10,220	-10,020	-9,896	-9,816	-9,771	-9,721	-9,670	-9,636	-9,575	-9,506	-9,430	-9,310	-9,181	0,266	0,311	0,323	0,331	0,316	0,277	0,271	0,258	0,262	0,251	0,265	0,281	0,280	0,280	0,205	0,000	0,000
3,000	-21,196	-21,223	-21,158	-20,858	-20,641	-20,517	-20,439	-20,391	-20,336	-20,334	-20,301	-20,270	-20,237	-20,155	-20,065	-0,184	0,124	0,249	0,426	0,423	0,358	0,309	0,259	0,225	0,180	0,169	0,178	0,177	0,180	0,133	0,000	0,000
4,000	-11,182	-11,326	-11,213	-11,235	-11,208	-11,207	-11,215	-11,208	-11,209	-11,191	-11,153	-11,093	-10,983	-10,799	-10,556	-0,413	-0,125	-0,089	-0,000	0,023	0,035	0,057	0,074	0,106	0,163	0,238	0,306	0,376	0,422	0,351	0,000	0,000
5,000	-12,425	-12,437	-12,588	-12,638	-12,629	-12,610	-12,597	-12,601	-12,572	-12,575	-12,531	-12,451	-12,324	-12,090	-11,796	-0,173	-0,248	-0,185	-0,043	-0,001	0,015	0,065	0,094	0,130	0,185	0,266	0,363	0,452	0,513	0,415	0,000	0,000
6,000	-8,525	-8,541	-8,447	-8,333	-8,235	-8,185	-8,154	-8,127	-8,090	-8,068	-8,008	-7,949	-7,862	-7,700	-7,522	-0,049	0,114	0,146	0,213	0,214	0,191	0,193	0,192	0,199	0,218	0,255	0,293	0,335	0,354	0,272	0,000	0,000
7,000	-7,001	-6,937	-6,920	-6,817	-6,762	-6,723	-6,709	-6,702	-6,677	-6,677	-6,667	-6,641	-6,616	-6,563	-6,504	0,095	0,078	0,118	0,145	0,121	0,101	0,099	0,088	0,084	0,081	0,089	0,095	0,107	0,112	0,090	0,000	0,000
8,000	-19,896	-20,095	-20,099	-20,253	-20,251	-20,305	-20,327	-20,358	-20,380	-20,428	-20,428	-20,442	-20,436	-20,386	-20,317	-0,321	-0,209	-0,215	-0,156	-0,133	-0,132	-0,116	-0,117	-0,095	-0,079	-0,032	0,014	0,041	0,090	0,081	0,000	0,000
9,000	-9,760	-9,682	-9,604	-9,371	-9,227	-9,115	-9,050	-9,001	-8,948	-8,908	-8,858	-8,799	-8,712	-8,581	-8,426	0,108	0,216	0,285	0,378	0,375	0,337	0,313	0,284	0,266	0,258	0,275	0,299	0,311	0,315	0,237	0,000	0,000
10,000	-9,722	-9,728	-9,594	-9,452	-9,369	-9,331	-9,303	-9,289	-9,263	-9,263	-9,234	-9,192	-9,122	-9,021	-8,896	-0,028	0,174	0,189	0,216	0,181	0,160	0,151	0,140	0,130	0,144	0,167	0,184	0,221	0,234	0,185	0,000	0,000
11,000	-9,777	-9,664	-9,623	-9,462	-9,384	-9,324	-9,294	-9,270	-9,236	-9,215	-9,173	-9,124	-9,056	-8,948	-8,807	0,164	0,191	0,203	0,229	0,216	0,187	0,180	0,173	0,169	0,177	0,208	0,229	0,251	0,266	0,202	0,000	0,000
12,000	-15,058	-15,093	-15,016	-14,978	-14,928	-14,901	-14,903	-14,891	-14,883	-14,895	-14,871	-14,835	-14,772	-14,659	-14,520	0,018	0,088	0,094	0,100	0,091	0,073	0,073	0,074	0,079	0,094	0,144	0,181	0,225	0,250	0,200	0,000	0,000
13,000	-8,452	-8,444	-8,448	-8,444	-8,421	-8,403	-8,388	-8,366	-8,339	-8,303	-8,252	-8,178	-8,064	-7,903	-7,693	-0,015	0,000	0,003	0,046	0,077	0,094	0,120	0,145	0,174	0,213	0,261	0,312	0,368	0,391	0,312	0,000	0,000
14,000	-11,952	-11,822	-11,922	-11,855	-11,853	-11,823	-11,807	-11,801	-11,789	-11,796	-11,770	-11,741	-11,666	-11,544	-11,363	-0,064	-0,110	-0,020	0,039	0,052	0,045	0,066	0,061	0,080	0,099	0,144	0,200	0,256	0,289	0,243	0,000	0,000
15,000	-7,917	-7,894	-7,744	-7,712	-7,654	-7,648	-7,641	-7,626	-7,609	-7,610	-7,597	-7,579	-7,548	-7,506	-7,461	0,386	0,374	0,245	0,161	0,124	0,106	0,092	0,084	0,078	0,076	0,079	0,079	0,097	0,097	0,077	0,000	0,000
	run	2	2022:11:08    11:40:33,949
0,000	-9,844	-9,535	-9,412	-9,356	-9,337	-9,336	-9,330	-9,328	-9,326	-9,332	-9,328	-9,313	-9,292	-9,239	-9,184	1,347	0,787	0,544	0,247	0,162	0,104	0,084	0,070	0,058	0,051	0,062	0,076	0,097	0,106	0,080	0,000	0,000
1,000	-14,303	-13,869	-13,648	-13,328	-13,135	-13,002	-12,930	-12,871	-12,806	-12,769	-12,718	-12,679	-12,633	-12,575	-12,507	1,303	0,989	0,837	0,638	0,556	0,467	0,411	0,352	0,309	0,262	0,237	0,205	0,182	0,165	0,117	0,000	0,000
2,000	-10,451	-10,306	-10,220	-10,020	-9,896	-9,816	-9,771	-9,721	-9,670	-9,636	-9,575	-9,506	-9,430	-9,310	-9,181	0,266	0,311	0,323	0,331	0,316	0,277	0,271	0,258	0,262	0,251	0,265	0,281	0,280	0,280	0,205	0,000	0,000
3,000	-21,196	-21,223	-21,158	-20,858	-20,641	-20,517	-20,439	-20,391	-20,336	-20,334	-20,301	-20,270	-20,237	-20,155	-20,065	-0,184	0,124	0,249	0,426	0,423	0,358	0,309	0,259	0,225	0,180	0,169	0,178	0,177	0,180	0,133	0,000	0,000
4,000	-11,182	-11,326	-11,213	-11,235	-11,208	-11,207	-11,215	-11,208	-11,209	-11,191	-11,153	-11,093	-10,983	-10,799	-10,556	-0,413	-0,125	-0,089	-0,000	0,023	0,035	0,057	0,074	0,106	0,163	0,238	0,306	0,376	0,422	0,351	0,000	0,000
5,000	-12,425	-12,437	-12,588	-12,638	-12,629	-12,610	-12,597	-12,601	-12,572	-12,575	-12,531	-12,451	-12,324	-12,090	-11,796	-0,173	-0,248	-0,185	-0,043	-0,001	0,015	0,065	0,094	0,130	0,185	0,266	0,363	0,452	0,513	0,415	0,000	0,000
6,000	-8,525	-8,541	-8,447	-8,333	-8,235	-8,185	-8,154	-8,127	-8,090	-8,068	-8,008	-7,949	-7,862	-7,700	-7,522	-0,049	0,114	0,146	0,213	0,214	0,191	0,193	0,192	0,199	0,218	0,255	0,293	0,335	0,354	0,272	0,000	0,000
7,000	-7,001	-6,937	-6,920	-6,817	-6,762	-6,723	-6,709	-6,702	-6,677	-6,677	-6,667	-6,641	-6,616	-6,563	-6,504	0,095	0,078	0,118	0,145	0,121	0,101	0,099	0,088	0,084	0,081	0,089	0,095	0,107	0,112	0,090	0,000	0,000
8,000	-20,027	-20,240	-20,266	-20,412	-20,407	-20,457	-20,484	-20,517	-20,536	-20,578	-20,590	-20,602	-20,592	-20,547	-20,476	-0,337	-0,230	-0,228	-0,170	-0,138	-0,132	-0,122	-0,119	-0,095	-0,073	-0,029	0,015	0,044	0,088	0,080	0,000	0,000
9,000	-9,779	-9,708	-9,620	-9,374	-9,228	-9,115	-9,051	-9,003	-8,952	-8,915	-8,857	-8,801	-8,711	-8,577	-8,424	0,138	0,224	0,309	0,386	0,377	0,330	0,312	0,284	0,272	0,265	0,284	0,294	0,313	0,322	0,239	0,000	0,000
10,000	-9,724	-9,703	-9,575	-9,421	-9,336	-9,294	-9,272	-9,262	-9,238	-9,222	-9,201	-9,157	-9,092	-8,990	-8,869	-0,016	0,194	0,207	0,225	0,181	0,155	0,144	0,141	0,131	0,147	0,167	0,189	0,225	0,239	0,187	0,000	0,000
11,000	-9,746	-9,628	-9,577	-9,423	-9,339	-9,276	-9,245	-9,225	-9,193	-9,167	-9,129	-9,086	-9,014	-8,899	-8,759	0,161	0,190	0,210	0,238	0,215	0,192	0,181	0,171	0,172	0,182	0,204	0,232	0,255	0,267	0,205	0,000	0,000
12,000	-15,198	-15,215	-15,156	-15,109	-15,058	-15,038	-15,035	-15,030	-15,013	-15,026	-14,999	-14,964	-14,909	-14,791	-14,646	-0,002	0,082	0,082	0,093	0,094	0,066	0,070	0,071	0,085	0,095	0,140	0,181	0,225	0,255	0,204	0,000	0,000
13,000	-8,472	-8,467	-8,470	-8,465	-8,444	-8,421	-8,411	-8,388	-8,359	-8,326	-8,273	-8,207	-8,092	-7,929	-7,707	-0,016	0,000	0,007	0,052	0,076	0,099	0,121	0,143	0,173	0,211	0,259	0,317	0,369	0,390	0,314	0,000	0,000
14,000	-12,071	-11,940	-12,024	-11,963	-11,963	-11,933	-11,919	-11,911	-11,900	-11,908	-11,882	-11,847	-11,770	-11,646	-11,475	-0,073	-0,112	-0,034	0,037	0,048	0,050	0,068	0,061	0,071	0,094	0,137	0,195	0,262	0,293	0,247	0,000	0,000
15,000	-8,001	-7,965	-7,811	-7,776	-7,721	-7,714	-7,706	-7,691	-7,676	-7,675	-7,658	-7,643	-7,615	-7,575	-7,529	0,385	0,375	0,250	0,161	0,117	0,104	0,088	0,081	0,072	0,076	0,080	0,083	0,090	0,093	0,076	0,000	0,000
	run	3	2022:11:08    11:40:34,049
0,000	-9,893	-9,584	-9,454	-9,404	-9,380	-9,373	-9,374	-9,372	-9,370	-9,378	-9,370	-9,361	-9,331	-9,285	-9,226	1,359	0,804	0,552	0,253	0,162	0,105	0,085	0,069	0,060	0,055	0,063	0,083	0,095	0,107	0,082	0,000	0,000
1,000	-14,366	-13,939	-13,709	-13,381	-13,181	-13,049	-12,976	-12,917	-12,856	-12,808	-12,757	-12,719	-12,675	-12,620	-12,551	1,289	0,998	0,843	0,650	0,575	0,474	0,420	0,352	0,308	0,267	0,230	0,206	0,185	0,173	0,120	0,000	0,000
2,000	-10,345	-10,196	-10,108	-9,922	-9,799	-9,722	-9,673	-9,628	-9,579	-9,541	-9,478	-9,409	-9,336	-9,216	-9,093	0,281	0,309	0,319	0,328	0,314	0,272	0,271	0,254	0,257	0,249	0,258	0,279	0,281	0,277	0,201	0,000	0,000
3,000	-20,915	-20,935	-20,873	-20,588	-20,388	-20,255	-20,185	-20,126	-20,077	-20,064	-20,035	-20,004	-19,970	-19,890	-19,799	-0,217	0,096	0,229	0,411	0,417	0,351	0,306	0,263	0,218	0,184	0,171	0,174	0,177	0,184	0,136	0,000	0,000
4,000	-11,177	-11,288	-11,210	-11,216	-11,186	-11,192	-11,189	-11,186	-11,186	-11,166	-11,134	-11,074	-10,960	-10,777	-10,534	-0,393	-0,104	-0,079	0,001	0,023	0,037	0,057	0,072	0,103	0,160	0,234	0,307	0,381	0,428	0,354	0,000	0,000
5,000	-12,511	-12,509	-12,668	-12,712	-12,708	-12,689	-12,676	-12,674	-12,644	-12,655	-12,607	-12,521	-12,397	-12,157	-11,868	-0,176	-0,259	-0,189	-0,045	-0,002	0,023	0,067	0,096	0,139	0,186	0,274	0,371	0,458	0,521	0,415	0,000	0,000
6,000	-8,591	-8,606	-8,521	-8,396	-8,303	-8,244	-8,217	-8,189	-8,147	-8,132	-8,082	-8,016	-7,916	-7,764	-7,584	-0,049	0,113	0,146	0,216	0,211	0,186	0,195	0,195	0,200	0,217	0,252	0,296	0,330	0,357	0,274	0,000	0,000
7,000	-7,068	-6,979	-6,956	-6,854	-6,798	-6,765	-6,743	-6,736	-6,713	-6,713	-6,694	-6,674	-6,643	-6,595	-6,536	0,105	0,096	0,117	0,147	0,132	0,104	0,097	0,086	0,087	0,080	0,087	0,101	0,110	0,113	0,085	0,000	0,000
8,000	-19,968	-20,172	-20,189	-20,349	-20,348	-20,396	-20,432	-20,459	-20,474	-20,520	-20,527	-20,544	-20,537	-20,491	-20,425	-0,356	-0,239	-0,231	-0,176	-0,141	-0,144	-0,127	-0,118	-0,098	-0,083	-0,031	0,002	0,038	0,089	0,078	0,000	0,000
9,000	-9,763	-9,686	-9,607	-9,362	-9,217	-9,103	-9,040	-8,991	-8,936	-8,898	-8,844	-8,791	-8,699	-8,571	-8,410	0,123	0,225	0,290	0,382	0,376	0,334	0,318	0,285	0,269	0,263	0,270	0,292	0,310	0,316	0,241	0,000	0,000
10,000	-9,640	-9,634	-9,518	-9,376	-9,287	-9,255	-9,228	-9,208	-9,184	-9,182	-9,151	-9,111	-9,043	-8,938	-8,818	-0,031	0,170	0,186	0,217	0,181	0,158	0,147	0,140	0,132	0,143	0,169	0,188	0,223	0,240	0,187	0,000	0,000
11,000	-9,683	-9,561	-9,520	-9,370	-9,283	-9,223	-9,192	-9,171	-9,138	-9,117	-9,075	-9,035	-8,963	-8,851	-8,719	0,159	0,186	0,200	0,231	0,214	0,182	0,181	0,168	0,172	0,179	0,204	0,227	0,252	0,258	0,203	0,000	0,000
12,000	-15,076	-15,122	-15,042	-15,008	-14,958	-14,943	-14,933	-14,925	-14,916	-14,931	-14,896	-14,864	-14,803	-14,688	-14,546	0,002	0,087	0,086	0,092	0,088	0,071	0,070	0,071	0,083	0,102	0,141	0,176	0,226	0,253	0,207	0,000	0,000
13,000	-8,488	-8,456	-8,481	-8,468	-8,451	-8,428	-8,411	-8,394	-8,365	-8,332	-8,283	-8,202	-8,091	-7,924	-7,710	0,014	0,002	0,008	0,050	0,077	0,100	0,121	0,140	0,173	0,208	0,262	0,318	0,372	0,398	0,314	0,000	0,000
14,000	-12,115	-11,995	-12,068	-12,009	-11,998	-11,976	-11,955	-11,960	-11,950	-11,944	-11,931	-11,893	-11,820	-11,692	-11,515	-0,070	-0,099	-0,030	0,036	0,049	0,042	0,062	0,070	0,079	0,105	0,147	0,192	0,257	0,299	0,250	0,000	0,000
15,000	-8,020	-7,978	-7,827	-7,798	-7,743	-7,739	-7,728	-7,714	-7,694	-7,694	-7,678	-7,664	-7,633	-7,594	-7,549	0,377	0,372	0,254	0,160	0,127	0,104	0,088	0,087	0,076	0,077	0,076	0,080	0,090	0,098	0,073	0,000	0,000
	run	4	2022:11:08    11:40:34,100
0,000	-9,893	-9,584	-9,454	-9,404	-9,380	-9,373	-9,374	-9,372	-9,370	-9,378	-9,370	-9,361	-9,331	-9,285	-9,226	1,359	0,804	0,552	0,253	0,162	0,105	0,085	0,069	0,060	0,055	0,063	0,083	0,095	0,107	0,082	0,000	0,000
1,000	-14,366	-13,939	-13,709	-13,381	-13,181	-13,049	-12,976	-12,917	-12,856	-12,808	-12,757	-12,719	-12,675	-12,620	-12,551	1,289	0,998	0,843	0,650	0,575	0,474	0,420	0,352	0,308	0,267	0,230	0,206	0,185	0,173	0,120	0,000	0,000
2,000	-10,345	-10,196	-10,108	-9,922	-9,799	-9,722	-9,673	-9,628	-9,579	-9,541	-9,478	-9,409	-9,336	-9,216	-9,093	0,281	0,309	0,319	0,328	0,314	0,272	0,271	0,254	0,257	0,249	0,258	0,279	0,281	0,277	0,201	0,000	0,000
3,000	-20,915	-20,935	-20,873	-20,588	-20,388	-20,255	-20,185	-20,126	-20,077	-20,064	-20,035	-20,004	-19,970	-19,890	-19,799	-0,217	0,096	0,229	0,411	0,417	0,351	0,306	0,263	0,218	0,184	0,171	0,174	0,177	0,184	0,136	0,000	0,000
4,000	-11,177	-11,288	-11,210	-11,216	-11,186	-11,192	-11,189	-11,186	-11,186	-11,166	-11,134	-11,074	-10,960	-10,777	-10,534	-0,393	-0,104	-0,079	0,001	0,023	0,037	0,057	0,072	0,103	0,160	0,234	0,307	0,381	0,428	0,354	0,000	0,000
5,000	-12,511	-12,509	-12,668	-12,712	-12,708	-12,689	-12,676	-12,674	-12,644	-12,655	-12,607	-12,521	-12,397	-12,157	-11,868	-0,176	-0,259	-0,189	-0,045	-0,002	0,023	0,067	0,096	0,139	0,186	0,274	0,371	0,458	0,521	0,415	0,000	0,000
6,000	-8,636	-8,639	-8,558	-8,419	-8,325	-8,274	-8,241	-8,212	-8,176	-8,151	-8,102	-8,034	-7,941	-7,793	-7,605	-0,050	0,121	0,158	0,224	0,214	0,198	0,197	0,191	0,205	0,219	0,252	0,294	0,335	0,355	0,272	0,000	0,000
7,000	-7,035	-6,948	-6,949	-6,851	-6,794	-6,752	-6,732	-6,726	-6,706	-6,709	-6,690	-6,666	-6,641	-6,590	-6,535	0,098	0,082	0,106	0,148	0,127	0,100	0,095	0,091	0,077	0,074	0,082	0,096	0,105	0,111	0,084	0,000	0,000
8,000	-19,762	-19,980	-19,984	-20,130	-20,117	-20,175	-20,210	-20,231	-20,254	-20,302	-20,303	-20,311	-20,309	-20,257	-20,189	-0,333	-0,209	-0,224	-0,165	-0,133	-0,135	-0,123	-0,111	-0,097	-0,072	-0,034	0,010	0,042	0,087	0,077	0,000	0,000
9,000	-9,602	-9,541	-9,474	-9,251	-9,109	-8,999	-8,932	-8,885	-8,830	-8,792	-8,736	-8,674	-8,592	-8,469	-8,313	0,121	0,203	0,261	0,366	0,363	0,326	0,308	0,285	0,262	0,254	0,265	0,291	0,305	0,313	0,234	0,000	0,000
10,000	-9,510	-9,514	-9,404	-9,277	-9,191	-9,162	-9,135	-9,124	-9,098	-9,091	-9,071	-9,026	-8,966	-8,864	-8,743	-0,035	0,152	0,158	0,192	0,165	0,148	0,141	0,132	0,127	0,139	0,160	0,177	0,216	0,229	0,183	0,000	0,000
11,000	-9,623	-9,528	-9,486	-9,341	-9,260	-9,213	-9,174	-9,153	-9,120	-9,101	-9,055	-9,019	-8,943	-8,836	-8,704	0,142	0,161	0,188	0,220	0,207	0,182	0,174	0,167	0,168	0,171	0,204	0,223	0,244	0,259	0,200	0,000	0,000
12,000	-14,865	-14,893	-14,820	-14,782	-14,728	-14,707	-14,706	-14,702	-14,687	-14,695	-14,667	-14,633	-14,582	-14,462	-14,320	0,015	0,090	0,094	0,099	0,087	0,072	0,074	0,080	0,082	0,095	0,132	0,178	0,219	0,248	0,196	0,000	0,000
13,000	-8,395	-8,386	-8,385	-8,383	-8,370	-8,350	-8,328	-8,310	-8,283	-8,247	-8,199	-8,122	-8,014	-7,847	-7,636	-0,010	-0,004	0,006	0,047	0,072	0,093	0,117	0,142	0,172	0,210	0,261	0,312	0,366	0,387	0,310	0,000	0,000
14,000	-12,104	-11,980	-12,079	-12,010	-12,010	-11,972	-11,958	-11,958	-11,949	-11,945	-11,939	-11,896	-11,828	-11,688	-11,516	-0,070	-0,094	-0,018	0,040	0,054	0,051	0,058	0,062	0,081	0,099	0,151	0,198	0,260	0,297	0,246	0,000	0,000
15,000	-8,034	-7,983	-7,828	-7,797	-7,746	-7,737	-7,730	-7,713	-7,696	-7,698	-7,681	-7,669	-7,638	-7,593	-7,550	0,393	0,374	0,247	0,162	0,124	0,102	0,090	0,086	0,077	0,077	0,079	0,084	0,093	0,099	0,078	0,000	0,000
	run	5	2022:11:08    11:40:34,201
0,000	-9,976	-9,665	-9,539	-9,478	-9,466	-9,457	-9,458	-9,457	-9,450	-9,461	-9,459	-9,439	-9,414	-9,365	-9,305	1,341	0,798	0,551	0,251	0,164	0,108	0,090	0,068	0,060	0,056	0,066	0,085	0,099	0,112	0,093	0,000	0,000
1,000	-14,666	-14,226	-13,984	-13,627	-13,433	-13,284	-13,208	-13,141	-13,081	-13,033	-12,983	-12,943	-12,896	-12,826	-12,762	1,314	1,041	0,887	0,688	0,602	0,493	0,430	0,370	0,325	0,276	0,243	0,223	0,196	0,177	0,126	0,000	0,000
2,000	-10,679	-10,516	-10,420	-10,205	-10,077	-9,992	-9,940	-9,902	-9,846	-9,808	-9,740	-9,677	-9,592	-9,465	-9,326	0,295	0,340	0,356	0,360	0,327	0,297	0,280	0,272	0,265	0,261	0,275	0,287	0,298	0,291	0,212	0,000	0,000
3,000	-21,727	-21,730	-21,646	-21,292	-21,079	-20,940	-20,870	-20,809	-20,758	-20,750	-20,718	-20,697	-20,654	-20,574	-20,478	-0,151	0,165	0,292	0,471	0,458	0,378	0,324	0,272	0,232	0,189	0,175	0,180	0,185	0,187	0,139	0,000	0,000
4,000	-11,301	-11,417	-11,336	-11,356	-11,327	-11,332	-11,333	-11,327	-11,327	-11,309	-11,277	-11,208	-11,093	-10,902	-10,653	-0,395	-0,115	-0,093	-0,005	0,015	0,039	0,058	0,069	0,108	0,161	0,241	0,313	0,395	0,434	0,361	0,000	0,000
5,000	-12,603	-12,630	-12,776	-12,811	-12,804	-12,795	-12,782	-12,775	-12,751	-12,750	-12,707	-12,627	-12,495	-12,247	-11,945	-0,189	-0,247	-0,182	-0,039	0,001	0,022	0,065	0,099	0,138	0,190	0,272	0,373	0,472	0,527	0,429	0,000	0,000
6,000	-8,675	-8,668	-8,579	-8,451	-8,350	-8,298	-8,262	-8,242	-8,199	-8,182	-8,121	-8,056	-7,968	-7,815	-7,634	-0,035	0,127	0,143	0,225	0,219	0,192	0,198	0,193	0,200	0,217	0,257	0,295	0,332	0,349	0,276	0,000	0,000
7,000	-6,985	-6,912	-6,911	-6,817	-6,762	-6,727	-6,704	-6,693	-6,681	-6,677	-6,656	-6,638	-6,609	-6,562	-6,508	0,100	0,076	0,109	0,132	0,119	0,099	0,096	0,084	0,084	0,079	0,088	0,093	0,104	0,112	0,084	0,000	0,000
8,000	-19,628	-19,832	-19,822	-19,955	-19,955	-20,000	-20,033	-20,053	-20,076	-20,120	-20,134	-20,140	-20,146	-20,091	-20,022	-0,308	-0,206	-0,193	-0,148	-0,121	-0,124	-0,118	-0,111	-0,086	-0,071	-0,031	0,012	0,043	0,083	0,081	0,000	0,000
9,000	-9,503	-9,449	-9,386	-9,173	-9,040	-8,924	-8,865	-8,815	-8,763	-8,723	-8,677	-8,613	-8,533	-8,407	-8,257	0,116	0,178	0,254	0,352	0,352	0,320	0,299	0,277	0,258	0,254	0,265	0,288	0,303	0,309	0,232	0,000	0,000
10,000	-9,447	-9,466	-9,351	-9,234	-9,155	-9,120	-9,098	-9,083	-9,059	-9,055	-9,024	-8,985	-8,920	-8,828	-8,707	-0,052	0,144	0,148	0,183	0,159	0,142	0,132	0,129	0,121	0,144	0,160	0,177	0,212	0,228	0,175	0,000	0,000
11,000	-9,546	-9,427	-9,396	-9,261	-9,181	-9,129	-9,095	-9,076	-9,047	-9,025	-8,985	-8,942	-8,873	-8,768	-8,634	0,131	0,156	0,178	0,208	0,205	0,173	0,175	0,162	0,165	0,169	0,196	0,216	0,237	0,251	0,193	0,000	0,000
12,000	-14,704	-14,747	-14,657	-14,631	-14,576	-14,560	-14,553	-14,544	-14,530	-14,546	-14,514	-14,493	-14,428	-14,311	-14,175	0,016	0,094	0,085	0,098	0,088	0,067	0,070	0,075	0,080	0,092	0,137	0,178	0,218	0,248	0,196	0,000	0,000
13,000	-8,341	-8,335	-8,341	-8,332	-8,318	-8,302	-8,280	-8,262	-8,236	-8,203	-8,149	-8,082	-7,972	-7,805	-7,599	-0,012	-0,008	0,003	0,049	0,073	0,097	0,115	0,139	0,169	0,201	0,257	0,311	0,360	0,384	0,305	0,000	0,000
14,000	-12,013	-11,880	-11,966	-11,910	-11,903	-11,872	-11,858	-11,858	-11,849	-11,847	-11,824	-11,800	-11,722	-11,596	-11,414	-0,048	-0,091	-0,020	0,044	0,052	0,047	0,057	0,061	0,077	0,101	0,147	0,197	0,260	0,301	0,247	0,000	0,000
15,000	-8,045	-8,011	-7,857	-7,824	-7,768	-7,760	-7,756	-7,734	-7,729	-7,721	-7,708	-7,691	-7,663	-7,622	-7,574	0,394	0,369	0,253	0,158	0,123	0,105	0,090	0,083	0,078	0,079	0,077	0,081	0,097	0,097	0,077	0,000	0,000
	run	6	2022:11:08    11:40:34,312
0,000	-10,036	-9,726	-9,601	-9,542	-9,522	-9,523	-9,526	-9,519	-9,515	-9,520	-9,520	-9,500	-9,480	-9,426	-9,360	1,370	0,806	0,552	0,251	0,163	0,109	0,087	0,071	0,063	0,056	0,069	0,089	0,102	0,114	0,090	0,000	0,000
1,000	-14,847	-14,380	-14,114	-13,747	-13,535	-13,390	-13,315	-13,245	-13,181	-13,136	-13,085	-13,043	-12,999	-12,938	-12,866	1,367	1,079	0,924	0,719	0,618	0,507	0,442	0,381	0,327	0,281	0,247	0,220	0,193	0,178	0,119	0,000	0,000
2,000	-10,860	-10,687	-10,583	-10,358	-10,241	-10,156	-10,100	-10,058	-9,999	-9,965	-9,892	-9,824	-9,740	-9,606	-9,467	0,310	0,360	0,371	0,364	0,337	0,294	0,292	0,271	0,269	0,268	0,285	0,303	0,309	0,299	0,219	0,000	0,000
3,000	-22,065	-22,045	-21,941	-21,569	-21,342	-21,201	-21,136	-21,071	-21,027	-21,019	-20,982	-20,962	-20,921	-20,838	-20,746	-0,117	0,226	0,347	0,504	0,473	0,387	0,333	0,281	0,232	0,187	0,173	0,184	0,187	0,192	0,146	0,000	0,000
4,000	-11,636	-11,780	-11,686	-11,719	-11,696	-11,699	-11,700	-11,701	-11,694	-11,673	-11,636	-11,575	-11,451	-11,253	-10,994	-0,422	-0,135	-0,113	-0,017	0,010	0,034	0,058	0,072	0,109	0,173	0,249	0,327	0,405	0,460	0,376	0,000	0,000
5,000	-12,748	-12,789	-12,934	-12,977	-12,967	-12,950	-12,937	-12,940	-12,908	-12,915	-12,872	-12,778	-12,652	-12,402	-12,093	-0,163	-0,244	-0,185	-0,036	0,004	0,026	0,067	0,099	0,135	0,183	0,283	0,386	0,479	0,538	0,430	0,000	0,000
6,000	-8,637	-8,635	-8,537	-8,407	-8,308	-8,261	-8,233	-8,199	-8,161	-8,143	-8,080	-8,021	-7,927	-7,773	-7,593	-0,041	0,116	0,151	0,220	0,211	0,191	0,197	0,194	0,204	0,219	0,257	0,296	0,329	0,354	0,278	0,000	0,000
7,000	-6,938	-6,852	-6,852	-6,760	-6,716	-6,678	-6,657	-6,650	-6,631	-6,627	-6,608	-6,588	-6,558	-6,509	-6,461	0,077	0,051	0,101	0,129	0,117	0,094	0,091	0,084	0,084	0,077	0,083	0,093	0,103	0,108	0,079	0,000	0,000
8,000	-19,564	-19,758	-19,738	-19,876	-19,882	-19,931	-19,962	-19,984	-20,000	-20,047	-20,059	-20,072	-20,067	-20,017	-19,955	-0,315	-0,203	-0,211	-0,150	-0,123	-0,129	-0,119	-0,112	-0,097	-0,077	-0,039	0,008	0,037	0,086	0,076	0,000	0,000
9,000	-9,467	-9,424	-9,342	-9,136	-8,997	-8,887	-8,824	-8,772	-8,726	-8,684	-8,633	-8,572	-8,491	-8,365	-8,221	0,098	0,199	0,258	0,355	0,353	0,321	0,303	0,279	0,262	0,251	0,266	0,280	0,297	0,301	0,226	0,000	0,000
10,000	-9,390	-9,404	-9,295	-9,193	-9,106	-9,077	-9,052	-9,040	-9,014	-9,005	-8,980	-8,940	-8,883	-8,782	-8,664	-0,048	0,132	0,142	0,170	0,153	0,143	0,132	0,127	0,122	0,136	0,157	0,175	0,211	0,225	0,174	0,000	0,000
11,000	-9,508	-9,401	-9,373	-9,228	-9,151	-9,099	-9,067	-9,041	-9,016	-8,996	-8,953	-8,908	-8,844	-8,737	-8,610	0,138	0,168	0,185	0,216	0,200	0,175	0,172	0,165	0,164	0,172	0,195	0,215	0,238	0,248	0,190	0,000	0,000
12,000	-14,707	-14,736	-14,659	-14,624	-14,572	-14,559	-14,552	-14,552	-14,538	-14,549	-14,518	-14,488	-14,434	-14,319	-14,186	0,021	0,087	0,080	0,094	0,087	0,070	0,073	0,068	0,081	0,098	0,132	0,173	0,214	0,246	0,194	0,000	0,000
13,000	-8,316	-8,313	-8,319	-8,318	-8,301	-8,283	-8,262	-8,244	-8,215	-8,183	-8,130	-8,058	-7,949	-7,793	-7,573	-0,010	-0,003	0,009	0,044	0,077	0,098	0,119	0,138	0,171	0,208	0,254	0,308	0,357	0,382	0,306	0,000	0,000
14,000	-12,076	-11,856	-11,980	-11,903	-11,918	-11,883	-11,858	-11,867	-11,853	-11,847	-11,838	-11,804	-11,727	-11,606	-11,418	0,013	-0,100	-0,021	0,050	0,044	0,048	0,053	0,065	0,081	0,100	0,136	0,199	0,259	0,298	0,243	0,000	0,000
15,000	-8,031	-8,011	-7,844	-7,819	-7,764	-7,759	-7,750	-7,732	-7,715	-7,710	-7,698	-7,677	-7,649	-7,608	-7,561	0,363	0,368	0,249	0,158	0,121	0,106	0,091	0,087	0,078	0,076	0,081	0,083	0,098	0,101	0,078	0,000	0,000
	run	7	2022:11:08    11:40:34,349
0,000	-10,093	-9,765	-9,648	-9,582	-9,572	-9,560	-9,563	-9,566	-9,562	-9,568	-9,558	-9,548	-9,518	-9,460	-9,396	1,343	0,802	0,547	0,254	0,156	0,108	0,092	0,067	0,064	0,061	0,067	0,090	0,112	0,115	0,095	0,000	0,000
1,000	-14,966	-14,502	-14,245	-13,855	-13,643	-13,496	-13,416	-13,354	-13,284	-13,247	-13,191	-13,148	-13,099	-13,035	-12,965	1,368	1,092	0,931	0,724	0,626	0,513	0,445	0,382	0,332	0,281	0,254	0,225	0,199	0,179	0,121	0,000	0,000
2,000	-10,860	-10,687	-10,583	-10,358	-10,241	-10,156	-10,100	-10,058	-9,999	-9,965	-9,892	-9,824	-9,740	-9,606	-9,467	0,310	0,360	0,371	0,364	0,337	0,294	0,292	0,271	0,269	0,268	0,285	0,303	0,309	0,299	0,219	0,000	0,000
3,000	-22,065	-22,045	-21,941	-21,569	-21,342	-21,201	-21,136	-21,071	-21,027	-21,019	-20,982	-20,962	-20,921	-20,838	-20,746	-0,117	0,226	0,347	0,504	0,473	0,387	0,333	0,281	0,232	0,187	0,173	0,184	0,187	0,192	0,146	0,000	0,000
4,000	-11,636	-11,780	-11,686	-11,719	-11,696	-11,699	-11,700	-11,701	-11,694	-11,673	-11,636	-11,575	-11,451	-11,253	-10,994	-0,422	-0,135	-0,113	-0,017	0,010	0,034	0,058	0,072	0,109	0,173	0,249	0,327	0,405	0,460	0,376	0,000	0,000
5,000	-12,748	-12,789	-12,934	-12,977	-12,967	-12,950	-12,937	-12,940	-12,908	-12,915	-12,872	-12,778	-12,652	-12,402	-12,093	-0,163	-0,244	-0,185	-0,036	0,004	0,026	0,067	0,099	0,135	0,183	0,283	0,386	0,479	0,538	0,430	0,000	0,000
6,000	-8,637	-8,635	-8,537	-8,407	-8,308	-8,261	-8,233	-8,199	-8,161	-8,143	-8,080	-8,021	-7,927	-7,773	-7,593	-0,041	0,116	0,151	0,220	0,211	0,191	0,197	0,194	0,204	0,219	0,257	0,296	0,329	0,354	0,278	0,000	0,000
7,000	-6,938	-6,852	-6,852	-6,760	-6,716	-6,678	-6,657	-6,650	-6,631	-6,627	-6,608	-6,588	-6,558	-6,509	-6,461	0,077	0,051	0,101	0,129	0,117	0,094	0,091	0,084	0,084	0,077	0,083	0,093	0,103	0,108	0,079	0,000	0,000
8,000	-19,474	-19,689	-19,681	-19,825	-19,820	-19,869	-19,897	-19,923	-19,948	-19,994	-19,990	-20,017	-19,999	-19,958	-19,891	-0,320	-0,198	-0,196	-0,153	-0,125	-0,129	-0,116	-0,111	-0,092	-0,079	-0,031	0,007	0,037	0,078	0,074	0,000	0,000
9,000	-9,507	-9,451	-9,373	-9,175	-9,040	-8,928	-8,868	-8,817	-8,763	-8,727	-8,676	-8,619	-8,530	-8,409	-8,259	0,102	0,185	0,247	0,348	0,355	0,317	0,300	0,276	0,259	0,252	0,264	0,278	0,295	0,300	0,229	0,000	0,000
10,000	-9,360	-9,374	-9,270	-9,156	-9,082	-9,052	-9,026	-9,010	-8,984	-8,982	-8,955	-8,922	-8,855	-8,763	-8,641	-0,061	0,132	0,131	0,171	0,149	0,138	0,129	0,128	0,122	0,134	0,157	0,175	0,212	0,225	0,181	0,000	0,000
11,000	-9,496	-9,396	-9,365	-9,228	-9,148	-9,095	-9,065	-9,047	-9,014	-8,993	-8,956	-8,913	-8,842	-8,736	-8,612	0,128	0,156	0,182	0,207	0,198	0,175	0,169	0,164	0,164	0,167	0,188	0,217	0,238	0,249	0,193	0,000	0,000
12,000	-14,687	-14,709	-14,640	-14,605	-14,547	-14,533	-14,527	-14,526	-14,511	-14,521	-14,499	-14,463	-14,410	-14,294	-14,158	0,000	0,089	0,082	0,100	0,086	0,071	0,073	0,076	0,078	0,090	0,128	0,175	0,214	0,238	0,197	0,000	0,000
13,000	-8,281	-8,262	-8,277	-8,273	-8,257	-8,236	-8,224	-8,201	-8,173	-8,142	-8,087	-8,018	-7,912	-7,750	-7,540	-0,017	-0,002	0,006	0,045	0,070	0,097	0,116	0,136	0,168	0,202	0,248	0,307	0,360	0,383	0,304	0,000	0,000
14,000	-11,933	-11,792	-11,890	-11,822	-11,818	-11,796	-11,778	-11,776	-11,771	-11,759	-11,752	-11,714	-11,646	-11,521	-11,338	-0,052	-0,104	-0,027	0,039	0,047	0,045	0,054	0,062	0,070	0,100	0,154	0,200	0,258	0,294	0,246	0,000	0,000
15,000	-8,053	-8,018	-7,866	-7,834	-7,777	-7,771	-7,762	-7,742	-7,728	-7,728	-7,712	-7,689	-7,660	-7,616	-7,567	0,385	0,367	0,253	0,161	0,126	0,104	0,091	0,091	0,079	0,080	0,088	0,092	0,101	0,101	0,079	0,000	0,000
	run	8	2022:11:08    11:40:34,449
0,000	-10,039	-9,705	-9,601	-9,549	-9,530	-9,529	-9,527	-9,524	-9,522	-9,524	-9,522	-9,505	-9,481	-9,426	-9,367	1,356	0,799	0,553	0,249	0,158	0,108	0,092	0,068	0,057	0,059	0,067	0,089	0,105	0,113	0,088	0,000	0,000
1,000	-14,821	-14,371	-14,120	-13,739	-13,529	-13,386	-13,307	-13,240	-13,182	-13,136	-13,084	-13,043	-12,995	-12,929	-12,865	1,379	1,077	0,926	0,707	0,617	0,506	0,438	0,376	0,325	0,283	0,246	0,225	0,198	0,179	0,130	0,000	0,000
2,000	-10,772	-10,619	-10,509	-10,297	-10,170	-10,083	-10,037	-10,000	-9,939	-9,904	-9,836	-9,762	-9,683	-9,552	-9,411	0,305	0,347	0,361	0,356	0,333	0,289	0,277	0,270	0,262	0,259	0,278	0,293	0,306	0,299	0,223	0,000	0,000
3,000	-21,825	-21,834	-21,730	-21,376	-21,156	-21,016	-20,946	-20,885	-20,843	-20,830	-20,799	-20,778	-20,733	-20,653	-20,563	-0,137	0,192	0,324	0,483	0,463	0,380	0,324	0,279	0,231	0,187	0,168	0,181	0,182	0,190	0,141	0,000	0,000
4,000	-11,495	-11,626	-11,542	-11,572	-11,539	-11,541	-11,545	-11,545	-11,544	-11,529	-11,483	-11,424	-11,301	-11,109	-10,850	-0,414	-0,120	-0,098	-0,019	0,016	0,036	0,056	0,074	0,108	0,164	0,242	0,322	0,400	0,449	0,369	0,000	0,000
5,000	-12,668	-12,674	-12,830	-12,868	-12,856	-12,846	-12,824	-12,828	-12,805	-12,804	-12,762	-12,677	-12,544	-12,302	-11,999	-0,185	-0,244	-0,166	-0,038	-0,001	0,024	0,067	0,096	0,137	0,182	0,275	0,383	0,470	0,533	0,430	0,000	0,000
6,000	-8,670	-8,648	-8,568	-8,427	-8,326	-8,273	-8,248	-8,221	-8,175	-8,152	-8,097	-8,043	-7,946	-7,797	-7,610	-0,048	0,123	0,155	0,223	0,223	0,198	0,192	0,194	0,202	0,219	0,257	0,290	0,332	0,351	0,275	0,000	0,000
7,000	-6,937	-6,861	-6,857	-6,771	-6,725	-6,695	-6,669	-6,654	-6,639	-6,633	-6,622	-6,601	-6,574	-6,525	-6,471	0,089	0,057	0,099	0,131	0,116	0,094	0,091	0,082	0,081	0,076	0,085	0,094	0,103	0,106	0,081	0,000	0,000
8,000	-19,503	-19,718	-19,706	-19,825	-19,824	-19,878	-19,905	-19,927	-19,951	-19,990	-19,997	-20,017	-20,013	-19,960	-19,889	-0,302	-0,212	-0,202	-0,138	-0,125	-0,124	-0,121	-0,106	-0,094	-0,073	-0,024	0,012	0,042	0,089	0,081	0,000	0,000
9,000	-9,468	-9,411	-9,349	-9,154	-9,021	-8,907	-8,844	-8,794	-8,746	-8,708	-8,657	-8,598	-8,516	-8,390	-8,244	0,110	0,180	0,243	0,343	0,352	0,319	0,296	0,276	0,262	0,248	0,266	0,280	0,297	0,298	0,228	0,000	0,000
10,000	-9,409	-9,423	-9,316	-9,205	-9,121	-9,093	-9,073	-9,055	-9,032	-9,026	-8,998	-8,964	-8,901	-8,802	-8,684	-0,052	0,132	0,136	0,175	0,152	0,139	0,128	0,126	0,120	0,134	0,158	0,179	0,210	0,224	0,180	0,000	0,000
11,000	-9,535	-9,426	-9,393	-9,258	-9,176	-9,122	-9,094	-9,072	-9,041	-9,021	-8,986	-8,937	-8,871	-8,769	-8,638	0,139	0,159	0,180	0,210	0,200	0,175	0,170	0,157	0,162	0,170	0,194	0,218	0,236	0,243	0,193	0,000	0,000
12,000	-14,606	-14,634	-14,565	-14,529	-14,469	-14,458	-14,454	-14,450	-14,437	-14,448	-14,419	-14,385	-14,336	-14,222	-14,081	0,011	0,089	0,086	0,095	0,088	0,064	0,070	0,067	0,078	0,093	0,131	0,178	0,216	0,248	0,199	0,000	0,000
13,000	-8,288	-8,282	-8,290	-8,284	-8,270	-8,246	-8,233	-8,219	-8,188	-8,155	-8,102	-8,033	-7,925	-7,766	-7,562	-0,023	-0,006	0,005	0,048	0,071	0,091	0,118	0,137	0,170	0,198	0,255	0,303	0,356	0,377	0,304	0,000	0,000
14,000	-11,980	-11,851	-11,939	-11,875	-11,867	-11,848	-11,823	-11,832	-11,813	-11,820	-11,799	-11,770	-11,695	-11,562	-11,385	-0,067	-0,113	-0,020	0,042	0,045	0,050	0,062	0,064	0,076	0,100	0,149	0,203	0,262	0,301	0,246	0,000	0,000
15,000	-8,073	-8,024	-7,878	-7,845	-7,782	-7,781	-7,771	-7,750	-7,736	-7,733	-7,715	-7,696	-7,671	-7,627	-7,582	0,388	0,366	0,255	0,163	0,126	0,108	0,094	0,087	0,080	0,080	0,080	0,087	0,097	0,100	0,079	0,000	0,000
	run	9	2022:11:08    11:40:34,501
0,000	-10,039	-9,705	-9,601	-9,549	-9,530	-9,529	-9,527	-9,524	-9,522	-9,524	-9,522	-9,505	-9,481	-9,426	-9,367	1,356	0,799	0,553	0,249	0,158	0,108	0,092	0,068	0,057	0,059	0,067	0,089	0,105	0,113	0,088	0,000	0,000
1,000	-14,821	-14,371	-14,120	-13,739	-13,529	-13,386	-13,307	-13,240	-13,182	-13,136	-13,084	-13,043	-12,995	-12,929	-12,865	1,379	1,077	0,926	0,707	0,617	0,506	0,438	0,376	0,325	0,283	0,246	0,225	0,198	0,179	0,130	0,000	0,000
2,000	-10,772	-10,619	-10,509	-10,297	-10,170	-10,083	-10,037	-10,000	-9,939	-9,904	-9,836	-9,762	-9,683	-9,552	-9,411	0,305	0,347	0,361	0,356	0,333	0,289	0,277	0,270	0,262	0,259	0,278	0,293	0,306	0,299	0,223	0,000	0,000
3,000	-21,825	-21,834	-21,730	-21,376	-21,156	-21,016	-20,946	-20,885	-20,843	-20,830	-20,799	-20,778	-20,733	-20,653	-20,563	-0,137	0,192	0,324	0,483	0,463	0,380	0,324	0,279	0,231	0,187	0,168	0,181	0,182	0,190	0,141	0,000	0,000
4,000	-11,495	-11,626	-11,542	-11,572	-11,539	-11,541	-11,545	-11,545	-11,544	-11,529	-11,483	-11,424	-11,301	-11,109	-10,850	-0,414	-0,120	-0,098	-0,019	0,016	0,036	0,056	0,074	0,108	0,164	0,242	0,322	0,400	0,449	0,369	0,000	0,000
5,000	-12,668	-12,674	-12,830	-12,868	-12,856	-12,846	-12,824	-12,828	-12,805	-12,804	-12,762	-12,677	-12,544	-12,302	-11,999	-0,185	-0,244	-0,166	-0,038	-0,001	0,024	0,067	0,096	0,137	0,182	0,275	0,383	0,470	0,533	0,430	0,000	0,000
6,000	-8,646	-8,646	-8,545	-8,424	-8,323	-8,273	-8,249	-8,216	-8,179	-8,159	-8,101	-8,038	-7,950	-7,791	-7,618	-0,048	0,111	0,155	0,226	0,214	0,194	0,197	0,192	0,204	0,212	0,256	0,292	0,329	0,352	0,273	0,000	0,000
7,000	-6,962	-6,876	-6,880	-6,786	-6,739	-6,701	-6,681	-6,674	-6,649	-6,649	-6,632	-6,615	-6,592	-6,541	-6,487	0,075	0,062	0,099	0,132	0,119	0,096	0,095	0,084	0,077	0,073	0,088	0,093	0,103	0,102	0,082	0,000	0,000
8,000	-19,483	-19,680	-19,673	-19,810	-19,802	-19,852	-19,878	-19,911	-19,931	-19,977	-19,979	-19,990	-19,995	-19,941	-19,870	-0,340	-0,203	-0,202	-0,145	-0,118	-0,123	-0,116	-0,110	-0,093	-0,070	-0,032	0,010	0,042	0,087	0,086	0,000	0,000
9,000	-9,424	-9,378	-9,320	-9,124	-8,985	-8,875	-8,815	-8,764	-8,713	-8,670	-8,621	-8,567	-8,486	-8,361	-8,211	0,098	0,185	0,252	0,338	0,349	0,314	0,298	0,271	0,256	0,252	0,263	0,276	0,292	0,296	0,224	0,000	0,000
10,000	-9,323	-9,348	-9,248	-9,136	-9,058	-9,030	-9,008	-8,985	-8,965	-8,961	-8,935	-8,898	-8,835	-8,735	-8,621	-0,061	0,131	0,136	0,167	0,151	0,134	0,129	0,126	0,119	0,130	0,154	0,178	0,209	0,226	0,177	0,000	0,000
11,000	-9,473	-9,373	-9,340	-9,204	-9,127	-9,073	-9,042	-9,022	-8,990	-8,969	-8,934	-8,890	-8,819	-8,715	-8,588	0,124	0,154	0,174	0,210	0,205	0,172	0,173	0,160	0,162	0,172	0,195	0,216	0,240	0,248	0,194	0,000	0,000
12,000	-14,707	-14,738	-14,669	-14,625	-14,574	-14,557	-14,554	-14,548	-14,531	-14,547	-14,517	-14,482	-14,427	-14,312	-14,181	0,016	0,092	0,091	0,102	0,090	0,072	0,077	0,074	0,083	0,093	0,133	0,178	0,215	0,249	0,195	0,000	0,000
13,000	-8,342	-8,326	-8,339	-8,334	-8,313	-8,297	-8,276	-8,263	-8,233	-8,200	-8,146	-8,073	-7,967	-7,804	-7,594	-0,009	0,004	-0,000	0,048	0,069	0,091	0,121	0,139	0,167	0,209	0,257	0,312	0,364	0,384	0,313	0,000	0,000
14,000	-12,078	-11,938	-12,016	-11,951	-11,954	-11,923	-11,901	-11,910	-11,894	-11,889	-11,872	-11,843	-11,766	-11,640	-11,460	-0,063	-0,095	-0,028	0,040	0,045	0,042	0,059	0,062	0,081	0,105	0,149	0,195	0,262	0,296	0,245	0,000	0,000
15,000	-8,095	-8,047	-7,895	-7,861	-7,802	-7,803	-7,793	-7,771	-7,752	-7,751	-7,736	-7,716	-7,689	-7,644	-7,600	0,390	0,380	0,250	0,166	0,124	0,103	0,089	0,091	0,080	0,074	0,083	0,088	0,098	0,099	0,073	0,000	0,000
	run	10	2022:11:08    11:40:34,600
0,000	-9,976	-9,646	-9,526	-9,477	-9,458	-9,450	-9,455	-9,448	-9,451	-9,456	-9,447	-9,434	-9,409	-9,358	-9,299	1,362	0,810	0,558	0,253	0,165	0,110	0,087	0,075	0,060	0,056	0,068	0,080	0,101	0,108	0,084	0,000	0,000
1,000	-14,380	-13,964	-13,718	-13,384	-13,194	-13,051	-12,982	-12,917	-12,855	-12,814	-12,768	-12,727	-12,683	-12,623	-12,560	1,315	1,022	0,869	0,664	0,582	0,478	0,419	0,355	0,310	0,260	0,230	0,205	0,184	0,168	0,119	0,000	0,000
2,000	-10,392	-10,248	-10,157	-9,965	-9,841	-9,764	-9,717	-9,672	-9,620	-9,587	-9,523	-9,452	-9,375	-9,259	-9,129	0,269	0,312	0,327	0,333	0,309	0,274	0,268	0,261	0,255	0,249	0,263	0,273	0,284	0,278	0,204	0,000	0,000
3,000	-21,060	-21,090	-21,015	-20,718	-20,516	-20,380	-20,316	-20,253	-20,202	-20,194	-20,166	-20,137	-20,103	-20,019	-19,929	-0,203	0,106	0,248	0,424	0,420	0,355	0,309	0,264	0,224	0,185	0,173	0,174	0,179	0,186	0,139	0,000	0,000
4,000	-11,331	-11,458	-11,371	-11,390	-11,372	-11,368	-11,366	-11,372	-11,365	-11,346	-11,308	-11,246	-11,136	-10,942	-10,688	-0,405	-0,118	-0,089	-0,003	0,013	0,036	0,060	0,075	0,104	0,160	0,239	0,315	0,390	0,441	0,360	0,000	0,000
5,000	-12,594	-12,599	-12,744	-12,793	-12,783	-12,767	-12,758	-12,751	-12,728	-12,735	-12,682	-12,595	-12,469	-12,234	-11,933	-0,175	-0,251	-0,183	-0,040	0,001	0,026	0,067	0,098	0,133	0,181	0,275	0,377	0,465	0,519	0,425	0,000	0,000
6,000	-8,659	-8,666	-8,561	-8,436	-8,338	-8,285	-8,257	-8,229	-8,191	-8,165	-8,114	-8,050	-7,958	-7,803	-7,620	-0,041	0,128	0,161	0,222	0,217	0,192	0,193	0,194	0,204	0,215	0,255	0,299	0,330	0,355	0,275	0,000	0,000
7,000	-6,983	-6,903	-6,909	-6,806	-6,752	-6,714	-6,692	-6,687	-6,670	-6,666	-6,648	-6,629	-6,599	-6,554	-6,495	0,100	0,084	0,113	0,144	0,124	0,099	0,096	0,084	0,082	0,078	0,086	0,093	0,104	0,109	0,083	0,000	0,000
8,000	-19,734	-19,933	-19,938	-20,067	-20,066	-20,117	-20,143	-20,172	-20,192	-20,233	-20,242	-20,259	-20,254	-20,205	-20,143	-0,337	-0,206	-0,218	-0,158	-0,136	-0,134	-0,124	-0,113	-0,093	-0,076	-0,033	0,010	0,040	0,083	0,080	0,000	0,000
9,000	-9,538	-9,479	-9,401	-9,187	-9,035	-8,931	-8,864	-8,816	-8,763	-8,722	-8,679	-8,618	-8,531	-8,410	-8,258	0,138	0,203	0,277	0,366	0,367	0,327	0,308	0,282	0,265	0,256	0,268	0,288	0,302	0,305	0,230	0,000	0,000
10,000	-9,478	-9,497	-9,386	-9,269	-9,186	-9,152	-9,133	-9,115	-9,089	-9,083	-9,060	-9,021	-8,957	-8,854	-8,739	-0,041	0,148	0,149	0,185	0,158	0,146	0,137	0,133	0,126	0,136	0,156	0,184	0,217	0,228	0,182	0,000	0,000
11,000	-9,584	-9,480	-9,445	-9,292	-9,215	-9,156	-9,130	-9,102	-9,073	-9,050	-9,015	-8,967	-8,895	-8,787	-8,658	0,140	0,175	0,196	0,219	0,209	0,185	0,176	0,163	0,169	0,179	0,196	0,222	0,243	0,255	0,197	0,000	0,000
12,000	-14,847	-14,868	-14,797	-14,764	-14,708	-14,693	-14,686	-14,683	-14,670	-14,682	-14,656	-14,620	-14,565	-14,453	-14,310	0,007	0,089	0,086	0,092	0,087	0,074	0,071	0,077	0,082	0,092	0,140	0,173	0,221	0,251	0,202	0,000	0,000
13,000	-8,431	-8,402	-8,415	-8,404	-8,392	-8,365	-8,348	-8,332	-8,306	-8,271	-8,223	-8,144	-8,039	-7,868	-7,654	-0,009	0,004	0,010	0,046	0,076	0,097	0,117	0,141	0,172	0,208	0,258	0,320	0,365	0,391	0,310	0,000	0,000
14,000	-12,220	-12,069	-12,162	-12,096	-12,095	-12,060	-12,041	-12,043	-12,038	-12,031	-12,019	-11,979	-11,912	-11,776	-11,591	-0,080	-0,094	-0,031	0,041	0,044	0,048	0,059	0,065	0,080	0,096	0,140	0,197	0,259	0,304	0,246	0,000	0,000
15,000	-8,049	-8,009	-7,851	-7,820	-7,768	-7,757	-7,753	-7,735	-7,716	-7,719	-7,699	-7,685	-7,657	-7,617	-7,573	0,400	0,362	0,258	0,166	0,124	0,107	0,089	0,085	0,075	0,077	0,078	0,085	0,094	0,100	0,075	0,000	0,000
	run	11	2022:11:08    11:40:34,700
0,000	-9,835	-9,512	-9,396	-9,339	-9,323	-9,311	-9,314	-9,313	-9,310	-9,315	-9,310	-9,303	-9,275	-9,230	-9,169	1,338	0,797	0,549	0,255	0,163	0,110	0,086	0,070	0,058	0,057	0,063	0,078	0,099	0,106	0,080	0,000	0,000
1,000	-14,349	-13,933	-13,710	-13,377	-13,196	-13,070	-12,985	-12,926	-12,866	-12,820	-12,772	-12,726	-12,684	-12,623	-12,556	1,285	0,992	0,827	0,639	0,565	0,467	0,412	0,353	0,308	0,267	0,234	0,209	0,191	0,175	0,121	0,000	0,000
2,000	-10,349	-10,214	-10,114	-9,923	-9,800	-9,718	-9,669	-9,628	-9,572	-9,539	-9,478	-9,413	-9,334	-9,213	-9,085	0,265	0,313	0,326	0,337	0,313	0,274	0,271	0,259	0,254	0,248	0,262	0,275	0,284	0,279	0,204	0,000	0,000
3,000	-21,043	-21,102	-21,036	-20,736	-20,524	-20,394	-20,323	-20,269	-20,217	-20,211	-20,180	-20,156	-20,120	-20,042	-19,950	-0,195	0,115	0,251	0,427	0,421	0,347	0,307	0,260	0,224	0,177	0,165	0,175	0,172	0,177	0,135	0,000	0,000
4,000	-11,205	-11,338	-11,242	-11,259	-11,232	-11,235	-11,236	-11,237	-11,228	-11,208	-11,173	-11,112	-11,003	-10,819	-10,575	-0,415	-0,119	-0,088	0,003	0,019	0,040	0,058	0,072	0,108	0,155	0,233	0,304	0,383	0,423	0,350	0,000	0,000
5,000	-12,445	-12,442	-12,591	-12,636	-12,633	-12,615	-12,606	-12,603	-12,579	-12,575	-12,532	-12,455	-12,327	-12,094	-11,786	-0,164	-0,247	-0,180	-0,035	0,003	0,022	0,061	0,093	0,141	0,185	0,278	0,370	0,461	0,523	0,414	0,000	0,000
6,000	-8,618	-8,596	-8,518	-8,387	-8,296	-8,241	-8,212	-8,183	-8,142	-8,121	-8,070	-8,006	-7,911	-7,757	-7,574	-0,049	0,120	0,152	0,211	0,214	0,190	0,193	0,188	0,202	0,215	0,254	0,299	0,333	0,350	0,271	0,000	0,000
7,000	-7,026	-6,931	-6,928	-6,827	-6,775	-6,738	-6,715	-6,708	-6,685	-6,684	-6,670	-6,649	-6,623	-6,570	-6,513	0,102	0,096	0,116	0,146	0,131	0,103	0,102	0,090	0,086	0,075	0,087	0,094	0,104	0,115	0,084	0,000	0,000
8,000	-19,775	-20,006	-20,007	-20,145	-20,149	-20,200	-20,231	-20,260	-20,271	-20,322	-20,336	-20,333	-20,339	-20,291	-20,221	-0,338	-0,206	-0,214	-0,166	-0,140	-0,139	-0,122	-0,114	-0,102	-0,074	-0,029	0,007	0,039	0,089	0,081	0,000	0,000
9,000	-9,723	-9,644	-9,568	-9,344	-9,195	-9,082	-9,021	-8,973	-8,917	-8,880	-8,825	-8,769	-8,683	-8,555	-8,398	0,131	0,214	0,278	0,373	0,369	0,330	0,313	0,282	0,265	0,258	0,272	0,291	0,309	0,315	0,240	0,000	0,000
10,000	-9,635	-9,631	-9,507	-9,363	-9,278	-9,243	-9,220	-9,202	-9,177	-9,169	-9,144	-9,109	-9,040	-8,936	-8,820	-0,019	0,168	0,178	0,206	0,175	0,156	0,144	0,134	0,129	0,146	0,166	0,184	0,219	0,236	0,187	0,000	0,000
11,000	-9,702	-9,593	-9,543	-9,397	-9,312	-9,259	-9,230	-9,203	-9,175	-9,152	-9,112	-9,065	-8,997	-8,887	-8,750	0,153	0,186	0,212	0,226	0,212	0,186	0,178	0,166	0,169	0,177	0,199	0,227	0,251	0,260	0,200	0,000	0,000
12,000	-15,082	-15,114	-15,046	-15,004	-14,946	-14,936	-14,928	-14,918	-14,913	-14,922	-14,897	-14,855	-14,802	-14,682	-14,542	0,013	0,083	0,087	0,096	0,092	0,070	0,074	0,075	0,081	0,100	0,141	0,178	0,222	0,255	0,203	0,000	0,000
13,000	-8,481	-8,468	-8,474	-8,467	-8,448	-8,427	-8,412	-8,396	-8,365	-8,330	-8,273	-8,206	-8,098	-7,930	-7,713	-0,006	0,013	0,006	0,054	0,076	0,099	0,122	0,142	0,174	0,212	0,264	0,315	0,368	0,395	0,315	0,000	0,000
14,000	-12,152	-12,022	-12,115	-12,044	-12,047	-12,015	-11,988	-11,992	-11,983	-11,983	-11,953	-11,927	-11,858	-11,731	-11,550	-0,054	-0,100	-0,021	0,037	0,047	0,054	0,061	0,059	0,081	0,100	0,153	0,198	0,256	0,294	0,246	0,000	0,000
15,000	-8,007	-7,964	-7,818	-7,785	-7,735	-7,721	-7,714	-7,699	-7,683	-7,686	-7,668	-7,652	-7,624	-7,583	-7,538	0,402	0,369	0,255	0,160	0,124	0,102	0,091	0,080	0,075	0,075	0,078	0,081	0,094	0,094	0,076	0,000	0,000
	run	12	2022:11:08    11:40:34,748
0,000	-9,825	-9,506	-9,392	-9,336	-9,318	-9,316	-9,317	-9,310	-9,304	-9,319	-9,308	-9,292	-9,271	-9,219	-9,160	1,329	0,778	0,548	0,247	0,160	0,105	0,093	0,069	0,062	0,056	0,064	0,082	0,098	0,108	0,085	0,000	0,000
1,000	-14,374	-13,938	-13,700	-13,362	-13,173	-13,035	-12,960	-12,899	-12,838	-12,794	-12,748	-12,709	-12,659	-12,605	-12,534	1,296	1,007	0,849	0,660	0,578	0,476	0,416	0,355	0,309	0,266	0,232	0,209	0,186	0,171	0,121	0,000	0,000
2,000	-10,349	-10,214	-10,114	-9,923	-9,800	-9,718	-9,669	-9,628	-9,572	-9,539	-9,478	-9,413	-9,334	-9,213	-9,085	0,265	0,313	0,326	0,337	0,313	0,274	0,271	0,259	0,254	0,248	0,262	0,275	0,284	0,279	0,204	0,000	0,000
3,000	-21,043	-21,102	-21,036	-20,736	-20,524	-20,394	-20,323	-20,269	-20,217	-20,211	-20,180	-20,156	-20,120	-20,042	-19,950	-0,195	0,115	0,251	0,427	0,421	0,347	0,307	0,260	0,224	0,177	0,165	0,175	0,172	0,177	0,135	0,000	0,000
4,000	-11,205	-11,338	-11,242	-11,259	-11,232	-11,235	-11,236	-11,237	-11,228	-11,208	-11,173	-11,112	-11,003	-10,819	-10,575	-0,415	-0,119	-0,088	0,003	0,019	0,040	0,058	0,072	0,108	0,155	0,233	0,304	0,383	0,423	0,350	0,000	0,000
5,000	-12,445	-12,442	-12,591	-12,636	-12,633	-12,615	-12,606	-12,603	-12,579	-12,575	-12,532	-12,455	-12,327	-12,094	-11,786	-0,164	-0,247	-0,180	-0,035	0,003	0,022	0,061	0,093	0,141	0,185	0,278	0,370	0,461	0,523	0,414	0,000	0,000
6,000	-8,618	-8,596	-8,518	-8,387	-8,296	-8,241	-8,212	-8,183	-8,142	-8,121	-8,070	-8,006	-7,911	-7,757	-7,574	-0,049	0,120	0,152	0,211	0,214	0,190	0,193	0,188	0,202	0,215	0,254	0,299	0,333	0,350	0,271	0,000	0,000
7,000	-7,026	-6,931	-6,928	-6,827	-6,775	-6,738	-6,715	-6,708	-6,685	-6,684	-6,670	-6,649	-6,623	-6,570	-6,513	0,102	0,096	0,116	0,146	0,131	0,103	0,102	0,090	0,086	0,075	0,087	0,094	0,104	0,115	0,084	0,000	0,000
8,000	-19,927	-20,136	-20,137	-20,280	-20,280	-20,336	-20,366	-20,388	-20,405	-20,453	-20,459	-20,471	-20,463	-20,420	-20,348	-0,308	-0,220	-0,220	-0,157	-0,132	-0,134	-0,122	-0,113	-0,093	-0,071	-0,034	0,006	0,043	0,088	0,082	0,000	0,000
9,000	-9,714	-9,646	-9,568	-9,349	-9,197	-9,083	-9,024	-8,971	-8,921	-8,876	-8,829	-8,769	-8,681	-8,552	-8,398	0,105	0,218	0,284	0,374	0,370	0,326	0,309	0,283	0,261	0,261	0,271	0,288	0,311	0,311	0,239	0,000	0,000
10,000	-9,662	-9,661	-9,530	-9,385	-9,298	-9,264	-9,235	-9,224	-9,198	-9,191	-9,164	-9,123	-9,060	-8,955	-8,835	-0,030	0,181	0,193	0,215	0,182	0,157	0,145	0,138	0,133	0,143	0,166	0,188	0,221	0,235	0,187	0,000	0,000
11,000	-9,736	-9,621	-9,577	-9,428	-9,339	-9,287	-9,254	-9,228	-9,200	-9,179	-9,134	-9,090	-9,016	-8,912	-8,772	0,156	0,186	0,204	0,230	0,216	0,188	0,180	0,168	0,171	0,174	0,205	0,227	0,252	0,266	0,202	0,000	0,000
12,000	-15,114	-15,140	-15,075	-15,034	-14,980	-14,960	-14,954	-14,954	-14,937	-14,948	-14,919	-14,888	-14,826	-14,708	-14,571	-0,001	0,095	0,082	0,098	0,094	0,070	0,072	0,077	0,080	0,098	0,136	0,178	0,223	0,251	0,203	0,000	0,000
13,000	-8,450	-8,447	-8,448	-8,445	-8,428	-8,406	-8,387	-8,370	-8,340	-8,308	-8,254	-8,180	-8,072	-7,900	-7,692	-0,014	0,012	0,010	0,053	0,073	0,097	0,121	0,144	0,170	0,205	0,262	0,316	0,371	0,393	0,311	0,000	0,000
14,000	-11,992	-11,845	-11,943	-11,876	-11,876	-11,841	-11,825	-11,826	-11,814	-11,817	-11,804	-11,765	-11,692	-11,568	-11,388	-0,039	-0,094	-0,024	0,040	0,046	0,048	0,061	0,059	0,075	0,098	0,142	0,198	0,258	0,298	0,242	0,000	0,000
15,000	-7,931	-7,906	-7,747	-7,719	-7,661	-7,660	-7,649	-7,631	-7,614	-7,616	-7,601	-7,582	-7,557	-7,511	-7,471	0,376	0,364	0,243	0,156	0,125	0,101	0,089	0,082	0,081	0,077	0,080	0,084	0,092	0,093	0,075	0,000	0,000
	run	13	2022:11:08    11:40:34,849
0,000	-9,821	-9,501	-9,385	-9,334	-9,312	-9,313	-9,313	-9,310	-9,309	-9,315	-9,304	-9,291	-9,266	-9,214	-9,160	1,352	0,780	0,549	0,249	0,163	0,107	0,086	0,066	0,060	0,057	0,068	0,084	0,099	0,109	0,080	0,000	0,000
1,000	-14,448	-14,020	-13,795	-13,441	-13,256	-13,107	-13,035	-12,972	-12,915	-12,871	-12,817	-12,775	-12,733	-12,671	-12,605	1,297	1,009	0,859	0,667	0,586	0,480	0,423	0,358	0,314	0,269	0,235	0,215	0,188	0,172	0,121	0,000	0,000
2,000	-10,497	-10,351	-10,265	-10,049	-9,927	-9,852	-9,796	-9,749	-9,698	-9,666	-9,598	-9,532	-9,457	-9,333	-9,202	0,298	0,334	0,337	0,352	0,320	0,285	0,278	0,264	0,256	0,248	0,266	0,285	0,288	0,281	0,208	0,000	0,000
3,000	-21,267	-21,294	-21,224	-20,900	-20,691	-20,553	-20,481	-20,426	-20,376	-20,367	-20,337	-20,308	-20,273	-20,192	-20,098	-0,194	0,118	0,269	0,447	0,443	0,364	0,317	0,268	0,226	0,185	0,170	0,180	0,178	0,186	0,138	0,000	0,000
4,000	-11,314	-11,453	-11,360	-11,373	-11,350	-11,349	-11,352	-11,351	-11,351	-11,328	-11,288	-11,232	-11,117	-10,928	-10,676	-0,399	-0,117	-0,091	-0,003	0,019	0,036	0,057	0,072	0,111	0,163	0,239	0,314	0,391	0,433	0,360	0,000	0,000
5,000	-12,582	-12,591	-12,724	-12,772	-12,773	-12,752	-12,749	-12,734	-12,718	-12,720	-12,672	-12,589	-12,453	-12,214	-11,915	-0,173	-0,251	-0,182	-0,040	-0,005	0,019	0,069	0,095	0,140	0,188	0,279	0,378	0,465	0,526	0,425	0,000	0,000
6,000	-8,617	-8,610	-8,536	-8,399	-8,301	-8,245	-8,218	-8,190	-8,156	-8,127	-8,079	-8,007	-7,924	-7,768	-7,584	-0,054	0,105	0,153	0,213	0,211	0,189	0,200	0,192	0,201	0,217	0,256	0,298	0,334	0,354	0,276	0,000	0,000
7,000	-7,070	-6,972	-6,966	-6,859	-6,812	-6,776	-6,756	-6,743	-6,722	-6,718	-6,706	-6,679	-6,655	-6,604	-6,547	0,092	0,087	0,112	0,150	0,125	0,106	0,095	0,090	0,083	0,079	0,086	0,101	0,105	0,114	0,087	0,000	0,000
8,000	-19,963	-20,197	-20,192	-20,351	-20,345	-20,400	-20,427	-20,461	-20,480	-20,523	-20,531	-20,537	-20,530	-20,484	-20,410	-0,341	-0,242	-0,238	-0,171	-0,137	-0,145	-0,122	-0,115	-0,094	-0,068	-0,035	0,011	0,049	0,093	0,081	0,000	0,000
9,000	-9,754	-9,667	-9,588	-9,358	-9,208	-9,090	-9,029	-8,980	-8,931	-8,893	-8,837	-8,778	-8,687	-8,559	-8,400	0,134	0,224	0,294	0,383	0,372	0,336	0,313	0,286	0,273	0,261	0,275	0,291	0,312	0,314	0,238	0,000	0,000
10,000	-9,662	-9,657	-9,520	-9,389	-9,298	-9,267	-9,242	-9,226	-9,198	-9,194	-9,163	-9,120	-9,055	-8,957	-8,836	-0,028	0,172	0,180	0,209	0,175	0,157	0,141	0,142	0,133	0,142	0,160	0,184	0,226	0,238	0,183	0,000	0,000
11,000	-9,717	-9,597	-9,552	-9,404	-9,321	-9,266	-9,236	-9,207	-9,179	-9,155	-9,114	-9,071	-9,000	-8,889	-8,753	0,161	0,179	0,198	0,229	0,221	0,189	0,182	0,167	0,170	0,178	0,197	0,232	0,254	0,264	0,202	0,000	0,000
12,000	-15,049	-15,071	-15,004	-14,966	-14,917	-14,900	-14,894	-14,888	-14,877	-14,886	-14,864	-14,825	-14,769	-14,652	-14,513	-0,002	0,083	0,082	0,097	0,086	0,067	0,073	0,075	0,081	0,096	0,140	0,176	0,223	0,248	0,202	0,000	0,000
13,000	-8,421	-8,426	-8,429	-8,427	-8,408	-8,385	-8,368	-8,348	-8,319	-8,284	-8,237	-8,162	-8,053	-7,884	-7,674	-0,016	0,002	0,018	0,053	0,074	0,097	0,121	0,140	0,174	0,206	0,260	0,315	0,364	0,389	0,310	0,000	0,000
14,000	-11,911	-11,760	-11,859	-11,796	-11,791	-11,754	-11,742	-11,743	-11,729	-11,727	-11,719	-11,683	-11,612	-11,478	-11,316	-0,048	-0,095	-0,027	0,042	0,048	0,046	0,058	0,062	0,076	0,098	0,143	0,191	0,252	0,293	0,246	0,000	0,000
15,000	-7,919	-7,890	-7,734	-7,708	-7,654	-7,648	-7,636	-7,618	-7,601	-7,602	-7,589	-7,570	-7,542	-7,503	-7,453	0,383	0,364	0,240	0,161	0,124	0,101	0,090	0,082	0,075	0,076	0,080	0,084	0,097	0,094	0,074	0,000	0,000
	run	14	2022:11:08    11:40:34,901
0,000	-9,821	-9,501	-9,385	-9,334	-9,312	-9,313	-9,313	-9,310	-9,309	-9,315	-9,304	-9,291	-9,266	-9,214	-9,160	1,352	0,780	0,549	0,249	0,163	0,107	0,086	0,066	0,060	0,057	0,068	0,084	0,099	0,109	0,080	0,000	0,000
1,000	-14,448	-14,020	-13,795	-13,441	-13,256	-13,107	-13,035	-12,972	-12,915	-12,871	-12,817	-12,775	-12,733	-12,671	-12,605	1,297	1,009	0,859	0,667	0,586	0,480	0,423	0,358	0,314	0,269	0,235	0,215	0,188	0,172	0,121	0,000	0,000
2,000	-10,497	-10,351	-10,265	-10,049	-9,927	-9,852	-9,796	-9,749	-9,698	-9,666	-9,598	-9,532	-9,457	-9,333	-9,202	0,298	0,334	0,337	0,352	0,320	0,285	0,278	0,264	0,256	0,248	0,266	0,285	0,288	0,281	0,208	0,000	0,000
3,000	-21,267	-21,294	-21,224	-20,900	-20,691	-20,553	-20,481	-20,426	-20,376	-20,367	-20,337	-20,308	-20,273	-20,192	-20,098	-0,194	0,118	0,269	0,447	0,443	0,364	0,317	0,268	0,226	0,185	0,170	0,180	0,178	0,186	0,138	0,000	0,000
4,000	-11,314	-11,453	-11,360	-11,373	-11,350	-11,349	-11,352	-11,351	-11,351	-11,328	-11,288	-11,232	-11,117	-10,928	-10,676	-0,399	-0,117	-0,091	-0,003	0,019	0,036	0,057	0,072	0,111	0,163	0,239	0,314	0,391	0,433	0,360	0,000	0,000
5,000	-12,582	-12,591	-12,724	-12,772	-12,773	-12,752	-12,749	-12,734	-12,718	-12,720	-12,672	-12,589	-12,453	-12,214	-11,915	-0,173	-0,251	-0,182	-0,040	-0,005	0,019	0,069	0,095	0,140	0,188	0,279	0,378	0,465	0,526	0,425	0,000	0,000
6,000	-8,665	-8,673	-8,580	-8,452	-8,357	-8,299	-8,272	-8,243	-8,207	-8,183	-8,134	-8,063	-7,973	-7,813	-7,626	-0,053	0,112	0,152	0,218	0,218	0,193	0,194	0,197	0,208	0,218	0,256	0,300	0,333	0,353	0,273	0,000	0,000
7,000	-7,059	-6,969	-6,955	-6,849	-6,803	-6,767	-6,746	-6,739	-6,711	-6,707	-6,686	-6,669	-6,642	-6,586	-6,532	0,098	0,095	0,113	0,153	0,124	0,104	0,099	0,089	0,093	0,084	0,083	0,101	0,112	0,113	0,091	0,000	0,000
8,000	-19,925	-20,130	-20,131	-20,282	-20,282	-20,328	-20,360	-20,392	-20,411	-20,452	-20,465	-20,479	-20,469	-20,424	-20,348	-0,342	-0,227	-0,228	-0,166	-0,140	-0,137	-0,127	-0,122	-0,094	-0,078	-0,035	0,007	0,042	0,090	0,079	0,000	0,000
9,000	-9,654	-9,580	-9,506	-9,282	-9,126	-9,016	-8,952	-8,904	-8,850	-8,814	-8,761	-8,702	-8,616	-8,491	-8,334	0,141	0,227	0,301	0,379	0,375	0,334	0,312	0,283	0,269	0,259	0,272	0,290	0,313	0,313	0,238	0,000	0,000
10,000	-9,598	-9,605	-9,485	-9,351	-9,260	-9,233	-9,202	-9,187	-9,161	-9,154	-9,127	-9,092	-9,028	-8,926	-8,803	-0,051	0,163	0,182	0,209	0,174	0,153	0,142	0,135	0,128	0,140	0,164	0,185	0,221	0,229	0,184	0,000	0,000
11,000	-9,624	-9,504	-9,459	-9,311	-9,227	-9,176	-9,145	-9,119	-9,087	-9,071	-9,031	-8,988	-8,916	-8,802	-8,676	0,145	0,185	0,197	0,223	0,208	0,183	0,179	0,166	0,166	0,180	0,195	0,225	0,243	0,255	0,198	0,000	0,000
12,000	-14,871	-14,910	-14,838	-14,803	-14,749	-14,732	-14,727	-14,725	-14,710	-14,724	-14,695	-14,663	-14,608	-14,486	-14,353	0,006	0,088	0,081	0,097	0,089	0,068	0,070	0,073	0,085	0,091	0,144	0,177	0,219	0,248	0,198	0,000	0,000
13,000	-8,353	-8,338	-8,344	-8,340	-8,327	-8,307	-8,291	-8,270	-8,238	-8,207	-8,153	-8,085	-7,975	-7,810	-7,598	-0,012	-0,004	0,010	0,050	0,071	0,095	0,120	0,140	0,170	0,206	0,257	0,314	0,364	0,386	0,309	0,000	0,000
14,000	-11,972	-11,848	-11,932	-11,874	-11,871	-11,839	-11,822	-11,822	-11,817	-11,810	-11,804	-11,767	-11,696	-11,571	-11,390	-0,061	-0,106	-0,038	0,042	0,045	0,043	0,065	0,065	0,078	0,097	0,139	0,199	0,255	0,290	0,243	0,000	0,000
15,000	-8,000	-7,969	-7,812	-7,786	-7,727	-7,715	-7,707	-7,690	-7,674	-7,674	-7,661	-7,642	-7,615	-7,577	-7,530	0,386	0,366	0,253	0,161	0,122	0,101	0,093	0,084	0,076	0,077	0,079	0,081	0,092	0,095	0,076	0,000	0,000
	run	15	2022:11:08    11:40:35,001
0,000	-9,996	-9,654	-9,539	-9,484	-9,462	-9,457	-9,459	-9,459	-9,458	-9,459	-9,456	-9,443	-9,411	-9,364	-9,305	1,359	0,801	0,555	0,255	0,163	0,106	0,092	0,072	0,068	0,059	0,067	0,082	0,102	0,112	0,084	0,000	0,000
1,000	-14,610	-14,163	-13,921	-13,564	-13,370	-13,229	-13,149	-13,089	-13,029	-12,983	-12,927	-12,886	-12,845	-12,779	-12,710	1,322	1,038	0,886	0,689	0,595	0,487	0,431	0,366	0,317	0,276	0,242	0,221	0,194	0,179	0,123	0,000	0,000
2,000	-10,588	-10,440	-10,351	-10,136	-10,016	-9,932	-9,882	-9,837	-9,780	-9,745	-9,682	-9,611	-9,532	-9,406	-9,274	0,290	0,330	0,341	0,353	0,328	0,289	0,275	0,268	0,265	0,255	0,272	0,285	0,299	0,290	0,213	0,000	0,000
3,000	-21,594	-21,611	-21,526	-21,185	-20,959	-20,824	-20,761	-20,701	-20,651	-20,641	-20,614	-20,585	-20,543	-20,460	-20,370	-0,160	0,158	0,311	0,468	0,452	0,377	0,323	0,269	0,232	0,185	0,172	0,181	0,186	0,188	0,144	0,000	0,000
4,000	-11,379	-11,508	-11,417	-11,443	-11,409	-11,412	-11,410	-11,413	-11,410	-11,389	-11,349	-11,293	-11,177	-10,985	-10,735	-0,408	-0,121	-0,095	-0,005	0,019	0,038	0,062	0,076	0,108	0,163	0,235	0,316	0,397	0,442	0,364	0,000	0,000
5,000	-12,683	-12,702	-12,852	-12,908	-12,896	-12,875	-12,866	-12,872	-12,839	-12,840	-12,797	-12,707	-12,582	-12,336	-12,038	-0,177	-0,241	-0,189	-0,038	-0,001	0,023	0,065	0,095	0,139	0,188	0,266	0,376	0,473	0,526	0,425	0,000	0,000
6,000	-8,686	-8,672	-8,578	-8,452	-8,353	-8,298	-8,272	-8,246	-8,209	-8,173	-8,130	-8,067	-7,974	-7,818	-7,633	-0,055	0,121	0,170	0,221	0,219	0,196	0,199	0,197	0,204	0,218	0,253	0,298	0,339	0,352	0,274	0,000	0,000
7,000	-7,031	-6,932	-6,927	-6,835	-6,783	-6,739	-6,725	-6,716	-6,695	-6,690	-6,680	-6,659	-6,628	-6,578	-6,520	0,104	0,091	0,109	0,139	0,120	0,101	0,093	0,088	0,084	0,078	0,080	0,103	0,105	0,117	0,080	0,000	0,000
8,000	-19,744	-19,946	-19,946	-20,088	-20,086	-20,139	-20,166	-20,197	-20,214	-20,260	-20,261	-20,275	-20,272	-20,222	-20,154	-0,347	-0,218	-0,224	-0,160	-0,131	-0,135	-0,127	-0,113	-0,095	-0,075	-0,038	0,013	0,046	0,085	0,080	0,000	0,000
9,000	-9,615	-9,552	-9,486	-9,264	-9,122	-9,007	-8,940	-8,896	-8,845	-8,804	-8,757	-8,700	-8,611	-8,484	-8,332	0,119	0,199	0,265	0,369	0,358	0,323	0,302	0,282	0,264	0,259	0,267	0,284	0,302	0,309	0,232	0,000	0,000
10,000	-9,491	-9,517	-9,385	-9,271	-9,194	-9,159	-9,133	-9,121	-9,092	-9,093	-9,065	-9,023	-8,959	-8,861	-8,742	-0,051	0,140	0,143	0,185	0,165	0,139	0,140	0,134	0,124	0,137	0,155	0,174	0,218	0,229	0,184	0,000	0,000
11,000	-9,587	-9,470	-9,439	-9,297	-9,217	-9,161	-9,127	-9,106	-9,079	-9,055	-9,020	-8,966	-8,900	-8,796	-8,670	0,132	0,165	0,185	0,216	0,206	0,178	0,176	0,161	0,166	0,173	0,195	0,219	0,243	0,254	0,194	0,000	0,000
12,000	-14,724	-14,751	-14,678	-14,641	-14,585	-14,567	-14,568	-14,557	-14,545	-14,554	-14,538	-14,502	-14,440	-14,328	-14,192	0,001	0,099	0,082	0,093	0,091	0,070	0,068	0,070	0,082	0,097	0,133	0,173	0,217	0,246	0,193	0,000	0,000
13,000	-8,348	-8,327	-8,336	-8,336	-8,324	-8,302	-8,284	-8,266	-8,238	-8,199	-8,150	-8,078	-7,973	-7,810	-7,598	-0,012	-0,002	0,001	0,050	0,069	0,097	0,117	0,139	0,172	0,209	0,256	0,306	0,367	0,383	0,308	0,000	0,000
14,000	-12,095	-11,934	-12,034	-11,972	-11,980	-11,941	-11,926	-11,920	-11,914	-11,910	-11,894	-11,859	-11,787	-11,654	-11,477	-0,072	-0,108	-0,025	0,039	0,042	0,045	0,057	0,068	0,076	0,099	0,152	0,195	0,259	0,296	0,243	0,000	0,000
15,000	-8,040	-8,002	-7,850	-7,815	-7,763	-7,752	-7,745	-7,729	-7,712	-7,708	-7,692	-7,680	-7,649	-7,612	-7,565	0,396	0,366	0,252	0,162	0,126	0,101	0,088	0,087	0,076	0,077	0,080	0,084	0,096	0,096	0,076	0,000	0,000
	run	16	2022:11:08    11:40:35,101
0,000	-10,071	-9,729	-9,625	-9,571	-9,550	-9,547	-9,550	-9,541	-9,542	-9,544	-9,540	-9,527	-9,502	-9,447	-9,386	1,354	0,801	0,550	0,251	0,165	0,104	0,088	0,073	0,060	0,056	0,068	0,086	0,101	0,113	0,087	0,000	0,000
1,000	-14,852	-14,413	-14,154	-13,785	-13,569	-13,427	-13,353	-13,281	-13,219	-13,173	-13,118	-13,087	-13,034	-12,969	-12,908	1,363	1,085	0,921	0,715	0,615	0,504	0,441	0,378	0,321	0,279	0,244	0,222	0,194	0,177	0,119	0,000	0,000
2,000	-10,808	-10,648	-10,531	-10,325	-10,201	-10,117	-10,064	-10,016	-9,961	-9,929	-9,857	-9,789	-9,707	-9,575	-9,443	0,302	0,341	0,352	0,362	0,335	0,296	0,293	0,272	0,270	0,264	0,279	0,297	0,305	0,296	0,220	0,000	0,000
3,000	-21,805	-21,813	-21,704	-21,361	-21,142	-21,002	-20,935	-20,875	-20,825	-20,814	-20,784	-20,756	-20,723	-20,637	-20,542	-0,136	0,189	0,317	0,481	0,457	0,379	0,327	0,272	0,233	0,187	0,174	0,180	0,184	0,191	0,141	0,000	0,000
4,000	-11,467	-11,605	-11,510	-11,542	-11,518	-11,518	-11,520	-11,519	-11,515	-11,501	-11,453	-11,395	-11,275	-11,080	-10,820	-0,432	-0,120	-0,098	-0,012	0,012	0,039	0,058	0,076	0,102	0,169	0,246	0,319	0,399	0,447	0,369	0,000	0,000
5,000	-12,655	-12,661	-12,823	-12,853	-12,850	-12,836	-12,829	-12,826	-12,800	-12,807	-12,757	-12,673	-12,543	-12,297	-11,997	-0,156	-0,245	-0,185	-0,046	0,003	0,026	0,066	0,098	0,139	0,185	0,271	0,377	0,468	0,532	0,433	0,000	0,000
6,000	-8,635	-8,628	-8,540	-8,411	-8,318	-8,259	-8,231	-8,200	-8,161	-8,144	-8,086	-8,016	-7,929	-7,780	-7,602	-0,028	0,123	0,151	0,224	0,227	0,191	0,195	0,196	0,205	0,221	0,252	0,296	0,325	0,345	0,268	0,000	0,000
7,000	-6,925	-6,838	-6,846	-6,756	-6,712	-6,670	-6,651	-6,646	-6,620	-6,624	-6,609	-6,587	-6,563	-6,511	-6,460	0,080	0,058	0,090	0,130	0,118	0,097	0,090	0,085	0,080	0,072	0,086	0,089	0,098	0,107	0,080	0,000	0,000
8,000	-19,554	-19,745	-19,750	-19,873	-19,875	-19,925	-19,956	-19,981	-20,000	-20,042	-20,049	-20,063	-20,051	-20,013	-19,944	-0,319	-0,203	-0,191	-0,144	-0,121	-0,123	-0,116	-0,114	-0,090	-0,065	-0,028	0,012	0,046	0,091	0,079	0,000	0,000
9,000	-9,476	-9,416	-9,357	-9,155	-9,028	-8,909	-8,849	-8,798	-8,750	-8,710	-8,657	-8,601	-8,512	-8,390	-8,239	0,114	0,170	0,242	0,341	0,346	0,316	0,301	0,271	0,260	0,249	0,269	0,290	0,304	0,306	0,234	0,000	0,000
10,000	-9,315	-9,344	-9,237	-9,144	-9,060	-9,030	-9,006	-8,986	-8,965	-8,962	-8,926	-8,899	-8,830	-8,735	-8,620	-0,073	0,129	0,134	0,167	0,150	0,131	0,129	0,120	0,119	0,134	0,156	0,178	0,206	0,222	0,175	0,000	0,000
11,000	-9,471	-9,374	-9,339	-9,206	-9,127	-9,073	-9,043	-9,020	-8,991	-8,973	-8,931	-8,893	-8,823	-8,717	-8,588	0,123	0,156	0,174	0,204	0,201	0,174	0,171	0,157	0,160	0,173	0,189	0,218	0,240	0,247	0,192	0,000	0,000
12,000	-14,662	-14,689	-14,612	-14,580	-14,524	-14,512	-14,509	-14,502	-14,490	-14,500	-14,471	-14,438	-14,387	-14,273	-14,135	0,009	0,096	0,094	0,099	0,084	0,068	0,076	0,069	0,083	0,094	0,135	0,178	0,219	0,245	0,195	0,000	0,000
13,000	-8,318	-8,303	-8,320	-8,316	-8,299	-8,282	-8,264	-8,246	-8,216	-8,188	-8,134	-8,060	-7,953	-7,791	-7,579	-0,012	0,001	0,007	0,048	0,069	0,098	0,117	0,139	0,170	0,205	0,254	0,309	0,361	0,385	0,307	0,000	0,000
14,000	-12,082	-11,946	-12,042	-11,970	-11,967	-11,943	-11,923	-11,919	-11,911	-11,903	-11,896	-11,853	-11,783	-11,649	-11,477	-0,084	-0,104	-0,029	0,036	0,051	0,046	0,057	0,061	0,075	0,102	0,150	0,197	0,259	0,298	0,244	0,000	0,000
15,000	-8,074	-8,040	-7,884	-7,858	-7,800	-7,788	-7,782	-7,765	-7,751	-7,753	-7,732	-7,719	-7,688	-7,648	-7,596	0,402	0,375	0,248	0,158	0,130	0,106	0,089	0,087	0,078	0,078	0,083	0,086	0,097	0,100	0,079	0,000	0,000
	run	17	2022:11:08    11:40:35,149
0,000	-10,119	-9,785	-9,671	-9,614	-9,591	-9,593	-9,592	-9,592	-9,589	-9,595	-9,590	-9,572	-9,544	-9,494	-9,428	1,360	0,813	0,555	0,251	0,157	0,102	0,089	0,067	0,062	0,060	0,068	0,085	0,104	0,116	0,091	0,000	0,000
1,000	-14,998	-14,516	-14,257	-13,863	-13,654	-13,505	-13,421	-13,358	-13,299	-13,253	-13,193	-13,155	-13,101	-13,041	-12,970	1,396	1,094	0,950	0,734	0,633	0,509	0,447	0,380	0,331	0,287	0,255	0,227	0,202	0,180	0,128	0,000	0,000
2,000	-10,808	-10,648	-10,531	-10,325	-10,201	-10,117	-10,064	-10,016	-9,961	-9,929	-9,857	-9,789	-9,707	-9,575	-9,443	0,302	0,341	0,352	0,362	0,335	0,296	0,293	0,272	0,270	0,264	0,279	0,297	0,305	0,296	0,220	0,000	0,000
3,000	-21,805	-21,813	-21,704	-21,361	-21,142	-21,002	-20,935	-20,875	-20,825	-20,814	-20,784	-20,756	-20,723	-20,637	-20,542	-0,136	0,189	0,317	0,481	0,457	0,379	0,327	0,272	0,233	0,187	0,174	0,180	0,184	0,191	0,141	0,000	0,000
4,000	-11,467	-11,605	-11,510	-11,542	-11,518	-11,518	-11,520	-11,519	-11,515	-11,501	-11,453	-11,395	-11,275	-11,080	-10,820	-0,432	-0,120	-0,098	-0,012	0,012	0,039	0,058	0,076	0,102	0,169	0,246	0,319	0,399	0,447	0,369	0,000	0,000
5,000	-12,655	-12,661	-12,823	-12,853	-12,850	-12,836	-12,829	-12,826	-12,800	-12,807	-12,757	-12,673	-12,543	-12,297	-11,997	-0,156	-0,245	-0,185	-0,046	0,003	0,026	0,066	0,098	0,139	0,185	0,271	0,377	0,468	0,532	0,433	0,000	0,000
6,000	-8,635	-8,628	-8,540	-8,411	-8,318	-8,259	-8,231	-8,200	-8,161	-8,144	-8,086	-8,016	-7,929	-7,780	-7,602	-0,028	0,123	0,151	0,224	0,227	0,191	0,195	0,196	0,205	0,221	0,252	0,296	0,325	0,345	0,268	0,000	0,000
7,000	-6,925	-6,838	-6,846	-6,756	-6,712	-6,670	-6,651	-6,646	-6,620	-6,624	-6,609	-6,587	-6,563	-6,511	-6,460	0,080	0,058	0,090	0,130	0,118	0,097	0,090	0,085	0,080	0,072	0,086	0,089	0,098	0,107	0,080	0,000	0,000
8,000	-19,412	-19,604	-19,585	-19,715	-19,714	-19,766	-19,790	-19,820	-19,842	-19,879	-19,886	-19,904	-19,898	-19,847	-19,784	-0,327	-0,204	-0,194	-0,141	-0,121	-0,124	-0,109	-0,102	-0,091	-0,070	-0,029	0,011	0,046	0,082	0,076	0,000	0,000
9,000	-9,337	-9,289	-9,222	-9,037	-8,903	-8,794	-8,733	-8,679	-8,631	-8,593	-8,539	-8,483	-8,404	-8,278	-8,138	0,110	0,176	0,240	0,336	0,342	0,311	0,293	0,270	0,256	0,244	0,264	0,279	0,291	0,296	0,222	0,000	0,000
10,000	-9,291	-9,314	-9,202	-9,107	-9,035	-9,008	-8,983	-8,966	-8,944	-8,939	-8,909	-8,872	-8,815	-8,716	-8,595	-0,082	0,129	0,124	0,163	0,145	0,134	0,126	0,124	0,115	0,132	0,155	0,176	0,204	0,218	0,173	0,000	0,000
11,000	-9,458	-9,356	-9,333	-9,199	-9,121	-9,068	-9,035	-9,016	-8,986	-8,959	-8,925	-8,875	-8,811	-8,711	-8,583	0,123	0,149	0,172	0,205	0,196	0,173	0,165	0,157	0,163	0,169	0,188	0,219	0,234	0,249	0,192	0,000	0,000
12,000	-14,668	-14,697	-14,623	-14,583	-14,538	-14,517	-14,510	-14,502	-14,497	-14,511	-14,486	-14,448	-14,391	-14,280	-14,140	0,007	0,081	0,090	0,087	0,090	0,070	0,074	0,066	0,080	0,091	0,139	0,174	0,217	0,242	0,194	0,000	0,000
13,000	-8,332	-8,328	-8,331	-8,331	-8,313	-8,296	-8,275	-8,255	-8,224	-8,198	-8,142	-8,069	-7,967	-7,803	-7,594	-0,018	-0,000	0,007	0,050	0,074	0,091	0,120	0,139	0,168	0,208	0,254	0,307	0,359	0,383	0,305	0,000	0,000
14,000	-12,036	-11,879	-11,998	-11,917	-11,916	-11,888	-11,871	-11,868	-11,862	-11,857	-11,841	-11,812	-11,734	-11,605	-11,425	-0,047	-0,104	-0,027	0,044	0,046	0,049	0,061	0,059	0,082	0,107	0,148	0,199	0,257	0,300	0,246	0,000	0,000
15,000	-8,108	-8,073	-7,919	-7,886	-7,835	-7,826	-7,814	-7,798	-7,778	-7,775	-7,762	-7,742	-7,715	-7,672	-7,622	0,375	0,367	0,257	0,165	0,125	0,107	0,091	0,086	0,081	0,079	0,085	0,086	0,099	0,102	0,079	0,000	0,000
	run	18	2022:11:08    11:40:35,249
0,000	-10,132	-9,801	-9,684	-9,627	-9,603	-9,604	-9,603	-9,597	-9,598	-9,604	-9,596	-9,576	-9,557	-9,502	-9,441	1,365	0,805	0,561	0,250	0,162	0,107	0,091	0,069	0,061	0,061	0,067	0,088	0,105	0,116	0,091	0,000	0,000
1,000	-14,890	-14,426	-14,181	-13,801	-13,586	-13,453	-13,373	-13,311	-13,248	-13,198	-13,146	-13,102	-13,048	-12,988	-12,917	1,363	1,064	0,913	0,716	0,613	0,510	0,444	0,381	0,330	0,284	0,247	0,224	0,202	0,184	0,129	0,000	0,000
2,000	-10,734	-10,578	-10,492	-10,273	-10,145	-10,058	-10,006	-9,967	-9,908	-9,876	-9,803	-9,733	-9,651	-9,521	-9,388	0,300	0,339	0,356	0,356	0,338	0,293	0,292	0,270	0,264	0,263	0,280	0,292	0,300	0,298	0,217	0,000	0,000
3,000	-21,732	-21,739	-21,651	-21,301	-21,079	-20,947	-20,876	-20,813	-20,771	-20,753	-20,727	-20,700	-20,658	-20,573	-20,480	-0,168	0,178	0,305	0,477	0,458	0,380	0,323	0,276	0,238	0,190	0,175	0,181	0,185	0,192	0,144	0,000	0,000
4,000	-11,498	-11,624	-11,550	-11,570	-11,545	-11,547	-11,550	-11,550	-11,548	-11,526	-11,493	-11,426	-11,309	-11,114	-10,858	-0,402	-0,134	-0,096	-0,015	0,014	0,036	0,054	0,078	0,109	0,165	0,243	0,320	0,402	0,447	0,372	0,000	0,000
5,000	-12,668	-12,674	-12,822	-12,868	-12,859	-12,845	-12,833	-12,833	-12,806	-12,803	-12,762	-12,681	-12,549	-12,307	-12,005	-0,170	-0,231	-0,185	-0,045	-0,000	0,026	0,065	0,097	0,134	0,182	0,273	0,379	0,474	0,524	0,427	0,000	0,000
6,000	-8,609	-8,609	-8,510	-8,381	-8,281	-8,231	-8,206	-8,176	-8,140	-8,116	-8,059	-7,991	-7,908	-7,754	-7,578	-0,026	0,122	0,156	0,222	0,214	0,187	0,194	0,193	0,205	0,215	0,248	0,293	0,326	0,348	0,264	0,000	0,000
7,000	-6,905	-6,818	-6,831	-6,736	-6,698	-6,661	-6,641	-6,631	-6,610	-6,607	-6,597	-6,573	-6,549	-6,498	-6,439	0,086	0,063	0,090	0,130	0,117	0,093	0,086	0,080	0,077	0,076	0,089	0,095	0,101	0,105	0,080	0,000	0,000
8,000	-19,403	-19,582	-19,565	-19,692	-19,699	-19,740	-19,770	-19,794	-19,811	-19,854	-19,868	-19,883	-19,873	-19,827	-19,760	-0,323	-0,194	-0,194	-0,134	-0,120	-0,124	-0,116	-0,107	-0,090	-0,071	-0,032	0,006	0,045	0,084	0,077	0,000	0,000
9,000	-9,440	-9,376	-9,320	-9,126	-8,992	-8,879	-8,818	-8,768	-8,721	-8,683	-8,628	-8,573	-8,490	-8,369	-8,219	0,113	0,174	0,238	0,341	0,340	0,315	0,300	0,277	0,256	0,249	0,266	0,280	0,294	0,296	0,223	0,000	0,000
10,000	-9,386	-9,397	-9,295	-9,181	-9,100	-9,069	-9,045	-9,028	-9,001	-8,995	-8,978	-8,934	-8,871	-8,775	-8,660	-0,046	0,140	0,142	0,183	0,152	0,144	0,132	0,122	0,124	0,136	0,149	0,174	0,207	0,224	0,174	0,000	0,000
11,000	-9,514	-9,418	-9,377	-9,237	-9,163	-9,111	-9,078	-9,059	-9,028	-9,008	-8,966	-8,924	-8,856	-8,752	-8,621	0,122	0,155	0,179	0,216	0,202	0,179	0,170	0,163	0,165	0,170	0,189	0,217	0,239	0,246	0,192	0,000	0,000
12,000	-14,691	-14,717	-14,652	-14,618	-14,558	-14,546	-14,545	-14,537	-14,526	-14,533	-14,506	-14,473	-14,420	-14,306	-14,170	0,002	0,085	0,084	0,095	0,091	0,067	0,069	0,072	0,078	0,093	0,134	0,172	0,216	0,245	0,197	0,000	0,000
13,000	-8,327	-8,290	-8,315	-8,308	-8,288	-8,272	-8,251	-8,236	-8,204	-8,173	-8,120	-8,049	-7,943	-7,779	-7,569	-0,000	0,004	0,003	0,047	0,071	0,092	0,115	0,140	0,171	0,210	0,253	0,308	0,365	0,385	0,305	0,000	0,000
14,000	-12,074	-11,963	-12,046	-11,978	-11,967	-11,953	-11,928	-11,926	-11,916	-11,918	-11,896	-11,866	-11,798	-11,660	-11,479	-0,094	-0,099	-0,038	0,034	0,046	0,051	0,057	0,065	0,080	0,099	0,149	0,191	0,260	0,300	0,248	0,000	0,000
15,000	-8,102	-8,058	-7,910	-7,870	-7,823	-7,807	-7,802	-7,786	-7,767	-7,767	-7,748	-7,734	-7,704	-7,658	-7,618	0,401	0,369	0,248	0,160	0,124	0,102	0,094	0,085	0,076	0,082	0,079	0,085	0,097	0,100	0,074	0,000	0,000
	run	19	2022:11:08    11:40:35,300
0,000	-10,132	-9,801	-9,684	-9,627	-9,603	-9,604	-9,603	-9,597	-9,598	-9,604	-9,596	-9,576	-9,557	-9,502	-9,441	1,365	0,805	0,561	0,250	0,162	0,107	0,091	0,069	0,061	0,061	0,067	0,088	0,105	0,116	0,091	0,000	0,000
1,000	-14,890	-14,426	-14,181	-13,801	-13,586	-13,453	-13,373	-13,311	-13,248	-13,198	-13,146	-13,102	-13,048	-12,988	-12,917	1,363	1,064	0,913	0,716	0,613	0,510	0,444	0,381	0,330	0,284	0,247	0,224	0,202	0,184	0,129	0,000	0,000
2,000	-10,734	-10,578	-10,492	-10,273	-10,145	-10,058	-10,006	-9,967	-9,908	-9,876	-9,803	-9,733	-9,651	-9,521	-9,388	0,300	0,339	0,356	0,356	0,338	0,293	0,292	0,270	0,264	0,263	0,280	0,292	0,300	0,298	0,217	0,000	0,000
3,000	-21,732	-21,739	-21,651	-21,301	-21,079	-20,947	-20,876	-20,813	-20,771	-20,753	-20,727	-20,700	-20,658	-20,573	-20,480	-0,168	0,178	0,305	0,477	0,458	0,380	0,323	0,276	0,238	0,190	0,175	0,181	0,185	0,192	0,144	0,000	0,000
4,000	-11,498	-11,624	-11,550	-11,570	-11,545	-11,547	-11,550	-11,550	-11,548	-11,526	-11,493	-11,426	-11,309	-11,114	-10,858	-0,402	-0,134	-0,096	-0,015	0,014	0,036	0,054	0,078	0,109	0,165	0,243	0,320	0,402	0,447	0,372	0,000	0,000
5,000	-12,668	-12,674	-12,822	-12,868	-12,859	-12,845	-12,833	-12,833	-12,806	-12,803	-12,762	-12,681	-12,549	-12,307	-12,005	-0,170	-0,231	-0,185	-0,045	-0,000	0,026	0,065	0,097	0,134	0,182	0,273	0,379	0,474	0,524	0,427	0,000	0,000
6,000	-8,591	-8,596	-8,504	-8,372	-8,276	-8,219	-8,193	-8,162	-8,122	-8,106	-8,051	-7,985	-7,895	-7,743	-7,566	-0,051	0,106	0,161	0,221	0,214	0,195	0,196	0,190	0,207	0,212	0,256	0,291	0,324	0,344	0,265	0,000	0,000
7,000	-6,871	-6,799	-6,816	-6,724	-6,670	-6,631	-6,617	-6,609	-6,594	-6,591	-6,577	-6,551	-6,525	-6,481	-6,423	0,080	0,070	0,091	0,133	0,112	0,091	0,091	0,083	0,081	0,070	0,081	0,091	0,097	0,106	0,078	0,000	0,000
8,000	-19,556	-19,750	-19,748	-19,870	-19,870	-19,916	-19,945	-19,974	-19,992	-20,038	-20,044	-20,059	-20,051	-20,008	-19,940	-0,327	-0,200	-0,195	-0,147	-0,128	-0,120	-0,113	-0,107	-0,086	-0,074	-0,026	0,011	0,036	0,090	0,077	0,000	0,000
9,000	-9,553	-9,489	-9,427	-9,217	-9,075	-8,970	-8,905	-8,858	-8,803	-8,765	-8,715	-8,657	-8,571	-8,447	-8,302	0,111	0,201	0,255	0,356	0,356	0,322	0,303	0,276	0,264	0,252	0,271	0,282	0,297	0,297	0,227	0,000	0,000
10,000	-9,497	-9,515	-9,411	-9,284	-9,202	-9,173	-9,146	-9,127	-9,103	-9,103	-9,070	-9,026	-8,974	-8,872	-8,751	-0,045	0,154	0,146	0,195	0,163	0,146	0,136	0,130	0,127	0,142	0,165	0,176	0,217	0,221	0,174	0,000	0,000
11,000	-9,629	-9,528	-9,488	-9,349	-9,265	-9,209	-9,177	-9,153	-9,125	-9,101	-9,064	-9,021	-8,953	-8,841	-8,713	0,149	0,175	0,187	0,221	0,211	0,181	0,177	0,164	0,168	0,175	0,197	0,225	0,244	0,253	0,199	0,000	0,000
12,000	-14,845	-14,864	-14,805	-14,757	-14,704	-14,692	-14,688	-14,676	-14,667	-14,678	-14,646	-14,616	-14,561	-14,444	-14,305	0,022	0,086	0,088	0,104	0,093	0,068	0,074	0,077	0,081	0,098	0,139	0,176	0,219	0,251	0,200	0,000	0,000
13,000	-8,375	-8,367	-8,372	-8,368	-8,347	-8,330	-8,309	-8,295	-8,263	-8,228	-8,178	-8,110	-7,999	-7,833	-7,625	-0,014	0,008	0,007	0,050	0,072	0,091	0,118	0,141	0,170	0,207	0,253	0,308	0,360	0,386	0,306	0,000	0,000
14,000	-12,110	-11,937	-12,036	-11,985	-11,983	-11,948	-11,932	-11,926	-11,920	-11,919	-11,899	-11,868	-11,794	-11,667	-11,493	-0,042	-0,113	-0,037	0,036	0,047	0,043	0,059	0,064	0,080	0,098	0,143	0,199	0,262	0,299	0,249	0,000	0,000
15,000	-8,077	-8,036	-7,885	-7,856	-7,796	-7,789	-7,778	-7,765	-7,748	-7,746	-7,729	-7,711	-7,683	-7,637	-7,598	0,394	0,377	0,256	0,158	0,128	0,106	0,091	0,090	0,077	0,079	0,078	0,082	0,099	0,099	0,076	0,000	0,000
	run	20	2022:11:08    11:40:35,401
0,000	-9,874	-9,544	-9,442	-9,371	-9,356	-9,354	-9,353	-9,348	-9,346	-9,355	-9,352	-9,336	-9,311	-9,262	-9,196	1,339	0,793	0,549	0,251	0,167	0,111	0,090	0,068	0,057	0,056	0,063	0,083	0,098	0,111	0,089	0,000	0,000
1,000	-14,508	-14,078	-13,838	-13,502	-13,306	-13,165	-13,092	-13,027	-12,964	-12,922	-12,867	-12,828	-12,786	-12,721	-12,663	1,298	1,027	0,861	0,671	0,583	0,481	0,421	0,361	0,309	0,269	0,240	0,215	0,191	0,175	0,119	0,000	0,000
2,000	-10,510	-10,359	-10,275	-10,067	-9,942	-9,860	-9,812	-9,767	-9,714	-9,679	-9,618	-9,547	-9,470	-9,344	-9,218	0,275	0,312	0,321	0,337	0,322	0,282	0,276	0,262	0,256	0,258	0,267	0,278	0,289	0,283	0,204	0,000	0,000
3,000	-21,274	-21,295	-21,227	-20,916	-20,704	-20,572	-20,500	-20,446	-20,395	-20,388	-20,357	-20,328	-20,296	-20,211	-20,123	-0,197	0,124	0,260	0,441	0,436	0,358	0,310	0,269	0,225	0,185	0,170	0,173	0,177	0,183	0,135	0,000	0,000
4,000	-11,392	-11,515	-11,410	-11,445	-11,418	-11,426	-11,420	-11,421	-11,421	-11,400	-11,360	-11,298	-11,183	-10,988	-10,739	-0,414	-0,131	-0,096	-0,007	0,010	0,037	0,055	0,076	0,110	0,161	0,242	0,318	0,397	0,447	0,366	0,000	0,000
5,000	-12,605	-12,608	-12,754	-12,793	-12,793	-12,781	-12,765	-12,762	-12,733	-12,733	-12,694	-12,608	-12,482	-12,238	-11,940	-0,176	-0,243	-0,189	-0,042	0,004	0,016	0,062	0,094	0,136	0,179	0,284	0,374	0,473	0,523	0,427	0,000	0,000
6,000	-8,605	-8,606	-8,514	-8,388	-8,292	-8,234	-8,205	-8,180	-8,144	-8,122	-8,071	-8,001	-7,910	-7,754	-7,572	-0,049	0,121	0,163	0,221	0,219	0,190	0,194	0,195	0,197	0,219	0,253	0,293	0,332	0,351	0,275	0,000	0,000
7,000	-7,015	-6,928	-6,926	-6,831	-6,773	-6,738	-6,717	-6,710	-6,695	-6,686	-6,675	-6,653	-6,622	-6,581	-6,520	0,093	0,077	0,111	0,145	0,126	0,102	0,098	0,083	0,085	0,078	0,088	0,099	0,104	0,111	0,082	0,000	0,000
8,000	-19,684	-19,907	-19,898	-20,031	-20,042	-20,087	-20,120	-20,142	-20,164	-20,209	-20,214	-20,230	-20,226	-20,177	-20,108	-0,340	-0,224	-0,214	-0,169	-0,133	-0,136	-0,123	-0,116	-0,094	-0,076	-0,033	0,006	0,047	0,083	0,083	0,000	0,000
9,000	-9,615	-9,545	-9,481	-9,267	-9,127	-9,016	-8,947	-8,894	-8,848	-8,805	-8,756	-8,700	-8,615	-8,484	-8,334	0,120	0,191	0,264	0,355	0,361	0,325	0,309	0,287	0,266	0,260	0,271	0,282	0,309	0,304	0,234	0,000	0,000
10,000	-9,456	-9,472	-9,365	-9,241	-9,159	-9,124	-9,104	-9,093	-9,067	-9,062	-9,029	-8,987	-8,930	-8,828	-8,705	-0,054	0,137	0,146	0,187	0,162	0,141	0,139	0,133	0,122	0,135	0,162	0,180	0,216	0,225	0,180	0,000	0,000
11,000	-9,576	-9,485	-9,446	-9,292	-9,214	-9,161	-9,132	-9,108	-9,077	-9,055	-9,017	-8,968	-8,901	-8,796	-8,662	0,131	0,167	0,185	0,219	0,203	0,178	0,175	0,163	0,168	0,173	0,197	0,223	0,246	0,257	0,198	0,000	0,000
12,000	-14,855	-14,870	-14,816	-14,767	-14,708	-14,693	-14,691	-14,684	-14,668	-14,677	-14,656	-14,625	-14,565	-14,449	-14,307	0,022	0,082	0,091	0,098	0,088	0,071	0,079	0,077	0,081	0,092	0,135	0,179	0,221	0,253	0,199	0,000	0,000
13,000	-8,382	-8,378	-8,379	-8,378	-8,365	-8,347	-8,326	-8,306	-8,281	-8,247	-8,190	-8,123	-8,012	-7,855	-7,634	-0,018	0,001	0,007	0,049	0,073	0,090	0,117	0,140	0,170	0,204	0,261	0,319	0,366	0,391	0,311	0,000	0,000
14,000	-12,051	-11,893	-11,996	-11,929	-11,922	-11,891	-11,876	-11,878	-11,866	-11,865	-11,846	-11,818	-11,741	-11,618	-11,438	-0,066	-0,085	-0,029	0,038	0,047	0,050	0,057	0,064	0,084	0,097	0,139	0,190	0,260	0,296	0,241	0,000	0,000
15,000	-7,978	-7,938	-7,785	-7,753	-7,697	-7,690	-7,681	-7,668	-7,649	-7,647	-7,638	-7,621	-7,591	-7,548	-7,504	0,399	0,373	0,247	0,157	0,122	0,102	0,091	0,084	0,074	0,081	0,080	0,082	0,093	0,097	0,075	0,000	0,000
	run	21	2022:11:08    11:40:35,501
0,000	-9,825	-9,502	-9,387	-9,330	-9,314	-9,312	-9,308	-9,310	-9,300	-9,311	-9,308	-9,288	-9,265	-9,212	-9,156	1,341	0,788	0,545	0,251	0,160	0,105	0,088	0,067	0,060	0,058	0,063	0,085	0,101	0,106	0,086	0,000	0,000
1,000	-14,304	-13,874	-13,645	-13,308	-13,121	-12,985	-12,911	-12,847	-12,791	-12,749	-12,694	-12,656	-12,611	-12,551	-12,487	1,285	1,002	0,840	0,648	0,568	0,470	0,413	0,349	0,305	0,262	0,238	0,217	0,188	0,172	0,124	0,000	0,000
2,000	-10,374	-10,210	-10,129	-9,927	-9,805	-9,723	-9,672	-9,633	-9,582	-9,542	-9,487	-9,422	-9,344	-9,225	-9,095	0,281	0,310	0,333	0,333	0,312	0,275	0,267	0,257	0,248	0,244	0,257	0,269	0,278	0,273	0,199	0,000	0,000
3,000	-21,006	-21,032	-20,971	-20,672	-20,466	-20,330	-20,261	-20,203	-20,151	-20,147	-20,111	-20,084	-20,047	-19,963	-19,877	-0,192	0,107	0,239	0,422	0,424	0,358	0,308	0,263	0,225	0,181	0,172	0,173	0,180	0,183	0,143	0,000	0,000
4,000	-11,268	-11,372	-11,275	-11,291	-11,260	-11,265	-11,264	-11,268	-11,266	-11,242	-11,213	-11,151	-11,036	-10,849	-10,600	-0,404	-0,110	-0,087	-0,006	0,021	0,033	0,062	0,074	0,106	0,158	0,231	0,306	0,389	0,434	0,355	0,000	0,000
5,000	-12,521	-12,541	-12,703	-12,744	-12,739	-12,719	-12,703	-12,705	-12,676	-12,682	-12,636	-12,549	-12,419	-12,180	-11,877	-0,174	-0,250	-0,196	-0,047	-0,007	0,024	0,067	0,095	0,138	0,186	0,275	0,367	0,470	0,527	0,430	0,000	0,000
6,000	-8,674	-8,687	-8,588	-8,463	-8,359	-8,313	-8,283	-8,256	-8,217	-8,189	-8,135	-8,078	-7,974	-7,825	-7,642	-0,038	0,119	0,152	0,218	0,216	0,197	0,196	0,191	0,203	0,221	0,257	0,304	0,336	0,358	0,277	0,000	0,000
7,000	-7,079	-6,978	-6,976	-6,873	-6,824	-6,786	-6,764	-6,759	-6,740	-6,733	-6,720	-6,700	-6,673	-6,622	-6,567	0,115	0,091	0,120	0,144	0,128	0,103	0,099	0,087	0,084	0,081	0,088	0,098	0,110	0,113	0,088	0,000	0,000
8,000	-19,934	-20,151	-20,137	-20,299	-20,296	-20,342	-20,381	-20,402	-20,428	-20,469	-20,472	-20,492	-20,486	-20,435	-20,369	-0,328	-0,237	-0,219	-0,168	-0,133	-0,137	-0,118	-0,114	-0,087	-0,070	-0,025	0,004	0,045	0,084	0,086	0,000	0,000
9,000	-9,613	-9,528	-9,452	-9,214	-9,067	-8,959	-8,895	-8,845	-8,797	-8,758	-8,704	-8,642	-8,557	-8,430	-8,283	0,122	0,215	0,293	0,375	0,372	0,335	0,307	0,283	0,265	0,258	0,273	0,285	0,306	0,310	0,237	0,000	0,000
10,000	-9,555	-9,561	-9,451	-9,320	-9,234	-9,200	-9,174	-9,160	-9,137	-9,128	-9,103	-9,062	-9,001	-8,896	-8,781	-0,042	0,153	0,158	0,197	0,171	0,149	0,138	0,134	0,131	0,141	0,162	0,181	0,222	0,231	0,181	0,000	0,000
11,000	-9,592	-9,481	-9,434	-9,293	-9,204	-9,146	-9,118	-9,101	-9,062	-9,045	-9,014	-8,959	-8,888	-8,776	-8,651	0,140	0,175	0,197	0,223	0,213	0,185	0,173	0,164	0,165	0,173	0,200	0,226	0,246	0,257	0,197	0,000	0,000
12,000	-14,926	-14,946	-14,881	-14,837	-14,777	-14,767	-14,768	-14,756	-14,750	-14,759	-14,735	-14,698	-14,642	-14,521	-14,380	0,015	0,088	0,084	0,093	0,087	0,068	0,074	0,074	0,081	0,100	0,146	0,170	0,217	0,253	0,206	0,000	0,000
13,000	-8,419	-8,404	-8,409	-8,408	-8,388	-8,370	-8,349	-8,330	-8,305	-8,272	-8,217	-8,143	-8,032	-7,869	-7,656	-0,002	0,006	0,013	0,053	0,073	0,098	0,120	0,138	0,171	0,212	0,259	0,315	0,367	0,389	0,312	0,000	0,000
14,000	-12,036	-11,900	-11,989	-11,922	-11,918	-11,892	-11,873	-11,872	-11,864	-11,860	-11,838	-11,815	-11,738	-11,615	-11,436	-0,051	-0,116	-0,040	0,045	0,047	0,046	0,059	0,057	0,076	0,096	0,144	0,201	0,259	0,296	0,243	0,000	0,000
15,000	-7,958	-7,924	-7,769	-7,740	-7,684	-7,677	-7,670	-7,651	-7,641	-7,642	-7,627	-7,609	-7,584	-7,538	-7,493	0,389	0,372	0,248	0,155	0,124	0,106	0,091	0,083	0,073	0,076	0,079	0,080	0,092	0,094	0,073	0,000	0,000
	run	22	2022:11:08    11:40:35,549
0,000	-9,822	-9,493	-9,386	-9,324	-9,305	-9,303	-9,298	-9,301	-9,290	-9,303	-9,297	-9,282	-9,255	-9,210	-9,150	1,359	0,797	0,549	0,254	0,160	0,108	0,089	0,070	0,057	0,055	0,070	0,080	0,098	0,110	0,084	0,000	0,000
1,000	-14,259	-13,844	-13,612	-13,291	-13,108	-12,978	-12,903	-12,840	-12,781	-12,737	-12,684	-12,648	-12,600	-12,539	-12,475	1,264	0,986	0,823	0,647	0,557	0,465	0,413	0,351	0,303	0,262	0,235	0,210	0,187	0,174	0,121	0,000	0,000
2,000	-10,374	-10,210	-10,129	-9,927	-9,805	-9,723	-9,672	-9,633	-9,582	-9,542	-9,487	-9,422	-9,344	-9,225	-9,095	0,281	0,310	0,333	0,333	0,312	0,275	0,267	0,257	0,248	0,244	0,257	0,269	0,278	0,273	0,199	0,000	0,000
3,000	-21,006	-21,032	-20,971	-20,672	-20,466	-20,330	-20,261	-20,203	-20,151	-20,147	-20,111	-20,084	-20,047	-19,963	-19,877	-0,192	0,107	0,239	0,422	0,424	0,358	0,308	0,263	0,225	0,181	0,172	0,173	0,180	0,183	0,143	0,000	0,000
4,000	-11,268	-11,372	-11,275	-11,291	-11,260	-11,265	-11,264	-11,268	-11,266	-11,242	-11,213	-11,151	-11,036	-10,849	-10,600	-0,404	-0,110	-0,087	-0,006	0,021	0,033	0,062	0,074	0,106	0,158	0,231	0,306	0,389	0,434	0,355	0,000	0,000
5,000	-12,521	-12,541	-12,703	-12,744	-12,739	-12,719	-12,703	-12,705	-12,676	-12,682	-12,636	-12,549	-12,419	-12,180	-11,877	-0,174	-0,250	-0,196	-0,047	-0,007	0,024	0,067	0,095	0,138	0,186	0,275	0,367	0,470	0,527	0,430	0,000	0,000
6,000	-8,674	-8,687	-8,588	-8,463	-8,359	-8,313	-8,283	-8,256	-8,217	-8,189	-8,135	-8,078	-7,974	-7,825	-7,642	-0,038	0,119	0,152	0,218	0,216	0,197	0,196	0,191	0,203	0,221	0,257	0,304	0,336	0,358	0,277	0,000	0,000
7,000	-7,079	-6,978	-6,976	-6,873	-6,824	-6,786	-6,764	-6,759	-6,740	-6,733	-6,720	-6,700	-6,673	-6,622	-6,567	0,115	0,091	0,120	0,144	0,128	0,103	0,099	0,087	0,084	0,081	0,088	0,098	0,110	0,113	0,088	0,000	0,000
8,000	-19,933	-20,174	-20,180	-20,339	-20,329	-20,388	-20,420	-20,438	-20,455	-20,505	-20,514	-20,524	-20,519	-20,475	-20,395	-0,355	-0,234	-0,237	-0,177	-0,134	-0,133	-0,122	-0,121	-0,099	-0,078	-0,031	0,008	0,044	0,087	0,082	0,000	0,000
9,000	-9,735	-9,664	-9,599	-9,370	-9,215	-9,101	-9,039	-8,985	-8,931	-8,902	-8,840	-8,782	-8,697	-8,568	-8,412	0,135	0,217	0,295	0,381	0,375	0,336	0,316	0,284	0,266	0,257	0,272	0,297	0,312	0,312	0,236	0,000	0,000
10,000	-9,645	-9,640	-9,513	-9,381	-9,293	-9,266	-9,241	-9,223	-9,195	-9,194	-9,163	-9,118	-9,054	-8,952	-8,834	-0,033	0,168	0,172	0,204	0,175	0,159	0,142	0,136	0,129	0,140	0,165	0,185	0,221	0,238	0,185	0,000	0,000
11,000	-9,721	-9,611	-9,571	-9,417	-9,336	-9,277	-9,242	-9,218	-9,191	-9,177	-9,125	-9,084	-9,010	-8,900	-8,767	0,154	0,185	0,205	0,230	0,213	0,184	0,181	0,173	0,170	0,178	0,199	0,226	0,252	0,260	0,204	0,000	0,000
12,000	-15,015	-15,043	-14,963	-14,925	-14,872	-14,853	-14,852	-14,848	-14,834	-14,847	-14,818	-14,782	-14,722	-14,612	-14,467	0,008	0,094	0,097	0,092	0,089	0,073	0,073	0,080	0,080	0,104	0,144	0,175	0,224	0,250	0,205	0,000	0,000
13,000	-8,424	-8,400	-8,413	-8,407	-8,394	-8,373	-8,356	-8,339	-8,311	-8,275	-8,219	-8,151	-8,036	-7,871	-7,660	0,003	0,004	0,006	0,050	0,075	0,096	0,120	0,141	0,169	0,206	0,262	0,316	0,367	0,386	0,311	0,000	0,000
14,000	-11,996	-11,838	-11,947	-11,882	-11,880	-11,846	-11,828	-11,828	-11,824	-11,816	-11,798	-11,763	-11,696	-11,569	-11,390	-0,052	-0,102	-0,033	0,037	0,038	0,046	0,059	0,062	0,081	0,092	0,135	0,200	0,260	0,293	0,240	0,000	0,000
15,000	-7,936	-7,908	-7,748	-7,722	-7,671	-7,665	-7,654	-7,640	-7,622	-7,621	-7,609	-7,590	-7,566	-7,519	-7,477	0,386	0,371	0,241	0,159	0,123	0,101	0,088	0,083	0,077	0,076	0,076	0,081	0,089	0,096	0,075	0,000	0,000
	run	23	2022:11:08    11:40:35,650
0,000	-9,858	-9,531	-9,419	-9,359	-9,340	-9,333	-9,330	-9,328	-9,328	-9,336	-9,330	-9,312	-9,294	-9,242	-9,179	1,343	0,793	0,538	0,246	0,159	0,106	0,087	0,069	0,056	0,057	0,067	0,079	0,100	0,109	0,086	0,000	0,000
1,000	-14,376	-13,962	-13,724	-13,397	-13,206	-13,075	-12,996	-12,938	-12,880	-12,833	-12,777	-12,739	-12,694	-12,634	-12,569	1,298	1,002	0,845	0,653	0,568	0,471	0,413	0,355	0,307	0,268	0,233	0,212	0,190	0,170	0,119	0,000	0,000
2,000	-10,428	-10,266	-10,173	-9,986	-9,859	-9,779	-9,729	-9,687	-9,630	-9,599	-9,530	-9,466	-9,390	-9,266	-9,141	0,284	0,301	0,316	0,338	0,317	0,282	0,275	0,259	0,254	0,250	0,264	0,277	0,287	0,278	0,204	0,000	0,000
3,000	-21,309	-21,343	-21,271	-20,959	-20,745	-20,615	-20,546	-20,489	-20,438	-20,427	-20,396	-20,369	-20,329	-20,244	-20,155	-0,203	0,131	0,251	0,438	0,431	0,360	0,311	0,267	0,226	0,185	0,174	0,178	0,181	0,183	0,139	0,000	0,000
4,000	-11,281	-11,397	-11,311	-11,325	-11,298	-11,305	-11,298	-11,302	-11,299	-11,278	-11,239	-11,186	-11,068	-10,881	-10,637	-0,391	-0,121	-0,092	0,001	0,018	0,039	0,058	0,073	0,109	0,157	0,234	0,305	0,382	0,430	0,354	0,000	0,000
5,000	-12,514	-12,522	-12,670	-12,720	-12,713	-12,695	-12,685	-12,683	-12,658	-12,657	-12,613	-12,536	-12,403	-12,165	-11,866	-0,162	-0,240	-0,187	-0,038	0,004	0,017	0,063	0,093	0,132	0,187	0,268	0,368	0,463	0,520	0,422	0,000	0,000
6,000	-8,676	-8,659	-8,575	-8,445	-8,339	-8,296	-8,265	-8,237	-8,195	-8,179	-8,118	-8,059	-7,963	-7,809	-7,619	-0,050	0,114	0,161	0,221	0,220	0,194	0,189	0,197	0,205	0,220	0,261	0,298	0,338	0,358	0,277	0,000	0,000
7,000	-7,068	-6,979	-6,970	-6,861	-6,807	-6,772	-6,749	-6,741	-6,718	-6,722	-6,701	-6,677	-6,649	-6,602	-6,548	0,106	0,089	0,120	0,149	0,129	0,105	0,099	0,091	0,085	0,082	0,084	0,105	0,110	0,114	0,090	0,000	0,000
8,000	-19,896	-20,105	-20,122	-20,276	-20,276	-20,322	-20,349	-20,379	-20,402	-20,449	-20,454	-20,467	-20,461	-20,410	-20,347	-0,335	-0,228	-0,225	-0,176	-0,135	-0,138	-0,124	-0,112	-0,096	-0,075	-0,036	0,005	0,044	0,088	0,081	0,000	0,000
9,000	-9,739	-9,654	-9,581	-9,345	-9,200	-9,082	-9,020	-8,976	-8,920	-8,882	-8,826	-8,769	-8,684	-8,552	-8,404	0,132	0,217	0,282	0,382	0,370	0,334	0,312	0,280	0,270	0,257	0,273	0,292	0,309	0,314	0,239	0,000	0,000
10,000	-9,658	-9,665	-9,538	-9,387	-9,301	-9,264	-9,242	-9,222	-9,199	-9,198	-9,169	-9,124	-9,060	-8,966	-8,838	-0,038	0,182	0,192	0,213	0,180	0,158	0,142	0,139	0,134	0,144	0,167	0,191	0,215	0,234	0,185	0,000	0,000
11,000	-9,682	-9,565	-9,521	-9,366	-9,293	-9,232	-9,201	-9,179	-9,151	-9,124	-9,089	-9,038	-8,966	-8,859	-8,725	0,162	0,191	0,209	0,227	0,213	0,184	0,181	0,170	0,170	0,177	0,201	0,229	0,252	0,262	0,201	0,000	0,000
12,000	-14,997	-15,022	-14,961	-14,914	-14,858	-14,850	-14,843	-14,836	-14,818	-14,837	-14,811	-14,771	-14,722	-14,598	-14,460	0,005	0,080	0,088	0,094	0,091	0,067	0,072	0,077	0,081	0,089	0,134	0,175	0,221	0,250	0,200	0,000	0,000
13,000	-8,393	-8,376	-8,391	-8,386	-8,372	-8,349	-8,330	-8,310	-8,286	-8,251	-8,198	-8,127	-8,017	-7,852	-7,636	-0,008	-0,003	0,007	0,049	0,072	0,093	0,116	0,141	0,171	0,204	0,264	0,316	0,368	0,391	0,309	0,000	0,000
14,000	-12,014	-11,890	-11,988	-11,916	-11,922	-11,890	-11,868	-11,874	-11,859	-11,854	-11,841	-11,812	-11,739	-11,607	-11,431	-0,058	-0,105	-0,033	0,036	0,051	0,048	0,062	0,065	0,082	0,099	0,147	0,189	0,254	0,291	0,244	0,000	0,000
15,000	-7,959	-7,932	-7,783	-7,749	-7,695	-7,687	-7,682	-7,665	-7,647	-7,645	-7,629	-7,611	-7,588	-7,549	-7,505	0,388	0,373	0,248	0,162	0,121	0,102	0,087	0,085	0,081	0,074	0,078	0,087	0,091	0,092	0,073	0,000	0,000
	run	24	2022:11:08    11:40:35,701
0,000	-9,858	-9,531	-9,419	-9,359	-9,340	-9,333	-9,330	-9,328	-9,328	-9,336	-9,330	-9,312	-9,294	-9,242	-9,179	1,343	0,793	0,538	0,246	0,159	0,106	0,087	0,069	0,056	0,057	0,067	0,079	0,100	0,109	0,086	0,000	0,000
1,000	-14,376	-13,962	-13,724	-13,397	-13,206	-13,075	-12,996	-12,938	-12,880	-12,833	-12,777	-12,739	-12,694	-12,634	-12,569	1,298	1,002	0,845	0,653	0,568	0,471	0,413	0,355	0,307	0,268	0,233	0,212	0,190	0,170	0,119	0,000	0,000
2,000	-10,428	-10,266	-10,173	-9,986	-9,859	-9,779	-9,729	-9,687	-9,630	-9,599	-9,530	-9,466	-9,390	-9,266	-9,141	0,284	0,301	0,316	0,338	0,317	0,282	0,275	0,259	0,254	0,250	0,264	0,277	0,287	0,278	0,204	0,000	0,000
3,000	-21,309	-21,343	-21,271	-20,959	-20,745	-20,615	-20,546	-20,489	-20,438	-20,427	-20,396	-20,369	-20,329	-20,244	-20,155	-0,203	0,131	0,251	0,438	0,431	0,360	0,311	0,267	0,226	0,185	0,174	0,178	0,181	0,183	0,139	0,000	0,000
4,000	-11,281	-11,397	-11,311	-11,325	-11,298	-11,305	-11,298	-11,302	-11,299	-11,278	-11,239	-11,186	-11,068	-10,881	-10,637	-0,391	-0,121	-0,092	0,001	0,018	0,039	0,058	0,073	0,109	0,157	0,234	0,305	0,382	0,430	0,354	0,000	0,000
5,000	-12,514	-12,522	-12,670	-12,720	-12,713	-12,695	-12,685	-12,683	-12,658	-12,657	-12,613	-12,536	-12,403	-12,165	-11,866	-0,162	-0,240	-0,187	-0,038	0,004	0,017	0,063	0,093	0,132	0,187	0,268	0,368	0,463	0,520	0,422	0,000	0,000
6,000	-8,575	-8,577	-8,499	-8,367	-8,272	-8,221	-8,189	-8,166	-8,122	-8,103	-8,053	-7,990	-7,897	-7,742	-7,560	-0,045	0,118	0,153	0,218	0,217	0,191	0,191	0,192	0,204	0,216	0,259	0,299	0,333	0,348	0,272	0,000	0,000
7,000	-6,964	-6,884	-6,891	-6,788	-6,739	-6,702	-6,686	-6,673	-6,656	-6,648	-6,638	-6,619	-6,587	-6,535	-6,481	0,095	0,069	0,111	0,141	0,124	0,094	0,095	0,081	0,084	0,076	0,088	0,100	0,107	0,111	0,083	0,000	0,000
8,000	-19,880	-20,083	-20,076	-20,223	-20,216	-20,270	-20,305	-20,323	-20,345	-20,393	-20,401	-20,406	-20,404	-20,354	-20,284	-0,324	-0,223	-0,214	-0,167	-0,131	-0,132	-0,116	-0,116	-0,093	-0,070	-0,031	0,012	0,040	0,087	0,087	0,000	0,000
9,000	-9,674	-9,603	-9,524	-9,298	-9,147	-9,033	-8,971	-8,923	-8,872	-8,832	-8,780	-8,723	-8,635	-8,509	-8,358	0,128	0,212	0,282	0,374	0,372	0,334	0,313	0,281	0,265	0,254	0,274	0,284	0,309	0,306	0,234	0,000	0,000
10,000	-9,614	-9,618	-9,504	-9,357	-9,273	-9,237	-9,214	-9,196	-9,171	-9,168	-9,134	-9,092	-9,033	-8,930	-8,809	-0,036	0,169	0,176	0,212	0,175	0,153	0,142	0,138	0,131	0,141	0,165	0,186	0,222	0,231	0,189	0,000	0,000
11,000	-9,686	-9,567	-9,519	-9,365	-9,284	-9,226	-9,201	-9,171	-9,144	-9,125	-9,082	-9,042	-8,962	-8,855	-8,720	0,152	0,180	0,199	0,226	0,214	0,187	0,178	0,168	0,168	0,181	0,201	0,227	0,249	0,258	0,203	0,000	0,000
12,000	-15,014	-15,034	-14,971	-14,931	-14,875	-14,862	-14,856	-14,852	-14,841	-14,847	-14,822	-14,789	-14,731	-14,611	-14,474	0,006	0,080	0,087	0,096	0,095	0,070	0,070	0,069	0,085	0,094	0,133	0,178	0,216	0,254	0,200	0,000	0,000
13,000	-8,474	-8,450	-8,465	-8,462	-8,439	-8,415	-8,401	-8,379	-8,353	-8,317	-8,267	-8,192	-8,087	-7,917	-7,705	-0,006	0,007	0,007	0,055	0,079	0,100	0,119	0,144	0,173	0,210	0,256	0,311	0,368	0,388	0,309	0,000	0,000
14,000	-12,045	-11,899	-11,988	-11,931	-11,931	-11,901	-11,885	-11,881	-11,865	-11,865	-11,855	-11,820	-11,740	-11,621	-11,438	-0,063	-0,113	-0,031	0,040	0,046	0,042	0,060	0,059	0,077	0,099	0,142	0,197	0,255	0,302	0,242	0,000	0,000
15,000	-8,009	-7,987	-7,830	-7,801	-7,743	-7,736	-7,727	-7,708	-7,692	-7,695	-7,675	-7,662	-7,631	-7,590	-7,546	0,393	0,371	0,247	0,161	0,125	0,106	0,088	0,085	0,078	0,076	0,080	0,084	0,090	0,097	0,078	0,000	0,000
	run	25	2022:11:08    11:40:35,801
0,000	-10,027	-9,710	-9,595	-9,535	-9,520	-9,515	-9,514	-9,508	-9,506	-9,514	-9,510	-9,494	-9,466	-9,412	-9,354	1,372	0,809	0,554	0,251	0,161	0,107	0,088	0,071	0,060	0,055	0,068	0,086	0,106	0,114	0,085	0,000	0,000
1,000	-14,801	-14,346	-14,112	-13,725	-13,524	-13,381	-13,299	-13,236	-13,175	-13,130	-13,076	-13,034	-12,988	-12,927	-12,859	1,355	1,070	0,906	0,702	0,609	0,500	0,437	0,373	0,326	0,278	0,248	0,221	0,196	0,177	0,119	0,000	0,000
2,000	-10,697	-10,549	-10,442	-10,236	-10,109	-10,026	-9,975	-9,933	-9,874	-9,838	-9,781	-9,708	-9,620	-9,493	-9,358	0,305	0,330	0,355	0,357	0,328	0,293	0,282	0,270	0,264	0,260	0,281	0,286	0,297	0,291	0,215	0,000	0,000
3,000	-21,608	-21,629	-21,546	-21,209	-20,993	-20,853	-20,781	-20,725	-20,672	-20,662	-20,633	-20,604	-20,567	-20,485	-20,389	-0,156	0,158	0,290	0,466	0,450	0,372	0,328	0,274	0,231	0,190	0,173	0,183	0,180	0,191	0,143	0,000	0,000
4,000	-11,360	-11,486	-11,400	-11,425	-11,394	-11,402	-11,404	-11,399	-11,398	-11,380	-11,344	-11,278	-11,164	-10,975	-10,715	-0,404	-0,117	-0,097	-0,006	0,016	0,038	0,055	0,077	0,110	0,158	0,239	0,318	0,391	0,444	0,365	0,000	0,000
5,000	-12,461	-12,490	-12,643	-12,683	-12,668	-12,653	-12,645	-12,645	-12,617	-12,625	-12,572	-12,502	-12,369	-12,129	-11,829	-0,166	-0,247	-0,182	-0,043	0,002	0,019	0,065	0,098	0,137	0,188	0,272	0,373	0,463	0,521	0,418	0,000	0,000
6,000	-8,577	-8,580	-8,495	-8,366	-8,266	-8,215	-8,187	-8,162	-8,122	-8,100	-8,041	-7,976	-7,891	-7,737	-7,559	-0,059	0,112	0,158	0,219	0,214	0,190	0,194	0,191	0,202	0,217	0,257	0,295	0,331	0,349	0,274	0,000	0,000
7,000	-7,003	-6,928	-6,927	-6,824	-6,776	-6,739	-6,720	-6,712	-6,690	-6,688	-6,670	-6,652	-6,626	-6,573	-6,519	0,086	0,069	0,112	0,137	0,123	0,101	0,094	0,083	0,084	0,077	0,084	0,093	0,105	0,106	0,081	0,000	0,000
8,000	-19,672	-19,865	-19,863	-20,000	-19,995	-20,052	-20,080	-20,107	-20,123	-20,170	-20,178	-20,187	-20,184	-20,136	-20,075	-0,327	-0,225	-0,215	-0,154	-0,128	-0,129	-0,121	-0,110	-0,090	-0,077	-0,030	0,011	0,036	0,084	0,077	0,000	0,000
9,000	-9,580	-9,539	-9,470	-9,254	-9,110	-9,002	-8,936	-8,888	-8,838	-8,796	-8,748	-8,691	-8,604	-8,476	-8,323	0,107	0,197	0,262	0,355	0,353	0,323	0,302	0,280	0,261	0,252	0,269	0,288	0,304	0,306	0,234	0,000	0,000
10,000	-9,431	-9,449	-9,332	-9,213	-9,133	-9,105	-9,081	-9,061	-9,039	-9,032	-9,002	-8,966	-8,903	-8,802	-8,683	-0,047	0,138	0,147	0,188	0,159	0,142	0,135	0,133	0,125	0,142	0,162	0,182	0,212	0,231	0,180	0,000	0,000
11,000	-9,579	-9,482	-9,436	-9,303	-9,219	-9,166	-9,139	-9,114	-9,080	-9,065	-9,021	-8,976	-8,909	-8,800	-8,673	0,138	0,163	0,178	0,210	0,208	0,180	0,171	0,164	0,164	0,175	0,194	0,228	0,245	0,255	0,198	0,000	0,000
12,000	-14,887	-14,907	-14,836	-14,794	-14,744	-14,728	-14,720	-14,721	-14,702	-14,717	-14,681	-14,651	-14,595	-14,482	-14,342	0,003	0,086	0,089	0,096	0,094	0,078	0,071	0,070	0,083	0,096	0,136	0,171	0,214	0,250	0,200	0,000	0,000
13,000	-8,356	-8,335	-8,349	-8,342	-8,330	-8,311	-8,295	-8,275	-8,249	-8,210	-8,162	-8,089	-7,980	-7,818	-7,608	0,005	-0,006	0,007	0,051	0,073	0,095	0,117	0,139	0,171	0,204	0,254	0,309	0,362	0,390	0,312	0,000	0,000
14,000	-12,026	-11,899	-11,985	-11,931	-11,917	-11,900	-11,873	-11,872	-11,871	-11,859	-11,843	-11,811	-11,743	-11,612	-11,436	-0,087	-0,102	-0,031	0,042	0,046	0,048	0,059	0,065	0,074	0,104	0,147	0,196	0,257	0,301	0,237	0,000	0,000
15,000	-8,041	-8,010	-7,846	-7,811	-7,764	-7,756	-7,742	-7,731	-7,715	-7,714	-7,698	-7,682	-7,653	-7,609	-7,560	0,395	0,369	0,256	0,161	0,126	0,104	0,092	0,083	0,077	0,080	0,082	0,084	0,097	0,099	0,079	0,000	0,000
