Device: PM2003001		2022:11:08    11:20:31,689  (DLL version: 1.20;  Status: HW:v1.02 SW:v1.3 CRC:31ED BATTERY:4154mV ST:0 ERR:0000;  MUX data; S: 92 I:143 R:200.000 C:1.094p F:)
Excitation level, V:	2,00
Voltage Channel Gain:	5
Current Channel Gain:	1
Voltmeter Range, V:	0,6
Ampermeter Range, A:	15,0m
Step Period, ms:	5
R transimp:	200
C transimp:	1,1p
Measurement Table: 	EEPROM  16

Freq, Hz	1,0k	2,0k	3,0k	7,0k	11,0k	17,0k	23,0k	31,0k	43,0k	61,0k	89,0k	127,0k	179,0k	251,0k	349,0k	1,0k	2,0k	3,0k	7,0k	11,0k	17,0k	23,0k	31,0k	43,0k	61,0k	89,0k	127,0k	179,0k	251,0k	349,0k
	run	1	2022:11:08    11:20:31,690
MUX	Re1, ohm	Re2, ohm	Re3, ohm	Re4, ohm	Re5, ohm	Re6, ohm	Re7, ohm	Re8, ohm	Re9, ohm	Re10, ohm	Re11, ohm	Re12, ohm	Re13, ohm	Re14, ohm	Re15, ohm	Im1, ohm	Im2, ohm	Im3, ohm	Im4, ohm	Im5, ohm	Im6, ohm	Im7, ohm	Im8, ohm	Im9, ohm	Im10, ohm	Im11, ohm	Im12, ohm	Im13, ohm	Im14, ohm	Im15, ohm	U, V	I, mA

0,000	-12,406	-12,490	-12,486	-12,556	-12,571	-12,574	-12,578	-12,577	-12,577	-12,583	-12,579	-12,552	-12,508	-12,419	-12,316	-0,169	-0,111	-0,106	-0,068	-0,050	-0,022	-0,011	0,001	0,022	0,046	0,081	0,118	0,159	0,180	0,144	0,000	0,000
1,000	-15,891	-15,903	-15,835	-15,704	-15,575	-15,496	-15,439	-15,392	-15,355	-15,321	-15,277	-15,237	-15,181	-15,098	-14,994	0,003	0,121	0,177	0,249	0,275	0,258	0,249	0,222	0,209	0,194	0,202	0,206	0,210	0,209	0,164	0,000	0,000
2,000	-9,708	-9,695	-9,674	-9,541	-9,453	-9,376	-9,332	-9,294	-9,253	-9,218	-9,166	-9,096	-8,999	-8,861	-8,705	0,068	0,109	0,147	0,233	0,240	0,221	0,229	0,221	0,230	0,237	0,264	0,292	0,318	0,321	0,241	0,000	0,000
3,000	-19,457	-19,482	-19,429	-19,187	-18,994	-18,874	-18,809	-18,758	-18,702	-18,696	-18,651	-18,622	-18,571	-18,474	-18,351	0,064	0,200	0,278	0,405	0,403	0,341	0,304	0,266	0,234	0,199	0,199	0,213	0,221	0,228	0,174	0,000	0,000
4,000	-10,497	-10,562	-10,458	-10,443	-10,411	-10,399	-10,404	-10,399	-10,394	-10,374	-10,337	-10,269	-10,139	-9,927	-9,651	-0,208	0,028	0,010	0,057	0,064	0,070	0,087	0,096	0,128	0,184	0,270	0,347	0,435	0,486	0,401	0,000	0,000
5,000	-11,886	-11,836	-11,985	-12,004	-12,015	-11,987	-11,970	-11,975	-11,939	-11,942	-11,876	-11,804	-11,662	-11,420	-11,099	0,060	-0,127	-0,094	-0,003	0,033	0,047	0,090	0,118	0,163	0,211	0,300	0,388	0,494	0,552	0,451	0,000	0,000
6,000	-8,513	-8,507	-8,416	-8,280	-8,186	-8,134	-8,098	-8,071	-8,033	-8,015	-7,963	-7,897	-7,800	-7,646	-7,456	-0,001	0,119	0,172	0,223	0,224	0,197	0,199	0,193	0,207	0,211	0,255	0,302	0,335	0,360	0,283	0,000	0,000
7,000	-7,188	-7,129	-7,117	-7,018	-6,966	-6,936	-6,915	-6,905	-6,886	-6,884	-6,866	-6,839	-6,814	-6,758	-6,697	0,015	0,053	0,079	0,131	0,113	0,094	0,098	0,087	0,087	0,082	0,089	0,106	0,114	0,120	0,093	0,000	0,000
8,000	-20,641	-20,891	-20,960	-21,118	-21,118	-21,185	-21,220	-21,258	-21,282	-21,339	-21,350	-21,374	-21,370	-21,327	-21,266	-0,509	-0,376	-0,328	-0,234	-0,185	-0,192	-0,173	-0,161	-0,138	-0,109	-0,067	-0,009	0,023	0,073	0,072	0,000	0,000
9,000	-10,324	-10,316	-10,240	-10,032	-9,879	-9,759	-9,693	-9,640	-9,579	-9,538	-9,475	-9,409	-9,330	-9,193	-9,039	-0,068	0,098	0,204	0,354	0,373	0,336	0,319	0,297	0,286	0,274	0,289	0,302	0,317	0,324	0,242	0,000	0,000
10,000	-10,985	-11,004	-10,866	-10,709	-10,620	-10,591	-10,572	-10,549	-10,530	-10,524	-10,505	-10,470	-10,415	-10,329	-10,233	-0,361	0,031	0,093	0,187	0,158	0,130	0,116	0,114	0,114	0,120	0,138	0,153	0,184	0,196	0,154	0,000	0,000
11,000	-7,250	-6,773	-6,599	-6,293	-6,169	-6,084	-6,040	-6,003	-5,969	-5,942	-5,905	-5,875	-5,831	-5,770	-5,696	1,544	1,047	0,844	0,570	0,452	0,351	0,299	0,258	0,218	0,196	0,184	0,173	0,174	0,162	0,122	0,000	0,000
12,000	-5,577	-5,194	-4,954	-4,799	-4,717	-4,685	-4,660	-4,645	-4,632	-4,613	-4,591	-4,557	-4,513	-4,431	-4,330	3,007	1,734	1,234	0,623	0,444	0,331	0,264	0,224	0,186	0,167	0,166	0,181	0,192	0,200	0,158	0,000	0,000
13,000	-3,534	-3,243	-3,132	-3,032	-2,989	-2,964	-2,950	-2,937	-2,915	-2,909	-2,877	-2,837	-2,763	-2,644	-2,492	1,808	1,036	0,722	0,377	0,272	0,208	0,184	0,163	0,154	0,166	0,191	0,215	0,265	0,288	0,225	0,000	0,000
14,000	-12,094	-11,844	-11,889	-11,799	-11,784	-11,757	-11,741	-11,736	-11,730	-11,724	-11,707	-11,661	-11,593	-11,453	-11,273	0,178	0,098	0,111	0,105	0,091	0,076	0,077	0,079	0,098	0,113	0,153	0,215	0,270	0,311	0,249	0,000	0,000
15,000	-8,966	-9,092	-9,015	-9,024	-8,979	-8,978	-8,970	-8,962	-8,941	-8,941	-8,914	-8,893	-8,844	-8,766	-8,686	-0,205	-0,006	-0,018	0,036	0,039	0,051	0,055	0,064	0,073	0,082	0,106	0,128	0,151	0,157	0,130	0,000	0,000
	run	2	2022:11:08    11:20:31,793
0,000	-13,254	-13,335	-13,324	-13,412	-13,430	-13,446	-13,455	-13,463	-13,457	-13,466	-13,452	-13,426	-13,365	-13,271	-13,155	-0,173	-0,133	-0,119	-0,087	-0,064	-0,043	-0,017	0,001	0,022	0,051	0,088	0,138	0,177	0,202	0,163	0,000	0,000
1,000	-17,168	-17,129	-17,063	-16,845	-16,691	-16,580	-16,522	-16,472	-16,428	-16,390	-16,345	-16,301	-16,234	-16,137	-16,029	0,079	0,209	0,258	0,358	0,354	0,316	0,288	0,255	0,242	0,228	0,231	0,234	0,234	0,240	0,187	0,000	0,000
2,000	-10,428	-10,405	-10,367	-10,205	-10,103	-10,026	-9,983	-9,940	-9,887	-9,854	-9,782	-9,715	-9,611	-9,453	-9,282	0,105	0,155	0,207	0,264	0,270	0,253	0,253	0,248	0,253	0,263	0,296	0,331	0,350	0,355	0,270	0,000	0,000
3,000	-20,397	-20,384	-20,298	-19,978	-19,768	-19,629	-19,557	-19,498	-19,445	-19,433	-19,388	-19,350	-19,299	-19,191	-19,065	0,144	0,292	0,360	0,489	0,468	0,389	0,342	0,290	0,254	0,221	0,221	0,228	0,238	0,253	0,191	0,000	0,000
4,000	-10,486	-10,543	-10,457	-10,436	-10,397	-10,387	-10,388	-10,382	-10,376	-10,361	-10,321	-10,252	-10,119	-9,908	-9,628	-0,210	0,024	0,009	0,055	0,063	0,075	0,090	0,102	0,128	0,187	0,267	0,350	0,440	0,489	0,402	0,000	0,000
5,000	-11,714	-11,628	-11,774	-11,791	-11,794	-11,769	-11,754	-11,751	-11,721	-11,722	-11,669	-11,596	-11,449	-11,199	-10,885	0,082	-0,109	-0,082	0,003	0,034	0,047	0,085	0,113	0,161	0,207	0,288	0,392	0,494	0,543	0,450	0,000	0,000
6,000	-8,419	-8,432	-8,336	-8,219	-8,122	-8,062	-8,037	-8,011	-7,969	-7,948	-7,896	-7,837	-7,746	-7,591	-7,410	-0,027	0,127	0,147	0,219	0,214	0,197	0,193	0,187	0,197	0,216	0,245	0,295	0,331	0,351	0,271	0,000	0,000
7,000	-7,120	-7,099	-7,094	-6,991	-6,931	-6,902	-6,880	-6,874	-6,852	-6,850	-6,837	-6,811	-6,785	-6,726	-6,673	0,020	0,055	0,089	0,132	0,120	0,093	0,094	0,080	0,083	0,082	0,095	0,103	0,111	0,121	0,090	0,000	0,000
8,000	-20,547	-20,777	-20,844	-20,997	-21,006	-21,067	-21,106	-21,146	-21,171	-21,225	-21,242	-21,262	-21,264	-21,218	-21,161	-0,493	-0,354	-0,325	-0,229	-0,190	-0,187	-0,173	-0,157	-0,138	-0,108	-0,067	-0,014	0,016	0,064	0,068	0,000	0,000
9,000	-10,177	-10,162	-10,087	-9,895	-9,744	-9,623	-9,557	-9,506	-9,446	-9,403	-9,346	-9,280	-9,200	-9,067	-8,922	-0,056	0,105	0,205	0,349	0,359	0,334	0,317	0,289	0,282	0,267	0,279	0,292	0,308	0,308	0,231	0,000	0,000
10,000	-10,759	-10,840	-10,718	-10,608	-10,514	-10,486	-10,467	-10,445	-10,426	-10,418	-10,402	-10,359	-10,317	-10,232	-10,133	-0,422	-0,040	0,027	0,147	0,139	0,118	0,107	0,112	0,113	0,113	0,132	0,156	0,176	0,185	0,151	0,000	0,000
11,000	-7,110	-6,674	-6,509	-6,236	-6,113	-6,028	-5,983	-5,951	-5,913	-5,887	-5,855	-5,825	-5,785	-5,726	-5,663	1,440	0,981	0,784	0,539	0,432	0,334	0,291	0,244	0,209	0,188	0,173	0,163	0,158	0,147	0,110	0,000	0,000
12,000	-5,321	-4,969	-4,739	-4,593	-4,519	-4,487	-4,473	-4,452	-4,436	-4,426	-4,396	-4,371	-4,326	-4,245	-4,143	2,904	1,671	1,185	0,598	0,423	0,312	0,253	0,209	0,179	0,160	0,164	0,170	0,188	0,197	0,152	0,000	0,000
13,000	-3,421	-3,126	-3,035	-2,943	-2,900	-2,878	-2,870	-2,851	-2,836	-2,831	-2,802	-2,762	-2,693	-2,581	-2,440	1,787	1,000	0,698	0,359	0,258	0,197	0,171	0,159	0,149	0,153	0,180	0,205	0,246	0,258	0,208	0,000	0,000
14,000	-11,941	-11,716	-11,755	-11,676	-11,664	-11,634	-11,619	-11,616	-11,608	-11,601	-11,592	-11,548	-11,467	-11,335	-11,144	0,208	0,100	0,117	0,110	0,089	0,072	0,081	0,076	0,097	0,120	0,169	0,215	0,276	0,318	0,257	0,000	0,000
15,000	-9,119	-9,262	-9,173	-9,184	-9,140	-9,144	-9,131	-9,113	-9,097	-9,096	-9,075	-9,045	-8,995	-8,919	-8,830	-0,201	0,000	-0,016	0,040	0,042	0,051	0,059	0,068	0,078	0,089	0,107	0,134	0,159	0,166	0,134	0,000	0,000
	run	3	2022:11:08    11:20:31,892
0,000	-13,152	-13,253	-13,243	-13,323	-13,341	-13,362	-13,367	-13,371	-13,370	-13,371	-13,361	-13,331	-13,282	-13,188	-13,069	-0,189	-0,121	-0,123	-0,085	-0,061	-0,035	-0,022	-0,004	0,021	0,047	0,083	0,128	0,179	0,201	0,163	0,000	0,000
1,000	-17,075	-17,066	-16,987	-16,802	-16,652	-16,533	-16,482	-16,431	-16,376	-16,346	-16,297	-16,252	-16,189	-16,094	-15,985	0,064	0,197	0,245	0,333	0,341	0,305	0,288	0,263	0,238	0,224	0,228	0,227	0,234	0,236	0,181	0,000	0,000
2,000	-10,445	-10,419	-10,376	-10,224	-10,117	-10,033	-9,985	-9,945	-9,896	-9,854	-9,789	-9,711	-9,605	-9,440	-9,262	0,083	0,141	0,184	0,277	0,277	0,252	0,257	0,254	0,259	0,274	0,306	0,344	0,367	0,375	0,288	0,000	0,000
3,000	-20,899	-20,843	-20,748	-20,399	-20,174	-20,036	-19,972	-19,915	-19,863	-19,853	-19,808	-19,766	-19,718	-19,604	-19,468	0,173	0,341	0,418	0,515	0,484	0,399	0,347	0,296	0,260	0,224	0,217	0,234	0,246	0,260	0,200	0,000	0,000
4,000	-11,230	-11,305	-11,215	-11,221	-11,191	-11,186	-11,187	-11,182	-11,181	-11,151	-11,107	-11,029	-10,879	-10,637	-10,323	-0,218	0,006	-0,009	0,034	0,050	0,068	0,091	0,114	0,144	0,208	0,305	0,398	0,498	0,553	0,457	0,000	0,000
5,000	-12,630	-12,572	-12,713	-12,738	-12,719	-12,695	-12,683	-12,672	-12,647	-12,641	-12,597	-12,496	-12,350	-12,070	-11,727	0,063	-0,129	-0,095	0,017	0,033	0,056	0,092	0,123	0,174	0,226	0,331	0,433	0,538	0,612	0,496	0,000	0,000
6,000	-8,775	-8,758	-8,653	-8,505	-8,396	-8,337	-8,313	-8,286	-8,245	-8,220	-8,175	-8,103	-8,012	-7,853	-7,669	-0,009	0,157	0,199	0,247	0,235	0,209	0,208	0,198	0,210	0,227	0,262	0,304	0,338	0,357	0,280	0,000	0,000
7,000	-7,059	-7,018	-7,019	-6,959	-6,905	-6,867	-6,853	-6,837	-6,820	-6,816	-6,800	-6,774	-6,752	-6,702	-6,647	0,002	0,018	0,047	0,108	0,100	0,082	0,083	0,078	0,076	0,074	0,088	0,093	0,105	0,104	0,080	0,000	0,000
8,000	-20,183	-20,435	-20,466	-20,627	-20,632	-20,694	-20,728	-20,768	-20,793	-20,850	-20,866	-20,892	-20,891	-20,848	-20,790	-0,497	-0,351	-0,304	-0,213	-0,183	-0,184	-0,175	-0,160	-0,133	-0,105	-0,068	-0,016	0,016	0,067	0,066	0,000	0,000
9,000	-9,952	-9,957	-9,899	-9,717	-9,575	-9,460	-9,381	-9,331	-9,273	-9,236	-9,180	-9,115	-9,032	-8,917	-8,768	-0,067	0,078	0,171	0,323	0,342	0,319	0,308	0,281	0,270	0,260	0,277	0,283	0,298	0,300	0,224	0,000	0,000
10,000	-10,277	-10,356	-10,252	-10,175	-10,107	-10,082	-10,057	-10,047	-10,026	-10,022	-10,003	-9,972	-9,927	-9,856	-9,763	-0,422	-0,073	-0,018	0,095	0,099	0,098	0,092	0,088	0,093	0,101	0,115	0,135	0,161	0,171	0,134	0,000	0,000
11,000	-6,768	-6,366	-6,224	-5,969	-5,863	-5,781	-5,734	-5,704	-5,671	-5,639	-5,610	-5,582	-5,543	-5,493	-5,428	1,368	0,917	0,730	0,502	0,403	0,318	0,273	0,231	0,197	0,180	0,164	0,155	0,149	0,140	0,104	0,000	0,000
12,000	-5,130	-4,790	-4,565	-4,438	-4,367	-4,336	-4,318	-4,298	-4,289	-4,274	-4,251	-4,225	-4,182	-4,108	-4,010	2,849	1,640	1,159	0,581	0,411	0,303	0,247	0,197	0,171	0,153	0,157	0,163	0,184	0,182	0,145	0,000	0,000
13,000	-3,303	-3,041	-2,942	-2,861	-2,819	-2,803	-2,786	-2,776	-2,756	-2,750	-2,720	-2,686	-2,625	-2,512	-2,384	1,723	0,964	0,671	0,343	0,252	0,189	0,165	0,147	0,142	0,152	0,167	0,192	0,234	0,250	0,199	0,000	0,000
14,000	-11,823	-11,619	-11,654	-11,569	-11,553	-11,532	-11,510	-11,518	-11,505	-11,502	-11,482	-11,453	-11,369	-11,232	-11,040	0,219	0,073	0,115	0,095	0,085	0,070	0,076	0,076	0,090	0,107	0,154	0,216	0,277	0,317	0,263	0,000	0,000
15,000	-9,065	-9,205	-9,116	-9,120	-9,075	-9,076	-9,065	-9,052	-9,037	-9,029	-9,005	-8,978	-8,929	-8,858	-8,771	-0,191	-0,001	-0,016	0,044	0,046	0,055	0,062	0,074	0,076	0,089	0,108	0,130	0,154	0,164	0,132	0,000	0,000
	run	4	2022:11:08    11:20:31,947
0,000	-13,147	-13,221	-13,229	-13,316	-13,336	-13,347	-13,356	-13,359	-13,357	-13,365	-13,349	-13,321	-13,266	-13,170	-13,045	-0,182	-0,131	-0,122	-0,088	-0,072	-0,042	-0,018	-0,002	0,019	0,056	0,091	0,140	0,182	0,208	0,173	0,000	0,000
1,000	-17,184	-17,169	-17,075	-16,872	-16,707	-16,599	-16,539	-16,491	-16,440	-16,404	-16,355	-16,310	-16,248	-16,147	-16,033	0,092	0,214	0,270	0,358	0,364	0,320	0,301	0,268	0,249	0,234	0,238	0,240	0,242	0,244	0,184	0,000	0,000
2,000	-10,445	-10,419	-10,376	-10,224	-10,117	-10,033	-9,985	-9,945	-9,896	-9,854	-9,789	-9,711	-9,605	-9,440	-9,262	0,083	0,141	0,184	0,277	0,277	0,252	0,257	0,254	0,259	0,274	0,306	0,344	0,367	0,375	0,288	0,000	0,000
3,000	-20,899	-20,843	-20,748	-20,399	-20,174	-20,036	-19,972	-19,915	-19,863	-19,853	-19,808	-19,766	-19,718	-19,604	-19,468	0,173	0,341	0,418	0,515	0,484	0,399	0,347	0,296	0,260	0,224	0,217	0,234	0,246	0,260	0,200	0,000	0,000
4,000	-11,230	-11,305	-11,215	-11,221	-11,191	-11,186	-11,187	-11,182	-11,181	-11,151	-11,107	-11,029	-10,879	-10,637	-10,323	-0,218	0,006	-0,009	0,034	0,050	0,068	0,091	0,114	0,144	0,208	0,305	0,398	0,498	0,553	0,457	0,000	0,000
5,000	-12,630	-12,572	-12,713	-12,738	-12,719	-12,695	-12,683	-12,672	-12,647	-12,641	-12,597	-12,496	-12,350	-12,070	-11,727	0,063	-0,129	-0,095	0,017	0,033	0,056	0,092	0,123	0,174	0,226	0,331	0,433	0,538	0,612	0,496	0,000	0,000
6,000	-8,775	-8,758	-8,653	-8,505	-8,396	-8,337	-8,313	-8,286	-8,245	-8,220	-8,175	-8,103	-8,012	-7,853	-7,669	-0,009	0,157	0,199	0,247	0,235	0,209	0,208	0,198	0,210	0,227	0,262	0,304	0,338	0,357	0,280	0,000	0,000
7,000	-7,059	-7,018	-7,019	-6,959	-6,905	-6,867	-6,853	-6,837	-6,820	-6,816	-6,800	-6,774	-6,752	-6,702	-6,647	0,002	0,018	0,047	0,108	0,100	0,082	0,083	0,078	0,076	0,074	0,088	0,093	0,105	0,104	0,080	0,000	0,000
8,000	-19,930	-20,135	-20,164	-20,286	-20,289	-20,352	-20,394	-20,424	-20,445	-20,511	-20,521	-20,539	-20,543	-20,497	-20,441	-0,477	-0,308	-0,273	-0,186	-0,160	-0,169	-0,157	-0,149	-0,133	-0,105	-0,062	-0,017	0,016	0,066	0,067	0,000	0,000
9,000	-9,646	-9,673	-9,627	-9,472	-9,344	-9,231	-9,159	-9,109	-9,052	-9,008	-8,952	-8,898	-8,820	-8,702	-8,566	-0,090	0,032	0,143	0,287	0,314	0,293	0,296	0,266	0,260	0,254	0,267	0,271	0,284	0,285	0,211	0,000	0,000
10,000	-9,894	-9,992	-9,904	-9,855	-9,794	-9,781	-9,753	-9,743	-9,731	-9,733	-9,709	-9,687	-9,634	-9,558	-9,481	-0,434	-0,099	-0,040	0,061	0,066	0,072	0,070	0,076	0,078	0,088	0,106	0,123	0,151	0,164	0,129	0,000	0,000
11,000	-6,622	-6,225	-6,094	-5,849	-5,750	-5,669	-5,627	-5,599	-5,565	-5,532	-5,502	-5,473	-5,436	-5,384	-5,320	1,324	0,877	0,699	0,476	0,387	0,304	0,268	0,227	0,199	0,176	0,164	0,151	0,150	0,141	0,102	0,000	0,000
12,000	-5,039	-4,705	-4,495	-4,363	-4,297	-4,265	-4,255	-4,232	-4,223	-4,212	-4,192	-4,162	-4,112	-4,045	-3,949	2,808	1,610	1,134	0,571	0,400	0,297	0,241	0,195	0,170	0,153	0,155	0,162	0,178	0,185	0,143	0,000	0,000
13,000	-3,365	-3,065	-2,981	-2,892	-2,856	-2,832	-2,818	-2,807	-2,791	-2,782	-2,762	-2,717	-2,655	-2,547	-2,410	1,773	0,985	0,682	0,352	0,251	0,193	0,169	0,152	0,142	0,152	0,169	0,195	0,235	0,252	0,202	0,000	0,000
14,000	-11,901	-11,693	-11,705	-11,638	-11,619	-11,590	-11,579	-11,573	-11,572	-11,564	-11,549	-11,511	-11,437	-11,289	-11,107	0,206	0,101	0,119	0,100	0,083	0,072	0,075	0,084	0,088	0,109	0,163	0,213	0,276	0,314	0,258	0,000	0,000
15,000	-9,018	-9,151	-9,063	-9,079	-9,032	-9,029	-9,022	-9,008	-8,993	-8,986	-8,963	-8,938	-8,887	-8,815	-8,726	-0,189	-0,001	-0,015	0,038	0,039	0,052	0,058	0,067	0,070	0,091	0,116	0,129	0,160	0,169	0,133	0,000	0,000
	run	5	2022:11:08    11:20:32,047
0,000	-13,140	-13,222	-13,223	-13,307	-13,320	-13,335	-13,349	-13,341	-13,342	-13,347	-13,333	-13,305	-13,251	-13,150	-13,031	-0,174	-0,127	-0,132	-0,093	-0,066	-0,034	-0,017	0,006	0,027	0,056	0,095	0,141	0,189	0,211	0,174	0,000	0,000
1,000	-17,252	-17,242	-17,151	-16,932	-16,777	-16,667	-16,611	-16,554	-16,509	-16,475	-16,419	-16,376	-16,314	-16,211	-16,093	0,081	0,223	0,282	0,365	0,368	0,325	0,302	0,265	0,249	0,232	0,240	0,241	0,248	0,249	0,186	0,000	0,000
2,000	-10,726	-10,689	-10,654	-10,481	-10,366	-10,290	-10,247	-10,203	-10,150	-10,110	-10,038	-9,959	-9,849	-9,684	-9,492	0,123	0,174	0,222	0,285	0,281	0,262	0,264	0,262	0,267	0,279	0,315	0,351	0,382	0,386	0,296	0,000	0,000
3,000	-21,360	-21,287	-21,173	-20,790	-20,559	-20,427	-20,359	-20,297	-20,239	-20,227	-20,188	-20,151	-20,095	-19,977	-19,846	0,231	0,396	0,470	0,557	0,517	0,411	0,361	0,308	0,268	0,229	0,225	0,244	0,252	0,264	0,206	0,000	0,000
4,000	-11,223	-11,320	-11,244	-11,247	-11,216	-11,201	-11,210	-11,203	-11,198	-11,178	-11,132	-11,051	-10,900	-10,651	-10,323	-0,198	-0,010	-0,026	0,028	0,042	0,064	0,087	0,111	0,148	0,217	0,305	0,406	0,505	0,568	0,463	0,000	0,000
5,000	-12,466	-12,384	-12,544	-12,557	-12,548	-12,523	-12,508	-12,509	-12,481	-12,478	-12,422	-12,334	-12,182	-11,907	-11,568	0,074	-0,110	-0,077	0,017	0,045	0,055	0,082	0,126	0,170	0,223	0,320	0,426	0,533	0,600	0,483	0,000	0,000
6,000	-8,691	-8,666	-8,561	-8,417	-8,316	-8,258	-8,225	-8,195	-8,161	-8,140	-8,091	-8,024	-7,935	-7,783	-7,593	0,014	0,160	0,186	0,249	0,231	0,205	0,204	0,196	0,203	0,221	0,256	0,303	0,333	0,353	0,281	0,000	0,000
7,000	-6,932	-6,884	-6,897	-6,841	-6,797	-6,769	-6,747	-6,738	-6,716	-6,714	-6,699	-6,684	-6,659	-6,610	-6,561	-0,004	0,004	0,028	0,091	0,089	0,073	0,075	0,074	0,074	0,070	0,080	0,086	0,094	0,098	0,071	0,000	0,000
8,000	-19,164	-19,377	-19,406	-19,512	-19,512	-19,559	-19,592	-19,629	-19,655	-19,702	-19,719	-19,737	-19,735	-19,697	-19,639	-0,444	-0,296	-0,238	-0,162	-0,147	-0,154	-0,142	-0,143	-0,117	-0,103	-0,054	-0,015	0,019	0,061	0,059	0,000	0,000
9,000	-9,297	-9,336	-9,300	-9,190	-9,074	-8,971	-8,913	-8,862	-8,808	-8,769	-8,714	-8,664	-8,586	-8,474	-8,346	-0,130	-0,005	0,098	0,231	0,271	0,271	0,265	0,244	0,243	0,233	0,245	0,259	0,267	0,275	0,201	0,000	0,000
10,000	-9,816	-9,907	-9,813	-9,764	-9,702	-9,677	-9,659	-9,646	-9,625	-9,623	-9,608	-9,581	-9,530	-9,455	-9,374	-0,430	-0,088	-0,033	0,079	0,080	0,082	0,079	0,080	0,087	0,093	0,111	0,130	0,155	0,163	0,131	0,000	0,000
11,000	-6,640	-6,243	-6,097	-5,853	-5,752	-5,677	-5,629	-5,599	-5,567	-5,541	-5,508	-5,480	-5,439	-5,392	-5,326	1,349	0,899	0,707	0,482	0,390	0,306	0,267	0,229	0,200	0,177	0,163	0,153	0,153	0,139	0,103	0,000	0,000
12,000	-5,237	-4,895	-4,673	-4,545	-4,465	-4,434	-4,422	-4,398	-4,386	-4,378	-4,349	-4,324	-4,276	-4,202	-4,098	2,868	1,656	1,168	0,588	0,416	0,308	0,244	0,206	0,174	0,158	0,159	0,167	0,184	0,188	0,148	0,000	0,000
13,000	-3,410	-3,143	-3,040	-2,958	-2,908	-2,889	-2,876	-2,863	-2,845	-2,837	-2,813	-2,773	-2,703	-2,592	-2,454	1,763	0,995	0,694	0,358	0,256	0,195	0,173	0,154	0,147	0,156	0,170	0,200	0,244	0,260	0,208	0,000	0,000
14,000	-11,993	-11,751	-11,797	-11,702	-11,691	-11,663	-11,656	-11,652	-11,635	-11,637	-11,617	-11,580	-11,506	-11,367	-11,184	0,251	0,091	0,118	0,102	0,089	0,070	0,076	0,078	0,095	0,111	0,160	0,217	0,278	0,310	0,261	0,000	0,000
15,000	-9,021	-9,149	-9,061	-9,075	-9,024	-9,025	-9,014	-9,001	-8,982	-8,984	-8,954	-8,927	-8,880	-8,801	-8,711	-0,198	-0,005	-0,016	0,038	0,042	0,053	0,059	0,068	0,075	0,090	0,113	0,135	0,161	0,171	0,140	0,000	0,000
	run	6	2022:11:08    11:20:32,097
0,000	-13,140	-13,222	-13,223	-13,307	-13,320	-13,335	-13,349	-13,341	-13,342	-13,347	-13,333	-13,305	-13,251	-13,150	-13,031	-0,174	-0,127	-0,132	-0,093	-0,066	-0,034	-0,017	0,006	0,027	0,056	0,095	0,141	0,189	0,211	0,174	0,000	0,000
1,000	-17,252	-17,242	-17,151	-16,932	-16,777	-16,667	-16,611	-16,554	-16,509	-16,475	-16,419	-16,376	-16,314	-16,211	-16,093	0,081	0,223	0,282	0,365	0,368	0,325	0,302	0,265	0,249	0,232	0,240	0,241	0,248	0,249	0,186	0,000	0,000
2,000	-10,726	-10,689	-10,654	-10,481	-10,366	-10,290	-10,247	-10,203	-10,150	-10,110	-10,038	-9,959	-9,849	-9,684	-9,492	0,123	0,174	0,222	0,285	0,281	0,262	0,264	0,262	0,267	0,279	0,315	0,351	0,382	0,386	0,296	0,000	0,000
3,000	-21,360	-21,287	-21,173	-20,790	-20,559	-20,427	-20,359	-20,297	-20,239	-20,227	-20,188	-20,151	-20,095	-19,977	-19,846	0,231	0,396	0,470	0,557	0,517	0,411	0,361	0,308	0,268	0,229	0,225	0,244	0,252	0,264	0,206	0,000	0,000
4,000	-11,223	-11,320	-11,244	-11,247	-11,216	-11,201	-11,210	-11,203	-11,198	-11,178	-11,132	-11,051	-10,900	-10,651	-10,323	-0,198	-0,010	-0,026	0,028	0,042	0,064	0,087	0,111	0,148	0,217	0,305	0,406	0,505	0,568	0,463	0,000	0,000
5,000	-12,466	-12,384	-12,544	-12,557	-12,548	-12,523	-12,508	-12,509	-12,481	-12,478	-12,422	-12,334	-12,182	-11,907	-11,568	0,074	-0,110	-0,077	0,017	0,045	0,055	0,082	0,126	0,170	0,223	0,320	0,426	0,533	0,600	0,483	0,000	0,000
6,000	-8,567	-8,565	-8,447	-8,306	-8,201	-8,152	-8,122	-8,092	-8,059	-8,034	-7,980	-7,919	-7,828	-7,675	-7,490	0,001	0,159	0,183	0,240	0,224	0,200	0,199	0,199	0,202	0,219	0,258	0,293	0,332	0,357	0,275	0,000	0,000
7,000	-6,821	-6,786	-6,802	-6,749	-6,707	-6,678	-6,658	-6,646	-6,634	-6,627	-6,615	-6,591	-6,567	-6,522	-6,470	0,007	0,004	0,033	0,085	0,088	0,073	0,079	0,067	0,073	0,070	0,079	0,090	0,097	0,101	0,078	0,000	0,000
8,000	-19,367	-19,562	-19,595	-19,694	-19,696	-19,748	-19,781	-19,816	-19,844	-19,895	-19,911	-19,930	-19,932	-19,889	-19,838	-0,406	-0,289	-0,240	-0,174	-0,146	-0,158	-0,144	-0,146	-0,121	-0,102	-0,066	-0,012	0,012	0,062	0,057	0,000	0,000
9,000	-9,563	-9,581	-9,563	-9,431	-9,321	-9,211	-9,152	-9,101	-9,045	-9,011	-8,949	-8,899	-8,822	-8,705	-8,570	-0,104	0,005	0,092	0,251	0,276	0,271	0,272	0,253	0,248	0,240	0,259	0,270	0,281	0,277	0,210	0,000	0,000
10,000	-10,146	-10,238	-10,138	-10,063	-9,986	-9,952	-9,936	-9,919	-9,895	-9,895	-9,878	-9,848	-9,802	-9,724	-9,636	-0,430	-0,079	-0,008	0,111	0,106	0,099	0,093	0,094	0,096	0,102	0,118	0,140	0,163	0,170	0,137	0,000	0,000
11,000	-7,021	-6,606	-6,451	-6,186	-6,071	-5,991	-5,942	-5,912	-5,880	-5,850	-5,817	-5,789	-5,748	-5,695	-5,628	1,398	0,936	0,757	0,514	0,413	0,326	0,282	0,240	0,208	0,184	0,168	0,157	0,158	0,149	0,106	0,000	0,000
12,000	-5,360	-5,010	-4,775	-4,636	-4,564	-4,528	-4,513	-4,490	-4,477	-4,466	-4,443	-4,411	-4,362	-4,286	-4,184	2,884	1,666	1,180	0,596	0,419	0,316	0,252	0,209	0,175	0,160	0,160	0,167	0,189	0,193	0,153	0,000	0,000
13,000	-3,465	-3,185	-3,076	-2,986	-2,936	-2,924	-2,907	-2,890	-2,876	-2,865	-2,839	-2,802	-2,734	-2,619	-2,478	1,773	1,010	0,705	0,362	0,263	0,202	0,179	0,157	0,148	0,162	0,179	0,202	0,248	0,264	0,212	0,000	0,000
14,000	-12,089	-11,832	-11,884	-11,787	-11,770	-11,752	-11,733	-11,734	-11,721	-11,721	-11,706	-11,670	-11,586	-11,442	-11,258	0,223	0,096	0,114	0,103	0,086	0,066	0,081	0,085	0,093	0,116	0,160	0,219	0,278	0,317	0,263	0,000	0,000
15,000	-9,048	-9,178	-9,086	-9,100	-9,060	-9,057	-9,046	-9,031	-9,011	-9,009	-8,985	-8,959	-8,907	-8,831	-8,745	-0,185	-0,006	-0,013	0,037	0,045	0,051	0,061	0,071	0,075	0,094	0,112	0,135	0,161	0,167	0,136	0,000	0,000
	run	7	2022:11:08    11:20:32,199
0,000	-13,144	-13,212	-13,216	-13,299	-13,310	-13,328	-13,333	-13,337	-13,335	-13,345	-13,336	-13,301	-13,253	-13,162	-13,044	-0,185	-0,128	-0,118	-0,079	-0,065	-0,033	-0,019	-0,002	0,021	0,043	0,080	0,129	0,173	0,197	0,160	0,000	0,000
1,000	-16,914	-16,919	-16,848	-16,667	-16,523	-16,418	-16,360	-16,310	-16,259	-16,230	-16,181	-16,138	-16,078	-15,984	-15,874	0,063	0,184	0,232	0,324	0,342	0,301	0,278	0,253	0,235	0,225	0,229	0,225	0,228	0,233	0,178	0,000	0,000
2,000	-10,177	-10,151	-10,128	-9,984	-9,878	-9,806	-9,756	-9,722	-9,667	-9,635	-9,575	-9,499	-9,398	-9,249	-9,083	0,078	0,124	0,169	0,252	0,261	0,245	0,247	0,237	0,248	0,253	0,287	0,321	0,343	0,348	0,265	0,000	0,000
3,000	-19,994	-19,980	-19,942	-19,663	-19,451	-19,327	-19,249	-19,191	-19,139	-19,132	-19,088	-19,048	-18,996	-18,890	-18,765	0,104	0,238	0,307	0,443	0,441	0,367	0,325	0,281	0,250	0,214	0,208	0,229	0,233	0,249	0,188	0,000	0,000
4,000	-10,990	-11,065	-11,000	-10,988	-10,953	-10,950	-10,955	-10,942	-10,942	-10,928	-10,876	-10,799	-10,649	-10,420	-10,106	-0,210	-0,006	-0,016	0,042	0,052	0,069	0,089	0,108	0,139	0,206	0,293	0,387	0,486	0,543	0,448	0,000	0,000
5,000	-12,103	-12,021	-12,159	-12,166	-12,161	-12,141	-12,127	-12,132	-12,096	-12,094	-12,038	-11,954	-11,816	-11,559	-11,228	0,077	-0,098	-0,069	0,003	0,041	0,051	0,085	0,121	0,160	0,215	0,305	0,401	0,505	0,572	0,461	0,000	0,000
6,000	-8,395	-8,390	-8,294	-8,163	-8,064	-8,013	-7,984	-7,956	-7,911	-7,896	-7,845	-7,781	-7,686	-7,541	-7,355	-0,003	0,124	0,159	0,220	0,220	0,200	0,190	0,190	0,199	0,209	0,244	0,294	0,326	0,346	0,272	0,000	0,000
7,000	-6,926	-6,883	-6,872	-6,804	-6,764	-6,738	-6,715	-6,704	-6,681	-6,679	-6,662	-6,639	-6,611	-6,567	-6,511	0,000	0,022	0,052	0,106	0,098	0,080	0,089	0,074	0,077	0,072	0,081	0,092	0,104	0,115	0,082	0,000	0,000
8,000	-19,930	-20,128	-20,174	-20,297	-20,294	-20,358	-20,391	-20,429	-20,450	-20,506	-20,530	-20,536	-20,542	-20,502	-20,443	-0,466	-0,323	-0,260	-0,201	-0,160	-0,176	-0,156	-0,155	-0,121	-0,109	-0,058	-0,013	0,019	0,068	0,068	0,000	0,000
9,000	-9,925	-9,927	-9,873	-9,721	-9,580	-9,465	-9,397	-9,343	-9,284	-9,244	-9,184	-9,124	-9,047	-8,921	-8,778	-0,106	0,043	0,141	0,304	0,327	0,311	0,303	0,280	0,268	0,259	0,267	0,288	0,292	0,296	0,216	0,000	0,000
10,000	-10,538	-10,611	-10,507	-10,410	-10,325	-10,297	-10,272	-10,255	-10,234	-10,232	-10,215	-10,184	-10,130	-10,052	-9,963	-0,432	-0,049	0,008	0,125	0,119	0,109	0,101	0,100	0,096	0,103	0,125	0,150	0,166	0,180	0,139	0,000	0,000
11,000	-7,016	-6,588	-6,429	-6,153	-6,044	-5,963	-5,913	-5,879	-5,848	-5,822	-5,793	-5,761	-5,721	-5,669	-5,600	1,426	0,961	0,774	0,525	0,427	0,328	0,282	0,238	0,207	0,182	0,170	0,162	0,155	0,146	0,109	0,000	0,000
12,000	-5,297	-4,952	-4,728	-4,586	-4,513	-4,477	-4,463	-4,440	-4,426	-4,418	-4,392	-4,359	-4,317	-4,238	-4,138	2,869	1,656	1,174	0,595	0,421	0,316	0,249	0,207	0,176	0,163	0,162	0,169	0,187	0,193	0,149	0,000	0,000
13,000	-3,482	-3,148	-3,076	-2,971	-2,932	-2,914	-2,898	-2,882	-2,864	-2,856	-2,827	-2,788	-2,723	-2,609	-2,463	1,815	1,005	0,705	0,370	0,260	0,199	0,175	0,156	0,148	0,159	0,182	0,207	0,247	0,264	0,214	0,000	0,000
14,000	-12,126	-11,953	-11,946	-11,872	-11,855	-11,839	-11,826	-11,813	-11,799	-11,796	-11,778	-11,740	-11,667	-11,526	-11,342	0,156	0,102	0,104	0,094	0,087	0,076	0,085	0,080	0,091	0,123	0,162	0,219	0,276	0,323	0,274	0,000	0,000
15,000	-9,177	-9,300	-9,220	-9,229	-9,186	-9,184	-9,176	-9,162	-9,143	-9,139	-9,116	-9,087	-9,039	-8,967	-8,880	-0,199	-0,004	-0,023	0,043	0,043	0,052	0,058	0,074	0,081	0,091	0,111	0,133	0,158	0,166	0,135	0,000	0,000
	run	8	2022:11:08    11:20:32,297
0,000	-12,902	-12,989	-12,995	-13,066	-13,082	-13,092	-13,102	-13,100	-13,100	-13,106	-13,092	-13,068	-13,016	-12,930	-12,816	-0,176	-0,116	-0,105	-0,067	-0,053	-0,032	-0,011	0,006	0,024	0,048	0,080	0,128	0,172	0,190	0,150	0,000	0,000
1,000	-16,311	-16,312	-16,235	-16,083	-15,947	-15,850	-15,799	-15,753	-15,703	-15,677	-15,623	-15,588	-15,531	-15,444	-15,339	0,045	0,157	0,208	0,297	0,310	0,277	0,259	0,239	0,218	0,203	0,209	0,214	0,214	0,214	0,160	0,000	0,000
2,000	-9,792	-9,762	-9,745	-9,627	-9,533	-9,459	-9,417	-9,383	-9,337	-9,303	-9,247	-9,175	-9,085	-8,944	-8,786	0,068	0,106	0,143	0,225	0,234	0,220	0,231	0,225	0,228	0,239	0,267	0,300	0,318	0,322	0,246	0,000	0,000
3,000	-19,133	-19,155	-19,097	-18,868	-18,683	-18,567	-18,505	-18,455	-18,402	-18,390	-18,345	-18,320	-18,264	-18,165	-18,044	0,037	0,194	0,247	0,395	0,391	0,331	0,301	0,258	0,230	0,201	0,200	0,209	0,219	0,229	0,180	0,000	0,000
4,000	-10,399	-10,462	-10,375	-10,351	-10,313	-10,299	-10,302	-10,297	-10,299	-10,272	-10,245	-10,166	-10,037	-9,828	-9,549	-0,209	0,022	0,017	0,061	0,061	0,072	0,091	0,097	0,127	0,190	0,265	0,350	0,436	0,488	0,407	0,000	0,000
5,000	-11,873	-11,803	-11,949	-11,972	-11,973	-11,949	-11,933	-11,932	-11,897	-11,894	-11,836	-11,753	-11,611	-11,363	-11,037	0,060	-0,134	-0,092	-0,004	0,039	0,049	0,090	0,114	0,168	0,215	0,311	0,402	0,504	0,566	0,464	0,000	0,000
6,000	-8,679	-8,670	-8,590	-8,457	-8,356	-8,299	-8,268	-8,241	-8,201	-8,180	-8,124	-8,058	-7,959	-7,797	-7,608	-0,016	0,128	0,169	0,230	0,230	0,203	0,203	0,196	0,213	0,223	0,272	0,311	0,350	0,377	0,292	0,000	0,000
7,000	-7,394	-7,324	-7,298	-7,201	-7,137	-7,102	-7,083	-7,071	-7,054	-7,045	-7,026	-7,009	-6,975	-6,918	-6,855	0,050	0,072	0,120	0,150	0,136	0,107	0,099	0,097	0,087	0,086	0,087	0,111	0,120	0,128	0,095	0,000	0,000
8,000	-20,618	-20,855	-20,904	-21,076	-21,096	-21,158	-21,187	-21,226	-21,250	-21,313	-21,329	-21,348	-21,358	-21,306	-21,245	-0,497	-0,372	-0,341	-0,236	-0,194	-0,194	-0,175	-0,164	-0,138	-0,111	-0,069	-0,020	0,016	0,064	0,062	0,000	0,000
9,000	-10,249	-10,213	-10,133	-9,922	-9,766	-9,645	-9,573	-9,527	-9,466	-9,420	-9,365	-9,301	-9,220	-9,083	-8,932	-0,031	0,126	0,244	0,358	0,367	0,333	0,320	0,293	0,287	0,279	0,288	0,302	0,314	0,315	0,240	0,000	0,000
10,000	-10,877	-10,906	-10,779	-10,642	-10,555	-10,524	-10,505	-10,486	-10,462	-10,464	-10,445	-10,409	-10,355	-10,280	-10,179	-0,379	-0,005	0,075	0,162	0,145	0,121	0,112	0,102	0,101	0,109	0,134	0,151	0,178	0,187	0,145	0,000	0,000
11,000	-7,081	-6,630	-6,447	-6,156	-6,033	-5,952	-5,905	-5,871	-5,840	-5,806	-5,781	-5,745	-5,704	-5,647	-5,580	1,466	1,005	0,815	0,558	0,441	0,342	0,296	0,245	0,213	0,193	0,175	0,165	0,160	0,156	0,112	0,000	0,000
12,000	-5,410	-5,053	-4,806	-4,669	-4,593	-4,559	-4,541	-4,524	-4,508	-4,496	-4,469	-4,438	-4,391	-4,310	-4,209	2,918	1,691	1,194	0,602	0,432	0,320	0,253	0,210	0,183	0,162	0,167	0,175	0,191	0,195	0,155	0,000	0,000
13,000	-3,425	-3,164	-3,052	-2,969	-2,929	-2,909	-2,895	-2,880	-2,865	-2,853	-2,822	-2,781	-2,715	-2,607	-2,464	1,746	0,999	0,698	0,357	0,261	0,205	0,180	0,156	0,149	0,162	0,179	0,206	0,243	0,265	0,209	0,000	0,000
14,000	-12,155	-11,849	-11,933	-11,821	-11,818	-11,791	-11,771	-11,775	-11,767	-11,758	-11,738	-11,701	-11,625	-11,488	-11,298	0,263	0,086	0,101	0,111	0,090	0,072	0,081	0,079	0,089	0,117	0,156	0,214	0,277	0,310	0,259	0,000	0,000
15,000	-8,970	-9,104	-9,011	-9,028	-8,988	-8,982	-8,971	-8,959	-8,941	-8,943	-8,917	-8,890	-8,844	-8,772	-8,690	-0,195	-0,004	-0,014	0,039	0,044	0,053	0,059	0,067	0,075	0,087	0,108	0,124	0,149	0,161	0,128	0,000	0,000
	run	9	2022:11:08    11:20:32,348
0,000	-12,485	-12,566	-12,562	-12,633	-12,654	-12,655	-12,666	-12,666	-12,660	-12,666	-12,654	-12,628	-12,580	-12,497	-12,390	-0,170	-0,113	-0,105	-0,063	-0,049	-0,029	-0,010	0,004	0,024	0,048	0,080	0,122	0,166	0,183	0,150	0,000	0,000
1,000	-15,960	-15,957	-15,900	-15,759	-15,633	-15,540	-15,489	-15,452	-15,399	-15,370	-15,326	-15,287	-15,229	-15,144	-15,043	0,013	0,141	0,179	0,270	0,287	0,256	0,253	0,219	0,211	0,201	0,206	0,206	0,209	0,210	0,157	0,000	0,000
2,000	-9,792	-9,762	-9,745	-9,627	-9,533	-9,459	-9,417	-9,383	-9,337	-9,303	-9,247	-9,175	-9,085	-8,944	-8,786	0,068	0,106	0,143	0,225	0,234	0,220	0,231	0,225	0,228	0,239	0,267	0,300	0,318	0,322	0,246	0,000	0,000
3,000	-19,133	-19,155	-19,097	-18,868	-18,683	-18,567	-18,505	-18,455	-18,402	-18,390	-18,345	-18,320	-18,264	-18,165	-18,044	0,037	0,194	0,247	0,395	0,391	0,331	0,301	0,258	0,230	0,201	0,200	0,209	0,219	0,229	0,180	0,000	0,000
4,000	-10,399	-10,462	-10,375	-10,351	-10,313	-10,299	-10,302	-10,297	-10,299	-10,272	-10,245	-10,166	-10,037	-9,828	-9,549	-0,209	0,022	0,017	0,061	0,061	0,072	0,091	0,097	0,127	0,190	0,265	0,350	0,436	0,488	0,407	0,000	0,000
5,000	-11,873	-11,803	-11,949	-11,972	-11,973	-11,949	-11,933	-11,932	-11,897	-11,894	-11,836	-11,753	-11,611	-11,363	-11,037	0,060	-0,134	-0,092	-0,004	0,039	0,049	0,090	0,114	0,168	0,215	0,311	0,402	0,504	0,566	0,464	0,000	0,000
6,000	-8,679	-8,670	-8,590	-8,457	-8,356	-8,299	-8,268	-8,241	-8,201	-8,180	-8,124	-8,058	-7,959	-7,797	-7,608	-0,016	0,128	0,169	0,230	0,230	0,203	0,203	0,196	0,213	0,223	0,272	0,311	0,350	0,377	0,292	0,000	0,000
7,000	-7,394	-7,324	-7,298	-7,201	-7,137	-7,102	-7,083	-7,071	-7,054	-7,045	-7,026	-7,009	-6,975	-6,918	-6,855	0,050	0,072	0,120	0,150	0,136	0,107	0,099	0,097	0,087	0,086	0,087	0,111	0,120	0,128	0,095	0,000	0,000
8,000	-21,354	-21,603	-21,700	-21,872	-21,890	-21,952	-21,995	-22,034	-22,056	-22,119	-22,134	-22,148	-22,148	-22,102	-22,037	-0,538	-0,404	-0,376	-0,256	-0,203	-0,204	-0,189	-0,175	-0,139	-0,123	-0,071	-0,014	0,017	0,066	0,072	0,000	0,000
9,000	-10,532	-10,474	-10,391	-10,171	-10,014	-9,900	-9,832	-9,770	-9,713	-9,673	-9,607	-9,542	-9,454	-9,314	-9,156	-0,017	0,153	0,240	0,370	0,372	0,341	0,328	0,301	0,286	0,284	0,294	0,310	0,331	0,332	0,252	0,000	0,000
10,000	-10,928	-10,986	-10,845	-10,713	-10,619	-10,586	-10,557	-10,546	-10,517	-10,509	-10,488	-10,459	-10,400	-10,315	-10,213	-0,383	0,011	0,082	0,178	0,159	0,136	0,121	0,115	0,114	0,120	0,143	0,161	0,184	0,198	0,156	0,000	0,000
11,000	-6,987	-6,518	-6,348	-6,048	-5,915	-5,824	-5,779	-5,748	-5,712	-5,678	-5,650	-5,613	-5,570	-5,511	-5,436	1,499	1,034	0,830	0,568	0,454	0,352	0,303	0,258	0,222	0,199	0,184	0,176	0,171	0,161	0,118	0,000	0,000
12,000	-5,429	-5,078	-4,839	-4,688	-4,612	-4,574	-4,562	-4,542	-4,537	-4,515	-4,488	-4,460	-4,415	-4,336	-4,236	2,898	1,695	1,205	0,608	0,429	0,321	0,256	0,214	0,179	0,165	0,158	0,172	0,191	0,195	0,155	0,000	0,000
13,000	-3,477	-3,202	-3,086	-2,997	-2,947	-2,932	-2,919	-2,901	-2,883	-2,871	-2,844	-2,808	-2,740	-2,625	-2,478	1,768	1,008	0,700	0,364	0,266	0,201	0,178	0,163	0,150	0,158	0,180	0,208	0,251	0,263	0,216	0,000	0,000
14,000	-11,957	-11,696	-11,752	-11,660	-11,659	-11,623	-11,601	-11,610	-11,601	-11,599	-11,575	-11,542	-11,470	-11,338	-11,160	0,237	0,078	0,111	0,107	0,090	0,073	0,077	0,072	0,095	0,109	0,160	0,207	0,264	0,304	0,251	0,000	0,000
15,000	-8,790	-8,936	-8,844	-8,860	-8,816	-8,814	-8,808	-8,799	-8,777	-8,777	-8,757	-8,728	-8,680	-8,611	-8,532	-0,196	-0,007	-0,018	0,035	0,046	0,052	0,054	0,065	0,076	0,086	0,099	0,122	0,149	0,158	0,129	0,000	0,000
	run	10	2022:11:08    11:20:32,463
0,000	-12,370	-12,430	-12,433	-12,505	-12,514	-12,522	-12,531	-12,529	-12,529	-12,537	-12,526	-12,498	-12,452	-12,364	-12,260	-0,164	-0,119	-0,105	-0,071	-0,053	-0,027	-0,008	0,002	0,023	0,044	0,083	0,127	0,161	0,185	0,149	0,000	0,000
1,000	-15,922	-15,927	-15,865	-15,714	-15,596	-15,500	-15,451	-15,406	-15,362	-15,332	-15,276	-15,247	-15,187	-15,097	-14,994	0,023	0,128	0,180	0,266	0,287	0,264	0,254	0,229	0,214	0,203	0,207	0,213	0,215	0,216	0,166	0,000	0,000
2,000	-9,899	-9,901	-9,854	-9,725	-9,622	-9,552	-9,505	-9,470	-9,421	-9,391	-9,322	-9,256	-9,166	-9,024	-8,860	0,078	0,121	0,158	0,250	0,251	0,234	0,241	0,234	0,239	0,248	0,279	0,308	0,323	0,332	0,249	0,000	0,000
3,000	-19,963	-19,947	-19,885	-19,619	-19,414	-19,291	-19,221	-19,167	-19,116	-19,102	-19,066	-19,023	-18,975	-18,868	-18,745	0,099	0,233	0,300	0,434	0,422	0,358	0,322	0,277	0,244	0,211	0,209	0,221	0,228	0,241	0,184	0,000	0,000
4,000	-10,759	-10,825	-10,731	-10,721	-10,688	-10,674	-10,680	-10,676	-10,671	-10,641	-10,615	-10,542	-10,402	-10,184	-9,888	-0,205	0,028	-0,002	0,048	0,054	0,074	0,088	0,101	0,131	0,194	0,282	0,362	0,455	0,511	0,421	0,000	0,000
5,000	-12,170	-12,088	-12,234	-12,265	-12,262	-12,227	-12,221	-12,215	-12,187	-12,182	-12,121	-12,034	-11,893	-11,632	-11,294	0,067	-0,125	-0,090	0,012	0,040	0,044	0,095	0,125	0,170	0,220	0,314	0,415	0,524	0,589	0,479	0,000	0,000
6,000	-8,686	-8,680	-8,595	-8,466	-8,363	-8,312	-8,280	-8,249	-8,215	-8,191	-8,142	-8,069	-7,971	-7,804	-7,612	-0,024	0,127	0,174	0,233	0,232	0,202	0,202	0,203	0,214	0,229	0,264	0,311	0,351	0,378	0,290	0,000	0,000
7,000	-7,365	-7,309	-7,290	-7,185	-7,126	-7,087	-7,061	-7,056	-7,036	-7,030	-7,017	-6,996	-6,966	-6,910	-6,845	0,045	0,081	0,118	0,147	0,133	0,096	0,096	0,089	0,091	0,089	0,097	0,103	0,110	0,123	0,093	0,000	0,000
8,000	-21,090	-21,338	-21,417	-21,587	-21,600	-21,662	-21,699	-21,744	-21,762	-21,817	-21,841	-21,854	-21,853	-21,807	-21,734	-0,490	-0,394	-0,348	-0,246	-0,205	-0,202	-0,178	-0,165	-0,136	-0,109	-0,067	-0,011	0,026	0,078	0,075	0,000	0,000
9,000	-10,422	-10,379	-10,310	-10,085	-9,934	-9,811	-9,742	-9,689	-9,631	-9,586	-9,535	-9,459	-9,374	-9,236	-9,074	-0,020	0,124	0,232	0,365	0,371	0,337	0,327	0,297	0,286	0,286	0,302	0,308	0,329	0,332	0,248	0,000	0,000
10,000	-10,832	-10,856	-10,731	-10,575	-10,476	-10,445	-10,423	-10,403	-10,382	-10,385	-10,357	-10,324	-10,267	-10,180	-10,082	-0,359	0,034	0,085	0,183	0,157	0,130	0,119	0,116	0,114	0,119	0,139	0,157	0,183	0,196	0,157	0,000	0,000
11,000	-6,999	-6,540	-6,362	-6,054	-5,930	-5,847	-5,802	-5,769	-5,731	-5,702	-5,673	-5,638	-5,590	-5,534	-5,462	1,510	1,038	0,832	0,562	0,448	0,349	0,302	0,253	0,221	0,198	0,179	0,175	0,170	0,161	0,116	0,000	0,000
12,000	-5,560	-5,182	-4,940	-4,787	-4,708	-4,672	-4,654	-4,633	-4,620	-4,604	-4,576	-4,549	-4,497	-4,422	-4,314	2,964	1,722	1,224	0,621	0,442	0,325	0,264	0,217	0,185	0,170	0,168	0,177	0,197	0,204	0,160	0,000	0,000
13,000	-3,508	-3,223	-3,108	-3,019	-2,969	-2,950	-2,936	-2,916	-2,903	-2,889	-2,865	-2,824	-2,756	-2,636	-2,494	1,782	1,017	0,708	0,372	0,266	0,205	0,180	0,164	0,154	0,161	0,183	0,210	0,251	0,271	0,215	0,000	0,000
14,000	-11,833	-11,595	-11,642	-11,548	-11,540	-11,505	-11,491	-11,488	-11,482	-11,477	-11,458	-11,428	-11,351	-11,219	-11,041	0,245	0,093	0,124	0,103	0,084	0,067	0,075	0,082	0,093	0,111	0,156	0,206	0,258	0,294	0,249	0,000	0,000
15,000	-8,653	-8,794	-8,699	-8,723	-8,682	-8,681	-8,675	-8,659	-8,641	-8,639	-8,619	-8,589	-8,550	-8,482	-8,403	-0,216	-0,008	-0,016	0,031	0,035	0,044	0,057	0,062	0,072	0,081	0,102	0,120	0,138	0,152	0,125	0,000	0,000
	run	11	2022:11:08    11:20:32,493
0,000	-12,370	-12,430	-12,433	-12,505	-12,514	-12,522	-12,531	-12,529	-12,529	-12,537	-12,526	-12,498	-12,452	-12,364	-12,260	-0,164	-0,119	-0,105	-0,071	-0,053	-0,027	-0,008	0,002	0,023	0,044	0,083	0,127	0,161	0,185	0,149	0,000	0,000
1,000	-15,922	-15,927	-15,865	-15,714	-15,596	-15,500	-15,451	-15,406	-15,362	-15,332	-15,276	-15,247	-15,187	-15,097	-14,994	0,023	0,128	0,180	0,266	0,287	0,264	0,254	0,229	0,214	0,203	0,207	0,213	0,215	0,216	0,166	0,000	0,000
2,000	-9,899	-9,901	-9,854	-9,725	-9,622	-9,552	-9,505	-9,470	-9,421	-9,391	-9,322	-9,256	-9,166	-9,024	-8,860	0,078	0,121	0,158	0,250	0,251	0,234	0,241	0,234	0,239	0,248	0,279	0,308	0,323	0,332	0,249	0,000	0,000
3,000	-19,963	-19,947	-19,885	-19,619	-19,414	-19,291	-19,221	-19,167	-19,116	-19,102	-19,066	-19,023	-18,975	-18,868	-18,745	0,099	0,233	0,300	0,434	0,422	0,358	0,322	0,277	0,244	0,211	0,209	0,221	0,228	0,241	0,184	0,000	0,000
4,000	-10,759	-10,825	-10,731	-10,721	-10,688	-10,674	-10,680	-10,676	-10,671	-10,641	-10,615	-10,542	-10,402	-10,184	-9,888	-0,205	0,028	-0,002	0,048	0,054	0,074	0,088	0,101	0,131	0,194	0,282	0,362	0,455	0,511	0,421	0,000	0,000
5,000	-12,170	-12,088	-12,234	-12,265	-12,262	-12,227	-12,221	-12,215	-12,187	-12,182	-12,121	-12,034	-11,893	-11,632	-11,294	0,067	-0,125	-0,090	0,012	0,040	0,044	0,095	0,125	0,170	0,220	0,314	0,415	0,524	0,589	0,479	0,000	0,000
6,000	-8,667	-8,652	-8,566	-8,430	-8,327	-8,279	-8,245	-8,215	-8,181	-8,159	-8,101	-8,038	-7,940	-7,773	-7,587	-0,014	0,141	0,166	0,230	0,223	0,198	0,201	0,200	0,210	0,222	0,270	0,308	0,346	0,372	0,289	0,000	0,000
7,000	-7,241	-7,216	-7,187	-7,094	-7,037	-7,003	-6,987	-6,976	-6,950	-6,952	-6,926	-6,904	-6,877	-6,823	-6,759	0,024	0,046	0,094	0,134	0,119	0,099	0,098	0,093	0,088	0,085	0,094	0,109	0,117	0,121	0,096	0,000	0,000
8,000	-20,746	-20,980	-21,058	-21,213	-21,225	-21,284	-21,322	-21,362	-21,378	-21,448	-21,458	-21,474	-21,471	-21,430	-21,365	-0,483	-0,373	-0,332	-0,233	-0,189	-0,195	-0,175	-0,168	-0,130	-0,109	-0,069	-0,016	0,025	0,072	0,069	0,000	0,000
9,000	-10,230	-10,202	-10,120	-9,921	-9,771	-9,644	-9,579	-9,527	-9,471	-9,424	-9,367	-9,294	-9,217	-9,080	-8,923	-0,048	0,115	0,213	0,352	0,367	0,332	0,316	0,295	0,280	0,275	0,287	0,302	0,319	0,319	0,240	0,000	0,000
10,000	-10,998	-11,025	-10,886	-10,736	-10,643	-10,608	-10,584	-10,570	-10,548	-10,540	-10,518	-10,482	-10,427	-10,348	-10,248	-0,371	0,015	0,096	0,184	0,154	0,131	0,121	0,118	0,114	0,119	0,139	0,160	0,184	0,193	0,155	0,000	0,000
11,000	-7,112	-6,644	-6,462	-6,166	-6,039	-5,957	-5,912	-5,881	-5,842	-5,812	-5,782	-5,753	-5,705	-5,647	-5,576	1,510	1,028	0,830	0,564	0,448	0,350	0,301	0,251	0,220	0,198	0,182	0,172	0,166	0,160	0,117	0,000	0,000
12,000	-5,529	-5,157	-4,912	-4,764	-4,691	-4,654	-4,633	-4,616	-4,603	-4,585	-4,563	-4,527	-4,485	-4,405	-4,303	2,953	1,718	1,231	0,617	0,443	0,327	0,263	0,214	0,181	0,166	0,166	0,175	0,197	0,204	0,161	0,000	0,000
13,000	-3,472	-3,190	-3,083	-2,993	-2,939	-2,924	-2,910	-2,893	-2,876	-2,867	-2,840	-2,800	-2,733	-2,615	-2,476	1,771	1,010	0,697	0,366	0,263	0,204	0,174	0,155	0,149	0,160	0,183	0,209	0,248	0,266	0,215	0,000	0,000
14,000	-11,770	-11,503	-11,556	-11,464	-11,461	-11,433	-11,416	-11,417	-11,398	-11,397	-11,385	-11,347	-11,273	-11,140	-10,966	0,239	0,070	0,108	0,110	0,087	0,083	0,086	0,073	0,095	0,095	0,150	0,209	0,266	0,296	0,248	0,000	0,000
15,000	-8,724	-8,860	-8,768	-8,788	-8,740	-8,742	-8,736	-8,721	-8,705	-8,701	-8,682	-8,648	-8,607	-8,539	-8,459	-0,216	-0,017	-0,021	0,035	0,040	0,051	0,056	0,067	0,071	0,084	0,104	0,122	0,143	0,154	0,124	0,000	0,000
	run	12	2022:11:08    11:20:32,593
0,000	-12,912	-12,998	-13,005	-13,082	-13,100	-13,109	-13,120	-13,121	-13,121	-13,121	-13,113	-13,080	-13,033	-12,937	-12,825	-0,183	-0,121	-0,114	-0,085	-0,055	-0,033	-0,012	0,004	0,027	0,045	0,085	0,134	0,174	0,198	0,160	0,000	0,000
1,000	-16,803	-16,814	-16,726	-16,537	-16,392	-16,288	-16,234	-16,185	-16,135	-16,103	-16,054	-16,003	-15,950	-15,850	-15,734	0,052	0,184	0,240	0,330	0,338	0,307	0,285	0,261	0,235	0,227	0,227	0,231	0,235	0,239	0,177	0,000	0,000
2,000	-10,378	-10,352	-10,321	-10,170	-10,056	-9,975	-9,935	-9,890	-9,838	-9,800	-9,738	-9,661	-9,561	-9,399	-9,226	0,091	0,141	0,189	0,269	0,268	0,252	0,253	0,251	0,257	0,266	0,300	0,334	0,359	0,366	0,275	0,000	0,000
3,000	-20,645	-20,621	-20,535	-20,196	-19,986	-19,854	-19,785	-19,720	-19,667	-19,653	-19,620	-19,581	-19,520	-19,410	-19,279	0,162	0,304	0,380	0,500	0,473	0,385	0,344	0,297	0,257	0,221	0,216	0,231	0,250	0,257	0,195	0,000	0,000
4,000	-10,959	-11,035	-10,971	-10,956	-10,920	-10,917	-10,923	-10,912	-10,908	-10,894	-10,845	-10,769	-10,621	-10,386	-10,087	-0,189	0,005	-0,011	0,040	0,047	0,069	0,087	0,107	0,141	0,211	0,287	0,382	0,479	0,540	0,442	0,000	0,000
5,000	-12,351	-12,289	-12,432	-12,456	-12,437	-12,431	-12,411	-12,402	-12,386	-12,371	-12,316	-12,231	-12,086	-11,817	-11,478	0,059	-0,126	-0,094	0,011	0,037	0,052	0,084	0,126	0,174	0,231	0,295	0,425	0,532	0,600	0,490	0,000	0,000
6,000	-8,623	-8,601	-8,505	-8,363	-8,261	-8,206	-8,177	-8,145	-8,109	-8,087	-8,027	-7,965	-7,866	-7,706	-7,511	-0,001	0,152	0,176	0,238	0,232	0,204	0,208	0,201	0,209	0,226	0,262	0,309	0,351	0,370	0,293	0,000	0,000
7,000	-7,125	-7,076	-7,071	-6,987	-6,931	-6,896	-6,873	-6,871	-6,845	-6,836	-6,821	-6,800	-6,770	-6,721	-6,658	0,022	0,043	0,086	0,126	0,113	0,098	0,094	0,089	0,084	0,085	0,090	0,105	0,114	0,122	0,087	0,000	0,000
8,000	-20,389	-20,596	-20,667	-20,819	-20,832	-20,895	-20,932	-20,968	-21,001	-21,058	-21,072	-21,082	-21,094	-21,041	-20,982	-0,447	-0,360	-0,316	-0,224	-0,189	-0,187	-0,168	-0,164	-0,138	-0,109	-0,064	-0,020	0,022	0,072	0,069	0,000	0,000
9,000	-10,228	-10,223	-10,167	-9,959	-9,810	-9,687	-9,621	-9,572	-9,510	-9,468	-9,409	-9,344	-9,262	-9,133	-8,977	-0,063	0,081	0,188	0,343	0,354	0,335	0,318	0,290	0,282	0,269	0,286	0,297	0,314	0,314	0,236	0,000	0,000
10,000	-10,759	-10,810	-10,699	-10,561	-10,472	-10,444	-10,421	-10,402	-10,380	-10,378	-10,362	-10,323	-10,271	-10,190	-10,098	-0,402	-0,012	0,059	0,165	0,137	0,121	0,108	0,109	0,108	0,112	0,133	0,149	0,173	0,181	0,145	0,000	0,000
11,000	-7,136	-6,692	-6,516	-6,224	-6,105	-6,019	-5,977	-5,939	-5,909	-5,880	-5,846	-5,812	-5,774	-5,714	-5,650	1,488	1,009	0,812	0,556	0,434	0,343	0,292	0,250	0,215	0,191	0,177	0,165	0,163	0,152	0,113	0,000	0,000
12,000	-5,329	-4,977	-4,745	-4,606	-4,532	-4,497	-4,484	-4,460	-4,445	-4,435	-4,409	-4,386	-4,336	-4,261	-4,159	2,900	1,677	1,186	0,598	0,424	0,312	0,251	0,207	0,175	0,164	0,162	0,168	0,186	0,194	0,154	0,000	0,000
13,000	-3,425	-3,144	-3,044	-2,954	-2,908	-2,889	-2,875	-2,863	-2,842	-2,835	-2,809	-2,766	-2,704	-2,585	-2,447	1,767	0,996	0,693	0,360	0,261	0,200	0,174	0,154	0,151	0,159	0,181	0,198	0,247	0,259	0,211	0,000	0,000
14,000	-11,836	-11,592	-11,640	-11,555	-11,537	-11,516	-11,504	-11,502	-11,491	-11,488	-11,467	-11,436	-11,361	-11,219	-11,046	0,211	0,081	0,106	0,095	0,088	0,071	0,075	0,081	0,092	0,111	0,144	0,210	0,271	0,305	0,254	0,000	0,000
15,000	-8,975	-9,092	-8,999	-9,012	-8,971	-8,964	-8,955	-8,946	-8,925	-8,923	-8,899	-8,875	-8,823	-8,752	-8,666	-0,196	-0,009	-0,019	0,033	0,043	0,050	0,059	0,070	0,075	0,090	0,110	0,130	0,153	0,162	0,133	0,000	0,000
	run	13	2022:11:08    11:20:32,696
0,000	-13,412	-13,501	-13,511	-13,593	-13,616	-13,633	-13,640	-13,643	-13,645	-13,650	-13,636	-13,602	-13,548	-13,450	-13,329	-0,168	-0,139	-0,122	-0,090	-0,070	-0,041	-0,018	-0,004	0,023	0,047	0,092	0,139	0,184	0,214	0,166	0,000	0,000
1,000	-17,498	-17,455	-17,359	-17,144	-16,980	-16,863	-16,806	-16,755	-16,699	-16,674	-16,616	-16,569	-16,507	-16,406	-16,293	0,114	0,223	0,271	0,372	0,370	0,329	0,307	0,272	0,258	0,233	0,239	0,238	0,245	0,245	0,189	0,000	0,000
2,000	-10,643	-10,619	-10,557	-10,406	-10,295	-10,220	-10,172	-10,131	-10,084	-10,046	-9,973	-9,896	-9,790	-9,624	-9,435	0,104	0,163	0,203	0,276	0,273	0,257	0,258	0,253	0,260	0,272	0,305	0,347	0,370	0,378	0,284	0,000	0,000
3,000	-20,724	-20,711	-20,612	-20,266	-20,038	-19,894	-19,829	-19,769	-19,723	-19,704	-19,662	-19,629	-19,564	-19,449	-19,321	0,140	0,328	0,412	0,515	0,491	0,403	0,350	0,304	0,270	0,225	0,222	0,229	0,251	0,262	0,196	0,000	0,000
4,000	-10,915	-10,996	-10,918	-10,909	-10,883	-10,874	-10,876	-10,867	-10,864	-10,847	-10,790	-10,731	-10,573	-10,333	-10,018	-0,210	0,014	-0,011	0,047	0,056	0,073	0,096	0,109	0,147	0,217	0,301	0,396	0,490	0,550	0,455	0,000	0,000
5,000	-12,071	-11,983	-12,131	-12,147	-12,154	-12,122	-12,107	-12,111	-12,079	-12,078	-12,025	-11,931	-11,780	-11,524	-11,189	0,093	-0,120	-0,078	0,006	0,037	0,052	0,094	0,120	0,176	0,222	0,319	0,416	0,524	0,594	0,475	0,000	0,000
6,000	-8,530	-8,508	-8,415	-8,279	-8,183	-8,127	-8,093	-8,072	-8,030	-8,009	-7,955	-7,886	-7,799	-7,648	-7,461	-0,006	0,141	0,170	0,234	0,223	0,199	0,205	0,194	0,202	0,218	0,255	0,292	0,338	0,353	0,281	0,000	0,000
7,000	-6,956	-6,933	-6,930	-6,869	-6,820	-6,788	-6,773	-6,765	-6,743	-6,740	-6,722	-6,698	-6,677	-6,629	-6,579	-0,008	0,004	0,059	0,100	0,095	0,080	0,080	0,074	0,078	0,073	0,082	0,097	0,099	0,104	0,079	0,000	0,000
8,000	-20,047	-20,253	-20,307	-20,424	-20,429	-20,484	-20,525	-20,556	-20,590	-20,640	-20,659	-20,673	-20,680	-20,629	-20,577	-0,436	-0,309	-0,264	-0,197	-0,158	-0,178	-0,164	-0,143	-0,122	-0,102	-0,064	-0,016	0,019	0,069	0,063	0,000	0,000
9,000	-9,856	-9,860	-9,814	-9,650	-9,517	-9,397	-9,335	-9,279	-9,220	-9,184	-9,117	-9,062	-8,983	-8,860	-8,721	-0,101	0,049	0,140	0,298	0,329	0,305	0,297	0,274	0,266	0,255	0,269	0,278	0,296	0,292	0,219	0,000	0,000
10,000	-10,298	-10,395	-10,297	-10,216	-10,140	-10,113	-10,091	-10,081	-10,056	-10,052	-10,032	-10,008	-9,957	-9,878	-9,786	-0,430	-0,068	-0,013	0,103	0,105	0,098	0,094	0,094	0,093	0,103	0,118	0,140	0,164	0,172	0,139	0,000	0,000
11,000	-6,884	-6,474	-6,328	-6,069	-5,957	-5,871	-5,828	-5,795	-5,763	-5,735	-5,706	-5,675	-5,636	-5,586	-5,518	1,393	0,924	0,740	0,507	0,408	0,318	0,276	0,234	0,206	0,181	0,166	0,156	0,152	0,145	0,106	0,000	0,000
12,000	-5,195	-4,859	-4,643	-4,504	-4,435	-4,403	-4,388	-4,366	-4,355	-4,345	-4,320	-4,293	-4,241	-4,170	-4,073	2,878	1,649	1,167	0,589	0,415	0,307	0,249	0,203	0,172	0,159	0,156	0,163	0,182	0,191	0,145	0,000	0,000
13,000	-3,411	-3,084	-3,016	-2,915	-2,879	-2,858	-2,844	-2,829	-2,810	-2,802	-2,776	-2,741	-2,672	-2,559	-2,421	1,785	0,991	0,687	0,354	0,260	0,193	0,173	0,154	0,147	0,158	0,178	0,201	0,240	0,258	0,208	0,000	0,000
14,000	-11,964	-11,774	-11,760	-11,703	-11,683	-11,661	-11,649	-11,636	-11,632	-11,629	-11,602	-11,572	-11,493	-11,358	-11,169	0,167	0,106	0,108	0,088	0,083	0,073	0,076	0,076	0,097	0,110	0,164	0,221	0,281	0,314	0,260	0,000	0,000
15,000	-9,157	-9,291	-9,205	-9,211	-9,169	-9,164	-9,158	-9,144	-9,125	-9,121	-9,093	-9,067	-9,021	-8,944	-8,854	-0,194	-0,010	-0,016	0,039	0,046	0,054	0,058	0,075	0,078	0,091	0,110	0,135	0,162	0,174	0,134	0,000	0,000
	run	14	2022:11:08    11:20:32,740
0,000	-13,596	-13,691	-13,696	-13,786	-13,811	-13,831	-13,835	-13,837	-13,836	-13,846	-13,840	-13,802	-13,745	-13,644	-13,516	-0,194	-0,140	-0,128	-0,097	-0,075	-0,044	-0,020	-0,001	0,022	0,050	0,092	0,145	0,187	0,213	0,177	0,000	0,000
1,000	-17,647	-17,614	-17,498	-17,283	-17,115	-16,999	-16,944	-16,891	-16,839	-16,809	-16,755	-16,709	-16,650	-16,541	-16,425	0,129	0,252	0,303	0,377	0,374	0,329	0,307	0,273	0,255	0,231	0,231	0,238	0,245	0,247	0,187	0,000	0,000
2,000	-10,643	-10,619	-10,557	-10,406	-10,295	-10,220	-10,172	-10,131	-10,084	-10,046	-9,973	-9,896	-9,790	-9,624	-9,435	0,104	0,163	0,203	0,276	0,273	0,257	0,258	0,253	0,260	0,272	0,305	0,347	0,370	0,378	0,284	0,000	0,000
3,000	-20,724	-20,711	-20,612	-20,266	-20,038	-19,894	-19,829	-19,769	-19,723	-19,704	-19,662	-19,629	-19,564	-19,449	-19,321	0,140	0,328	0,412	0,515	0,491	0,403	0,350	0,304	0,270	0,225	0,222	0,229	0,251	0,262	0,196	0,000	0,000
4,000	-10,915	-10,996	-10,918	-10,909	-10,883	-10,874	-10,876	-10,867	-10,864	-10,847	-10,790	-10,731	-10,573	-10,333	-10,018	-0,210	0,014	-0,011	0,047	0,056	0,073	0,096	0,109	0,147	0,217	0,301	0,396	0,490	0,550	0,455	0,000	0,000
5,000	-12,071	-11,983	-12,131	-12,147	-12,154	-12,122	-12,107	-12,111	-12,079	-12,078	-12,025	-11,931	-11,780	-11,524	-11,189	0,093	-0,120	-0,078	0,006	0,037	0,052	0,094	0,120	0,176	0,222	0,319	0,416	0,524	0,594	0,475	0,000	0,000
6,000	-8,530	-8,508	-8,415	-8,279	-8,183	-8,127	-8,093	-8,072	-8,030	-8,009	-7,955	-7,886	-7,799	-7,648	-7,461	-0,006	0,141	0,170	0,234	0,223	0,199	0,205	0,194	0,202	0,218	0,255	0,292	0,338	0,353	0,281	0,000	0,000
7,000	-6,956	-6,933	-6,930	-6,869	-6,820	-6,788	-6,773	-6,765	-6,743	-6,740	-6,722	-6,698	-6,677	-6,629	-6,579	-0,008	0,004	0,059	0,100	0,095	0,080	0,080	0,074	0,078	0,073	0,082	0,097	0,099	0,104	0,079	0,000	0,000
8,000	-19,548	-19,733	-19,788	-19,889	-19,899	-19,947	-19,977	-20,018	-20,041	-20,097	-20,116	-20,133	-20,130	-20,095	-20,033	-0,424	-0,307	-0,260	-0,172	-0,156	-0,169	-0,153	-0,151	-0,121	-0,105	-0,063	-0,012	0,020	0,060	0,059	0,000	0,000
9,000	-9,516	-9,515	-9,500	-9,359	-9,239	-9,130	-9,064	-9,017	-8,961	-8,915	-8,869	-8,810	-8,729	-8,617	-8,481	-0,101	0,019	0,109	0,258	0,302	0,285	0,280	0,258	0,249	0,243	0,246	0,266	0,279	0,282	0,207	0,000	0,000
10,000	-9,898	-9,993	-9,900	-9,855	-9,787	-9,767	-9,753	-9,743	-9,722	-9,721	-9,707	-9,682	-9,629	-9,562	-9,471	-0,427	-0,090	-0,044	0,066	0,076	0,077	0,076	0,071	0,078	0,091	0,111	0,125	0,157	0,161	0,130	0,000	0,000
11,000	-6,740	-6,344	-6,204	-5,960	-5,858	-5,782	-5,735	-5,709	-5,677	-5,647	-5,615	-5,585	-5,549	-5,498	-5,434	1,352	0,889	0,705	0,482	0,390	0,305	0,264	0,223	0,197	0,175	0,161	0,153	0,145	0,137	0,102	0,000	0,000
12,000	-5,143	-4,819	-4,593	-4,460	-4,397	-4,368	-4,350	-4,328	-4,320	-4,303	-4,282	-4,254	-4,209	-4,133	-4,035	2,832	1,626	1,153	0,579	0,410	0,301	0,246	0,200	0,169	0,153	0,150	0,163	0,180	0,189	0,148	0,000	0,000
13,000	-3,371	-3,106	-3,004	-2,916	-2,878	-2,861	-2,843	-2,836	-2,812	-2,802	-2,776	-2,741	-2,673	-2,564	-2,425	1,753	0,985	0,684	0,358	0,252	0,192	0,171	0,158	0,142	0,156	0,175	0,201	0,239	0,255	0,205	0,000	0,000
14,000	-12,189	-11,923	-11,975	-11,882	-11,880	-11,846	-11,821	-11,809	-11,816	-11,797	-11,796	-11,756	-11,669	-11,527	-11,333	0,232	0,086	0,129	0,106	0,087	0,085	0,081	0,083	0,096	0,135	0,165	0,227	0,292	0,329	0,269	0,000	0,000
15,000	-9,321	-9,431	-9,373	-9,355	-9,316	-9,316	-9,306	-9,287	-9,269	-9,258	-9,235	-9,201	-9,152	-9,076	-8,983	-0,183	-0,001	-0,008	0,046	0,047	0,064	0,067	0,087	0,084	0,097	0,122	0,140	0,164	0,174	0,143	0,000	0,000
	run	15	2022:11:08    11:20:32,841
0,000	-13,309	-13,401	-13,414	-13,498	-13,521	-13,539	-13,543	-13,542	-13,552	-13,557	-13,542	-13,509	-13,452	-13,354	-13,239	-0,166	-0,130	-0,124	-0,082	-0,067	-0,038	-0,020	-0,004	0,021	0,052	0,089	0,137	0,181	0,206	0,167	0,000	0,000
1,000	-17,224	-17,200	-17,116	-16,921	-16,754	-16,650	-16,595	-16,537	-16,484	-16,457	-16,405	-16,358	-16,302	-16,198	-16,084	0,092	0,226	0,268	0,356	0,362	0,316	0,291	0,267	0,248	0,242	0,236	0,236	0,241	0,242	0,186	0,000	0,000
2,000	-10,477	-10,454	-10,410	-10,265	-10,156	-10,076	-10,020	-9,995	-9,935	-9,897	-9,829	-9,755	-9,642	-9,477	-9,298	0,085	0,149	0,194	0,271	0,277	0,252	0,260	0,250	0,260	0,270	0,305	0,341	0,372	0,379	0,283	0,000	0,000
3,000	-20,747	-20,706	-20,616	-20,282	-20,065	-19,927	-19,860	-19,792	-19,742	-19,735	-19,687	-19,651	-19,596	-19,483	-19,344	0,157	0,319	0,394	0,510	0,486	0,394	0,349	0,302	0,266	0,225	0,220	0,239	0,250	0,263	0,200	0,000	0,000
4,000	-11,046	-11,143	-11,056	-11,048	-11,015	-11,010	-11,015	-11,007	-11,001	-10,974	-10,942	-10,855	-10,707	-10,464	-10,148	-0,225	0,001	-0,008	0,035	0,050	0,064	0,092	0,111	0,147	0,212	0,302	0,398	0,501	0,558	0,454	0,000	0,000
5,000	-12,314	-12,228	-12,383	-12,393	-12,380	-12,362	-12,349	-12,356	-12,314	-12,314	-12,251	-12,166	-12,024	-11,752	-11,413	0,075	-0,117	-0,085	0,002	0,045	0,056	0,090	0,126	0,175	0,226	0,336	0,423	0,530	0,592	0,482	0,000	0,000
6,000	-8,493	-8,476	-8,376	-8,237	-8,139	-8,086	-8,052	-8,024	-7,988	-7,957	-7,905	-7,836	-7,755	-7,600	-7,421	-0,000	0,134	0,193	0,234	0,224	0,204	0,203	0,191	0,198	0,221	0,256	0,296	0,331	0,351	0,281	0,000	0,000
7,000	-6,883	-6,821	-6,850	-6,784	-6,740	-6,707	-6,689	-6,682	-6,659	-6,659	-6,635	-6,618	-6,592	-6,545	-6,495	-0,004	-0,004	0,042	0,093	0,097	0,080	0,083	0,073	0,074	0,073	0,086	0,088	0,100	0,108	0,083	0,000	0,000
8,000	-19,453	-19,638	-19,686	-19,767	-19,777	-19,825	-19,856	-19,894	-19,921	-19,970	-19,984	-20,003	-20,005	-19,965	-19,908	-0,389	-0,288	-0,239	-0,165	-0,142	-0,158	-0,145	-0,137	-0,121	-0,095	-0,058	-0,015	0,018	0,056	0,061	0,000	0,000
9,000	-9,384	-9,403	-9,364	-9,249	-9,125	-9,019	-8,957	-8,906	-8,856	-8,811	-8,749	-8,699	-8,623	-8,507	-8,380	-0,111	0,008	0,098	0,258	0,287	0,280	0,277	0,257	0,251	0,252	0,256	0,263	0,278	0,278	0,207	0,000	0,000
10,000	-9,863	-9,973	-9,879	-9,823	-9,765	-9,744	-9,727	-9,717	-9,693	-9,694	-9,678	-9,653	-9,602	-9,530	-9,440	-0,442	-0,091	-0,041	0,071	0,078	0,081	0,075	0,076	0,083	0,089	0,108	0,125	0,152	0,166	0,131	0,000	0,000
11,000	-6,644	-6,241	-6,106	-5,871	-5,764	-5,689	-5,645	-5,617	-5,585	-5,556	-5,528	-5,491	-5,456	-5,400	-5,338	1,335	0,873	0,700	0,478	0,383	0,304	0,264	0,222	0,199	0,174	0,162	0,153	0,149	0,141	0,102	0,000	0,000
12,000	-5,149	-4,825	-4,602	-4,475	-4,401	-4,373	-4,355	-4,336	-4,325	-4,313	-4,291	-4,261	-4,211	-4,139	-4,041	2,863	1,642	1,161	0,583	0,410	0,300	0,245	0,210	0,176	0,156	0,158	0,167	0,186	0,187	0,153	0,000	0,000
13,000	-3,452	-3,123	-3,045	-2,957	-2,912	-2,894	-2,877	-2,870	-2,846	-2,837	-2,806	-2,763	-2,696	-2,589	-2,446	1,813	1,012	0,704	0,366	0,256	0,197	0,178	0,160	0,156	0,164	0,184	0,204	0,243	0,261	0,211	0,000	0,000
14,000	-12,302	-12,097	-12,091	-12,008	-11,997	-11,978	-11,952	-11,953	-11,952	-11,930	-11,914	-11,884	-11,798	-11,662	-11,465	0,197	0,105	0,110	0,108	0,096	0,083	0,086	0,084	0,099	0,125	0,175	0,227	0,291	0,324	0,270	0,000	0,000
15,000	-9,315	-9,415	-9,356	-9,358	-9,315	-9,316	-9,305	-9,291	-9,272	-9,262	-9,242	-9,206	-9,156	-9,082	-8,988	-0,182	-0,003	-0,010	0,045	0,049	0,055	0,060	0,077	0,085	0,095	0,121	0,141	0,163	0,175	0,141	0,000	0,000
	run	16	2022:11:08    11:20:32,900
0,000	-13,309	-13,401	-13,414	-13,498	-13,521	-13,539	-13,543	-13,542	-13,552	-13,557	-13,542	-13,509	-13,452	-13,354	-13,239	-0,166	-0,130	-0,124	-0,082	-0,067	-0,038	-0,020	-0,004	0,021	0,052	0,089	0,137	0,181	0,206	0,167	0,000	0,000
1,000	-17,224	-17,200	-17,116	-16,921	-16,754	-16,650	-16,595	-16,537	-16,484	-16,457	-16,405	-16,358	-16,302	-16,198	-16,084	0,092	0,226	0,268	0,356	0,362	0,316	0,291	0,267	0,248	0,242	0,236	0,236	0,241	0,242	0,186	0,000	0,000
2,000	-10,477	-10,454	-10,410	-10,265	-10,156	-10,076	-10,020	-9,995	-9,935	-9,897	-9,829	-9,755	-9,642	-9,477	-9,298	0,085	0,149	0,194	0,271	0,277	0,252	0,260	0,250	0,260	0,270	0,305	0,341	0,372	0,379	0,283	0,000	0,000
3,000	-20,747	-20,706	-20,616	-20,282	-20,065	-19,927	-19,860	-19,792	-19,742	-19,735	-19,687	-19,651	-19,596	-19,483	-19,344	0,157	0,319	0,394	0,510	0,486	0,394	0,349	0,302	0,266	0,225	0,220	0,239	0,250	0,263	0,200	0,000	0,000
4,000	-11,046	-11,143	-11,056	-11,048	-11,015	-11,010	-11,015	-11,007	-11,001	-10,974	-10,942	-10,855	-10,707	-10,464	-10,148	-0,225	0,001	-0,008	0,035	0,050	0,064	0,092	0,111	0,147	0,212	0,302	0,398	0,501	0,558	0,454	0,000	0,000
5,000	-12,314	-12,228	-12,383	-12,393	-12,380	-12,362	-12,349	-12,356	-12,314	-12,314	-12,251	-12,166	-12,024	-11,752	-11,413	0,075	-0,117	-0,085	0,002	0,045	0,056	0,090	0,126	0,175	0,226	0,336	0,423	0,530	0,592	0,482	0,000	0,000
6,000	-8,516	-8,499	-8,413	-8,275	-8,169	-8,114	-8,082	-8,046	-8,010	-7,991	-7,940	-7,864	-7,784	-7,632	-7,447	0,003	0,140	0,182	0,235	0,229	0,200	0,202	0,193	0,202	0,221	0,260	0,304	0,331	0,353	0,277	0,000	0,000
7,000	-6,877	-6,847	-6,855	-6,792	-6,749	-6,715	-6,702	-6,697	-6,674	-6,671	-6,655	-6,626	-6,605	-6,554	-6,498	0,000	-0,004	0,054	0,097	0,094	0,079	0,079	0,084	0,070	0,071	0,085	0,093	0,102	0,107	0,085	0,000	0,000
8,000	-19,577	-19,748	-19,811	-19,920	-19,929	-19,979	-20,024	-20,054	-20,077	-20,132	-20,146	-20,168	-20,168	-20,122	-20,069	-0,416	-0,307	-0,255	-0,180	-0,152	-0,170	-0,161	-0,141	-0,122	-0,106	-0,062	-0,015	0,017	0,063	0,062	0,000	0,000
9,000	-9,706	-9,712	-9,670	-9,525	-9,392	-9,279	-9,211	-9,168	-9,102	-9,054	-9,007	-8,948	-8,869	-8,752	-8,612	-0,087	0,034	0,126	0,288	0,309	0,299	0,290	0,275	0,259	0,240	0,265	0,272	0,281	0,287	0,215	0,000	0,000
10,000	-10,195	-10,290	-10,185	-10,108	-10,030	-10,003	-9,984	-9,965	-9,944	-9,944	-9,921	-9,897	-9,846	-9,768	-9,681	-0,427	-0,076	-0,015	0,104	0,105	0,101	0,091	0,091	0,094	0,096	0,118	0,139	0,162	0,174	0,134	0,000	0,000
11,000	-6,836	-6,415	-6,267	-6,002	-5,885	-5,804	-5,758	-5,723	-5,693	-5,666	-5,631	-5,602	-5,561	-5,505	-5,444	1,395	0,928	0,746	0,512	0,415	0,321	0,281	0,235	0,202	0,185	0,167	0,160	0,158	0,148	0,107	0,000	0,000
12,000	-5,279	-4,946	-4,711	-4,574	-4,501	-4,468	-4,452	-4,432	-4,417	-4,405	-4,376	-4,356	-4,306	-4,228	-4,131	2,890	1,664	1,182	0,592	0,421	0,313	0,253	0,209	0,177	0,162	0,155	0,174	0,186	0,190	0,149	0,000	0,000
13,000	-3,529	-3,188	-3,102	-2,998	-2,963	-2,940	-2,924	-2,908	-2,891	-2,873	-2,834	-2,796	-2,729	-2,623	-2,477	1,808	1,007	0,719	0,368	0,270	0,206	0,186	0,166	0,164	0,173	0,186	0,216	0,252	0,269	0,211	0,000	0,000
14,000	-12,255	-12,059	-12,079	-11,982	-11,965	-11,936	-11,930	-11,925	-11,916	-11,908	-11,902	-11,859	-11,777	-11,649	-11,455	0,184	0,097	0,120	0,105	0,091	0,076	0,075	0,073	0,089	0,115	0,158	0,222	0,285	0,320	0,263	0,000	0,000
15,000	-8,986	-9,092	-9,016	-9,030	-8,991	-8,986	-8,978	-8,969	-8,948	-8,945	-8,922	-8,891	-8,845	-8,775	-8,690	-0,187	-0,009	-0,019	0,037	0,040	0,052	0,055	0,068	0,072	0,092	0,106	0,129	0,150	0,161	0,131	0,000	0,000
	run	17	2022:11:08    11:20:32,992
0,000	-12,732	-12,817	-12,805	-12,889	-12,901	-12,914	-12,923	-12,927	-12,925	-12,930	-12,918	-12,886	-12,839	-12,741	-12,633	-0,165	-0,118	-0,111	-0,073	-0,056	-0,034	-0,007	0,002	0,025	0,049	0,089	0,132	0,174	0,199	0,155	0,000	0,000
1,000	-16,672	-16,663	-16,575	-16,409	-16,257	-16,161	-16,102	-16,048	-16,008	-15,968	-15,922	-15,876	-15,819	-15,722	-15,620	0,051	0,178	0,232	0,323	0,331	0,300	0,276	0,250	0,240	0,216	0,227	0,224	0,229	0,230	0,170	0,000	0,000
2,000	-10,358	-10,353	-10,303	-10,156	-10,044	-9,971	-9,923	-9,886	-9,831	-9,800	-9,731	-9,657	-9,552	-9,402	-9,219	0,098	0,140	0,195	0,271	0,270	0,245	0,256	0,249	0,256	0,266	0,294	0,325	0,362	0,362	0,273	0,000	0,000
3,000	-20,589	-20,546	-20,469	-20,148	-19,935	-19,803	-19,733	-19,673	-19,622	-19,612	-19,573	-19,530	-19,486	-19,378	-19,249	0,144	0,288	0,381	0,488	0,467	0,381	0,334	0,291	0,254	0,220	0,213	0,229	0,235	0,252	0,188	0,000	0,000
4,000	-11,071	-11,162	-11,063	-11,062	-11,034	-11,025	-11,026	-11,017	-11,020	-10,992	-10,948	-10,877	-10,723	-10,491	-10,173	-0,226	-0,007	-0,008	0,045	0,045	0,069	0,090	0,105	0,141	0,214	0,298	0,392	0,495	0,547	0,451	0,000	0,000
5,000	-12,339	-12,265	-12,404	-12,425	-12,417	-12,397	-12,380	-12,387	-12,350	-12,339	-12,302	-12,197	-12,058	-11,787	-11,446	0,061	-0,109	-0,088	0,016	0,043	0,051	0,098	0,126	0,176	0,224	0,316	0,426	0,532	0,594	0,480	0,000	0,000
6,000	-8,599	-8,584	-8,478	-8,343	-8,242	-8,193	-8,163	-8,131	-8,095	-8,081	-8,018	-7,952	-7,856	-7,699	-7,506	-0,010	0,144	0,185	0,233	0,224	0,201	0,204	0,200	0,208	0,223	0,260	0,299	0,339	0,363	0,285	0,000	0,000
7,000	-7,025	-6,991	-6,979	-6,909	-6,859	-6,822	-6,803	-6,798	-6,774	-6,766	-6,754	-6,736	-6,703	-6,656	-6,597	-0,003	0,027	0,067	0,117	0,104	0,088	0,092	0,083	0,081	0,081	0,090	0,095	0,104	0,111	0,081	0,000	0,000
8,000	-20,045	-20,230	-20,287	-20,418	-20,428	-20,486	-20,521	-20,557	-20,585	-20,644	-20,657	-20,676	-20,681	-20,631	-20,570	-0,435	-0,337	-0,280	-0,198	-0,171	-0,179	-0,164	-0,154	-0,128	-0,110	-0,066	-0,014	0,019	0,066	0,064	0,000	0,000
9,000	-9,924	-9,923	-9,873	-9,711	-9,577	-9,456	-9,392	-9,342	-9,282	-9,238	-9,177	-9,117	-9,041	-8,910	-8,762	-0,102	0,040	0,149	0,301	0,328	0,311	0,297	0,283	0,269	0,259	0,279	0,288	0,297	0,305	0,224	0,000	0,000
10,000	-10,521	-10,591	-10,471	-10,351	-10,266	-10,238	-10,211	-10,194	-10,173	-10,167	-10,149	-10,115	-10,064	-9,980	-9,886	-0,426	-0,024	0,037	0,150	0,139	0,118	0,113	0,108	0,103	0,112	0,130	0,150	0,177	0,182	0,144	0,000	0,000
11,000	-7,072	-6,642	-6,475	-6,205	-6,084	-5,999	-5,959	-5,926	-5,889	-5,863	-5,831	-5,802	-5,764	-5,707	-5,636	1,449	0,972	0,775	0,535	0,425	0,329	0,283	0,241	0,207	0,183	0,173	0,162	0,158	0,152	0,108	0,000	0,000
12,000	-5,520	-5,159	-4,907	-4,764	-4,684	-4,651	-4,636	-4,606	-4,597	-4,585	-4,558	-4,528	-4,480	-4,400	-4,300	2,961	1,717	1,219	0,613	0,435	0,326	0,259	0,213	0,185	0,166	0,167	0,176	0,195	0,201	0,156	0,000	0,000
13,000	-3,466	-3,198	-3,073	-2,990	-2,942	-2,925	-2,915	-2,897	-2,881	-2,870	-2,838	-2,802	-2,738	-2,622	-2,481	1,741	0,997	0,693	0,360	0,263	0,200	0,172	0,159	0,150	0,163	0,181	0,206	0,248	0,262	0,215	0,000	0,000
14,000	-11,839	-11,557	-11,626	-11,519	-11,512	-11,491	-11,471	-11,470	-11,462	-11,457	-11,444	-11,413	-11,328	-11,203	-11,026	0,264	0,082	0,112	0,098	0,091	0,067	0,072	0,076	0,087	0,108	0,164	0,211	0,265	0,308	0,256	0,000	0,000
15,000	-8,781	-8,917	-8,836	-8,849	-8,811	-8,805	-8,801	-8,785	-8,769	-8,762	-8,742	-8,713	-8,665	-8,594	-8,510	-0,198	-0,017	-0,020	0,037	0,042	0,051	0,056	0,069	0,077	0,085	0,108	0,131	0,149	0,162	0,130	0,000	0,000
	run	18	2022:11:08    11:20:33,093
0,000	-12,531	-12,615	-12,626	-12,702	-12,714	-12,730	-12,732	-12,737	-12,732	-12,734	-12,725	-12,700	-12,650	-12,560	-12,457	-0,153	-0,124	-0,113	-0,074	-0,053	-0,033	-0,007	0,005	0,020	0,047	0,073	0,126	0,162	0,185	0,151	0,000	0,000
1,000	-16,352	-16,356	-16,280	-16,120	-15,978	-15,887	-15,833	-15,782	-15,731	-15,699	-15,658	-15,618	-15,558	-15,468	-15,365	0,036	0,165	0,206	0,302	0,313	0,276	0,265	0,231	0,224	0,207	0,208	0,216	0,213	0,224	0,165	0,000	0,000
2,000	-10,006	-9,988	-9,962	-9,826	-9,724	-9,651	-9,609	-9,572	-9,518	-9,484	-9,422	-9,352	-9,260	-9,107	-8,945	0,076	0,122	0,166	0,248	0,254	0,230	0,244	0,232	0,249	0,249	0,278	0,314	0,332	0,343	0,258	0,000	0,000
3,000	-19,791	-19,792	-19,755	-19,475	-19,276	-19,157	-19,084	-19,029	-18,981	-18,968	-18,928	-18,892	-18,835	-18,734	-18,606	0,082	0,232	0,289	0,431	0,424	0,355	0,317	0,272	0,241	0,205	0,207	0,215	0,235	0,243	0,188	0,000	0,000
4,000	-10,615	-10,697	-10,609	-10,582	-10,547	-10,544	-10,547	-10,539	-10,536	-10,514	-10,479	-10,404	-10,267	-10,041	-9,757	-0,207	0,021	0,006	0,052	0,057	0,070	0,088	0,108	0,137	0,202	0,275	0,363	0,454	0,513	0,418	0,000	0,000
5,000	-12,059	-11,996	-12,149	-12,169	-12,161	-12,132	-12,122	-12,116	-12,083	-12,082	-12,022	-11,941	-11,793	-11,532	-11,188	0,078	-0,126	-0,085	-0,002	0,033	0,049	0,095	0,125	0,164	0,224	0,325	0,415	0,526	0,588	0,478	0,000	0,000
6,000	-8,682	-8,677	-8,577	-8,442	-8,349	-8,296	-8,262	-8,231	-8,201	-8,174	-8,126	-8,046	-7,950	-7,788	-7,593	-0,002	0,131	0,171	0,228	0,225	0,205	0,208	0,201	0,207	0,227	0,267	0,316	0,352	0,374	0,294	0,000	0,000
7,000	-7,378	-7,296	-7,269	-7,163	-7,103	-7,065	-7,051	-7,042	-7,020	-7,014	-6,989	-6,964	-6,937	-6,874	-6,805	0,036	0,078	0,111	0,149	0,133	0,109	0,111	0,097	0,090	0,089	0,106	0,119	0,123	0,132	0,105	0,000	0,000
8,000	-20,618	-20,803	-20,871	-21,026	-21,039	-21,100	-21,138	-21,177	-21,204	-21,256	-21,275	-21,290	-21,280	-21,235	-21,180	-0,467	-0,357	-0,308	-0,224	-0,184	-0,189	-0,166	-0,158	-0,131	-0,110	-0,061	-0,010	0,024	0,072	0,069	0,000	0,000
9,000	-10,191	-10,170	-10,109	-9,919	-9,764	-9,645	-9,579	-9,520	-9,460	-9,417	-9,352	-9,298	-9,213	-9,077	-8,923	-0,057	0,087	0,203	0,343	0,355	0,331	0,317	0,298	0,280	0,274	0,286	0,304	0,314	0,319	0,235	0,000	0,000
10,000	-10,865	-10,921	-10,782	-10,636	-10,545	-10,509	-10,487	-10,470	-10,448	-10,440	-10,413	-10,382	-10,328	-10,244	-10,138	-0,373	0,012	0,083	0,177	0,161	0,134	0,123	0,119	0,117	0,127	0,143	0,162	0,190	0,199	0,156	0,000	0,000
11,000	-7,154	-6,715	-6,552	-6,266	-6,152	-6,070	-6,024	-5,993	-5,966	-5,937	-5,907	-5,875	-5,836	-5,784	-5,714	1,461	0,991	0,786	0,534	0,426	0,327	0,283	0,238	0,205	0,180	0,170	0,160	0,153	0,145	0,110	0,000	0,000
12,000	-5,667	-5,283	-5,032	-4,874	-4,794	-4,759	-4,739	-4,718	-4,705	-4,689	-4,661	-4,634	-4,580	-4,497	-4,397	3,028	1,760	1,251	0,635	0,449	0,333	0,272	0,222	0,191	0,174	0,173	0,186	0,203	0,209	0,161	0,000	0,000
13,000	-3,440	-3,171	-3,057	-2,974	-2,929	-2,909	-2,893	-2,880	-2,868	-2,856	-2,825	-2,790	-2,720	-2,604	-2,468	1,735	0,992	0,693	0,355	0,255	0,202	0,172	0,157	0,145	0,156	0,183	0,201	0,245	0,263	0,214	0,000	0,000
14,000	-11,663	-11,394	-11,457	-11,353	-11,353	-11,323	-11,304	-11,307	-11,292	-11,297	-11,271	-11,240	-11,171	-11,042	-10,862	0,225	0,077	0,104	0,105	0,084	0,068	0,075	0,072	0,087	0,110	0,149	0,200	0,265	0,295	0,251	0,000	0,000
15,000	-8,770	-8,899	-8,818	-8,837	-8,795	-8,793	-8,787	-8,770	-8,754	-8,747	-8,730	-8,699	-8,653	-8,581	-8,499	-0,203	-0,007	-0,020	0,034	0,042	0,050	0,054	0,064	0,076	0,088	0,109	0,127	0,154	0,160	0,127	0,000	0,000
	run	19	2022:11:08    11:20:33,140
0,000	-12,621	-12,702	-12,693	-12,764	-12,775	-12,789	-12,791	-12,798	-12,793	-12,799	-12,791	-12,759	-12,716	-12,628	-12,522	-0,161	-0,121	-0,111	-0,065	-0,047	-0,030	-0,009	0,007	0,022	0,045	0,085	0,120	0,163	0,187	0,152	0,000	0,000
1,000	-15,968	-15,987	-15,921	-15,778	-15,656	-15,561	-15,516	-15,468	-15,420	-15,394	-15,350	-15,301	-15,253	-15,166	-15,065	0,030	0,136	0,174	0,268	0,280	0,261	0,254	0,224	0,214	0,200	0,207	0,211	0,207	0,214	0,162	0,000	0,000
2,000	-10,006	-9,988	-9,962	-9,826	-9,724	-9,651	-9,609	-9,572	-9,518	-9,484	-9,422	-9,352	-9,260	-9,107	-8,945	0,076	0,122	0,166	0,248	0,254	0,230	0,244	0,232	0,249	0,249	0,278	0,314	0,332	0,343	0,258	0,000	0,000
3,000	-19,791	-19,792	-19,755	-19,475	-19,276	-19,157	-19,084	-19,029	-18,981	-18,968	-18,928	-18,892	-18,835	-18,734	-18,606	0,082	0,232	0,289	0,431	0,424	0,355	0,317	0,272	0,241	0,205	0,207	0,215	0,235	0,243	0,188	0,000	0,000
4,000	-10,615	-10,697	-10,609	-10,582	-10,547	-10,544	-10,547	-10,539	-10,536	-10,514	-10,479	-10,404	-10,267	-10,041	-9,757	-0,207	0,021	0,006	0,052	0,057	0,070	0,088	0,108	0,137	0,202	0,275	0,363	0,454	0,513	0,418	0,000	0,000
5,000	-12,059	-11,996	-12,149	-12,169	-12,161	-12,132	-12,122	-12,116	-12,083	-12,082	-12,022	-11,941	-11,793	-11,532	-11,188	0,078	-0,126	-0,085	-0,002	0,033	0,049	0,095	0,125	0,164	0,224	0,325	0,415	0,526	0,588	0,478	0,000	0,000
6,000	-8,682	-8,677	-8,577	-8,442	-8,349	-8,296	-8,262	-8,231	-8,201	-8,174	-8,126	-8,046	-7,950	-7,788	-7,593	-0,002	0,131	0,171	0,228	0,225	0,205	0,208	0,201	0,207	0,227	0,267	0,316	0,352	0,374	0,294	0,000	0,000
7,000	-7,378	-7,296	-7,269	-7,163	-7,103	-7,065	-7,051	-7,042	-7,020	-7,014	-6,989	-6,964	-6,937	-6,874	-6,805	0,036	0,078	0,111	0,149	0,133	0,109	0,111	0,097	0,090	0,089	0,106	0,119	0,123	0,132	0,105	0,000	0,000
8,000	-21,132	-21,377	-21,466	-21,649	-21,661	-21,722	-21,760	-21,802	-21,819	-21,889	-21,897	-21,921	-21,923	-21,871	-21,815	-0,505	-0,392	-0,351	-0,258	-0,208	-0,195	-0,182	-0,167	-0,143	-0,113	-0,070	-0,012	0,023	0,072	0,069	0,000	0,000
9,000	-10,447	-10,371	-10,300	-10,056	-9,908	-9,786	-9,714	-9,660	-9,595	-9,564	-9,494	-9,428	-9,342	-9,194	-9,034	-0,008	0,154	0,258	0,374	0,377	0,348	0,328	0,303	0,287	0,284	0,304	0,314	0,336	0,339	0,259	0,000	0,000
10,000	-11,061	-11,083	-10,945	-10,793	-10,705	-10,667	-10,653	-10,633	-10,616	-10,611	-10,585	-10,553	-10,498	-10,414	-10,312	-0,367	0,025	0,085	0,178	0,160	0,128	0,121	0,117	0,114	0,114	0,137	0,158	0,180	0,191	0,152	0,000	0,000
11,000	-7,076	-6,630	-6,460	-6,153	-6,034	-5,945	-5,898	-5,865	-5,832	-5,802	-5,770	-5,745	-5,699	-5,646	-5,577	1,508	1,022	0,837	0,561	0,444	0,342	0,293	0,246	0,216	0,194	0,172	0,166	0,162	0,154	0,110	0,000	0,000
12,000	-5,459	-5,101	-4,852	-4,708	-4,632	-4,597	-4,580	-4,555	-4,549	-4,531	-4,509	-4,480	-4,429	-4,348	-4,250	2,945	1,707	1,210	0,606	0,432	0,320	0,264	0,213	0,186	0,164	0,162	0,179	0,188	0,200	0,152	0,000	0,000
13,000	-3,428	-3,139	-3,025	-2,949	-2,904	-2,884	-2,874	-2,852	-2,837	-2,828	-2,803	-2,764	-2,695	-2,580	-2,443	1,748	0,994	0,698	0,357	0,254	0,198	0,177	0,155	0,147	0,157	0,180	0,205	0,249	0,263	0,213	0,000	0,000
14,000	-11,788	-11,531	-11,585	-11,487	-11,476	-11,458	-11,441	-11,437	-11,430	-11,427	-11,399	-11,367	-11,294	-11,164	-10,979	0,235	0,076	0,131	0,106	0,090	0,073	0,075	0,072	0,087	0,105	0,150	0,215	0,272	0,302	0,248	0,000	0,000
15,000	-8,830	-8,946	-8,866	-8,877	-8,835	-8,838	-8,825	-8,813	-8,790	-8,795	-8,771	-8,747	-8,701	-8,630	-8,557	-0,197	-0,012	-0,012	0,033	0,039	0,050	0,054	0,067	0,074	0,084	0,105	0,117	0,138	0,158	0,124	0,000	0,000
	run	20	2022:11:08    11:20:33,240
0,000	-12,708	-12,791	-12,791	-12,866	-12,879	-12,896	-12,896	-12,895	-12,898	-12,905	-12,890	-12,862	-12,819	-12,728	-12,617	-0,187	-0,115	-0,108	-0,072	-0,057	-0,032	-0,007	0,008	0,024	0,049	0,080	0,122	0,162	0,187	0,152	0,000	0,000
1,000	-16,101	-16,094	-16,021	-15,881	-15,748	-15,656	-15,606	-15,562	-15,511	-15,480	-15,432	-15,394	-15,339	-15,249	-15,147	0,028	0,161	0,191	0,275	0,300	0,271	0,254	0,228	0,214	0,198	0,208	0,214	0,217	0,219	0,165	0,000	0,000
2,000	-9,826	-9,834	-9,808	-9,689	-9,587	-9,511	-9,466	-9,431	-9,385	-9,352	-9,290	-9,217	-9,126	-8,989	-8,824	0,070	0,114	0,149	0,231	0,240	0,235	0,232	0,232	0,237	0,241	0,271	0,302	0,325	0,335	0,249	0,000	0,000
3,000	-19,489	-19,501	-19,442	-19,196	-19,005	-18,879	-18,812	-18,759	-18,709	-18,697	-18,658	-18,622	-18,566	-18,466	-18,340	0,064	0,212	0,280	0,411	0,410	0,348	0,311	0,270	0,241	0,206	0,206	0,217	0,227	0,239	0,181	0,000	0,000
4,000	-10,487	-10,571	-10,488	-10,458	-10,420	-10,416	-10,419	-10,412	-10,402	-10,388	-10,345	-10,276	-10,132	-9,919	-9,628	-0,199	0,023	0,007	0,062	0,055	0,077	0,089	0,100	0,138	0,190	0,278	0,365	0,452	0,507	0,418	0,000	0,000
5,000	-11,899	-11,814	-11,959	-11,989	-11,989	-11,967	-11,951	-11,944	-11,913	-11,909	-11,860	-11,763	-11,630	-11,367	-11,039	0,067	-0,128	-0,083	0,000	0,038	0,054	0,095	0,123	0,167	0,218	0,298	0,412	0,513	0,577	0,468	0,000	0,000
6,000	-8,688	-8,683	-8,590	-8,453	-8,358	-8,307	-8,273	-8,251	-8,203	-8,181	-8,119	-8,057	-7,951	-7,787	-7,584	-0,019	0,130	0,164	0,228	0,225	0,206	0,212	0,203	0,218	0,236	0,274	0,319	0,364	0,383	0,294	0,000	0,000
7,000	-7,393	-7,307	-7,275	-7,173	-7,114	-7,083	-7,069	-7,049	-7,036	-7,030	-7,000	-6,986	-6,951	-6,892	-6,823	0,052	0,097	0,138	0,150	0,129	0,105	0,103	0,093	0,091	0,092	0,095	0,109	0,128	0,128	0,096	0,000	0,000
8,000	-21,404	-21,667	-21,762	-21,947	-21,965	-22,030	-22,075	-22,102	-22,127	-22,193	-22,211	-22,230	-22,227	-22,176	-22,117	-0,521	-0,422	-0,390	-0,264	-0,211	-0,216	-0,184	-0,171	-0,140	-0,122	-0,071	-0,024	0,020	0,066	0,073	0,000	0,000
9,000	-10,583	-10,510	-10,431	-10,194	-10,042	-9,920	-9,851	-9,798	-9,739	-9,695	-9,630	-9,568	-9,475	-9,338	-9,165	-0,006	0,158	0,257	0,375	0,383	0,344	0,330	0,310	0,291	0,285	0,295	0,316	0,333	0,336	0,253	0,000	0,000
10,000	-10,940	-10,989	-10,837	-10,695	-10,598	-10,559	-10,533	-10,511	-10,494	-10,487	-10,459	-10,425	-10,368	-10,289	-10,177	-0,373	0,021	0,092	0,190	0,162	0,135	0,128	0,119	0,121	0,129	0,151	0,173	0,195	0,205	0,162	0,000	0,000
11,000	-6,953	-6,506	-6,345	-6,054	-5,944	-5,864	-5,816	-5,784	-5,750	-5,726	-5,691	-5,663	-5,624	-5,568	-5,499	1,440	0,986	0,788	0,535	0,424	0,327	0,285	0,239	0,209	0,189	0,172	0,162	0,157	0,152	0,114	0,000	0,000
12,000	-5,682	-5,285	-5,037	-4,880	-4,807	-4,765	-4,745	-4,727	-4,711	-4,694	-4,666	-4,642	-4,587	-4,507	-4,398	3,053	1,762	1,259	0,640	0,452	0,342	0,270	0,224	0,191	0,175	0,172	0,185	0,203	0,208	0,162	0,000	0,000
13,000	-3,456	-3,161	-3,059	-2,967	-2,923	-2,904	-2,890	-2,878	-2,858	-2,850	-2,824	-2,782	-2,712	-2,598	-2,456	1,746	0,994	0,691	0,361	0,256	0,201	0,180	0,155	0,149	0,157	0,184	0,205	0,255	0,268	0,220	0,000	0,000
14,000	-12,045	-11,814	-11,852	-11,758	-11,753	-11,718	-11,711	-11,710	-11,702	-11,700	-11,680	-11,639	-11,560	-11,433	-11,243	0,227	0,097	0,114	0,101	0,083	0,070	0,082	0,071	0,092	0,110	0,161	0,215	0,270	0,307	0,250	0,000	0,000
15,000	-8,885	-9,017	-8,934	-8,939	-8,899	-8,897	-8,889	-8,879	-8,856	-8,857	-8,838	-8,811	-8,761	-8,688	-8,612	-0,191	-0,003	-0,015	0,031	0,042	0,053	0,055	0,065	0,074	0,086	0,104	0,127	0,147	0,164	0,124	0,000	0,000
	run	21	2022:11:08    11:20:33,292
0,000	-12,708	-12,791	-12,791	-12,866	-12,879	-12,896	-12,896	-12,895	-12,898	-12,905	-12,890	-12,862	-12,819	-12,728	-12,617	-0,187	-0,115	-0,108	-0,072	-0,057	-0,032	-0,007	0,008	0,024	0,049	0,080	0,122	0,162	0,187	0,152	0,000	0,000
1,000	-16,101	-16,094	-16,021	-15,881	-15,748	-15,656	-15,606	-15,562	-15,511	-15,480	-15,432	-15,394	-15,339	-15,249	-15,147	0,028	0,161	0,191	0,275	0,300	0,271	0,254	0,228	0,214	0,198	0,208	0,214	0,217	0,219	0,165	0,000	0,000
2,000	-9,826	-9,834	-9,808	-9,689	-9,587	-9,511	-9,466	-9,431	-9,385	-9,352	-9,290	-9,217	-9,126	-8,989	-8,824	0,070	0,114	0,149	0,231	0,240	0,235	0,232	0,232	0,237	0,241	0,271	0,302	0,325	0,335	0,249	0,000	0,000
3,000	-19,489	-19,501	-19,442	-19,196	-19,005	-18,879	-18,812	-18,759	-18,709	-18,697	-18,658	-18,622	-18,566	-18,466	-18,340	0,064	0,212	0,280	0,411	0,410	0,348	0,311	0,270	0,241	0,206	0,206	0,217	0,227	0,239	0,181	0,000	0,000
4,000	-10,487	-10,571	-10,488	-10,458	-10,420	-10,416	-10,419	-10,412	-10,402	-10,388	-10,345	-10,276	-10,132	-9,919	-9,628	-0,199	0,023	0,007	0,062	0,055	0,077	0,089	0,100	0,138	0,190	0,278	0,365	0,452	0,507	0,418	0,000	0,000
5,000	-11,899	-11,814	-11,959	-11,989	-11,989	-11,967	-11,951	-11,944	-11,913	-11,909	-11,860	-11,763	-11,630	-11,367	-11,039	0,067	-0,128	-0,083	0,000	0,038	0,054	0,095	0,123	0,167	0,218	0,298	0,412	0,513	0,577	0,468	0,000	0,000
6,000	-8,555	-8,552	-8,457	-8,331	-8,246	-8,180	-8,149	-8,126	-8,090	-8,068	-8,007	-7,950	-7,847	-7,683	-7,489	-0,012	0,127	0,165	0,225	0,224	0,200	0,204	0,193	0,207	0,230	0,266	0,306	0,346	0,364	0,293	0,000	0,000
7,000	-7,288	-7,213	-7,202	-7,098	-7,042	-7,006	-6,990	-6,977	-6,962	-6,951	-6,930	-6,915	-6,879	-6,820	-6,761	0,017	0,058	0,101	0,133	0,130	0,106	0,099	0,092	0,085	0,089	0,101	0,111	0,123	0,130	0,098	0,000	0,000
8,000	-20,784	-21,030	-21,083	-21,264	-21,276	-21,336	-21,377	-21,411	-21,445	-21,497	-21,513	-21,536	-21,534	-21,487	-21,421	-0,502	-0,377	-0,343	-0,233	-0,197	-0,201	-0,177	-0,164	-0,139	-0,109	-0,059	-0,008	0,023	0,074	0,066	0,000	0,000
9,000	-10,288	-10,255	-10,192	-9,972	-9,825	-9,705	-9,639	-9,587	-9,523	-9,480	-9,421	-9,353	-9,272	-9,134	-8,982	-0,046	0,115	0,218	0,357	0,370	0,333	0,319	0,300	0,284	0,270	0,289	0,302	0,318	0,322	0,245	0,000	0,000
10,000	-10,668	-10,705	-10,580	-10,439	-10,340	-10,307	-10,281	-10,263	-10,241	-10,236	-10,210	-10,183	-10,120	-10,039	-9,930	-0,338	0,016	0,086	0,178	0,156	0,133	0,123	0,115	0,114	0,124	0,144	0,162	0,187	0,198	0,158	0,000	0,000
11,000	-6,963	-6,521	-6,365	-6,092	-5,978	-5,898	-5,856	-5,826	-5,794	-5,765	-5,742	-5,709	-5,669	-5,616	-5,549	1,409	0,955	0,763	0,517	0,411	0,320	0,273	0,231	0,201	0,176	0,165	0,156	0,153	0,146	0,108	0,000	0,000
12,000	-5,777	-5,375	-5,126	-4,961	-4,884	-4,846	-4,827	-4,798	-4,790	-4,770	-4,745	-4,712	-4,659	-4,575	-4,466	3,093	1,784	1,287	0,648	0,460	0,344	0,276	0,232	0,194	0,178	0,177	0,194	0,209	0,213	0,170	0,000	0,000
13,000	-3,483	-3,205	-3,098	-3,004	-2,961	-2,939	-2,928	-2,911	-2,893	-2,888	-2,859	-2,820	-2,750	-2,636	-2,487	1,762	1,004	0,700	0,366	0,263	0,202	0,181	0,162	0,148	0,161	0,182	0,211	0,252	0,271	0,222	0,000	0,000
14,000	-12,080	-11,833	-11,893	-11,783	-11,774	-11,746	-11,729	-11,732	-11,722	-11,718	-11,702	-11,670	-11,588	-11,453	-11,266	0,221	0,089	0,115	0,111	0,086	0,077	0,081	0,079	0,086	0,114	0,151	0,213	0,274	0,308	0,259	0,000	0,000
15,000	-8,953	-9,080	-8,998	-9,005	-8,960	-8,963	-8,953	-8,942	-8,924	-8,922	-8,896	-8,874	-8,824	-8,746	-8,664	-0,204	-0,001	-0,016	0,034	0,038	0,056	0,059	0,066	0,074	0,086	0,108	0,129	0,155	0,165	0,132	0,000	0,000
	run	22	2022:11:08    11:20:33,393
0,000	-12,990	-13,082	-13,077	-13,165	-13,181	-13,195	-13,204	-13,206	-13,206	-13,205	-13,197	-13,165	-13,115	-13,019	-12,894	-0,188	-0,129	-0,117	-0,086	-0,063	-0,031	-0,011	-0,000	0,028	0,049	0,092	0,135	0,178	0,199	0,163	0,000	0,000
1,000	-16,966	-16,961	-16,868	-16,679	-16,524	-16,417	-16,358	-16,309	-16,264	-16,230	-16,178	-16,134	-16,074	-15,978	-15,860	0,077	0,190	0,253	0,339	0,344	0,306	0,291	0,261	0,241	0,225	0,229	0,232	0,241	0,242	0,184	0,000	0,000
2,000	-10,465	-10,430	-10,392	-10,235	-10,124	-10,046	-9,995	-9,959	-9,907	-9,873	-9,805	-9,730	-9,621	-9,460	-9,278	0,091	0,153	0,190	0,267	0,277	0,247	0,258	0,252	0,258	0,272	0,300	0,337	0,365	0,371	0,281	0,000	0,000
3,000	-20,702	-20,649	-20,568	-20,224	-19,998	-19,865	-19,800	-19,739	-19,685	-19,674	-19,634	-19,596	-19,538	-19,426	-19,295	0,147	0,322	0,396	0,509	0,479	0,392	0,348	0,292	0,259	0,221	0,221	0,236	0,241	0,257	0,195	0,000	0,000
4,000	-10,710	-10,781	-10,645	-10,651	-10,610	-10,608	-10,611	-10,606	-10,603	-10,574	-10,539	-10,464	-10,328	-10,107	-9,814	-0,201	0,042	0,019	0,058	0,058	0,069	0,088	0,099	0,139	0,198	0,276	0,371	0,462	0,513	0,421	0,000	0,000
5,000	-11,998	-11,930	-12,076	-12,093	-12,085	-12,065	-12,046	-12,055	-12,026	-12,015	-11,969	-11,880	-11,728	-11,464	-11,134	0,060	-0,142	-0,085	0,009	0,035	0,056	0,097	0,125	0,173	0,224	0,319	0,418	0,515	0,581	0,471	0,000	0,000
6,000	-8,509	-8,495	-8,402	-8,281	-8,185	-8,125	-8,095	-8,065	-8,035	-8,008	-7,953	-7,884	-7,796	-7,637	-7,459	-0,009	0,130	0,169	0,232	0,225	0,199	0,196	0,194	0,203	0,231	0,263	0,306	0,341	0,356	0,284	0,000	0,000
7,000	-7,066	-7,011	-7,011	-6,929	-6,875	-6,850	-6,830	-6,821	-6,800	-6,800	-6,770	-6,756	-6,728	-6,675	-6,619	-0,008	0,026	0,065	0,114	0,105	0,085	0,087	0,080	0,082	0,078	0,090	0,099	0,103	0,114	0,081	0,000	0,000
8,000	-20,032	-20,230	-20,277	-20,401	-20,408	-20,472	-20,497	-20,538	-20,566	-20,612	-20,626	-20,643	-20,649	-20,599	-20,533	-0,454	-0,334	-0,274	-0,190	-0,164	-0,174	-0,159	-0,148	-0,125	-0,104	-0,053	-0,014	0,028	0,075	0,071	0,000	0,000
9,000	-9,813	-9,820	-9,765	-9,611	-9,476	-9,367	-9,295	-9,248	-9,190	-9,150	-9,090	-9,027	-8,946	-8,822	-8,674	-0,085	0,039	0,139	0,301	0,317	0,306	0,298	0,274	0,267	0,263	0,267	0,286	0,299	0,303	0,224	0,000	0,000
10,000	-10,535	-10,609	-10,485	-10,377	-10,286	-10,256	-10,234	-10,213	-10,188	-10,188	-10,166	-10,128	-10,073	-9,996	-9,895	-0,417	-0,031	0,050	0,149	0,140	0,120	0,110	0,109	0,110	0,112	0,134	0,155	0,179	0,188	0,149	0,000	0,000
11,000	-6,998	-6,588	-6,430	-6,164	-6,047	-5,968	-5,922	-5,888	-5,859	-5,834	-5,801	-5,773	-5,733	-5,676	-5,610	1,417	0,958	0,762	0,520	0,415	0,322	0,277	0,235	0,205	0,180	0,171	0,156	0,153	0,148	0,108	0,000	0,000
12,000	-5,596	-5,214	-4,981	-4,815	-4,741	-4,706	-4,691	-4,662	-4,651	-4,637	-4,613	-4,575	-4,527	-4,449	-4,345	3,001	1,739	1,231	0,629	0,445	0,328	0,268	0,224	0,191	0,171	0,166	0,183	0,196	0,203	0,155	0,000	0,000
13,000	-3,486	-3,204	-3,087	-2,998	-2,951	-2,934	-2,916	-2,904	-2,884	-2,881	-2,854	-2,816	-2,740	-2,629	-2,485	1,757	1,013	0,702	0,365	0,263	0,204	0,177	0,159	0,147	0,162	0,183	0,206	0,251	0,269	0,220	0,000	0,000
14,000	-11,995	-11,741	-11,791	-11,697	-11,687	-11,664	-11,645	-11,645	-11,631	-11,624	-11,608	-11,575	-11,490	-11,354	-11,172	0,237	0,086	0,116	0,114	0,092	0,072	0,086	0,078	0,095	0,108	0,162	0,217	0,277	0,315	0,261	0,000	0,000
15,000	-9,019	-9,126	-9,043	-9,061	-9,015	-9,017	-9,011	-8,994	-8,973	-8,969	-8,946	-8,921	-8,870	-8,797	-8,706	-0,196	-0,008	-0,021	0,042	0,043	0,056	0,057	0,072	0,081	0,092	0,113	0,130	0,153	0,165	0,134	0,000	0,000
	run	23	2022:11:08    11:20:33,493
0,000	-13,196	-13,293	-13,292	-13,380	-13,393	-13,407	-13,418	-13,424	-13,423	-13,428	-13,414	-13,380	-13,334	-13,229	-13,109	-0,174	-0,134	-0,115	-0,079	-0,069	-0,039	-0,016	0,001	0,026	0,051	0,090	0,140	0,179	0,208	0,168	0,000	0,000
1,000	-17,098	-17,073	-16,987	-16,800	-16,646	-16,540	-16,478	-16,427	-16,374	-16,343	-16,287	-16,241	-16,180	-16,080	-15,963	0,076	0,201	0,252	0,343	0,352	0,311	0,296	0,262	0,250	0,235	0,232	0,238	0,240	0,249	0,186	0,000	0,000
2,000	-10,497	-10,468	-10,436	-10,272	-10,164	-10,086	-10,040	-9,999	-9,947	-9,910	-9,842	-9,766	-9,650	-9,492	-9,308	0,082	0,147	0,207	0,278	0,267	0,256	0,258	0,258	0,267	0,274	0,306	0,343	0,370	0,381	0,285	0,000	0,000
3,000	-20,904	-20,845	-20,761	-20,409	-20,186	-20,049	-19,975	-19,916	-19,869	-19,858	-19,814	-19,775	-19,718	-19,601	-19,462	0,182	0,343	0,407	0,524	0,496	0,399	0,348	0,301	0,268	0,231	0,229	0,241	0,257	0,269	0,201	0,000	0,000
4,000	-11,149	-11,245	-11,135	-11,142	-11,111	-11,109	-11,110	-11,111	-11,104	-11,074	-11,030	-10,956	-10,805	-10,560	-10,243	-0,207	0,018	0,001	0,043	0,053	0,069	0,088	0,113	0,148	0,213	0,301	0,407	0,500	0,560	0,461	0,000	0,000
5,000	-12,423	-12,335	-12,488	-12,507	-12,502	-12,472	-12,452	-12,457	-12,419	-12,423	-12,369	-12,277	-12,126	-11,861	-11,507	0,087	-0,121	-0,074	0,009	0,045	0,046	0,095	0,127	0,169	0,219	0,324	0,424	0,530	0,606	0,488	0,000	0,000
6,000	-8,555	-8,525	-8,424	-8,286	-8,185	-8,131	-8,095	-8,067	-8,036	-8,011	-7,950	-7,890	-7,796	-7,644	-7,458	-0,002	0,145	0,193	0,240	0,227	0,200	0,204	0,202	0,206	0,224	0,264	0,306	0,338	0,355	0,279	0,000	0,000
7,000	-6,912	-6,865	-6,873	-6,808	-6,760	-6,735	-6,720	-6,706	-6,685	-6,679	-6,669	-6,643	-6,620	-6,570	-6,509	-0,017	-0,001	0,047	0,098	0,090	0,075	0,084	0,082	0,073	0,076	0,085	0,093	0,104	0,115	0,088	0,000	0,000
8,000	-19,569	-19,759	-19,807	-19,903	-19,912	-19,963	-20,005	-20,033	-20,061	-20,109	-20,129	-20,143	-20,143	-20,103	-20,038	-0,427	-0,296	-0,259	-0,179	-0,142	-0,164	-0,147	-0,141	-0,120	-0,099	-0,056	-0,016	0,020	0,067	0,068	0,000	0,000
9,000	-9,663	-9,671	-9,632	-9,492	-9,369	-9,259	-9,197	-9,144	-9,084	-9,049	-8,990	-8,931	-8,855	-8,731	-8,589	-0,112	0,020	0,114	0,273	0,308	0,288	0,281	0,265	0,252	0,252	0,265	0,272	0,290	0,293	0,215	0,000	0,000
10,000	-10,321	-10,384	-10,289	-10,182	-10,101	-10,066	-10,043	-10,025	-10,005	-9,998	-9,982	-9,946	-9,889	-9,815	-9,721	-0,393	-0,035	0,025	0,139	0,130	0,113	0,106	0,107	0,107	0,108	0,129	0,152	0,174	0,185	0,144	0,000	0,000
11,000	-6,992	-6,604	-6,461	-6,217	-6,110	-6,036	-5,994	-5,963	-5,935	-5,911	-5,885	-5,858	-5,818	-5,767	-5,704	1,349	0,901	0,714	0,487	0,387	0,301	0,261	0,217	0,189	0,170	0,159	0,148	0,145	0,137	0,098	0,000	0,000
12,000	-5,670	-5,295	-5,042	-4,885	-4,809	-4,770	-4,754	-4,730	-4,717	-4,695	-4,671	-4,637	-4,591	-4,507	-4,406	3,083	1,784	1,265	0,636	0,457	0,337	0,274	0,224	0,192	0,171	0,174	0,184	0,196	0,202	0,159	0,000	0,000
13,000	-3,425	-3,128	-3,038	-2,942	-2,902	-2,888	-2,866	-2,858	-2,841	-2,832	-2,808	-2,764	-2,695	-2,586	-2,441	1,725	0,980	0,684	0,355	0,255	0,193	0,171	0,159	0,148	0,158	0,176	0,203	0,244	0,264	0,214	0,000	0,000
14,000	-11,987	-11,767	-11,796	-11,719	-11,704	-11,672	-11,657	-11,662	-11,649	-11,645	-11,626	-11,590	-11,509	-11,369	-11,182	0,203	0,095	0,110	0,105	0,089	0,081	0,083	0,080	0,101	0,112	0,166	0,218	0,280	0,315	0,265	0,000	0,000
15,000	-9,123	-9,234	-9,164	-9,171	-9,122	-9,128	-9,117	-9,100	-9,083	-9,074	-9,053	-9,021	-8,973	-8,903	-8,815	-0,202	-0,006	-0,011	0,039	0,044	0,053	0,060	0,077	0,082	0,093	0,111	0,132	0,157	0,169	0,136	0,000	0,000
	run	24	2022:11:08    11:20:33,540
0,000	-13,330	-13,421	-13,424	-13,508	-13,527	-13,543	-13,548	-13,550	-13,557	-13,559	-13,547	-13,512	-13,463	-13,359	-13,238	-0,179	-0,130	-0,128	-0,082	-0,070	-0,037	-0,014	0,002	0,022	0,050	0,086	0,138	0,181	0,210	0,169	0,000	0,000
1,000	-17,261	-17,223	-17,134	-16,931	-16,773	-16,666	-16,606	-16,546	-16,501	-16,470	-16,414	-16,372	-16,303	-16,210	-16,092	0,083	0,218	0,279	0,360	0,365	0,318	0,300	0,268	0,253	0,232	0,233	0,239	0,240	0,240	0,182	0,000	0,000
2,000	-10,497	-10,468	-10,436	-10,272	-10,164	-10,086	-10,040	-9,999	-9,947	-9,910	-9,842	-9,766	-9,650	-9,492	-9,308	0,082	0,147	0,207	0,278	0,267	0,256	0,258	0,258	0,267	0,274	0,306	0,343	0,370	0,381	0,285	0,000	0,000
3,000	-20,904	-20,845	-20,761	-20,409	-20,186	-20,049	-19,975	-19,916	-19,869	-19,858	-19,814	-19,775	-19,718	-19,601	-19,462	0,182	0,343	0,407	0,524	0,496	0,399	0,348	0,301	0,268	0,231	0,229	0,241	0,257	0,269	0,201	0,000	0,000
4,000	-11,149	-11,245	-11,135	-11,142	-11,111	-11,109	-11,110	-11,111	-11,104	-11,074	-11,030	-10,956	-10,805	-10,560	-10,243	-0,207	0,018	0,001	0,043	0,053	0,069	0,088	0,113	0,148	0,213	0,301	0,407	0,500	0,560	0,461	0,000	0,000
5,000	-12,423	-12,335	-12,488	-12,507	-12,502	-12,472	-12,452	-12,457	-12,419	-12,423	-12,369	-12,277	-12,126	-11,861	-11,507	0,087	-0,121	-0,074	0,009	0,045	0,046	0,095	0,127	0,169	0,219	0,324	0,424	0,530	0,606	0,488	0,000	0,000
6,000	-8,555	-8,525	-8,424	-8,286	-8,185	-8,131	-8,095	-8,067	-8,036	-8,011	-7,950	-7,890	-7,796	-7,644	-7,458	-0,002	0,145	0,193	0,240	0,227	0,200	0,204	0,202	0,206	0,224	0,264	0,306	0,338	0,355	0,279	0,000	0,000
7,000	-6,912	-6,865	-6,873	-6,808	-6,760	-6,735	-6,720	-6,706	-6,685	-6,679	-6,669	-6,643	-6,620	-6,570	-6,509	-0,017	-0,001	0,047	0,098	0,090	0,075	0,084	0,082	0,073	0,076	0,085	0,093	0,104	0,115	0,088	0,000	0,000
8,000	-19,616	-19,804	-19,853	-19,964	-19,975	-20,021	-20,061	-20,099	-20,118	-20,175	-20,195	-20,207	-20,208	-20,170	-20,115	-0,432	-0,303	-0,253	-0,177	-0,158	-0,166	-0,155	-0,144	-0,129	-0,105	-0,060	-0,014	0,014	0,056	0,058	0,000	0,000
9,000	-9,687	-9,685	-9,653	-9,499	-9,369	-9,254	-9,187	-9,133	-9,078	-9,040	-8,977	-8,927	-8,846	-8,728	-8,588	-0,115	0,041	0,135	0,289	0,309	0,300	0,292	0,273	0,261	0,249	0,266	0,275	0,285	0,284	0,212	0,000	0,000
10,000	-10,187	-10,280	-10,191	-10,108	-10,040	-10,008	-9,993	-9,978	-9,957	-9,958	-9,932	-9,904	-9,858	-9,778	-9,686	-0,400	-0,068	-0,006	0,096	0,101	0,089	0,086	0,089	0,094	0,096	0,119	0,141	0,168	0,177	0,138	0,000	0,000
11,000	-6,872	-6,478	-6,344	-6,100	-5,995	-5,919	-5,871	-5,839	-5,810	-5,781	-5,758	-5,727	-5,690	-5,644	-5,580	1,344	0,895	0,711	0,483	0,388	0,302	0,263	0,219	0,196	0,171	0,158	0,150	0,145	0,138	0,100	0,000	0,000
12,000	-5,261	-4,924	-4,685	-4,558	-4,491	-4,455	-4,438	-4,413	-4,405	-4,390	-4,364	-4,335	-4,289	-4,207	-4,110	2,927	1,680	1,184	0,591	0,425	0,314	0,253	0,207	0,175	0,165	0,163	0,171	0,187	0,191	0,152	0,000	0,000
13,000	-3,399	-3,077	-3,004	-2,907	-2,877	-2,855	-2,844	-2,827	-2,811	-2,801	-2,777	-2,737	-2,670	-2,562	-2,425	1,787	0,993	0,685	0,357	0,255	0,194	0,171	0,155	0,143	0,154	0,175	0,199	0,239	0,257	0,209	0,000	0,000
14,000	-12,028	-11,827	-11,829	-11,755	-11,752	-11,717	-11,706	-11,698	-11,694	-11,686	-11,664	-11,640	-11,558	-11,415	-11,228	0,183	0,091	0,106	0,104	0,093	0,089	0,080	0,077	0,092	0,114	0,160	0,210	0,282	0,310	0,257	0,000	0,000
15,000	-9,152	-9,255	-9,182	-9,190	-9,154	-9,149	-9,139	-9,125	-9,105	-9,100	-9,081	-9,043	-8,999	-8,923	-8,829	-0,163	-0,008	-0,012	0,042	0,044	0,055	0,058	0,076	0,081	0,094	0,120	0,132	0,162	0,172	0,138	0,000	0,000
	run	25	2022:11:08    11:20:33,639
0,000	-13,219	-13,291	-13,321	-13,401	-13,428	-13,440	-13,443	-13,454	-13,448	-13,457	-13,444	-13,410	-13,360	-13,260	-13,141	-0,163	-0,123	-0,131	-0,094	-0,070	-0,042	-0,018	0,004	0,024	0,049	0,090	0,138	0,182	0,208	0,165	0,000	0,000
1,000	-17,403	-17,386	-17,288	-17,085	-16,911	-16,807	-16,747	-16,697	-16,638	-16,608	-16,550	-16,510	-16,455	-16,349	-16,231	0,102	0,251	0,289	0,375	0,371	0,321	0,304	0,272	0,252	0,230	0,239	0,242	0,244	0,243	0,183	0,000	0,000
2,000	-10,688	-10,665	-10,615	-10,452	-10,341	-10,267	-10,213	-10,173	-10,126	-10,084	-10,021	-9,935	-9,823	-9,663	-9,469	0,115	0,166	0,205	0,280	0,280	0,257	0,264	0,261	0,267	0,284	0,316	0,353	0,380	0,389	0,295	0,000	0,000
3,000	-21,039	-20,960	-20,869	-20,495	-20,271	-20,143	-20,069	-20,012	-19,958	-19,941	-19,907	-19,867	-19,812	-19,698	-19,565	0,181	0,359	0,433	0,530	0,500	0,397	0,348	0,298	0,261	0,224	0,220	0,237	0,250	0,261	0,203	0,000	0,000
4,000	-11,070	-11,152	-11,059	-11,052	-11,020	-11,024	-11,022	-11,019	-11,013	-10,983	-10,939	-10,859	-10,711	-10,470	-10,150	-0,210	0,013	-0,004	0,044	0,048	0,065	0,093	0,114	0,148	0,213	0,304	0,397	0,505	0,560	0,459	0,000	0,000
5,000	-12,274	-12,202	-12,337	-12,362	-12,356	-12,333	-12,317	-12,319	-12,283	-12,277	-12,214	-12,131	-11,988	-11,709	-11,379	0,048	-0,119	-0,084	0,003	0,045	0,057	0,097	0,123	0,172	0,226	0,318	0,427	0,537	0,598	0,487	0,000	0,000
6,000	-8,575	-8,556	-8,460	-8,329	-8,218	-8,166	-8,134	-8,105	-8,072	-8,050	-7,990	-7,933	-7,832	-7,677	-7,495	-0,002	0,146	0,176	0,237	0,225	0,196	0,199	0,203	0,205	0,226	0,257	0,299	0,341	0,362	0,281	0,000	0,000
7,000	-7,038	-6,969	-6,978	-6,906	-6,858	-6,833	-6,818	-6,802	-6,780	-6,775	-6,758	-6,739	-6,714	-6,669	-6,612	-0,006	0,019	0,058	0,104	0,104	0,088	0,083	0,080	0,082	0,078	0,086	0,093	0,102	0,107	0,082	0,000	0,000
8,000	-19,788	-19,975	-20,047	-20,147	-20,157	-20,213	-20,252	-20,294	-20,315	-20,367	-20,388	-20,402	-20,404	-20,366	-20,313	-0,419	-0,319	-0,252	-0,201	-0,164	-0,174	-0,159	-0,150	-0,125	-0,111	-0,061	-0,018	0,014	0,062	0,065	0,000	0,000
9,000	-9,692	-9,700	-9,660	-9,511	-9,382	-9,273	-9,202	-9,153	-9,095	-9,053	-8,995	-8,937	-8,860	-8,745	-8,603	-0,102	0,029	0,135	0,283	0,307	0,299	0,291	0,274	0,258	0,249	0,263	0,275	0,286	0,285	0,217	0,000	0,000
10,000	-10,014	-10,112	-10,014	-9,960	-9,898	-9,873	-9,854	-9,842	-9,823	-9,825	-9,804	-9,780	-9,729	-9,653	-9,568	-0,433	-0,091	-0,034	0,075	0,083	0,082	0,077	0,082	0,083	0,088	0,116	0,137	0,154	0,162	0,133	0,000	0,000
11,000	-6,744	-6,353	-6,208	-5,966	-5,862	-5,785	-5,743	-5,708	-5,677	-5,651	-5,623	-5,592	-5,553	-5,502	-5,442	1,345	0,893	0,708	0,486	0,387	0,304	0,264	0,229	0,197	0,173	0,158	0,159	0,146	0,141	0,102	0,000	0,000
12,000	-5,168	-4,848	-4,613	-4,490	-4,412	-4,382	-4,362	-4,342	-4,332	-4,316	-4,294	-4,265	-4,221	-4,145	-4,051	2,865	1,653	1,160	0,580	0,414	0,307	0,250	0,203	0,175	0,155	0,160	0,160	0,183	0,189	0,146	0,000	0,000
13,000	-3,328	-3,077	-2,968	-2,894	-2,848	-2,834	-2,820	-2,807	-2,791	-2,781	-2,755	-2,717	-2,652	-2,545	-2,408	1,717	0,970	0,676	0,341	0,248	0,191	0,170	0,150	0,142	0,150	0,166	0,193	0,236	0,250	0,202	0,000	0,000
14,000	-11,965	-11,676	-11,767	-11,662	-11,653	-11,624	-11,603	-11,612	-11,604	-11,593	-11,580	-11,542	-11,458	-11,322	-11,127	0,286	0,089	0,123	0,107	0,089	0,072	0,072	0,077	0,090	0,119	0,163	0,221	0,281	0,317	0,258	0,000	0,000
15,000	-9,074	-9,194	-9,108	-9,119	-9,076	-9,075	-9,062	-9,048	-9,025	-9,025	-9,000	-8,971	-8,922	-8,847	-8,760	-0,177	-0,005	-0,013	0,041	0,049	0,060	0,059	0,075	0,085	0,099	0,115	0,134	0,162	0,169	0,137	0,000	0,000
	run	26	2022:11:08    11:20:33,691
0,000	-13,219	-13,291	-13,321	-13,401	-13,428	-13,440	-13,443	-13,454	-13,448	-13,457	-13,444	-13,410	-13,360	-13,260	-13,141	-0,163	-0,123	-0,131	-0,094	-0,070	-0,042	-0,018	0,004	0,024	0,049	0,090	0,138	0,182	0,208	0,165	0,000	0,000
1,000	-17,403	-17,386	-17,288	-17,085	-16,911	-16,807	-16,747	-16,697	-16,638	-16,608	-16,550	-16,510	-16,455	-16,349	-16,231	0,102	0,251	0,289	0,375	0,371	0,321	0,304	0,272	0,252	0,230	0,239	0,242	0,244	0,243	0,183	0,000	0,000
2,000	-10,688	-10,665	-10,615	-10,452	-10,341	-10,267	-10,213	-10,173	-10,126	-10,084	-10,021	-9,935	-9,823	-9,663	-9,469	0,115	0,166	0,205	0,280	0,280	0,257	0,264	0,261	0,267	0,284	0,316	0,353	0,380	0,389	0,295	0,000	0,000
3,000	-21,039	-20,960	-20,869	-20,495	-20,271	-20,143	-20,069	-20,012	-19,958	-19,941	-19,907	-19,867	-19,812	-19,698	-19,565	0,181	0,359	0,433	0,530	0,500	0,397	0,348	0,298	0,261	0,224	0,220	0,237	0,250	0,261	0,203	0,000	0,000
4,000	-11,070	-11,152	-11,059	-11,052	-11,020	-11,024	-11,022	-11,019	-11,013	-10,983	-10,939	-10,859	-10,711	-10,470	-10,150	-0,210	0,013	-0,004	0,044	0,048	0,065	0,093	0,114	0,148	0,213	0,304	0,397	0,505	0,560	0,459	0,000	0,000
5,000	-12,274	-12,202	-12,337	-12,362	-12,356	-12,333	-12,317	-12,319	-12,283	-12,277	-12,214	-12,131	-11,988	-11,709	-11,379	0,048	-0,119	-0,084	0,003	0,045	0,057	0,097	0,123	0,172	0,226	0,318	0,427	0,537	0,598	0,487	0,000	0,000
6,000	-8,670	-8,645	-8,552	-8,407	-8,307	-8,252	-8,218	-8,191	-8,151	-8,127	-8,085	-8,011	-7,921	-7,755	-7,573	-0,005	0,150	0,185	0,243	0,236	0,208	0,209	0,205	0,206	0,226	0,260	0,312	0,342	0,356	0,283	0,000	0,000
7,000	-7,084	-7,030	-7,032	-6,961	-6,903	-6,873	-6,849	-6,839	-6,828	-6,818	-6,802	-6,775	-6,749	-6,699	-6,652	-0,007	0,013	0,061	0,120	0,103	0,092	0,085	0,081	0,088	0,081	0,091	0,097	0,103	0,107	0,081	0,000	0,000
8,000	-20,038	-20,228	-20,302	-20,403	-20,411	-20,471	-20,507	-20,546	-20,572	-20,632	-20,640	-20,657	-20,662	-20,619	-20,561	-0,406	-0,323	-0,274	-0,197	-0,169	-0,176	-0,161	-0,155	-0,125	-0,104	-0,057	-0,011	0,020	0,065	0,063	0,000	0,000
9,000	-9,740	-9,745	-9,693	-9,537	-9,398	-9,286	-9,215	-9,168	-9,113	-9,075	-9,011	-8,957	-8,873	-8,746	-8,609	-0,089	0,055	0,141	0,292	0,321	0,300	0,299	0,280	0,265	0,260	0,273	0,281	0,295	0,295	0,219	0,000	0,000
10,000	-10,120	-10,211	-10,100	-10,021	-9,953	-9,918	-9,899	-9,887	-9,864	-9,863	-9,847	-9,817	-9,753	-9,680	-9,586	-0,399	-0,044	0,003	0,111	0,105	0,101	0,095	0,091	0,100	0,111	0,122	0,146	0,169	0,184	0,147	0,000	0,000
11,000	-6,678	-6,293	-6,168	-5,941	-5,837	-5,765	-5,726	-5,695	-5,665	-5,639	-5,612	-5,584	-5,545	-5,491	-5,433	1,295	0,846	0,677	0,462	0,371	0,292	0,251	0,215	0,187	0,166	0,155	0,150	0,140	0,140	0,102	0,000	0,000
12,000	-5,590	-5,216	-4,964	-4,822	-4,745	-4,712	-4,694	-4,669	-4,659	-4,643	-4,617	-4,587	-4,539	-4,454	-4,352	3,072	1,765	1,256	0,630	0,450	0,333	0,269	0,223	0,188	0,173	0,166	0,179	0,198	0,206	0,158	0,000	0,000
13,000	-3,368	-3,090	-2,994	-2,915	-2,869	-2,851	-2,838	-2,824	-2,808	-2,801	-2,775	-2,740	-2,670	-2,563	-2,424	1,719	0,974	0,674	0,345	0,245	0,192	0,169	0,147	0,141	0,152	0,174	0,198	0,239	0,259	0,205	0,000	0,000
14,000	-11,836	-11,608	-11,655	-11,568	-11,557	-11,528	-11,513	-11,511	-11,500	-11,497	-11,485	-11,443	-11,367	-11,234	-11,054	0,251	0,089	0,115	0,103	0,090	0,073	0,080	0,077	0,083	0,114	0,156	0,216	0,280	0,312	0,255	0,000	0,000
15,000	-9,056	-9,155	-9,087	-9,100	-9,052	-9,046	-9,032	-9,022	-9,003	-9,001	-8,978	-8,947	-8,903	-8,824	-8,735	-0,180	-0,003	-0,010	0,040	0,042	0,057	0,062	0,071	0,079	0,098	0,111	0,128	0,158	0,174	0,134	0,000	0,000
