Device: PM2003001		2022:11:08    11:29:08,593  (DLL version: 1.20;  Status: HW:v1.02 SW:v1.3 CRC:31ED BATTERY:4154mV ST:0 ERR:0000;  MUX data; S: 92 I:143 R:200.000 C:1.094p F:)
Excitation level, V:	2,00
Voltage Channel Gain:	5
Current Channel Gain:	1
Voltmeter Range, V:	0,6
Ampermeter Range, A:	15,0m
Step Period, ms:	5
R transimp:	200
C transimp:	1,1p
Measurement Table: 	EEPROM  16

Freq, Hz	1,0k	2,0k	3,0k	7,0k	11,0k	17,0k	23,0k	31,0k	43,0k	61,0k	89,0k	127,0k	179,0k	251,0k	349,0k	1,0k	2,0k	3,0k	7,0k	11,0k	17,0k	23,0k	31,0k	43,0k	61,0k	89,0k	127,0k	179,0k	251,0k	349,0k
	run	1	2022:11:08    11:29:08,595
MUX	Re1, ohm	Re2, ohm	Re3, ohm	Re4, ohm	Re5, ohm	Re6, ohm	Re7, ohm	Re8, ohm	Re9, ohm	Re10, ohm	Re11, ohm	Re12, ohm	Re13, ohm	Re14, ohm	Re15, ohm	Im1, ohm	Im2, ohm	Im3, ohm	Im4, ohm	Im5, ohm	Im6, ohm	Im7, ohm	Im8, ohm	Im9, ohm	Im10, ohm	Im11, ohm	Im12, ohm	Im13, ohm	Im14, ohm	Im15, ohm	U, V	I, mA

0,000	-12,707	-12,779	-12,797	-12,881	-12,900	-12,912	-12,920	-12,924	-12,923	-12,928	-12,915	-12,892	-12,837	-12,750	-12,642	-0,184	-0,153	-0,141	-0,093	-0,072	-0,044	-0,017	-0,004	0,022	0,047	0,084	0,126	0,169	0,196	0,155	0,000	0,000
1,000	-16,610	-16,634	-16,559	-16,372	-16,228	-16,123	-16,058	-16,006	-15,958	-15,920	-15,869	-15,823	-15,765	-15,665	-15,553	-0,042	0,130	0,193	0,315	0,338	0,303	0,288	0,264	0,245	0,231	0,231	0,234	0,232	0,239	0,180	0,000	0,000
2,000	-10,638	-10,606	-10,568	-10,407	-10,292	-10,216	-10,169	-10,129	-10,073	-10,041	-9,986	-9,892	-9,796	-9,629	-9,455	0,098	0,158	0,210	0,274	0,270	0,254	0,258	0,254	0,260	0,267	0,302	0,338	0,361	0,368	0,275	0,000	0,000
3,000	-21,564	-21,484	-21,380	-21,020	-20,802	-20,671	-20,597	-20,535	-20,486	-20,483	-20,446	-20,403	-20,353	-20,238	-20,109	0,168	0,357	0,418	0,524	0,487	0,397	0,343	0,297	0,256	0,217	0,211	0,226	0,246	0,254	0,197	0,000	0,000
4,000	-11,919	-12,050	-11,954	-11,991	-11,972	-11,975	-11,972	-11,973	-11,965	-11,940	-11,892	-11,816	-11,677	-11,446	-11,140	-0,366	-0,111	-0,087	-0,004	0,025	0,050	0,076	0,091	0,137	0,198	0,296	0,382	0,481	0,534	0,438	0,000	0,000
5,000	-12,898	-12,815	-12,924	-12,931	-12,912	-12,877	-12,867	-12,871	-12,833	-12,842	-12,798	-12,716	-12,600	-12,380	-12,104	0,163	-0,007	-0,012	0,052	0,062	0,060	0,088	0,117	0,145	0,187	0,263	0,360	0,437	0,488	0,392	0,000	0,000
6,000	-7,240	-6,768	-6,543	-6,273	-6,151	-6,081	-6,037	-6,004	-5,975	-5,947	-5,898	-5,839	-5,760	-5,630	-5,484	1,286	0,970	0,782	0,530	0,421	0,330	0,294	0,260	0,245	0,235	0,255	0,275	0,297	0,303	0,234	0,000	0,000
7,000	-6,725	-6,492	-6,438	-6,284	-6,214	-6,171	-6,150	-6,138	-6,115	-6,110	-6,096	-6,082	-6,064	-6,022	-5,977	0,460	0,342	0,307	0,243	0,199	0,146	0,132	0,114	0,099	0,080	0,088	0,089	0,084	0,091	0,067	0,000	0,000
8,000	-20,279	-20,567	-20,603	-20,784	-20,786	-20,853	-20,897	-20,928	-20,954	-21,015	-21,027	-21,054	-21,056	-21,023	-20,982	-0,622	-0,392	-0,357	-0,251	-0,199	-0,194	-0,177	-0,159	-0,142	-0,120	-0,079	-0,040	-0,009	0,037	0,043	0,000	0,000
9,000	-9,640	-9,604	-9,537	-9,330	-9,185	-9,067	-8,996	-8,946	-8,896	-8,856	-8,802	-8,749	-8,663	-8,552	-8,417	0,012	0,130	0,232	0,355	0,356	0,330	0,313	0,283	0,265	0,256	0,262	0,273	0,285	0,284	0,212	0,000	0,000
10,000	-9,588	-9,643	-9,543	-9,454	-9,382	-9,353	-9,333	-9,319	-9,295	-9,291	-9,268	-9,237	-9,177	-9,094	-8,985	-0,141	0,062	0,094	0,145	0,126	0,119	0,107	0,107	0,106	0,118	0,134	0,158	0,188	0,198	0,158	0,000	0,000
11,000	-9,594	-9,523	-9,484	-9,362	-9,288	-9,233	-9,204	-9,184	-9,154	-9,137	-9,102	-9,061	-8,997	-8,901	-8,784	0,044	0,090	0,132	0,185	0,183	0,158	0,159	0,149	0,153	0,159	0,178	0,198	0,221	0,225	0,172	0,000	0,000
12,000	-14,536	-14,555	-14,506	-14,458	-14,409	-14,394	-14,387	-14,389	-14,367	-14,385	-14,362	-14,333	-14,284	-14,181	-14,055	-0,060	0,037	0,045	0,079	0,075	0,056	0,063	0,062	0,069	0,078	0,118	0,154	0,190	0,222	0,177	0,000	0,000
13,000	-8,234	-8,217	-8,250	-8,252	-8,245	-8,228	-8,208	-8,194	-8,165	-8,135	-8,084	-8,023	-7,927	-7,782	-7,597	-0,065	-0,055	-0,035	0,018	0,054	0,073	0,101	0,125	0,157	0,183	0,225	0,272	0,320	0,338	0,271	0,000	0,000
14,000	-11,382	-11,203	-11,317	-11,253	-11,255	-11,226	-11,202	-11,201	-11,191	-11,187	-11,171	-11,137	-11,065	-10,937	-10,762	0,023	-0,096	-0,017	0,046	0,044	0,044	0,063	0,063	0,076	0,100	0,151	0,200	0,255	0,298	0,241	0,000	0,000
15,000	-8,701	-8,831	-8,749	-8,756	-8,723	-8,714	-8,708	-8,693	-8,676	-8,668	-8,649	-8,617	-8,574	-8,502	-8,422	-0,233	-0,018	-0,020	0,035	0,042	0,054	0,056	0,068	0,076	0,090	0,106	0,128	0,153	0,160	0,125	0,000	0,000
	run	2	2022:11:08    11:29:08,696
0,000	-12,898	-12,992	-13,005	-13,087	-13,108	-13,124	-13,129	-13,133	-13,131	-13,139	-13,128	-13,098	-13,056	-12,966	-12,858	-0,212	-0,164	-0,135	-0,097	-0,075	-0,049	-0,017	-0,003	0,016	0,042	0,078	0,121	0,163	0,189	0,150	0,000	0,000
1,000	-16,358	-16,388	-16,322	-16,164	-16,023	-15,919	-15,863	-15,816	-15,760	-15,733	-15,683	-15,636	-15,580	-15,484	-15,375	-0,053	0,110	0,173	0,283	0,313	0,287	0,272	0,248	0,234	0,223	0,220	0,226	0,229	0,234	0,178	0,000	0,000
2,000	-10,214	-10,198	-10,187	-10,036	-9,934	-9,860	-9,814	-9,781	-9,724	-9,689	-9,628	-9,550	-9,458	-9,309	-9,138	0,067	0,111	0,157	0,251	0,258	0,240	0,243	0,238	0,244	0,251	0,281	0,310	0,341	0,343	0,256	0,000	0,000
3,000	-20,521	-20,518	-20,457	-20,149	-19,940	-19,817	-19,744	-19,686	-19,636	-19,629	-19,594	-19,559	-19,510	-19,405	-19,283	0,049	0,243	0,314	0,456	0,446	0,361	0,323	0,275	0,243	0,209	0,199	0,213	0,225	0,234	0,177	0,000	0,000
4,000	-11,031	-11,142	-11,062	-11,073	-11,039	-11,042	-11,038	-11,037	-11,036	-11,008	-10,973	-10,916	-10,779	-10,573	-10,302	-0,354	-0,068	-0,062	0,009	0,028	0,047	0,065	0,087	0,118	0,177	0,261	0,345	0,424	0,479	0,392	0,000	0,000
5,000	-12,001	-11,891	-12,012	-12,025	-12,012	-11,990	-11,984	-11,975	-11,951	-11,950	-11,913	-11,844	-11,738	-11,538	-11,296	0,177	-0,020	-0,028	0,039	0,044	0,046	0,076	0,099	0,133	0,163	0,235	0,311	0,386	0,435	0,349	0,000	0,000
6,000	-6,888	-6,462	-6,253	-6,004	-5,889	-5,818	-5,782	-5,759	-5,712	-5,692	-5,643	-5,589	-5,520	-5,394	-5,250	1,223	0,894	0,734	0,490	0,395	0,311	0,280	0,247	0,233	0,226	0,241	0,257	0,281	0,287	0,223	0,000	0,000
7,000	-6,555	-6,361	-6,303	-6,160	-6,089	-6,049	-6,026	-6,017	-5,994	-5,991	-5,981	-5,961	-5,938	-5,901	-5,856	0,432	0,333	0,294	0,229	0,193	0,144	0,126	0,111	0,097	0,087	0,084	0,088	0,087	0,091	0,067	0,000	0,000
8,000	-20,342	-20,619	-20,660	-20,848	-20,857	-20,921	-20,956	-20,999	-21,022	-21,079	-21,095	-21,123	-21,131	-21,096	-21,051	-0,616	-0,395	-0,367	-0,260	-0,211	-0,201	-0,185	-0,172	-0,145	-0,124	-0,083	-0,043	-0,011	0,035	0,046	0,000	0,000
9,000	-9,932	-9,914	-9,842	-9,614	-9,468	-9,349	-9,286	-9,227	-9,171	-9,132	-9,078	-9,025	-8,945	-8,824	-8,681	0,006	0,160	0,249	0,366	0,369	0,334	0,319	0,286	0,268	0,259	0,271	0,277	0,292	0,287	0,214	0,000	0,000
10,000	-9,818	-9,820	-9,721	-9,589	-9,506	-9,470	-9,450	-9,434	-9,413	-9,409	-9,387	-9,349	-9,294	-9,202	-9,095	-0,107	0,112	0,139	0,185	0,161	0,140	0,124	0,120	0,113	0,126	0,147	0,160	0,195	0,210	0,169	0,000	0,000
11,000	-9,875	-9,789	-9,755	-9,606	-9,530	-9,477	-9,447	-9,421	-9,394	-9,374	-9,338	-9,297	-9,231	-9,126	-9,007	0,069	0,125	0,155	0,208	0,198	0,170	0,168	0,159	0,158	0,165	0,184	0,213	0,227	0,239	0,183	0,000	0,000
12,000	-14,954	-14,982	-14,930	-14,892	-14,840	-14,825	-14,819	-14,812	-14,799	-14,813	-14,790	-14,756	-14,711	-14,603	-14,478	-0,073	0,030	0,056	0,078	0,079	0,061	0,065	0,065	0,073	0,082	0,116	0,159	0,196	0,226	0,176	0,000	0,000
13,000	-8,452	-8,428	-8,465	-8,457	-8,447	-8,428	-8,412	-8,397	-8,362	-8,339	-8,284	-8,217	-8,115	-7,962	-7,773	-0,055	-0,043	-0,032	0,029	0,055	0,085	0,106	0,128	0,159	0,194	0,243	0,291	0,337	0,359	0,287	0,000	0,000
14,000	-11,787	-11,626	-11,738	-11,660	-11,660	-11,630	-11,608	-11,607	-11,598	-11,590	-11,575	-11,548	-11,470	-11,339	-11,150	0,018	-0,093	-0,023	0,038	0,052	0,046	0,062	0,067	0,091	0,107	0,151	0,200	0,270	0,310	0,253	0,000	0,000
15,000	-8,926	-9,033	-8,957	-8,956	-8,916	-8,921	-8,914	-8,900	-8,875	-8,868	-8,850	-8,823	-8,776	-8,708	-8,624	-0,228	-0,024	-0,021	0,042	0,042	0,050	0,056	0,072	0,080	0,084	0,108	0,128	0,149	0,153	0,124	0,000	0,000
	run	3	2022:11:08    11:29:08,745
0,000	-13,267	-13,350	-13,377	-13,442	-13,467	-13,480	-13,486	-13,492	-13,494	-13,504	-13,494	-13,469	-13,423	-13,331	-13,225	-0,207	-0,158	-0,135	-0,092	-0,070	-0,046	-0,028	-0,010	0,011	0,039	0,076	0,121	0,161	0,187	0,151	0,000	0,000
1,000	-16,685	-16,714	-16,632	-16,476	-16,334	-16,233	-16,177	-16,130	-16,077	-16,041	-15,991	-15,949	-15,892	-15,801	-15,695	-0,037	0,130	0,193	0,296	0,320	0,294	0,282	0,244	0,233	0,220	0,220	0,219	0,225	0,225	0,166	0,000	0,000
2,000	-10,214	-10,198	-10,187	-10,036	-9,934	-9,860	-9,814	-9,781	-9,724	-9,689	-9,628	-9,550	-9,458	-9,309	-9,138	0,067	0,111	0,157	0,251	0,258	0,240	0,243	0,238	0,244	0,251	0,281	0,310	0,341	0,343	0,256	0,000	0,000
3,000	-20,521	-20,518	-20,457	-20,149	-19,940	-19,817	-19,744	-19,686	-19,636	-19,629	-19,594	-19,559	-19,510	-19,405	-19,283	0,049	0,243	0,314	0,456	0,446	0,361	0,323	0,275	0,243	0,209	0,199	0,213	0,225	0,234	0,177	0,000	0,000
4,000	-11,031	-11,142	-11,062	-11,073	-11,039	-11,042	-11,038	-11,037	-11,036	-11,008	-10,973	-10,916	-10,779	-10,573	-10,302	-0,354	-0,068	-0,062	0,009	0,028	0,047	0,065	0,087	0,118	0,177	0,261	0,345	0,424	0,479	0,392	0,000	0,000
5,000	-12,001	-11,891	-12,012	-12,025	-12,012	-11,990	-11,984	-11,975	-11,951	-11,950	-11,913	-11,844	-11,738	-11,538	-11,296	0,177	-0,020	-0,028	0,039	0,044	0,046	0,076	0,099	0,133	0,163	0,235	0,311	0,386	0,435	0,349	0,000	0,000
6,000	-6,888	-6,462	-6,253	-6,004	-5,889	-5,818	-5,782	-5,759	-5,712	-5,692	-5,643	-5,589	-5,520	-5,394	-5,250	1,223	0,894	0,734	0,490	0,395	0,311	0,280	0,247	0,233	0,226	0,241	0,257	0,281	0,287	0,223	0,000	0,000
7,000	-6,555	-6,361	-6,303	-6,160	-6,089	-6,049	-6,026	-6,017	-5,994	-5,991	-5,981	-5,961	-5,938	-5,901	-5,856	0,432	0,333	0,294	0,229	0,193	0,144	0,126	0,111	0,097	0,087	0,084	0,088	0,087	0,091	0,067	0,000	0,000
8,000	-20,447	-20,743	-20,752	-20,946	-20,949	-21,008	-21,051	-21,084	-21,108	-21,163	-21,178	-21,201	-21,207	-21,170	-21,125	-0,611	-0,382	-0,352	-0,245	-0,199	-0,189	-0,175	-0,163	-0,138	-0,116	-0,075	-0,029	-0,005	0,042	0,043	0,000	0,000
9,000	-9,851	-9,839	-9,761	-9,562	-9,417	-9,294	-9,233	-9,181	-9,126	-9,088	-9,030	-8,974	-8,899	-8,782	-8,639	-0,001	0,130	0,224	0,345	0,359	0,327	0,313	0,283	0,268	0,258	0,264	0,279	0,291	0,291	0,221	0,000	0,000
10,000	-9,863	-9,857	-9,741	-9,595	-9,503	-9,462	-9,448	-9,430	-9,408	-9,401	-9,384	-9,344	-9,278	-9,187	-9,076	-0,095	0,133	0,164	0,203	0,170	0,151	0,134	0,122	0,122	0,134	0,152	0,174	0,198	0,217	0,167	0,000	0,000
11,000	-9,866	-9,769	-9,726	-9,580	-9,502	-9,452	-9,417	-9,395	-9,367	-9,350	-9,311	-9,265	-9,199	-9,091	-8,963	0,086	0,141	0,164	0,213	0,203	0,174	0,169	0,163	0,163	0,165	0,191	0,217	0,237	0,251	0,189	0,000	0,000
12,000	-15,478	-15,518	-15,460	-15,429	-15,371	-15,355	-15,349	-15,348	-15,333	-15,349	-15,326	-15,288	-15,232	-15,124	-14,985	-0,081	0,025	0,046	0,086	0,084	0,063	0,063	0,070	0,075	0,092	0,122	0,169	0,208	0,239	0,189	0,000	0,000
13,000	-8,757	-8,677	-8,739	-8,726	-8,713	-8,695	-8,670	-8,658	-8,630	-8,594	-8,538	-8,473	-8,366	-8,200	-8,004	-0,012	-0,034	-0,015	0,040	0,066	0,088	0,113	0,133	0,170	0,205	0,251	0,306	0,354	0,376	0,300	0,000	0,000
14,000	-12,366	-12,231	-12,301	-12,234	-12,227	-12,199	-12,180	-12,178	-12,169	-12,165	-12,144	-12,107	-12,033	-11,884	-11,689	-0,047	-0,082	-0,021	0,041	0,056	0,064	0,064	0,071	0,093	0,127	0,165	0,226	0,296	0,333	0,272	0,000	0,000
15,000	-9,258	-9,364	-9,287	-9,295	-9,254	-9,252	-9,240	-9,224	-9,208	-9,196	-9,180	-9,148	-9,101	-9,028	-8,948	-0,225	-0,017	-0,020	0,043	0,046	0,055	0,058	0,076	0,081	0,093	0,112	0,129	0,151	0,163	0,129	0,000	0,000
	run	4	2022:11:08    11:29:08,844
0,000	-13,416	-13,488	-13,521	-13,599	-13,619	-13,637	-13,640	-13,650	-13,652	-13,657	-13,649	-13,618	-13,575	-13,481	-13,377	-0,209	-0,171	-0,149	-0,100	-0,080	-0,050	-0,027	-0,013	0,010	0,036	0,078	0,118	0,164	0,190	0,151	0,000	0,000
1,000	-16,932	-16,938	-16,842	-16,665	-16,509	-16,411	-16,347	-16,299	-16,249	-16,217	-16,162	-16,120	-16,067	-15,981	-15,874	-0,022	0,168	0,219	0,326	0,344	0,304	0,286	0,254	0,237	0,221	0,218	0,222	0,224	0,219	0,168	0,000	0,000
2,000	-10,013	-10,003	-9,992	-9,871	-9,773	-9,707	-9,659	-9,624	-9,574	-9,550	-9,485	-9,418	-9,329	-9,190	-9,041	0,030	0,094	0,134	0,223	0,230	0,219	0,220	0,220	0,230	0,236	0,264	0,293	0,310	0,316	0,234	0,000	0,000
3,000	-18,950	-18,962	-18,943	-18,728	-18,551	-18,422	-18,365	-18,308	-18,256	-18,245	-18,207	-18,174	-18,129	-18,030	-17,928	-0,033	0,120	0,196	0,362	0,369	0,319	0,288	0,252	0,223	0,188	0,186	0,200	0,204	0,216	0,160	0,000	0,000
4,000	-10,283	-10,385	-10,282	-10,284	-10,248	-10,236	-10,236	-10,238	-10,236	-10,214	-10,183	-10,130	-10,010	-9,830	-9,588	-0,325	-0,055	-0,047	0,039	0,042	0,051	0,065	0,077	0,109	0,152	0,236	0,297	0,376	0,422	0,349	0,000	0,000
5,000	-11,074	-10,958	-11,083	-11,082	-11,073	-11,058	-11,049	-11,043	-11,014	-11,012	-10,982	-10,913	-10,821	-10,644	-10,426	0,143	-0,030	-0,028	0,022	0,036	0,046	0,077	0,097	0,122	0,152	0,213	0,282	0,352	0,391	0,311	0,000	0,000
6,000	-6,731	-6,323	-6,121	-5,891	-5,788	-5,714	-5,678	-5,650	-5,611	-5,589	-5,545	-5,491	-5,423	-5,302	-5,168	1,169	0,864	0,690	0,470	0,379	0,298	0,270	0,240	0,223	0,220	0,231	0,251	0,273	0,275	0,211	0,000	0,000
7,000	-6,573	-6,362	-6,304	-6,166	-6,098	-6,057	-6,040	-6,024	-6,005	-6,002	-5,987	-5,974	-5,955	-5,910	-5,873	0,454	0,340	0,296	0,230	0,189	0,142	0,128	0,107	0,093	0,084	0,082	0,089	0,088	0,085	0,065	0,000	0,000
8,000	-20,216	-20,505	-20,551	-20,718	-20,723	-20,786	-20,825	-20,863	-20,881	-20,935	-20,956	-20,972	-20,987	-20,947	-20,901	-0,592	-0,389	-0,343	-0,238	-0,196	-0,191	-0,172	-0,163	-0,135	-0,113	-0,076	-0,033	-0,003	0,039	0,045	0,000	0,000
9,000	-9,887	-9,878	-9,800	-9,600	-9,451	-9,326	-9,255	-9,210	-9,150	-9,112	-9,056	-9,001	-8,917	-8,797	-8,658	0,011	0,127	0,218	0,349	0,361	0,330	0,313	0,284	0,273	0,255	0,272	0,283	0,292	0,287	0,221	0,000	0,000
10,000	-9,890	-9,881	-9,763	-9,606	-9,515	-9,483	-9,457	-9,442	-9,415	-9,416	-9,389	-9,348	-9,287	-9,194	-9,081	-0,096	0,143	0,179	0,213	0,176	0,146	0,138	0,127	0,126	0,135	0,154	0,177	0,205	0,221	0,174	0,000	0,000
11,000	-10,128	-10,041	-9,996	-9,843	-9,761	-9,706	-9,672	-9,652	-9,617	-9,600	-9,559	-9,514	-9,444	-9,335	-9,201	0,092	0,153	0,183	0,219	0,208	0,183	0,181	0,164	0,168	0,177	0,200	0,225	0,247	0,257	0,200	0,000	0,000
12,000	-15,907	-15,939	-15,887	-15,847	-15,797	-15,776	-15,767	-15,755	-15,748	-15,756	-15,735	-15,696	-15,640	-15,520	-15,382	-0,071	0,026	0,051	0,085	0,080	0,069	0,068	0,073	0,082	0,097	0,134	0,175	0,223	0,249	0,203	0,000	0,000
13,000	-8,992	-8,925	-8,972	-8,968	-8,958	-8,930	-8,914	-8,898	-8,868	-8,830	-8,778	-8,708	-8,596	-8,439	-8,226	-0,022	-0,031	-0,018	0,040	0,067	0,092	0,120	0,138	0,170	0,207	0,264	0,314	0,364	0,389	0,312	0,000	0,000
14,000	-12,544	-12,397	-12,499	-12,408	-12,406	-12,382	-12,359	-12,355	-12,346	-12,336	-12,314	-12,283	-12,196	-12,048	-11,843	-0,021	-0,091	-0,003	0,057	0,054	0,066	0,077	0,076	0,101	0,122	0,173	0,227	0,296	0,342	0,283	0,000	0,000
15,000	-9,369	-9,483	-9,406	-9,413	-9,369	-9,366	-9,361	-9,340	-9,322	-9,317	-9,299	-9,262	-9,213	-9,140	-9,053	-0,213	-0,021	-0,012	0,041	0,045	0,055	0,062	0,073	0,087	0,096	0,118	0,136	0,158	0,165	0,136	0,000	0,000
	run	5	2022:11:08    11:29:08,898
0,000	-13,416	-13,488	-13,521	-13,599	-13,619	-13,637	-13,640	-13,650	-13,652	-13,657	-13,649	-13,618	-13,575	-13,481	-13,377	-0,209	-0,171	-0,149	-0,100	-0,080	-0,050	-0,027	-0,013	0,010	0,036	0,078	0,118	0,164	0,190	0,151	0,000	0,000
1,000	-16,932	-16,938	-16,842	-16,665	-16,509	-16,411	-16,347	-16,299	-16,249	-16,217	-16,162	-16,120	-16,067	-15,981	-15,874	-0,022	0,168	0,219	0,326	0,344	0,304	0,286	0,254	0,237	0,221	0,218	0,222	0,224	0,219	0,168	0,000	0,000
2,000	-10,013	-10,003	-9,992	-9,871	-9,773	-9,707	-9,659	-9,624	-9,574	-9,550	-9,485	-9,418	-9,329	-9,190	-9,041	0,030	0,094	0,134	0,223	0,230	0,219	0,220	0,220	0,230	0,236	0,264	0,293	0,310	0,316	0,234	0,000	0,000
3,000	-18,950	-18,962	-18,943	-18,728	-18,551	-18,422	-18,365	-18,308	-18,256	-18,245	-18,207	-18,174	-18,129	-18,030	-17,928	-0,033	0,120	0,196	0,362	0,369	0,319	0,288	0,252	0,223	0,188	0,186	0,200	0,204	0,216	0,160	0,000	0,000
4,000	-10,283	-10,385	-10,282	-10,284	-10,248	-10,236	-10,236	-10,238	-10,236	-10,214	-10,183	-10,130	-10,010	-9,830	-9,588	-0,325	-0,055	-0,047	0,039	0,042	0,051	0,065	0,077	0,109	0,152	0,236	0,297	0,376	0,422	0,349	0,000	0,000
5,000	-11,074	-10,958	-11,083	-11,082	-11,073	-11,058	-11,049	-11,043	-11,014	-11,012	-10,982	-10,913	-10,821	-10,644	-10,426	0,143	-0,030	-0,028	0,022	0,036	0,046	0,077	0,097	0,122	0,152	0,213	0,282	0,352	0,391	0,311	0,000	0,000
6,000	-6,620	-6,225	-6,015	-5,791	-5,685	-5,619	-5,585	-5,555	-5,513	-5,496	-5,452	-5,397	-5,326	-5,207	-5,073	1,174	0,852	0,693	0,465	0,377	0,295	0,264	0,235	0,222	0,216	0,233	0,252	0,268	0,277	0,212	0,000	0,000
7,000	-6,468	-6,273	-6,207	-6,061	-6,006	-5,962	-5,941	-5,931	-5,909	-5,907	-5,896	-5,874	-5,848	-5,814	-5,766	0,440	0,340	0,294	0,236	0,181	0,131	0,126	0,105	0,093	0,085	0,087	0,090	0,096	0,093	0,066	0,000	0,000
8,000	-20,347	-20,638	-20,665	-20,841	-20,852	-20,907	-20,947	-20,976	-21,004	-21,062	-21,076	-21,099	-21,097	-21,068	-21,024	-0,603	-0,391	-0,349	-0,235	-0,191	-0,184	-0,170	-0,160	-0,134	-0,115	-0,068	-0,031	0,001	0,046	0,043	0,000	0,000
9,000	-9,946	-9,914	-9,831	-9,618	-9,471	-9,347	-9,280	-9,227	-9,170	-9,129	-9,070	-9,019	-8,933	-8,810	-8,668	0,022	0,152	0,248	0,369	0,368	0,335	0,318	0,289	0,269	0,260	0,271	0,285	0,296	0,297	0,228	0,000	0,000
10,000	-10,114	-10,091	-9,950	-9,785	-9,691	-9,657	-9,631	-9,620	-9,597	-9,590	-9,566	-9,531	-9,467	-9,370	-9,257	-0,064	0,183	0,207	0,224	0,187	0,156	0,142	0,126	0,131	0,136	0,155	0,180	0,211	0,220	0,173	0,000	0,000
11,000	-10,113	-10,005	-9,975	-9,819	-9,738	-9,679	-9,654	-9,630	-9,601	-9,579	-9,545	-9,495	-9,426	-9,316	-9,183	0,109	0,152	0,184	0,222	0,205	0,178	0,172	0,161	0,168	0,174	0,194	0,224	0,246	0,260	0,200	0,000	0,000
12,000	-15,937	-15,963	-15,901	-15,858	-15,811	-15,787	-15,785	-15,774	-15,756	-15,775	-15,744	-15,704	-15,654	-15,535	-15,389	-0,078	0,037	0,056	0,088	0,082	0,070	0,068	0,076	0,086	0,097	0,144	0,181	0,221	0,257	0,204	0,000	0,000
13,000	-8,901	-8,850	-8,893	-8,879	-8,877	-8,849	-8,833	-8,812	-8,789	-8,748	-8,697	-8,629	-8,521	-8,355	-8,148	-0,035	-0,035	-0,022	0,041	0,060	0,084	0,118	0,133	0,169	0,205	0,260	0,314	0,361	0,387	0,307	0,000	0,000
14,000	-12,475	-12,328	-12,427	-12,337	-12,333	-12,303	-12,289	-12,276	-12,265	-12,265	-12,239	-12,207	-12,119	-11,985	-11,785	-0,006	-0,073	-0,003	0,063	0,068	0,064	0,070	0,078	0,096	0,114	0,171	0,223	0,292	0,331	0,270	0,000	0,000
15,000	-9,226	-9,340	-9,265	-9,272	-9,225	-9,225	-9,214	-9,199	-9,185	-9,176	-9,157	-9,124	-9,080	-9,007	-8,925	-0,209	-0,008	-0,024	0,040	0,041	0,052	0,059	0,075	0,079	0,090	0,111	0,130	0,150	0,160	0,128	0,000	0,000
	run	6	2022:11:08    11:29:08,997
0,000	-12,759	-12,823	-12,841	-12,921	-12,937	-12,957	-12,958	-12,964	-12,960	-12,969	-12,958	-12,933	-12,886	-12,796	-12,695	-0,197	-0,156	-0,129	-0,081	-0,068	-0,037	-0,019	-0,000	0,015	0,039	0,077	0,116	0,158	0,181	0,148	0,000	0,000
1,000	-16,025	-16,057	-15,990	-15,846	-15,721	-15,626	-15,570	-15,524	-15,474	-15,443	-15,392	-15,355	-15,294	-15,209	-15,098	-0,067	0,096	0,147	0,262	0,282	0,268	0,258	0,233	0,218	0,208	0,213	0,220	0,219	0,224	0,168	0,000	0,000
2,000	-10,074	-10,061	-10,035	-9,905	-9,799	-9,726	-9,676	-9,642	-9,587	-9,558	-9,496	-9,426	-9,332	-9,190	-9,023	0,065	0,116	0,161	0,250	0,252	0,235	0,239	0,234	0,239	0,247	0,281	0,303	0,327	0,330	0,247	0,000	0,000
3,000	-20,528	-20,528	-20,458	-20,150	-19,945	-19,820	-19,751	-19,694	-19,640	-19,627	-19,594	-19,557	-19,509	-19,401	-19,288	0,050	0,234	0,314	0,462	0,437	0,370	0,322	0,280	0,240	0,205	0,202	0,214	0,222	0,230	0,180	0,000	0,000
4,000	-10,608	-10,690	-10,595	-10,599	-10,566	-10,552	-10,559	-10,555	-10,555	-10,534	-10,502	-10,438	-10,325	-10,138	-9,889	-0,309	-0,054	-0,050	0,030	0,043	0,051	0,065	0,087	0,113	0,165	0,238	0,311	0,386	0,434	0,357	0,000	0,000
5,000	-11,502	-11,416	-11,519	-11,525	-11,518	-11,501	-11,482	-11,479	-11,456	-11,458	-11,418	-11,358	-11,245	-11,071	-10,836	0,155	-0,031	-0,022	0,027	0,037	0,047	0,074	0,096	0,123	0,161	0,219	0,300	0,362	0,409	0,320	0,000	0,000
6,000	-6,676	-6,261	-6,065	-5,834	-5,725	-5,663	-5,634	-5,595	-5,556	-5,536	-5,482	-5,437	-5,364	-5,247	-5,106	1,175	0,861	0,692	0,470	0,378	0,301	0,268	0,245	0,229	0,219	0,235	0,254	0,275	0,283	0,214	0,000	0,000
7,000	-6,558	-6,371	-6,297	-6,153	-6,095	-6,055	-6,043	-6,024	-6,006	-6,000	-5,988	-5,965	-5,943	-5,897	-5,851	0,443	0,337	0,296	0,232	0,182	0,140	0,126	0,111	0,097	0,088	0,087	0,094	0,095	0,101	0,073	0,000	0,000
8,000	-20,467	-20,766	-20,795	-20,979	-20,986	-21,054	-21,090	-21,116	-21,144	-21,200	-21,218	-21,235	-21,242	-21,205	-21,159	-0,615	-0,397	-0,357	-0,252	-0,200	-0,192	-0,178	-0,162	-0,133	-0,114	-0,070	-0,035	0,000	0,045	0,048	0,000	0,000
9,000	-10,179	-10,129	-10,045	-9,810	-9,660	-9,541	-9,472	-9,419	-9,360	-9,326	-9,267	-9,205	-9,128	-9,004	-8,859	0,020	0,164	0,260	0,377	0,379	0,337	0,321	0,292	0,273	0,262	0,271	0,290	0,298	0,297	0,224	0,000	0,000
10,000	-10,076	-10,075	-9,933	-9,780	-9,691	-9,651	-9,627	-9,612	-9,587	-9,585	-9,562	-9,524	-9,463	-9,366	-9,252	-0,057	0,175	0,195	0,222	0,182	0,148	0,137	0,130	0,123	0,132	0,150	0,180	0,208	0,221	0,174	0,000	0,000
11,000	-10,170	-10,062	-10,012	-9,861	-9,774	-9,720	-9,685	-9,665	-9,632	-9,616	-9,573	-9,529	-9,457	-9,349	-9,219	0,111	0,171	0,188	0,227	0,216	0,184	0,179	0,166	0,165	0,174	0,198	0,223	0,247	0,252	0,194	0,000	0,000
12,000	-15,605	-15,625	-15,578	-15,538	-15,482	-15,463	-15,458	-15,456	-15,438	-15,454	-15,425	-15,388	-15,336	-15,218	-15,083	-0,089	0,028	0,051	0,085	0,078	0,066	0,069	0,066	0,082	0,089	0,139	0,168	0,218	0,247	0,197	0,000	0,000
13,000	-8,703	-8,694	-8,704	-8,707	-8,690	-8,674	-8,656	-8,637	-8,605	-8,576	-8,525	-8,452	-8,346	-8,186	-7,984	-0,062	-0,027	-0,018	0,035	0,066	0,092	0,115	0,134	0,170	0,201	0,253	0,305	0,352	0,375	0,298	0,000	0,000
14,000	-12,057	-11,841	-11,980	-11,898	-11,899	-11,866	-11,847	-11,849	-11,834	-11,839	-11,814	-11,780	-11,696	-11,563	-11,369	0,031	-0,090	-0,011	0,053	0,055	0,055	0,069	0,072	0,088	0,111	0,158	0,212	0,279	0,321	0,264	0,000	0,000
15,000	-8,930	-9,033	-8,950	-8,961	-8,924	-8,922	-8,912	-8,895	-8,881	-8,877	-8,854	-8,826	-8,782	-8,714	-8,638	-0,213	-0,016	-0,020	0,036	0,046	0,052	0,054	0,069	0,077	0,084	0,104	0,124	0,142	0,151	0,126	0,000	0,000
	run	7	2022:11:08    11:29:09,096
0,000	-12,613	-12,692	-12,705	-12,785	-12,802	-12,816	-12,822	-12,829	-12,827	-12,831	-12,825	-12,795	-12,752	-12,660	-12,555	-0,176	-0,155	-0,140	-0,085	-0,070	-0,042	-0,018	-0,003	0,018	0,044	0,079	0,121	0,161	0,188	0,150	0,000	0,000
1,000	-16,387	-16,418	-16,346	-16,181	-16,042	-15,937	-15,882	-15,833	-15,780	-15,748	-15,700	-15,658	-15,597	-15,503	-15,394	-0,047	0,114	0,168	0,293	0,310	0,290	0,276	0,250	0,230	0,220	0,222	0,225	0,227	0,238	0,176	0,000	0,000
2,000	-10,398	-10,385	-10,363	-10,209	-10,095	-10,019	-9,977	-9,934	-9,885	-9,850	-9,783	-9,703	-9,606	-9,456	-9,287	0,080	0,125	0,188	0,266	0,266	0,247	0,252	0,243	0,255	0,261	0,295	0,324	0,344	0,350	0,260	0,000	0,000
3,000	-21,083	-21,030	-20,935	-20,601	-20,384	-20,247	-20,178	-20,118	-20,060	-20,058	-20,025	-19,978	-19,926	-19,821	-19,697	0,093	0,279	0,377	0,501	0,467	0,385	0,335	0,293	0,254	0,212	0,211	0,224	0,229	0,250	0,189	0,000	0,000
4,000	-11,510	-11,623	-11,542	-11,565	-11,542	-11,540	-11,541	-11,544	-11,536	-11,512	-11,473	-11,398	-11,264	-11,041	-10,761	-0,319	-0,094	-0,073	0,002	0,024	0,046	0,067	0,085	0,131	0,186	0,275	0,359	0,449	0,510	0,419	0,000	0,000
5,000	-12,690	-12,574	-12,684	-12,693	-12,682	-12,658	-12,646	-12,645	-12,614	-12,619	-12,573	-12,497	-12,382	-12,160	-11,886	0,183	-0,030	-0,010	0,038	0,051	0,059	0,091	0,113	0,153	0,185	0,262	0,345	0,430	0,480	0,385	0,000	0,000
6,000	-7,268	-6,833	-6,591	-6,315	-6,188	-6,122	-6,087	-6,057	-6,009	-5,979	-5,936	-5,882	-5,799	-5,671	-5,519	1,280	0,965	0,784	0,525	0,415	0,326	0,295	0,262	0,251	0,236	0,253	0,277	0,295	0,305	0,233	0,000	0,000
7,000	-6,851	-6,636	-6,551	-6,390	-6,319	-6,276	-6,256	-6,242	-6,221	-6,221	-6,210	-6,190	-6,173	-6,131	-6,092	0,484	0,376	0,340	0,264	0,201	0,154	0,130	0,121	0,102	0,083	0,081	0,088	0,087	0,088	0,063	0,000	0,000
8,000	-20,703	-20,999	-21,037	-21,234	-21,240	-21,307	-21,347	-21,383	-21,407	-21,463	-21,483	-21,502	-21,504	-21,475	-21,428	-0,627	-0,418	-0,380	-0,253	-0,211	-0,201	-0,180	-0,165	-0,138	-0,118	-0,075	-0,032	-0,003	0,043	0,046	0,000	0,000
9,000	-10,003	-9,955	-9,879	-9,659	-9,511	-9,391	-9,322	-9,265	-9,210	-9,174	-9,120	-9,061	-8,982	-8,853	-8,710	0,015	0,165	0,251	0,373	0,373	0,332	0,316	0,289	0,273	0,262	0,273	0,293	0,296	0,299	0,223	0,000	0,000
10,000	-9,881	-9,896	-9,768	-9,625	-9,537	-9,500	-9,478	-9,461	-9,441	-9,438	-9,414	-9,379	-9,311	-9,227	-9,109	-0,107	0,149	0,162	0,204	0,169	0,145	0,133	0,120	0,122	0,133	0,151	0,173	0,205	0,214	0,172	0,000	0,000
11,000	-9,857	-9,765	-9,719	-9,572	-9,496	-9,440	-9,412	-9,388	-9,358	-9,341	-9,304	-9,257	-9,190	-9,085	-8,960	0,080	0,139	0,160	0,214	0,201	0,174	0,172	0,160	0,162	0,170	0,191	0,218	0,235	0,246	0,187	0,000	0,000
12,000	-15,200	-15,231	-15,173	-15,139	-15,083	-15,065	-15,061	-15,058	-15,043	-15,051	-15,027	-14,997	-14,951	-14,838	-14,708	-0,078	0,030	0,050	0,084	0,079	0,059	0,065	0,063	0,073	0,082	0,122	0,167	0,203	0,232	0,186	0,000	0,000
13,000	-8,474	-8,466	-8,494	-8,494	-8,479	-8,466	-8,442	-8,424	-8,397	-8,364	-8,314	-8,244	-8,143	-7,990	-7,799	-0,057	-0,044	-0,024	0,029	0,056	0,079	0,110	0,131	0,164	0,198	0,246	0,292	0,338	0,358	0,284	0,000	0,000
14,000	-11,607	-11,397	-11,519	-11,462	-11,450	-11,415	-11,400	-11,407	-11,394	-11,394	-11,371	-11,335	-11,265	-11,135	-10,951	0,043	-0,088	0,002	0,060	0,051	0,049	0,062	0,069	0,082	0,106	0,134	0,193	0,268	0,305	0,250	0,000	0,000
15,000	-8,679	-8,791	-8,708	-8,727	-8,684	-8,684	-8,675	-8,659	-8,641	-8,636	-8,618	-8,592	-8,544	-8,479	-8,396	-0,232	-0,014	-0,028	0,032	0,041	0,048	0,053	0,063	0,071	0,088	0,101	0,125	0,144	0,158	0,122	0,000	0,000
	run	8	2022:11:08    11:29:09,144
0,000	-12,897	-12,968	-13,002	-13,081	-13,102	-13,120	-13,124	-13,133	-13,125	-13,134	-13,119	-13,095	-13,049	-12,956	-12,847	-0,205	-0,157	-0,132	-0,094	-0,072	-0,053	-0,024	-0,006	0,020	0,045	0,083	0,123	0,166	0,189	0,151	0,000	0,000
1,000	-16,853	-16,856	-16,780	-16,586	-16,436	-16,326	-16,268	-16,218	-16,158	-16,131	-16,071	-16,034	-15,975	-15,876	-15,769	-0,015	0,155	0,214	0,328	0,344	0,311	0,292	0,262	0,247	0,228	0,232	0,229	0,228	0,234	0,178	0,000	0,000
2,000	-10,398	-10,385	-10,363	-10,209	-10,095	-10,019	-9,977	-9,934	-9,885	-9,850	-9,783	-9,703	-9,606	-9,456	-9,287	0,080	0,125	0,188	0,266	0,266	0,247	0,252	0,243	0,255	0,261	0,295	0,324	0,344	0,350	0,260	0,000	0,000
3,000	-21,083	-21,030	-20,935	-20,601	-20,384	-20,247	-20,178	-20,118	-20,060	-20,058	-20,025	-19,978	-19,926	-19,821	-19,697	0,093	0,279	0,377	0,501	0,467	0,385	0,335	0,293	0,254	0,212	0,211	0,224	0,229	0,250	0,189	0,000	0,000
4,000	-11,510	-11,623	-11,542	-11,565	-11,542	-11,540	-11,541	-11,544	-11,536	-11,512	-11,473	-11,398	-11,264	-11,041	-10,761	-0,319	-0,094	-0,073	0,002	0,024	0,046	0,067	0,085	0,131	0,186	0,275	0,359	0,449	0,510	0,419	0,000	0,000
5,000	-12,690	-12,574	-12,684	-12,693	-12,682	-12,658	-12,646	-12,645	-12,614	-12,619	-12,573	-12,497	-12,382	-12,160	-11,886	0,183	-0,030	-0,010	0,038	0,051	0,059	0,091	0,113	0,153	0,185	0,262	0,345	0,430	0,480	0,385	0,000	0,000
6,000	-7,268	-6,833	-6,591	-6,315	-6,188	-6,122	-6,087	-6,057	-6,009	-5,979	-5,936	-5,882	-5,799	-5,671	-5,519	1,280	0,965	0,784	0,525	0,415	0,326	0,295	0,262	0,251	0,236	0,253	0,277	0,295	0,305	0,233	0,000	0,000
7,000	-6,851	-6,636	-6,551	-6,390	-6,319	-6,276	-6,256	-6,242	-6,221	-6,221	-6,210	-6,190	-6,173	-6,131	-6,092	0,484	0,376	0,340	0,264	0,201	0,154	0,130	0,121	0,102	0,083	0,081	0,088	0,087	0,088	0,063	0,000	0,000
8,000	-20,598	-20,904	-20,952	-21,137	-21,151	-21,219	-21,256	-21,294	-21,320	-21,381	-21,386	-21,418	-21,424	-21,391	-21,341	-0,637	-0,424	-0,377	-0,267	-0,213	-0,201	-0,185	-0,172	-0,145	-0,119	-0,084	-0,038	-0,002	0,039	0,038	0,000	0,000
9,000	-9,835	-9,798	-9,723	-9,505	-9,357	-9,232	-9,165	-9,110	-9,059	-9,018	-8,962	-8,911	-8,831	-8,709	-8,572	0,003	0,157	0,253	0,370	0,360	0,337	0,317	0,285	0,271	0,256	0,268	0,280	0,287	0,292	0,219	0,000	0,000
10,000	-9,609	-9,661	-9,551	-9,445	-9,363	-9,336	-9,314	-9,297	-9,271	-9,271	-9,252	-9,216	-9,156	-9,063	-8,954	-0,153	0,091	0,115	0,167	0,140	0,127	0,122	0,116	0,108	0,123	0,144	0,165	0,194	0,205	0,165	0,000	0,000
11,000	-9,685	-9,612	-9,579	-9,444	-9,370	-9,321	-9,288	-9,265	-9,234	-9,213	-9,180	-9,137	-9,071	-8,973	-8,852	0,060	0,112	0,148	0,197	0,189	0,166	0,164	0,152	0,157	0,164	0,182	0,207	0,223	0,236	0,181	0,000	0,000
12,000	-14,762	-14,777	-14,731	-14,688	-14,637	-14,619	-14,619	-14,606	-14,597	-14,605	-14,589	-14,554	-14,509	-14,406	-14,280	-0,062	0,040	0,051	0,076	0,079	0,059	0,060	0,067	0,069	0,083	0,124	0,158	0,196	0,226	0,175	0,000	0,000
13,000	-8,250	-8,236	-8,268	-8,273	-8,261	-8,242	-8,226	-8,212	-8,182	-8,148	-8,101	-8,047	-7,938	-7,793	-7,607	-0,066	-0,051	-0,038	0,024	0,054	0,081	0,105	0,125	0,154	0,185	0,232	0,282	0,322	0,338	0,272	0,000	0,000
14,000	-11,350	-11,180	-11,281	-11,218	-11,212	-11,190	-11,170	-11,170	-11,168	-11,156	-11,138	-11,097	-11,029	-10,900	-10,719	0,033	-0,075	-0,017	0,046	0,046	0,044	0,055	0,067	0,080	0,107	0,160	0,200	0,266	0,302	0,248	0,000	0,000
15,000	-8,806	-8,940	-8,854	-8,870	-8,829	-8,829	-8,818	-8,802	-8,784	-8,784	-8,759	-8,727	-8,685	-8,611	-8,528	-0,233	-0,021	-0,029	0,032	0,043	0,057	0,057	0,069	0,075	0,093	0,108	0,130	0,150	0,164	0,128	0,000	0,000
	run	9	2022:11:08    11:29:09,245
0,000	-13,394	-13,449	-13,485	-13,572	-13,594	-13,614	-13,618	-13,630	-13,627	-13,632	-13,628	-13,596	-13,548	-13,451	-13,338	-0,200	-0,178	-0,153	-0,098	-0,081	-0,055	-0,032	-0,014	0,018	0,043	0,082	0,123	0,172	0,191	0,156	0,000	0,000
1,000	-17,201	-17,214	-17,117	-16,933	-16,776	-16,667	-16,600	-16,548	-16,496	-16,461	-16,410	-16,361	-16,300	-16,204	-16,089	-0,004	0,158	0,225	0,340	0,354	0,323	0,299	0,268	0,254	0,236	0,240	0,239	0,240	0,243	0,179	0,000	0,000
2,000	-10,532	-10,503	-10,485	-10,325	-10,217	-10,142	-10,098	-10,063	-10,004	-9,974	-9,907	-9,829	-9,728	-9,570	-9,390	0,084	0,130	0,178	0,259	0,263	0,250	0,251	0,245	0,257	0,266	0,295	0,336	0,358	0,361	0,276	0,000	0,000
3,000	-20,862	-20,857	-20,787	-20,444	-20,228	-20,088	-20,020	-19,963	-19,907	-19,896	-19,860	-19,823	-19,773	-19,663	-19,537	0,088	0,256	0,354	0,496	0,471	0,388	0,341	0,294	0,255	0,214	0,213	0,224	0,234	0,249	0,192	0,000	0,000
4,000	-11,279	-11,372	-11,298	-11,303	-11,279	-11,276	-11,280	-11,282	-11,274	-11,254	-11,209	-11,140	-11,012	-10,797	-10,518	-0,333	-0,079	-0,063	0,011	0,030	0,046	0,067	0,086	0,125	0,181	0,269	0,351	0,442	0,496	0,404	0,000	0,000
5,000	-12,111	-12,001	-12,112	-12,110	-12,106	-12,086	-12,075	-12,070	-12,045	-12,044	-12,012	-11,940	-11,825	-11,617	-11,366	0,166	-0,016	-0,027	0,036	0,049	0,053	0,081	0,101	0,138	0,172	0,243	0,324	0,396	0,444	0,360	0,000	0,000
6,000	-7,195	-6,749	-6,522	-6,253	-6,131	-6,057	-6,021	-5,988	-5,947	-5,927	-5,880	-5,823	-5,745	-5,624	-5,473	1,273	0,963	0,783	0,516	0,411	0,326	0,290	0,256	0,240	0,230	0,249	0,265	0,288	0,299	0,229	0,000	0,000
7,000	-6,798	-6,588	-6,517	-6,367	-6,290	-6,248	-6,227	-6,213	-6,189	-6,187	-6,171	-6,155	-6,132	-6,092	-6,047	0,459	0,355	0,318	0,252	0,203	0,147	0,134	0,112	0,099	0,085	0,086	0,087	0,093	0,090	0,062	0,000	0,000
8,000	-20,439	-20,732	-20,758	-20,945	-20,953	-21,018	-21,056	-21,096	-21,121	-21,180	-21,192	-21,213	-21,221	-21,189	-21,146	-0,600	-0,392	-0,363	-0,251	-0,209	-0,200	-0,181	-0,167	-0,145	-0,117	-0,081	-0,036	-0,008	0,038	0,043	0,000	0,000
9,000	-9,702	-9,680	-9,608	-9,401	-9,258	-9,133	-9,066	-9,016	-8,958	-8,920	-8,868	-8,814	-8,733	-8,619	-8,482	0,005	0,141	0,229	0,350	0,359	0,333	0,308	0,281	0,268	0,256	0,258	0,272	0,285	0,284	0,214	0,000	0,000
10,000	-9,554	-9,609	-9,500	-9,413	-9,342	-9,316	-9,297	-9,279	-9,262	-9,257	-9,227	-9,202	-9,145	-9,055	-8,948	-0,132	0,066	0,093	0,143	0,130	0,113	0,108	0,107	0,105	0,118	0,135	0,159	0,189	0,200	0,161	0,000	0,000
11,000	-9,580	-9,490	-9,471	-9,348	-9,272	-9,223	-9,194	-9,173	-9,142	-9,121	-9,087	-9,045	-8,982	-8,886	-8,772	0,046	0,101	0,131	0,185	0,184	0,158	0,158	0,145	0,149	0,156	0,173	0,204	0,214	0,227	0,170	0,000	0,000
12,000	-14,467	-14,487	-14,436	-14,397	-14,345	-14,333	-14,327	-14,322	-14,308	-14,315	-14,300	-14,270	-14,223	-14,126	-14,001	-0,055	0,038	0,060	0,084	0,073	0,059	0,061	0,057	0,068	0,077	0,111	0,156	0,189	0,213	0,170	0,000	0,000
13,000	-8,242	-8,203	-8,248	-8,248	-8,238	-8,223	-8,201	-8,190	-8,160	-8,125	-8,082	-8,016	-7,911	-7,766	-7,575	-0,054	-0,052	-0,028	0,027	0,056	0,080	0,103	0,124	0,155	0,188	0,235	0,283	0,329	0,348	0,276	0,000	0,000
14,000	-11,707	-11,556	-11,666	-11,593	-11,597	-11,559	-11,544	-11,550	-11,527	-11,535	-11,509	-11,474	-11,395	-11,256	-11,063	-0,019	-0,108	-0,016	0,047	0,051	0,046	0,070	0,066	0,090	0,106	0,159	0,216	0,275	0,317	0,262	0,000	0,000
15,000	-9,187	-9,299	-9,227	-9,220	-9,180	-9,180	-9,173	-9,152	-9,132	-9,123	-9,105	-9,072	-9,021	-8,953	-8,870	-0,231	-0,011	-0,009	0,044	0,049	0,055	0,064	0,077	0,085	0,096	0,113	0,132	0,152	0,166	0,132	0,000	0,000
	run	10	2022:11:08    11:29:09,297
0,000	-13,394	-13,449	-13,485	-13,572	-13,594	-13,614	-13,618	-13,630	-13,627	-13,632	-13,628	-13,596	-13,548	-13,451	-13,338	-0,200	-0,178	-0,153	-0,098	-0,081	-0,055	-0,032	-0,014	0,018	0,043	0,082	0,123	0,172	0,191	0,156	0,000	0,000
1,000	-17,201	-17,214	-17,117	-16,933	-16,776	-16,667	-16,600	-16,548	-16,496	-16,461	-16,410	-16,361	-16,300	-16,204	-16,089	-0,004	0,158	0,225	0,340	0,354	0,323	0,299	0,268	0,254	0,236	0,240	0,239	0,240	0,243	0,179	0,000	0,000
2,000	-10,532	-10,503	-10,485	-10,325	-10,217	-10,142	-10,098	-10,063	-10,004	-9,974	-9,907	-9,829	-9,728	-9,570	-9,390	0,084	0,130	0,178	0,259	0,263	0,250	0,251	0,245	0,257	0,266	0,295	0,336	0,358	0,361	0,276	0,000	0,000
3,000	-20,862	-20,857	-20,787	-20,444	-20,228	-20,088	-20,020	-19,963	-19,907	-19,896	-19,860	-19,823	-19,773	-19,663	-19,537	0,088	0,256	0,354	0,496	0,471	0,388	0,341	0,294	0,255	0,214	0,213	0,224	0,234	0,249	0,192	0,000	0,000
4,000	-11,279	-11,372	-11,298	-11,303	-11,279	-11,276	-11,280	-11,282	-11,274	-11,254	-11,209	-11,140	-11,012	-10,797	-10,518	-0,333	-0,079	-0,063	0,011	0,030	0,046	0,067	0,086	0,125	0,181	0,269	0,351	0,442	0,496	0,404	0,000	0,000
5,000	-12,111	-12,001	-12,112	-12,110	-12,106	-12,086	-12,075	-12,070	-12,045	-12,044	-12,012	-11,940	-11,825	-11,617	-11,366	0,166	-0,016	-0,027	0,036	0,049	0,053	0,081	0,101	0,138	0,172	0,243	0,324	0,396	0,444	0,360	0,000	0,000
6,000	-6,911	-6,490	-6,274	-6,024	-5,907	-5,836	-5,799	-5,767	-5,726	-5,704	-5,654	-5,609	-5,532	-5,414	-5,273	1,242	0,922	0,736	0,499	0,399	0,315	0,280	0,250	0,237	0,226	0,238	0,254	0,280	0,288	0,219	0,000	0,000
7,000	-6,476	-6,278	-6,219	-6,097	-6,033	-5,989	-5,977	-5,957	-5,943	-5,942	-5,930	-5,909	-5,891	-5,853	-5,814	0,441	0,320	0,278	0,220	0,180	0,133	0,124	0,105	0,093	0,079	0,080	0,080	0,084	0,085	0,067	0,000	0,000
8,000	-19,951	-20,219	-20,237	-20,402	-20,408	-20,462	-20,509	-20,538	-20,570	-20,622	-20,638	-20,662	-20,667	-20,634	-20,598	-0,590	-0,366	-0,332	-0,229	-0,191	-0,184	-0,169	-0,165	-0,132	-0,110	-0,080	-0,038	-0,007	0,035	0,040	0,000	0,000
9,000	-9,614	-9,600	-9,537	-9,352	-9,215	-9,101	-9,034	-8,980	-8,925	-8,888	-8,834	-8,785	-8,702	-8,595	-8,465	-0,018	0,112	0,197	0,323	0,338	0,311	0,302	0,275	0,258	0,247	0,257	0,260	0,273	0,273	0,205	0,000	0,000
10,000	-9,466	-9,507	-9,408	-9,313	-9,248	-9,216	-9,196	-9,186	-9,163	-9,161	-9,137	-9,100	-9,052	-8,964	-8,859	-0,138	0,072	0,094	0,141	0,132	0,118	0,106	0,106	0,100	0,120	0,134	0,154	0,186	0,195	0,157	0,000	0,000
11,000	-9,569	-9,489	-9,473	-9,349	-9,281	-9,231	-9,195	-9,174	-9,146	-9,128	-9,092	-9,051	-8,990	-8,891	-8,781	0,039	0,095	0,127	0,181	0,181	0,160	0,156	0,149	0,151	0,156	0,176	0,201	0,219	0,220	0,172	0,000	0,000
12,000	-14,647	-14,674	-14,617	-14,578	-14,524	-14,508	-14,504	-14,498	-14,482	-14,502	-14,477	-14,446	-14,399	-14,287	-14,163	-0,064	0,039	0,057	0,084	0,077	0,064	0,061	0,061	0,071	0,085	0,118	0,155	0,194	0,223	0,177	0,000	0,000
13,000	-8,452	-8,372	-8,441	-8,427	-8,430	-8,407	-8,389	-8,375	-8,343	-8,312	-8,265	-8,198	-8,097	-7,946	-7,755	-0,039	-0,052	-0,028	0,025	0,051	0,077	0,107	0,121	0,155	0,196	0,239	0,291	0,337	0,357	0,282	0,000	0,000
14,000	-12,362	-12,241	-12,314	-12,242	-12,236	-12,202	-12,186	-12,185	-12,171	-12,170	-12,149	-12,112	-12,023	-11,881	-11,680	-0,059	-0,075	-0,015	0,052	0,062	0,058	0,072	0,079	0,089	0,121	0,170	0,227	0,293	0,341	0,271	0,000	0,000
15,000	-9,452	-9,538	-9,473	-9,472	-9,437	-9,428	-9,423	-9,404	-9,387	-9,375	-9,357	-9,320	-9,274	-9,198	-9,112	-0,204	-0,011	-0,011	0,045	0,046	0,057	0,061	0,078	0,088	0,095	0,120	0,139	0,158	0,172	0,137	0,000	0,000
	run	11	2022:11:08    11:29:09,396
0,000	-13,803	-13,884	-13,908	-14,004	-14,027	-14,045	-14,052	-14,060	-14,058	-14,070	-14,062	-14,026	-13,969	-13,872	-13,751	-0,217	-0,188	-0,161	-0,112	-0,085	-0,057	-0,031	-0,016	0,017	0,042	0,086	0,141	0,178	0,206	0,168	0,000	0,000
1,000	-17,543	-17,526	-17,425	-17,209	-17,051	-16,934	-16,871	-16,817	-16,760	-16,736	-16,672	-16,625	-16,572	-16,465	-16,359	0,039	0,206	0,274	0,372	0,379	0,330	0,310	0,278	0,265	0,240	0,236	0,245	0,236	0,243	0,186	0,000	0,000
2,000	-10,668	-10,635	-10,612	-10,461	-10,354	-10,278	-10,234	-10,197	-10,141	-10,108	-10,042	-9,963	-9,864	-9,706	-9,528	0,080	0,130	0,184	0,265	0,265	0,243	0,250	0,248	0,256	0,261	0,302	0,332	0,356	0,369	0,275	0,000	0,000
3,000	-20,736	-20,707	-20,640	-20,293	-20,076	-19,937	-19,867	-19,813	-19,759	-19,747	-19,711	-19,674	-19,620	-19,515	-19,393	0,035	0,266	0,346	0,494	0,474	0,386	0,340	0,291	0,251	0,215	0,206	0,223	0,227	0,244	0,183	0,000	0,000
4,000	-11,063	-11,169	-11,067	-11,085	-11,065	-11,052	-11,058	-11,054	-11,054	-11,037	-10,990	-10,921	-10,800	-10,587	-10,318	-0,325	-0,060	-0,070	0,022	0,033	0,050	0,072	0,085	0,123	0,178	0,264	0,345	0,427	0,482	0,395	0,000	0,000
5,000	-11,683	-11,581	-11,677	-11,684	-11,679	-11,658	-11,644	-11,643	-11,616	-11,622	-11,575	-11,505	-11,408	-11,216	-10,982	0,162	-0,024	-0,015	0,033	0,048	0,051	0,075	0,102	0,129	0,165	0,226	0,303	0,375	0,417	0,335	0,000	0,000
6,000	-6,624	-6,209	-6,009	-5,773	-5,662	-5,600	-5,564	-5,530	-5,496	-5,468	-5,429	-5,377	-5,306	-5,196	-5,057	1,189	0,874	0,693	0,466	0,378	0,301	0,268	0,238	0,230	0,221	0,229	0,248	0,264	0,272	0,208	0,000	0,000
7,000	-6,277	-6,089	-6,035	-5,931	-5,878	-5,844	-5,827	-5,812	-5,796	-5,789	-5,783	-5,764	-5,748	-5,706	-5,670	0,424	0,294	0,251	0,200	0,155	0,114	0,109	0,094	0,087	0,078	0,073	0,079	0,080	0,083	0,064	0,000	0,000
8,000	-19,327	-19,609	-19,618	-19,750	-19,748	-19,805	-19,834	-19,860	-19,885	-19,940	-19,960	-19,977	-19,987	-19,950	-19,917	-0,553	-0,323	-0,281	-0,192	-0,162	-0,160	-0,148	-0,143	-0,123	-0,107	-0,064	-0,030	-0,008	0,029	0,041	0,000	0,000
9,000	-9,388	-9,412	-9,360	-9,215	-9,095	-8,985	-8,921	-8,873	-8,817	-8,778	-8,728	-8,680	-8,603	-8,495	-8,367	-0,030	0,072	0,150	0,284	0,308	0,290	0,285	0,263	0,247	0,230	0,243	0,255	0,266	0,258	0,200	0,000	0,000
10,000	-9,364	-9,398	-9,311	-9,206	-9,139	-9,107	-9,087	-9,080	-9,057	-9,051	-9,027	-8,993	-8,938	-8,854	-8,749	-0,127	0,075	0,090	0,152	0,126	0,118	0,108	0,111	0,106	0,122	0,138	0,150	0,184	0,197	0,160	0,000	0,000
11,000	-9,626	-9,554	-9,526	-9,408	-9,338	-9,286	-9,257	-9,232	-9,201	-9,187	-9,152	-9,111	-9,041	-8,947	-8,828	0,045	0,098	0,135	0,183	0,181	0,164	0,157	0,147	0,153	0,157	0,182	0,204	0,225	0,231	0,175	0,000	0,000
12,000	-15,102	-15,124	-15,064	-15,030	-14,978	-14,959	-14,953	-14,945	-14,935	-14,941	-14,927	-14,887	-14,832	-14,725	-14,592	-0,065	0,035	0,057	0,087	0,081	0,064	0,069	0,069	0,076	0,081	0,131	0,165	0,200	0,233	0,187	0,000	0,000
13,000	-8,720	-8,664	-8,715	-8,698	-8,692	-8,671	-8,648	-8,637	-8,608	-8,579	-8,524	-8,460	-8,351	-8,201	-8,008	-0,047	-0,048	-0,020	0,039	0,059	0,079	0,109	0,128	0,158	0,196	0,246	0,298	0,344	0,363	0,289	0,000	0,000
14,000	-12,603	-12,467	-12,562	-12,475	-12,465	-12,434	-12,416	-12,424	-12,405	-12,406	-12,387	-12,343	-12,262	-12,110	-11,898	-0,043	-0,083	-0,005	0,060	0,061	0,059	0,084	0,077	0,098	0,126	0,167	0,229	0,305	0,347	0,284	0,000	0,000
15,000	-9,436	-9,544	-9,459	-9,473	-9,427	-9,427	-9,415	-9,396	-9,377	-9,373	-9,352	-9,322	-9,269	-9,186	-9,100	-0,193	-0,013	-0,018	0,040	0,051	0,054	0,062	0,076	0,083	0,099	0,119	0,138	0,166	0,174	0,140	0,000	0,000
	run	12	2022:11:08    11:29:09,497
0,000	-13,380	-13,440	-13,479	-13,549	-13,577	-13,597	-13,601	-13,604	-13,604	-13,612	-13,604	-13,577	-13,529	-13,435	-13,323	-0,187	-0,160	-0,141	-0,092	-0,078	-0,053	-0,032	-0,014	0,016	0,035	0,078	0,127	0,162	0,195	0,156	0,000	0,000
1,000	-17,065	-17,092	-17,003	-16,826	-16,668	-16,565	-16,498	-16,444	-16,394	-16,362	-16,309	-16,267	-16,203	-16,112	-15,998	-0,005	0,154	0,213	0,330	0,341	0,310	0,295	0,261	0,251	0,226	0,224	0,233	0,235	0,233	0,177	0,000	0,000
2,000	-10,354	-10,336	-10,305	-10,162	-10,058	-9,989	-9,943	-9,902	-9,847	-9,812	-9,748	-9,677	-9,578	-9,426	-9,260	0,065	0,113	0,164	0,255	0,258	0,237	0,244	0,242	0,248	0,255	0,288	0,322	0,343	0,342	0,259	0,000	0,000
3,000	-20,372	-20,380	-20,315	-20,005	-19,806	-19,660	-19,593	-19,539	-19,483	-19,471	-19,434	-19,397	-19,345	-19,240	-19,121	0,035	0,229	0,308	0,456	0,446	0,377	0,330	0,284	0,245	0,207	0,208	0,222	0,225	0,239	0,177	0,000	0,000
4,000	-11,029	-11,137	-11,035	-11,053	-11,021	-11,022	-11,023	-11,025	-11,016	-10,998	-10,964	-10,894	-10,771	-10,572	-10,306	-0,334	-0,060	-0,054	0,016	0,034	0,053	0,070	0,084	0,118	0,174	0,256	0,340	0,416	0,470	0,385	0,000	0,000
5,000	-11,931	-11,839	-11,954	-11,963	-11,952	-11,933	-11,923	-11,916	-11,887	-11,890	-11,854	-11,781	-11,681	-11,488	-11,247	0,168	-0,027	-0,023	0,022	0,042	0,049	0,079	0,105	0,128	0,163	0,233	0,309	0,380	0,421	0,341	0,000	0,000
6,000	-6,815	-6,389	-6,172	-5,939	-5,812	-5,747	-5,711	-5,680	-5,642	-5,624	-5,571	-5,521	-5,450	-5,330	-5,194	1,204	0,898	0,724	0,496	0,389	0,311	0,273	0,246	0,233	0,226	0,239	0,250	0,271	0,284	0,213	0,000	0,000
7,000	-6,390	-6,207	-6,147	-6,030	-5,971	-5,938	-5,918	-5,905	-5,889	-5,879	-5,872	-5,854	-5,835	-5,795	-5,750	0,431	0,292	0,259	0,202	0,169	0,129	0,112	0,097	0,087	0,081	0,079	0,083	0,083	0,085	0,060	0,000	0,000
8,000	-19,098	-19,401	-19,386	-19,508	-19,505	-19,558	-19,589	-19,615	-19,643	-19,691	-19,707	-19,726	-19,731	-19,697	-19,660	-0,576	-0,322	-0,276	-0,183	-0,144	-0,151	-0,146	-0,131	-0,118	-0,100	-0,061	-0,030	0,004	0,040	0,047	0,000	0,000
9,000	-9,267	-9,266	-9,229	-9,096	-8,976	-8,872	-8,814	-8,762	-8,709	-8,673	-8,625	-8,572	-8,500	-8,395	-8,269	-0,030	0,065	0,138	0,270	0,292	0,276	0,265	0,250	0,236	0,232	0,241	0,254	0,262	0,258	0,196	0,000	0,000
10,000	-9,504	-9,527	-9,434	-9,304	-9,224	-9,192	-9,167	-9,157	-9,129	-9,129	-9,105	-9,068	-9,011	-8,924	-8,818	-0,122	0,097	0,127	0,174	0,154	0,133	0,128	0,115	0,112	0,128	0,143	0,161	0,195	0,205	0,159	0,000	0,000
11,000	-9,857	-9,775	-9,734	-9,608	-9,536	-9,483	-9,454	-9,428	-9,404	-9,381	-9,345	-9,300	-9,237	-9,135	-9,015	0,072	0,126	0,144	0,189	0,191	0,162	0,160	0,154	0,155	0,157	0,181	0,211	0,232	0,238	0,183	0,000	0,000
12,000	-15,519	-15,545	-15,486	-15,450	-15,395	-15,375	-15,371	-15,362	-15,352	-15,360	-15,343	-15,298	-15,247	-15,127	-14,998	-0,074	0,032	0,058	0,081	0,081	0,063	0,071	0,071	0,080	0,091	0,136	0,170	0,211	0,244	0,194	0,000	0,000
13,000	-8,840	-8,781	-8,830	-8,820	-8,813	-8,788	-8,768	-8,758	-8,723	-8,690	-8,643	-8,572	-8,472	-8,316	-8,114	-0,032	-0,041	-0,023	0,039	0,064	0,082	0,115	0,132	0,163	0,200	0,249	0,298	0,344	0,368	0,293	0,000	0,000
14,000	-12,446	-12,315	-12,415	-12,329	-12,325	-12,294	-12,276	-12,271	-12,259	-12,249	-12,230	-12,195	-12,109	-11,969	-11,762	-0,032	-0,083	-0,006	0,057	0,061	0,058	0,072	0,075	0,094	0,118	0,176	0,227	0,299	0,336	0,280	0,000	0,000
15,000	-9,311	-9,420	-9,344	-9,354	-9,309	-9,309	-9,300	-9,286	-9,267	-9,254	-9,238	-9,202	-9,155	-9,083	-8,997	-0,215	-0,012	-0,018	0,044	0,047	0,056	0,061	0,071	0,086	0,096	0,115	0,132	0,155	0,170	0,137	0,000	0,000
	run	13	2022:11:08    11:29:09,544
0,000	-13,044	-13,108	-13,136	-13,204	-13,223	-13,243	-13,250	-13,256	-13,251	-13,262	-13,251	-13,224	-13,176	-13,089	-12,976	-0,198	-0,156	-0,143	-0,092	-0,074	-0,047	-0,026	-0,001	0,012	0,041	0,080	0,118	0,164	0,189	0,152	0,000	0,000
1,000	-16,480	-16,497	-16,423	-16,257	-16,114	-16,009	-15,953	-15,904	-15,850	-15,816	-15,770	-15,728	-15,666	-15,579	-15,471	-0,042	0,133	0,180	0,300	0,319	0,295	0,280	0,250	0,234	0,223	0,221	0,223	0,223	0,224	0,165	0,000	0,000
2,000	-10,354	-10,336	-10,305	-10,162	-10,058	-9,989	-9,943	-9,902	-9,847	-9,812	-9,748	-9,677	-9,578	-9,426	-9,260	0,065	0,113	0,164	0,255	0,258	0,237	0,244	0,242	0,248	0,255	0,288	0,322	0,343	0,342	0,259	0,000	0,000
3,000	-20,372	-20,380	-20,315	-20,005	-19,806	-19,660	-19,593	-19,539	-19,483	-19,471	-19,434	-19,397	-19,345	-19,240	-19,121	0,035	0,229	0,308	0,456	0,446	0,377	0,330	0,284	0,245	0,207	0,208	0,222	0,225	0,239	0,177	0,000	0,000
4,000	-11,029	-11,137	-11,035	-11,053	-11,021	-11,022	-11,023	-11,025	-11,016	-10,998	-10,964	-10,894	-10,771	-10,572	-10,306	-0,334	-0,060	-0,054	0,016	0,034	0,053	0,070	0,084	0,118	0,174	0,256	0,340	0,416	0,470	0,385	0,000	0,000
5,000	-11,931	-11,839	-11,954	-11,963	-11,952	-11,933	-11,923	-11,916	-11,887	-11,890	-11,854	-11,781	-11,681	-11,488	-11,247	0,168	-0,027	-0,023	0,022	0,042	0,049	0,079	0,105	0,128	0,163	0,233	0,309	0,380	0,421	0,341	0,000	0,000
6,000	-6,815	-6,389	-6,172	-5,939	-5,812	-5,747	-5,711	-5,680	-5,642	-5,624	-5,571	-5,521	-5,450	-5,330	-5,194	1,204	0,898	0,724	0,496	0,389	0,311	0,273	0,246	0,233	0,226	0,239	0,250	0,271	0,284	0,213	0,000	0,000
7,000	-6,390	-6,207	-6,147	-6,030	-5,971	-5,938	-5,918	-5,905	-5,889	-5,879	-5,872	-5,854	-5,835	-5,795	-5,750	0,431	0,292	0,259	0,202	0,169	0,129	0,112	0,097	0,087	0,081	0,079	0,083	0,083	0,085	0,060	0,000	0,000
8,000	-19,563	-19,848	-19,851	-19,996	-19,998	-20,049	-20,094	-20,118	-20,144	-20,198	-20,213	-20,234	-20,241	-20,208	-20,164	-0,579	-0,356	-0,301	-0,208	-0,167	-0,166	-0,156	-0,149	-0,126	-0,106	-0,068	-0,032	0,002	0,044	0,043	0,000	0,000
9,000	-9,575	-9,577	-9,520	-9,372	-9,239	-9,124	-9,060	-9,010	-8,954	-8,916	-8,868	-8,810	-8,735	-8,621	-8,486	-0,030	0,097	0,166	0,299	0,318	0,301	0,291	0,268	0,254	0,240	0,252	0,265	0,275	0,275	0,205	0,000	0,000
10,000	-9,708	-9,737	-9,623	-9,489	-9,407	-9,366	-9,346	-9,330	-9,313	-9,307	-9,276	-9,244	-9,185	-9,094	-8,982	-0,106	0,110	0,145	0,189	0,162	0,142	0,129	0,120	0,119	0,130	0,147	0,167	0,204	0,209	0,162	0,000	0,000
11,000	-10,065	-9,983	-9,949	-9,813	-9,728	-9,674	-9,645	-9,626	-9,594	-9,575	-9,538	-9,493	-9,430	-9,325	-9,203	0,076	0,128	0,159	0,201	0,194	0,168	0,165	0,152	0,156	0,160	0,187	0,212	0,233	0,243	0,191	0,000	0,000
12,000	-15,484	-15,528	-15,461	-15,420	-15,367	-15,352	-15,342	-15,333	-15,317	-15,321	-15,303	-15,266	-15,216	-15,103	-14,964	-0,072	0,027	0,056	0,085	0,081	0,067	0,069	0,070	0,084	0,092	0,132	0,171	0,211	0,244	0,201	0,000	0,000
13,000	-8,655	-8,648	-8,668	-8,669	-8,657	-8,631	-8,617	-8,599	-8,572	-8,538	-8,488	-8,420	-8,316	-8,153	-7,954	-0,068	-0,040	-0,016	0,036	0,065	0,088	0,112	0,132	0,166	0,201	0,254	0,299	0,353	0,368	0,298	0,000	0,000
14,000	-12,025	-11,841	-11,972	-11,873	-11,878	-11,845	-11,825	-11,831	-11,816	-11,808	-11,789	-11,745	-11,676	-11,542	-11,347	0,041	-0,099	-0,016	0,057	0,056	0,048	0,068	0,069	0,087	0,109	0,162	0,208	0,280	0,325	0,266	0,000	0,000
15,000	-9,028	-9,140	-9,061	-9,071	-9,027	-9,026	-9,012	-9,002	-8,979	-8,978	-8,956	-8,930	-8,883	-8,810	-8,728	-0,219	-0,005	-0,022	0,034	0,048	0,053	0,058	0,072	0,076	0,090	0,107	0,126	0,151	0,158	0,127	0,000	0,000
	run	14	2022:11:08    11:29:09,644
0,000	-12,656	-12,727	-12,749	-12,822	-12,840	-12,854	-12,856	-12,861	-12,862	-12,873	-12,860	-12,830	-12,784	-12,703	-12,595	-0,192	-0,151	-0,132	-0,089	-0,068	-0,039	-0,018	-0,002	0,018	0,036	0,074	0,118	0,155	0,183	0,146	0,000	0,000
1,000	-16,213	-16,239	-16,174	-16,037	-15,903	-15,804	-15,749	-15,703	-15,652	-15,613	-15,568	-15,526	-15,468	-15,377	-15,272	-0,054	0,097	0,165	0,269	0,295	0,279	0,264	0,237	0,228	0,212	0,215	0,219	0,219	0,221	0,168	0,000	0,000
2,000	-10,144	-10,126	-10,106	-9,965	-9,867	-9,790	-9,746	-9,709	-9,657	-9,627	-9,563	-9,492	-9,397	-9,250	-9,094	0,058	0,110	0,162	0,245	0,252	0,230	0,239	0,238	0,241	0,251	0,276	0,308	0,326	0,331	0,248	0,000	0,000
3,000	-20,393	-20,401	-20,364	-20,058	-19,854	-19,724	-19,660	-19,602	-19,550	-19,539	-19,493	-19,467	-19,416	-19,317	-19,192	0,025	0,198	0,303	0,437	0,431	0,363	0,320	0,272	0,242	0,203	0,202	0,219	0,223	0,239	0,177	0,000	0,000
4,000	-11,080	-11,197	-11,096	-11,112	-11,073	-11,080	-11,079	-11,076	-11,072	-11,055	-11,017	-10,951	-10,833	-10,630	-10,372	-0,341	-0,058	-0,044	0,016	0,037	0,052	0,069	0,079	0,118	0,173	0,256	0,330	0,406	0,458	0,378	0,000	0,000
5,000	-12,196	-12,125	-12,234	-12,243	-12,229	-12,214	-12,196	-12,193	-12,169	-12,167	-12,124	-12,052	-11,939	-11,736	-11,476	0,142	-0,035	-0,024	0,027	0,045	0,052	0,087	0,104	0,139	0,174	0,248	0,326	0,406	0,456	0,366	0,000	0,000
6,000	-7,075	-6,637	-6,411	-6,159	-6,042	-5,971	-5,932	-5,907	-5,862	-5,840	-5,789	-5,735	-5,660	-5,534	-5,388	1,231	0,926	0,741	0,506	0,407	0,320	0,289	0,258	0,240	0,230	0,247	0,270	0,285	0,292	0,226	0,000	0,000
7,000	-6,740	-6,523	-6,442	-6,296	-6,225	-6,181	-6,162	-6,143	-6,127	-6,120	-6,104	-6,090	-6,069	-6,024	-5,980	0,467	0,352	0,319	0,258	0,200	0,148	0,132	0,115	0,101	0,085	0,091	0,091	0,090	0,091	0,073	0,000	0,000
8,000	-20,671	-20,970	-21,001	-21,198	-21,210	-21,271	-21,320	-21,349	-21,370	-21,435	-21,448	-21,469	-21,484	-21,449	-21,401	-0,624	-0,404	-0,363	-0,255	-0,212	-0,199	-0,184	-0,171	-0,145	-0,115	-0,071	-0,037	-0,006	0,041	0,049	0,000	0,000
9,000	-10,012	-9,969	-9,888	-9,660	-9,509	-9,385	-9,324	-9,270	-9,209	-9,170	-9,119	-9,060	-8,981	-8,860	-8,714	0,045	0,182	0,247	0,368	0,374	0,339	0,318	0,298	0,275	0,264	0,273	0,283	0,298	0,296	0,226	0,000	0,000
10,000	-9,899	-9,931	-9,810	-9,674	-9,591	-9,550	-9,531	-9,516	-9,493	-9,490	-9,464	-9,436	-9,369	-9,278	-9,167	-0,121	0,123	0,144	0,196	0,168	0,142	0,129	0,122	0,123	0,127	0,149	0,171	0,202	0,212	0,168	0,000	0,000
11,000	-9,897	-9,810	-9,773	-9,630	-9,549	-9,498	-9,464	-9,443	-9,413	-9,389	-9,353	-9,312	-9,244	-9,138	-9,017	0,075	0,130	0,165	0,209	0,203	0,177	0,169	0,152	0,161	0,167	0,190	0,216	0,235	0,246	0,188	0,000	0,000
12,000	-14,963	-14,987	-14,936	-14,900	-14,848	-14,830	-14,823	-14,819	-14,809	-14,818	-14,794	-14,764	-14,716	-14,603	-14,473	-0,065	0,032	0,052	0,084	0,084	0,066	0,058	0,067	0,075	0,086	0,129	0,162	0,204	0,227	0,182	0,000	0,000
13,000	-8,415	-8,394	-8,419	-8,428	-8,418	-8,398	-8,378	-8,359	-8,335	-8,305	-8,257	-8,186	-8,086	-7,935	-7,740	-0,058	-0,045	-0,024	0,030	0,058	0,080	0,110	0,130	0,156	0,197	0,240	0,287	0,336	0,356	0,281	0,000	0,000
14,000	-11,675	-11,482	-11,609	-11,518	-11,534	-11,505	-11,484	-11,488	-11,470	-11,475	-11,457	-11,415	-11,341	-11,211	-11,031	0,017	-0,101	-0,021	0,046	0,062	0,049	0,065	0,060	0,083	0,106	0,148	0,201	0,259	0,306	0,247	0,000	0,000
15,000	-8,774	-8,891	-8,810	-8,829	-8,785	-8,787	-8,777	-8,756	-8,742	-8,735	-8,718	-8,689	-8,645	-8,577	-8,497	-0,238	-0,015	-0,022	0,032	0,043	0,052	0,057	0,069	0,076	0,085	0,107	0,123	0,142	0,157	0,128	0,000	0,000
	run	15	2022:11:08    11:29:09,698
0,000	-12,656	-12,727	-12,749	-12,822	-12,840	-12,854	-12,856	-12,861	-12,862	-12,873	-12,860	-12,830	-12,784	-12,703	-12,595	-0,192	-0,151	-0,132	-0,089	-0,068	-0,039	-0,018	-0,002	0,018	0,036	0,074	0,118	0,155	0,183	0,146	0,000	0,000
1,000	-16,213	-16,239	-16,174	-16,037	-15,903	-15,804	-15,749	-15,703	-15,652	-15,613	-15,568	-15,526	-15,468	-15,377	-15,272	-0,054	0,097	0,165	0,269	0,295	0,279	0,264	0,237	0,228	0,212	0,215	0,219	0,219	0,221	0,168	0,000	0,000
2,000	-10,144	-10,126	-10,106	-9,965	-9,867	-9,790	-9,746	-9,709	-9,657	-9,627	-9,563	-9,492	-9,397	-9,250	-9,094	0,058	0,110	0,162	0,245	0,252	0,230	0,239	0,238	0,241	0,251	0,276	0,308	0,326	0,331	0,248	0,000	0,000
3,000	-20,393	-20,401	-20,364	-20,058	-19,854	-19,724	-19,660	-19,602	-19,550	-19,539	-19,493	-19,467	-19,416	-19,317	-19,192	0,025	0,198	0,303	0,437	0,431	0,363	0,320	0,272	0,242	0,203	0,202	0,219	0,223	0,239	0,177	0,000	0,000
4,000	-11,080	-11,197	-11,096	-11,112	-11,073	-11,080	-11,079	-11,076	-11,072	-11,055	-11,017	-10,951	-10,833	-10,630	-10,372	-0,341	-0,058	-0,044	0,016	0,037	0,052	0,069	0,079	0,118	0,173	0,256	0,330	0,406	0,458	0,378	0,000	0,000
5,000	-12,196	-12,125	-12,234	-12,243	-12,229	-12,214	-12,196	-12,193	-12,169	-12,167	-12,124	-12,052	-11,939	-11,736	-11,476	0,142	-0,035	-0,024	0,027	0,045	0,052	0,087	0,104	0,139	0,174	0,248	0,326	0,406	0,456	0,366	0,000	0,000
6,000	-7,149	-6,710	-6,484	-6,230	-6,104	-6,039	-5,999	-5,964	-5,929	-5,902	-5,858	-5,799	-5,718	-5,584	-5,431	1,239	0,932	0,753	0,509	0,409	0,324	0,292	0,262	0,251	0,238	0,254	0,278	0,301	0,309	0,241	0,000	0,000
7,000	-6,950	-6,691	-6,617	-6,436	-6,370	-6,327	-6,305	-6,289	-6,272	-6,267	-6,248	-6,228	-6,201	-6,156	-6,103	0,511	0,413	0,369	0,275	0,213	0,156	0,143	0,117	0,106	0,090	0,093	0,103	0,102	0,106	0,080	0,000	0,000
8,000	-21,659	-21,980	-22,034	-22,261	-22,272	-22,350	-22,385	-22,419	-22,447	-22,507	-22,515	-22,537	-22,549	-22,513	-22,459	-0,682	-0,498	-0,433	-0,291	-0,238	-0,217	-0,196	-0,177	-0,148	-0,125	-0,080	-0,029	-0,009	0,042	0,051	0,000	0,000
9,000	-10,270	-10,161	-10,065	-9,808	-9,649	-9,533	-9,464	-9,416	-9,357	-9,314	-9,257	-9,199	-9,116	-8,985	-8,828	0,119	0,252	0,323	0,406	0,392	0,351	0,333	0,299	0,281	0,268	0,284	0,302	0,317	0,318	0,239	0,000	0,000
10,000	-10,165	-10,169	-10,028	-9,877	-9,794	-9,751	-9,731	-9,717	-9,692	-9,693	-9,665	-9,630	-9,570	-9,471	-9,358	-0,094	0,155	0,182	0,210	0,175	0,148	0,136	0,124	0,121	0,131	0,155	0,178	0,210	0,218	0,180	0,000	0,000
11,000	-9,856	-9,746	-9,704	-9,543	-9,457	-9,401	-9,372	-9,345	-9,322	-9,298	-9,261	-9,217	-9,146	-9,039	-8,915	0,085	0,155	0,185	0,220	0,214	0,184	0,178	0,163	0,169	0,173	0,194	0,223	0,240	0,247	0,192	0,000	0,000
12,000	-14,986	-15,007	-14,957	-14,910	-14,869	-14,845	-14,842	-14,837	-14,831	-14,841	-14,814	-14,780	-14,736	-14,627	-14,496	-0,077	0,028	0,050	0,081	0,074	0,059	0,057	0,062	0,065	0,087	0,120	0,163	0,200	0,234	0,189	0,000	0,000
13,000	-8,345	-8,337	-8,366	-8,369	-8,358	-8,338	-8,320	-8,301	-8,274	-8,248	-8,190	-8,130	-8,029	-7,880	-7,689	-0,055	-0,052	-0,034	0,030	0,054	0,083	0,107	0,127	0,157	0,192	0,233	0,286	0,328	0,351	0,280	0,000	0,000
14,000	-11,570	-11,380	-11,491	-11,421	-11,434	-11,395	-11,370	-11,377	-11,365	-11,358	-11,342	-11,319	-11,242	-11,113	-10,921	0,008	-0,097	-0,014	0,058	0,055	0,050	0,063	0,063	0,086	0,107	0,146	0,202	0,264	0,298	0,247	0,000	0,000
15,000	-8,763	-8,872	-8,789	-8,801	-8,757	-8,755	-8,746	-8,732	-8,717	-8,713	-8,694	-8,664	-8,618	-8,553	-8,476	-0,222	-0,014	-0,023	0,035	0,044	0,051	0,054	0,066	0,076	0,088	0,104	0,121	0,145	0,152	0,123	0,000	0,000
	run	16	2022:11:08    11:29:09,797
0,000	-12,889	-12,949	-12,976	-13,044	-13,066	-13,080	-13,084	-13,095	-13,089	-13,097	-13,087	-13,058	-13,018	-12,931	-12,823	-0,206	-0,158	-0,144	-0,089	-0,075	-0,046	-0,021	-0,006	0,012	0,039	0,071	0,114	0,155	0,180	0,146	0,000	0,000
1,000	-16,442	-16,470	-16,397	-16,245	-16,097	-16,002	-15,943	-15,894	-15,848	-15,813	-15,764	-15,721	-15,665	-15,578	-15,476	-0,043	0,136	0,184	0,297	0,314	0,288	0,272	0,246	0,227	0,213	0,213	0,218	0,214	0,216	0,159	0,000	0,000
2,000	-10,132	-10,116	-10,100	-9,972	-9,870	-9,796	-9,749	-9,716	-9,663	-9,636	-9,569	-9,500	-9,408	-9,262	-9,105	0,053	0,103	0,150	0,238	0,242	0,227	0,233	0,234	0,235	0,246	0,271	0,306	0,320	0,329	0,242	0,000	0,000
3,000	-19,999	-20,009	-19,970	-19,703	-19,500	-19,372	-19,304	-19,246	-19,196	-19,188	-19,151	-19,115	-19,062	-18,969	-18,848	0,007	0,190	0,276	0,415	0,416	0,350	0,312	0,270	0,242	0,200	0,195	0,209	0,219	0,233	0,170	0,000	0,000
4,000	-10,995	-11,103	-11,003	-11,012	-10,984	-10,983	-10,985	-10,984	-10,980	-10,963	-10,920	-10,865	-10,742	-10,541	-10,273	-0,325	-0,054	-0,042	0,017	0,032	0,045	0,069	0,085	0,120	0,169	0,246	0,332	0,408	0,454	0,375	0,000	0,000
5,000	-12,038	-11,969	-12,068	-12,089	-12,089	-12,066	-12,047	-12,044	-12,020	-12,015	-11,977	-11,905	-11,789	-11,587	-11,331	0,160	-0,033	-0,024	0,024	0,045	0,054	0,086	0,113	0,142	0,176	0,246	0,328	0,399	0,452	0,362	0,000	0,000
6,000	-7,140	-6,699	-6,486	-6,231	-6,101	-6,029	-5,993	-5,965	-5,920	-5,891	-5,842	-5,785	-5,707	-5,574	-5,415	1,246	0,927	0,751	0,512	0,410	0,324	0,293	0,264	0,248	0,242	0,257	0,281	0,299	0,314	0,236	0,000	0,000
7,000	-7,017	-6,758	-6,659	-6,491	-6,427	-6,380	-6,359	-6,348	-6,326	-6,322	-6,305	-6,287	-6,259	-6,216	-6,171	0,556	0,417	0,369	0,271	0,210	0,158	0,141	0,123	0,105	0,092	0,092	0,092	0,103	0,105	0,073	0,000	0,000
8,000	-21,589	-21,964	-22,039	-22,266	-22,281	-22,352	-22,394	-22,430	-22,460	-22,510	-22,534	-22,557	-22,569	-22,532	-22,483	-0,698	-0,495	-0,456	-0,305	-0,232	-0,225	-0,204	-0,186	-0,148	-0,135	-0,082	-0,044	-0,013	0,038	0,048	0,000	0,000
9,000	-10,364	-10,288	-10,187	-9,939	-9,788	-9,662	-9,595	-9,542	-9,485	-9,444	-9,386	-9,329	-9,238	-9,109	-8,955	0,103	0,238	0,310	0,402	0,398	0,353	0,332	0,302	0,283	0,272	0,279	0,300	0,315	0,317	0,241	0,000	0,000
10,000	-10,049	-10,054	-9,922	-9,773	-9,680	-9,649	-9,623	-9,611	-9,587	-9,580	-9,560	-9,521	-9,456	-9,361	-9,244	-0,090	0,153	0,178	0,211	0,178	0,151	0,139	0,127	0,124	0,136	0,148	0,180	0,210	0,219	0,181	0,000	0,000
11,000	-9,852	-9,751	-9,720	-9,552	-9,472	-9,414	-9,378	-9,357	-9,325	-9,305	-9,267	-9,221	-9,154	-9,044	-8,911	0,091	0,157	0,184	0,229	0,207	0,186	0,179	0,167	0,170	0,176	0,195	0,224	0,242	0,252	0,195	0,000	0,000
12,000	-15,210	-15,248	-15,189	-15,147	-15,093	-15,081	-15,075	-15,073	-15,050	-15,070	-15,049	-15,015	-14,960	-14,853	-14,725	-0,076	0,032	0,054	0,085	0,078	0,060	0,065	0,063	0,076	0,085	0,126	0,162	0,204	0,232	0,184	0,000	0,000
13,000	-8,490	-8,462	-8,492	-8,486	-8,475	-8,456	-8,441	-8,424	-8,393	-8,361	-8,312	-8,241	-8,140	-7,988	-7,790	-0,051	-0,034	-0,020	0,034	0,063	0,081	0,114	0,130	0,156	0,197	0,245	0,291	0,345	0,362	0,287	0,000	0,000
14,000	-11,682	-11,515	-11,632	-11,561	-11,562	-11,536	-11,516	-11,508	-11,496	-11,494	-11,483	-11,439	-11,364	-11,232	-11,046	-0,002	-0,102	-0,013	0,050	0,051	0,047	0,063	0,067	0,078	0,110	0,150	0,206	0,265	0,302	0,257	0,000	0,000
15,000	-8,878	-8,999	-8,919	-8,925	-8,880	-8,884	-8,874	-8,862	-8,843	-8,837	-8,814	-8,785	-8,740	-8,672	-8,590	-0,244	-0,017	-0,026	0,034	0,040	0,051	0,057	0,072	0,075	0,085	0,106	0,126	0,148	0,159	0,128	0,000	0,000
	run	17	2022:11:08    11:29:09,897
0,000	-13,089	-13,157	-13,183	-13,253	-13,269	-13,287	-13,293	-13,299	-13,298	-13,307	-13,298	-13,272	-13,227	-13,136	-13,028	-0,199	-0,154	-0,132	-0,091	-0,066	-0,044	-0,020	-0,009	0,012	0,036	0,074	0,120	0,158	0,184	0,147	0,000	0,000
1,000	-16,610	-16,630	-16,550	-16,405	-16,257	-16,159	-16,102	-16,049	-15,997	-15,964	-15,919	-15,871	-15,817	-15,726	-15,617	-0,033	0,125	0,176	0,294	0,312	0,290	0,282	0,247	0,240	0,212	0,220	0,221	0,223	0,222	0,166	0,000	0,000
2,000	-10,040	-10,026	-9,994	-9,867	-9,765	-9,697	-9,655	-9,616	-9,567	-9,536	-9,480	-9,406	-9,319	-9,171	-9,018	0,052	0,103	0,154	0,235	0,247	0,225	0,233	0,230	0,234	0,240	0,271	0,299	0,322	0,320	0,242	0,000	0,000
3,000	-19,824	-19,865	-19,807	-19,559	-19,361	-19,238	-19,164	-19,110	-19,057	-19,047	-19,013	-18,970	-18,924	-18,823	-18,709	-0,008	0,174	0,246	0,410	0,405	0,344	0,310	0,268	0,240	0,202	0,201	0,215	0,218	0,227	0,169	0,000	0,000
4,000	-10,739	-10,841	-10,728	-10,735	-10,701	-10,694	-10,699	-10,698	-10,696	-10,680	-10,637	-10,578	-10,463	-10,269	-10,015	-0,325	-0,055	-0,045	0,029	0,038	0,057	0,073	0,087	0,115	0,170	0,244	0,324	0,401	0,447	0,368	0,000	0,000
5,000	-11,638	-11,555	-11,653	-11,673	-11,667	-11,639	-11,626	-11,626	-11,599	-11,598	-11,558	-11,490	-11,393	-11,200	-10,970	0,161	-0,030	-0,023	0,024	0,035	0,048	0,080	0,098	0,130	0,159	0,227	0,303	0,370	0,416	0,333	0,000	0,000
6,000	-6,706	-6,289	-6,087	-5,848	-5,732	-5,672	-5,634	-5,603	-5,568	-5,541	-5,493	-5,449	-5,378	-5,264	-5,127	1,185	0,869	0,705	0,479	0,382	0,305	0,270	0,242	0,227	0,218	0,233	0,249	0,269	0,276	0,211	0,000	0,000
7,000	-6,382	-6,198	-6,148	-6,022	-5,972	-5,928	-5,916	-5,899	-5,883	-5,878	-5,864	-5,851	-5,824	-5,786	-5,744	0,428	0,304	0,268	0,216	0,171	0,124	0,116	0,098	0,089	0,080	0,078	0,087	0,093	0,092	0,069	0,000	0,000
8,000	-20,757	-21,049	-21,106	-21,293	-21,304	-21,363	-21,409	-21,437	-21,464	-21,521	-21,534	-21,556	-21,559	-21,518	-21,475	-0,617	-0,407	-0,378	-0,255	-0,211	-0,194	-0,182	-0,164	-0,143	-0,121	-0,073	-0,035	0,000	0,041	0,048	0,000	0,000
9,000	-9,902	-9,882	-9,810	-9,592	-9,433	-9,318	-9,250	-9,202	-9,143	-9,100	-9,043	-8,989	-8,905	-8,789	-8,639	0,009	0,154	0,248	0,363	0,364	0,337	0,312	0,286	0,269	0,260	0,271	0,286	0,296	0,295	0,224	0,000	0,000
10,000	-9,925	-9,930	-9,789	-9,628	-9,544	-9,509	-9,490	-9,474	-9,450	-9,448	-9,419	-9,385	-9,320	-9,227	-9,111	-0,069	0,158	0,180	0,217	0,176	0,147	0,138	0,129	0,124	0,138	0,151	0,173	0,206	0,221	0,174	0,000	0,000
11,000	-9,940	-9,841	-9,793	-9,647	-9,568	-9,510	-9,476	-9,458	-9,428	-9,406	-9,371	-9,321	-9,255	-9,144	-9,017	0,095	0,151	0,187	0,225	0,208	0,177	0,175	0,164	0,164	0,174	0,194	0,222	0,241	0,252	0,192	0,000	0,000
12,000	-15,569	-15,609	-15,559	-15,512	-15,463	-15,447	-15,439	-15,436	-15,423	-15,436	-15,416	-15,376	-15,324	-15,210	-15,077	-0,080	0,024	0,053	0,082	0,078	0,060	0,063	0,065	0,075	0,088	0,128	0,167	0,209	0,241	0,190	0,000	0,000
13,000	-8,735	-8,708	-8,735	-8,730	-8,719	-8,696	-8,674	-8,665	-8,634	-8,596	-8,547	-8,480	-8,367	-8,208	-8,007	-0,035	-0,031	-0,017	0,041	0,067	0,089	0,116	0,138	0,165	0,200	0,253	0,308	0,356	0,378	0,297	0,000	0,000
14,000	-12,114	-11,921	-12,035	-11,965	-11,956	-11,922	-11,904	-11,900	-11,894	-11,888	-11,869	-11,825	-11,747	-11,607	-11,420	0,011	-0,094	-0,020	0,053	0,055	0,057	0,068	0,070	0,083	0,118	0,177	0,220	0,286	0,325	0,269	0,000	0,000
15,000	-9,161	-9,275	-9,195	-9,209	-9,165	-9,160	-9,152	-9,137	-9,120	-9,110	-9,092	-9,058	-9,012	-8,945	-8,862	-0,218	-0,006	-0,016	0,034	0,046	0,051	0,061	0,071	0,085	0,088	0,111	0,127	0,149	0,160	0,123	0,000	0,000
	run	18	2022:11:08    11:29:09,943
0,000	-13,319	-13,376	-13,403	-13,478	-13,501	-13,519	-13,524	-13,532	-13,528	-13,537	-13,528	-13,499	-13,457	-13,362	-13,252	-0,193	-0,168	-0,143	-0,092	-0,077	-0,051	-0,025	-0,004	0,015	0,040	0,080	0,129	0,172	0,193	0,155	0,000	0,000
1,000	-16,710	-16,732	-16,643	-16,476	-16,325	-16,217	-16,154	-16,110	-16,061	-16,022	-15,973	-15,929	-15,870	-15,779	-15,676	-0,024	0,145	0,210	0,316	0,328	0,300	0,284	0,256	0,239	0,222	0,224	0,226	0,229	0,226	0,174	0,000	0,000
2,000	-10,040	-10,026	-9,994	-9,867	-9,765	-9,697	-9,655	-9,616	-9,567	-9,536	-9,480	-9,406	-9,319	-9,171	-9,018	0,052	0,103	0,154	0,235	0,247	0,225	0,233	0,230	0,234	0,240	0,271	0,299	0,322	0,320	0,242	0,000	0,000
3,000	-19,824	-19,865	-19,807	-19,559	-19,361	-19,238	-19,164	-19,110	-19,057	-19,047	-19,013	-18,970	-18,924	-18,823	-18,709	-0,008	0,174	0,246	0,410	0,405	0,344	0,310	0,268	0,240	0,202	0,201	0,215	0,218	0,227	0,169	0,000	0,000
4,000	-10,739	-10,841	-10,728	-10,735	-10,701	-10,694	-10,699	-10,698	-10,696	-10,680	-10,637	-10,578	-10,463	-10,269	-10,015	-0,325	-0,055	-0,045	0,029	0,038	0,057	0,073	0,087	0,115	0,170	0,244	0,324	0,401	0,447	0,368	0,000	0,000
5,000	-11,638	-11,555	-11,653	-11,673	-11,667	-11,639	-11,626	-11,626	-11,599	-11,598	-11,558	-11,490	-11,393	-11,200	-10,970	0,161	-0,030	-0,023	0,024	0,035	0,048	0,080	0,098	0,130	0,159	0,227	0,303	0,370	0,416	0,333	0,000	0,000
6,000	-6,706	-6,289	-6,087	-5,848	-5,732	-5,672	-5,634	-5,603	-5,568	-5,541	-5,493	-5,449	-5,378	-5,264	-5,127	1,185	0,869	0,705	0,479	0,382	0,305	0,270	0,242	0,227	0,218	0,233	0,249	0,269	0,276	0,211	0,000	0,000
7,000	-6,382	-6,198	-6,148	-6,022	-5,972	-5,928	-5,916	-5,899	-5,883	-5,878	-5,864	-5,851	-5,824	-5,786	-5,744	0,428	0,304	0,268	0,216	0,171	0,124	0,116	0,098	0,089	0,080	0,078	0,087	0,093	0,092	0,069	0,000	0,000
8,000	-19,759	-20,031	-20,045	-20,196	-20,196	-20,255	-20,293	-20,322	-20,351	-20,398	-20,411	-20,432	-20,443	-20,410	-20,356	-0,593	-0,356	-0,311	-0,207	-0,170	-0,167	-0,157	-0,147	-0,126	-0,110	-0,065	-0,027	0,010	0,049	0,045	0,000	0,000
9,000	-9,713	-9,726	-9,666	-9,492	-9,352	-9,235	-9,168	-9,114	-9,059	-9,022	-8,968	-8,913	-8,831	-8,709	-8,578	-0,026	0,102	0,182	0,315	0,332	0,321	0,299	0,275	0,261	0,252	0,262	0,274	0,284	0,282	0,217	0,000	0,000
10,000	-9,979	-9,963	-9,825	-9,670	-9,580	-9,549	-9,523	-9,505	-9,484	-9,478	-9,459	-9,420	-9,364	-9,266	-9,155	-0,075	0,163	0,189	0,217	0,179	0,148	0,138	0,125	0,123	0,134	0,150	0,173	0,201	0,214	0,171	0,000	0,000
11,000	-10,179	-10,081	-10,040	-9,896	-9,818	-9,761	-9,730	-9,711	-9,684	-9,660	-9,624	-9,581	-9,510	-9,402	-9,276	0,095	0,145	0,174	0,212	0,201	0,176	0,175	0,156	0,162	0,165	0,191	0,218	0,242	0,253	0,194	0,000	0,000
12,000	-15,815	-15,847	-15,796	-15,757	-15,693	-15,671	-15,668	-15,663	-15,643	-15,656	-15,638	-15,599	-15,544	-15,427	-15,293	-0,073	0,031	0,058	0,087	0,087	0,065	0,071	0,071	0,079	0,092	0,134	0,170	0,216	0,246	0,198	0,000	0,000
13,000	-8,907	-8,836	-8,883	-8,865	-8,856	-8,830	-8,814	-8,801	-8,766	-8,738	-8,680	-8,609	-8,497	-8,338	-8,130	-0,009	-0,026	-0,013	0,037	0,069	0,086	0,119	0,138	0,172	0,205	0,259	0,314	0,367	0,389	0,309	0,000	0,000
14,000	-12,402	-12,265	-12,337	-12,274	-12,271	-12,240	-12,219	-12,219	-12,204	-12,204	-12,184	-12,141	-12,059	-11,917	-11,719	-0,032	-0,088	-0,007	0,054	0,055	0,062	0,068	0,071	0,096	0,122	0,173	0,229	0,288	0,337	0,273	0,000	0,000
15,000	-9,217	-9,337	-9,253	-9,267	-9,221	-9,219	-9,204	-9,189	-9,173	-9,170	-9,147	-9,119	-9,068	-8,999	-8,910	-0,209	-0,007	-0,016	0,041	0,051	0,060	0,059	0,075	0,084	0,093	0,113	0,132	0,154	0,161	0,132	0,000	0,000
	run	19	2022:11:08    11:29:10,045
0,000	-13,361	-13,431	-13,462	-13,540	-13,562	-13,576	-13,581	-13,586	-13,586	-13,593	-13,585	-13,558	-13,509	-13,411	-13,301	-0,219	-0,174	-0,145	-0,103	-0,074	-0,047	-0,025	-0,009	0,018	0,040	0,080	0,127	0,164	0,200	0,157	0,000	0,000
1,000	-17,067	-17,054	-16,967	-16,787	-16,634	-16,527	-16,462	-16,413	-16,360	-16,324	-16,268	-16,221	-16,170	-16,075	-15,960	-0,003	0,162	0,222	0,332	0,349	0,315	0,296	0,268	0,246	0,231	0,235	0,234	0,237	0,238	0,175	0,000	0,000
2,000	-10,460	-10,432	-10,398	-10,247	-10,142	-10,066	-10,020	-9,983	-9,930	-9,897	-9,831	-9,751	-9,655	-9,502	-9,330	0,063	0,137	0,178	0,262	0,263	0,246	0,248	0,242	0,252	0,263	0,298	0,320	0,348	0,352	0,264	0,000	0,000
3,000	-20,735	-20,714	-20,654	-20,337	-20,120	-19,980	-19,913	-19,850	-19,798	-19,782	-19,746	-19,706	-19,658	-19,552	-19,427	0,055	0,262	0,346	0,475	0,461	0,386	0,342	0,288	0,258	0,213	0,209	0,223	0,235	0,244	0,186	0,000	0,000
4,000	-11,053	-11,140	-11,055	-11,064	-11,040	-11,031	-11,032	-11,031	-11,028	-10,998	-10,970	-10,904	-10,773	-10,569	-10,296	-0,313	-0,071	-0,056	0,023	0,035	0,048	0,072	0,085	0,116	0,180	0,265	0,339	0,428	0,474	0,394	0,000	0,000
5,000	-11,888	-11,791	-11,898	-11,913	-11,903	-11,881	-11,864	-11,869	-11,839	-11,840	-11,800	-11,741	-11,636	-11,444	-11,199	0,159	-0,017	-0,019	0,031	0,045	0,050	0,079	0,094	0,131	0,161	0,228	0,309	0,379	0,419	0,335	0,000	0,000
6,000	-6,666	-6,247	-6,043	-5,813	-5,696	-5,631	-5,601	-5,571	-5,533	-5,507	-5,464	-5,415	-5,341	-5,225	-5,091	1,180	0,877	0,697	0,478	0,380	0,302	0,267	0,239	0,224	0,214	0,233	0,252	0,267	0,274	0,209	0,000	0,000
7,000	-6,256	-6,075	-6,021	-5,914	-5,867	-5,834	-5,814	-5,805	-5,781	-5,777	-5,765	-5,749	-5,731	-5,691	-5,653	0,423	0,298	0,246	0,197	0,155	0,114	0,111	0,094	0,087	0,075	0,075	0,079	0,085	0,086	0,058	0,000	0,000
8,000	-19,405	-19,641	-19,659	-19,782	-19,789	-19,840	-19,873	-19,904	-19,934	-19,982	-19,995	-20,015	-20,026	-19,991	-19,944	-0,590	-0,325	-0,287	-0,197	-0,162	-0,162	-0,153	-0,139	-0,124	-0,106	-0,069	-0,026	-0,002	0,041	0,043	0,000	0,000
9,000	-9,486	-9,474	-9,436	-9,287	-9,165	-9,059	-8,998	-8,942	-8,888	-8,845	-8,797	-8,744	-8,667	-8,552	-8,425	-0,029	0,066	0,162	0,285	0,308	0,296	0,286	0,262	0,250	0,240	0,251	0,258	0,275	0,271	0,204	0,000	0,000
10,000	-9,561	-9,609	-9,498	-9,373	-9,295	-9,257	-9,235	-9,221	-9,196	-9,194	-9,165	-9,135	-9,078	-8,989	-8,882	-0,122	0,101	0,121	0,175	0,154	0,137	0,125	0,114	0,114	0,125	0,146	0,164	0,193	0,204	0,160	0,000	0,000
11,000	-9,893	-9,814	-9,791	-9,656	-9,586	-9,528	-9,500	-9,474	-9,449	-9,430	-9,396	-9,352	-9,283	-9,181	-9,058	0,080	0,115	0,146	0,196	0,187	0,162	0,161	0,152	0,159	0,161	0,189	0,212	0,233	0,239	0,189	0,000	0,000
12,000	-15,400	-15,424	-15,366	-15,328	-15,275	-15,256	-15,248	-15,240	-15,229	-15,244	-15,223	-15,182	-15,128	-15,014	-14,882	-0,068	0,038	0,057	0,093	0,087	0,064	0,069	0,076	0,079	0,092	0,121	0,169	0,211	0,235	0,195	0,000	0,000
13,000	-8,834	-8,758	-8,815	-8,804	-8,791	-8,767	-8,752	-8,737	-8,708	-8,668	-8,618	-8,550	-8,448	-8,290	-8,087	-0,024	-0,046	-0,017	0,035	0,065	0,081	0,113	0,131	0,167	0,202	0,256	0,302	0,354	0,376	0,299	0,000	0,000
14,000	-12,514	-12,383	-12,480	-12,389	-12,382	-12,353	-12,336	-12,330	-12,323	-12,315	-12,289	-12,259	-12,168	-12,033	-11,830	-0,039	-0,086	0,004	0,061	0,065	0,066	0,076	0,076	0,088	0,117	0,167	0,220	0,290	0,334	0,276	0,000	0,000
15,000	-9,300	-9,400	-9,331	-9,333	-9,299	-9,296	-9,291	-9,275	-9,253	-9,245	-9,228	-9,196	-9,143	-9,069	-8,984	-0,215	-0,016	-0,019	0,037	0,039	0,052	0,057	0,075	0,081	0,095	0,114	0,131	0,162	0,169	0,137	0,000	0,000
	run	20	2022:11:08    11:29:10,096
0,000	-13,361	-13,431	-13,462	-13,540	-13,562	-13,576	-13,581	-13,586	-13,586	-13,593	-13,585	-13,558	-13,509	-13,411	-13,301	-0,219	-0,174	-0,145	-0,103	-0,074	-0,047	-0,025	-0,009	0,018	0,040	0,080	0,127	0,164	0,200	0,157	0,000	0,000
1,000	-17,067	-17,054	-16,967	-16,787	-16,634	-16,527	-16,462	-16,413	-16,360	-16,324	-16,268	-16,221	-16,170	-16,075	-15,960	-0,003	0,162	0,222	0,332	0,349	0,315	0,296	0,268	0,246	0,231	0,235	0,234	0,237	0,238	0,175	0,000	0,000
2,000	-10,460	-10,432	-10,398	-10,247	-10,142	-10,066	-10,020	-9,983	-9,930	-9,897	-9,831	-9,751	-9,655	-9,502	-9,330	0,063	0,137	0,178	0,262	0,263	0,246	0,248	0,242	0,252	0,263	0,298	0,320	0,348	0,352	0,264	0,000	0,000
3,000	-20,735	-20,714	-20,654	-20,337	-20,120	-19,980	-19,913	-19,850	-19,798	-19,782	-19,746	-19,706	-19,658	-19,552	-19,427	0,055	0,262	0,346	0,475	0,461	0,386	0,342	0,288	0,258	0,213	0,209	0,223	0,235	0,244	0,186	0,000	0,000
4,000	-11,053	-11,140	-11,055	-11,064	-11,040	-11,031	-11,032	-11,031	-11,028	-10,998	-10,970	-10,904	-10,773	-10,569	-10,296	-0,313	-0,071	-0,056	0,023	0,035	0,048	0,072	0,085	0,116	0,180	0,265	0,339	0,428	0,474	0,394	0,000	0,000
5,000	-11,888	-11,791	-11,898	-11,913	-11,903	-11,881	-11,864	-11,869	-11,839	-11,840	-11,800	-11,741	-11,636	-11,444	-11,199	0,159	-0,017	-0,019	0,031	0,045	0,050	0,079	0,094	0,131	0,161	0,228	0,309	0,379	0,419	0,335	0,000	0,000
6,000	-6,746	-6,327	-6,130	-5,886	-5,766	-5,700	-5,660	-5,631	-5,598	-5,570	-5,526	-5,476	-5,410	-5,291	-5,155	1,196	0,890	0,717	0,475	0,391	0,304	0,274	0,249	0,225	0,216	0,231	0,246	0,262	0,272	0,203	0,000	0,000
7,000	-6,349	-6,185	-6,130	-6,020	-5,953	-5,919	-5,904	-5,895	-5,873	-5,868	-5,859	-5,838	-5,824	-5,785	-5,745	0,415	0,304	0,266	0,207	0,165	0,125	0,114	0,097	0,091	0,075	0,073	0,076	0,081	0,082	0,063	0,000	0,000
8,000	-19,685	-19,950	-19,964	-20,112	-20,107	-20,165	-20,201	-20,231	-20,257	-20,308	-20,325	-20,346	-20,351	-20,321	-20,278	-0,566	-0,340	-0,307	-0,204	-0,171	-0,173	-0,154	-0,147	-0,125	-0,117	-0,074	-0,027	-0,004	0,040	0,038	0,000	0,000
9,000	-9,435	-9,443	-9,390	-9,226	-9,100	-8,987	-8,920	-8,872	-8,822	-8,786	-8,729	-8,676	-8,606	-8,487	-8,359	-0,046	0,091	0,169	0,298	0,319	0,304	0,287	0,271	0,248	0,241	0,247	0,257	0,268	0,269	0,201	0,000	0,000
10,000	-9,375	-9,432	-9,335	-9,242	-9,174	-9,145	-9,123	-9,109	-9,093	-9,088	-9,061	-9,028	-8,976	-8,890	-8,786	-0,128	0,071	0,091	0,148	0,125	0,120	0,111	0,109	0,106	0,118	0,137	0,159	0,187	0,200	0,159	0,000	0,000
11,000	-9,629	-9,552	-9,526	-9,406	-9,332	-9,277	-9,249	-9,227	-9,197	-9,178	-9,148	-9,101	-9,040	-8,941	-8,821	0,048	0,099	0,134	0,181	0,184	0,161	0,157	0,152	0,152	0,153	0,177	0,203	0,223	0,229	0,177	0,000	0,000
12,000	-14,933	-14,953	-14,898	-14,861	-14,818	-14,800	-14,789	-14,784	-14,774	-14,786	-14,763	-14,728	-14,679	-14,566	-14,441	-0,076	0,044	0,050	0,082	0,080	0,058	0,065	0,067	0,074	0,089	0,126	0,161	0,203	0,229	0,185	0,000	0,000
13,000	-8,527	-8,493	-8,545	-8,533	-8,521	-8,503	-8,484	-8,474	-8,447	-8,414	-8,358	-8,295	-8,199	-8,057	-7,867	-0,043	-0,049	-0,033	0,028	0,059	0,077	0,107	0,121	0,160	0,189	0,241	0,285	0,328	0,348	0,275	0,000	0,000
14,000	-12,186	-12,050	-12,160	-12,071	-12,074	-12,044	-12,023	-12,023	-12,010	-12,004	-11,988	-11,944	-11,860	-11,730	-11,527	-0,017	-0,098	-0,015	0,057	0,059	0,060	0,071	0,073	0,090	0,116	0,172	0,221	0,291	0,331	0,274	0,000	0,000
15,000	-9,242	-9,338	-9,266	-9,277	-9,230	-9,231	-9,217	-9,201	-9,184	-9,178	-9,158	-9,124	-9,074	-9,004	-8,922	-0,211	-0,013	-0,021	0,043	0,047	0,056	0,059	0,075	0,089	0,093	0,118	0,132	0,154	0,163	0,131	0,000	0,000
	run	21	2022:11:08    11:29:10,195
0,000	-13,309	-13,383	-13,406	-13,494	-13,511	-13,531	-13,540	-13,543	-13,547	-13,553	-13,544	-13,514	-13,461	-13,369	-13,257	-0,214	-0,170	-0,156	-0,111	-0,078	-0,053	-0,032	-0,010	0,021	0,038	0,075	0,122	0,170	0,196	0,160	0,000	0,000
1,000	-17,260	-17,263	-17,165	-16,965	-16,806	-16,692	-16,627	-16,575	-16,525	-16,485	-16,435	-16,387	-16,327	-16,230	-16,113	-0,009	0,174	0,233	0,349	0,359	0,329	0,304	0,272	0,253	0,233	0,236	0,238	0,239	0,240	0,182	0,000	0,000
2,000	-10,649	-10,629	-10,586	-10,434	-10,319	-10,241	-10,198	-10,161	-10,108	-10,070	-9,999	-9,929	-9,822	-9,660	-9,483	0,071	0,139	0,195	0,266	0,270	0,249	0,249	0,253	0,262	0,269	0,305	0,331	0,361	0,364	0,271	0,000	0,000
3,000	-21,123	-21,109	-21,014	-20,667	-20,440	-20,305	-20,231	-20,172	-20,123	-20,109	-20,073	-20,029	-19,980	-19,870	-19,744	0,102	0,287	0,388	0,514	0,485	0,399	0,348	0,303	0,256	0,218	0,213	0,230	0,245	0,251	0,193	0,000	0,000
4,000	-11,365	-11,455	-11,375	-11,400	-11,375	-11,370	-11,372	-11,370	-11,369	-11,340	-11,306	-11,235	-11,102	-10,883	-10,605	-0,322	-0,087	-0,071	0,007	0,023	0,045	0,067	0,089	0,124	0,188	0,265	0,356	0,446	0,497	0,408	0,000	0,000
5,000	-12,221	-12,105	-12,221	-12,233	-12,212	-12,190	-12,182	-12,179	-12,151	-12,154	-12,112	-12,036	-11,924	-11,714	-11,470	0,177	-0,016	-0,012	0,040	0,053	0,056	0,085	0,105	0,139	0,168	0,242	0,330	0,403	0,456	0,363	0,000	0,000
6,000	-7,015	-6,598	-6,370	-6,115	-6,000	-5,928	-5,889	-5,854	-5,818	-5,790	-5,751	-5,695	-5,626	-5,501	-5,360	1,234	0,923	0,738	0,503	0,405	0,319	0,286	0,254	0,238	0,229	0,240	0,259	0,277	0,285	0,222	0,000	0,000
7,000	-6,651	-6,460	-6,390	-6,241	-6,184	-6,140	-6,113	-6,103	-6,082	-6,078	-6,064	-6,051	-6,029	-5,988	-5,949	0,458	0,335	0,300	0,235	0,184	0,140	0,128	0,110	0,098	0,086	0,085	0,084	0,085	0,088	0,059	0,000	0,000
8,000	-20,039	-20,322	-20,344	-20,512	-20,512	-20,581	-20,621	-20,651	-20,683	-20,737	-20,751	-20,772	-20,785	-20,753	-20,710	-0,613	-0,377	-0,343	-0,243	-0,204	-0,188	-0,173	-0,163	-0,139	-0,124	-0,077	-0,035	-0,004	0,039	0,041	0,000	0,000
9,000	-9,662	-9,665	-9,598	-9,402	-9,266	-9,146	-9,080	-9,028	-8,972	-8,928	-8,880	-8,825	-8,744	-8,632	-8,496	-0,009	0,122	0,209	0,335	0,346	0,326	0,309	0,281	0,264	0,251	0,258	0,271	0,280	0,281	0,213	0,000	0,000
10,000	-9,535	-9,569	-9,467	-9,377	-9,297	-9,270	-9,250	-9,235	-9,217	-9,210	-9,188	-9,155	-9,099	-9,012	-8,907	-0,136	0,088	0,097	0,152	0,134	0,122	0,114	0,110	0,105	0,112	0,139	0,154	0,189	0,196	0,160	0,000	0,000
11,000	-9,629	-9,553	-9,529	-9,409	-9,332	-9,283	-9,253	-9,233	-9,201	-9,179	-9,149	-9,107	-9,044	-8,950	-8,838	0,041	0,104	0,136	0,190	0,183	0,160	0,155	0,145	0,149	0,152	0,177	0,201	0,217	0,228	0,175	0,000	0,000
12,000	-14,482	-14,511	-14,459	-14,417	-14,359	-14,346	-14,339	-14,338	-14,324	-14,337	-14,316	-14,280	-14,232	-14,130	-14,009	-0,058	0,045	0,060	0,083	0,074	0,063	0,066	0,065	0,069	0,081	0,119	0,150	0,191	0,217	0,174	0,000	0,000
13,000	-8,170	-8,152	-8,190	-8,202	-8,187	-8,175	-8,155	-8,145	-8,113	-8,079	-8,034	-7,975	-7,868	-7,728	-7,541	-0,077	-0,050	-0,040	0,017	0,052	0,070	0,098	0,125	0,151	0,183	0,228	0,277	0,322	0,345	0,269	0,000	0,000
14,000	-11,660	-11,498	-11,612	-11,544	-11,545	-11,522	-11,494	-11,498	-11,485	-11,478	-11,477	-11,426	-11,353	-11,217	-11,028	0,029	-0,103	-0,026	0,041	0,049	0,042	0,059	0,066	0,089	0,111	0,158	0,203	0,273	0,313	0,265	0,000	0,000
15,000	-9,100	-9,204	-9,134	-9,140	-9,092	-9,092	-9,083	-9,061	-9,041	-9,041	-9,015	-8,987	-8,940	-8,865	-8,778	-0,219	-0,013	-0,021	0,044	0,049	0,059	0,061	0,076	0,083	0,095	0,120	0,132	0,152	0,167	0,133	0,000	0,000
	run	22	2022:11:08    11:29:10,295
0,000	-13,141	-13,223	-13,254	-13,339	-13,361	-13,376	-13,383	-13,384	-13,386	-13,398	-13,386	-13,356	-13,307	-13,213	-13,097	-0,206	-0,172	-0,147	-0,103	-0,074	-0,047	-0,025	-0,012	0,015	0,037	0,081	0,124	0,168	0,194	0,159	0,000	0,000
1,000	-17,172	-17,171	-17,089	-16,884	-16,716	-16,611	-16,544	-16,488	-16,434	-16,401	-16,352	-16,306	-16,241	-16,143	-16,033	-0,004	0,170	0,234	0,353	0,361	0,328	0,303	0,277	0,251	0,231	0,238	0,240	0,244	0,240	0,176	0,000	0,000
2,000	-10,670	-10,641	-10,606	-10,454	-10,344	-10,264	-10,220	-10,179	-10,128	-10,091	-10,034	-9,946	-9,846	-9,686	-9,503	0,086	0,142	0,207	0,269	0,273	0,251	0,254	0,254	0,261	0,263	0,307	0,335	0,365	0,367	0,277	0,000	0,000
3,000	-21,235	-21,196	-21,100	-20,737	-20,520	-20,373	-20,301	-20,237	-20,188	-20,184	-20,143	-20,107	-20,054	-19,946	-19,820	0,118	0,321	0,408	0,528	0,493	0,401	0,349	0,302	0,264	0,215	0,216	0,226	0,239	0,252	0,193	0,000	0,000
4,000	-11,520	-11,652	-11,546	-11,582	-11,550	-11,553	-11,558	-11,555	-11,547	-11,527	-11,481	-11,411	-11,278	-11,055	-10,768	-0,361	-0,076	-0,071	0,000	0,022	0,047	0,071	0,087	0,131	0,192	0,277	0,359	0,449	0,506	0,414	0,000	0,000
5,000	-12,409	-12,323	-12,444	-12,439	-12,429	-12,410	-12,395	-12,388	-12,365	-12,363	-12,325	-12,245	-12,131	-11,916	-11,660	0,177	-0,021	-0,009	0,039	0,052	0,061	0,087	0,109	0,146	0,178	0,254	0,341	0,414	0,465	0,370	0,000	0,000
6,000	-7,106	-6,655	-6,443	-6,181	-6,062	-5,988	-5,947	-5,918	-5,873	-5,856	-5,804	-5,752	-5,676	-5,553	-5,402	1,255	0,930	0,758	0,512	0,411	0,323	0,285	0,257	0,241	0,235	0,248	0,265	0,289	0,295	0,226	0,000	0,000
7,000	-6,715	-6,521	-6,451	-6,296	-6,237	-6,189	-6,167	-6,156	-6,131	-6,130	-6,116	-6,097	-6,075	-6,032	-5,992	0,467	0,347	0,321	0,247	0,197	0,146	0,132	0,114	0,102	0,083	0,088	0,093	0,088	0,090	0,067	0,000	0,000
8,000	-20,551	-20,836	-20,879	-21,062	-21,069	-21,138	-21,171	-21,208	-21,233	-21,299	-21,315	-21,339	-21,343	-21,310	-21,269	-0,623	-0,390	-0,366	-0,255	-0,208	-0,201	-0,175	-0,175	-0,142	-0,119	-0,081	-0,035	-0,005	0,038	0,035	0,000	0,000
9,000	-9,796	-9,775	-9,698	-9,488	-9,340	-9,214	-9,154	-9,096	-9,040	-9,000	-8,954	-8,897	-8,816	-8,699	-8,559	0,012	0,144	0,237	0,362	0,369	0,335	0,313	0,284	0,268	0,252	0,261	0,274	0,286	0,279	0,211	0,000	0,000
10,000	-9,609	-9,666	-9,561	-9,466	-9,391	-9,365	-9,345	-9,331	-9,305	-9,304	-9,279	-9,249	-9,190	-9,103	-8,996	-0,141	0,080	0,094	0,150	0,135	0,125	0,116	0,109	0,107	0,122	0,135	0,158	0,195	0,202	0,162	0,000	0,000
11,000	-9,594	-9,525	-9,503	-9,379	-9,299	-9,245	-9,216	-9,192	-9,166	-9,144	-9,113	-9,066	-9,004	-8,907	-8,794	0,050	0,098	0,133	0,186	0,185	0,162	0,160	0,148	0,155	0,157	0,175	0,203	0,216	0,229	0,174	0,000	0,000
12,000	-14,420	-14,452	-14,386	-14,350	-14,299	-14,282	-14,280	-14,274	-14,263	-14,276	-14,254	-14,224	-14,172	-14,071	-13,953	-0,060	0,031	0,058	0,081	0,078	0,059	0,063	0,059	0,071	0,080	0,111	0,152	0,187	0,210	0,171	0,000	0,000
13,000	-8,141	-8,129	-8,161	-8,169	-8,160	-8,144	-8,127	-8,115	-8,083	-8,054	-8,002	-7,941	-7,844	-7,704	-7,522	-0,071	-0,055	-0,042	0,023	0,047	0,074	0,099	0,121	0,152	0,185	0,225	0,273	0,320	0,338	0,267	0,000	0,000
14,000	-11,459	-11,283	-11,397	-11,324	-11,330	-11,302	-11,279	-11,281	-11,268	-11,274	-11,256	-11,220	-11,141	-11,007	-10,821	0,016	-0,094	-0,021	0,040	0,043	0,047	0,059	0,061	0,082	0,104	0,142	0,205	0,269	0,306	0,253	0,000	0,000
15,000	-8,951	-9,065	-8,980	-8,994	-8,955	-8,945	-8,940	-8,922	-8,903	-8,896	-8,875	-8,844	-8,795	-8,726	-8,635	-0,237	-0,007	-0,017	0,037	0,046	0,057	0,059	0,075	0,087	0,093	0,111	0,134	0,153	0,167	0,131	0,000	0,000
	run	23	2022:11:08    11:29:10,344
0,000	-13,012	-13,078	-13,103	-13,179	-13,200	-13,215	-13,223	-13,225	-13,224	-13,236	-13,221	-13,195	-13,152	-13,057	-12,950	-0,204	-0,164	-0,145	-0,096	-0,068	-0,050	-0,025	-0,011	0,024	0,041	0,077	0,124	0,166	0,192	0,153	0,000	0,000
1,000	-16,725	-16,757	-16,688	-16,511	-16,366	-16,258	-16,194	-16,145	-16,099	-16,061	-16,017	-15,966	-15,903	-15,807	-15,694	-0,050	0,126	0,196	0,311	0,329	0,307	0,285	0,258	0,239	0,230	0,228	0,228	0,235	0,238	0,184	0,000	0,000
2,000	-10,670	-10,641	-10,606	-10,454	-10,344	-10,264	-10,220	-10,179	-10,128	-10,091	-10,034	-9,946	-9,846	-9,686	-9,503	0,086	0,142	0,207	0,269	0,273	0,251	0,254	0,254	0,261	0,263	0,307	0,335	0,365	0,367	0,277	0,000	0,000
3,000	-21,235	-21,196	-21,100	-20,737	-20,520	-20,373	-20,301	-20,237	-20,188	-20,184	-20,143	-20,107	-20,054	-19,946	-19,820	0,118	0,321	0,408	0,528	0,493	0,401	0,349	0,302	0,264	0,215	0,216	0,226	0,239	0,252	0,193	0,000	0,000
4,000	-11,520	-11,652	-11,546	-11,582	-11,550	-11,553	-11,558	-11,555	-11,547	-11,527	-11,481	-11,411	-11,278	-11,055	-10,768	-0,361	-0,076	-0,071	0,000	0,022	0,047	0,071	0,087	0,131	0,192	0,277	0,359	0,449	0,506	0,414	0,000	0,000
5,000	-12,409	-12,323	-12,444	-12,439	-12,429	-12,410	-12,395	-12,388	-12,365	-12,363	-12,325	-12,245	-12,131	-11,916	-11,660	0,177	-0,021	-0,009	0,039	0,052	0,061	0,087	0,109	0,146	0,178	0,254	0,341	0,414	0,465	0,370	0,000	0,000
6,000	-7,106	-6,655	-6,443	-6,181	-6,062	-5,988	-5,947	-5,918	-5,873	-5,856	-5,804	-5,752	-5,676	-5,553	-5,402	1,255	0,930	0,758	0,512	0,411	0,323	0,285	0,257	0,241	0,235	0,248	0,265	0,289	0,295	0,226	0,000	0,000
7,000	-6,715	-6,521	-6,451	-6,296	-6,237	-6,189	-6,167	-6,156	-6,131	-6,130	-6,116	-6,097	-6,075	-6,032	-5,992	0,467	0,347	0,321	0,247	0,197	0,146	0,132	0,114	0,102	0,083	0,088	0,093	0,088	0,090	0,067	0,000	0,000
8,000	-20,377	-20,654	-20,690	-20,871	-20,877	-20,954	-20,989	-21,027	-21,052	-21,105	-21,126	-21,145	-21,151	-21,124	-21,079	-0,621	-0,386	-0,358	-0,252	-0,207	-0,199	-0,181	-0,166	-0,138	-0,121	-0,082	-0,040	-0,008	0,037	0,041	0,000	0,000
9,000	-9,807	-9,787	-9,719	-9,499	-9,359	-9,237	-9,168	-9,116	-9,064	-9,026	-8,966	-8,910	-8,834	-8,715	-8,583	0,010	0,157	0,226	0,355	0,361	0,332	0,314	0,285	0,268	0,252	0,255	0,274	0,285	0,283	0,214	0,000	0,000
10,000	-9,584	-9,607	-9,506	-9,400	-9,322	-9,292	-9,271	-9,258	-9,238	-9,232	-9,209	-9,174	-9,114	-9,026	-8,923	-0,131	0,077	0,112	0,164	0,139	0,129	0,121	0,110	0,109	0,125	0,145	0,164	0,190	0,204	0,164	0,000	0,000
11,000	-9,577	-9,503	-9,470	-9,344	-9,264	-9,211	-9,181	-9,161	-9,128	-9,108	-9,075	-9,033	-8,972	-8,869	-8,751	0,065	0,102	0,136	0,188	0,190	0,167	0,161	0,152	0,156	0,162	0,182	0,208	0,221	0,233	0,177	0,000	0,000
12,000	-14,799	-14,824	-14,768	-14,735	-14,682	-14,664	-14,657	-14,658	-14,646	-14,658	-14,628	-14,595	-14,552	-14,447	-14,324	-0,071	0,031	0,046	0,076	0,073	0,053	0,059	0,059	0,072	0,080	0,114	0,160	0,199	0,227	0,178	0,000	0,000
13,000	-8,389	-8,374	-8,403	-8,405	-8,399	-8,376	-8,358	-8,339	-8,310	-8,281	-8,234	-8,168	-8,067	-7,916	-7,726	-0,060	-0,050	-0,025	0,028	0,055	0,080	0,102	0,126	0,158	0,192	0,232	0,284	0,333	0,355	0,282	0,000	0,000
14,000	-11,784	-11,610	-11,718	-11,646	-11,648	-11,616	-11,597	-11,602	-11,582	-11,583	-11,566	-11,532	-11,455	-11,316	-11,128	0,016	-0,104	-0,006	0,044	0,052	0,051	0,064	0,063	0,079	0,110	0,157	0,212	0,270	0,313	0,261	0,000	0,000
15,000	-8,955	-9,058	-8,987	-8,991	-8,946	-8,944	-8,935	-8,921	-8,896	-8,893	-8,870	-8,839	-8,794	-8,726	-8,642	-0,236	-0,007	-0,020	0,037	0,051	0,053	0,059	0,072	0,080	0,089	0,111	0,132	0,153	0,160	0,129	0,000	0,000
	run	24	2022:11:08    11:29:10,446
0,000	-13,051	-13,124	-13,162	-13,234	-13,254	-13,265	-13,267	-13,274	-13,278	-13,286	-13,270	-13,239	-13,200	-13,106	-12,999	-0,193	-0,163	-0,134	-0,096	-0,072	-0,045	-0,020	-0,005	0,015	0,039	0,077	0,122	0,163	0,186	0,152	0,000	0,000
1,000	-16,507	-16,520	-16,446	-16,281	-16,142	-16,041	-15,981	-15,928	-15,875	-15,842	-15,791	-15,750	-15,696	-15,604	-15,497	-0,027	0,131	0,188	0,300	0,316	0,286	0,275	0,247	0,232	0,218	0,220	0,225	0,225	0,228	0,174	0,000	0,000
2,000	-10,181	-10,169	-10,141	-9,992	-9,892	-9,821	-9,775	-9,741	-9,687	-9,659	-9,596	-9,516	-9,428	-9,283	-9,119	0,063	0,110	0,167	0,240	0,253	0,233	0,239	0,232	0,242	0,250	0,277	0,310	0,332	0,336	0,254	0,000	0,000
3,000	-20,223	-20,238	-20,186	-19,891	-19,687	-19,561	-19,490	-19,431	-19,384	-19,371	-19,337	-19,299	-19,251	-19,150	-19,031	0,048	0,214	0,294	0,443	0,433	0,359	0,318	0,277	0,242	0,205	0,198	0,209	0,223	0,232	0,175	0,000	0,000
4,000	-10,906	-11,005	-10,907	-10,919	-10,885	-10,885	-10,886	-10,885	-10,881	-10,866	-10,821	-10,754	-10,635	-10,439	-10,172	-0,324	-0,077	-0,047	0,020	0,036	0,051	0,069	0,085	0,117	0,174	0,260	0,331	0,412	0,464	0,384	0,000	0,000
5,000	-11,771	-11,673	-11,776	-11,789	-11,788	-11,760	-11,749	-11,754	-11,721	-11,726	-11,688	-11,618	-11,515	-11,320	-11,087	0,159	-0,019	-0,030	0,024	0,041	0,051	0,079	0,102	0,125	0,163	0,229	0,306	0,374	0,419	0,338	0,000	0,000
6,000	-6,952	-6,525	-6,303	-6,050	-5,934	-5,858	-5,828	-5,794	-5,759	-5,727	-5,690	-5,636	-5,561	-5,434	-5,289	1,225	0,915	0,740	0,496	0,399	0,309	0,282	0,251	0,235	0,225	0,239	0,264	0,278	0,288	0,221	0,000	0,000
7,000	-6,528	-6,334	-6,284	-6,137	-6,074	-6,030	-6,008	-5,998	-5,979	-5,976	-5,961	-5,942	-5,927	-5,883	-5,848	0,457	0,332	0,286	0,229	0,187	0,143	0,122	0,106	0,094	0,078	0,080	0,083	0,085	0,083	0,061	0,000	0,000
8,000	-20,095	-20,392	-20,406	-20,581	-20,592	-20,657	-20,689	-20,718	-20,754	-20,810	-20,814	-20,852	-20,847	-20,818	-20,774	-0,590	-0,379	-0,352	-0,230	-0,198	-0,191	-0,174	-0,160	-0,135	-0,114	-0,076	-0,036	-0,003	0,045	0,042	0,000	0,000
9,000	-9,659	-9,628	-9,564	-9,382	-9,238	-9,124	-9,057	-9,004	-8,952	-8,908	-8,856	-8,802	-8,722	-8,610	-8,472	-0,014	0,116	0,199	0,334	0,345	0,324	0,305	0,277	0,265	0,251	0,258	0,270	0,280	0,280	0,208	0,000	0,000
10,000	-9,678	-9,708	-9,593	-9,469	-9,392	-9,355	-9,335	-9,320	-9,299	-9,294	-9,268	-9,230	-9,176	-9,085	-8,975	-0,119	0,107	0,133	0,181	0,157	0,136	0,125	0,117	0,116	0,129	0,146	0,166	0,199	0,207	0,165	0,000	0,000
11,000	-9,884	-9,783	-9,741	-9,612	-9,524	-9,476	-9,446	-9,424	-9,396	-9,373	-9,337	-9,296	-9,230	-9,126	-9,003	0,079	0,122	0,158	0,197	0,195	0,170	0,168	0,158	0,159	0,165	0,187	0,210	0,229	0,241	0,185	0,000	0,000
12,000	-15,399	-15,429	-15,370	-15,333	-15,277	-15,262	-15,256	-15,250	-15,234	-15,245	-15,221	-15,191	-15,137	-15,027	-14,899	-0,075	0,034	0,053	0,083	0,080	0,067	0,065	0,067	0,078	0,087	0,127	0,169	0,208	0,238	0,189	0,000	0,000
13,000	-8,748	-8,692	-8,732	-8,726	-8,712	-8,694	-8,677	-8,655	-8,626	-8,590	-8,545	-8,475	-8,361	-8,209	-8,005	-0,039	-0,032	-0,015	0,034	0,067	0,083	0,109	0,136	0,167	0,203	0,250	0,306	0,350	0,376	0,298	0,000	0,000
14,000	-12,228	-12,072	-12,169	-12,093	-12,086	-12,052	-12,037	-12,042	-12,020	-12,016	-12,010	-11,970	-11,888	-11,751	-11,558	-0,038	-0,076	-0,016	0,055	0,059	0,056	0,068	0,071	0,091	0,108	0,168	0,213	0,280	0,319	0,266	0,000	0,000
15,000	-9,116	-9,233	-9,157	-9,170	-9,126	-9,125	-9,115	-9,101	-9,082	-9,078	-9,056	-9,025	-8,980	-8,911	-8,827	-0,221	-0,015	-0,018	0,037	0,045	0,057	0,056	0,073	0,081	0,091	0,109	0,127	0,153	0,162	0,126	0,000	0,000
