Device: PM2003001		2022:11:08    11:37:02,446  (DLL version: 1.20;  Status: HW:v1.02 SW:v1.3 CRC:31ED BATTERY:4154mV ST:0 ERR:0000;  MUX data; S: 92 I:143 R:200.000 C:1.094p F:)
Excitation level, V:	2,00
Voltage Channel Gain:	5
Current Channel Gain:	1
Voltmeter Range, V:	0,6
Ampermeter Range, A:	15,0m
Step Period, ms:	5
R transimp:	200
C transimp:	1,1p
Measurement Table: 	EEPROM  16

Freq, Hz	1,0k	2,0k	3,0k	7,0k	11,0k	17,0k	23,0k	31,0k	43,0k	61,0k	89,0k	127,0k	179,0k	251,0k	349,0k	1,0k	2,0k	3,0k	7,0k	11,0k	17,0k	23,0k	31,0k	43,0k	61,0k	89,0k	127,0k	179,0k	251,0k	349,0k
	run	1	2022:11:08    11:37:02,449
MUX	Re1, ohm	Re2, ohm	Re3, ohm	Re4, ohm	Re5, ohm	Re6, ohm	Re7, ohm	Re8, ohm	Re9, ohm	Re10, ohm	Re11, ohm	Re12, ohm	Re13, ohm	Re14, ohm	Re15, ohm	Im1, ohm	Im2, ohm	Im3, ohm	Im4, ohm	Im5, ohm	Im6, ohm	Im7, ohm	Im8, ohm	Im9, ohm	Im10, ohm	Im11, ohm	Im12, ohm	Im13, ohm	Im14, ohm	Im15, ohm	U, V	I, mA

0,000	-12,905	-12,813	-12,781	-12,809	-12,819	-12,833	-12,839	-12,841	-12,844	-12,848	-12,843	-12,816	-12,784	-12,712	-12,627	0,250	0,141	0,075	0,012	-0,002	-0,007	0,005	0,010	0,023	0,038	0,068	0,099	0,134	0,145	0,117	0,000	0,000
1,000	-17,046	-17,106	-17,037	-16,849	-16,681	-16,551	-16,485	-16,432	-16,366	-16,330	-16,274	-16,227	-16,173	-16,085	-15,996	-0,244	0,037	0,143	0,320	0,360	0,328	0,309	0,287	0,261	0,241	0,236	0,228	0,218	0,217	0,156	0,000	0,000
2,000	-10,434	-10,427	-10,400	-10,268	-10,166	-10,090	-10,045	-10,009	-9,954	-9,918	-9,851	-9,780	-9,683	-9,542	-9,386	0,001	0,087	0,145	0,238	0,256	0,236	0,242	0,238	0,250	0,253	0,279	0,304	0,328	0,328	0,243	0,000	0,000
3,000	-20,517	-20,533	-20,454	-20,144	-19,929	-19,788	-19,722	-19,658	-19,605	-19,596	-19,563	-19,524	-19,479	-19,377	-19,261	-0,010	0,222	0,313	0,472	0,457	0,382	0,337	0,285	0,249	0,209	0,202	0,209	0,221	0,228	0,177	0,000	0,000
4,000	-10,986	-11,070	-10,965	-10,972	-10,940	-10,939	-10,938	-10,939	-10,934	-10,908	-10,873	-10,812	-10,680	-10,480	-10,206	-0,286	-0,022	-0,022	0,033	0,044	0,055	0,072	0,090	0,123	0,179	0,262	0,341	0,420	0,478	0,393	0,000	0,000
5,000	-12,238	-12,196	-12,331	-12,365	-12,355	-12,332	-12,317	-12,321	-12,297	-12,292	-12,249	-12,166	-12,027	-11,798	-11,492	-0,044	-0,181	-0,124	-0,017	0,014	0,038	0,073	0,100	0,139	0,192	0,280	0,380	0,476	0,531	0,426	0,000	0,000
6,000	-8,580	-8,579	-8,490	-8,364	-8,263	-8,205	-8,176	-8,150	-8,108	-8,087	-8,027	-7,973	-7,882	-7,731	-7,556	-0,049	0,118	0,155	0,221	0,219	0,192	0,196	0,187	0,203	0,215	0,248	0,291	0,330	0,342	0,269	0,000	0,000
7,000	-6,902	-6,833	-6,835	-6,757	-6,704	-6,676	-6,655	-6,642	-6,621	-6,619	-6,605	-6,584	-6,559	-6,511	-6,454	0,078	0,051	0,085	0,129	0,114	0,091	0,093	0,078	0,077	0,072	0,082	0,091	0,101	0,108	0,082	0,000	0,000
8,000	-19,459	-19,667	-19,657	-19,786	-19,794	-19,839	-19,872	-19,907	-19,928	-19,969	-19,979	-19,995	-19,983	-19,941	-19,872	-0,373	-0,213	-0,217	-0,158	-0,132	-0,140	-0,126	-0,123	-0,101	-0,076	-0,033	-0,000	0,041	0,085	0,073	0,000	0,000
9,000	-9,520	-9,475	-9,411	-9,211	-9,069	-8,957	-8,893	-8,843	-8,791	-8,750	-8,701	-8,640	-8,558	-8,431	-8,289	0,087	0,172	0,247	0,346	0,352	0,325	0,307	0,278	0,264	0,254	0,266	0,284	0,299	0,303	0,230	0,000	0,000
10,000	-9,519	-9,542	-9,419	-9,310	-9,229	-9,195	-9,171	-9,159	-9,134	-9,134	-9,107	-9,071	-9,006	-8,912	-8,795	-0,084	0,129	0,129	0,176	0,154	0,140	0,129	0,125	0,120	0,134	0,153	0,173	0,206	0,221	0,175	0,000	0,000
11,000	-9,725	-9,636	-9,603	-9,473	-9,398	-9,341	-9,312	-9,286	-9,261	-9,237	-9,201	-9,161	-9,085	-8,978	-8,852	0,085	0,134	0,159	0,203	0,198	0,172	0,169	0,159	0,160	0,166	0,195	0,222	0,246	0,255	0,198	0,000	0,000
12,000	-15,205	-15,259	-15,195	-15,161	-15,108	-15,091	-15,088	-15,082	-15,065	-15,083	-15,059	-15,024	-14,963	-14,851	-14,709	-0,118	0,010	0,036	0,079	0,080	0,058	0,066	0,063	0,078	0,092	0,133	0,178	0,215	0,248	0,196	0,000	0,000
13,000	-8,640	-8,544	-8,557	-8,535	-8,516	-8,498	-8,481	-8,467	-8,440	-8,405	-8,372	-8,318	-8,242	-8,136	-7,999	0,106	0,059	0,049	0,068	0,074	0,083	0,103	0,115	0,135	0,159	0,189	0,221	0,244	0,256	0,203	0,000	0,000
14,000	-5,813	-5,236	-5,194	-5,009	-4,969	-4,933	-4,913	-4,915	-4,898	-4,887	-4,874	-4,840	-4,784	-4,676	-4,535	2,291	1,242	0,904	0,469	0,323	0,230	0,196	0,158	0,143	0,137	0,167	0,193	0,229	0,242	0,204	0,000	0,000
15,000	-3,763	-3,560	-3,382	-3,320	-3,263	-3,260	-3,253	-3,239	-3,229	-3,236	-3,229	-3,221	-3,198	-3,151	-3,107	1,636	1,015	0,682	0,344	0,235	0,172	0,132	0,109	0,083	0,076	0,076	0,074	0,096	0,097	0,077	0,000	0,000
	run	2	2022:11:08    11:37:02,510
0,000	-12,905	-12,813	-12,781	-12,809	-12,819	-12,833	-12,839	-12,841	-12,844	-12,848	-12,843	-12,816	-12,784	-12,712	-12,627	0,250	0,141	0,075	0,012	-0,002	-0,007	0,005	0,010	0,023	0,038	0,068	0,099	0,134	0,145	0,117	0,000	0,000
1,000	-17,046	-17,106	-17,037	-16,849	-16,681	-16,551	-16,485	-16,432	-16,366	-16,330	-16,274	-16,227	-16,173	-16,085	-15,996	-0,244	0,037	0,143	0,320	0,360	0,328	0,309	0,287	0,261	0,241	0,236	0,228	0,218	0,217	0,156	0,000	0,000
2,000	-10,434	-10,427	-10,400	-10,268	-10,166	-10,090	-10,045	-10,009	-9,954	-9,918	-9,851	-9,780	-9,683	-9,542	-9,386	0,001	0,087	0,145	0,238	0,256	0,236	0,242	0,238	0,250	0,253	0,279	0,304	0,328	0,328	0,243	0,000	0,000
3,000	-20,517	-20,533	-20,454	-20,144	-19,929	-19,788	-19,722	-19,658	-19,605	-19,596	-19,563	-19,524	-19,479	-19,377	-19,261	-0,010	0,222	0,313	0,472	0,457	0,382	0,337	0,285	0,249	0,209	0,202	0,209	0,221	0,228	0,177	0,000	0,000
4,000	-10,986	-11,070	-10,965	-10,972	-10,940	-10,939	-10,938	-10,939	-10,934	-10,908	-10,873	-10,812	-10,680	-10,480	-10,206	-0,286	-0,022	-0,022	0,033	0,044	0,055	0,072	0,090	0,123	0,179	0,262	0,341	0,420	0,478	0,393	0,000	0,000
5,000	-12,238	-12,196	-12,331	-12,365	-12,355	-12,332	-12,317	-12,321	-12,297	-12,292	-12,249	-12,166	-12,027	-11,798	-11,492	-0,044	-0,181	-0,124	-0,017	0,014	0,038	0,073	0,100	0,139	0,192	0,280	0,380	0,476	0,531	0,426	0,000	0,000
6,000	-8,510	-8,510	-8,414	-8,297	-8,200	-8,144	-8,113	-8,094	-8,050	-8,031	-7,977	-7,913	-7,830	-7,685	-7,503	-0,052	0,107	0,141	0,216	0,208	0,188	0,188	0,186	0,192	0,216	0,249	0,285	0,321	0,338	0,266	0,000	0,000
7,000	-6,997	-6,919	-6,923	-6,833	-6,789	-6,755	-6,734	-6,731	-6,699	-6,700	-6,684	-6,664	-6,638	-6,588	-6,534	0,071	0,048	0,079	0,124	0,110	0,090	0,090	0,081	0,083	0,075	0,082	0,094	0,105	0,109	0,081	0,000	0,000
8,000	-19,536	-19,740	-19,747	-19,866	-19,853	-19,900	-19,936	-19,958	-19,982	-20,021	-20,032	-20,049	-20,044	-19,997	-19,931	-0,367	-0,207	-0,220	-0,148	-0,127	-0,134	-0,121	-0,112	-0,101	-0,076	-0,035	0,011	0,039	0,077	0,078	0,000	0,000
9,000	-9,490	-9,464	-9,395	-9,217	-9,086	-8,971	-8,910	-8,860	-8,807	-8,775	-8,714	-8,665	-8,580	-8,457	-8,311	0,084	0,154	0,221	0,324	0,339	0,307	0,296	0,275	0,256	0,246	0,265	0,282	0,293	0,299	0,225	0,000	0,000
10,000	-9,374	-9,391	-9,283	-9,177	-9,094	-9,063	-9,038	-9,022	-8,999	-8,994	-8,967	-8,928	-8,870	-8,777	-8,652	-0,078	0,123	0,129	0,171	0,153	0,136	0,132	0,125	0,117	0,137	0,155	0,176	0,213	0,220	0,179	0,000	0,000
11,000	-9,638	-9,547	-9,523	-9,380	-9,306	-9,252	-9,225	-9,201	-9,167	-9,143	-9,111	-9,064	-8,993	-8,887	-8,758	0,092	0,138	0,156	0,204	0,198	0,165	0,170	0,156	0,162	0,170	0,190	0,219	0,243	0,253	0,195	0,000	0,000
12,000	-15,269	-15,324	-15,273	-15,242	-15,191	-15,181	-15,182	-15,168	-15,153	-15,173	-15,141	-15,107	-15,058	-14,937	-14,803	-0,140	0,004	0,031	0,066	0,071	0,055	0,059	0,063	0,073	0,084	0,129	0,171	0,213	0,246	0,196	0,000	0,000
13,000	-8,484	-8,458	-8,424	-8,417	-8,399	-8,377	-8,365	-8,351	-8,328	-8,297	-8,259	-8,204	-8,134	-8,029	-7,895	0,060	0,061	0,044	0,061	0,074	0,088	0,103	0,110	0,131	0,155	0,189	0,219	0,245	0,256	0,200	0,000	0,000
14,000	-5,609	-4,979	-5,000	-4,789	-4,779	-4,734	-4,716	-4,715	-4,698	-4,694	-4,681	-4,643	-4,585	-4,480	-4,344	2,345	1,192	0,894	0,460	0,313	0,218	0,186	0,157	0,147	0,147	0,166	0,190	0,225	0,252	0,196	0,000	0,000
15,000	-3,698	-3,521	-3,335	-3,280	-3,221	-3,214	-3,208	-3,198	-3,185	-3,192	-3,183	-3,174	-3,151	-3,107	-3,063	1,649	1,018	0,684	0,343	0,237	0,175	0,136	0,110	0,084	0,077	0,070	0,074	0,091	0,102	0,077	0,000	0,000
	run	3	2022:11:08    11:37:02,599
0,000	-12,794	-12,717	-12,683	-12,724	-12,735	-12,751	-12,755	-12,760	-12,758	-12,769	-12,759	-12,737	-12,698	-12,626	-12,542	0,260	0,130	0,081	0,006	-0,012	-0,005	0,002	0,011	0,023	0,034	0,068	0,103	0,134	0,149	0,119	0,000	0,000
1,000	-17,265	-17,327	-17,248	-17,045	-16,857	-16,737	-16,665	-16,601	-16,537	-16,505	-16,443	-16,398	-16,341	-16,254	-16,160	-0,213	0,062	0,179	0,351	0,383	0,345	0,329	0,300	0,272	0,246	0,236	0,234	0,224	0,219	0,166	0,000	0,000
2,000	-10,628	-10,621	-10,571	-10,439	-10,328	-10,256	-10,209	-10,171	-10,116	-10,080	-10,012	-9,939	-9,838	-9,692	-9,532	0,004	0,102	0,161	0,252	0,252	0,238	0,249	0,247	0,255	0,263	0,286	0,318	0,339	0,344	0,261	0,000	0,000
3,000	-21,007	-20,964	-20,879	-20,521	-20,302	-20,161	-20,095	-20,035	-19,989	-19,979	-19,941	-19,907	-19,855	-19,758	-19,635	0,063	0,288	0,382	0,507	0,484	0,392	0,341	0,294	0,247	0,213	0,204	0,217	0,224	0,234	0,179	0,000	0,000
4,000	-11,170	-11,253	-11,177	-11,172	-11,142	-11,136	-11,144	-11,134	-11,131	-11,100	-11,066	-10,999	-10,865	-10,641	-10,355	-0,287	-0,052	-0,048	0,024	0,034	0,058	0,082	0,103	0,129	0,186	0,280	0,363	0,453	0,511	0,421	0,000	0,000
5,000	-12,539	-12,482	-12,638	-12,658	-12,660	-12,630	-12,621	-12,618	-12,590	-12,591	-12,543	-12,463	-12,322	-12,075	-11,760	-0,049	-0,171	-0,124	-0,010	0,024	0,038	0,075	0,100	0,151	0,202	0,285	0,396	0,498	0,552	0,445	0,000	0,000
6,000	-8,731	-8,713	-8,622	-8,491	-8,390	-8,329	-8,300	-8,275	-8,238	-8,211	-8,160	-8,098	-8,005	-7,852	-7,675	-0,044	0,127	0,169	0,230	0,224	0,198	0,197	0,199	0,204	0,213	0,256	0,293	0,329	0,347	0,272	0,000	0,000
7,000	-7,010	-6,940	-6,937	-6,846	-6,790	-6,758	-6,737	-6,724	-6,708	-6,706	-6,690	-6,671	-6,645	-6,598	-6,545	0,079	0,059	0,094	0,133	0,116	0,094	0,092	0,089	0,083	0,075	0,084	0,088	0,099	0,101	0,076	0,000	0,000
8,000	-19,690	-19,925	-19,912	-20,049	-20,046	-20,097	-20,131	-20,152	-20,176	-20,222	-20,227	-20,240	-20,240	-20,192	-20,127	-0,350	-0,224	-0,227	-0,159	-0,133	-0,139	-0,125	-0,118	-0,094	-0,079	-0,031	0,005	0,042	0,088	0,074	0,000	0,000
9,000	-9,470	-9,420	-9,361	-9,154	-9,012	-8,893	-8,832	-8,786	-8,728	-8,695	-8,639	-8,583	-8,501	-8,373	-8,227	0,100	0,182	0,258	0,353	0,357	0,322	0,306	0,282	0,262	0,251	0,265	0,285	0,298	0,299	0,229	0,000	0,000
10,000	-9,595	-9,617	-9,488	-9,357	-9,268	-9,238	-9,212	-9,194	-9,169	-9,170	-9,141	-9,103	-9,041	-8,939	-8,827	-0,047	0,146	0,170	0,198	0,166	0,148	0,133	0,130	0,126	0,133	0,156	0,176	0,211	0,225	0,181	0,000	0,000
11,000	-9,771	-9,682	-9,633	-9,491	-9,412	-9,357	-9,326	-9,305	-9,269	-9,250	-9,213	-9,164	-9,100	-8,993	-8,863	0,127	0,152	0,182	0,212	0,207	0,175	0,173	0,162	0,162	0,172	0,197	0,221	0,244	0,253	0,193	0,000	0,000
12,000	-15,245	-15,301	-15,247	-15,214	-15,159	-15,151	-15,148	-15,141	-15,129	-15,140	-15,125	-15,085	-15,032	-14,920	-14,788	-0,130	0,003	0,026	0,073	0,070	0,056	0,058	0,060	0,071	0,089	0,121	0,165	0,205	0,233	0,188	0,000	0,000
13,000	-8,327	-8,264	-8,264	-8,250	-8,236	-8,213	-8,199	-8,179	-8,158	-8,128	-8,088	-8,039	-7,963	-7,858	-7,721	0,089	0,062	0,050	0,059	0,076	0,087	0,103	0,116	0,131	0,157	0,185	0,217	0,240	0,255	0,202	0,000	0,000
14,000	-5,379	-4,797	-4,807	-4,620	-4,609	-4,564	-4,549	-4,545	-4,530	-4,525	-4,499	-4,482	-4,414	-4,317	-4,188	2,217	1,158	0,846	0,436	0,302	0,201	0,174	0,154	0,138	0,139	0,141	0,183	0,220	0,228	0,189	0,000	0,000
15,000	-3,680	-3,499	-3,336	-3,269	-3,219	-3,204	-3,199	-3,183	-3,176	-3,180	-3,171	-3,165	-3,141	-3,097	-3,048	1,633	1,010	0,690	0,346	0,241	0,177	0,139	0,113	0,086	0,078	0,075	0,077	0,090	0,100	0,077	0,000	0,000
	run	4	2022:11:08    11:37:02,698
0,000	-12,731	-12,638	-12,606	-12,640	-12,657	-12,666	-12,678	-12,678	-12,674	-12,684	-12,677	-12,649	-12,618	-12,544	-12,463	0,257	0,142	0,079	0,012	-0,004	0,001	0,004	0,014	0,022	0,037	0,066	0,101	0,128	0,149	0,119	0,000	0,000
1,000	-16,959	-17,037	-16,963	-16,768	-16,607	-16,482	-16,414	-16,344	-16,291	-16,255	-16,203	-16,150	-16,095	-16,011	-15,919	-0,217	0,046	0,151	0,337	0,359	0,334	0,312	0,280	0,262	0,238	0,229	0,232	0,219	0,213	0,152	0,000	0,000
2,000	-10,395	-10,390	-10,367	-10,232	-10,128	-10,052	-10,003	-9,968	-9,913	-9,878	-9,813	-9,733	-9,646	-9,499	-9,344	-0,014	0,092	0,143	0,238	0,258	0,234	0,244	0,238	0,245	0,257	0,283	0,305	0,329	0,331	0,243	0,000	0,000
3,000	-20,752	-20,766	-20,678	-20,359	-20,139	-20,000	-19,931	-19,863	-19,817	-19,802	-19,760	-19,724	-19,677	-19,567	-19,453	0,010	0,250	0,325	0,486	0,470	0,393	0,339	0,291	0,252	0,214	0,208	0,225	0,232	0,244	0,183	0,000	0,000
4,000	-11,181	-11,271	-11,166	-11,177	-11,142	-11,148	-11,150	-11,152	-11,145	-11,125	-11,087	-11,014	-10,888	-10,672	-10,391	-0,288	-0,028	-0,035	0,026	0,039	0,056	0,074	0,094	0,121	0,182	0,263	0,351	0,435	0,487	0,402	0,000	0,000
5,000	-12,586	-12,537	-12,694	-12,720	-12,710	-12,684	-12,671	-12,672	-12,647	-12,644	-12,603	-12,518	-12,380	-12,131	-11,814	-0,043	-0,175	-0,118	-0,005	0,023	0,040	0,083	0,104	0,149	0,194	0,287	0,389	0,492	0,546	0,448	0,000	0,000
6,000	-8,746	-8,747	-8,649	-8,520	-8,419	-8,368	-8,336	-8,309	-8,271	-8,252	-8,188	-8,123	-8,040	-7,879	-7,691	-0,048	0,121	0,157	0,223	0,220	0,200	0,199	0,197	0,202	0,214	0,256	0,299	0,335	0,354	0,275	0,000	0,000
7,000	-7,077	-7,029	-7,016	-6,928	-6,870	-6,834	-6,816	-6,803	-6,785	-6,778	-6,758	-6,742	-6,716	-6,665	-6,605	0,062	0,061	0,100	0,139	0,122	0,104	0,099	0,087	0,086	0,078	0,090	0,102	0,112	0,113	0,085	0,000	0,000
8,000	-19,739	-19,973	-19,970	-20,121	-20,118	-20,175	-20,208	-20,234	-20,255	-20,306	-20,321	-20,329	-20,324	-20,279	-20,221	-0,380	-0,238	-0,235	-0,177	-0,147	-0,143	-0,132	-0,119	-0,096	-0,088	-0,040	0,000	0,031	0,075	0,075	0,000	0,000
9,000	-9,732	-9,673	-9,597	-9,356	-9,209	-9,093	-9,031	-8,975	-8,927	-8,883	-8,835	-8,772	-8,690	-8,562	-8,409	0,127	0,214	0,287	0,378	0,381	0,343	0,316	0,287	0,270	0,262	0,273	0,291	0,305	0,310	0,235	0,000	0,000
10,000	-9,712	-9,723	-9,599	-9,474	-9,388	-9,354	-9,332	-9,315	-9,296	-9,295	-9,264	-9,225	-9,164	-9,066	-8,948	-0,059	0,153	0,159	0,195	0,165	0,144	0,133	0,130	0,121	0,134	0,158	0,175	0,211	0,222	0,175	0,000	0,000
11,000	-9,751	-9,647	-9,616	-9,468	-9,386	-9,334	-9,300	-9,278	-9,251	-9,226	-9,189	-9,144	-9,075	-8,973	-8,845	0,109	0,151	0,182	0,210	0,205	0,173	0,173	0,160	0,162	0,170	0,193	0,217	0,236	0,251	0,191	0,000	0,000
12,000	-14,879	-14,943	-14,879	-14,853	-14,800	-14,785	-14,778	-14,771	-14,764	-14,783	-14,767	-14,721	-14,669	-14,558	-14,431	-0,128	0,010	0,029	0,070	0,073	0,046	0,062	0,060	0,068	0,083	0,115	0,161	0,204	0,232	0,190	0,000	0,000
13,000	-8,179	-8,129	-8,125	-8,120	-8,100	-8,082	-8,068	-8,049	-8,024	-8,001	-7,960	-7,909	-7,837	-7,736	-7,604	0,073	0,051	0,043	0,054	0,070	0,084	0,097	0,114	0,131	0,151	0,182	0,215	0,232	0,250	0,196	0,000	0,000
14,000	-5,410	-4,833	-4,815	-4,648	-4,625	-4,587	-4,574	-4,567	-4,548	-4,549	-4,531	-4,500	-4,441	-4,342	-4,203	2,222	1,148	0,836	0,440	0,302	0,203	0,175	0,153	0,138	0,143	0,156	0,187	0,216	0,243	0,191	0,000	0,000
15,000	-3,665	-3,496	-3,310	-3,259	-3,198	-3,192	-3,187	-3,172	-3,164	-3,166	-3,163	-3,151	-3,127	-3,087	-3,042	1,622	1,001	0,677	0,339	0,235	0,169	0,136	0,111	0,085	0,077	0,070	0,077	0,090	0,092	0,075	0,000	0,000
	run	5	2022:11:08    11:37:02,747
0,000	-12,555	-12,491	-12,457	-12,491	-12,505	-12,522	-12,525	-12,524	-12,523	-12,535	-12,523	-12,506	-12,468	-12,399	-12,318	0,252	0,134	0,073	0,008	-0,004	-0,007	0,008	0,007	0,018	0,038	0,063	0,098	0,126	0,142	0,115	0,000	0,000
1,000	-16,987	-17,029	-16,974	-16,783	-16,608	-16,482	-16,412	-16,360	-16,294	-16,257	-16,200	-16,154	-16,099	-16,013	-15,921	-0,225	0,044	0,148	0,332	0,358	0,330	0,311	0,291	0,268	0,243	0,235	0,229	0,222	0,214	0,156	0,000	0,000
2,000	-10,395	-10,390	-10,367	-10,232	-10,128	-10,052	-10,003	-9,968	-9,913	-9,878	-9,813	-9,733	-9,646	-9,499	-9,344	-0,014	0,092	0,143	0,238	0,258	0,234	0,244	0,238	0,245	0,257	0,283	0,305	0,329	0,331	0,243	0,000	0,000
3,000	-20,752	-20,766	-20,678	-20,359	-20,139	-20,000	-19,931	-19,863	-19,817	-19,802	-19,760	-19,724	-19,677	-19,567	-19,453	0,010	0,250	0,325	0,486	0,470	0,393	0,339	0,291	0,252	0,214	0,208	0,225	0,232	0,244	0,183	0,000	0,000
4,000	-11,181	-11,271	-11,166	-11,177	-11,142	-11,148	-11,150	-11,152	-11,145	-11,125	-11,087	-11,014	-10,888	-10,672	-10,391	-0,288	-0,028	-0,035	0,026	0,039	0,056	0,074	0,094	0,121	0,182	0,263	0,351	0,435	0,487	0,402	0,000	0,000
5,000	-12,586	-12,537	-12,694	-12,720	-12,710	-12,684	-12,671	-12,672	-12,647	-12,644	-12,603	-12,518	-12,380	-12,131	-11,814	-0,043	-0,175	-0,118	-0,005	0,023	0,040	0,083	0,104	0,149	0,194	0,287	0,389	0,492	0,546	0,448	0,000	0,000
6,000	-8,746	-8,747	-8,649	-8,520	-8,419	-8,368	-8,336	-8,309	-8,271	-8,252	-8,188	-8,123	-8,040	-7,879	-7,691	-0,048	0,121	0,157	0,223	0,220	0,200	0,199	0,197	0,202	0,214	0,256	0,299	0,335	0,354	0,275	0,000	0,000
7,000	-7,077	-7,029	-7,016	-6,928	-6,870	-6,834	-6,816	-6,803	-6,785	-6,778	-6,758	-6,742	-6,716	-6,665	-6,605	0,062	0,061	0,100	0,139	0,122	0,104	0,099	0,087	0,086	0,078	0,090	0,102	0,112	0,113	0,085	0,000	0,000
8,000	-19,958	-20,184	-20,201	-20,343	-20,347	-20,397	-20,426	-20,461	-20,487	-20,531	-20,538	-20,551	-20,545	-20,498	-20,429	-0,384	-0,252	-0,251	-0,182	-0,145	-0,155	-0,137	-0,126	-0,103	-0,078	-0,039	0,007	0,038	0,088	0,084	0,000	0,000
9,000	-9,692	-9,657	-9,561	-9,344	-9,195	-9,075	-9,013	-8,967	-8,912	-8,873	-8,823	-8,763	-8,684	-8,559	-8,409	0,097	0,225	0,282	0,372	0,372	0,331	0,309	0,281	0,272	0,253	0,267	0,279	0,301	0,297	0,227	0,000	0,000
10,000	-9,456	-9,479	-9,380	-9,279	-9,206	-9,179	-9,152	-9,138	-9,110	-9,110	-9,091	-9,043	-8,984	-8,889	-8,774	-0,087	0,114	0,120	0,162	0,147	0,133	0,122	0,118	0,114	0,124	0,146	0,170	0,206	0,224	0,178	0,000	0,000
11,000	-9,486	-9,394	-9,377	-9,242	-9,167	-9,114	-9,082	-9,059	-9,024	-9,013	-8,971	-8,928	-8,858	-8,756	-8,627	0,076	0,122	0,147	0,191	0,193	0,165	0,168	0,156	0,158	0,166	0,187	0,217	0,238	0,244	0,192	0,000	0,000
12,000	-14,714	-14,748	-14,710	-14,665	-14,618	-14,608	-14,596	-14,592	-14,580	-14,593	-14,567	-14,536	-14,491	-14,371	-14,243	-0,104	0,022	0,033	0,071	0,072	0,060	0,059	0,057	0,068	0,078	0,129	0,162	0,205	0,239	0,190	0,000	0,000
13,000	-8,250	-8,189	-8,194	-8,184	-8,165	-8,148	-8,133	-8,116	-8,090	-8,062	-8,027	-7,975	-7,899	-7,795	-7,665	0,083	0,047	0,042	0,056	0,063	0,083	0,100	0,107	0,131	0,151	0,184	0,216	0,241	0,250	0,197	0,000	0,000
14,000	-5,535	-4,969	-4,954	-4,775	-4,743	-4,712	-4,688	-4,690	-4,673	-4,667	-4,641	-4,616	-4,560	-4,462	-4,328	2,239	1,178	0,870	0,445	0,311	0,219	0,178	0,159	0,137	0,137	0,161	0,181	0,224	0,240	0,193	0,000	0,000
15,000	-3,693	-3,521	-3,350	-3,285	-3,228	-3,222	-3,210	-3,201	-3,190	-3,192	-3,187	-3,179	-3,158	-3,115	-3,067	1,626	1,008	0,679	0,342	0,236	0,172	0,137	0,109	0,082	0,076	0,070	0,079	0,091	0,096	0,073	0,000	0,000
	run	6	2022:11:08    11:37:02,847
0,000	-12,758	-12,670	-12,642	-12,678	-12,694	-12,710	-12,711	-12,716	-12,719	-12,724	-12,716	-12,696	-12,657	-12,591	-12,505	0,242	0,137	0,075	0,004	-0,005	-0,004	0,007	0,008	0,021	0,037	0,065	0,099	0,127	0,147	0,117	0,000	0,000
1,000	-17,021	-17,098	-17,030	-16,833	-16,656	-16,533	-16,468	-16,409	-16,342	-16,307	-16,256	-16,208	-16,150	-16,066	-15,976	-0,216	0,043	0,167	0,334	0,366	0,331	0,313	0,283	0,266	0,239	0,225	0,226	0,217	0,212	0,150	0,000	0,000
2,000	-10,388	-10,389	-10,358	-10,229	-10,125	-10,053	-10,003	-9,969	-9,912	-9,881	-9,820	-9,741	-9,651	-9,509	-9,355	0,008	0,087	0,149	0,236	0,246	0,235	0,241	0,235	0,244	0,245	0,278	0,306	0,324	0,325	0,244	0,000	0,000
3,000	-20,353	-20,365	-20,296	-19,988	-19,778	-19,639	-19,571	-19,510	-19,459	-19,452	-19,415	-19,377	-19,330	-19,231	-19,120	-0,009	0,207	0,319	0,463	0,453	0,371	0,333	0,285	0,240	0,202	0,198	0,209	0,217	0,225	0,169	0,000	0,000
4,000	-10,854	-10,945	-10,857	-10,852	-10,825	-10,819	-10,819	-10,814	-10,818	-10,785	-10,758	-10,688	-10,559	-10,354	-10,083	-0,280	-0,022	-0,039	0,028	0,043	0,057	0,069	0,096	0,119	0,176	0,261	0,337	0,428	0,479	0,396	0,000	0,000
5,000	-12,401	-12,372	-12,525	-12,549	-12,542	-12,526	-12,510	-12,510	-12,479	-12,480	-12,432	-12,352	-12,219	-11,967	-11,654	-0,064	-0,191	-0,133	-0,017	0,015	0,044	0,078	0,106	0,153	0,203	0,288	0,384	0,487	0,545	0,446	0,000	0,000
6,000	-8,816	-8,808	-8,715	-8,583	-8,481	-8,429	-8,398	-8,366	-8,329	-8,307	-8,246	-8,182	-8,096	-7,934	-7,752	-0,049	0,123	0,157	0,230	0,218	0,197	0,198	0,204	0,205	0,216	0,260	0,305	0,336	0,357	0,277	0,000	0,000
7,000	-7,177	-7,102	-7,109	-7,002	-6,949	-6,907	-6,890	-6,874	-6,859	-6,856	-6,844	-6,827	-6,796	-6,746	-6,689	0,086	0,074	0,106	0,146	0,125	0,101	0,098	0,085	0,084	0,070	0,081	0,094	0,101	0,106	0,080	0,000	0,000
8,000	-19,918	-20,136	-20,151	-20,278	-20,289	-20,332	-20,370	-20,395	-20,415	-20,462	-20,478	-20,493	-20,481	-20,432	-20,370	-0,380	-0,240	-0,240	-0,172	-0,142	-0,145	-0,131	-0,125	-0,102	-0,077	-0,042	-0,000	0,040	0,085	0,078	0,000	0,000
9,000	-9,507	-9,464	-9,396	-9,201	-9,059	-8,943	-8,878	-8,829	-8,777	-8,738	-8,682	-8,625	-8,542	-8,421	-8,276	0,090	0,191	0,247	0,350	0,357	0,325	0,306	0,278	0,264	0,255	0,263	0,286	0,301	0,302	0,227	0,000	0,000
10,000	-9,295	-9,324	-9,214	-9,118	-9,046	-9,010	-8,993	-8,972	-8,950	-8,947	-8,918	-8,883	-8,824	-8,729	-8,617	-0,083	0,112	0,114	0,162	0,143	0,133	0,118	0,125	0,112	0,124	0,146	0,176	0,203	0,218	0,171	0,000	0,000
11,000	-9,509	-9,415	-9,393	-9,256	-9,185	-9,128	-9,101	-9,077	-9,048	-9,030	-8,988	-8,944	-8,873	-8,769	-8,646	0,088	0,129	0,156	0,198	0,189	0,168	0,169	0,159	0,160	0,168	0,193	0,216	0,240	0,252	0,193	0,000	0,000
12,000	-15,051	-15,091	-15,038	-15,001	-14,951	-14,940	-14,935	-14,930	-14,912	-14,927	-14,907	-14,873	-14,822	-14,710	-14,572	-0,115	0,010	0,038	0,070	0,070	0,054	0,060	0,062	0,071	0,090	0,126	0,166	0,212	0,241	0,192	0,000	0,000
13,000	-8,524	-8,451	-8,447	-8,428	-8,414	-8,397	-8,382	-8,366	-8,338	-8,309	-8,270	-8,218	-8,143	-8,035	-7,903	0,090	0,063	0,053	0,066	0,076	0,085	0,102	0,116	0,136	0,167	0,192	0,223	0,244	0,257	0,204	0,000	0,000
14,000	-5,650	-5,063	-5,038	-4,858	-4,828	-4,789	-4,766	-4,767	-4,755	-4,743	-4,728	-4,694	-4,637	-4,539	-4,399	2,279	1,205	0,885	0,459	0,318	0,214	0,185	0,159	0,139	0,140	0,163	0,184	0,226	0,244	0,198	0,000	0,000
15,000	-3,718	-3,548	-3,369	-3,304	-3,248	-3,237	-3,234	-3,215	-3,212	-3,215	-3,209	-3,199	-3,175	-3,130	-3,088	1,629	1,018	0,681	0,347	0,237	0,172	0,139	0,112	0,083	0,077	0,074	0,077	0,089	0,096	0,076	0,000	0,000
	run	7	2022:11:08    11:37:02,900
0,000	-12,758	-12,670	-12,642	-12,678	-12,694	-12,710	-12,711	-12,716	-12,719	-12,724	-12,716	-12,696	-12,657	-12,591	-12,505	0,242	0,137	0,075	0,004	-0,005	-0,004	0,007	0,008	0,021	0,037	0,065	0,099	0,127	0,147	0,117	0,000	0,000
1,000	-17,021	-17,098	-17,030	-16,833	-16,656	-16,533	-16,468	-16,409	-16,342	-16,307	-16,256	-16,208	-16,150	-16,066	-15,976	-0,216	0,043	0,167	0,334	0,366	0,331	0,313	0,283	0,266	0,239	0,225	0,226	0,217	0,212	0,150	0,000	0,000
2,000	-10,388	-10,389	-10,358	-10,229	-10,125	-10,053	-10,003	-9,969	-9,912	-9,881	-9,820	-9,741	-9,651	-9,509	-9,355	0,008	0,087	0,149	0,236	0,246	0,235	0,241	0,235	0,244	0,245	0,278	0,306	0,324	0,325	0,244	0,000	0,000
3,000	-20,353	-20,365	-20,296	-19,988	-19,778	-19,639	-19,571	-19,510	-19,459	-19,452	-19,415	-19,377	-19,330	-19,231	-19,120	-0,009	0,207	0,319	0,463	0,453	0,371	0,333	0,285	0,240	0,202	0,198	0,209	0,217	0,225	0,169	0,000	0,000
4,000	-10,854	-10,945	-10,857	-10,852	-10,825	-10,819	-10,819	-10,814	-10,818	-10,785	-10,758	-10,688	-10,559	-10,354	-10,083	-0,280	-0,022	-0,039	0,028	0,043	0,057	0,069	0,096	0,119	0,176	0,261	0,337	0,428	0,479	0,396	0,000	0,000
5,000	-12,401	-12,372	-12,525	-12,549	-12,542	-12,526	-12,510	-12,510	-12,479	-12,480	-12,432	-12,352	-12,219	-11,967	-11,654	-0,064	-0,191	-0,133	-0,017	0,015	0,044	0,078	0,106	0,153	0,203	0,288	0,384	0,487	0,545	0,446	0,000	0,000
6,000	-8,709	-8,694	-8,603	-8,469	-8,374	-8,320	-8,289	-8,260	-8,221	-8,201	-8,153	-8,086	-7,991	-7,843	-7,665	-0,044	0,115	0,167	0,226	0,219	0,193	0,195	0,195	0,205	0,211	0,251	0,289	0,327	0,350	0,264	0,000	0,000
7,000	-7,056	-6,965	-6,988	-6,885	-6,826	-6,789	-6,766	-6,754	-6,741	-6,737	-6,718	-6,695	-6,670	-6,629	-6,572	0,060	0,069	0,109	0,136	0,125	0,096	0,096	0,089	0,086	0,076	0,089	0,096	0,101	0,107	0,081	0,000	0,000
8,000	-19,530	-19,759	-19,763	-19,906	-19,900	-19,953	-19,986	-20,014	-20,029	-20,081	-20,096	-20,104	-20,101	-20,051	-19,987	-0,356	-0,230	-0,221	-0,171	-0,137	-0,137	-0,124	-0,115	-0,104	-0,075	-0,035	0,003	0,034	0,082	0,076	0,000	0,000
9,000	-9,410	-9,353	-9,289	-9,068	-8,926	-8,815	-8,753	-8,699	-8,650	-8,609	-8,555	-8,501	-8,415	-8,292	-8,145	0,101	0,176	0,260	0,357	0,358	0,322	0,308	0,283	0,262	0,254	0,270	0,287	0,298	0,305	0,229	0,000	0,000
10,000	-9,597	-9,604	-9,497	-9,365	-9,275	-9,239	-9,219	-9,202	-9,183	-9,172	-9,144	-9,107	-9,043	-8,945	-8,827	-0,067	0,145	0,159	0,193	0,171	0,150	0,135	0,134	0,129	0,137	0,164	0,180	0,218	0,231	0,180	0,000	0,000
11,000	-9,764	-9,676	-9,629	-9,488	-9,407	-9,352	-9,323	-9,300	-9,269	-9,253	-9,213	-9,163	-9,092	-8,985	-8,854	0,110	0,156	0,181	0,215	0,202	0,177	0,173	0,162	0,164	0,171	0,196	0,228	0,250	0,257	0,201	0,000	0,000
12,000	-15,596	-15,651	-15,592	-15,563	-15,505	-15,493	-15,492	-15,483	-15,468	-15,487	-15,454	-15,423	-15,377	-15,252	-15,113	-0,118	-0,006	0,030	0,071	0,070	0,057	0,063	0,062	0,076	0,088	0,133	0,174	0,220	0,245	0,200	0,000	0,000
13,000	-8,575	-8,501	-8,496	-8,482	-8,462	-8,445	-8,427	-8,418	-8,385	-8,358	-8,316	-8,270	-8,193	-8,075	-7,943	0,101	0,066	0,053	0,061	0,080	0,088	0,106	0,115	0,137	0,159	0,192	0,225	0,251	0,263	0,206	0,000	0,000
14,000	-5,600	-5,021	-5,014	-4,824	-4,790	-4,758	-4,742	-4,736	-4,723	-4,717	-4,701	-4,661	-4,608	-4,506	-4,367	2,287	1,195	0,876	0,455	0,311	0,221	0,189	0,157	0,148	0,145	0,153	0,187	0,224	0,248	0,201	0,000	0,000
15,000	-3,718	-3,523	-3,343	-3,284	-3,230	-3,220	-3,213	-3,202	-3,189	-3,197	-3,188	-3,184	-3,157	-3,116	-3,073	1,632	1,011	0,683	0,340	0,233	0,173	0,138	0,108	0,084	0,078	0,071	0,074	0,089	0,095	0,075	0,000	0,000
	run	8	2022:11:08    11:37:02,999
0,000	-12,593	-12,515	-12,483	-12,507	-12,527	-12,536	-12,537	-12,540	-12,542	-12,548	-12,540	-12,525	-12,491	-12,422	-12,334	0,265	0,144	0,075	0,012	-0,005	-0,007	0,001	0,010	0,019	0,035	0,064	0,096	0,126	0,141	0,117	0,000	0,000
1,000	-16,852	-16,913	-16,853	-16,676	-16,509	-16,398	-16,331	-16,268	-16,204	-16,172	-16,112	-16,071	-16,015	-15,932	-15,834	-0,240	0,020	0,137	0,309	0,342	0,316	0,304	0,272	0,261	0,245	0,234	0,223	0,213	0,212	0,157	0,000	0,000
2,000	-10,324	-10,323	-10,294	-10,150	-10,047	-9,977	-9,933	-9,898	-9,838	-9,815	-9,750	-9,678	-9,584	-9,443	-9,288	0,007	0,087	0,144	0,243	0,244	0,233	0,239	0,229	0,238	0,251	0,278	0,298	0,319	0,324	0,240	0,000	0,000
3,000	-20,465	-20,459	-20,387	-20,078	-19,865	-19,728	-19,657	-19,604	-19,549	-19,540	-19,504	-19,470	-19,419	-19,329	-19,209	-0,004	0,231	0,327	0,461	0,452	0,376	0,327	0,278	0,244	0,206	0,200	0,207	0,215	0,219	0,171	0,000	0,000
4,000	-10,901	-10,975	-10,904	-10,890	-10,858	-10,848	-10,855	-10,847	-10,848	-10,828	-10,788	-10,722	-10,593	-10,394	-10,121	-0,266	-0,019	-0,030	0,033	0,042	0,059	0,075	0,097	0,119	0,183	0,256	0,340	0,425	0,470	0,390	0,000	0,000
5,000	-12,299	-12,274	-12,415	-12,439	-12,448	-12,424	-12,409	-12,407	-12,387	-12,382	-12,334	-12,257	-12,119	-11,884	-11,584	-0,061	-0,182	-0,137	-0,018	0,015	0,035	0,067	0,101	0,140	0,191	0,278	0,379	0,470	0,527	0,425	0,000	0,000
6,000	-8,550	-8,537	-8,441	-8,317	-8,217	-8,156	-8,132	-8,106	-8,066	-8,040	-7,991	-7,925	-7,838	-7,686	-7,508	-0,040	0,117	0,146	0,226	0,219	0,192	0,195	0,192	0,201	0,216	0,256	0,291	0,327	0,344	0,272	0,000	0,000
7,000	-6,895	-6,837	-6,834	-6,751	-6,700	-6,674	-6,651	-6,641	-6,616	-6,617	-6,604	-6,578	-6,550	-6,496	-6,443	0,058	0,039	0,084	0,124	0,110	0,089	0,085	0,082	0,083	0,078	0,091	0,102	0,111	0,116	0,089	0,000	0,000
8,000	-19,747	-19,953	-19,951	-20,080	-20,087	-20,130	-20,171	-20,187	-20,214	-20,253	-20,260	-20,274	-20,272	-20,224	-20,155	-0,372	-0,217	-0,202	-0,160	-0,132	-0,130	-0,119	-0,106	-0,094	-0,073	-0,033	0,011	0,041	0,085	0,077	0,000	0,000
9,000	-9,826	-9,782	-9,704	-9,487	-9,342	-9,221	-9,159	-9,106	-9,055	-9,018	-8,961	-8,902	-8,816	-8,688	-8,530	0,110	0,187	0,270	0,368	0,369	0,337	0,315	0,285	0,267	0,260	0,273	0,293	0,314	0,316	0,238	0,000	0,000
10,000	-9,948	-9,920	-9,784	-9,616	-9,525	-9,490	-9,467	-9,451	-9,428	-9,422	-9,390	-9,351	-9,286	-9,187	-9,066	-0,014	0,199	0,217	0,224	0,191	0,160	0,149	0,140	0,133	0,145	0,170	0,186	0,223	0,230	0,184	0,000	0,000
11,000	-10,129	-10,020	-9,984	-9,821	-9,736	-9,680	-9,647	-9,624	-9,591	-9,568	-9,528	-9,478	-9,407	-9,293	-9,158	0,136	0,181	0,205	0,234	0,217	0,189	0,181	0,172	0,170	0,181	0,206	0,234	0,258	0,269	0,209	0,000	0,000
12,000	-15,656	-15,706	-15,648	-15,616	-15,558	-15,550	-15,541	-15,534	-15,524	-15,538	-15,511	-15,476	-15,423	-15,307	-15,163	-0,143	0,006	0,024	0,067	0,071	0,055	0,063	0,067	0,077	0,088	0,128	0,175	0,217	0,251	0,202	0,000	0,000
13,000	-8,591	-8,523	-8,517	-8,505	-8,484	-8,465	-8,443	-8,429	-8,401	-8,374	-8,333	-8,278	-8,203	-8,090	-7,957	0,101	0,068	0,054	0,065	0,079	0,092	0,105	0,119	0,148	0,164	0,193	0,227	0,252	0,264	0,209	0,000	0,000
14,000	-5,574	-4,991	-4,978	-4,797	-4,768	-4,732	-4,713	-4,710	-4,692	-4,686	-4,663	-4,639	-4,575	-4,475	-4,335	2,279	1,176	0,873	0,450	0,311	0,214	0,186	0,158	0,143	0,138	0,157	0,191	0,222	0,240	0,193	0,000	0,000
15,000	-3,691	-3,511	-3,340	-3,267	-3,214	-3,212	-3,206	-3,187	-3,180	-3,184	-3,179	-3,172	-3,149	-3,109	-3,063	1,623	1,015	0,677	0,338	0,240	0,174	0,136	0,109	0,085	0,074	0,071	0,076	0,091	0,095	0,074	0,000	0,000
	run	9	2022:11:08    11:37:03,099
0,000	-12,608	-12,515	-12,496	-12,527	-12,538	-12,549	-12,553	-12,558	-12,560	-12,567	-12,562	-12,535	-12,500	-12,432	-12,345	0,263	0,136	0,071	0,000	-0,002	-0,005	0,008	0,009	0,021	0,039	0,062	0,099	0,128	0,145	0,114	0,000	0,000
1,000	-16,930	-16,987	-16,931	-16,729	-16,561	-16,438	-16,370	-16,307	-16,249	-16,213	-16,157	-16,111	-16,057	-15,974	-15,880	-0,235	0,045	0,150	0,327	0,359	0,334	0,313	0,280	0,261	0,239	0,226	0,224	0,215	0,212	0,154	0,000	0,000
2,000	-10,469	-10,480	-10,447	-10,319	-10,209	-10,133	-10,084	-10,047	-9,994	-9,961	-9,896	-9,822	-9,726	-9,586	-9,431	0,011	0,095	0,146	0,238	0,252	0,233	0,244	0,240	0,247	0,251	0,281	0,307	0,324	0,327	0,246	0,000	0,000
3,000	-20,616	-20,621	-20,545	-20,236	-20,022	-19,893	-19,816	-19,761	-19,708	-19,698	-19,664	-19,629	-19,580	-19,487	-19,370	0,006	0,226	0,321	0,467	0,457	0,383	0,337	0,282	0,240	0,207	0,200	0,211	0,215	0,226	0,172	0,000	0,000
4,000	-10,796	-10,897	-10,818	-10,805	-10,773	-10,758	-10,764	-10,754	-10,757	-10,737	-10,703	-10,632	-10,506	-10,301	-10,028	-0,275	-0,026	-0,030	0,035	0,045	0,059	0,075	0,094	0,124	0,180	0,257	0,341	0,425	0,477	0,391	0,000	0,000
5,000	-12,273	-12,230	-12,374	-12,407	-12,410	-12,375	-12,370	-12,375	-12,346	-12,350	-12,294	-12,211	-12,078	-11,835	-11,524	-0,058	-0,173	-0,142	-0,017	0,014	0,028	0,072	0,104	0,147	0,188	0,283	0,387	0,481	0,541	0,437	0,000	0,000
6,000	-8,661	-8,665	-8,582	-8,447	-8,352	-8,292	-8,270	-8,236	-8,203	-8,181	-8,124	-8,062	-7,972	-7,808	-7,636	-0,043	0,119	0,146	0,220	0,212	0,190	0,194	0,195	0,201	0,209	0,252	0,298	0,329	0,349	0,272	0,000	0,000
7,000	-7,195	-7,098	-7,092	-6,983	-6,923	-6,887	-6,867	-6,860	-6,838	-6,829	-6,818	-6,794	-6,768	-6,714	-6,654	0,081	0,083	0,122	0,149	0,139	0,109	0,099	0,091	0,089	0,079	0,093	0,100	0,115	0,117	0,084	0,000	0,000
8,000	-19,959	-20,179	-20,199	-20,350	-20,347	-20,397	-20,435	-20,455	-20,484	-20,526	-20,538	-20,544	-20,544	-20,496	-20,422	-0,372	-0,247	-0,251	-0,175	-0,143	-0,144	-0,127	-0,124	-0,097	-0,077	-0,038	0,003	0,035	0,088	0,080	0,000	0,000
9,000	-9,924	-9,867	-9,793	-9,567	-9,411	-9,291	-9,232	-9,175	-9,129	-9,083	-9,033	-8,972	-8,880	-8,748	-8,592	0,118	0,202	0,292	0,381	0,376	0,339	0,323	0,293	0,272	0,265	0,277	0,297	0,318	0,321	0,241	0,000	0,000
10,000	-9,850	-9,826	-9,687	-9,530	-9,439	-9,405	-9,385	-9,368	-9,344	-9,336	-9,307	-9,268	-9,204	-9,105	-8,986	-0,015	0,203	0,204	0,226	0,188	0,159	0,146	0,134	0,134	0,142	0,165	0,186	0,221	0,230	0,185	0,000	0,000
11,000	-9,929	-9,814	-9,781	-9,625	-9,539	-9,484	-9,449	-9,430	-9,395	-9,378	-9,338	-9,295	-9,221	-9,104	-8,968	0,133	0,170	0,197	0,223	0,220	0,182	0,177	0,162	0,171	0,177	0,203	0,229	0,251	0,263	0,206	0,000	0,000
12,000	-15,584	-15,623	-15,574	-15,539	-15,484	-15,468	-15,465	-15,460	-15,449	-15,457	-15,434	-15,403	-15,345	-15,227	-15,090	-0,131	0,006	0,031	0,073	0,073	0,059	0,063	0,067	0,077	0,087	0,134	0,171	0,217	0,246	0,200	0,000	0,000
13,000	-8,520	-8,457	-8,442	-8,430	-8,412	-8,391	-8,375	-8,358	-8,339	-8,305	-8,262	-8,217	-8,135	-8,027	-7,891	0,099	0,075	0,056	0,064	0,080	0,090	0,109	0,117	0,137	0,161	0,188	0,223	0,252	0,264	0,205	0,000	0,000
14,000	-5,515	-4,934	-4,930	-4,748	-4,725	-4,688	-4,667	-4,663	-4,649	-4,642	-4,624	-4,595	-4,539	-4,440	-4,305	2,277	1,180	0,878	0,455	0,313	0,213	0,184	0,155	0,141	0,138	0,161	0,184	0,215	0,243	0,187	0,000	0,000
15,000	-3,643	-3,532	-3,310	-3,265	-3,204	-3,201	-3,194	-3,179	-3,175	-3,179	-3,172	-3,159	-3,138	-3,094	-3,051	1,545	1,003	0,679	0,335	0,232	0,173	0,136	0,107	0,084	0,077	0,068	0,079	0,090	0,095	0,076	0,000	0,000
	run	10	2022:11:08    11:37:03,147
0,000	-12,510	-12,432	-12,395	-12,429	-12,437	-12,450	-12,450	-12,460	-12,458	-12,463	-12,453	-12,438	-12,401	-12,335	-12,252	0,246	0,142	0,070	0,006	-0,010	0,001	0,004	0,007	0,021	0,039	0,062	0,098	0,128	0,138	0,114	0,000	0,000
1,000	-16,743	-16,804	-16,739	-16,562	-16,401	-16,279	-16,208	-16,151	-16,091	-16,057	-16,003	-15,962	-15,906	-15,820	-15,727	-0,237	0,029	0,128	0,305	0,345	0,319	0,298	0,276	0,254	0,232	0,224	0,226	0,213	0,209	0,147	0,000	0,000
2,000	-10,469	-10,480	-10,447	-10,319	-10,209	-10,133	-10,084	-10,047	-9,994	-9,961	-9,896	-9,822	-9,726	-9,586	-9,431	0,011	0,095	0,146	0,238	0,252	0,233	0,244	0,240	0,247	0,251	0,281	0,307	0,324	0,327	0,246	0,000	0,000
3,000	-20,616	-20,621	-20,545	-20,236	-20,022	-19,893	-19,816	-19,761	-19,708	-19,698	-19,664	-19,629	-19,580	-19,487	-19,370	0,006	0,226	0,321	0,467	0,457	0,383	0,337	0,282	0,240	0,207	0,200	0,211	0,215	0,226	0,172	0,000	0,000
4,000	-10,796	-10,897	-10,818	-10,805	-10,773	-10,758	-10,764	-10,754	-10,757	-10,737	-10,703	-10,632	-10,506	-10,301	-10,028	-0,275	-0,026	-0,030	0,035	0,045	0,059	0,075	0,094	0,124	0,180	0,257	0,341	0,425	0,477	0,391	0,000	0,000
5,000	-12,273	-12,230	-12,374	-12,407	-12,410	-12,375	-12,370	-12,375	-12,346	-12,350	-12,294	-12,211	-12,078	-11,835	-11,524	-0,058	-0,173	-0,142	-0,017	0,014	0,028	0,072	0,104	0,147	0,188	0,283	0,387	0,481	0,541	0,437	0,000	0,000
6,000	-8,661	-8,665	-8,582	-8,447	-8,352	-8,292	-8,270	-8,236	-8,203	-8,181	-8,124	-8,062	-7,972	-7,808	-7,636	-0,043	0,119	0,146	0,220	0,212	0,190	0,194	0,195	0,201	0,209	0,252	0,298	0,329	0,349	0,272	0,000	0,000
7,000	-7,195	-7,098	-7,092	-6,983	-6,923	-6,887	-6,867	-6,860	-6,838	-6,829	-6,818	-6,794	-6,768	-6,714	-6,654	0,081	0,083	0,122	0,149	0,139	0,109	0,099	0,091	0,089	0,079	0,093	0,100	0,115	0,117	0,084	0,000	0,000
8,000	-20,138	-20,374	-20,389	-20,550	-20,554	-20,610	-20,642	-20,670	-20,696	-20,737	-20,747	-20,760	-20,764	-20,708	-20,647	-0,406	-0,273	-0,263	-0,188	-0,155	-0,151	-0,135	-0,128	-0,106	-0,086	-0,039	0,004	0,039	0,085	0,080	0,000	0,000
9,000	-9,656	-9,590	-9,499	-9,257	-9,110	-8,995	-8,930	-8,880	-8,829	-8,792	-8,742	-8,682	-8,596	-8,463	-8,310	0,122	0,226	0,301	0,387	0,384	0,332	0,318	0,286	0,266	0,264	0,272	0,293	0,311	0,315	0,237	0,000	0,000
10,000	-9,580	-9,600	-9,489	-9,352	-9,275	-9,239	-9,218	-9,201	-9,173	-9,168	-9,140	-9,104	-9,038	-8,936	-8,821	-0,069	0,143	0,148	0,189	0,164	0,145	0,136	0,132	0,128	0,136	0,160	0,187	0,214	0,225	0,181	0,000	0,000
11,000	-9,596	-9,491	-9,465	-9,313	-9,238	-9,182	-9,150	-9,127	-9,094	-9,075	-9,038	-8,987	-8,918	-8,812	-8,680	0,106	0,149	0,169	0,211	0,204	0,178	0,175	0,166	0,167	0,167	0,198	0,224	0,247	0,253	0,198	0,000	0,000
12,000	-15,198	-15,261	-15,202	-15,162	-15,111	-15,102	-15,093	-15,090	-15,080	-15,088	-15,061	-15,029	-14,975	-14,861	-14,725	-0,123	0,003	0,026	0,066	0,074	0,056	0,057	0,062	0,070	0,082	0,127	0,172	0,213	0,245	0,195	0,000	0,000
13,000	-8,478	-8,410	-8,409	-8,391	-8,371	-8,352	-8,337	-8,320	-8,293	-8,265	-8,229	-8,172	-8,100	-7,987	-7,848	0,093	0,067	0,051	0,065	0,081	0,086	0,102	0,118	0,136	0,161	0,192	0,220	0,252	0,258	0,201	0,000	0,000
14,000	-5,553	-4,967	-4,958	-4,768	-4,746	-4,711	-4,692	-4,690	-4,677	-4,669	-4,650	-4,618	-4,557	-4,469	-4,326	2,285	1,192	0,881	0,455	0,311	0,215	0,180	0,154	0,141	0,146	0,153	0,183	0,219	0,238	0,193	0,000	0,000
15,000	-3,670	-3,500	-3,305	-3,258	-3,203	-3,195	-3,191	-3,174	-3,167	-3,170	-3,169	-3,157	-3,135	-3,090	-3,050	1,616	0,996	0,678	0,340	0,234	0,170	0,134	0,106	0,083	0,078	0,067	0,074	0,089	0,095	0,072	0,000	0,000
	run	11	2022:11:08    11:37:03,249
0,000	-12,548	-12,447	-12,413	-12,443	-12,455	-12,469	-12,469	-12,477	-12,477	-12,482	-12,474	-12,457	-12,422	-12,354	-12,276	0,257	0,136	0,083	0,015	-0,002	-0,004	0,003	0,008	0,023	0,037	0,064	0,094	0,125	0,141	0,110	0,000	0,000
1,000	-16,545	-16,630	-16,581	-16,409	-16,256	-16,144	-16,070	-16,016	-15,961	-15,929	-15,877	-15,823	-15,777	-15,688	-15,596	-0,245	0,011	0,118	0,284	0,326	0,307	0,295	0,271	0,248	0,230	0,221	0,222	0,214	0,205	0,149	0,000	0,000
2,000	-10,106	-10,096	-10,082	-9,959	-9,861	-9,792	-9,748	-9,705	-9,657	-9,622	-9,561	-9,488	-9,405	-9,264	-9,114	-0,009	0,071	0,129	0,219	0,235	0,223	0,233	0,230	0,235	0,245	0,270	0,296	0,309	0,314	0,234	0,000	0,000
3,000	-20,110	-20,126	-20,063	-19,782	-19,566	-19,440	-19,370	-19,309	-19,258	-19,250	-19,211	-19,178	-19,132	-19,029	-18,913	-0,038	0,190	0,286	0,436	0,439	0,367	0,327	0,277	0,241	0,201	0,199	0,212	0,220	0,232	0,174	0,000	0,000
4,000	-11,020	-11,099	-11,003	-11,009	-10,978	-10,972	-10,969	-10,970	-10,966	-10,941	-10,915	-10,842	-10,709	-10,501	-10,226	-0,281	-0,017	-0,035	0,035	0,035	0,054	0,074	0,090	0,124	0,181	0,262	0,343	0,434	0,490	0,396	0,000	0,000
5,000	-12,677	-12,656	-12,805	-12,837	-12,836	-12,806	-12,793	-12,793	-12,764	-12,772	-12,720	-12,632	-12,489	-12,235	-11,917	-0,068	-0,194	-0,145	-0,019	0,018	0,046	0,078	0,111	0,154	0,203	0,290	0,397	0,497	0,557	0,453	0,000	0,000
6,000	-8,904	-8,894	-8,790	-8,654	-8,552	-8,495	-8,473	-8,443	-8,404	-8,374	-8,322	-8,258	-8,168	-8,007	-7,821	-0,047	0,128	0,166	0,231	0,224	0,199	0,202	0,198	0,207	0,222	0,259	0,302	0,344	0,361	0,277	0,000	0,000
7,000	-7,242	-7,167	-7,155	-7,051	-6,992	-6,957	-6,935	-6,926	-6,902	-6,901	-6,890	-6,869	-6,839	-6,787	-6,729	0,086	0,079	0,119	0,151	0,133	0,110	0,095	0,086	0,083	0,081	0,089	0,097	0,106	0,113	0,086	0,000	0,000
8,000	-20,136	-20,375	-20,380	-20,540	-20,535	-20,589	-20,624	-20,653	-20,670	-20,717	-20,724	-20,740	-20,739	-20,682	-20,614	-0,401	-0,258	-0,246	-0,185	-0,152	-0,150	-0,133	-0,120	-0,101	-0,083	-0,039	0,006	0,036	0,097	0,081	0,000	0,000
9,000	-9,694	-9,628	-9,542	-9,319	-9,171	-9,051	-8,991	-8,940	-8,893	-8,840	-8,796	-8,735	-8,644	-8,526	-8,371	0,101	0,201	0,286	0,380	0,375	0,339	0,319	0,285	0,273	0,264	0,274	0,287	0,306	0,309	0,235	0,000	0,000
10,000	-9,457	-9,487	-9,384	-9,276	-9,198	-9,167	-9,149	-9,127	-9,107	-9,099	-9,078	-9,037	-8,971	-8,878	-8,758	-0,070	0,121	0,129	0,165	0,146	0,136	0,128	0,122	0,116	0,132	0,155	0,178	0,210	0,220	0,175	0,000	0,000
11,000	-9,629	-9,533	-9,505	-9,364	-9,290	-9,236	-9,202	-9,180	-9,152	-9,129	-9,091	-9,045	-8,976	-8,868	-8,743	0,102	0,126	0,167	0,205	0,196	0,173	0,168	0,161	0,164	0,171	0,192	0,215	0,243	0,253	0,196	0,000	0,000
12,000	-14,979	-15,031	-14,978	-14,943	-14,891	-14,877	-14,871	-14,871	-14,856	-14,866	-14,840	-14,814	-14,760	-14,648	-14,511	-0,106	0,013	0,035	0,067	0,067	0,054	0,060	0,058	0,067	0,087	0,120	0,168	0,208	0,245	0,193	0,000	0,000
13,000	-8,366	-8,301	-8,312	-8,290	-8,270	-8,255	-8,241	-8,220	-8,194	-8,167	-8,128	-8,080	-8,001	-7,897	-7,760	0,094	0,061	0,048	0,063	0,074	0,088	0,106	0,118	0,139	0,157	0,185	0,217	0,247	0,260	0,204	0,000	0,000
14,000	-5,528	-4,937	-4,937	-4,745	-4,726	-4,693	-4,671	-4,666	-4,658	-4,643	-4,623	-4,599	-4,543	-4,440	-4,308	2,265	1,178	0,882	0,451	0,308	0,211	0,182	0,153	0,145	0,133	0,159	0,186	0,219	0,235	0,191	0,000	0,000
15,000	-3,687	-3,518	-3,331	-3,266	-3,214	-3,204	-3,199	-3,189	-3,179	-3,179	-3,178	-3,168	-3,147	-3,103	-3,061	1,617	1,007	0,686	0,343	0,236	0,171	0,137	0,111	0,081	0,073	0,068	0,074	0,090	0,094	0,073	0,000	0,000
	run	12	2022:11:08    11:37:03,299
0,000	-12,548	-12,447	-12,413	-12,443	-12,455	-12,469	-12,469	-12,477	-12,477	-12,482	-12,474	-12,457	-12,422	-12,354	-12,276	0,257	0,136	0,083	0,015	-0,002	-0,004	0,003	0,008	0,023	0,037	0,064	0,094	0,125	0,141	0,110	0,000	0,000
1,000	-16,545	-16,630	-16,581	-16,409	-16,256	-16,144	-16,070	-16,016	-15,961	-15,929	-15,877	-15,823	-15,777	-15,688	-15,596	-0,245	0,011	0,118	0,284	0,326	0,307	0,295	0,271	0,248	0,230	0,221	0,222	0,214	0,205	0,149	0,000	0,000
2,000	-10,106	-10,096	-10,082	-9,959	-9,861	-9,792	-9,748	-9,705	-9,657	-9,622	-9,561	-9,488	-9,405	-9,264	-9,114	-0,009	0,071	0,129	0,219	0,235	0,223	0,233	0,230	0,235	0,245	0,270	0,296	0,309	0,314	0,234	0,000	0,000
3,000	-20,110	-20,126	-20,063	-19,782	-19,566	-19,440	-19,370	-19,309	-19,258	-19,250	-19,211	-19,178	-19,132	-19,029	-18,913	-0,038	0,190	0,286	0,436	0,439	0,367	0,327	0,277	0,241	0,201	0,199	0,212	0,220	0,232	0,174	0,000	0,000
4,000	-11,020	-11,099	-11,003	-11,009	-10,978	-10,972	-10,969	-10,970	-10,966	-10,941	-10,915	-10,842	-10,709	-10,501	-10,226	-0,281	-0,017	-0,035	0,035	0,035	0,054	0,074	0,090	0,124	0,181	0,262	0,343	0,434	0,490	0,396	0,000	0,000
5,000	-12,677	-12,656	-12,805	-12,837	-12,836	-12,806	-12,793	-12,793	-12,764	-12,772	-12,720	-12,632	-12,489	-12,235	-11,917	-0,068	-0,194	-0,145	-0,019	0,018	0,046	0,078	0,111	0,154	0,203	0,290	0,397	0,497	0,557	0,453	0,000	0,000
6,000	-8,870	-8,860	-8,768	-8,635	-8,523	-8,474	-8,438	-8,409	-8,369	-8,352	-8,297	-8,227	-8,135	-7,979	-7,791	-0,028	0,135	0,174	0,234	0,228	0,197	0,205	0,199	0,208	0,220	0,258	0,303	0,343	0,362	0,280	0,000	0,000
7,000	-7,135	-7,058	-7,048	-6,949	-6,897	-6,863	-6,833	-6,824	-6,806	-6,805	-6,790	-6,769	-6,740	-6,693	-6,635	0,072	0,077	0,109	0,143	0,130	0,101	0,100	0,089	0,083	0,078	0,084	0,096	0,106	0,109	0,080	0,000	0,000
8,000	-19,867	-20,090	-20,083	-20,224	-20,230	-20,290	-20,323	-20,347	-20,377	-20,415	-20,425	-20,440	-20,434	-20,379	-20,320	-0,378	-0,247	-0,236	-0,174	-0,144	-0,148	-0,124	-0,118	-0,099	-0,082	-0,037	0,006	0,042	0,085	0,083	0,000	0,000
9,000	-9,628	-9,570	-9,508	-9,289	-9,136	-9,023	-8,956	-8,900	-8,851	-8,810	-8,758	-8,702	-8,614	-8,487	-8,340	0,094	0,197	0,275	0,368	0,367	0,334	0,312	0,278	0,268	0,258	0,274	0,294	0,301	0,307	0,232	0,000	0,000
10,000	-9,709	-9,700	-9,597	-9,450	-9,373	-9,334	-9,318	-9,296	-9,273	-9,275	-9,246	-9,210	-9,146	-9,046	-8,929	-0,057	0,160	0,170	0,199	0,166	0,149	0,137	0,133	0,120	0,132	0,155	0,179	0,210	0,225	0,175	0,000	0,000
11,000	-9,755	-9,653	-9,627	-9,479	-9,399	-9,348	-9,315	-9,292	-9,265	-9,237	-9,206	-9,159	-9,095	-8,983	-8,856	0,110	0,154	0,174	0,211	0,201	0,174	0,174	0,163	0,162	0,174	0,191	0,220	0,241	0,253	0,191	0,000	0,000
12,000	-15,039	-15,085	-15,033	-14,998	-14,944	-14,925	-14,925	-14,921	-14,908	-14,925	-14,900	-14,868	-14,813	-14,701	-14,572	-0,111	0,009	0,033	0,072	0,074	0,054	0,058	0,064	0,070	0,081	0,121	0,165	0,208	0,232	0,190	0,000	0,000
13,000	-8,268	-8,198	-8,206	-8,192	-8,180	-8,160	-8,139	-8,126	-8,101	-8,075	-8,031	-7,983	-7,908	-7,805	-7,670	0,093	0,054	0,045	0,063	0,069	0,088	0,103	0,111	0,133	0,154	0,185	0,213	0,241	0,256	0,197	0,000	0,000
14,000	-5,506	-4,898	-4,894	-4,716	-4,695	-4,657	-4,633	-4,636	-4,622	-4,613	-4,593	-4,569	-4,508	-4,408	-4,277	2,240	1,158	0,869	0,447	0,308	0,211	0,179	0,147	0,140	0,137	0,160	0,185	0,214	0,234	0,190	0,000	0,000
15,000	-3,663	-3,504	-3,316	-3,255	-3,199	-3,191	-3,184	-3,173	-3,164	-3,168	-3,166	-3,153	-3,126	-3,087	-3,044	1,594	1,001	0,672	0,342	0,231	0,171	0,134	0,111	0,084	0,076	0,073	0,078	0,092	0,094	0,074	0,000	0,000
	run	13	2022:11:08    11:37:03,399
0,000	-12,786	-12,695	-12,683	-12,709	-12,725	-12,738	-12,743	-12,751	-12,748	-12,761	-12,747	-12,726	-12,689	-12,621	-12,529	0,265	0,132	0,069	-0,001	-0,012	-0,009	0,004	0,007	0,018	0,039	0,064	0,100	0,134	0,148	0,120	0,000	0,000
1,000	-17,410	-17,463	-17,386	-17,164	-16,978	-16,848	-16,786	-16,723	-16,656	-16,613	-16,563	-16,510	-16,455	-16,361	-16,264	-0,195	0,071	0,186	0,362	0,389	0,350	0,330	0,299	0,278	0,247	0,243	0,236	0,224	0,217	0,159	0,000	0,000
2,000	-10,811	-10,801	-10,769	-10,605	-10,505	-10,421	-10,379	-10,337	-10,282	-10,249	-10,182	-10,100	-10,000	-9,852	-9,684	0,020	0,119	0,181	0,256	0,267	0,249	0,255	0,252	0,258	0,268	0,297	0,325	0,346	0,347	0,260	0,000	0,000
3,000	-21,235	-21,199	-21,095	-20,735	-20,508	-20,369	-20,295	-20,239	-20,187	-20,177	-20,136	-20,109	-20,053	-19,953	-19,840	0,069	0,309	0,402	0,522	0,493	0,405	0,352	0,297	0,256	0,209	0,201	0,221	0,220	0,229	0,175	0,000	0,000
4,000	-11,066	-11,158	-11,086	-11,087	-11,053	-11,042	-11,053	-11,042	-11,036	-11,021	-10,978	-10,908	-10,779	-10,572	-10,281	-0,281	-0,036	-0,042	0,025	0,041	0,060	0,076	0,092	0,125	0,182	0,269	0,350	0,440	0,486	0,407	0,000	0,000
5,000	-12,501	-12,465	-12,603	-12,636	-12,633	-12,615	-12,601	-12,602	-12,568	-12,569	-12,521	-12,433	-12,301	-12,048	-11,738	-0,074	-0,174	-0,131	-0,013	0,014	0,039	0,079	0,105	0,154	0,193	0,294	0,389	0,485	0,551	0,439	0,000	0,000
6,000	-8,656	-8,644	-8,557	-8,423	-8,321	-8,266	-8,233	-8,216	-8,170	-8,150	-8,096	-8,033	-7,946	-7,799	-7,616	-0,029	0,124	0,168	0,220	0,221	0,191	0,195	0,198	0,204	0,209	0,252	0,286	0,328	0,342	0,268	0,000	0,000
7,000	-7,018	-6,938	-6,943	-6,851	-6,804	-6,765	-6,753	-6,736	-6,719	-6,714	-6,696	-6,676	-6,651	-6,596	-6,537	0,067	0,056	0,092	0,128	0,117	0,091	0,092	0,087	0,090	0,074	0,090	0,098	0,109	0,116	0,083	0,000	0,000
8,000	-19,645	-19,864	-19,859	-19,986	-19,991	-20,039	-20,070	-20,103	-20,122	-20,174	-20,176	-20,190	-20,179	-20,141	-20,068	-0,355	-0,226	-0,224	-0,163	-0,129	-0,142	-0,122	-0,120	-0,096	-0,074	-0,035	0,005	0,040	0,084	0,079	0,000	0,000
9,000	-9,570	-9,537	-9,472	-9,263	-9,115	-8,999	-8,937	-8,892	-8,836	-8,796	-8,745	-8,684	-8,605	-8,481	-8,335	0,085	0,189	0,265	0,355	0,362	0,327	0,314	0,280	0,265	0,253	0,270	0,288	0,301	0,302	0,234	0,000	0,000
10,000	-9,587	-9,604	-9,483	-9,348	-9,263	-9,232	-9,205	-9,190	-9,166	-9,163	-9,138	-9,103	-9,037	-8,942	-8,821	-0,063	0,150	0,160	0,201	0,170	0,143	0,134	0,127	0,124	0,139	0,159	0,178	0,213	0,229	0,177	0,000	0,000
11,000	-9,717	-9,618	-9,586	-9,439	-9,355	-9,301	-9,270	-9,248	-9,219	-9,196	-9,152	-9,110	-9,043	-8,936	-8,807	0,104	0,158	0,185	0,214	0,208	0,176	0,175	0,162	0,165	0,173	0,199	0,218	0,243	0,253	0,196	0,000	0,000
12,000	-15,187	-15,227	-15,173	-15,140	-15,094	-15,079	-15,076	-15,074	-15,059	-15,070	-15,050	-15,015	-14,963	-14,853	-14,721	-0,120	-0,002	0,031	0,070	0,073	0,052	0,061	0,058	0,067	0,084	0,121	0,164	0,208	0,237	0,188	0,000	0,000
13,000	-8,430	-8,375	-8,372	-8,354	-8,339	-8,319	-8,300	-8,283	-8,260	-8,232	-8,194	-8,144	-8,068	-7,959	-7,827	0,105	0,060	0,047	0,066	0,078	0,093	0,102	0,116	0,137	0,157	0,188	0,220	0,245	0,254	0,201	0,000	0,000
14,000	-5,481	-4,902	-4,893	-4,712	-4,683	-4,651	-4,632	-4,628	-4,611	-4,613	-4,580	-4,557	-4,502	-4,397	-4,263	2,237	1,169	0,874	0,450	0,306	0,212	0,182	0,158	0,137	0,139	0,157	0,191	0,218	0,247	0,195	0,000	0,000
15,000	-3,702	-3,526	-3,343	-3,274	-3,226	-3,213	-3,209	-3,193	-3,189	-3,191	-3,189	-3,176	-3,152	-3,107	-3,063	1,626	1,016	0,689	0,350	0,237	0,173	0,138	0,113	0,088	0,079	0,073	0,080	0,096	0,097	0,078	0,000	0,000
	run	14	2022:11:08    11:37:03,500
0,000	-12,922	-12,806	-12,797	-12,832	-12,854	-12,866	-12,871	-12,874	-12,869	-12,883	-12,876	-12,852	-12,815	-12,746	-12,660	0,289	0,135	0,069	0,004	-0,012	-0,008	0,000	0,006	0,024	0,034	0,061	0,104	0,133	0,153	0,121	0,000	0,000
1,000	-17,444	-17,501	-17,419	-17,196	-17,013	-16,884	-16,812	-16,750	-16,687	-16,651	-16,590	-16,545	-16,491	-16,400	-16,305	-0,179	0,089	0,199	0,364	0,387	0,350	0,329	0,298	0,273	0,246	0,238	0,233	0,221	0,218	0,149	0,000	0,000
2,000	-10,625	-10,621	-10,592	-10,444	-10,342	-10,266	-10,223	-10,180	-10,131	-10,095	-10,028	-9,957	-9,852	-9,704	-9,543	-0,001	0,106	0,165	0,251	0,255	0,236	0,247	0,243	0,255	0,252	0,287	0,318	0,338	0,343	0,255	0,000	0,000
3,000	-20,952	-20,942	-20,843	-20,501	-20,280	-20,136	-20,067	-20,003	-19,951	-19,940	-19,908	-19,869	-19,815	-19,720	-19,604	0,041	0,281	0,361	0,508	0,477	0,394	0,343	0,295	0,250	0,213	0,203	0,213	0,227	0,233	0,180	0,000	0,000
4,000	-11,043	-11,131	-11,050	-11,047	-11,020	-11,008	-11,014	-11,013	-11,005	-10,985	-10,943	-10,876	-10,742	-10,528	-10,251	-0,290	-0,038	-0,045	0,026	0,038	0,056	0,077	0,094	0,127	0,187	0,261	0,353	0,442	0,495	0,401	0,000	0,000
5,000	-12,365	-12,322	-12,486	-12,490	-12,496	-12,481	-12,467	-12,468	-12,439	-12,440	-12,396	-12,305	-12,175	-11,932	-11,631	-0,047	-0,181	-0,134	-0,017	0,018	0,039	0,071	0,102	0,145	0,200	0,282	0,383	0,478	0,534	0,437	0,000	0,000
6,000	-8,532	-8,539	-8,453	-8,323	-8,225	-8,174	-8,146	-8,115	-8,071	-8,063	-8,005	-7,933	-7,847	-7,702	-7,522	-0,046	0,117	0,154	0,221	0,214	0,194	0,197	0,194	0,205	0,213	0,256	0,294	0,315	0,340	0,266	0,000	0,000
7,000	-6,921	-6,858	-6,849	-6,771	-6,717	-6,683	-6,661	-6,653	-6,641	-6,637	-6,619	-6,600	-6,573	-6,524	-6,472	0,055	0,059	0,083	0,131	0,117	0,092	0,093	0,084	0,080	0,072	0,079	0,093	0,103	0,104	0,078	0,000	0,000
8,000	-19,652	-19,860	-19,854	-20,000	-19,993	-20,044	-20,073	-20,099	-20,124	-20,170	-20,174	-20,191	-20,185	-20,139	-20,075	-0,366	-0,217	-0,208	-0,159	-0,133	-0,135	-0,127	-0,114	-0,100	-0,075	-0,037	0,004	0,036	0,080	0,075	0,000	0,000
9,000	-9,585	-9,542	-9,472	-9,278	-9,141	-9,022	-8,958	-8,908	-8,855	-8,818	-8,764	-8,709	-8,625	-8,503	-8,356	0,095	0,170	0,251	0,350	0,348	0,320	0,305	0,276	0,261	0,253	0,265	0,282	0,297	0,296	0,227	0,000	0,000
10,000	-9,405	-9,441	-9,329	-9,214	-9,142	-9,111	-9,088	-9,073	-9,043	-9,044	-9,018	-8,975	-8,918	-8,816	-8,704	-0,069	0,112	0,131	0,172	0,150	0,138	0,132	0,124	0,120	0,129	0,150	0,175	0,210	0,225	0,176	0,000	0,000
11,000	-9,666	-9,562	-9,540	-9,401	-9,321	-9,269	-9,237	-9,215	-9,187	-9,163	-9,120	-9,077	-9,007	-8,902	-8,768	0,091	0,144	0,161	0,201	0,200	0,174	0,173	0,163	0,162	0,172	0,197	0,222	0,245	0,252	0,195	0,000	0,000
12,000	-15,333	-15,372	-15,335	-15,300	-15,240	-15,234	-15,226	-15,218	-15,211	-15,223	-15,207	-15,165	-15,112	-15,001	-14,864	-0,111	0,006	0,027	0,067	0,069	0,049	0,058	0,063	0,069	0,079	0,123	0,172	0,211	0,238	0,193	0,000	0,000
13,000	-8,525	-8,445	-8,450	-8,429	-8,420	-8,399	-8,377	-8,366	-8,344	-8,312	-8,268	-8,217	-8,143	-8,033	-7,895	0,097	0,062	0,053	0,068	0,074	0,087	0,104	0,113	0,139	0,159	0,195	0,222	0,250	0,259	0,207	0,000	0,000
14,000	-5,599	-5,018	-5,008	-4,824	-4,786	-4,753	-4,734	-4,736	-4,721	-4,707	-4,695	-4,659	-4,603	-4,498	-4,361	2,270	1,210	0,894	0,456	0,319	0,221	0,188	0,158	0,149	0,138	0,160	0,198	0,223	0,249	0,198	0,000	0,000
15,000	-3,747	-3,553	-3,375	-3,313	-3,258	-3,246	-3,242	-3,228	-3,220	-3,225	-3,213	-3,206	-3,183	-3,137	-3,091	1,655	1,024	0,686	0,346	0,240	0,174	0,138	0,114	0,089	0,081	0,072	0,078	0,092	0,097	0,079	0,000	0,000
	run	15	2022:11:08    11:37:03,559
0,000	-12,969	-12,894	-12,859	-12,892	-12,899	-12,916	-12,926	-12,927	-12,927	-12,933	-12,929	-12,909	-12,872	-12,800	-12,716	0,282	0,151	0,084	0,010	-0,016	-0,010	-0,000	0,008	0,021	0,033	0,058	0,097	0,123	0,146	0,115	0,000	0,000
1,000	-17,117	-17,166	-17,098	-16,913	-16,733	-16,612	-16,539	-16,488	-16,423	-16,386	-16,326	-16,282	-16,230	-16,143	-16,049	-0,200	0,058	0,159	0,330	0,367	0,331	0,309	0,288	0,264	0,238	0,232	0,224	0,217	0,211	0,151	0,000	0,000
2,000	-10,625	-10,621	-10,592	-10,444	-10,342	-10,266	-10,223	-10,180	-10,131	-10,095	-10,028	-9,957	-9,852	-9,704	-9,543	-0,001	0,106	0,165	0,251	0,255	0,236	0,247	0,243	0,255	0,252	0,287	0,318	0,338	0,343	0,255	0,000	0,000
3,000	-20,952	-20,942	-20,843	-20,501	-20,280	-20,136	-20,067	-20,003	-19,951	-19,940	-19,908	-19,869	-19,815	-19,720	-19,604	0,041	0,281	0,361	0,508	0,477	0,394	0,343	0,295	0,250	0,213	0,203	0,213	0,227	0,233	0,180	0,000	0,000
4,000	-11,043	-11,131	-11,050	-11,047	-11,020	-11,008	-11,014	-11,013	-11,005	-10,985	-10,943	-10,876	-10,742	-10,528	-10,251	-0,290	-0,038	-0,045	0,026	0,038	0,056	0,077	0,094	0,127	0,187	0,261	0,353	0,442	0,495	0,401	0,000	0,000
5,000	-12,365	-12,322	-12,486	-12,490	-12,496	-12,481	-12,467	-12,468	-12,439	-12,440	-12,396	-12,305	-12,175	-11,932	-11,631	-0,047	-0,181	-0,134	-0,017	0,018	0,039	0,071	0,102	0,145	0,200	0,282	0,383	0,478	0,534	0,437	0,000	0,000
6,000	-8,532	-8,539	-8,453	-8,323	-8,225	-8,174	-8,146	-8,115	-8,071	-8,063	-8,005	-7,933	-7,847	-7,702	-7,522	-0,046	0,117	0,154	0,221	0,214	0,194	0,197	0,194	0,205	0,213	0,256	0,294	0,315	0,340	0,266	0,000	0,000
7,000	-6,921	-6,858	-6,849	-6,771	-6,717	-6,683	-6,661	-6,653	-6,641	-6,637	-6,619	-6,600	-6,573	-6,524	-6,472	0,055	0,059	0,083	0,131	0,117	0,092	0,093	0,084	0,080	0,072	0,079	0,093	0,103	0,104	0,078	0,000	0,000
8,000	-19,450	-19,680	-19,659	-19,792	-19,789	-19,843	-19,872	-19,896	-19,920	-19,956	-19,972	-19,996	-19,980	-19,937	-19,874	-0,368	-0,215	-0,215	-0,160	-0,134	-0,135	-0,122	-0,123	-0,100	-0,079	-0,029	-0,005	0,035	0,084	0,076	0,000	0,000
9,000	-9,451	-9,407	-9,362	-9,147	-9,013	-8,901	-8,835	-8,781	-8,730	-8,693	-8,637	-8,580	-8,497	-8,375	-8,225	0,083	0,172	0,252	0,348	0,356	0,323	0,306	0,283	0,262	0,256	0,268	0,287	0,299	0,299	0,228	0,000	0,000
10,000	-9,568	-9,580	-9,463	-9,334	-9,250	-9,218	-9,195	-9,182	-9,155	-9,150	-9,125	-9,085	-9,025	-8,930	-8,812	-0,068	0,145	0,158	0,195	0,163	0,144	0,133	0,128	0,125	0,133	0,155	0,176	0,208	0,223	0,175	0,000	0,000
11,000	-9,738	-9,640	-9,607	-9,464	-9,385	-9,335	-9,301	-9,275	-9,250	-9,231	-9,194	-9,148	-9,076	-8,969	-8,840	0,100	0,145	0,169	0,208	0,197	0,168	0,174	0,155	0,159	0,165	0,194	0,219	0,238	0,251	0,195	0,000	0,000
12,000	-15,230	-15,276	-15,230	-15,189	-15,138	-15,120	-15,115	-15,110	-15,097	-15,115	-15,096	-15,050	-15,002	-14,886	-14,747	-0,114	0,007	0,036	0,074	0,075	0,055	0,060	0,065	0,079	0,091	0,118	0,166	0,214	0,242	0,194	0,000	0,000
13,000	-8,483	-8,393	-8,413	-8,383	-8,375	-8,351	-8,332	-8,321	-8,300	-8,267	-8,226	-8,181	-8,105	-7,994	-7,863	0,091	0,054	0,051	0,063	0,075	0,082	0,103	0,112	0,132	0,155	0,186	0,221	0,244	0,257	0,200	0,000	0,000
14,000	-5,710	-5,109	-5,073	-4,891	-4,862	-4,827	-4,803	-4,805	-4,794	-4,779	-4,764	-4,730	-4,671	-4,566	-4,427	2,276	1,205	0,888	0,459	0,319	0,217	0,185	0,163	0,144	0,145	0,164	0,193	0,226	0,250	0,206	0,000	0,000
15,000	-3,784	-3,590	-3,398	-3,342	-3,289	-3,273	-3,267	-3,254	-3,244	-3,253	-3,248	-3,238	-3,216	-3,168	-3,122	1,655	1,021	0,692	0,347	0,242	0,171	0,138	0,111	0,086	0,078	0,071	0,074	0,089	0,096	0,075	0,000	0,000
	run	16	2022:11:08    11:37:03,647
0,000	-12,776	-12,681	-12,644	-12,678	-12,684	-12,704	-12,706	-12,710	-12,710	-12,720	-12,711	-12,687	-12,657	-12,589	-12,508	0,255	0,148	0,089	0,008	-0,003	-0,004	0,005	0,012	0,021	0,034	0,061	0,096	0,124	0,142	0,114	0,000	0,000
1,000	-16,978	-17,038	-16,969	-16,785	-16,611	-16,493	-16,428	-16,371	-16,303	-16,267	-16,215	-16,164	-16,113	-16,024	-15,934	-0,219	0,049	0,145	0,322	0,357	0,320	0,306	0,280	0,265	0,234	0,228	0,227	0,213	0,205	0,149	0,000	0,000
2,000	-10,289	-10,301	-10,268	-10,139	-10,037	-9,958	-9,918	-9,877	-9,822	-9,794	-9,729	-9,660	-9,561	-9,427	-9,273	0,003	0,074	0,130	0,237	0,250	0,235	0,236	0,236	0,243	0,247	0,274	0,303	0,319	0,321	0,240	0,000	0,000
3,000	-20,249	-20,248	-20,194	-19,901	-19,693	-19,557	-19,489	-19,427	-19,378	-19,365	-19,328	-19,296	-19,246	-19,140	-19,029	0,009	0,202	0,300	0,455	0,446	0,377	0,332	0,287	0,246	0,209	0,198	0,213	0,223	0,227	0,173	0,000	0,000
4,000	-10,925	-11,007	-10,905	-10,902	-10,870	-10,866	-10,872	-10,873	-10,864	-10,838	-10,794	-10,732	-10,604	-10,398	-10,123	-0,261	-0,020	-0,017	0,037	0,040	0,058	0,079	0,096	0,129	0,183	0,261	0,346	0,427	0,482	0,396	0,000	0,000
5,000	-12,409	-12,385	-12,543	-12,569	-12,564	-12,546	-12,534	-12,525	-12,491	-12,501	-12,460	-12,372	-12,235	-11,994	-11,683	-0,060	-0,189	-0,139	-0,017	0,013	0,038	0,076	0,105	0,155	0,190	0,278	0,380	0,478	0,534	0,433	0,000	0,000
6,000	-8,683	-8,668	-8,578	-8,452	-8,341	-8,286	-8,259	-8,232	-8,194	-8,174	-8,114	-8,055	-7,967	-7,815	-7,643	-0,018	0,127	0,166	0,228	0,221	0,194	0,196	0,193	0,202	0,212	0,255	0,289	0,323	0,344	0,268	0,000	0,000
7,000	-7,005	-6,930	-6,924	-6,847	-6,799	-6,761	-6,744	-6,730	-6,712	-6,706	-6,692	-6,671	-6,644	-6,591	-6,535	0,047	0,051	0,077	0,126	0,111	0,090	0,088	0,088	0,087	0,079	0,088	0,097	0,104	0,114	0,084	0,000	0,000
8,000	-19,547	-19,773	-19,749	-19,883	-19,877	-19,925	-19,953	-19,986	-20,008	-20,053	-20,056	-20,072	-20,069	-20,019	-19,959	-0,378	-0,234	-0,212	-0,156	-0,126	-0,134	-0,121	-0,114	-0,098	-0,074	-0,030	0,005	0,046	0,092	0,082	0,000	0,000
9,000	-9,513	-9,477	-9,410	-9,209	-9,071	-8,956	-8,893	-8,845	-8,789	-8,753	-8,697	-8,645	-8,562	-8,433	-8,287	0,091	0,180	0,246	0,349	0,350	0,322	0,304	0,278	0,264	0,254	0,265	0,280	0,299	0,300	0,228	0,000	0,000
10,000	-9,557	-9,570	-9,463	-9,340	-9,260	-9,229	-9,204	-9,190	-9,163	-9,165	-9,133	-9,095	-9,037	-8,938	-8,823	-0,073	0,133	0,142	0,184	0,157	0,143	0,134	0,126	0,117	0,134	0,150	0,175	0,208	0,223	0,176	0,000	0,000
11,000	-9,704	-9,610	-9,580	-9,436	-9,362	-9,307	-9,276	-9,256	-9,222	-9,204	-9,166	-9,120	-9,051	-8,944	-8,816	0,100	0,139	0,165	0,208	0,202	0,170	0,170	0,159	0,156	0,164	0,190	0,218	0,239	0,251	0,193	0,000	0,000
12,000	-14,987	-15,045	-14,993	-14,956	-14,903	-14,893	-14,888	-14,884	-14,869	-14,881	-14,854	-14,824	-14,771	-14,656	-14,521	-0,115	0,003	0,032	0,068	0,072	0,059	0,054	0,060	0,072	0,082	0,127	0,162	0,206	0,241	0,194	0,000	0,000
13,000	-8,396	-8,323	-8,348	-8,320	-8,303	-8,279	-8,265	-8,253	-8,224	-8,194	-8,161	-8,110	-8,036	-7,935	-7,801	0,093	0,056	0,044	0,061	0,074	0,082	0,099	0,113	0,134	0,157	0,184	0,215	0,241	0,246	0,194	0,000	0,000
14,000	-5,626	-5,051	-5,034	-4,843	-4,820	-4,781	-4,764	-4,757	-4,747	-4,736	-4,714	-4,693	-4,632	-4,523	-4,388	2,260	1,193	0,878	0,455	0,308	0,216	0,185	0,155	0,148	0,144	0,171	0,185	0,228	0,243	0,196	0,000	0,000
15,000	-3,736	-3,534	-3,372	-3,300	-3,247	-3,239	-3,230	-3,217	-3,209	-3,210	-3,208	-3,202	-3,180	-3,134	-3,089	1,639	1,010	0,682	0,349	0,239	0,172	0,137	0,107	0,083	0,077	0,071	0,077	0,091	0,097	0,074	0,000	0,000
	run	17	2022:11:08    11:37:03,699
0,000	-12,776	-12,681	-12,644	-12,678	-12,684	-12,704	-12,706	-12,710	-12,710	-12,720	-12,711	-12,687	-12,657	-12,589	-12,508	0,255	0,148	0,089	0,008	-0,003	-0,004	0,005	0,012	0,021	0,034	0,061	0,096	0,124	0,142	0,114	0,000	0,000
1,000	-16,978	-17,038	-16,969	-16,785	-16,611	-16,493	-16,428	-16,371	-16,303	-16,267	-16,215	-16,164	-16,113	-16,024	-15,934	-0,219	0,049	0,145	0,322	0,357	0,320	0,306	0,280	0,265	0,234	0,228	0,227	0,213	0,205	0,149	0,000	0,000
2,000	-10,289	-10,301	-10,268	-10,139	-10,037	-9,958	-9,918	-9,877	-9,822	-9,794	-9,729	-9,660	-9,561	-9,427	-9,273	0,003	0,074	0,130	0,237	0,250	0,235	0,236	0,236	0,243	0,247	0,274	0,303	0,319	0,321	0,240	0,000	0,000
3,000	-20,249	-20,248	-20,194	-19,901	-19,693	-19,557	-19,489	-19,427	-19,378	-19,365	-19,328	-19,296	-19,246	-19,140	-19,029	0,009	0,202	0,300	0,455	0,446	0,377	0,332	0,287	0,246	0,209	0,198	0,213	0,223	0,227	0,173	0,000	0,000
4,000	-10,925	-11,007	-10,905	-10,902	-10,870	-10,866	-10,872	-10,873	-10,864	-10,838	-10,794	-10,732	-10,604	-10,398	-10,123	-0,261	-0,020	-0,017	0,037	0,040	0,058	0,079	0,096	0,129	0,183	0,261	0,346	0,427	0,482	0,396	0,000	0,000
5,000	-12,409	-12,385	-12,543	-12,569	-12,564	-12,546	-12,534	-12,525	-12,491	-12,501	-12,460	-12,372	-12,235	-11,994	-11,683	-0,060	-0,189	-0,139	-0,017	0,013	0,038	0,076	0,105	0,155	0,190	0,278	0,380	0,478	0,534	0,433	0,000	0,000
6,000	-8,765	-8,742	-8,663	-8,528	-8,424	-8,368	-8,343	-8,308	-8,273	-8,254	-8,194	-8,134	-8,044	-7,890	-7,701	-0,043	0,124	0,170	0,224	0,224	0,197	0,201	0,192	0,204	0,217	0,257	0,298	0,335	0,352	0,275	0,000	0,000
7,000	-7,121	-7,050	-7,042	-6,947	-6,899	-6,859	-6,844	-6,833	-6,812	-6,803	-6,794	-6,770	-6,743	-6,693	-6,639	0,069	0,060	0,096	0,131	0,123	0,101	0,093	0,088	0,082	0,077	0,084	0,093	0,105	0,105	0,083	0,000	0,000
8,000	-19,881	-20,112	-20,096	-20,233	-20,239	-20,291	-20,318	-20,350	-20,371	-20,418	-20,424	-20,437	-20,438	-20,383	-20,319	-0,393	-0,240	-0,237	-0,174	-0,144	-0,143	-0,127	-0,121	-0,104	-0,079	-0,032	0,002	0,042	0,087	0,076	0,000	0,000
9,000	-9,623	-9,574	-9,493	-9,287	-9,155	-9,039	-8,970	-8,928	-8,870	-8,830	-8,778	-8,717	-8,635	-8,514	-8,356	0,083	0,166	0,257	0,358	0,357	0,324	0,311	0,284	0,268	0,256	0,270	0,284	0,304	0,308	0,232	0,000	0,000
10,000	-9,443	-9,471	-9,360	-9,250	-9,170	-9,141	-9,113	-9,097	-9,075	-9,072	-9,047	-9,004	-8,942	-8,848	-8,732	-0,072	0,127	0,143	0,176	0,153	0,139	0,131	0,127	0,120	0,132	0,161	0,175	0,212	0,223	0,175	0,000	0,000
11,000	-9,662	-9,562	-9,518	-9,394	-9,314	-9,257	-9,231	-9,206	-9,176	-9,158	-9,119	-9,069	-9,000	-8,898	-8,770	0,086	0,143	0,162	0,201	0,197	0,176	0,172	0,155	0,160	0,174	0,194	0,221	0,243	0,256	0,195	0,000	0,000
12,000	-15,090	-15,128	-15,072	-15,042	-14,991	-14,978	-14,970	-14,967	-14,951	-14,966	-14,940	-14,910	-14,856	-14,739	-14,607	-0,112	0,015	0,036	0,073	0,072	0,054	0,064	0,062	0,075	0,083	0,129	0,163	0,210	0,244	0,192	0,000	0,000
13,000	-8,345	-8,291	-8,287	-8,272	-8,258	-8,242	-8,226	-8,199	-8,182	-8,151	-8,115	-8,062	-7,991	-7,882	-7,750	0,091	0,060	0,048	0,059	0,071	0,088	0,105	0,118	0,132	0,155	0,185	0,217	0,247	0,252	0,198	0,000	0,000
14,000	-5,502	-4,907	-4,914	-4,739	-4,703	-4,667	-4,652	-4,651	-4,636	-4,631	-4,614	-4,578	-4,518	-4,430	-4,291	2,266	1,173	0,866	0,447	0,306	0,205	0,180	0,150	0,145	0,136	0,157	0,183	0,216	0,234	0,190	0,000	0,000
15,000	-3,660	-3,484	-3,316	-3,246	-3,194	-3,186	-3,180	-3,168	-3,159	-3,164	-3,156	-3,150	-3,125	-3,077	-3,037	1,619	0,999	0,682	0,340	0,241	0,172	0,135	0,108	0,083	0,075	0,070	0,074	0,088	0,099	0,075	0,000	0,000
	run	18	2022:11:08    11:37:03,799
0,000	-12,434	-12,353	-12,328	-12,359	-12,370	-12,382	-12,389	-12,389	-12,385	-12,395	-12,388	-12,367	-12,329	-12,267	-12,182	0,269	0,134	0,070	0,007	-0,005	-0,007	0,010	0,009	0,024	0,036	0,060	0,097	0,123	0,140	0,113	0,000	0,000
1,000	-16,764	-16,819	-16,765	-16,582	-16,416	-16,295	-16,229	-16,174	-16,111	-16,065	-16,017	-15,977	-15,918	-15,831	-15,740	-0,213	0,031	0,137	0,310	0,350	0,318	0,307	0,270	0,257	0,235	0,226	0,225	0,212	0,207	0,151	0,000	0,000
2,000	-10,382	-10,400	-10,361	-10,223	-10,120	-10,047	-10,000	-9,960	-9,904	-9,876	-9,819	-9,732	-9,645	-9,503	-9,340	0,011	0,088	0,153	0,238	0,255	0,236	0,241	0,237	0,247	0,255	0,279	0,308	0,328	0,322	0,245	0,000	0,000
3,000	-20,825	-20,835	-20,749	-20,415	-20,196	-20,065	-19,991	-19,933	-19,886	-19,876	-19,839	-19,806	-19,758	-19,653	-19,542	0,047	0,259	0,332	0,488	0,459	0,385	0,336	0,290	0,248	0,208	0,197	0,209	0,217	0,225	0,178	0,000	0,000
4,000	-11,023	-11,105	-11,016	-11,023	-10,993	-10,983	-10,986	-10,979	-10,978	-10,964	-10,920	-10,853	-10,725	-10,508	-10,234	-0,281	-0,041	-0,024	0,025	0,033	0,057	0,077	0,094	0,117	0,186	0,267	0,344	0,434	0,486	0,401	0,000	0,000
5,000	-12,436	-12,383	-12,536	-12,568	-12,556	-12,535	-12,527	-12,525	-12,497	-12,502	-12,449	-12,362	-12,227	-11,980	-11,669	-0,072	-0,183	-0,139	-0,013	0,021	0,036	0,076	0,106	0,152	0,194	0,292	0,389	0,489	0,550	0,441	0,000	0,000
6,000	-8,789	-8,778	-8,689	-8,559	-8,463	-8,406	-8,380	-8,350	-8,308	-8,284	-8,237	-8,170	-8,075	-7,916	-7,733	-0,036	0,119	0,164	0,218	0,221	0,196	0,199	0,197	0,207	0,222	0,265	0,300	0,339	0,353	0,275	0,000	0,000
7,000	-7,173	-7,101	-7,079	-6,971	-6,915	-6,877	-6,860	-6,847	-6,824	-6,819	-6,809	-6,785	-6,757	-6,703	-6,646	0,084	0,090	0,117	0,152	0,131	0,105	0,098	0,091	0,085	0,084	0,086	0,103	0,112	0,115	0,086	0,000	0,000
8,000	-20,081	-20,319	-20,343	-20,497	-20,504	-20,556	-20,587	-20,623	-20,638	-20,691	-20,703	-20,717	-20,708	-20,655	-20,597	-0,392	-0,280	-0,267	-0,195	-0,154	-0,155	-0,131	-0,130	-0,106	-0,080	-0,037	0,009	0,039	0,081	0,077	0,000	0,000
9,000	-9,725	-9,634	-9,551	-9,304	-9,157	-9,033	-8,974	-8,921	-8,870	-8,834	-8,776	-8,720	-8,636	-8,503	-8,352	0,154	0,227	0,311	0,394	0,384	0,346	0,325	0,287	0,270	0,266	0,273	0,297	0,309	0,311	0,241	0,000	0,000
10,000	-9,684	-9,690	-9,573	-9,434	-9,351	-9,318	-9,294	-9,276	-9,250	-9,250	-9,220	-9,180	-9,121	-9,020	-8,897	-0,060	0,153	0,160	0,194	0,170	0,148	0,135	0,133	0,124	0,133	0,154	0,186	0,217	0,233	0,180	0,000	0,000
11,000	-9,689	-9,591	-9,553	-9,410	-9,327	-9,272	-9,239	-9,216	-9,188	-9,160	-9,131	-9,083	-9,014	-8,901	-8,773	0,109	0,148	0,183	0,215	0,208	0,181	0,175	0,164	0,165	0,176	0,196	0,221	0,250	0,254	0,195	0,000	0,000
12,000	-15,257	-15,299	-15,237	-15,203	-15,155	-15,141	-15,133	-15,135	-15,121	-15,132	-15,113	-15,074	-15,021	-14,904	-14,771	-0,105	0,015	0,037	0,073	0,068	0,053	0,061	0,066	0,068	0,089	0,125	0,178	0,210	0,242	0,197	0,000	0,000
13,000	-8,423	-8,362	-8,356	-8,345	-8,326	-8,307	-8,286	-8,273	-8,244	-8,218	-8,179	-8,132	-8,056	-7,948	-7,816	0,086	0,069	0,058	0,067	0,077	0,092	0,105	0,116	0,138	0,161	0,187	0,222	0,245	0,255	0,200	0,000	0,000
14,000	-5,412	-4,818	-4,835	-4,639	-4,623	-4,582	-4,572	-4,568	-4,552	-4,547	-4,526	-4,493	-4,442	-4,343	-4,219	2,280	1,166	0,865	0,449	0,306	0,209	0,179	0,150	0,137	0,139	0,167	0,179	0,212	0,232	0,184	0,000	0,000
15,000	-3,643	-3,479	-3,287	-3,232	-3,179	-3,173	-3,164	-3,152	-3,148	-3,149	-3,141	-3,133	-3,112	-3,068	-3,024	1,596	0,999	0,674	0,336	0,232	0,170	0,137	0,107	0,084	0,077	0,071	0,073	0,090	0,094	0,072	0,000	0,000
	run	19	2022:11:08    11:37:03,899
0,000	-12,442	-12,351	-12,325	-12,360	-12,366	-12,379	-12,388	-12,389	-12,388	-12,396	-12,387	-12,370	-12,331	-12,269	-12,185	0,255	0,130	0,082	0,011	-0,003	-0,004	0,007	0,012	0,020	0,036	0,059	0,096	0,125	0,140	0,111	0,000	0,000
1,000	-16,610	-16,687	-16,635	-16,470	-16,305	-16,185	-16,120	-16,057	-15,992	-15,959	-15,905	-15,862	-15,807	-15,723	-15,637	-0,223	0,018	0,127	0,299	0,334	0,310	0,299	0,276	0,255	0,232	0,228	0,219	0,216	0,209	0,149	0,000	0,000
2,000	-10,286	-10,290	-10,263	-10,129	-10,024	-9,945	-9,900	-9,862	-9,811	-9,779	-9,717	-9,646	-9,553	-9,410	-9,258	-0,003	0,083	0,142	0,237	0,249	0,233	0,235	0,236	0,243	0,247	0,280	0,300	0,322	0,323	0,241	0,000	0,000
3,000	-20,571	-20,563	-20,484	-20,173	-19,962	-19,830	-19,762	-19,697	-19,653	-19,643	-19,604	-19,574	-19,524	-19,425	-19,307	0,017	0,237	0,322	0,468	0,457	0,372	0,325	0,280	0,241	0,203	0,197	0,209	0,215	0,227	0,169	0,000	0,000
4,000	-11,043	-11,114	-11,032	-11,034	-11,007	-10,999	-11,004	-10,995	-11,000	-10,971	-10,933	-10,866	-10,735	-10,525	-10,250	-0,289	-0,038	-0,047	0,028	0,037	0,055	0,076	0,098	0,126	0,188	0,264	0,345	0,435	0,486	0,400	0,000	0,000
5,000	-12,404	-12,364	-12,510	-12,529	-12,530	-12,509	-12,498	-12,493	-12,470	-12,470	-12,428	-12,335	-12,204	-11,961	-11,651	-0,063	-0,188	-0,133	-0,017	0,020	0,038	0,076	0,102	0,143	0,195	0,285	0,376	0,475	0,539	0,439	0,000	0,000
6,000	-8,659	-8,659	-8,554	-8,431	-8,331	-8,276	-8,254	-8,216	-8,179	-8,160	-8,104	-8,046	-7,946	-7,801	-7,616	-0,042	0,115	0,163	0,223	0,218	0,195	0,200	0,197	0,207	0,215	0,267	0,300	0,334	0,351	0,276	0,000	0,000
7,000	-7,064	-6,991	-6,972	-6,877	-6,826	-6,792	-6,774	-6,761	-6,744	-6,735	-6,721	-6,706	-6,670	-6,621	-6,559	0,079	0,070	0,100	0,142	0,121	0,099	0,095	0,088	0,085	0,082	0,086	0,100	0,106	0,119	0,085	0,000	0,000
8,000	-20,228	-20,467	-20,465	-20,621	-20,621	-20,682	-20,706	-20,737	-20,758	-20,800	-20,811	-20,829	-20,825	-20,773	-20,705	-0,360	-0,265	-0,253	-0,180	-0,154	-0,151	-0,130	-0,126	-0,100	-0,077	-0,037	0,006	0,038	0,089	0,081	0,000	0,000
9,000	-9,864	-9,780	-9,691	-9,441	-9,295	-9,176	-9,115	-9,062	-9,009	-8,965	-8,920	-8,856	-8,769	-8,637	-8,484	0,134	0,241	0,314	0,394	0,385	0,342	0,320	0,294	0,273	0,265	0,274	0,301	0,313	0,319	0,244	0,000	0,000
10,000	-9,846	-9,843	-9,703	-9,550	-9,459	-9,427	-9,403	-9,386	-9,369	-9,359	-9,331	-9,291	-9,223	-9,129	-9,004	-0,037	0,187	0,191	0,217	0,177	0,158	0,147	0,139	0,127	0,144	0,164	0,186	0,217	0,235	0,187	0,000	0,000
11,000	-9,850	-9,738	-9,687	-9,536	-9,452	-9,395	-9,366	-9,342	-9,309	-9,291	-9,247	-9,206	-9,132	-9,018	-8,888	0,132	0,171	0,194	0,227	0,215	0,185	0,182	0,167	0,171	0,179	0,201	0,228	0,253	0,261	0,201	0,000	0,000
12,000	-15,319	-15,366	-15,320	-15,292	-15,241	-15,225	-15,225	-15,214	-15,204	-15,212	-15,189	-15,156	-15,109	-14,993	-14,855	-0,131	-0,007	0,028	0,065	0,071	0,053	0,056	0,063	0,070	0,087	0,128	0,169	0,207	0,243	0,194	0,000	0,000
13,000	-8,449	-8,378	-8,376	-8,357	-8,341	-8,326	-8,306	-8,286	-8,263	-8,233	-8,191	-8,142	-8,065	-7,960	-7,823	0,096	0,070	0,058	0,068	0,076	0,090	0,103	0,116	0,138	0,158	0,185	0,222	0,249	0,260	0,201	0,000	0,000
14,000	-5,498	-4,914	-4,917	-4,725	-4,702	-4,665	-4,644	-4,642	-4,629	-4,627	-4,601	-4,573	-4,512	-4,418	-4,289	2,267	1,176	0,869	0,444	0,307	0,215	0,187	0,156	0,142	0,139	0,169	0,175	0,212	0,235	0,190	0,000	0,000
15,000	-3,632	-3,466	-3,299	-3,237	-3,178	-3,175	-3,165	-3,150	-3,145	-3,151	-3,139	-3,135	-3,112	-3,075	-3,029	1,611	0,999	0,674	0,340	0,231	0,169	0,132	0,111	0,080	0,073	0,068	0,070	0,086	0,093	0,072	0,000	0,000
	run	20	2022:11:08    11:37:03,948
0,000	-12,641	-12,556	-12,529	-12,558	-12,568	-12,575	-12,584	-12,588	-12,584	-12,596	-12,587	-12,568	-12,530	-12,461	-12,380	0,267	0,130	0,084	0,011	-0,002	-0,004	0,005	0,010	0,019	0,039	0,062	0,094	0,124	0,144	0,109	0,000	0,000
1,000	-16,746	-16,838	-16,761	-16,588	-16,426	-16,304	-16,240	-16,181	-16,119	-16,087	-16,030	-15,980	-15,932	-15,846	-15,761	-0,232	0,019	0,135	0,306	0,344	0,314	0,304	0,276	0,256	0,230	0,227	0,218	0,212	0,206	0,150	0,000	0,000
2,000	-10,286	-10,290	-10,263	-10,129	-10,024	-9,945	-9,900	-9,862	-9,811	-9,779	-9,717	-9,646	-9,553	-9,410	-9,258	-0,003	0,083	0,142	0,237	0,249	0,233	0,235	0,236	0,243	0,247	0,280	0,300	0,322	0,323	0,241	0,000	0,000
3,000	-20,571	-20,563	-20,484	-20,173	-19,962	-19,830	-19,762	-19,697	-19,653	-19,643	-19,604	-19,574	-19,524	-19,425	-19,307	0,017	0,237	0,322	0,468	0,457	0,372	0,325	0,280	0,241	0,203	0,197	0,209	0,215	0,227	0,169	0,000	0,000
4,000	-11,043	-11,114	-11,032	-11,034	-11,007	-10,999	-11,004	-10,995	-11,000	-10,971	-10,933	-10,866	-10,735	-10,525	-10,250	-0,289	-0,038	-0,047	0,028	0,037	0,055	0,076	0,098	0,126	0,188	0,264	0,345	0,435	0,486	0,400	0,000	0,000
5,000	-12,404	-12,364	-12,510	-12,529	-12,530	-12,509	-12,498	-12,493	-12,470	-12,470	-12,428	-12,335	-12,204	-11,961	-11,651	-0,063	-0,188	-0,133	-0,017	0,020	0,038	0,076	0,102	0,143	0,195	0,285	0,376	0,475	0,539	0,439	0,000	0,000
6,000	-8,659	-8,659	-8,554	-8,431	-8,331	-8,276	-8,254	-8,216	-8,179	-8,160	-8,104	-8,046	-7,946	-7,801	-7,616	-0,042	0,115	0,163	0,223	0,218	0,195	0,200	0,197	0,207	0,215	0,267	0,300	0,334	0,351	0,276	0,000	0,000
7,000	-7,064	-6,991	-6,972	-6,877	-6,826	-6,792	-6,774	-6,761	-6,744	-6,735	-6,721	-6,706	-6,670	-6,621	-6,559	0,079	0,070	0,100	0,142	0,121	0,099	0,095	0,088	0,085	0,082	0,086	0,100	0,106	0,119	0,085	0,000	0,000
8,000	-19,915	-20,138	-20,158	-20,310	-20,316	-20,360	-20,390	-20,417	-20,447	-20,491	-20,503	-20,512	-20,510	-20,454	-20,383	-0,417	-0,273	-0,256	-0,184	-0,152	-0,159	-0,136	-0,127	-0,110	-0,086	-0,033	0,006	0,046	0,089	0,087	0,000	0,000
9,000	-9,843	-9,785	-9,688	-9,478	-9,326	-9,214	-9,145	-9,094	-9,040	-9,003	-8,948	-8,890	-8,803	-8,675	-8,528	0,097	0,208	0,279	0,381	0,380	0,335	0,311	0,288	0,274	0,260	0,271	0,289	0,311	0,311	0,231	0,000	0,000
10,000	-9,768	-9,759	-9,634	-9,472	-9,392	-9,351	-9,330	-9,314	-9,287	-9,284	-9,255	-9,216	-9,157	-9,055	-8,936	-0,051	0,179	0,191	0,220	0,180	0,157	0,141	0,136	0,130	0,143	0,162	0,178	0,217	0,230	0,183	0,000	0,000
11,000	-9,893	-9,777	-9,733	-9,593	-9,508	-9,452	-9,418	-9,394	-9,364	-9,343	-9,308	-9,259	-9,187	-9,075	-8,940	0,126	0,169	0,199	0,223	0,208	0,185	0,176	0,167	0,165	0,174	0,197	0,231	0,250	0,264	0,205	0,000	0,000
12,000	-15,510	-15,548	-15,499	-15,463	-15,408	-15,389	-15,388	-15,386	-15,367	-15,386	-15,361	-15,323	-15,270	-15,155	-15,018	-0,127	0,009	0,037	0,072	0,077	0,064	0,061	0,067	0,074	0,085	0,132	0,172	0,216	0,250	0,201	0,000	0,000
13,000	-8,506	-8,435	-8,432	-8,420	-8,403	-8,383	-8,363	-8,350	-8,322	-8,293	-8,258	-8,203	-8,125	-8,014	-7,877	0,101	0,066	0,056	0,068	0,083	0,093	0,108	0,117	0,143	0,161	0,196	0,225	0,250	0,260	0,204	0,000	0,000
14,000	-5,564	-4,966	-4,982	-4,784	-4,760	-4,723	-4,703	-4,701	-4,680	-4,676	-4,665	-4,629	-4,576	-4,471	-4,341	2,280	1,187	0,872	0,447	0,309	0,212	0,184	0,157	0,144	0,138	0,151	0,183	0,215	0,240	0,193	0,000	0,000
15,000	-3,682	-3,501	-3,319	-3,257	-3,206	-3,194	-3,190	-3,170	-3,165	-3,170	-3,165	-3,156	-3,134	-3,092	-3,049	1,614	1,008	0,678	0,342	0,236	0,174	0,136	0,109	0,082	0,074	0,071	0,074	0,086	0,093	0,074	0,000	0,000
	run	21	2022:11:08    11:37:04,048
0,000	-12,719	-12,626	-12,613	-12,640	-12,653	-12,666	-12,668	-12,670	-12,677	-12,681	-12,676	-12,648	-12,615	-12,550	-12,466	0,256	0,144	0,077	0,009	-0,008	-0,003	0,004	0,010	0,024	0,037	0,061	0,096	0,125	0,141	0,114	0,000	0,000
1,000	-17,047	-17,122	-17,050	-16,851	-16,681	-16,561	-16,492	-16,431	-16,367	-16,337	-16,273	-16,233	-16,179	-16,095	-16,006	-0,192	0,059	0,162	0,329	0,361	0,331	0,312	0,279	0,262	0,235	0,228	0,222	0,213	0,202	0,153	0,000	0,000
2,000	-10,329	-10,340	-10,313	-10,178	-10,074	-10,006	-9,961	-9,922	-9,870	-9,840	-9,772	-9,702	-9,612	-9,473	-9,319	-0,004	0,073	0,130	0,232	0,249	0,223	0,236	0,234	0,240	0,244	0,274	0,297	0,315	0,318	0,236	0,000	0,000
3,000	-20,113	-20,153	-20,083	-19,790	-19,588	-19,449	-19,378	-19,318	-19,265	-19,260	-19,220	-19,183	-19,139	-19,043	-18,926	-0,027	0,202	0,277	0,440	0,436	0,370	0,320	0,278	0,244	0,203	0,201	0,208	0,211	0,224	0,165	0,000	0,000
4,000	-10,764	-10,827	-10,757	-10,738	-10,709	-10,696	-10,702	-10,695	-10,697	-10,671	-10,633	-10,572	-10,443	-10,238	-9,972	-0,272	-0,027	-0,028	0,039	0,042	0,057	0,078	0,097	0,119	0,180	0,257	0,335	0,420	0,472	0,390	0,000	0,000
5,000	-12,186	-12,143	-12,291	-12,323	-12,321	-12,296	-12,285	-12,287	-12,255	-12,253	-12,213	-12,128	-11,996	-11,755	-11,459	-0,081	-0,187	-0,138	-0,020	0,018	0,033	0,078	0,107	0,144	0,189	0,276	0,378	0,468	0,530	0,430	0,000	0,000
6,000	-8,670	-8,656	-8,571	-8,435	-8,340	-8,291	-8,260	-8,230	-8,187	-8,168	-8,115	-8,050	-7,962	-7,809	-7,633	-0,033	0,113	0,164	0,224	0,217	0,193	0,193	0,194	0,202	0,217	0,259	0,289	0,321	0,338	0,265	0,000	0,000
7,000	-7,054	-6,983	-6,970	-6,887	-6,835	-6,796	-6,776	-6,772	-6,747	-6,740	-6,736	-6,710	-6,680	-6,630	-6,573	0,060	0,051	0,104	0,141	0,119	0,100	0,090	0,081	0,083	0,076	0,084	0,092	0,103	0,112	0,082	0,000	0,000
8,000	-19,769	-19,992	-19,974	-20,122	-20,115	-20,175	-20,205	-20,237	-20,252	-20,301	-20,305	-20,323	-20,311	-20,269	-20,202	-0,385	-0,230	-0,224	-0,170	-0,137	-0,137	-0,133	-0,117	-0,095	-0,081	-0,034	0,010	0,038	0,079	0,080	0,000	0,000
9,000	-9,566	-9,498	-9,426	-9,217	-9,084	-8,967	-8,903	-8,852	-8,800	-8,759	-8,717	-8,648	-8,565	-8,437	-8,289	0,083	0,179	0,252	0,364	0,360	0,330	0,308	0,286	0,268	0,261	0,270	0,283	0,303	0,307	0,233	0,000	0,000
10,000	-9,599	-9,599	-9,483	-9,340	-9,260	-9,227	-9,203	-9,185	-9,162	-9,158	-9,138	-9,093	-9,032	-8,933	-8,816	-0,058	0,159	0,162	0,203	0,168	0,147	0,142	0,136	0,123	0,138	0,156	0,176	0,213	0,225	0,183	0,000	0,000
11,000	-9,769	-9,667	-9,625	-9,483	-9,408	-9,353	-9,323	-9,301	-9,272	-9,246	-9,207	-9,161	-9,092	-8,985	-8,853	0,120	0,157	0,181	0,210	0,205	0,177	0,177	0,166	0,165	0,175	0,198	0,227	0,247	0,260	0,197	0,000	0,000
12,000	-15,371	-15,407	-15,362	-15,322	-15,273	-15,257	-15,252	-15,249	-15,238	-15,250	-15,226	-15,194	-15,139	-15,022	-14,877	-0,119	0,005	0,026	0,074	0,070	0,058	0,060	0,062	0,070	0,089	0,134	0,169	0,219	0,246	0,197	0,000	0,000
13,000	-8,559	-8,489	-8,482	-8,464	-8,447	-8,424	-8,407	-8,394	-8,367	-8,346	-8,295	-8,247	-8,173	-8,063	-7,922	0,095	0,071	0,053	0,071	0,076	0,091	0,107	0,119	0,137	0,159	0,191	0,222	0,252	0,261	0,205	0,000	0,000
14,000	-5,619	-5,006	-5,009	-4,821	-4,790	-4,762	-4,735	-4,741	-4,721	-4,718	-4,693	-4,663	-4,606	-4,505	-4,371	2,285	1,185	0,888	0,456	0,312	0,217	0,183	0,156	0,140	0,143	0,163	0,184	0,225	0,243	0,193	0,000	0,000
15,000	-3,732	-3,564	-3,389	-3,314	-3,263	-3,250	-3,251	-3,234	-3,229	-3,231	-3,225	-3,213	-3,193	-3,150	-3,105	1,627	1,010	0,691	0,350	0,241	0,176	0,137	0,110	0,086	0,078	0,073	0,078	0,093	0,094	0,075	0,000	0,000
	run	22	2022:11:08    11:37:04,099
0,000	-12,719	-12,626	-12,613	-12,640	-12,653	-12,666	-12,668	-12,670	-12,677	-12,681	-12,676	-12,648	-12,615	-12,550	-12,466	0,256	0,144	0,077	0,009	-0,008	-0,003	0,004	0,010	0,024	0,037	0,061	0,096	0,125	0,141	0,114	0,000	0,000
1,000	-17,047	-17,122	-17,050	-16,851	-16,681	-16,561	-16,492	-16,431	-16,367	-16,337	-16,273	-16,233	-16,179	-16,095	-16,006	-0,192	0,059	0,162	0,329	0,361	0,331	0,312	0,279	0,262	0,235	0,228	0,222	0,213	0,202	0,153	0,000	0,000
2,000	-10,329	-10,340	-10,313	-10,178	-10,074	-10,006	-9,961	-9,922	-9,870	-9,840	-9,772	-9,702	-9,612	-9,473	-9,319	-0,004	0,073	0,130	0,232	0,249	0,223	0,236	0,234	0,240	0,244	0,274	0,297	0,315	0,318	0,236	0,000	0,000
3,000	-20,113	-20,153	-20,083	-19,790	-19,588	-19,449	-19,378	-19,318	-19,265	-19,260	-19,220	-19,183	-19,139	-19,043	-18,926	-0,027	0,202	0,277	0,440	0,436	0,370	0,320	0,278	0,244	0,203	0,201	0,208	0,211	0,224	0,165	0,000	0,000
4,000	-10,764	-10,827	-10,757	-10,738	-10,709	-10,696	-10,702	-10,695	-10,697	-10,671	-10,633	-10,572	-10,443	-10,238	-9,972	-0,272	-0,027	-0,028	0,039	0,042	0,057	0,078	0,097	0,119	0,180	0,257	0,335	0,420	0,472	0,390	0,000	0,000
5,000	-12,186	-12,143	-12,291	-12,323	-12,321	-12,296	-12,285	-12,287	-12,255	-12,253	-12,213	-12,128	-11,996	-11,755	-11,459	-0,081	-0,187	-0,138	-0,020	0,018	0,033	0,078	0,107	0,144	0,189	0,276	0,378	0,468	0,530	0,430	0,000	0,000
6,000	-8,635	-8,619	-8,536	-8,407	-8,303	-8,254	-8,223	-8,199	-8,161	-8,139	-8,086	-8,023	-7,932	-7,781	-7,600	-0,053	0,116	0,156	0,228	0,215	0,190	0,196	0,189	0,197	0,214	0,254	0,292	0,327	0,343	0,267	0,000	0,000
7,000	-7,054	-6,984	-6,986	-6,888	-6,838	-6,799	-6,774	-6,763	-6,747	-6,742	-6,730	-6,707	-6,676	-6,631	-6,571	0,071	0,064	0,086	0,132	0,123	0,098	0,096	0,082	0,086	0,077	0,087	0,101	0,103	0,112	0,085	0,000	0,000
8,000	-19,685	-19,921	-19,912	-20,049	-20,045	-20,096	-20,139	-20,157	-20,171	-20,219	-20,229	-20,247	-20,238	-20,192	-20,126	-0,371	-0,217	-0,229	-0,162	-0,136	-0,138	-0,126	-0,123	-0,102	-0,075	-0,034	0,010	0,038	0,083	0,079	0,000	0,000
9,000	-9,562	-9,494	-9,431	-9,219	-9,079	-8,966	-8,903	-8,853	-8,799	-8,759	-8,700	-8,649	-8,563	-8,438	-8,290	0,087	0,178	0,254	0,353	0,363	0,326	0,311	0,284	0,262	0,259	0,271	0,284	0,301	0,309	0,234	0,000	0,000
10,000	-9,507	-9,522	-9,409	-9,296	-9,214	-9,184	-9,157	-9,140	-9,120	-9,119	-9,090	-9,049	-8,989	-8,892	-8,774	-0,083	0,136	0,132	0,176	0,153	0,139	0,132	0,127	0,124	0,133	0,160	0,179	0,215	0,227	0,177	0,000	0,000
11,000	-9,686	-9,587	-9,551	-9,412	-9,335	-9,281	-9,250	-9,226	-9,195	-9,179	-9,134	-9,093	-9,022	-8,917	-8,784	0,100	0,141	0,166	0,208	0,199	0,178	0,170	0,164	0,163	0,172	0,194	0,223	0,242	0,255	0,193	0,000	0,000
12,000	-15,285	-15,314	-15,279	-15,241	-15,192	-15,175	-15,169	-15,164	-15,153	-15,162	-15,142	-15,107	-15,051	-14,930	-14,799	-0,108	0,007	0,026	0,065	0,073	0,056	0,062	0,066	0,077	0,090	0,130	0,170	0,214	0,248	0,200	0,000	0,000
13,000	-8,569	-8,457	-8,482	-8,458	-8,446	-8,421	-8,407	-8,389	-8,367	-8,333	-8,293	-8,240	-8,165	-8,056	-7,917	0,120	0,065	0,055	0,071	0,076	0,086	0,101	0,117	0,134	0,161	0,192	0,227	0,251	0,263	0,206	0,000	0,000
14,000	-5,668	-5,094	-5,057	-4,873	-4,842	-4,811	-4,788	-4,788	-4,778	-4,762	-4,738	-4,716	-4,647	-4,553	-4,409	2,277	1,214	0,892	0,452	0,317	0,223	0,188	0,158	0,146	0,145	0,159	0,193	0,228	0,249	0,202	0,000	0,000
15,000	-3,768	-3,572	-3,399	-3,326	-3,276	-3,268	-3,259	-3,245	-3,240	-3,242	-3,234	-3,225	-3,206	-3,160	-3,113	1,657	1,012	0,689	0,344	0,240	0,174	0,138	0,108	0,085	0,077	0,072	0,079	0,091	0,097	0,078	0,000	0,000
	run	23	2022:11:08    11:37:04,199
0,000	-12,810	-12,722	-12,698	-12,727	-12,743	-12,754	-12,761	-12,763	-12,760	-12,771	-12,762	-12,741	-12,705	-12,632	-12,549	0,279	0,146	0,080	0,013	-0,007	-0,006	0,007	0,012	0,021	0,035	0,060	0,097	0,125	0,149	0,115	0,000	0,000
1,000	-17,004	-17,068	-16,992	-16,809	-16,636	-16,514	-16,447	-16,381	-16,324	-16,289	-16,233	-16,186	-16,131	-16,047	-15,960	-0,211	0,049	0,156	0,331	0,362	0,328	0,310	0,288	0,262	0,242	0,229	0,226	0,217	0,212	0,148	0,000	0,000
2,000	-10,416	-10,424	-10,396	-10,253	-10,152	-10,079	-10,034	-9,989	-9,942	-9,903	-9,839	-9,760	-9,672	-9,527	-9,367	0,006	0,079	0,145	0,245	0,252	0,239	0,246	0,243	0,251	0,255	0,281	0,312	0,326	0,333	0,249	0,000	0,000
3,000	-20,785	-20,798	-20,723	-20,389	-20,172	-20,033	-19,958	-19,902	-19,850	-19,842	-19,805	-19,775	-19,714	-19,616	-19,496	0,032	0,245	0,344	0,488	0,468	0,388	0,343	0,291	0,249	0,208	0,205	0,217	0,225	0,234	0,176	0,000	0,000
4,000	-10,931	-10,997	-10,919	-10,920	-10,893	-10,882	-10,881	-10,882	-10,876	-10,854	-10,818	-10,748	-10,619	-10,416	-10,137	-0,276	-0,037	-0,031	0,031	0,039	0,059	0,070	0,099	0,119	0,183	0,262	0,341	0,430	0,480	0,397	0,000	0,000
5,000	-12,290	-12,263	-12,411	-12,436	-12,443	-12,411	-12,405	-12,401	-12,373	-12,372	-12,334	-12,248	-12,111	-11,874	-11,569	-0,047	-0,190	-0,131	-0,019	0,013	0,036	0,071	0,104	0,138	0,192	0,278	0,378	0,473	0,523	0,423	0,000	0,000
6,000	-8,611	-8,604	-8,508	-8,380	-8,290	-8,233	-8,201	-8,175	-8,134	-8,109	-8,058	-8,000	-7,908	-7,755	-7,575	-0,030	0,109	0,157	0,218	0,215	0,190	0,197	0,199	0,200	0,216	0,255	0,294	0,328	0,351	0,269	0,000	0,000
7,000	-7,025	-6,948	-6,945	-6,850	-6,801	-6,762	-6,749	-6,737	-6,714	-6,708	-6,694	-6,674	-6,643	-6,594	-6,542	0,074	0,065	0,095	0,133	0,119	0,098	0,096	0,090	0,082	0,075	0,090	0,102	0,107	0,112	0,086	0,000	0,000
8,000	-19,777	-20,001	-20,001	-20,144	-20,140	-20,195	-20,225	-20,255	-20,274	-20,326	-20,329	-20,347	-20,344	-20,293	-20,227	-0,360	-0,223	-0,232	-0,160	-0,129	-0,142	-0,130	-0,121	-0,100	-0,075	-0,039	0,002	0,034	0,079	0,071	0,000	0,000
9,000	-9,614	-9,574	-9,496	-9,278	-9,124	-9,012	-8,943	-8,897	-8,847	-8,812	-8,752	-8,698	-8,611	-8,485	-8,334	0,090	0,194	0,271	0,368	0,364	0,332	0,314	0,286	0,266	0,264	0,273	0,295	0,298	0,308	0,235	0,000	0,000
10,000	-9,627	-9,636	-9,519	-9,390	-9,303	-9,271	-9,252	-9,234	-9,212	-9,208	-9,181	-9,140	-9,083	-8,983	-8,867	-0,064	0,133	0,153	0,189	0,162	0,146	0,138	0,127	0,117	0,137	0,154	0,180	0,210	0,226	0,178	0,000	0,000
11,000	-9,760	-9,660	-9,622	-9,487	-9,406	-9,354	-9,322	-9,303	-9,266	-9,249	-9,213	-9,163	-9,097	-8,990	-8,859	0,120	0,152	0,165	0,207	0,204	0,173	0,171	0,156	0,164	0,169	0,192	0,222	0,242	0,251	0,195	0,000	0,000
12,000	-15,198	-15,238	-15,190	-15,156	-15,104	-15,086	-15,078	-15,075	-15,062	-15,079	-15,053	-15,025	-14,964	-14,855	-14,717	-0,107	0,008	0,026	0,072	0,077	0,056	0,059	0,065	0,071	0,079	0,131	0,169	0,211	0,242	0,191	0,000	0,000
13,000	-8,442	-8,351	-8,371	-8,353	-8,339	-8,320	-8,298	-8,288	-8,261	-8,237	-8,195	-8,146	-8,071	-7,966	-7,837	0,105	0,060	0,050	0,063	0,073	0,082	0,098	0,107	0,132	0,152	0,187	0,215	0,242	0,252	0,200	0,000	0,000
14,000	-5,642	-5,048	-5,035	-4,846	-4,818	-4,777	-4,755	-4,762	-4,747	-4,728	-4,721	-4,678	-4,628	-4,530	-4,390	2,256	1,198	0,885	0,456	0,314	0,219	0,183	0,161	0,151	0,148	0,157	0,185	0,231	0,243	0,198	0,000	0,000
15,000	-3,706	-3,521	-3,331	-3,277	-3,226	-3,214	-3,209	-3,196	-3,185	-3,194	-3,190	-3,175	-3,155	-3,114	-3,067	1,626	1,010	0,682	0,339	0,233	0,175	0,135	0,108	0,082	0,077	0,068	0,077	0,091	0,096	0,076	0,000	0,000
	run	24	2022:11:08    11:37:04,299
0,000	-12,673	-12,570	-12,544	-12,572	-12,589	-12,599	-12,603	-12,613	-12,608	-12,615	-12,614	-12,588	-12,550	-12,479	-12,394	0,252	0,140	0,073	0,006	-0,008	-0,005	0,006	0,013	0,023	0,039	0,067	0,101	0,130	0,150	0,121	0,000	0,000
1,000	-17,135	-17,180	-17,114	-16,908	-16,741	-16,611	-16,542	-16,479	-16,419	-16,380	-16,320	-16,277	-16,219	-16,133	-16,034	-0,222	0,047	0,164	0,335	0,371	0,337	0,319	0,289	0,273	0,250	0,238	0,233	0,223	0,219	0,160	0,000	0,000
2,000	-10,639	-10,633	-10,597	-10,446	-10,333	-10,258	-10,212	-10,168	-10,116	-10,084	-10,012	-9,937	-9,842	-9,695	-9,531	0,012	0,109	0,173	0,262	0,263	0,244	0,247	0,246	0,257	0,264	0,294	0,321	0,335	0,342	0,255	0,000	0,000
3,000	-21,124	-21,118	-21,027	-20,667	-20,440	-20,303	-20,229	-20,168	-20,117	-20,106	-20,070	-20,037	-19,985	-19,881	-19,764	0,033	0,293	0,383	0,515	0,485	0,398	0,343	0,298	0,252	0,212	0,203	0,217	0,222	0,235	0,174	0,000	0,000
4,000	-11,261	-11,354	-11,259	-11,271	-11,245	-11,244	-11,244	-11,242	-11,239	-11,211	-11,169	-11,099	-10,969	-10,749	-10,464	-0,269	-0,028	-0,037	0,021	0,043	0,055	0,078	0,092	0,131	0,188	0,271	0,363	0,450	0,503	0,413	0,000	0,000
5,000	-12,618	-12,584	-12,731	-12,753	-12,752	-12,735	-12,718	-12,721	-12,687	-12,689	-12,648	-12,556	-12,420	-12,174	-11,856	-0,070	-0,182	-0,131	-0,014	0,020	0,037	0,074	0,104	0,153	0,194	0,295	0,392	0,490	0,548	0,446	0,000	0,000
6,000	-8,729	-8,725	-8,623	-8,490	-8,383	-8,335	-8,301	-8,283	-8,238	-8,216	-8,165	-8,099	-8,006	-7,851	-7,671	-0,035	0,126	0,178	0,230	0,224	0,195	0,203	0,201	0,207	0,220	0,253	0,296	0,335	0,349	0,267	0,000	0,000
7,000	-7,069	-7,009	-7,006	-6,908	-6,857	-6,825	-6,803	-6,793	-6,769	-6,762	-6,752	-6,729	-6,702	-6,652	-6,596	0,069	0,054	0,095	0,137	0,122	0,099	0,095	0,081	0,087	0,079	0,086	0,098	0,108	0,116	0,084	0,000	0,000
8,000	-19,807	-20,036	-20,041	-20,185	-20,183	-20,245	-20,273	-20,306	-20,321	-20,364	-20,380	-20,393	-20,385	-20,347	-20,278	-0,378	-0,233	-0,236	-0,172	-0,145	-0,144	-0,133	-0,121	-0,103	-0,076	-0,039	-0,002	0,032	0,074	0,080	0,000	0,000
9,000	-9,705	-9,665	-9,578	-9,359	-9,217	-9,101	-9,032	-8,979	-8,924	-8,889	-8,838	-8,781	-8,694	-8,563	-8,413	0,081	0,196	0,276	0,374	0,371	0,328	0,315	0,281	0,263	0,259	0,274	0,288	0,305	0,310	0,234	0,000	0,000
10,000	-9,661	-9,656	-9,546	-9,409	-9,330	-9,291	-9,272	-9,258	-9,228	-9,229	-9,206	-9,163	-9,100	-8,999	-8,883	-0,060	0,150	0,158	0,195	0,170	0,149	0,139	0,128	0,127	0,133	0,156	0,173	0,212	0,226	0,180	0,000	0,000
11,000	-9,737	-9,632	-9,593	-9,450	-9,372	-9,316	-9,289	-9,261	-9,232	-9,213	-9,176	-9,131	-9,063	-8,953	-8,826	0,118	0,150	0,180	0,217	0,207	0,177	0,171	0,161	0,162	0,171	0,195	0,219	0,239	0,248	0,188	0,000	0,000
12,000	-15,058	-15,107	-15,053	-15,024	-14,967	-14,949	-14,949	-14,939	-14,929	-14,944	-14,919	-14,891	-14,838	-14,721	-14,586	-0,121	0,006	0,035	0,069	0,070	0,054	0,057	0,059	0,073	0,084	0,119	0,158	0,207	0,238	0,188	0,000	0,000
13,000	-8,300	-8,254	-8,243	-8,234	-8,216	-8,200	-8,179	-8,162	-8,142	-8,112	-8,075	-8,028	-7,951	-7,845	-7,713	0,076	0,063	0,045	0,065	0,071	0,085	0,098	0,117	0,134	0,158	0,182	0,218	0,241	0,247	0,195	0,000	0,000
14,000	-5,450	-4,852	-4,865	-4,676	-4,658	-4,621	-4,604	-4,607	-4,588	-4,584	-4,564	-4,527	-4,473	-4,379	-4,247	2,259	1,175	0,860	0,445	0,299	0,207	0,176	0,154	0,137	0,140	0,157	0,186	0,217	0,236	0,188	0,000	0,000
15,000	-3,649	-3,481	-3,309	-3,243	-3,188	-3,180	-3,177	-3,162	-3,154	-3,156	-3,150	-3,143	-3,121	-3,073	-3,030	1,612	0,999	0,680	0,336	0,237	0,170	0,138	0,108	0,086	0,077	0,069	0,076	0,092	0,098	0,075	0,000	0,000
	run	25	2022:11:08    11:37:04,348
0,000	-12,600	-12,500	-12,484	-12,516	-12,523	-12,537	-12,538	-12,547	-12,545	-12,554	-12,549	-12,525	-12,488	-12,415	-12,330	0,258	0,129	0,076	0,001	-0,011	-0,006	0,001	0,009	0,018	0,036	0,064	0,100	0,131	0,145	0,122	0,000	0,000
1,000	-17,155	-17,226	-17,134	-16,933	-16,757	-16,632	-16,565	-16,505	-16,445	-16,411	-16,348	-16,302	-16,244	-16,157	-16,062	-0,229	0,056	0,171	0,343	0,375	0,341	0,318	0,289	0,268	0,248	0,232	0,239	0,220	0,212	0,159	0,000	0,000
2,000	-10,639	-10,633	-10,597	-10,446	-10,333	-10,258	-10,212	-10,168	-10,116	-10,084	-10,012	-9,937	-9,842	-9,695	-9,531	0,012	0,109	0,173	0,262	0,263	0,244	0,247	0,246	0,257	0,264	0,294	0,321	0,335	0,342	0,255	0,000	0,000
3,000	-21,124	-21,118	-21,027	-20,667	-20,440	-20,303	-20,229	-20,168	-20,117	-20,106	-20,070	-20,037	-19,985	-19,881	-19,764	0,033	0,293	0,383	0,515	0,485	0,398	0,343	0,298	0,252	0,212	0,203	0,217	0,222	0,235	0,174	0,000	0,000
4,000	-11,261	-11,354	-11,259	-11,271	-11,245	-11,244	-11,244	-11,242	-11,239	-11,211	-11,169	-11,099	-10,969	-10,749	-10,464	-0,269	-0,028	-0,037	0,021	0,043	0,055	0,078	0,092	0,131	0,188	0,271	0,363	0,450	0,503	0,413	0,000	0,000
5,000	-12,618	-12,584	-12,731	-12,753	-12,752	-12,735	-12,718	-12,721	-12,687	-12,689	-12,648	-12,556	-12,420	-12,174	-11,856	-0,070	-0,182	-0,131	-0,014	0,020	0,037	0,074	0,104	0,153	0,194	0,295	0,392	0,490	0,548	0,446	0,000	0,000
6,000	-8,729	-8,725	-8,623	-8,490	-8,383	-8,335	-8,301	-8,283	-8,238	-8,216	-8,165	-8,099	-8,006	-7,851	-7,671	-0,035	0,126	0,178	0,230	0,224	0,195	0,203	0,201	0,207	0,220	0,253	0,296	0,335	0,349	0,267	0,000	0,000
7,000	-7,069	-7,009	-7,006	-6,908	-6,857	-6,825	-6,803	-6,793	-6,769	-6,762	-6,752	-6,729	-6,702	-6,652	-6,596	0,069	0,054	0,095	0,137	0,122	0,099	0,095	0,081	0,087	0,079	0,086	0,098	0,108	0,116	0,084	0,000	0,000
8,000	-19,832	-20,056	-20,056	-20,194	-20,191	-20,245	-20,275	-20,303	-20,321	-20,373	-20,380	-20,391	-20,386	-20,336	-20,273	-0,357	-0,225	-0,234	-0,170	-0,138	-0,140	-0,129	-0,114	-0,100	-0,076	-0,035	0,003	0,036	0,083	0,077	0,000	0,000
9,000	-9,626	-9,570	-9,505	-9,286	-9,139	-9,029	-8,964	-8,911	-8,862	-8,822	-8,763	-8,710	-8,626	-8,498	-8,351	0,095	0,196	0,262	0,363	0,365	0,331	0,310	0,282	0,269	0,257	0,277	0,281	0,300	0,301	0,226	0,000	0,000
10,000	-9,534	-9,541	-9,435	-9,315	-9,224	-9,195	-9,168	-9,153	-9,131	-9,129	-9,097	-9,060	-9,001	-8,901	-8,788	-0,068	0,143	0,146	0,184	0,161	0,145	0,133	0,126	0,121	0,135	0,153	0,176	0,210	0,225	0,175	0,000	0,000
11,000	-9,646	-9,543	-9,516	-9,375	-9,294	-9,239	-9,212	-9,189	-9,160	-9,136	-9,095	-9,054	-8,984	-8,878	-8,751	0,100	0,144	0,166	0,207	0,202	0,179	0,172	0,158	0,163	0,165	0,194	0,217	0,243	0,250	0,192	0,000	0,000
12,000	-14,999	-15,050	-15,003	-14,969	-14,912	-14,906	-14,892	-14,899	-14,881	-14,897	-14,873	-14,842	-14,790	-14,681	-14,549	-0,115	0,004	0,031	0,069	0,073	0,053	0,057	0,069	0,075	0,085	0,124	0,164	0,203	0,232	0,190	0,000	0,000
13,000	-8,276	-8,211	-8,210	-8,202	-8,181	-8,162	-8,143	-8,128	-8,103	-8,079	-8,037	-7,984	-7,916	-7,814	-7,679	0,080	0,068	0,044	0,066	0,072	0,087	0,100	0,114	0,135	0,152	0,186	0,212	0,239	0,252	0,196	0,000	0,000
14,000	-5,383	-4,802	-4,803	-4,628	-4,604	-4,570	-4,551	-4,560	-4,544	-4,533	-4,514	-4,485	-4,427	-4,327	-4,197	2,236	1,152	0,858	0,441	0,295	0,203	0,176	0,150	0,133	0,137	0,156	0,182	0,216	0,231	0,192	0,000	0,000
15,000	-3,673	-3,493	-3,309	-3,257	-3,200	-3,190	-3,183	-3,171	-3,163	-3,168	-3,156	-3,150	-3,129	-3,083	-3,034	1,618	1,006	0,666	0,336	0,234	0,171	0,137	0,112	0,087	0,078	0,074	0,080	0,094	0,100	0,077	0,000	0,000
