Device: PM2003001		2022:11:08    11:21:17,237  (DLL version: 1.20;  Status: HW:v1.02 SW:v1.3 CRC:31ED BATTERY:4154mV ST:0 ERR:0000;  MUX data; S: 92 I:143 R:200.000 C:1.094p F:)
Excitation level, V:	2,00
Voltage Channel Gain:	5
Current Channel Gain:	1
Voltmeter Range, V:	0,6
Ampermeter Range, A:	15,0m
Step Period, ms:	5
R transimp:	200
C transimp:	1,1p
Measurement Table: 	EEPROM  16

Freq, Hz	1,0k	2,0k	3,0k	7,0k	11,0k	17,0k	23,0k	31,0k	43,0k	61,0k	89,0k	127,0k	179,0k	251,0k	349,0k	1,0k	2,0k	3,0k	7,0k	11,0k	17,0k	23,0k	31,0k	43,0k	61,0k	89,0k	127,0k	179,0k	251,0k	349,0k
	run	1	2022:11:08    11:21:17,240
MUX	Re1, ohm	Re2, ohm	Re3, ohm	Re4, ohm	Re5, ohm	Re6, ohm	Re7, ohm	Re8, ohm	Re9, ohm	Re10, ohm	Re11, ohm	Re12, ohm	Re13, ohm	Re14, ohm	Re15, ohm	Im1, ohm	Im2, ohm	Im3, ohm	Im4, ohm	Im5, ohm	Im6, ohm	Im7, ohm	Im8, ohm	Im9, ohm	Im10, ohm	Im11, ohm	Im12, ohm	Im13, ohm	Im14, ohm	Im15, ohm	U, V	I, mA

0,000	-13,818	-13,908	-13,951	-14,040	-14,056	-14,078	-14,086	-14,096	-14,097	-14,102	-14,092	-14,057	-14,011	-13,911	-13,797	-0,274	-0,218	-0,183	-0,115	-0,090	-0,061	-0,035	-0,016	0,006	0,039	0,084	0,135	0,176	0,200	0,167	0,000	0,000
1,000	-17,666	-17,688	-17,611	-17,425	-17,262	-17,157	-17,095	-17,047	-16,991	-16,959	-16,907	-16,862	-16,809	-16,709	-16,598	-0,071	0,136	0,199	0,324	0,344	0,307	0,286	0,253	0,238	0,216	0,226	0,232	0,236	0,235	0,172	0,000	0,000
2,000	-10,558	-10,594	-10,571	-10,432	-10,323	-10,259	-10,212	-10,174	-10,124	-10,083	-10,018	-9,945	-9,849	-9,691	-9,518	-0,059	0,062	0,120	0,232	0,247	0,232	0,238	0,229	0,245	0,259	0,295	0,325	0,348	0,359	0,267	0,000	0,000
3,000	-20,626	-20,704	-20,670	-20,414	-20,216	-20,087	-20,011	-19,954	-19,902	-19,892	-19,848	-19,813	-19,763	-19,662	-19,548	-0,226	0,047	0,166	0,386	0,401	0,343	0,306	0,270	0,241	0,196	0,200	0,212	0,221	0,231	0,174	0,000	0,000
4,000	-10,881	-10,854	-10,699	-10,677	-10,640	-10,643	-10,642	-10,647	-10,649	-10,633	-10,607	-10,561	-10,466	-10,321	-10,129	-0,044	0,155	0,103	0,083	0,061	0,057	0,059	0,073	0,088	0,131	0,184	0,243	0,305	0,345	0,284	0,000	0,000
5,000	-7,734	-6,980	-6,920	-6,699	-6,648	-6,588	-6,562	-6,553	-6,517	-6,512	-6,464	-6,407	-6,322	-6,160	-5,966	2,365	1,308	0,964	0,528	0,385	0,275	0,254	0,230	0,219	0,217	0,263	0,292	0,340	0,360	0,285	0,000	0,000
6,000	-4,656	-4,299	-4,111	-3,927	-3,838	-3,787	-3,758	-3,732	-3,710	-3,683	-3,651	-3,600	-3,527	-3,419	-3,269	1,505	0,983	0,751	0,461	0,361	0,279	0,241	0,217	0,203	0,198	0,214	0,238	0,267	0,284	0,224	0,000	0,000
7,000	-6,696	-6,624	-6,610	-6,536	-6,486	-6,463	-6,434	-6,432	-6,411	-6,406	-6,390	-6,372	-6,352	-6,305	-6,260	0,095	0,083	0,107	0,123	0,110	0,094	0,086	0,080	0,079	0,067	0,073	0,086	0,091	0,092	0,071	0,000	0,000
8,000	-19,438	-19,653	-19,646	-19,755	-19,750	-19,802	-19,834	-19,863	-19,893	-19,938	-19,960	-19,980	-19,981	-19,945	-19,894	-0,414	-0,219	-0,213	-0,158	-0,133	-0,139	-0,137	-0,130	-0,116	-0,101	-0,061	-0,016	0,012	0,056	0,053	0,000	0,000
9,000	-9,365	-9,323	-9,273	-9,108	-8,977	-8,862	-8,801	-8,749	-8,694	-8,651	-8,592	-8,536	-8,462	-8,344	-8,199	0,015	0,103	0,191	0,305	0,325	0,307	0,299	0,279	0,267	0,255	0,271	0,271	0,287	0,287	0,220	0,000	0,000
10,000	-9,458	-9,463	-9,352	-9,243	-9,166	-9,132	-9,116	-9,097	-9,077	-9,070	-9,044	-9,006	-8,938	-8,833	-8,704	-0,052	0,147	0,140	0,168	0,158	0,141	0,134	0,124	0,125	0,138	0,159	0,186	0,229	0,242	0,192	0,000	0,000
11,000	-9,295	-9,207	-9,195	-9,083	-9,023	-8,979	-8,956	-8,945	-8,912	-8,909	-8,877	-8,838	-8,789	-8,699	-8,600	0,111	0,112	0,127	0,162	0,151	0,131	0,128	0,121	0,125	0,129	0,153	0,172	0,190	0,198	0,153	0,000	0,000
12,000	-16,780	-16,762	-16,685	-16,605	-16,520	-16,485	-16,466	-16,444	-16,406	-16,408	-16,364	-16,309	-16,231	-16,084	-15,911	0,084	0,156	0,156	0,177	0,168	0,147	0,153	0,155	0,156	0,169	0,208	0,250	0,297	0,323	0,258	0,000	0,000
13,000	-8,062	-8,136	-8,098	-8,130	-8,106	-8,097	-8,085	-8,074	-8,049	-8,019	-7,963	-7,900	-7,801	-7,638	-7,430	-0,076	-0,028	-0,024	0,023	0,053	0,074	0,102	0,116	0,150	0,190	0,247	0,298	0,356	0,377	0,304	0,000	0,000
14,000	-12,419	-12,408	-12,387	-12,360	-12,332	-12,312	-12,302	-12,284	-12,275	-12,273	-12,247	-12,205	-12,119	-11,968	-11,753	-0,189	-0,083	-0,022	0,052	0,066	0,073	0,084	0,081	0,103	0,127	0,181	0,239	0,314	0,357	0,295	0,000	0,000
15,000	-9,495	-9,648	-9,552	-9,567	-9,519	-9,524	-9,517	-9,503	-9,480	-9,471	-9,455	-9,422	-9,375	-9,301	-9,214	-0,296	-0,027	-0,034	0,029	0,039	0,051	0,058	0,076	0,078	0,092	0,116	0,137	0,156	0,165	0,135	0,000	0,000
	run	2	2022:11:08    11:21:17,293
0,000	-13,818	-13,908	-13,951	-14,040	-14,056	-14,078	-14,086	-14,096	-14,097	-14,102	-14,092	-14,057	-14,011	-13,911	-13,797	-0,274	-0,218	-0,183	-0,115	-0,090	-0,061	-0,035	-0,016	0,006	0,039	0,084	0,135	0,176	0,200	0,167	0,000	0,000
1,000	-17,666	-17,688	-17,611	-17,425	-17,262	-17,157	-17,095	-17,047	-16,991	-16,959	-16,907	-16,862	-16,809	-16,709	-16,598	-0,071	0,136	0,199	0,324	0,344	0,307	0,286	0,253	0,238	0,216	0,226	0,232	0,236	0,235	0,172	0,000	0,000
2,000	-10,558	-10,594	-10,571	-10,432	-10,323	-10,259	-10,212	-10,174	-10,124	-10,083	-10,018	-9,945	-9,849	-9,691	-9,518	-0,059	0,062	0,120	0,232	0,247	0,232	0,238	0,229	0,245	0,259	0,295	0,325	0,348	0,359	0,267	0,000	0,000
3,000	-20,626	-20,704	-20,670	-20,414	-20,216	-20,087	-20,011	-19,954	-19,902	-19,892	-19,848	-19,813	-19,763	-19,662	-19,548	-0,226	0,047	0,166	0,386	0,401	0,343	0,306	0,270	0,241	0,196	0,200	0,212	0,221	0,231	0,174	0,000	0,000
4,000	-10,881	-10,854	-10,699	-10,677	-10,640	-10,643	-10,642	-10,647	-10,649	-10,633	-10,607	-10,561	-10,466	-10,321	-10,129	-0,044	0,155	0,103	0,083	0,061	0,057	0,059	0,073	0,088	0,131	0,184	0,243	0,305	0,345	0,284	0,000	0,000
5,000	-7,734	-6,980	-6,920	-6,699	-6,648	-6,588	-6,562	-6,553	-6,517	-6,512	-6,464	-6,407	-6,322	-6,160	-5,966	2,365	1,308	0,964	0,528	0,385	0,275	0,254	0,230	0,219	0,217	0,263	0,292	0,340	0,360	0,285	0,000	0,000
6,000	-4,673	-4,304	-4,133	-3,947	-3,855	-3,805	-3,774	-3,757	-3,725	-3,698	-3,663	-3,614	-3,543	-3,432	-3,281	1,508	0,987	0,746	0,454	0,356	0,285	0,251	0,216	0,208	0,202	0,219	0,241	0,270	0,281	0,224	0,000	0,000
7,000	-6,764	-6,693	-6,675	-6,592	-6,546	-6,516	-6,497	-6,489	-6,468	-6,461	-6,449	-6,425	-6,406	-6,361	-6,315	0,104	0,088	0,113	0,137	0,115	0,091	0,088	0,074	0,080	0,068	0,077	0,089	0,090	0,098	0,069	0,000	0,000
8,000	-19,735	-19,953	-19,956	-20,074	-20,061	-20,125	-20,157	-20,182	-20,217	-20,269	-20,279	-20,299	-20,306	-20,262	-20,216	-0,423	-0,230	-0,229	-0,163	-0,144	-0,155	-0,144	-0,135	-0,121	-0,105	-0,059	-0,016	0,011	0,059	0,055	0,000	0,000
9,000	-9,623	-9,580	-9,507	-9,326	-9,191	-9,073	-9,007	-8,955	-8,897	-8,859	-8,794	-8,740	-8,658	-8,536	-8,387	0,032	0,132	0,213	0,333	0,349	0,328	0,314	0,288	0,269	0,278	0,273	0,284	0,298	0,298	0,229	0,000	0,000
10,000	-9,787	-9,802	-9,662	-9,528	-9,434	-9,399	-9,376	-9,360	-9,336	-9,325	-9,303	-9,261	-9,193	-9,079	-8,948	-0,042	0,171	0,191	0,216	0,182	0,167	0,148	0,139	0,136	0,145	0,170	0,197	0,239	0,251	0,202	0,000	0,000
11,000	-9,533	-9,422	-9,410	-9,289	-9,215	-9,170	-9,148	-9,136	-9,109	-9,099	-9,068	-9,028	-8,973	-8,880	-8,781	0,138	0,131	0,151	0,182	0,171	0,134	0,135	0,129	0,132	0,133	0,155	0,177	0,196	0,203	0,157	0,000	0,000
12,000	-17,046	-17,034	-16,942	-16,859	-16,785	-16,744	-16,717	-16,688	-16,662	-16,657	-16,617	-16,565	-16,476	-16,326	-16,149	0,071	0,152	0,159	0,179	0,175	0,155	0,158	0,162	0,156	0,175	0,204	0,266	0,312	0,333	0,261	0,000	0,000
13,000	-7,966	-8,061	-8,016	-8,050	-8,028	-8,014	-8,005	-7,993	-7,972	-7,945	-7,889	-7,825	-7,723	-7,569	-7,360	-0,083	-0,034	-0,019	0,012	0,050	0,076	0,101	0,119	0,147	0,189	0,243	0,289	0,342	0,371	0,296	0,000	0,000
14,000	-12,162	-12,137	-12,169	-12,110	-12,090	-12,067	-12,054	-12,047	-12,035	-12,027	-12,013	-11,963	-11,887	-11,733	-11,523	-0,175	-0,085	-0,021	0,042	0,057	0,067	0,079	0,082	0,100	0,123	0,177	0,236	0,299	0,341	0,285	0,000	0,000
15,000	-9,310	-9,451	-9,351	-9,377	-9,328	-9,332	-9,327	-9,306	-9,291	-9,280	-9,260	-9,230	-9,183	-9,109	-9,027	-0,298	-0,023	-0,046	0,028	0,039	0,049	0,060	0,076	0,080	0,094	0,113	0,134	0,155	0,165	0,133	0,000	0,000
	run	3	2022:11:08    11:21:17,392
0,000	-12,876	-12,964	-13,004	-13,068	-13,091	-13,104	-13,105	-13,108	-13,109	-13,119	-13,109	-13,082	-13,033	-12,949	-12,838	-0,265	-0,188	-0,169	-0,096	-0,072	-0,041	-0,024	-0,006	0,017	0,036	0,070	0,114	0,155	0,181	0,146	0,000	0,000
1,000	-16,528	-16,561	-16,503	-16,362	-16,237	-16,140	-16,085	-16,040	-15,998	-15,964	-15,920	-15,875	-15,823	-15,738	-15,628	-0,133	0,056	0,127	0,254	0,285	0,261	0,245	0,222	0,207	0,204	0,201	0,212	0,214	0,223	0,166	0,000	0,000
2,000	-10,247	-10,281	-10,254	-10,136	-10,034	-9,960	-9,915	-9,880	-9,830	-9,795	-9,735	-9,664	-9,562	-9,416	-9,253	-0,053	0,046	0,115	0,223	0,238	0,226	0,235	0,228	0,238	0,248	0,277	0,313	0,335	0,339	0,255	0,000	0,000
3,000	-20,834	-20,911	-20,860	-20,612	-20,411	-20,284	-20,217	-20,159	-20,112	-20,102	-20,063	-20,028	-19,986	-19,882	-19,772	-0,221	0,068	0,185	0,385	0,395	0,337	0,296	0,258	0,222	0,190	0,190	0,204	0,218	0,228	0,172	0,000	0,000
4,000	-11,009	-10,968	-10,825	-10,797	-10,772	-10,775	-10,780	-10,774	-10,779	-10,770	-10,734	-10,694	-10,602	-10,454	-10,265	-0,053	0,139	0,092	0,077	0,061	0,055	0,060	0,068	0,089	0,124	0,188	0,245	0,304	0,346	0,281	0,000	0,000
5,000	-8,009	-7,260	-7,192	-6,974	-6,911	-6,854	-6,824	-6,812	-6,776	-6,764	-6,728	-6,658	-6,567	-6,400	-6,195	2,387	1,336	0,980	0,549	0,399	0,288	0,262	0,241	0,233	0,231	0,268	0,311	0,361	0,386	0,305	0,000	0,000
6,000	-4,837	-4,462	-4,259	-4,056	-3,964	-3,916	-3,881	-3,859	-3,829	-3,800	-3,763	-3,714	-3,638	-3,515	-3,360	1,560	1,029	0,785	0,486	0,380	0,295	0,253	0,225	0,217	0,213	0,227	0,251	0,286	0,301	0,234	0,000	0,000
7,000	-6,975	-6,909	-6,888	-6,784	-6,722	-6,689	-6,670	-6,661	-6,637	-6,635	-6,622	-6,599	-6,576	-6,530	-6,483	0,137	0,111	0,139	0,155	0,134	0,105	0,098	0,089	0,087	0,081	0,080	0,090	0,097	0,105	0,076	0,000	0,000
8,000	-20,097	-20,336	-20,327	-20,493	-20,484	-20,542	-20,584	-20,608	-20,644	-20,693	-20,704	-20,725	-20,733	-20,686	-20,636	-0,435	-0,277	-0,263	-0,190	-0,159	-0,165	-0,156	-0,144	-0,129	-0,104	-0,065	-0,015	0,018	0,053	0,058	0,000	0,000
9,000	-9,757	-9,709	-9,635	-9,437	-9,294	-9,169	-9,100	-9,055	-8,995	-8,948	-8,892	-8,833	-8,748	-8,618	-8,464	0,052	0,153	0,241	0,355	0,366	0,336	0,321	0,290	0,277	0,273	0,282	0,295	0,312	0,312	0,238	0,000	0,000
10,000	-9,924	-9,912	-9,773	-9,613	-9,516	-9,476	-9,456	-9,429	-9,415	-9,407	-9,379	-9,334	-9,258	-9,146	-9,009	-0,017	0,200	0,212	0,232	0,199	0,173	0,160	0,144	0,138	0,151	0,179	0,202	0,244	0,264	0,211	0,000	0,000
11,000	-9,633	-9,507	-9,481	-9,351	-9,281	-9,236	-9,207	-9,192	-9,163	-9,160	-9,121	-9,084	-9,026	-8,933	-8,827	0,155	0,155	0,161	0,201	0,180	0,145	0,143	0,136	0,134	0,139	0,161	0,184	0,204	0,211	0,163	0,000	0,000
12,000	-17,277	-17,278	-17,192	-17,103	-17,031	-16,981	-16,959	-16,937	-16,906	-16,903	-16,861	-16,807	-16,724	-16,566	-16,390	0,049	0,140	0,153	0,177	0,166	0,161	0,156	0,157	0,167	0,171	0,215	0,261	0,309	0,339	0,269	0,000	0,000
13,000	-8,011	-8,133	-8,071	-8,109	-8,088	-8,074	-8,064	-8,047	-8,021	-7,995	-7,941	-7,873	-7,770	-7,604	-7,394	-0,088	-0,012	-0,010	0,018	0,054	0,085	0,105	0,127	0,157	0,192	0,250	0,302	0,353	0,376	0,306	0,000	0,000
14,000	-11,753	-11,671	-11,708	-11,669	-11,653	-11,637	-11,616	-11,607	-11,597	-11,595	-11,575	-11,529	-11,455	-11,315	-11,128	-0,136	-0,078	-0,033	0,041	0,057	0,064	0,068	0,072	0,089	0,114	0,162	0,217	0,282	0,325	0,266	0,000	0,000
15,000	-8,904	-9,070	-8,967	-8,988	-8,938	-8,940	-8,929	-8,915	-8,900	-8,898	-8,874	-8,844	-8,805	-8,736	-8,651	-0,279	-0,023	-0,038	0,027	0,040	0,050	0,053	0,064	0,071	0,089	0,103	0,121	0,147	0,154	0,123	0,000	0,000
	run	4	2022:11:08    11:21:17,493
0,000	-12,439	-12,519	-12,541	-12,616	-12,635	-12,645	-12,659	-12,659	-12,656	-12,661	-12,653	-12,625	-12,582	-12,495	-12,389	-0,263	-0,187	-0,153	-0,097	-0,069	-0,045	-0,018	-0,006	0,017	0,041	0,077	0,120	0,156	0,180	0,144	0,000	0,000
1,000	-16,138	-16,192	-16,135	-16,004	-15,893	-15,793	-15,748	-15,702	-15,656	-15,627	-15,580	-15,542	-15,481	-15,393	-15,290	-0,148	0,034	0,108	0,223	0,264	0,247	0,240	0,217	0,209	0,197	0,207	0,208	0,208	0,215	0,170	0,000	0,000
2,000	-10,224	-10,236	-10,212	-10,089	-9,981	-9,910	-9,866	-9,831	-9,780	-9,744	-9,687	-9,610	-9,518	-9,372	-9,215	-0,055	0,064	0,119	0,237	0,237	0,227	0,233	0,223	0,234	0,246	0,271	0,304	0,326	0,327	0,250	0,000	0,000
3,000	-20,964	-21,059	-21,010	-20,748	-20,549	-20,424	-20,354	-20,300	-20,253	-20,243	-20,202	-20,168	-20,119	-20,016	-19,905	-0,246	0,066	0,183	0,386	0,401	0,339	0,298	0,261	0,231	0,195	0,194	0,207	0,216	0,227	0,169	0,000	0,000
4,000	-11,290	-11,270	-11,118	-11,110	-11,075	-11,079	-11,087	-11,094	-11,095	-11,079	-11,041	-11,000	-10,906	-10,755	-10,556	-0,078	0,139	0,095	0,065	0,053	0,048	0,060	0,066	0,090	0,129	0,199	0,250	0,311	0,347	0,286	0,000	0,000
5,000	-8,213	-7,458	-7,380	-7,148	-7,084	-7,019	-6,987	-6,976	-6,938	-6,924	-6,889	-6,819	-6,719	-6,543	-6,327	2,443	1,359	1,010	0,562	0,414	0,303	0,271	0,246	0,238	0,243	0,277	0,322	0,378	0,406	0,322	0,000	0,000
6,000	-4,968	-4,588	-4,392	-4,177	-4,083	-4,028	-3,993	-3,969	-3,941	-3,912	-3,879	-3,822	-3,744	-3,615	-3,449	1,585	1,052	0,801	0,493	0,392	0,300	0,266	0,233	0,220	0,219	0,234	0,259	0,293	0,307	0,248	0,000	0,000
7,000	-7,225	-7,130	-7,084	-6,961	-6,903	-6,868	-6,845	-6,838	-6,817	-6,810	-6,794	-6,772	-6,745	-6,697	-6,645	0,146	0,153	0,169	0,177	0,145	0,115	0,106	0,098	0,091	0,078	0,093	0,094	0,105	0,106	0,084	0,000	0,000
8,000	-20,534	-20,795	-20,825	-20,983	-20,990	-21,050	-21,089	-21,118	-21,144	-21,204	-21,208	-21,235	-21,232	-21,190	-21,136	-0,450	-0,277	-0,292	-0,216	-0,171	-0,172	-0,161	-0,148	-0,128	-0,103	-0,059	-0,015	0,015	0,064	0,058	0,000	0,000
9,000	-9,883	-9,819	-9,725	-9,495	-9,355	-9,229	-9,160	-9,110	-9,056	-9,010	-8,949	-8,893	-8,799	-8,672	-8,512	0,063	0,197	0,274	0,380	0,380	0,346	0,327	0,300	0,284	0,280	0,287	0,300	0,325	0,322	0,248	0,000	0,000
10,000	-9,946	-9,944	-9,804	-9,630	-9,528	-9,489	-9,466	-9,449	-9,426	-9,419	-9,386	-9,351	-9,272	-9,154	-9,007	-0,011	0,207	0,223	0,241	0,204	0,181	0,162	0,151	0,144	0,158	0,180	0,209	0,256	0,269	0,216	0,000	0,000
11,000	-9,646	-9,517	-9,488	-9,347	-9,268	-9,227	-9,197	-9,183	-9,152	-9,145	-9,112	-9,069	-9,012	-8,916	-8,804	0,169	0,174	0,189	0,210	0,186	0,150	0,151	0,140	0,140	0,144	0,169	0,188	0,210	0,219	0,168	0,000	0,000
12,000	-17,472	-17,475	-17,393	-17,311	-17,229	-17,182	-17,161	-17,142	-17,109	-17,105	-17,061	-17,004	-16,922	-16,770	-16,594	0,039	0,134	0,145	0,176	0,165	0,152	0,154	0,155	0,158	0,172	0,217	0,260	0,309	0,342	0,264	0,000	0,000
13,000	-8,057	-8,188	-8,107	-8,154	-8,126	-8,119	-8,106	-8,092	-8,067	-8,037	-7,983	-7,921	-7,814	-7,651	-7,445	-0,096	-0,021	-0,011	0,018	0,059	0,088	0,107	0,126	0,153	0,195	0,248	0,296	0,358	0,380	0,307	0,000	0,000
14,000	-11,543	-11,458	-11,496	-11,454	-11,437	-11,414	-11,395	-11,385	-11,373	-11,371	-11,349	-11,320	-11,237	-11,106	-10,917	-0,109	-0,072	-0,019	0,044	0,053	0,053	0,068	0,069	0,087	0,115	0,161	0,218	0,278	0,314	0,262	0,000	0,000
15,000	-8,635	-8,803	-8,692	-8,720	-8,686	-8,686	-8,677	-8,660	-8,646	-8,644	-8,623	-8,589	-8,553	-8,488	-8,409	-0,318	-0,023	-0,044	0,020	0,030	0,044	0,045	0,062	0,067	0,083	0,098	0,117	0,139	0,148	0,119	0,000	0,000
	run	5	2022:11:08    11:21:17,541
0,000	-12,663	-12,754	-12,774	-12,856	-12,875	-12,888	-12,894	-12,898	-12,899	-12,904	-12,895	-12,868	-12,816	-12,737	-12,628	-0,270	-0,192	-0,160	-0,096	-0,074	-0,042	-0,023	-0,011	0,017	0,039	0,079	0,121	0,160	0,183	0,147	0,000	0,000
1,000	-16,122	-16,184	-16,125	-15,998	-15,872	-15,781	-15,722	-15,685	-15,638	-15,607	-15,557	-15,522	-15,472	-15,380	-15,284	-0,138	0,046	0,122	0,241	0,272	0,256	0,243	0,214	0,203	0,195	0,201	0,207	0,215	0,215	0,158	0,000	0,000
2,000	-10,224	-10,236	-10,212	-10,089	-9,981	-9,910	-9,866	-9,831	-9,780	-9,744	-9,687	-9,610	-9,518	-9,372	-9,215	-0,055	0,064	0,119	0,237	0,237	0,227	0,233	0,223	0,234	0,246	0,271	0,304	0,326	0,327	0,250	0,000	0,000
3,000	-20,964	-21,059	-21,010	-20,748	-20,549	-20,424	-20,354	-20,300	-20,253	-20,243	-20,202	-20,168	-20,119	-20,016	-19,905	-0,246	0,066	0,183	0,386	0,401	0,339	0,298	0,261	0,231	0,195	0,194	0,207	0,216	0,227	0,169	0,000	0,000
4,000	-11,290	-11,270	-11,118	-11,110	-11,075	-11,079	-11,087	-11,094	-11,095	-11,079	-11,041	-11,000	-10,906	-10,755	-10,556	-0,078	0,139	0,095	0,065	0,053	0,048	0,060	0,066	0,090	0,129	0,199	0,250	0,311	0,347	0,286	0,000	0,000
5,000	-8,213	-7,458	-7,380	-7,148	-7,084	-7,019	-6,987	-6,976	-6,938	-6,924	-6,889	-6,819	-6,719	-6,543	-6,327	2,443	1,359	1,010	0,562	0,414	0,303	0,271	0,246	0,238	0,243	0,277	0,322	0,378	0,406	0,322	0,000	0,000
6,000	-4,968	-4,588	-4,392	-4,177	-4,083	-4,028	-3,993	-3,969	-3,941	-3,912	-3,879	-3,822	-3,744	-3,615	-3,449	1,585	1,052	0,801	0,493	0,392	0,300	0,266	0,233	0,220	0,219	0,234	0,259	0,293	0,307	0,248	0,000	0,000
7,000	-7,225	-7,130	-7,084	-6,961	-6,903	-6,868	-6,845	-6,838	-6,817	-6,810	-6,794	-6,772	-6,745	-6,697	-6,645	0,146	0,153	0,169	0,177	0,145	0,115	0,106	0,098	0,091	0,078	0,093	0,094	0,105	0,106	0,084	0,000	0,000
8,000	-20,825	-21,093	-21,113	-21,291	-21,293	-21,345	-21,392	-21,432	-21,455	-21,510	-21,520	-21,537	-21,546	-21,501	-21,439	-0,479	-0,330	-0,319	-0,225	-0,180	-0,180	-0,166	-0,148	-0,134	-0,110	-0,063	-0,013	0,016	0,061	0,064	0,000	0,000
9,000	-9,996	-9,908	-9,815	-9,585	-9,435	-9,311	-9,239	-9,191	-9,133	-9,092	-9,024	-8,966	-8,874	-8,741	-8,576	0,103	0,229	0,293	0,385	0,382	0,351	0,329	0,301	0,285	0,278	0,292	0,307	0,329	0,330	0,251	0,000	0,000
10,000	-10,181	-10,147	-9,996	-9,809	-9,718	-9,674	-9,652	-9,632	-9,609	-9,600	-9,576	-9,528	-9,458	-9,335	-9,187	0,001	0,230	0,237	0,254	0,206	0,186	0,163	0,152	0,145	0,155	0,184	0,215	0,253	0,272	0,216	0,000	0,000
11,000	-9,768	-9,625	-9,599	-9,450	-9,381	-9,328	-9,306	-9,290	-9,260	-9,245	-9,217	-9,179	-9,116	-9,023	-8,910	0,179	0,175	0,193	0,216	0,189	0,154	0,148	0,140	0,144	0,149	0,169	0,191	0,211	0,220	0,169	0,000	0,000
12,000	-17,531	-17,531	-17,444	-17,363	-17,281	-17,233	-17,216	-17,184	-17,160	-17,153	-17,116	-17,056	-16,974	-16,813	-16,631	0,054	0,124	0,150	0,182	0,172	0,160	0,160	0,160	0,164	0,176	0,217	0,265	0,312	0,343	0,269	0,000	0,000
13,000	-7,982	-8,103	-8,040	-8,083	-8,058	-8,050	-8,036	-8,021	-7,993	-7,964	-7,918	-7,845	-7,742	-7,581	-7,366	-0,097	-0,018	-0,009	0,022	0,056	0,086	0,103	0,129	0,157	0,192	0,248	0,301	0,358	0,386	0,306	0,000	0,000
14,000	-11,514	-11,446	-11,482	-11,434	-11,420	-11,401	-11,378	-11,380	-11,368	-11,340	-11,323	-11,298	-11,222	-11,092	-10,904	-0,118	-0,077	-0,027	0,040	0,058	0,058	0,068	0,071	0,093	0,111	0,153	0,207	0,275	0,311	0,257	0,000	0,000
15,000	-8,698	-8,871	-8,750	-8,783	-8,738	-8,740	-8,736	-8,721	-8,700	-8,705	-8,678	-8,650	-8,612	-8,541	-8,465	-0,312	-0,029	-0,037	0,020	0,038	0,048	0,052	0,063	0,066	0,083	0,101	0,116	0,139	0,150	0,119	0,000	0,000
	run	6	2022:11:08    11:21:17,640
0,000	-13,053	-13,138	-13,169	-13,250	-13,262	-13,275	-13,283	-13,292	-13,293	-13,296	-13,288	-13,261	-13,215	-13,128	-13,018	-0,277	-0,197	-0,169	-0,102	-0,077	-0,051	-0,026	-0,005	0,013	0,040	0,074	0,113	0,156	0,185	0,148	0,000	0,000
1,000	-16,637	-16,690	-16,630	-16,482	-16,354	-16,257	-16,205	-16,161	-16,110	-16,081	-16,032	-15,989	-15,937	-15,850	-15,747	-0,128	0,066	0,133	0,255	0,281	0,265	0,253	0,230	0,216	0,203	0,205	0,214	0,213	0,224	0,166	0,000	0,000
2,000	-10,087	-10,112	-10,089	-9,981	-9,889	-9,812	-9,773	-9,736	-9,690	-9,655	-9,595	-9,527	-9,431	-9,295	-9,134	-0,070	0,038	0,101	0,204	0,231	0,211	0,222	0,217	0,232	0,239	0,269	0,302	0,323	0,325	0,248	0,000	0,000
3,000	-20,134	-20,243	-20,205	-19,996	-19,816	-19,693	-19,628	-19,570	-19,524	-19,512	-19,472	-19,440	-19,395	-19,295	-19,186	-0,259	0,010	0,118	0,327	0,351	0,315	0,279	0,245	0,217	0,185	0,182	0,199	0,210	0,225	0,168	0,000	0,000
4,000	-10,785	-10,745	-10,608	-10,575	-10,541	-10,541	-10,540	-10,540	-10,546	-10,529	-10,503	-10,458	-10,372	-10,228	-10,039	-0,057	0,149	0,096	0,084	0,068	0,059	0,065	0,069	0,087	0,124	0,179	0,241	0,298	0,331	0,275	0,000	0,000
5,000	-7,819	-7,090	-7,014	-6,805	-6,748	-6,690	-6,664	-6,654	-6,619	-6,612	-6,570	-6,505	-6,416	-6,257	-6,055	2,388	1,317	0,977	0,532	0,393	0,281	0,256	0,229	0,223	0,222	0,264	0,299	0,343	0,371	0,289	0,000	0,000
6,000	-4,900	-4,519	-4,317	-4,114	-4,016	-3,966	-3,935	-3,908	-3,880	-3,854	-3,812	-3,764	-3,684	-3,557	-3,394	1,579	1,045	0,790	0,493	0,384	0,299	0,257	0,235	0,217	0,224	0,229	0,263	0,295	0,308	0,241	0,000	0,000
7,000	-7,179	-7,083	-7,035	-6,916	-6,859	-6,819	-6,808	-6,789	-6,769	-6,766	-6,754	-6,730	-6,700	-6,654	-6,597	0,136	0,163	0,163	0,169	0,144	0,112	0,109	0,100	0,086	0,088	0,093	0,097	0,107	0,109	0,084	0,000	0,000
8,000	-20,734	-21,005	-21,037	-21,207	-21,206	-21,274	-21,312	-21,339	-21,367	-21,425	-21,436	-21,462	-21,454	-21,421	-21,362	-0,459	-0,313	-0,305	-0,210	-0,181	-0,180	-0,163	-0,158	-0,128	-0,109	-0,064	-0,025	0,013	0,059	0,063	0,000	0,000
9,000	-10,085	-9,992	-9,911	-9,669	-9,526	-9,396	-9,328	-9,274	-9,219	-9,171	-9,113	-9,052	-8,962	-8,827	-8,665	0,091	0,218	0,288	0,385	0,390	0,352	0,335	0,303	0,295	0,288	0,295	0,309	0,329	0,333	0,251	0,000	0,000
10,000	-10,165	-10,129	-9,979	-9,805	-9,708	-9,669	-9,646	-9,625	-9,602	-9,602	-9,573	-9,531	-9,456	-9,334	-9,193	-0,005	0,230	0,235	0,247	0,210	0,175	0,162	0,145	0,144	0,152	0,183	0,212	0,254	0,270	0,217	0,000	0,000
11,000	-9,732	-9,606	-9,568	-9,422	-9,349	-9,300	-9,279	-9,263	-9,233	-9,220	-9,189	-9,149	-9,095	-8,995	-8,885	0,178	0,174	0,193	0,209	0,188	0,152	0,149	0,137	0,138	0,146	0,166	0,189	0,206	0,220	0,166	0,000	0,000
12,000	-17,257	-17,254	-17,185	-17,104	-17,012	-16,970	-16,954	-16,932	-16,898	-16,893	-16,849	-16,795	-16,716	-16,563	-16,384	0,043	0,143	0,149	0,179	0,174	0,151	0,149	0,153	0,161	0,172	0,206	0,254	0,304	0,332	0,264	0,000	0,000
13,000	-8,012	-8,122	-8,063	-8,101	-8,074	-8,072	-8,056	-8,038	-8,013	-7,984	-7,928	-7,860	-7,758	-7,587	-7,378	-0,078	-0,016	-0,008	0,023	0,052	0,089	0,105	0,130	0,157	0,197	0,255	0,300	0,356	0,387	0,308	0,000	0,000
14,000	-11,782	-11,742	-11,755	-11,717	-11,709	-11,673	-11,664	-11,655	-11,647	-11,642	-11,620	-11,584	-11,506	-11,365	-11,174	-0,155	-0,094	-0,031	0,036	0,051	0,064	0,076	0,072	0,091	0,119	0,168	0,219	0,287	0,330	0,268	0,000	0,000
15,000	-9,074	-9,236	-9,131	-9,151	-9,104	-9,104	-9,098	-9,082	-9,064	-9,062	-9,043	-9,012	-8,969	-8,901	-8,821	-0,301	-0,025	-0,037	0,027	0,036	0,053	0,055	0,068	0,073	0,083	0,103	0,124	0,148	0,155	0,122	0,000	0,000
	run	7	2022:11:08    11:21:17,692
0,000	-13,053	-13,138	-13,169	-13,250	-13,262	-13,275	-13,283	-13,292	-13,293	-13,296	-13,288	-13,261	-13,215	-13,128	-13,018	-0,277	-0,197	-0,169	-0,102	-0,077	-0,051	-0,026	-0,005	0,013	0,040	0,074	0,113	0,156	0,185	0,148	0,000	0,000
1,000	-16,637	-16,690	-16,630	-16,482	-16,354	-16,257	-16,205	-16,161	-16,110	-16,081	-16,032	-15,989	-15,937	-15,850	-15,747	-0,128	0,066	0,133	0,255	0,281	0,265	0,253	0,230	0,216	0,203	0,205	0,214	0,213	0,224	0,166	0,000	0,000
2,000	-10,087	-10,112	-10,089	-9,981	-9,889	-9,812	-9,773	-9,736	-9,690	-9,655	-9,595	-9,527	-9,431	-9,295	-9,134	-0,070	0,038	0,101	0,204	0,231	0,211	0,222	0,217	0,232	0,239	0,269	0,302	0,323	0,325	0,248	0,000	0,000
3,000	-20,134	-20,243	-20,205	-19,996	-19,816	-19,693	-19,628	-19,570	-19,524	-19,512	-19,472	-19,440	-19,395	-19,295	-19,186	-0,259	0,010	0,118	0,327	0,351	0,315	0,279	0,245	0,217	0,185	0,182	0,199	0,210	0,225	0,168	0,000	0,000
4,000	-10,785	-10,745	-10,608	-10,575	-10,541	-10,541	-10,540	-10,540	-10,546	-10,529	-10,503	-10,458	-10,372	-10,228	-10,039	-0,057	0,149	0,096	0,084	0,068	0,059	0,065	0,069	0,087	0,124	0,179	0,241	0,298	0,331	0,275	0,000	0,000
5,000	-7,819	-7,090	-7,014	-6,805	-6,748	-6,690	-6,664	-6,654	-6,619	-6,612	-6,570	-6,505	-6,416	-6,257	-6,055	2,388	1,317	0,977	0,532	0,393	0,281	0,256	0,229	0,223	0,222	0,264	0,299	0,343	0,371	0,289	0,000	0,000
6,000	-4,766	-4,395	-4,200	-4,016	-3,923	-3,875	-3,843	-3,817	-3,789	-3,759	-3,728	-3,676	-3,602	-3,475	-3,310	1,564	1,015	0,772	0,472	0,368	0,293	0,258	0,225	0,218	0,216	0,225	0,256	0,284	0,303	0,238	0,000	0,000
7,000	-7,003	-6,934	-6,891	-6,786	-6,730	-6,697	-6,674	-6,664	-6,647	-6,642	-6,624	-6,599	-6,573	-6,519	-6,461	0,123	0,120	0,139	0,155	0,134	0,107	0,102	0,091	0,089	0,086	0,093	0,096	0,115	0,114	0,094	0,000	0,000
8,000	-20,408	-20,639	-20,660	-20,809	-20,797	-20,863	-20,897	-20,942	-20,962	-21,021	-21,031	-21,042	-21,049	-21,010	-20,950	-0,471	-0,270	-0,274	-0,210	-0,162	-0,169	-0,157	-0,142	-0,123	-0,103	-0,061	-0,020	0,017	0,060	0,061	0,000	0,000
9,000	-9,831	-9,766	-9,678	-9,459	-9,319	-9,195	-9,127	-9,076	-9,023	-8,976	-8,919	-8,854	-8,770	-8,642	-8,488	0,085	0,201	0,271	0,370	0,371	0,339	0,326	0,297	0,279	0,276	0,284	0,299	0,312	0,319	0,239	0,000	0,000
10,000	-9,985	-9,970	-9,818	-9,659	-9,560	-9,521	-9,495	-9,480	-9,454	-9,450	-9,419	-9,376	-9,308	-9,189	-9,047	-0,012	0,209	0,221	0,243	0,198	0,174	0,158	0,152	0,142	0,151	0,180	0,211	0,248	0,264	0,213	0,000	0,000
11,000	-9,525	-9,406	-9,384	-9,242	-9,177	-9,126	-9,102	-9,088	-9,057	-9,045	-9,013	-8,975	-8,920	-8,828	-8,713	0,155	0,158	0,175	0,199	0,182	0,146	0,143	0,138	0,137	0,136	0,157	0,186	0,203	0,211	0,163	0,000	0,000
12,000	-17,311	-17,300	-17,222	-17,151	-17,064	-17,019	-17,002	-16,975	-16,943	-16,944	-16,894	-16,843	-16,769	-16,606	-16,428	0,047	0,135	0,159	0,178	0,166	0,154	0,154	0,160	0,163	0,181	0,218	0,259	0,308	0,338	0,270	0,000	0,000
13,000	-8,083	-8,162	-8,118	-8,140	-8,125	-8,117	-8,103	-8,091	-8,058	-8,027	-7,978	-7,917	-7,800	-7,641	-7,422	-0,064	-0,012	-0,013	0,025	0,055	0,085	0,106	0,126	0,153	0,199	0,251	0,306	0,361	0,391	0,315	0,000	0,000
14,000	-12,202	-12,189	-12,184	-12,154	-12,141	-12,111	-12,098	-12,086	-12,077	-12,076	-12,041	-12,009	-11,926	-11,767	-11,569	-0,190	-0,072	-0,015	0,046	0,062	0,067	0,068	0,073	0,099	0,128	0,177	0,241	0,301	0,348	0,284	0,000	0,000
15,000	-9,348	-9,496	-9,375	-9,405	-9,360	-9,360	-9,355	-9,335	-9,321	-9,314	-9,292	-9,263	-9,215	-9,144	-9,063	-0,305	-0,025	-0,038	0,033	0,038	0,053	0,056	0,076	0,080	0,089	0,112	0,127	0,152	0,157	0,130	0,000	0,000
	run	8	2022:11:08    11:21:17,794
0,000	-13,674	-13,765	-13,807	-13,890	-13,917	-13,931	-13,938	-13,946	-13,944	-13,950	-13,940	-13,913	-13,862	-13,765	-13,644	-0,287	-0,218	-0,184	-0,116	-0,093	-0,057	-0,032	-0,012	0,019	0,042	0,080	0,131	0,176	0,202	0,161	0,000	0,000
1,000	-17,467	-17,499	-17,418	-17,221	-17,075	-16,962	-16,905	-16,857	-16,802	-16,778	-16,720	-16,682	-16,626	-16,531	-16,421	-0,066	0,128	0,197	0,324	0,337	0,302	0,282	0,254	0,234	0,221	0,221	0,229	0,229	0,235	0,180	0,000	0,000
2,000	-10,569	-10,608	-10,578	-10,439	-10,335	-10,265	-10,222	-10,179	-10,129	-10,097	-10,028	-9,962	-9,860	-9,701	-9,529	-0,047	0,055	0,122	0,232	0,243	0,229	0,239	0,237	0,244	0,264	0,291	0,329	0,348	0,356	0,270	0,000	0,000
3,000	-20,765	-20,850	-20,785	-20,529	-20,325	-20,193	-20,130	-20,071	-20,018	-20,012	-19,970	-19,932	-19,887	-19,787	-19,669	-0,220	0,070	0,193	0,399	0,399	0,345	0,306	0,269	0,236	0,200	0,194	0,206	0,217	0,231	0,173	0,000	0,000
4,000	-10,731	-10,682	-10,539	-10,506	-10,466	-10,467	-10,472	-10,478	-10,472	-10,463	-10,438	-10,389	-10,301	-10,161	-9,969	-0,033	0,153	0,103	0,088	0,067	0,064	0,059	0,068	0,090	0,127	0,183	0,235	0,295	0,331	0,276	0,000	0,000
5,000	-7,674	-6,925	-6,876	-6,659	-6,597	-6,544	-6,518	-6,507	-6,475	-6,463	-6,426	-6,364	-6,277	-6,114	-5,925	2,368	1,305	0,960	0,525	0,391	0,277	0,252	0,233	0,215	0,222	0,252	0,295	0,340	0,364	0,283	0,000	0,000
6,000	-4,704	-4,334	-4,159	-3,969	-3,888	-3,833	-3,804	-3,774	-3,756	-3,728	-3,696	-3,650	-3,569	-3,450	-3,302	1,527	0,993	0,749	0,465	0,363	0,289	0,250	0,227	0,206	0,213	0,216	0,243	0,269	0,286	0,227	0,000	0,000
7,000	-6,875	-6,788	-6,753	-6,674	-6,630	-6,599	-6,577	-6,566	-6,548	-6,542	-6,525	-6,509	-6,488	-6,441	-6,386	0,104	0,100	0,115	0,139	0,126	0,097	0,092	0,085	0,084	0,074	0,076	0,086	0,093	0,098	0,075	0,000	0,000
8,000	-19,729	-19,979	-19,964	-20,092	-20,099	-20,140	-20,177	-20,219	-20,245	-20,292	-20,317	-20,333	-20,331	-20,296	-20,240	-0,459	-0,257	-0,237	-0,169	-0,148	-0,156	-0,151	-0,143	-0,123	-0,100	-0,058	-0,021	0,012	0,055	0,059	0,000	0,000
9,000	-9,549	-9,508	-9,443	-9,261	-9,136	-9,021	-8,954	-8,905	-8,846	-8,804	-8,747	-8,691	-8,607	-8,485	-8,344	0,035	0,116	0,197	0,322	0,339	0,316	0,309	0,283	0,271	0,264	0,271	0,281	0,297	0,295	0,226	0,000	0,000
10,000	-9,601	-9,613	-9,486	-9,345	-9,261	-9,226	-9,202	-9,179	-9,161	-9,151	-9,128	-9,089	-9,015	-8,907	-8,767	-0,042	0,165	0,170	0,203	0,182	0,161	0,153	0,141	0,133	0,145	0,164	0,197	0,240	0,257	0,203	0,000	0,000
11,000	-9,493	-9,379	-9,372	-9,254	-9,179	-9,134	-9,112	-9,095	-9,065	-9,058	-9,026	-8,991	-8,932	-8,838	-8,733	0,135	0,129	0,152	0,178	0,171	0,136	0,136	0,129	0,136	0,137	0,160	0,180	0,198	0,209	0,161	0,000	0,000
12,000	-17,314	-17,302	-17,215	-17,140	-17,056	-17,015	-16,987	-16,962	-16,928	-16,926	-16,887	-16,826	-16,748	-16,592	-16,414	0,059	0,150	0,163	0,183	0,172	0,154	0,156	0,164	0,169	0,175	0,212	0,267	0,310	0,337	0,266	0,000	0,000
13,000	-8,179	-8,255	-8,207	-8,242	-8,219	-8,204	-8,192	-8,180	-8,157	-8,125	-8,078	-8,001	-7,900	-7,739	-7,523	-0,077	-0,013	-0,011	0,025	0,058	0,083	0,106	0,121	0,155	0,199	0,256	0,306	0,359	0,391	0,316	0,000	0,000
14,000	-12,246	-12,230	-12,246	-12,192	-12,186	-12,159	-12,152	-12,128	-12,127	-12,115	-12,093	-12,058	-11,960	-11,813	-11,619	-0,190	-0,068	-0,014	0,044	0,064	0,071	0,076	0,082	0,105	0,128	0,181	0,236	0,307	0,340	0,288	0,000	0,000
15,000	-9,397	-9,547	-9,441	-9,461	-9,415	-9,414	-9,406	-9,388	-9,377	-9,362	-9,342	-9,309	-9,264	-9,188	-9,099	-0,304	-0,024	-0,039	0,032	0,039	0,052	0,057	0,076	0,081	0,092	0,115	0,139	0,163	0,172	0,136	0,000	0,000
	run	9	2022:11:08    11:21:17,905
0,000	-13,418	-13,537	-13,571	-13,647	-13,675	-13,687	-13,693	-13,701	-13,702	-13,705	-13,695	-13,665	-13,614	-13,517	-13,401	-0,279	-0,224	-0,170	-0,119	-0,086	-0,054	-0,029	-0,013	0,015	0,044	0,087	0,132	0,172	0,203	0,165	0,000	0,000
1,000	-17,295	-17,327	-17,275	-17,073	-16,931	-16,820	-16,767	-16,717	-16,661	-16,636	-16,577	-16,538	-16,484	-16,380	-16,265	-0,102	0,108	0,185	0,314	0,333	0,294	0,281	0,249	0,237	0,218	0,226	0,229	0,235	0,237	0,183	0,000	0,000
2,000	-10,699	-10,739	-10,696	-10,554	-10,446	-10,367	-10,323	-10,288	-10,232	-10,197	-10,130	-10,051	-9,951	-9,786	-9,606	-0,024	0,084	0,144	0,246	0,260	0,241	0,251	0,243	0,249	0,269	0,304	0,335	0,364	0,370	0,279	0,000	0,000
3,000	-21,636	-21,678	-21,590	-21,275	-21,056	-20,924	-20,851	-20,799	-20,747	-20,738	-20,695	-20,662	-20,612	-20,504	-20,382	-0,165	0,141	0,283	0,453	0,444	0,365	0,320	0,279	0,245	0,203	0,204	0,220	0,229	0,239	0,187	0,000	0,000
4,000	-11,571	-11,537	-11,401	-11,387	-11,363	-11,375	-11,375	-11,381	-11,377	-11,358	-11,332	-11,275	-11,175	-11,021	-10,809	-0,055	0,136	0,075	0,052	0,047	0,053	0,063	0,072	0,091	0,139	0,207	0,271	0,332	0,369	0,300	0,000	0,000
5,000	-8,199	-7,451	-7,369	-7,132	-7,071	-7,012	-6,982	-6,972	-6,939	-6,928	-6,881	-6,821	-6,732	-6,554	-6,342	2,433	1,367	1,012	0,560	0,409	0,299	0,269	0,241	0,234	0,233	0,273	0,319	0,364	0,391	0,313	0,000	0,000
6,000	-4,807	-4,436	-4,237	-4,032	-3,945	-3,889	-3,854	-3,829	-3,804	-3,777	-3,737	-3,689	-3,623	-3,506	-3,357	1,538	1,020	0,774	0,482	0,372	0,297	0,256	0,225	0,205	0,204	0,216	0,245	0,272	0,283	0,228	0,000	0,000
7,000	-6,733	-6,662	-6,651	-6,576	-6,527	-6,504	-6,485	-6,476	-6,458	-6,448	-6,435	-6,421	-6,400	-6,355	-6,305	0,088	0,083	0,101	0,117	0,106	0,089	0,084	0,076	0,072	0,068	0,081	0,082	0,094	0,097	0,072	0,000	0,000
8,000	-19,318	-19,513	-19,494	-19,605	-19,596	-19,649	-19,687	-19,715	-19,746	-19,797	-19,806	-19,823	-19,823	-19,785	-19,742	-0,422	-0,235	-0,210	-0,151	-0,132	-0,141	-0,131	-0,127	-0,114	-0,093	-0,056	-0,013	0,019	0,057	0,055	0,000	0,000
9,000	-9,273	-9,246	-9,204	-9,044	-8,940	-8,822	-8,759	-8,712	-8,653	-8,616	-8,558	-8,506	-8,420	-8,302	-8,165	0,028	0,093	0,167	0,292	0,312	0,299	0,288	0,266	0,256	0,252	0,260	0,270	0,287	0,289	0,218	0,000	0,000
10,000	-9,551	-9,564	-9,446	-9,326	-9,240	-9,206	-9,184	-9,161	-9,146	-9,138	-9,110	-9,068	-9,005	-8,894	-8,765	-0,049	0,158	0,155	0,189	0,168	0,153	0,139	0,132	0,128	0,140	0,163	0,195	0,234	0,242	0,196	0,000	0,000
11,000	-9,491	-9,403	-9,389	-9,271	-9,212	-9,175	-9,146	-9,131	-9,102	-9,095	-9,059	-9,027	-8,974	-8,885	-8,780	0,122	0,125	0,147	0,173	0,163	0,131	0,129	0,120	0,132	0,133	0,154	0,173	0,191	0,205	0,154	0,000	0,000
12,000	-17,061	-17,053	-16,962	-16,882	-16,801	-16,755	-16,734	-16,713	-16,676	-16,680	-16,631	-16,576	-16,498	-16,341	-16,168	0,070	0,156	0,158	0,187	0,173	0,161	0,158	0,157	0,157	0,174	0,214	0,256	0,309	0,334	0,262	0,000	0,000
13,000	-8,071	-8,157	-8,105	-8,139	-8,120	-8,108	-8,098	-8,083	-8,064	-8,023	-7,976	-7,910	-7,807	-7,640	-7,439	-0,084	-0,022	-0,015	0,018	0,051	0,080	0,102	0,116	0,150	0,197	0,246	0,298	0,353	0,378	0,310	0,000	0,000
14,000	-12,094	-12,042	-12,080	-12,015	-12,009	-11,982	-11,963	-11,952	-11,948	-11,947	-11,920	-11,881	-11,784	-11,646	-11,448	-0,166	-0,083	-0,012	0,047	0,062	0,063	0,075	0,079	0,096	0,121	0,178	0,229	0,300	0,337	0,280	0,000	0,000
15,000	-9,221	-9,372	-9,267	-9,297	-9,244	-9,252	-9,240	-9,226	-9,209	-9,200	-9,179	-9,149	-9,101	-9,028	-8,941	-0,313	-0,027	-0,038	0,030	0,044	0,050	0,057	0,075	0,077	0,090	0,111	0,133	0,155	0,167	0,135	0,000	0,000
	run	10	2022:11:08    11:21:17,945
0,000	-13,183	-13,271	-13,301	-13,390	-13,410	-13,426	-13,436	-13,439	-13,437	-13,447	-13,430	-13,406	-13,355	-13,259	-13,143	-0,269	-0,197	-0,177	-0,115	-0,083	-0,056	-0,026	-0,009	0,016	0,043	0,085	0,129	0,173	0,197	0,163	0,000	0,000
1,000	-17,166	-17,196	-17,122	-16,959	-16,804	-16,693	-16,639	-16,593	-16,550	-16,510	-16,461	-16,413	-16,348	-16,257	-16,138	-0,102	0,083	0,161	0,297	0,319	0,298	0,281	0,243	0,232	0,226	0,224	0,231	0,241	0,244	0,182	0,000	0,000
2,000	-10,699	-10,739	-10,696	-10,554	-10,446	-10,367	-10,323	-10,288	-10,232	-10,197	-10,130	-10,051	-9,951	-9,786	-9,606	-0,024	0,084	0,144	0,246	0,260	0,241	0,251	0,243	0,249	0,269	0,304	0,335	0,364	0,370	0,279	0,000	0,000
3,000	-21,636	-21,678	-21,590	-21,275	-21,056	-20,924	-20,851	-20,799	-20,747	-20,738	-20,695	-20,662	-20,612	-20,504	-20,382	-0,165	0,141	0,283	0,453	0,444	0,365	0,320	0,279	0,245	0,203	0,204	0,220	0,229	0,239	0,187	0,000	0,000
4,000	-11,571	-11,537	-11,401	-11,387	-11,363	-11,375	-11,375	-11,381	-11,377	-11,358	-11,332	-11,275	-11,175	-11,021	-10,809	-0,055	0,136	0,075	0,052	0,047	0,053	0,063	0,072	0,091	0,139	0,207	0,271	0,332	0,369	0,300	0,000	0,000
5,000	-8,199	-7,451	-7,369	-7,132	-7,071	-7,012	-6,982	-6,972	-6,939	-6,928	-6,881	-6,821	-6,732	-6,554	-6,342	2,433	1,367	1,012	0,560	0,409	0,299	0,269	0,241	0,234	0,233	0,273	0,319	0,364	0,391	0,313	0,000	0,000
6,000	-4,807	-4,436	-4,237	-4,032	-3,945	-3,889	-3,854	-3,829	-3,804	-3,777	-3,737	-3,689	-3,623	-3,506	-3,357	1,538	1,020	0,774	0,482	0,372	0,297	0,256	0,225	0,205	0,204	0,216	0,245	0,272	0,283	0,228	0,000	0,000
7,000	-6,733	-6,662	-6,651	-6,576	-6,527	-6,504	-6,485	-6,476	-6,458	-6,448	-6,435	-6,421	-6,400	-6,355	-6,305	0,088	0,083	0,101	0,117	0,106	0,089	0,084	0,076	0,072	0,068	0,081	0,082	0,094	0,097	0,072	0,000	0,000
8,000	-19,332	-19,559	-19,541	-19,651	-19,633	-19,687	-19,724	-19,748	-19,779	-19,821	-19,839	-19,855	-19,858	-19,820	-19,769	-0,426	-0,228	-0,200	-0,146	-0,122	-0,136	-0,129	-0,127	-0,112	-0,094	-0,050	-0,016	0,016	0,058	0,058	0,000	0,000
9,000	-9,340	-9,325	-9,268	-9,103	-8,987	-8,876	-8,809	-8,761	-8,705	-8,662	-8,610	-8,550	-8,471	-8,355	-8,212	0,003	0,100	0,183	0,301	0,321	0,300	0,292	0,270	0,257	0,251	0,265	0,274	0,287	0,290	0,220	0,000	0,000
10,000	-9,636	-9,643	-9,536	-9,407	-9,317	-9,281	-9,259	-9,241	-9,218	-9,213	-9,187	-9,145	-9,077	-8,971	-8,840	-0,047	0,161	0,162	0,199	0,174	0,153	0,140	0,133	0,125	0,136	0,164	0,195	0,235	0,245	0,197	0,000	0,000
11,000	-9,445	-9,351	-9,341	-9,220	-9,161	-9,117	-9,093	-9,078	-9,053	-9,045	-9,011	-8,973	-8,924	-8,836	-8,731	0,116	0,119	0,130	0,167	0,161	0,132	0,128	0,127	0,126	0,124	0,151	0,175	0,192	0,199	0,151	0,000	0,000
12,000	-16,755	-16,749	-16,666	-16,584	-16,500	-16,460	-16,444	-16,415	-16,383	-16,384	-16,341	-16,284	-16,206	-16,061	-15,888	0,084	0,152	0,154	0,178	0,168	0,157	0,154	0,157	0,158	0,168	0,207	0,253	0,300	0,324	0,253	0,000	0,000
13,000	-7,867	-7,998	-7,927	-7,966	-7,948	-7,939	-7,928	-7,916	-7,886	-7,858	-7,806	-7,742	-7,643	-7,484	-7,278	-0,103	-0,026	-0,025	0,013	0,051	0,084	0,101	0,123	0,148	0,191	0,240	0,289	0,349	0,379	0,293	0,000	0,000
14,000	-11,783	-11,728	-11,772	-11,725	-11,711	-11,686	-11,667	-11,658	-11,652	-11,638	-11,628	-11,583	-11,507	-11,364	-11,163	-0,128	-0,075	-0,031	0,040	0,054	0,064	0,067	0,079	0,094	0,113	0,146	0,220	0,290	0,330	0,276	0,000	0,000
15,000	-9,034	-9,198	-9,091	-9,114	-9,066	-9,060	-9,056	-9,041	-9,024	-9,022	-8,999	-8,971	-8,926	-8,852	-8,772	-0,295	-0,020	-0,041	0,024	0,039	0,054	0,058	0,066	0,070	0,090	0,106	0,123	0,152	0,159	0,129	0,000	0,000
	run	11	2022:11:08    11:21:18,041
0,000	-13,246	-13,347	-13,358	-13,459	-13,484	-13,493	-13,508	-13,505	-13,510	-13,514	-13,501	-13,468	-13,419	-13,326	-13,206	-0,290	-0,217	-0,178	-0,114	-0,085	-0,055	-0,025	-0,008	0,014	0,043	0,082	0,135	0,173	0,201	0,165	0,000	0,000
1,000	-17,362	-17,392	-17,299	-17,117	-16,963	-16,858	-16,792	-16,743	-16,694	-16,659	-16,611	-16,567	-16,505	-16,407	-16,283	-0,098	0,108	0,198	0,321	0,334	0,310	0,286	0,253	0,245	0,229	0,228	0,234	0,241	0,245	0,188	0,000	0,000
2,000	-10,938	-10,943	-10,900	-10,757	-10,646	-10,567	-10,524	-10,478	-10,433	-10,393	-10,319	-10,237	-10,135	-9,967	-9,777	-0,033	0,087	0,163	0,261	0,261	0,245	0,252	0,255	0,260	0,278	0,311	0,348	0,375	0,386	0,293	0,000	0,000
3,000	-22,062	-22,060	-21,959	-21,635	-21,421	-21,289	-21,223	-21,167	-21,116	-21,105	-21,072	-21,038	-20,986	-20,882	-20,753	-0,102	0,212	0,313	0,466	0,442	0,369	0,323	0,277	0,241	0,201	0,196	0,210	0,227	0,243	0,189	0,000	0,000
4,000	-11,706	-11,692	-11,559	-11,564	-11,543	-11,546	-11,550	-11,553	-11,548	-11,531	-11,499	-11,445	-11,340	-11,175	-10,952	-0,066	0,110	0,067	0,048	0,049	0,050	0,063	0,074	0,102	0,153	0,219	0,276	0,347	0,385	0,322	0,000	0,000
5,000	-8,393	-7,635	-7,537	-7,306	-7,237	-7,175	-7,150	-7,135	-7,098	-7,088	-7,038	-6,969	-6,871	-6,690	-6,466	2,456	1,406	1,026	0,579	0,424	0,303	0,277	0,245	0,243	0,247	0,285	0,340	0,389	0,421	0,327	0,000	0,000
6,000	-4,933	-4,547	-4,340	-4,127	-4,034	-3,970	-3,947	-3,919	-3,891	-3,869	-3,822	-3,778	-3,700	-3,582	-3,422	1,567	1,054	0,798	0,495	0,383	0,297	0,263	0,235	0,214	0,216	0,239	0,254	0,288	0,301	0,241	0,000	0,000
7,000	-6,947	-6,865	-6,842	-6,753	-6,707	-6,670	-6,653	-6,641	-6,622	-6,614	-6,602	-6,582	-6,557	-6,515	-6,466	0,093	0,108	0,112	0,143	0,120	0,100	0,095	0,086	0,080	0,077	0,075	0,087	0,097	0,101	0,075	0,000	0,000
8,000	-19,784	-20,031	-20,017	-20,153	-20,143	-20,205	-20,243	-20,271	-20,299	-20,354	-20,369	-20,388	-20,394	-20,358	-20,306	-0,449	-0,251	-0,246	-0,176	-0,149	-0,160	-0,146	-0,142	-0,123	-0,107	-0,059	-0,018	0,007	0,053	0,059	0,000	0,000
9,000	-9,533	-9,494	-9,430	-9,249	-9,112	-8,994	-8,926	-8,874	-8,817	-8,774	-8,719	-8,663	-8,581	-8,461	-8,316	0,029	0,127	0,207	0,328	0,344	0,324	0,311	0,281	0,269	0,262	0,271	0,280	0,296	0,297	0,225	0,000	0,000
10,000	-9,529	-9,536	-9,425	-9,315	-9,236	-9,205	-9,183	-9,164	-9,147	-9,140	-9,115	-9,073	-9,006	-8,895	-8,769	-0,055	0,138	0,142	0,176	0,158	0,145	0,135	0,123	0,121	0,137	0,163	0,196	0,233	0,244	0,195	0,000	0,000
11,000	-9,330	-9,224	-9,222	-9,105	-9,040	-8,995	-8,975	-8,958	-8,937	-8,926	-8,894	-8,859	-8,802	-8,717	-8,621	0,122	0,109	0,125	0,166	0,156	0,131	0,127	0,127	0,126	0,130	0,146	0,174	0,188	0,200	0,152	0,000	0,000
12,000	-16,551	-16,548	-16,454	-16,373	-16,293	-16,256	-16,231	-16,206	-16,182	-16,182	-16,137	-16,078	-16,006	-15,866	-15,694	0,081	0,158	0,164	0,172	0,170	0,150	0,154	0,149	0,162	0,166	0,200	0,249	0,287	0,314	0,250	0,000	0,000
13,000	-7,742	-7,866	-7,805	-7,844	-7,823	-7,820	-7,812	-7,788	-7,768	-7,745	-7,687	-7,625	-7,525	-7,370	-7,173	-0,094	-0,033	-0,021	0,015	0,051	0,081	0,100	0,118	0,142	0,182	0,238	0,283	0,337	0,367	0,291	0,000	0,000
14,000	-11,522	-11,458	-11,489	-11,466	-11,440	-11,415	-11,408	-11,397	-11,392	-11,390	-11,362	-11,332	-11,248	-11,110	-10,915	-0,131	-0,079	-0,029	0,031	0,051	0,060	0,073	0,068	0,088	0,114	0,156	0,215	0,280	0,321	0,258	0,000	0,000
15,000	-8,968	-9,134	-9,016	-9,047	-8,994	-8,999	-8,992	-8,972	-8,961	-8,954	-8,929	-8,900	-8,856	-8,780	-8,694	-0,312	-0,028	-0,041	0,030	0,038	0,053	0,055	0,069	0,078	0,090	0,109	0,130	0,154	0,166	0,130	0,000	0,000
	run	12	2022:11:08    11:21:18,095
0,000	-13,246	-13,347	-13,358	-13,459	-13,484	-13,493	-13,508	-13,505	-13,510	-13,514	-13,501	-13,468	-13,419	-13,326	-13,206	-0,290	-0,217	-0,178	-0,114	-0,085	-0,055	-0,025	-0,008	0,014	0,043	0,082	0,135	0,173	0,201	0,165	0,000	0,000
1,000	-17,362	-17,392	-17,299	-17,117	-16,963	-16,858	-16,792	-16,743	-16,694	-16,659	-16,611	-16,567	-16,505	-16,407	-16,283	-0,098	0,108	0,198	0,321	0,334	0,310	0,286	0,253	0,245	0,229	0,228	0,234	0,241	0,245	0,188	0,000	0,000
2,000	-10,938	-10,943	-10,900	-10,757	-10,646	-10,567	-10,524	-10,478	-10,433	-10,393	-10,319	-10,237	-10,135	-9,967	-9,777	-0,033	0,087	0,163	0,261	0,261	0,245	0,252	0,255	0,260	0,278	0,311	0,348	0,375	0,386	0,293	0,000	0,000
3,000	-22,062	-22,060	-21,959	-21,635	-21,421	-21,289	-21,223	-21,167	-21,116	-21,105	-21,072	-21,038	-20,986	-20,882	-20,753	-0,102	0,212	0,313	0,466	0,442	0,369	0,323	0,277	0,241	0,201	0,196	0,210	0,227	0,243	0,189	0,000	0,000
4,000	-11,706	-11,692	-11,559	-11,564	-11,543	-11,546	-11,550	-11,553	-11,548	-11,531	-11,499	-11,445	-11,340	-11,175	-10,952	-0,066	0,110	0,067	0,048	0,049	0,050	0,063	0,074	0,102	0,153	0,219	0,276	0,347	0,385	0,322	0,000	0,000
5,000	-8,393	-7,635	-7,537	-7,306	-7,237	-7,175	-7,150	-7,135	-7,098	-7,088	-7,038	-6,969	-6,871	-6,690	-6,466	2,456	1,406	1,026	0,579	0,424	0,303	0,277	0,245	0,243	0,247	0,285	0,340	0,389	0,421	0,327	0,000	0,000
6,000	-4,965	-4,562	-4,374	-4,146	-4,051	-3,994	-3,967	-3,936	-3,911	-3,880	-3,843	-3,794	-3,718	-3,591	-3,426	1,597	1,062	0,822	0,499	0,388	0,302	0,266	0,229	0,224	0,221	0,236	0,260	0,290	0,307	0,251	0,000	0,000
7,000	-7,085	-6,983	-6,972	-6,850	-6,798	-6,767	-6,745	-6,733	-6,710	-6,705	-6,690	-6,670	-6,649	-6,602	-6,551	0,141	0,127	0,150	0,160	0,137	0,110	0,102	0,093	0,087	0,073	0,083	0,090	0,094	0,098	0,077	0,000	0,000
8,000	-20,167	-20,404	-20,400	-20,560	-20,557	-20,620	-20,666	-20,686	-20,713	-20,768	-20,789	-20,808	-20,812	-20,770	-20,717	-0,439	-0,271	-0,273	-0,196	-0,164	-0,171	-0,158	-0,150	-0,132	-0,107	-0,065	-0,022	0,012	0,049	0,056	0,000	0,000
9,000	-9,605	-9,562	-9,481	-9,280	-9,137	-9,020	-8,959	-8,904	-8,844	-8,804	-8,748	-8,687	-8,606	-8,482	-8,338	0,044	0,157	0,233	0,352	0,361	0,333	0,321	0,285	0,273	0,265	0,277	0,290	0,300	0,298	0,228	0,000	0,000
10,000	-9,545	-9,573	-9,456	-9,343	-9,262	-9,234	-9,210	-9,190	-9,165	-9,162	-9,141	-9,095	-9,028	-8,920	-8,788	-0,059	0,146	0,152	0,185	0,161	0,149	0,135	0,130	0,128	0,138	0,162	0,189	0,236	0,246	0,196	0,000	0,000
11,000	-9,233	-9,138	-9,138	-9,020	-8,955	-8,914	-8,886	-8,873	-8,847	-8,831	-8,798	-8,763	-8,714	-8,630	-8,529	0,118	0,114	0,136	0,165	0,159	0,132	0,132	0,125	0,130	0,132	0,152	0,167	0,190	0,197	0,148	0,000	0,000
12,000	-16,497	-16,491	-16,408	-16,320	-16,241	-16,203	-16,184	-16,170	-16,134	-16,132	-16,108	-16,045	-15,966	-15,820	-15,656	0,076	0,153	0,167	0,176	0,163	0,151	0,149	0,149	0,155	0,171	0,196	0,247	0,284	0,314	0,251	0,000	0,000
13,000	-7,724	-7,844	-7,772	-7,826	-7,795	-7,794	-7,784	-7,767	-7,744	-7,719	-7,666	-7,599	-7,502	-7,347	-7,154	-0,101	-0,027	-0,018	0,013	0,045	0,079	0,094	0,117	0,144	0,184	0,229	0,279	0,335	0,359	0,289	0,000	0,000
14,000	-11,552	-11,509	-11,525	-11,488	-11,476	-11,451	-11,430	-11,427	-11,422	-11,413	-11,391	-11,354	-11,271	-11,135	-10,947	-0,136	-0,084	-0,032	0,039	0,056	0,056	0,070	0,070	0,084	0,119	0,164	0,219	0,288	0,320	0,271	0,000	0,000
15,000	-9,034	-9,202	-9,092	-9,117	-9,070	-9,069	-9,061	-9,045	-9,026	-9,017	-9,001	-8,967	-8,927	-8,849	-8,766	-0,317	-0,030	-0,036	0,028	0,038	0,057	0,058	0,071	0,082	0,091	0,108	0,129	0,156	0,162	0,131	0,000	0,000
	run	13	2022:11:08    11:21:18,193
0,000	-13,301	-13,379	-13,411	-13,486	-13,510	-13,530	-13,537	-13,535	-13,531	-13,546	-13,535	-13,501	-13,455	-13,366	-13,252	-0,294	-0,200	-0,185	-0,110	-0,084	-0,056	-0,027	-0,016	0,015	0,044	0,085	0,127	0,167	0,191	0,158	0,000	0,000
1,000	-16,985	-17,025	-16,958	-16,788	-16,654	-16,547	-16,491	-16,450	-16,401	-16,368	-16,315	-16,274	-16,218	-16,120	-16,014	-0,118	0,085	0,151	0,283	0,305	0,281	0,266	0,236	0,225	0,211	0,218	0,224	0,225	0,229	0,174	0,000	0,000
2,000	-10,270	-10,302	-10,275	-10,164	-10,063	-9,992	-9,948	-9,913	-9,863	-9,829	-9,763	-9,689	-9,597	-9,452	-9,283	-0,055	0,043	0,113	0,211	0,233	0,217	0,227	0,227	0,238	0,248	0,277	0,307	0,332	0,339	0,256	0,000	0,000
3,000	-20,327	-20,427	-20,402	-20,162	-19,979	-19,856	-19,780	-19,725	-19,675	-19,665	-19,629	-19,591	-19,548	-19,445	-19,328	-0,267	0,026	0,148	0,359	0,373	0,322	0,294	0,251	0,225	0,185	0,189	0,209	0,209	0,229	0,169	0,000	0,000
4,000	-11,324	-11,286	-11,163	-11,139	-11,110	-11,117	-11,126	-11,121	-11,120	-11,108	-11,080	-11,027	-10,934	-10,778	-10,568	-0,057	0,139	0,086	0,069	0,055	0,051	0,063	0,069	0,093	0,148	0,198	0,258	0,322	0,365	0,300	0,000	0,000
5,000	-8,136	-7,395	-7,315	-7,093	-7,029	-6,965	-6,936	-6,928	-6,891	-6,883	-6,845	-6,777	-6,677	-6,507	-6,295	2,414	1,360	0,999	0,552	0,410	0,294	0,273	0,244	0,238	0,236	0,277	0,316	0,369	0,398	0,313	0,000	0,000
6,000	-4,910	-4,519	-4,324	-4,112	-4,019	-3,967	-3,933	-3,907	-3,887	-3,855	-3,813	-3,771	-3,691	-3,570	-3,412	1,583	1,042	0,784	0,491	0,381	0,299	0,258	0,225	0,215	0,211	0,228	0,252	0,283	0,299	0,238	0,000	0,000
7,000	-7,072	-6,971	-6,936	-6,840	-6,782	-6,747	-6,726	-6,720	-6,693	-6,690	-6,673	-6,650	-6,629	-6,578	-6,531	0,119	0,121	0,141	0,163	0,132	0,115	0,100	0,092	0,092	0,080	0,092	0,094	0,102	0,103	0,078	0,000	0,000
8,000	-20,160	-20,398	-20,403	-20,563	-20,560	-20,621	-20,658	-20,689	-20,721	-20,762	-20,784	-20,801	-20,807	-20,767	-20,712	-0,456	-0,272	-0,261	-0,198	-0,156	-0,172	-0,154	-0,143	-0,127	-0,104	-0,062	-0,026	0,012	0,060	0,057	0,000	0,000
9,000	-9,730	-9,658	-9,586	-9,370	-9,222	-9,105	-9,036	-8,983	-8,933	-8,885	-8,822	-8,767	-8,682	-8,556	-8,408	0,071	0,162	0,245	0,365	0,368	0,336	0,324	0,288	0,278	0,268	0,283	0,290	0,305	0,312	0,232	0,000	0,000
10,000	-9,823	-9,831	-9,701	-9,561	-9,472	-9,427	-9,407	-9,388	-9,368	-9,362	-9,331	-9,294	-9,220	-9,108	-8,974	-0,037	0,172	0,189	0,216	0,188	0,161	0,145	0,141	0,134	0,147	0,170	0,201	0,239	0,252	0,203	0,000	0,000
11,000	-9,440	-9,337	-9,320	-9,191	-9,126	-9,081	-9,056	-9,038	-9,014	-9,001	-8,971	-8,928	-8,876	-8,786	-8,685	0,136	0,133	0,155	0,187	0,172	0,141	0,140	0,133	0,134	0,132	0,154	0,178	0,197	0,207	0,157	0,000	0,000
12,000	-16,841	-16,831	-16,742	-16,667	-16,590	-16,540	-16,525	-16,500	-16,473	-16,473	-16,423	-16,376	-16,291	-16,144	-15,976	0,068	0,143	0,165	0,176	0,168	0,152	0,150	0,153	0,158	0,173	0,206	0,254	0,296	0,324	0,254	0,000	0,000
13,000	-7,890	-8,001	-7,937	-7,971	-7,954	-7,948	-7,937	-7,916	-7,896	-7,859	-7,814	-7,744	-7,643	-7,484	-7,278	-0,086	-0,028	-0,009	0,022	0,049	0,082	0,101	0,121	0,153	0,191	0,240	0,296	0,348	0,377	0,297	0,000	0,000
14,000	-11,847	-11,814	-11,838	-11,798	-11,775	-11,753	-11,734	-11,731	-11,722	-11,717	-11,685	-11,657	-11,568	-11,422	-11,236	-0,158	-0,065	-0,022	0,037	0,046	0,055	0,068	0,075	0,088	0,121	0,167	0,228	0,294	0,330	0,275	0,000	0,000
15,000	-9,177	-9,349	-9,238	-9,257	-9,208	-9,214	-9,210	-9,191	-9,176	-9,163	-9,150	-9,113	-9,073	-8,997	-8,915	-0,312	-0,015	-0,038	0,031	0,040	0,056	0,060	0,072	0,075	0,093	0,110	0,129	0,149	0,160	0,130	0,000	0,000
	run	14	2022:11:08    11:21:18,295
0,000	-13,275	-13,361	-13,401	-13,473	-13,491	-13,506	-13,513	-13,515	-13,516	-13,526	-13,514	-13,486	-13,439	-13,352	-13,240	-0,285	-0,202	-0,164	-0,102	-0,080	-0,050	-0,020	-0,007	0,014	0,037	0,076	0,127	0,163	0,191	0,151	0,000	0,000
1,000	-16,653	-16,704	-16,645	-16,485	-16,364	-16,261	-16,213	-16,166	-16,121	-16,086	-16,042	-15,998	-15,944	-15,851	-15,747	-0,125	0,067	0,139	0,263	0,285	0,268	0,257	0,228	0,216	0,207	0,211	0,217	0,221	0,225	0,171	0,000	0,000
2,000	-10,062	-10,104	-10,080	-9,978	-9,881	-9,816	-9,769	-9,731	-9,685	-9,652	-9,593	-9,527	-9,429	-9,285	-9,129	-0,062	0,033	0,100	0,207	0,223	0,218	0,224	0,215	0,226	0,236	0,269	0,300	0,322	0,324	0,245	0,000	0,000
3,000	-19,976	-20,075	-20,055	-19,843	-19,671	-19,547	-19,479	-19,428	-19,372	-19,366	-19,334	-19,292	-19,251	-19,156	-19,048	-0,269	0,008	0,107	0,329	0,354	0,305	0,274	0,241	0,216	0,189	0,181	0,196	0,211	0,213	0,162	0,000	0,000
4,000	-10,677	-10,628	-10,487	-10,457	-10,414	-10,420	-10,416	-10,416	-10,423	-10,404	-10,378	-10,335	-10,249	-10,109	-9,921	-0,037	0,154	0,098	0,085	0,068	0,058	0,065	0,070	0,087	0,124	0,181	0,236	0,293	0,332	0,269	0,000	0,000
5,000	-7,702	-6,965	-6,896	-6,695	-6,629	-6,578	-6,549	-6,540	-6,505	-6,496	-6,453	-6,395	-6,304	-6,149	-5,955	2,368	1,299	0,961	0,532	0,387	0,278	0,255	0,230	0,226	0,215	0,251	0,292	0,339	0,362	0,290	0,000	0,000
6,000	-4,678	-4,333	-4,144	-3,963	-3,872	-3,818	-3,788	-3,768	-3,739	-3,711	-3,670	-3,631	-3,552	-3,436	-3,277	1,512	0,997	0,761	0,462	0,361	0,284	0,252	0,219	0,205	0,202	0,205	0,246	0,279	0,293	0,228	0,000	0,000
7,000	-6,856	-6,752	-6,726	-6,633	-6,586	-6,552	-6,534	-6,518	-6,504	-6,494	-6,480	-6,464	-6,437	-6,391	-6,342	0,109	0,111	0,114	0,144	0,117	0,099	0,093	0,087	0,084	0,070	0,077	0,087	0,095	0,103	0,071	0,000	0,000
8,000	-20,098	-20,338	-20,340	-20,478	-20,469	-20,524	-20,565	-20,600	-20,625	-20,680	-20,692	-20,705	-20,707	-20,671	-20,613	-0,435	-0,262	-0,259	-0,183	-0,153	-0,160	-0,147	-0,144	-0,124	-0,106	-0,058	-0,020	0,014	0,060	0,060	0,000	0,000
9,000	-9,731	-9,684	-9,604	-9,405	-9,270	-9,144	-9,079	-9,025	-8,968	-8,931	-8,866	-8,808	-8,721	-8,596	-8,442	0,043	0,149	0,232	0,346	0,360	0,332	0,319	0,291	0,278	0,270	0,280	0,286	0,308	0,305	0,234	0,000	0,000
10,000	-9,878	-9,880	-9,742	-9,586	-9,489	-9,456	-9,429	-9,409	-9,386	-9,380	-9,352	-9,302	-9,237	-9,122	-8,983	-0,028	0,187	0,199	0,233	0,195	0,169	0,153	0,139	0,136	0,145	0,177	0,209	0,248	0,262	0,207	0,000	0,000
11,000	-9,612	-9,497	-9,483	-9,347	-9,279	-9,226	-9,206	-9,191	-9,161	-9,150	-9,119	-9,077	-9,025	-8,927	-8,818	0,148	0,150	0,172	0,196	0,178	0,150	0,148	0,137	0,135	0,139	0,164	0,181	0,202	0,218	0,162	0,000	0,000
12,000	-17,454	-17,443	-17,364	-17,280	-17,198	-17,156	-17,136	-17,113	-17,074	-17,071	-17,037	-16,973	-16,893	-16,732	-16,555	0,072	0,147	0,158	0,178	0,172	0,159	0,163	0,157	0,164	0,179	0,223	0,265	0,315	0,339	0,271	0,000	0,000
13,000	-8,207	-8,276	-8,235	-8,271	-8,240	-8,227	-8,219	-8,198	-8,180	-8,141	-8,092	-8,017	-7,911	-7,743	-7,525	-0,049	-0,013	0,000	0,030	0,057	0,080	0,107	0,130	0,157	0,207	0,259	0,311	0,368	0,397	0,321	0,000	0,000
14,000	-12,285	-12,276	-12,268	-12,225	-12,197	-12,182	-12,162	-12,154	-12,141	-12,149	-12,119	-12,083	-11,996	-11,845	-11,645	-0,176	-0,073	-0,028	0,046	0,057	0,067	0,074	0,081	0,102	0,120	0,179	0,227	0,295	0,337	0,276	0,000	0,000
15,000	-9,205	-9,396	-9,278	-9,300	-9,256	-9,255	-9,250	-9,228	-9,217	-9,204	-9,185	-9,156	-9,114	-9,045	-8,959	-0,325	-0,024	-0,039	0,026	0,041	0,051	0,056	0,072	0,080	0,091	0,106	0,127	0,152	0,160	0,126	0,000	0,000
	run	15	2022:11:08    11:21:18,359
0,000	-13,091	-13,180	-13,217	-13,285	-13,302	-13,316	-13,320	-13,331	-13,326	-13,328	-13,321	-13,297	-13,250	-13,159	-13,047	-0,264	-0,181	-0,167	-0,095	-0,070	-0,048	-0,025	-0,005	0,011	0,045	0,080	0,122	0,158	0,185	0,155	0,000	0,000
1,000	-16,479	-16,535	-16,477	-16,330	-16,200	-16,110	-16,054	-16,016	-15,963	-15,929	-15,887	-15,849	-15,792	-15,706	-15,603	-0,127	0,063	0,118	0,252	0,280	0,260	0,247	0,220	0,213	0,199	0,204	0,207	0,214	0,213	0,161	0,000	0,000
2,000	-10,062	-10,104	-10,080	-9,978	-9,881	-9,816	-9,769	-9,731	-9,685	-9,652	-9,593	-9,527	-9,429	-9,285	-9,129	-0,062	0,033	0,100	0,207	0,223	0,218	0,224	0,215	0,226	0,236	0,269	0,300	0,322	0,324	0,245	0,000	0,000
3,000	-19,976	-20,075	-20,055	-19,843	-19,671	-19,547	-19,479	-19,428	-19,372	-19,366	-19,334	-19,292	-19,251	-19,156	-19,048	-0,269	0,008	0,107	0,329	0,354	0,305	0,274	0,241	0,216	0,189	0,181	0,196	0,211	0,213	0,162	0,000	0,000
4,000	-10,677	-10,628	-10,487	-10,457	-10,414	-10,420	-10,416	-10,416	-10,423	-10,404	-10,378	-10,335	-10,249	-10,109	-9,921	-0,037	0,154	0,098	0,085	0,068	0,058	0,065	0,070	0,087	0,124	0,181	0,236	0,293	0,332	0,269	0,000	0,000
5,000	-7,702	-6,965	-6,896	-6,695	-6,629	-6,578	-6,549	-6,540	-6,505	-6,496	-6,453	-6,395	-6,304	-6,149	-5,955	2,368	1,299	0,961	0,532	0,387	0,278	0,255	0,230	0,226	0,215	0,251	0,292	0,339	0,362	0,290	0,000	0,000
6,000	-4,678	-4,333	-4,144	-3,963	-3,872	-3,818	-3,788	-3,768	-3,739	-3,711	-3,670	-3,631	-3,552	-3,436	-3,277	1,512	0,997	0,761	0,462	0,361	0,284	0,252	0,219	0,205	0,202	0,205	0,246	0,279	0,293	0,228	0,000	0,000
7,000	-6,856	-6,752	-6,726	-6,633	-6,586	-6,552	-6,534	-6,518	-6,504	-6,494	-6,480	-6,464	-6,437	-6,391	-6,342	0,109	0,111	0,114	0,144	0,117	0,099	0,093	0,087	0,084	0,070	0,077	0,087	0,095	0,103	0,071	0,000	0,000
8,000	-19,840	-20,094	-20,092	-20,236	-20,221	-20,287	-20,325	-20,352	-20,377	-20,427	-20,442	-20,460	-20,472	-20,430	-20,369	-0,437	-0,253	-0,248	-0,180	-0,152	-0,156	-0,144	-0,138	-0,120	-0,108	-0,057	-0,024	0,017	0,061	0,065	0,000	0,000
9,000	-9,684	-9,639	-9,582	-9,383	-9,239	-9,127	-9,058	-9,003	-8,949	-8,900	-8,846	-8,783	-8,705	-8,577	-8,423	0,024	0,140	0,228	0,341	0,356	0,335	0,318	0,290	0,280	0,271	0,278	0,289	0,309	0,313	0,236	0,000	0,000
10,000	-9,937	-9,908	-9,767	-9,594	-9,492	-9,450	-9,431	-9,411	-9,387	-9,382	-9,356	-9,306	-9,235	-9,119	-8,972	-0,014	0,213	0,227	0,243	0,205	0,174	0,163	0,147	0,140	0,158	0,180	0,216	0,252	0,267	0,214	0,000	0,000
11,000	-9,777	-9,656	-9,629	-9,487	-9,410	-9,372	-9,340	-9,324	-9,299	-9,289	-9,258	-9,213	-9,155	-9,054	-8,943	0,172	0,180	0,188	0,206	0,183	0,152	0,148	0,141	0,141	0,146	0,168	0,186	0,210	0,220	0,168	0,000	0,000
12,000	-17,951	-17,944	-17,861	-17,788	-17,695	-17,648	-17,627	-17,609	-17,573	-17,566	-17,514	-17,459	-17,369	-17,204	-17,021	0,050	0,137	0,149	0,186	0,171	0,167	0,167	0,166	0,169	0,186	0,227	0,284	0,326	0,355	0,282	0,000	0,000
13,000	-8,414	-8,484	-8,442	-8,461	-8,446	-8,433	-8,425	-8,406	-8,380	-8,343	-8,289	-8,222	-8,114	-7,935	-7,716	-0,066	-0,012	-0,001	0,035	0,055	0,089	0,111	0,130	0,161	0,207	0,268	0,320	0,373	0,406	0,326	0,000	0,000
14,000	-12,378	-12,367	-12,362	-12,317	-12,307	-12,282	-12,258	-12,244	-12,243	-12,237	-12,227	-12,169	-12,091	-11,944	-11,735	-0,186	-0,065	-0,016	0,051	0,059	0,072	0,073	0,075	0,106	0,124	0,171	0,235	0,315	0,352	0,284	0,000	0,000
15,000	-9,143	-9,295	-9,183	-9,208	-9,158	-9,168	-9,158	-9,141	-9,123	-9,116	-9,098	-9,070	-9,024	-8,958	-8,876	-0,302	-0,034	-0,036	0,022	0,040	0,048	0,054	0,068	0,075	0,085	0,111	0,122	0,146	0,157	0,126	0,000	0,000
	run	16	2022:11:08    11:21:18,457
0,000	-12,843	-12,926	-12,970	-13,042	-13,070	-13,079	-13,080	-13,088	-13,085	-13,091	-13,083	-13,050	-13,006	-12,921	-12,816	-0,268	-0,198	-0,164	-0,106	-0,076	-0,048	-0,023	-0,010	0,016	0,038	0,076	0,114	0,157	0,181	0,147	0,000	0,000
1,000	-16,465	-16,529	-16,458	-16,320	-16,196	-16,098	-16,048	-15,999	-15,950	-15,924	-15,871	-15,834	-15,782	-15,698	-15,593	-0,132	0,062	0,121	0,254	0,278	0,258	0,251	0,223	0,210	0,203	0,206	0,210	0,212	0,211	0,167	0,000	0,000
2,000	-10,133	-10,173	-10,149	-10,033	-9,928	-9,859	-9,821	-9,782	-9,739	-9,703	-9,644	-9,571	-9,479	-9,337	-9,177	-0,054	0,036	0,107	0,208	0,230	0,217	0,226	0,222	0,230	0,242	0,273	0,298	0,323	0,329	0,247	0,000	0,000
3,000	-20,336	-20,446	-20,401	-20,182	-19,991	-19,871	-19,799	-19,747	-19,694	-19,689	-19,654	-19,618	-19,568	-19,472	-19,362	-0,267	0,019	0,141	0,349	0,370	0,320	0,289	0,250	0,220	0,191	0,188	0,200	0,204	0,218	0,163	0,000	0,000
4,000	-10,958	-10,913	-10,767	-10,748	-10,712	-10,710	-10,717	-10,718	-10,716	-10,708	-10,680	-10,632	-10,545	-10,399	-10,203	-0,046	0,148	0,094	0,079	0,064	0,054	0,061	0,072	0,089	0,130	0,189	0,243	0,301	0,339	0,274	0,000	0,000
5,000	-7,955	-7,204	-7,146	-6,913	-6,864	-6,802	-6,776	-6,763	-6,725	-6,718	-6,674	-6,612	-6,521	-6,350	-6,147	2,391	1,318	0,981	0,546	0,400	0,287	0,263	0,238	0,228	0,228	0,260	0,312	0,354	0,385	0,302	0,000	0,000
6,000	-4,704	-4,345	-4,163	-3,971	-3,887	-3,829	-3,801	-3,771	-3,747	-3,717	-3,685	-3,640	-3,562	-3,445	-3,284	1,530	0,998	0,758	0,465	0,366	0,284	0,251	0,219	0,207	0,212	0,224	0,246	0,278	0,293	0,237	0,000	0,000
7,000	-6,903	-6,836	-6,793	-6,701	-6,651	-6,617	-6,599	-6,586	-6,569	-6,566	-6,548	-6,525	-6,498	-6,452	-6,402	0,108	0,115	0,122	0,145	0,123	0,105	0,099	0,088	0,083	0,083	0,089	0,095	0,100	0,106	0,077	0,000	0,000
8,000	-20,041	-20,273	-20,293	-20,432	-20,427	-20,479	-20,517	-20,544	-20,571	-20,624	-20,641	-20,651	-20,662	-20,620	-20,561	-0,423	-0,264	-0,251	-0,191	-0,148	-0,160	-0,146	-0,138	-0,120	-0,094	-0,057	-0,016	0,022	0,070	0,060	0,000	0,000
9,000	-9,820	-9,762	-9,693	-9,471	-9,334	-9,217	-9,149	-9,095	-9,038	-8,990	-8,936	-8,873	-8,779	-8,661	-8,502	0,063	0,162	0,238	0,360	0,363	0,334	0,322	0,299	0,281	0,269	0,289	0,298	0,314	0,318	0,239	0,000	0,000
10,000	-10,115	-10,072	-9,922	-9,733	-9,628	-9,592	-9,571	-9,557	-9,527	-9,525	-9,493	-9,449	-9,378	-9,255	-9,114	0,024	0,244	0,249	0,259	0,216	0,182	0,161	0,152	0,144	0,161	0,180	0,212	0,255	0,273	0,211	0,000	0,000
11,000	-9,878	-9,752	-9,713	-9,575	-9,501	-9,450	-9,424	-9,413	-9,376	-9,372	-9,339	-9,293	-9,238	-9,135	-9,020	0,193	0,181	0,199	0,209	0,189	0,153	0,146	0,145	0,146	0,144	0,171	0,187	0,214	0,227	0,176	0,000	0,000
12,000	-18,024	-18,016	-17,931	-17,850	-17,772	-17,731	-17,698	-17,682	-17,640	-17,639	-17,597	-17,531	-17,446	-17,282	-17,089	0,046	0,134	0,146	0,188	0,181	0,167	0,168	0,166	0,172	0,190	0,235	0,283	0,328	0,359	0,282	0,000	0,000
13,000	-8,280	-8,402	-8,329	-8,357	-8,336	-8,328	-8,321	-8,292	-8,278	-8,249	-8,193	-8,121	-8,014	-7,838	-7,619	-0,090	-0,008	-0,004	0,025	0,057	0,091	0,112	0,137	0,159	0,210	0,256	0,311	0,372	0,407	0,323	0,000	0,000
14,000	-12,015	-11,945	-11,994	-11,934	-11,915	-11,894	-11,875	-11,875	-11,868	-11,864	-11,834	-11,800	-11,713	-11,567	-11,377	-0,119	-0,070	-0,023	0,047	0,067	0,063	0,071	0,084	0,096	0,121	0,167	0,213	0,296	0,336	0,272	0,000	0,000
15,000	-8,958	-9,127	-9,021	-9,044	-9,004	-9,003	-8,997	-8,976	-8,964	-8,952	-8,936	-8,908	-8,863	-8,797	-8,719	-0,308	-0,031	-0,036	0,023	0,040	0,049	0,050	0,065	0,073	0,084	0,103	0,121	0,148	0,154	0,127	0,000	0,000
	run	17	2022:11:08    11:21:18,516
0,000	-12,843	-12,926	-12,970	-13,042	-13,070	-13,079	-13,080	-13,088	-13,085	-13,091	-13,083	-13,050	-13,006	-12,921	-12,816	-0,268	-0,198	-0,164	-0,106	-0,076	-0,048	-0,023	-0,010	0,016	0,038	0,076	0,114	0,157	0,181	0,147	0,000	0,000
1,000	-16,465	-16,529	-16,458	-16,320	-16,196	-16,098	-16,048	-15,999	-15,950	-15,924	-15,871	-15,834	-15,782	-15,698	-15,593	-0,132	0,062	0,121	0,254	0,278	0,258	0,251	0,223	0,210	0,203	0,206	0,210	0,212	0,211	0,167	0,000	0,000
2,000	-10,133	-10,173	-10,149	-10,033	-9,928	-9,859	-9,821	-9,782	-9,739	-9,703	-9,644	-9,571	-9,479	-9,337	-9,177	-0,054	0,036	0,107	0,208	0,230	0,217	0,226	0,222	0,230	0,242	0,273	0,298	0,323	0,329	0,247	0,000	0,000
3,000	-20,336	-20,446	-20,401	-20,182	-19,991	-19,871	-19,799	-19,747	-19,694	-19,689	-19,654	-19,618	-19,568	-19,472	-19,362	-0,267	0,019	0,141	0,349	0,370	0,320	0,289	0,250	0,220	0,191	0,188	0,200	0,204	0,218	0,163	0,000	0,000
4,000	-10,958	-10,913	-10,767	-10,748	-10,712	-10,710	-10,717	-10,718	-10,716	-10,708	-10,680	-10,632	-10,545	-10,399	-10,203	-0,046	0,148	0,094	0,079	0,064	0,054	0,061	0,072	0,089	0,130	0,189	0,243	0,301	0,339	0,274	0,000	0,000
5,000	-7,955	-7,204	-7,146	-6,913	-6,864	-6,802	-6,776	-6,763	-6,725	-6,718	-6,674	-6,612	-6,521	-6,350	-6,147	2,391	1,318	0,981	0,546	0,400	0,287	0,263	0,238	0,228	0,228	0,260	0,312	0,354	0,385	0,302	0,000	0,000
6,000	-4,845	-4,474	-4,264	-4,072	-3,975	-3,924	-3,890	-3,862	-3,834	-3,812	-3,774	-3,729	-3,652	-3,526	-3,372	1,554	1,023	0,775	0,483	0,372	0,290	0,256	0,227	0,214	0,213	0,226	0,255	0,285	0,296	0,232	0,000	0,000
7,000	-7,053	-6,971	-6,938	-6,838	-6,783	-6,743	-6,725	-6,711	-6,693	-6,686	-6,673	-6,655	-6,625	-6,578	-6,527	0,133	0,124	0,157	0,167	0,142	0,116	0,101	0,095	0,084	0,076	0,086	0,094	0,105	0,105	0,078	0,000	0,000
8,000	-20,399	-20,646	-20,660	-20,818	-20,811	-20,872	-20,913	-20,936	-20,967	-21,021	-21,033	-21,056	-21,056	-21,013	-20,956	-0,459	-0,282	-0,287	-0,207	-0,168	-0,164	-0,161	-0,145	-0,121	-0,105	-0,062	-0,019	0,016	0,063	0,059	0,000	0,000
9,000	-9,964	-9,896	-9,808	-9,585	-9,446	-9,317	-9,252	-9,196	-9,144	-9,095	-9,037	-8,975	-8,882	-8,755	-8,587	0,065	0,180	0,259	0,373	0,377	0,346	0,329	0,302	0,286	0,281	0,288	0,300	0,325	0,328	0,245	0,000	0,000
10,000	-10,098	-10,059	-9,907	-9,740	-9,637	-9,595	-9,572	-9,554	-9,528	-9,524	-9,492	-9,451	-9,372	-9,261	-9,116	0,007	0,230	0,245	0,255	0,208	0,178	0,159	0,152	0,148	0,160	0,182	0,213	0,251	0,269	0,216	0,000	0,000
11,000	-9,813	-9,674	-9,652	-9,507	-9,429	-9,387	-9,359	-9,340	-9,314	-9,304	-9,269	-9,226	-9,171	-9,073	-8,963	0,181	0,178	0,194	0,211	0,186	0,155	0,149	0,145	0,139	0,144	0,168	0,188	0,213	0,218	0,168	0,000	0,000
12,000	-17,392	-17,401	-17,313	-17,233	-17,149	-17,106	-17,085	-17,055	-17,026	-17,035	-16,984	-16,929	-16,841	-16,688	-16,514	0,032	0,140	0,154	0,178	0,169	0,154	0,162	0,162	0,162	0,171	0,216	0,268	0,307	0,342	0,272	0,000	0,000
13,000	-7,967	-8,080	-8,016	-8,059	-8,035	-8,032	-8,015	-8,000	-7,974	-7,940	-7,887	-7,822	-7,719	-7,554	-7,348	-0,086	-0,015	-0,006	0,022	0,055	0,087	0,101	0,120	0,158	0,199	0,253	0,301	0,360	0,379	0,306	0,000	0,000
14,000	-11,513	-11,453	-11,487	-11,445	-11,429	-11,400	-11,386	-11,386	-11,368	-11,361	-11,346	-11,308	-11,230	-11,090	-10,908	-0,124	-0,080	-0,030	0,035	0,044	0,058	0,066	0,065	0,091	0,121	0,165	0,216	0,277	0,309	0,273	0,000	0,000
15,000	-8,848	-9,027	-8,922	-8,949	-8,901	-8,902	-8,895	-8,878	-8,864	-8,861	-8,842	-8,812	-8,770	-8,698	-8,617	-0,321	-0,033	-0,040	0,021	0,038	0,051	0,054	0,065	0,068	0,082	0,105	0,119	0,144	0,158	0,124	0,000	0,000
	run	18	2022:11:08    11:21:18,611
0,000	-13,036	-13,125	-13,153	-13,230	-13,256	-13,266	-13,272	-13,279	-13,277	-13,283	-13,272	-13,241	-13,196	-13,107	-12,996	-0,262	-0,194	-0,167	-0,105	-0,077	-0,047	-0,024	-0,008	0,016	0,040	0,077	0,120	0,163	0,189	0,156	0,000	0,000
1,000	-16,792	-16,832	-16,775	-16,612	-16,472	-16,380	-16,326	-16,273	-16,234	-16,200	-16,149	-16,102	-16,045	-15,952	-15,850	-0,117	0,066	0,143	0,276	0,302	0,273	0,263	0,238	0,220	0,213	0,213	0,217	0,223	0,225	0,170	0,000	0,000
2,000	-10,442	-10,472	-10,442	-10,311	-10,208	-10,131	-10,085	-10,046	-9,994	-9,957	-9,896	-9,825	-9,725	-9,573	-9,407	-0,043	0,069	0,131	0,231	0,247	0,233	0,237	0,235	0,248	0,254	0,287	0,320	0,343	0,348	0,266	0,000	0,000
3,000	-21,164	-21,235	-21,178	-20,893	-20,682	-20,566	-20,491	-20,434	-20,385	-20,369	-20,334	-20,299	-20,249	-20,146	-20,028	-0,211	0,084	0,216	0,416	0,415	0,350	0,307	0,270	0,238	0,198	0,200	0,213	0,226	0,236	0,179	0,000	0,000
4,000	-11,174	-11,158	-11,006	-10,988	-10,957	-10,970	-10,969	-10,972	-10,972	-10,958	-10,928	-10,881	-10,789	-10,636	-10,432	-0,041	0,142	0,088	0,070	0,055	0,055	0,063	0,065	0,091	0,132	0,197	0,254	0,308	0,349	0,290	0,000	0,000
5,000	-8,165	-7,422	-7,336	-7,120	-7,052	-6,988	-6,964	-6,945	-6,912	-6,905	-6,861	-6,793	-6,700	-6,526	-6,311	2,416	1,346	0,990	0,558	0,402	0,302	0,268	0,245	0,234	0,237	0,275	0,323	0,369	0,400	0,318	0,000	0,000
6,000	-4,955	-4,566	-4,372	-4,153	-4,060	-4,009	-3,978	-3,947	-3,918	-3,896	-3,860	-3,798	-3,726	-3,601	-3,433	1,584	1,057	0,802	0,500	0,383	0,300	0,263	0,234	0,223	0,221	0,233	0,268	0,293	0,308	0,245	0,000	0,000
7,000	-7,222	-7,112	-7,076	-6,959	-6,899	-6,858	-6,840	-6,830	-6,809	-6,808	-6,787	-6,762	-6,743	-6,693	-6,641	0,148	0,147	0,165	0,171	0,145	0,114	0,107	0,100	0,092	0,086	0,083	0,097	0,102	0,108	0,083	0,000	0,000
8,000	-20,786	-21,054	-21,078	-21,251	-21,260	-21,314	-21,361	-21,389	-21,414	-21,469	-21,487	-21,498	-21,503	-21,464	-21,412	-0,476	-0,331	-0,291	-0,225	-0,182	-0,182	-0,169	-0,151	-0,127	-0,109	-0,061	-0,026	0,016	0,056	0,058	0,000	0,000
9,000	-9,933	-9,848	-9,755	-9,524	-9,382	-9,261	-9,186	-9,140	-9,079	-9,035	-8,977	-8,911	-8,824	-8,695	-8,531	0,079	0,208	0,289	0,388	0,395	0,348	0,329	0,302	0,286	0,286	0,293	0,300	0,324	0,326	0,250	0,000	0,000
10,000	-9,988	-9,976	-9,837	-9,677	-9,580	-9,541	-9,519	-9,498	-9,476	-9,471	-9,448	-9,400	-9,330	-9,216	-9,071	-0,024	0,206	0,209	0,233	0,195	0,177	0,153	0,147	0,139	0,151	0,180	0,207	0,247	0,264	0,210	0,000	0,000
11,000	-9,475	-9,352	-9,328	-9,200	-9,127	-9,080	-9,051	-9,041	-9,012	-9,005	-8,970	-8,931	-8,877	-8,787	-8,680	0,160	0,158	0,172	0,199	0,179	0,144	0,143	0,130	0,133	0,137	0,159	0,181	0,199	0,209	0,158	0,000	0,000
12,000	-16,764	-16,750	-16,674	-16,597	-16,516	-16,479	-16,454	-16,432	-16,405	-16,402	-16,360	-16,306	-16,229	-16,080	-15,912	0,063	0,139	0,148	0,163	0,163	0,143	0,150	0,149	0,161	0,164	0,208	0,245	0,297	0,315	0,252	0,000	0,000
13,000	-7,754	-7,866	-7,810	-7,848	-7,823	-7,815	-7,805	-7,787	-7,769	-7,734	-7,686	-7,621	-7,522	-7,363	-7,162	-0,086	-0,026	-0,013	0,017	0,046	0,079	0,102	0,122	0,149	0,191	0,229	0,288	0,345	0,369	0,298	0,000	0,000
14,000	-11,479	-11,422	-11,438	-11,411	-11,399	-11,372	-11,348	-11,351	-11,338	-11,335	-11,311	-11,282	-11,198	-11,059	-10,871	-0,126	-0,077	-0,025	0,036	0,055	0,059	0,069	0,070	0,094	0,114	0,168	0,216	0,278	0,316	0,254	0,000	0,000
15,000	-8,893	-9,067	-8,961	-8,979	-8,937	-8,932	-8,930	-8,913	-8,894	-8,893	-8,874	-8,843	-8,797	-8,732	-8,653	-0,322	-0,034	-0,045	0,024	0,041	0,050	0,054	0,071	0,075	0,086	0,105	0,122	0,147	0,153	0,125	0,000	0,000
	run	19	2022:11:08    11:21:18,693
0,000	-13,210	-13,306	-13,343	-13,430	-13,446	-13,461	-13,472	-13,476	-13,476	-13,479	-13,470	-13,442	-13,394	-13,297	-13,179	-0,290	-0,206	-0,176	-0,110	-0,086	-0,051	-0,025	-0,012	0,008	0,043	0,084	0,125	0,170	0,197	0,161	0,000	0,000
1,000	-17,173	-17,210	-17,126	-16,961	-16,816	-16,712	-16,651	-16,601	-16,551	-16,522	-16,468	-16,424	-16,365	-16,270	-16,154	-0,109	0,081	0,169	0,297	0,315	0,296	0,279	0,250	0,232	0,216	0,228	0,231	0,238	0,240	0,179	0,000	0,000
2,000	-10,645	-10,675	-10,632	-10,493	-10,384	-10,311	-10,265	-10,232	-10,176	-10,143	-10,074	-9,997	-9,894	-9,739	-9,561	-0,021	0,071	0,141	0,246	0,255	0,237	0,246	0,242	0,251	0,263	0,297	0,333	0,359	0,361	0,274	0,000	0,000
3,000	-21,370	-21,426	-21,358	-21,051	-20,848	-20,708	-20,645	-20,581	-20,539	-20,526	-20,492	-20,456	-20,410	-20,299	-20,181	-0,186	0,121	0,248	0,437	0,425	0,363	0,316	0,269	0,240	0,200	0,197	0,212	0,227	0,234	0,178	0,000	0,000
4,000	-11,356	-11,341	-11,190	-11,180	-11,163	-11,165	-11,167	-11,165	-11,166	-11,151	-11,125	-11,071	-10,976	-10,815	-10,608	-0,064	0,137	0,079	0,059	0,058	0,053	0,059	0,069	0,097	0,141	0,206	0,263	0,326	0,371	0,304	0,000	0,000
5,000	-8,194	-7,445	-7,364	-7,137	-7,077	-7,012	-6,985	-6,975	-6,939	-6,926	-6,877	-6,819	-6,719	-6,544	-6,333	2,426	1,360	1,008	0,558	0,412	0,297	0,271	0,244	0,236	0,235	0,272	0,321	0,370	0,397	0,314	0,000	0,000
6,000	-4,887	-4,500	-4,302	-4,092	-3,997	-3,946	-3,912	-3,883	-3,862	-3,833	-3,790	-3,740	-3,669	-3,545	-3,388	1,578	1,036	0,798	0,494	0,377	0,295	0,255	0,226	0,220	0,210	0,235	0,259	0,282	0,297	0,239	0,000	0,000
7,000	-6,966	-6,904	-6,872	-6,784	-6,725	-6,691	-6,669	-6,660	-6,643	-6,637	-6,621	-6,602	-6,579	-6,539	-6,486	0,107	0,107	0,122	0,148	0,127	0,099	0,098	0,089	0,081	0,076	0,082	0,085	0,092	0,094	0,073	0,000	0,000
8,000	-20,534	-20,792	-20,825	-20,982	-20,984	-21,053	-21,089	-21,129	-21,151	-21,204	-21,219	-21,242	-21,250	-21,206	-21,156	-0,473	-0,314	-0,294	-0,218	-0,176	-0,181	-0,165	-0,153	-0,138	-0,115	-0,072	-0,030	0,004	0,051	0,062	0,000	0,000
9,000	-9,834	-9,755	-9,651	-9,426	-9,286	-9,158	-9,093	-9,038	-8,983	-8,937	-8,880	-8,817	-8,730	-8,610	-8,456	0,090	0,194	0,283	0,380	0,384	0,343	0,326	0,297	0,278	0,278	0,284	0,298	0,308	0,316	0,237	0,000	0,000
10,000	-9,718	-9,731	-9,618	-9,494	-9,405	-9,376	-9,348	-9,331	-9,310	-9,302	-9,274	-9,233	-9,165	-9,050	-8,923	-0,043	0,145	0,164	0,187	0,174	0,156	0,139	0,133	0,130	0,146	0,169	0,197	0,240	0,257	0,203	0,000	0,000
11,000	-9,262	-9,158	-9,138	-9,027	-8,959	-8,917	-8,887	-8,876	-8,847	-8,835	-8,806	-8,769	-8,716	-8,629	-8,527	0,117	0,119	0,144	0,174	0,164	0,136	0,139	0,132	0,132	0,136	0,157	0,175	0,191	0,204	0,152	0,000	0,000
12,000	-16,522	-16,502	-16,413	-16,333	-16,255	-16,217	-16,195	-16,169	-16,139	-16,135	-16,086	-16,043	-15,969	-15,822	-15,654	0,082	0,161	0,159	0,174	0,170	0,143	0,147	0,155	0,156	0,163	0,204	0,241	0,288	0,313	0,252	0,000	0,000
13,000	-7,785	-7,899	-7,845	-7,876	-7,862	-7,857	-7,839	-7,825	-7,804	-7,778	-7,722	-7,660	-7,559	-7,402	-7,196	-0,091	-0,030	-0,015	0,015	0,048	0,082	0,101	0,115	0,147	0,183	0,238	0,291	0,343	0,365	0,291	0,000	0,000
14,000	-11,770	-11,721	-11,734	-11,707	-11,681	-11,663	-11,651	-11,632	-11,641	-11,625	-11,612	-11,564	-11,482	-11,345	-11,156	-0,131	-0,069	-0,022	0,040	0,049	0,062	0,071	0,072	0,090	0,106	0,162	0,221	0,281	0,318	0,259	0,000	0,000
15,000	-9,063	-9,241	-9,135	-9,159	-9,114	-9,110	-9,105	-9,083	-9,067	-9,064	-9,041	-9,010	-8,965	-8,896	-8,811	-0,310	-0,027	-0,040	0,031	0,041	0,054	0,058	0,072	0,075	0,088	0,110	0,128	0,154	0,162	0,130	0,000	0,000
	run	20	2022:11:08    11:21:18,742
0,000	-13,550	-13,639	-13,674	-13,771	-13,788	-13,805	-13,811	-13,819	-13,814	-13,823	-13,815	-13,779	-13,732	-13,634	-13,518	-0,273	-0,203	-0,179	-0,110	-0,087	-0,056	-0,032	-0,013	0,017	0,039	0,084	0,131	0,175	0,201	0,166	0,000	0,000
1,000	-17,451	-17,489	-17,397	-17,219	-17,067	-16,961	-16,902	-16,848	-16,797	-16,768	-16,710	-16,665	-16,610	-16,514	-16,399	-0,070	0,119	0,201	0,315	0,335	0,302	0,285	0,254	0,244	0,223	0,224	0,233	0,234	0,232	0,182	0,000	0,000
2,000	-10,645	-10,675	-10,632	-10,493	-10,384	-10,311	-10,265	-10,232	-10,176	-10,143	-10,074	-9,997	-9,894	-9,739	-9,561	-0,021	0,071	0,141	0,246	0,255	0,237	0,246	0,242	0,251	0,263	0,297	0,333	0,359	0,361	0,274	0,000	0,000
3,000	-21,370	-21,426	-21,358	-21,051	-20,848	-20,708	-20,645	-20,581	-20,539	-20,526	-20,492	-20,456	-20,410	-20,299	-20,181	-0,186	0,121	0,248	0,437	0,425	0,363	0,316	0,269	0,240	0,200	0,197	0,212	0,227	0,234	0,178	0,000	0,000
4,000	-11,356	-11,341	-11,190	-11,180	-11,163	-11,165	-11,167	-11,165	-11,166	-11,151	-11,125	-11,071	-10,976	-10,815	-10,608	-0,064	0,137	0,079	0,059	0,058	0,053	0,059	0,069	0,097	0,141	0,206	0,263	0,326	0,371	0,304	0,000	0,000
5,000	-8,194	-7,445	-7,364	-7,137	-7,077	-7,012	-6,985	-6,975	-6,939	-6,926	-6,877	-6,819	-6,719	-6,544	-6,333	2,426	1,360	1,008	0,558	0,412	0,297	0,271	0,244	0,236	0,235	0,272	0,321	0,370	0,397	0,314	0,000	0,000
6,000	-4,887	-4,500	-4,302	-4,092	-3,997	-3,946	-3,912	-3,883	-3,862	-3,833	-3,790	-3,740	-3,669	-3,545	-3,388	1,578	1,036	0,798	0,494	0,377	0,295	0,255	0,226	0,220	0,210	0,235	0,259	0,282	0,297	0,239	0,000	0,000
7,000	-6,966	-6,904	-6,872	-6,784	-6,725	-6,691	-6,669	-6,660	-6,643	-6,637	-6,621	-6,602	-6,579	-6,539	-6,486	0,107	0,107	0,122	0,148	0,127	0,099	0,098	0,089	0,081	0,076	0,082	0,085	0,092	0,094	0,073	0,000	0,000
8,000	-19,858	-20,079	-20,092	-20,227	-20,224	-20,276	-20,307	-20,347	-20,377	-20,430	-20,443	-20,461	-20,470	-20,433	-20,373	-0,424	-0,257	-0,241	-0,173	-0,153	-0,158	-0,150	-0,146	-0,122	-0,101	-0,065	-0,025	0,008	0,054	0,056	0,000	0,000
9,000	-9,458	-9,428	-9,358	-9,189	-9,061	-8,942	-8,875	-8,821	-8,766	-8,724	-8,661	-8,612	-8,533	-8,412	-8,268	0,026	0,125	0,199	0,320	0,335	0,322	0,306	0,277	0,264	0,255	0,275	0,281	0,293	0,295	0,225	0,000	0,000
10,000	-9,463	-9,484	-9,372	-9,260	-9,179	-9,150	-9,132	-9,109	-9,087	-9,083	-9,057	-9,012	-8,950	-8,844	-8,713	-0,047	0,142	0,142	0,175	0,153	0,143	0,133	0,126	0,122	0,132	0,160	0,187	0,229	0,245	0,201	0,000	0,000
11,000	-9,266	-9,169	-9,157	-9,048	-8,981	-8,940	-8,919	-8,906	-8,879	-8,872	-8,838	-8,803	-8,751	-8,661	-8,560	0,106	0,103	0,130	0,165	0,155	0,130	0,133	0,127	0,123	0,124	0,153	0,174	0,187	0,197	0,146	0,000	0,000
12,000	-16,731	-16,717	-16,633	-16,547	-16,475	-16,434	-16,412	-16,387	-16,357	-16,361	-16,313	-16,258	-16,187	-16,039	-15,869	0,074	0,159	0,163	0,189	0,168	0,150	0,153	0,153	0,157	0,171	0,211	0,246	0,293	0,315	0,252	0,000	0,000
13,000	-7,933	-8,038	-7,975	-8,022	-7,996	-7,987	-7,976	-7,961	-7,935	-7,902	-7,853	-7,785	-7,685	-7,527	-7,319	-0,087	-0,030	-0,019	0,020	0,053	0,079	0,102	0,127	0,154	0,193	0,237	0,294	0,354	0,381	0,300	0,000	0,000
14,000	-11,960	-11,924	-11,941	-11,905	-11,880	-11,862	-11,846	-11,841	-11,828	-11,835	-11,802	-11,767	-11,674	-11,530	-11,331	-0,155	-0,080	-0,025	0,034	0,057	0,065	0,073	0,075	0,091	0,132	0,162	0,235	0,298	0,340	0,276	0,000	0,000
15,000	-9,256	-9,436	-9,314	-9,337	-9,288	-9,293	-9,284	-9,263	-9,246	-9,238	-9,218	-9,183	-9,138	-9,067	-8,977	-0,319	-0,022	-0,035	0,034	0,039	0,054	0,059	0,077	0,084	0,090	0,116	0,134	0,160	0,168	0,134	0,000	0,000
	run	21	2022:11:08    11:21:18,841
0,000	-13,683	-13,786	-13,816	-13,910	-13,935	-13,953	-13,963	-13,966	-13,964	-13,972	-13,967	-13,931	-13,878	-13,784	-13,654	-0,289	-0,214	-0,180	-0,119	-0,090	-0,057	-0,031	-0,011	0,011	0,044	0,081	0,138	0,177	0,203	0,166	0,000	0,000
1,000	-17,583	-17,614	-17,534	-17,335	-17,188	-17,070	-17,015	-16,968	-16,912	-16,885	-16,831	-16,787	-16,730	-16,628	-16,507	-0,057	0,117	0,209	0,326	0,347	0,304	0,286	0,255	0,247	0,229	0,227	0,234	0,235	0,238	0,182	0,000	0,000
2,000	-10,747	-10,771	-10,727	-10,590	-10,483	-10,407	-10,363	-10,321	-10,276	-10,236	-10,172	-10,095	-9,988	-9,826	-9,646	-0,036	0,078	0,140	0,245	0,257	0,237	0,244	0,243	0,254	0,265	0,298	0,336	0,364	0,373	0,289	0,000	0,000
3,000	-21,358	-21,422	-21,370	-21,049	-20,837	-20,706	-20,631	-20,571	-20,521	-20,517	-20,480	-20,439	-20,390	-20,288	-20,164	-0,185	0,122	0,252	0,444	0,439	0,365	0,320	0,281	0,241	0,204	0,198	0,220	0,225	0,241	0,178	0,000	0,000
4,000	-11,259	-11,238	-11,092	-11,081	-11,056	-11,059	-11,061	-11,063	-11,062	-11,046	-11,013	-10,961	-10,876	-10,716	-10,512	-0,060	0,135	0,090	0,063	0,055	0,053	0,060	0,071	0,092	0,138	0,196	0,260	0,320	0,362	0,296	0,000	0,000
5,000	-7,949	-7,199	-7,132	-6,900	-6,838	-6,788	-6,758	-6,746	-6,712	-6,700	-6,668	-6,601	-6,511	-6,345	-6,154	2,399	1,347	0,990	0,545	0,394	0,284	0,257	0,229	0,222	0,217	0,251	0,305	0,337	0,371	0,290	0,000	0,000
6,000	-4,760	-4,390	-4,198	-3,990	-3,906	-3,845	-3,821	-3,799	-3,771	-3,755	-3,705	-3,665	-3,584	-3,469	-3,323	1,534	1,006	0,767	0,467	0,370	0,290	0,251	0,218	0,208	0,202	0,216	0,244	0,267	0,284	0,225	0,000	0,000
7,000	-6,659	-6,595	-6,573	-6,508	-6,465	-6,434	-6,425	-6,407	-6,390	-6,390	-6,373	-6,355	-6,335	-6,293	-6,247	0,084	0,076	0,080	0,115	0,098	0,078	0,084	0,070	0,072	0,070	0,067	0,076	0,086	0,091	0,065	0,000	0,000
8,000	-19,069	-19,299	-19,291	-19,375	-19,370	-19,409	-19,446	-19,473	-19,497	-19,547	-19,564	-19,584	-19,587	-19,546	-19,491	-0,432	-0,223	-0,195	-0,135	-0,116	-0,134	-0,123	-0,126	-0,105	-0,087	-0,053	-0,010	0,010	0,059	0,057	0,000	0,000
9,000	-9,162	-9,135	-9,090	-8,970	-8,858	-8,754	-8,690	-8,643	-8,587	-8,548	-8,494	-8,434	-8,360	-8,245	-8,110	-0,005	0,083	0,153	0,268	0,292	0,283	0,279	0,256	0,248	0,249	0,256	0,254	0,272	0,283	0,217	0,000	0,000
10,000	-9,526	-9,528	-9,422	-9,295	-9,211	-9,171	-9,151	-9,131	-9,110	-9,097	-9,076	-9,040	-8,972	-8,861	-8,730	-0,042	0,154	0,159	0,188	0,169	0,154	0,144	0,131	0,124	0,141	0,169	0,192	0,230	0,248	0,201	0,000	0,000
11,000	-9,503	-9,396	-9,394	-9,270	-9,203	-9,163	-9,143	-9,128	-9,097	-9,087	-9,054	-9,019	-8,973	-8,879	-8,779	0,131	0,119	0,142	0,172	0,159	0,132	0,129	0,125	0,125	0,132	0,151	0,168	0,193	0,200	0,156	0,000	0,000
12,000	-17,116	-17,107	-17,033	-16,942	-16,867	-16,816	-16,804	-16,779	-16,747	-16,747	-16,696	-16,647	-16,570	-16,419	-16,243	0,066	0,134	0,151	0,180	0,169	0,153	0,156	0,156	0,163	0,167	0,208	0,250	0,298	0,330	0,260	0,000	0,000
13,000	-8,110	-8,170	-8,141	-8,163	-8,147	-8,136	-8,125	-8,103	-8,084	-8,050	-7,998	-7,927	-7,828	-7,663	-7,453	-0,048	-0,019	-0,005	0,026	0,052	0,085	0,108	0,127	0,155	0,198	0,250	0,301	0,357	0,384	0,306	0,000	0,000
14,000	-12,148	-12,147	-12,129	-12,104	-12,085	-12,057	-12,044	-12,038	-12,012	-12,019	-11,990	-11,952	-11,857	-11,714	-11,518	-0,193	-0,080	-0,025	0,030	0,057	0,072	0,082	0,080	0,095	0,125	0,182	0,237	0,302	0,348	0,283	0,000	0,000
15,000	-9,331	-9,496	-9,387	-9,417	-9,361	-9,362	-9,356	-9,332	-9,318	-9,316	-9,297	-9,260	-9,214	-9,140	-9,054	-0,286	-0,032	-0,036	0,031	0,036	0,054	0,058	0,071	0,076	0,090	0,113	0,133	0,157	0,169	0,131	0,000	0,000
	run	22	2022:11:08    11:21:18,893
0,000	-13,683	-13,786	-13,816	-13,910	-13,935	-13,953	-13,963	-13,966	-13,964	-13,972	-13,967	-13,931	-13,878	-13,784	-13,654	-0,289	-0,214	-0,180	-0,119	-0,090	-0,057	-0,031	-0,011	0,011	0,044	0,081	0,138	0,177	0,203	0,166	0,000	0,000
1,000	-17,583	-17,614	-17,534	-17,335	-17,188	-17,070	-17,015	-16,968	-16,912	-16,885	-16,831	-16,787	-16,730	-16,628	-16,507	-0,057	0,117	0,209	0,326	0,347	0,304	0,286	0,255	0,247	0,229	0,227	0,234	0,235	0,238	0,182	0,000	0,000
2,000	-10,747	-10,771	-10,727	-10,590	-10,483	-10,407	-10,363	-10,321	-10,276	-10,236	-10,172	-10,095	-9,988	-9,826	-9,646	-0,036	0,078	0,140	0,245	0,257	0,237	0,244	0,243	0,254	0,265	0,298	0,336	0,364	0,373	0,289	0,000	0,000
3,000	-21,358	-21,422	-21,370	-21,049	-20,837	-20,706	-20,631	-20,571	-20,521	-20,517	-20,480	-20,439	-20,390	-20,288	-20,164	-0,185	0,122	0,252	0,444	0,439	0,365	0,320	0,281	0,241	0,204	0,198	0,220	0,225	0,241	0,178	0,000	0,000
4,000	-11,259	-11,238	-11,092	-11,081	-11,056	-11,059	-11,061	-11,063	-11,062	-11,046	-11,013	-10,961	-10,876	-10,716	-10,512	-0,060	0,135	0,090	0,063	0,055	0,053	0,060	0,071	0,092	0,138	0,196	0,260	0,320	0,362	0,296	0,000	0,000
5,000	-7,949	-7,199	-7,132	-6,900	-6,838	-6,788	-6,758	-6,746	-6,712	-6,700	-6,668	-6,601	-6,511	-6,345	-6,154	2,399	1,347	0,990	0,545	0,394	0,284	0,257	0,229	0,222	0,217	0,251	0,305	0,337	0,371	0,290	0,000	0,000
6,000	-4,647	-4,303	-4,116	-3,929	-3,834	-3,782	-3,753	-3,733	-3,703	-3,676	-3,644	-3,595	-3,527	-3,417	-3,281	1,490	0,978	0,744	0,459	0,359	0,280	0,244	0,219	0,203	0,205	0,210	0,229	0,257	0,267	0,211	0,000	0,000
7,000	-6,537	-6,479	-6,479	-6,414	-6,380	-6,347	-6,330	-6,322	-6,308	-6,301	-6,294	-6,273	-6,251	-6,207	-6,167	0,075	0,075	0,079	0,104	0,095	0,077	0,075	0,073	0,065	0,063	0,072	0,076	0,086	0,090	0,067	0,000	0,000
8,000	-18,939	-19,140	-19,125	-19,209	-19,205	-19,244	-19,278	-19,306	-19,332	-19,376	-19,386	-19,406	-19,402	-19,370	-19,323	-0,398	-0,220	-0,189	-0,129	-0,110	-0,130	-0,117	-0,120	-0,102	-0,090	-0,048	-0,013	0,018	0,060	0,055	0,000	0,000
9,000	-9,196	-9,186	-9,141	-9,013	-8,898	-8,793	-8,726	-8,679	-8,630	-8,584	-8,535	-8,477	-8,402	-8,284	-8,149	0,012	0,071	0,152	0,273	0,296	0,288	0,280	0,255	0,251	0,242	0,254	0,262	0,281	0,284	0,211	0,000	0,000
10,000	-9,592	-9,589	-9,469	-9,333	-9,241	-9,207	-9,185	-9,166	-9,146	-9,137	-9,104	-9,075	-9,002	-8,891	-8,762	-0,049	0,157	0,171	0,204	0,180	0,158	0,146	0,139	0,128	0,155	0,169	0,193	0,235	0,247	0,197	0,000	0,000
11,000	-9,564	-9,458	-9,447	-9,325	-9,259	-9,215	-9,191	-9,177	-9,150	-9,141	-9,109	-9,072	-9,017	-8,927	-8,827	0,135	0,130	0,146	0,178	0,165	0,133	0,136	0,125	0,131	0,135	0,156	0,181	0,195	0,207	0,157	0,000	0,000
12,000	-17,234	-17,231	-17,149	-17,074	-16,987	-16,949	-16,923	-16,901	-16,866	-16,861	-16,822	-16,770	-16,691	-16,528	-16,358	0,074	0,135	0,155	0,172	0,169	0,151	0,154	0,151	0,160	0,179	0,213	0,261	0,306	0,325	0,261	0,000	0,000
13,000	-8,150	-8,225	-8,192	-8,215	-8,192	-8,184	-8,170	-8,151	-8,139	-8,101	-8,050	-7,980	-7,878	-7,725	-7,512	-0,070	-0,032	-0,004	0,027	0,056	0,079	0,101	0,122	0,156	0,198	0,251	0,293	0,350	0,377	0,300	0,000	0,000
14,000	-12,257	-12,239	-12,211	-12,182	-12,159	-12,146	-12,130	-12,114	-12,106	-12,104	-12,070	-12,036	-11,948	-11,801	-11,592	-0,170	-0,082	-0,013	0,041	0,058	0,072	0,081	0,073	0,095	0,126	0,179	0,222	0,297	0,344	0,282	0,000	0,000
15,000	-9,334	-9,496	-9,391	-9,417	-9,365	-9,368	-9,361	-9,343	-9,327	-9,323	-9,303	-9,268	-9,221	-9,146	-9,056	-0,289	-0,028	-0,035	0,027	0,044	0,051	0,056	0,068	0,082	0,095	0,111	0,133	0,156	0,173	0,140	0,000	0,000
	run	23	2022:11:08    11:21:18,994
0,000	-13,381	-13,492	-13,526	-13,601	-13,632	-13,646	-13,650	-13,657	-13,658	-13,663	-13,653	-13,621	-13,572	-13,479	-13,358	-0,272	-0,209	-0,176	-0,115	-0,085	-0,053	-0,029	-0,013	0,016	0,039	0,081	0,130	0,165	0,197	0,161	0,000	0,000
1,000	-17,132	-17,177	-17,109	-16,938	-16,785	-16,682	-16,629	-16,580	-16,533	-16,496	-16,448	-16,408	-16,350	-16,261	-16,146	-0,098	0,082	0,175	0,295	0,319	0,287	0,272	0,246	0,228	0,220	0,226	0,222	0,229	0,230	0,174	0,000	0,000
2,000	-10,505	-10,521	-10,486	-10,353	-10,256	-10,179	-10,140	-10,096	-10,045	-10,013	-9,946	-9,873	-9,773	-9,623	-9,447	-0,040	0,054	0,122	0,231	0,240	0,234	0,236	0,238	0,247	0,256	0,289	0,326	0,345	0,352	0,269	0,000	0,000
3,000	-20,959	-21,031	-20,984	-20,712	-20,513	-20,385	-20,311	-20,251	-20,204	-20,191	-20,151	-20,119	-20,074	-19,966	-19,853	-0,217	0,080	0,194	0,406	0,407	0,349	0,306	0,267	0,234	0,197	0,196	0,211	0,221	0,236	0,177	0,000	0,000
4,000	-11,217	-11,182	-11,034	-11,024	-10,991	-10,992	-11,004	-11,005	-11,004	-10,989	-10,953	-10,907	-10,810	-10,659	-10,457	-0,037	0,142	0,087	0,071	0,054	0,050	0,062	0,068	0,084	0,138	0,202	0,261	0,319	0,363	0,294	0,000	0,000
5,000	-7,941	-7,194	-7,125	-6,905	-6,845	-6,789	-6,763	-6,754	-6,715	-6,710	-6,668	-6,605	-6,515	-6,351	-6,156	2,406	1,338	0,984	0,542	0,395	0,285	0,262	0,236	0,223	0,228	0,256	0,301	0,342	0,370	0,292	0,000	0,000
6,000	-4,688	-4,337	-4,142	-3,959	-3,865	-3,811	-3,786	-3,752	-3,735	-3,706	-3,671	-3,620	-3,552	-3,434	-3,284	1,515	0,991	0,763	0,462	0,361	0,284	0,250	0,217	0,211	0,208	0,223	0,242	0,269	0,282	0,223	0,000	0,000
7,000	-6,714	-6,670	-6,646	-6,560	-6,516	-6,486	-6,472	-6,454	-6,436	-6,434	-6,419	-6,393	-6,375	-6,333	-6,281	0,085	0,085	0,104	0,126	0,114	0,091	0,092	0,084	0,078	0,074	0,079	0,091	0,096	0,094	0,074	0,000	0,000
8,000	-19,580	-19,804	-19,799	-19,926	-19,926	-19,971	-20,009	-20,041	-20,068	-20,121	-20,136	-20,152	-20,157	-20,121	-20,071	-0,452	-0,252	-0,230	-0,170	-0,140	-0,151	-0,138	-0,136	-0,121	-0,101	-0,056	-0,022	0,011	0,051	0,054	0,000	0,000
9,000	-9,524	-9,475	-9,417	-9,231	-9,105	-8,990	-8,918	-8,863	-8,813	-8,773	-8,711	-8,653	-8,572	-8,456	-8,314	0,023	0,127	0,205	0,324	0,343	0,319	0,306	0,281	0,267	0,258	0,267	0,282	0,293	0,296	0,219	0,000	0,000
10,000	-9,663	-9,670	-9,555	-9,426	-9,334	-9,297	-9,275	-9,256	-9,232	-9,229	-9,200	-9,154	-9,088	-8,977	-8,846	-0,035	0,152	0,173	0,201	0,174	0,158	0,139	0,135	0,129	0,138	0,168	0,199	0,232	0,252	0,203	0,000	0,000
11,000	-9,492	-9,396	-9,385	-9,270	-9,205	-9,155	-9,131	-9,117	-9,089	-9,083	-9,048	-9,010	-8,960	-8,866	-8,761	0,119	0,127	0,149	0,179	0,164	0,136	0,134	0,130	0,131	0,135	0,156	0,175	0,195	0,204	0,157	0,000	0,000
12,000	-17,077	-17,064	-16,968	-16,890	-16,812	-16,767	-16,741	-16,722	-16,689	-16,680	-16,645	-16,588	-16,507	-16,356	-16,176	0,063	0,146	0,152	0,180	0,166	0,152	0,151	0,160	0,163	0,175	0,211	0,260	0,311	0,339	0,260	0,000	0,000
13,000	-8,015	-8,151	-8,068	-8,120	-8,098	-8,084	-8,074	-8,057	-8,037	-8,003	-7,955	-7,884	-7,781	-7,629	-7,419	-0,099	-0,030	-0,014	0,017	0,053	0,082	0,104	0,121	0,151	0,193	0,243	0,293	0,348	0,375	0,304	0,000	0,000
14,000	-12,064	-11,992	-12,046	-11,982	-11,980	-11,943	-11,935	-11,929	-11,917	-11,909	-11,891	-11,856	-11,762	-11,618	-11,423	-0,116	-0,081	-0,026	0,044	0,060	0,058	0,069	0,076	0,094	0,126	0,173	0,223	0,304	0,331	0,279	0,000	0,000
15,000	-9,212	-9,368	-9,275	-9,275	-9,242	-9,244	-9,234	-9,209	-9,193	-9,183	-9,165	-9,130	-9,088	-9,018	-8,928	-0,306	-0,034	-0,030	0,033	0,042	0,055	0,066	0,077	0,078	0,092	0,117	0,133	0,152	0,162	0,131	0,000	0,000
	run	24	2022:11:08    11:21:19,092
0,000	-13,001	-13,082	-13,119	-13,195	-13,218	-13,235	-13,231	-13,240	-13,236	-13,242	-13,235	-13,206	-13,161	-13,069	-12,965	-0,276	-0,194	-0,169	-0,101	-0,079	-0,047	-0,023	-0,016	0,017	0,038	0,078	0,120	0,161	0,185	0,149	0,000	0,000
1,000	-16,681	-16,722	-16,657	-16,512	-16,377	-16,275	-16,223	-16,179	-16,132	-16,100	-16,054	-16,008	-15,957	-15,868	-15,759	-0,136	0,068	0,139	0,266	0,288	0,267	0,257	0,234	0,217	0,206	0,211	0,215	0,217	0,224	0,169	0,000	0,000
2,000	-10,302	-10,318	-10,294	-10,164	-10,064	-9,987	-9,944	-9,908	-9,862	-9,822	-9,758	-9,688	-9,595	-9,451	-9,282	-0,062	0,051	0,108	0,222	0,236	0,220	0,233	0,227	0,238	0,243	0,279	0,310	0,335	0,342	0,260	0,000	0,000
3,000	-20,735	-20,825	-20,783	-20,523	-20,331	-20,202	-20,135	-20,074	-20,030	-20,019	-19,980	-19,945	-19,894	-19,795	-19,680	-0,248	0,061	0,174	0,379	0,391	0,335	0,299	0,262	0,233	0,201	0,187	0,202	0,212	0,227	0,173	0,000	0,000
4,000	-11,194	-11,148	-10,999	-10,978	-10,952	-10,956	-10,961	-10,965	-10,958	-10,951	-10,921	-10,870	-10,774	-10,627	-10,429	-0,048	0,143	0,086	0,066	0,057	0,048	0,059	0,069	0,092	0,129	0,194	0,252	0,315	0,353	0,290	0,000	0,000
5,000	-8,173	-7,430	-7,353	-7,135	-7,062	-7,009	-6,972	-6,959	-6,923	-6,913	-6,876	-6,803	-6,710	-6,528	-6,319	2,401	1,346	0,990	0,554	0,412	0,298	0,277	0,244	0,238	0,237	0,279	0,324	0,370	0,404	0,315	0,000	0,000
6,000	-5,004	-4,608	-4,401	-4,183	-4,090	-4,031	-4,005	-3,974	-3,944	-3,925	-3,882	-3,833	-3,754	-3,628	-3,468	1,590	1,066	0,811	0,500	0,386	0,306	0,268	0,236	0,219	0,220	0,230	0,256	0,292	0,306	0,247	0,000	0,000
7,000	-7,304	-7,185	-7,158	-7,026	-6,960	-6,927	-6,910	-6,898	-6,880	-6,871	-6,856	-6,833	-6,804	-6,755	-6,704	0,158	0,156	0,167	0,179	0,151	0,120	0,112	0,099	0,089	0,083	0,090	0,093	0,103	0,109	0,081	0,000	0,000
8,000	-20,298	-20,534	-20,543	-20,710	-20,703	-20,760	-20,807	-20,841	-20,866	-20,918	-20,934	-20,953	-20,953	-20,915	-20,864	-0,449	-0,287	-0,274	-0,212	-0,165	-0,176	-0,162	-0,152	-0,131	-0,106	-0,070	-0,020	0,009	0,059	0,061	0,000	0,000
9,000	-9,840	-9,766	-9,697	-9,469	-9,325	-9,202	-9,133	-9,084	-9,026	-8,984	-8,927	-8,862	-8,775	-8,655	-8,501	0,065	0,190	0,259	0,369	0,374	0,344	0,326	0,295	0,278	0,275	0,283	0,296	0,309	0,310	0,234	0,000	0,000
10,000	-9,846	-9,856	-9,728	-9,588	-9,491	-9,458	-9,429	-9,411	-9,386	-9,387	-9,360	-9,312	-9,247	-9,136	-8,996	-0,040	0,179	0,177	0,205	0,188	0,160	0,152	0,143	0,132	0,150	0,169	0,207	0,238	0,261	0,198	0,000	0,000
11,000	-9,506	-9,404	-9,384	-9,252	-9,185	-9,138	-9,114	-9,097	-9,072	-9,056	-9,029	-8,989	-8,939	-8,844	-8,739	0,141	0,132	0,157	0,187	0,172	0,139	0,136	0,132	0,133	0,134	0,156	0,173	0,198	0,205	0,160	0,000	0,000
12,000	-16,794	-16,781	-16,695	-16,623	-16,539	-16,499	-16,478	-16,458	-16,428	-16,425	-16,381	-16,322	-16,243	-16,099	-15,930	0,080	0,140	0,164	0,178	0,167	0,151	0,155	0,153	0,156	0,167	0,205	0,257	0,300	0,327	0,257	0,000	0,000
13,000	-7,864	-7,967	-7,916	-7,951	-7,931	-7,922	-7,907	-7,890	-7,869	-7,839	-7,790	-7,721	-7,618	-7,465	-7,257	-0,080	-0,024	-0,013	0,018	0,055	0,081	0,095	0,123	0,152	0,187	0,242	0,293	0,348	0,373	0,301	0,000	0,000
14,000	-11,699	-11,638	-11,673	-11,629	-11,620	-11,596	-11,577	-11,573	-11,557	-11,554	-11,548	-11,499	-11,412	-11,271	-11,085	-0,138	-0,092	-0,030	0,032	0,046	0,059	0,070	0,078	0,087	0,118	0,160	0,213	0,279	0,331	0,266	0,000	0,000
15,000	-8,941	-9,106	-9,007	-9,025	-8,982	-8,983	-8,981	-8,960	-8,942	-8,931	-8,916	-8,887	-8,840	-8,771	-8,692	-0,304	-0,029	-0,038	0,026	0,034	0,047	0,050	0,066	0,075	0,086	0,104	0,127	0,145	0,153	0,124	0,000	0,000
	run	25	2022:11:08    11:21:19,142
0,000	-12,752	-12,838	-12,871	-12,945	-12,968	-12,979	-12,984	-12,992	-12,985	-12,995	-12,984	-12,953	-12,910	-12,825	-12,718	-0,243	-0,192	-0,171	-0,099	-0,071	-0,045	-0,025	-0,014	0,018	0,042	0,077	0,118	0,154	0,182	0,144	0,000	0,000
1,000	-16,404	-16,450	-16,384	-16,259	-16,132	-16,043	-15,981	-15,937	-15,894	-15,865	-15,812	-15,776	-15,724	-15,632	-15,527	-0,136	0,051	0,124	0,247	0,275	0,258	0,244	0,222	0,212	0,204	0,207	0,207	0,211	0,213	0,168	0,000	0,000
2,000	-10,302	-10,318	-10,294	-10,164	-10,064	-9,987	-9,944	-9,908	-9,862	-9,822	-9,758	-9,688	-9,595	-9,451	-9,282	-0,062	0,051	0,108	0,222	0,236	0,220	0,233	0,227	0,238	0,243	0,279	0,310	0,335	0,342	0,260	0,000	0,000
3,000	-20,735	-20,825	-20,783	-20,523	-20,331	-20,202	-20,135	-20,074	-20,030	-20,019	-19,980	-19,945	-19,894	-19,795	-19,680	-0,248	0,061	0,174	0,379	0,391	0,335	0,299	0,262	0,233	0,201	0,187	0,202	0,212	0,227	0,173	0,000	0,000
4,000	-11,194	-11,148	-10,999	-10,978	-10,952	-10,956	-10,961	-10,965	-10,958	-10,951	-10,921	-10,870	-10,774	-10,627	-10,429	-0,048	0,143	0,086	0,066	0,057	0,048	0,059	0,069	0,092	0,129	0,194	0,252	0,315	0,353	0,290	0,000	0,000
5,000	-8,173	-7,430	-7,353	-7,135	-7,062	-7,009	-6,972	-6,959	-6,923	-6,913	-6,876	-6,803	-6,710	-6,528	-6,319	2,401	1,346	0,990	0,554	0,412	0,298	0,277	0,244	0,238	0,237	0,279	0,324	0,370	0,404	0,315	0,000	0,000
6,000	-5,004	-4,608	-4,401	-4,183	-4,090	-4,031	-4,005	-3,974	-3,944	-3,925	-3,882	-3,833	-3,754	-3,628	-3,468	1,590	1,066	0,811	0,500	0,386	0,306	0,268	0,236	0,219	0,220	0,230	0,256	0,292	0,306	0,247	0,000	0,000
7,000	-7,304	-7,185	-7,158	-7,026	-6,960	-6,927	-6,910	-6,898	-6,880	-6,871	-6,856	-6,833	-6,804	-6,755	-6,704	0,158	0,156	0,167	0,179	0,151	0,120	0,112	0,099	0,089	0,083	0,090	0,093	0,103	0,109	0,081	0,000	0,000
8,000	-20,775	-21,036	-21,051	-21,222	-21,231	-21,286	-21,323	-21,355	-21,377	-21,439	-21,447	-21,465	-21,473	-21,430	-21,373	-0,493	-0,308	-0,292	-0,216	-0,170	-0,174	-0,168	-0,153	-0,132	-0,106	-0,060	-0,021	0,020	0,067	0,062	0,000	0,000
9,000	-9,915	-9,832	-9,744	-9,508	-9,364	-9,243	-9,173	-9,121	-9,063	-9,015	-8,957	-8,901	-8,810	-8,679	-8,522	0,091	0,192	0,287	0,386	0,381	0,343	0,326	0,300	0,286	0,277	0,288	0,305	0,323	0,322	0,248	0,000	0,000
10,000	-9,978	-9,965	-9,822	-9,676	-9,576	-9,544	-9,519	-9,490	-9,478	-9,475	-9,438	-9,395	-9,325	-9,212	-9,070	-0,029	0,183	0,199	0,226	0,196	0,171	0,152	0,143	0,139	0,154	0,176	0,207	0,251	0,259	0,214	0,000	0,000
11,000	-9,511	-9,404	-9,388	-9,247	-9,174	-9,127	-9,104	-9,086	-9,054	-9,048	-9,014	-8,975	-8,922	-8,828	-8,718	0,132	0,138	0,167	0,198	0,180	0,148	0,145	0,135	0,141	0,138	0,163	0,180	0,204	0,211	0,164	0,000	0,000
12,000	-16,870	-16,862	-16,781	-16,698	-16,617	-16,576	-16,554	-16,528	-16,498	-16,501	-16,458	-16,404	-16,327	-16,174	-16,001	0,065	0,136	0,158	0,170	0,165	0,147	0,151	0,155	0,159	0,166	0,212	0,255	0,300	0,320	0,255	0,000	0,000
13,000	-7,809	-7,925	-7,869	-7,907	-7,883	-7,880	-7,868	-7,843	-7,825	-7,800	-7,749	-7,681	-7,572	-7,425	-7,215	-0,095	-0,033	-0,010	0,019	0,046	0,080	0,100	0,127	0,153	0,193	0,243	0,286	0,343	0,371	0,297	0,000	0,000
14,000	-11,515	-11,441	-11,467	-11,420	-11,415	-11,389	-11,374	-11,352	-11,349	-11,354	-11,318	-11,289	-11,214	-11,066	-10,901	-0,118	-0,086	-0,021	0,043	0,054	0,059	0,067	0,063	0,085	0,111	0,156	0,213	0,287	0,312	0,259	0,000	0,000
15,000	-8,811	-8,976	-8,875	-8,897	-8,848	-8,851	-8,847	-8,827	-8,813	-8,809	-8,789	-8,759	-8,713	-8,646	-8,569	-0,325	-0,030	-0,040	0,024	0,036	0,048	0,051	0,067	0,076	0,084	0,104	0,122	0,142	0,154	0,122	0,000	0,000
	run	26	2022:11:08    11:21:19,240
0,000	-12,824	-12,924	-12,950	-13,021	-13,036	-13,050	-13,058	-13,060	-13,059	-13,069	-13,057	-13,025	-12,981	-12,899	-12,788	-0,283	-0,197	-0,166	-0,099	-0,075	-0,044	-0,024	-0,005	0,016	0,042	0,077	0,119	0,161	0,182	0,149	0,000	0,000
1,000	-16,375	-16,409	-16,358	-16,220	-16,090	-15,995	-15,944	-15,900	-15,854	-15,823	-15,778	-15,735	-15,687	-15,600	-15,495	-0,136	0,058	0,130	0,250	0,272	0,260	0,250	0,219	0,213	0,199	0,199	0,208	0,208	0,214	0,158	0,000	0,000
2,000	-10,108	-10,124	-10,113	-9,995	-9,898	-9,826	-9,783	-9,745	-9,699	-9,665	-9,609	-9,538	-9,444	-9,304	-9,140	-0,069	0,041	0,102	0,206	0,225	0,214	0,222	0,223	0,234	0,242	0,271	0,300	0,324	0,333	0,249	0,000	0,000
3,000	-20,396	-20,484	-20,467	-20,239	-20,046	-19,923	-19,857	-19,800	-19,747	-19,744	-19,707	-19,669	-19,620	-19,519	-19,411	-0,254	0,025	0,146	0,350	0,369	0,313	0,285	0,254	0,223	0,188	0,186	0,205	0,214	0,221	0,168	0,000	0,000
4,000	-10,989	-10,954	-10,815	-10,790	-10,758	-10,761	-10,767	-10,766	-10,765	-10,750	-10,730	-10,681	-10,592	-10,446	-10,250	-0,048	0,136	0,098	0,077	0,059	0,052	0,059	0,065	0,087	0,126	0,191	0,243	0,301	0,341	0,278	0,000	0,000
5,000	-7,993	-7,248	-7,188	-6,954	-6,908	-6,839	-6,817	-6,804	-6,770	-6,756	-6,708	-6,645	-6,559	-6,388	-6,185	2,394	1,333	0,987	0,544	0,403	0,289	0,262	0,232	0,233	0,231	0,264	0,313	0,357	0,388	0,301	0,000	0,000
6,000	-5,007	-4,609	-4,399	-4,182	-4,091	-4,035	-4,009	-3,976	-3,953	-3,928	-3,884	-3,837	-3,756	-3,631	-3,465	1,595	1,070	0,808	0,494	0,389	0,302	0,265	0,237	0,221	0,217	0,242	0,268	0,294	0,306	0,239	0,000	0,000
7,000	-7,267	-7,168	-7,124	-6,999	-6,937	-6,906	-6,879	-6,871	-6,849	-6,843	-6,835	-6,812	-6,784	-6,735	-6,684	0,175	0,161	0,179	0,188	0,153	0,108	0,108	0,098	0,091	0,080	0,085	0,097	0,101	0,104	0,079	0,000	0,000
8,000	-20,808	-21,082	-21,126	-21,300	-21,296	-21,360	-21,391	-21,431	-21,456	-21,513	-21,529	-21,547	-21,543	-21,500	-21,446	-0,490	-0,343	-0,309	-0,226	-0,178	-0,184	-0,165	-0,155	-0,133	-0,102	-0,063	-0,022	0,022	0,061	0,063	0,000	0,000
9,000	-9,922	-9,836	-9,742	-9,507	-9,369	-9,242	-9,176	-9,121	-9,064	-9,023	-8,967	-8,905	-8,815	-8,682	-8,528	0,108	0,222	0,283	0,382	0,381	0,347	0,329	0,300	0,282	0,275	0,286	0,301	0,315	0,318	0,241	0,000	0,000
10,000	-10,003	-9,987	-9,845	-9,676	-9,574	-9,538	-9,520	-9,493	-9,474	-9,466	-9,438	-9,391	-9,323	-9,201	-9,057	-0,004	0,215	0,229	0,247	0,207	0,179	0,155	0,151	0,147	0,160	0,184	0,214	0,253	0,266	0,212	0,000	0,000
11,000	-9,564	-9,445	-9,415	-9,274	-9,195	-9,146	-9,122	-9,108	-9,080	-9,070	-9,038	-8,993	-8,940	-8,843	-8,731	0,161	0,173	0,184	0,210	0,188	0,150	0,148	0,140	0,143	0,141	0,165	0,185	0,210	0,218	0,163	0,000	0,000
12,000	-17,330	-17,315	-17,245	-17,158	-17,076	-17,036	-17,019	-16,992	-16,957	-16,954	-16,919	-16,860	-16,777	-16,625	-16,445	0,056	0,138	0,148	0,177	0,165	0,153	0,151	0,151	0,163	0,167	0,206	0,264	0,307	0,334	0,262	0,000	0,000
13,000	-8,027	-8,141	-8,080	-8,118	-8,089	-8,082	-8,072	-8,053	-8,031	-7,998	-7,941	-7,874	-7,774	-7,609	-7,404	-0,080	-0,022	-0,003	0,030	0,052	0,084	0,107	0,127	0,153	0,200	0,246	0,300	0,356	0,383	0,305	0,000	0,000
14,000	-11,675	-11,625	-11,641	-11,604	-11,585	-11,563	-11,541	-11,541	-11,530	-11,522	-11,498	-11,465	-11,392	-11,249	-11,060	-0,115	-0,081	-0,010	0,033	0,044	0,059	0,070	0,076	0,084	0,116	0,157	0,216	0,287	0,323	0,266	0,000	0,000
15,000	-8,830	-9,013	-8,903	-8,936	-8,882	-8,887	-8,880	-8,863	-8,849	-8,841	-8,823	-8,792	-8,750	-8,684	-8,607	-0,314	-0,034	-0,043	0,024	0,034	0,052	0,054	0,067	0,071	0,081	0,106	0,122	0,140	0,152	0,128	0,000	0,000
	run	27	2022:11:08    11:21:19,292
0,000	-12,824	-12,924	-12,950	-13,021	-13,036	-13,050	-13,058	-13,060	-13,059	-13,069	-13,057	-13,025	-12,981	-12,899	-12,788	-0,283	-0,197	-0,166	-0,099	-0,075	-0,044	-0,024	-0,005	0,016	0,042	0,077	0,119	0,161	0,182	0,149	0,000	0,000
1,000	-16,375	-16,409	-16,358	-16,220	-16,090	-15,995	-15,944	-15,900	-15,854	-15,823	-15,778	-15,735	-15,687	-15,600	-15,495	-0,136	0,058	0,130	0,250	0,272	0,260	0,250	0,219	0,213	0,199	0,199	0,208	0,208	0,214	0,158	0,000	0,000
2,000	-10,108	-10,124	-10,113	-9,995	-9,898	-9,826	-9,783	-9,745	-9,699	-9,665	-9,609	-9,538	-9,444	-9,304	-9,140	-0,069	0,041	0,102	0,206	0,225	0,214	0,222	0,223	0,234	0,242	0,271	0,300	0,324	0,333	0,249	0,000	0,000
3,000	-20,396	-20,484	-20,467	-20,239	-20,046	-19,923	-19,857	-19,800	-19,747	-19,744	-19,707	-19,669	-19,620	-19,519	-19,411	-0,254	0,025	0,146	0,350	0,369	0,313	0,285	0,254	0,223	0,188	0,186	0,205	0,214	0,221	0,168	0,000	0,000
4,000	-10,989	-10,954	-10,815	-10,790	-10,758	-10,761	-10,767	-10,766	-10,765	-10,750	-10,730	-10,681	-10,592	-10,446	-10,250	-0,048	0,136	0,098	0,077	0,059	0,052	0,059	0,065	0,087	0,126	0,191	0,243	0,301	0,341	0,278	0,000	0,000
5,000	-7,993	-7,248	-7,188	-6,954	-6,908	-6,839	-6,817	-6,804	-6,770	-6,756	-6,708	-6,645	-6,559	-6,388	-6,185	2,394	1,333	0,987	0,544	0,403	0,289	0,262	0,232	0,233	0,231	0,264	0,313	0,357	0,388	0,301	0,000	0,000
6,000	-4,856	-4,476	-4,283	-4,081	-3,992	-3,934	-3,907	-3,880	-3,851	-3,826	-3,774	-3,739	-3,656	-3,536	-3,369	1,563	1,022	0,774	0,484	0,376	0,301	0,261	0,224	0,219	0,213	0,236	0,262	0,289	0,302	0,240	0,000	0,000
7,000	-7,088	-6,995	-6,961	-6,849	-6,786	-6,755	-6,741	-6,727	-6,702	-6,701	-6,680	-6,661	-6,637	-6,587	-6,536	0,137	0,143	0,151	0,167	0,140	0,113	0,105	0,093	0,087	0,082	0,089	0,095	0,103	0,108	0,085	0,000	0,000
8,000	-20,472	-20,731	-20,739	-20,912	-20,915	-20,973	-21,010	-21,050	-21,076	-21,128	-21,144	-21,155	-21,161	-21,127	-21,065	-0,483	-0,297	-0,295	-0,206	-0,170	-0,173	-0,158	-0,156	-0,131	-0,104	-0,063	-0,021	0,015	0,063	0,065	0,000	0,000
9,000	-9,922	-9,877	-9,786	-9,559	-9,410	-9,288	-9,222	-9,170	-9,114	-9,071	-9,013	-8,945	-8,861	-8,730	-8,571	0,092	0,197	0,279	0,380	0,382	0,351	0,327	0,298	0,283	0,271	0,287	0,303	0,318	0,323	0,244	0,000	0,000
10,000	-10,100	-10,050	-9,892	-9,723	-9,617	-9,584	-9,560	-9,538	-9,510	-9,505	-9,485	-9,438	-9,362	-9,243	-9,100	0,015	0,229	0,243	0,256	0,205	0,185	0,161	0,149	0,144	0,159	0,180	0,212	0,252	0,274	0,217	0,000	0,000
11,000	-9,766	-9,631	-9,608	-9,453	-9,379	-9,335	-9,310	-9,286	-9,261	-9,247	-9,218	-9,168	-9,114	-9,019	-8,905	0,183	0,183	0,198	0,209	0,192	0,154	0,151	0,143	0,145	0,142	0,170	0,191	0,210	0,216	0,171	0,000	0,000
12,000	-17,776	-17,761	-17,690	-17,621	-17,531	-17,484	-17,458	-17,432	-17,401	-17,401	-17,356	-17,300	-17,210	-17,052	-16,870	0,049	0,133	0,155	0,183	0,171	0,157	0,163	0,161	0,172	0,176	0,224	0,269	0,316	0,337	0,272	0,000	0,000
13,000	-8,226	-8,310	-8,264	-8,286	-8,259	-8,252	-8,242	-8,220	-8,198	-8,167	-8,113	-8,042	-7,934	-7,761	-7,540	-0,065	-0,003	0,007	0,025	0,061	0,087	0,111	0,131	0,160	0,204	0,263	0,319	0,371	0,404	0,320	0,000	0,000
14,000	-11,996	-11,940	-11,960	-11,929	-11,899	-11,874	-11,862	-11,855	-11,842	-11,844	-11,822	-11,771	-11,692	-11,554	-11,366	-0,168	-0,087	-0,026	0,038	0,064	0,065	0,068	0,077	0,093	0,126	0,173	0,236	0,292	0,331	0,272	0,000	0,000
15,000	-9,009	-9,181	-9,066	-9,091	-9,043	-9,049	-9,043	-9,022	-9,006	-9,006	-8,987	-8,955	-8,913	-8,842	-8,760	-0,314	-0,031	-0,037	0,023	0,036	0,051	0,050	0,068	0,078	0,086	0,106	0,127	0,146	0,159	0,127	0,000	0,000
