Device: PM2003001		2022:11:08    11:40:12,098  (DLL version: 1.20;  Status: HW:v1.02 SW:v1.3 CRC:31ED BATTERY:4154mV ST:0 ERR:0000;  MUX data; S: 92 I:143 R:200.000 C:1.094p F:)
Excitation level, V:	2,00
Voltage Channel Gain:	5
Current Channel Gain:	1
Voltmeter Range, V:	0,6
Ampermeter Range, A:	15,0m
Step Period, ms:	5
R transimp:	200
C transimp:	1,1p
Measurement Table: 	EEPROM  16

Freq, Hz	1,0k	2,0k	3,0k	7,0k	11,0k	17,0k	23,0k	31,0k	43,0k	61,0k	89,0k	127,0k	179,0k	251,0k	349,0k	1,0k	2,0k	3,0k	7,0k	11,0k	17,0k	23,0k	31,0k	43,0k	61,0k	89,0k	127,0k	179,0k	251,0k	349,0k
	run	1	2022:11:08    11:40:12,100
MUX	Re1, ohm	Re2, ohm	Re3, ohm	Re4, ohm	Re5, ohm	Re6, ohm	Re7, ohm	Re8, ohm	Re9, ohm	Re10, ohm	Re11, ohm	Re12, ohm	Re13, ohm	Re14, ohm	Re15, ohm	Im1, ohm	Im2, ohm	Im3, ohm	Im4, ohm	Im5, ohm	Im6, ohm	Im7, ohm	Im8, ohm	Im9, ohm	Im10, ohm	Im11, ohm	Im12, ohm	Im13, ohm	Im14, ohm	Im15, ohm	U, V	I, mA

0,000	-13,339	-13,419	-13,475	-13,573	-13,606	-13,630	-13,639	-13,652	-13,653	-13,661	-13,653	-13,633	-13,588	-13,501	-13,393	-0,306	-0,241	-0,205	-0,141	-0,109	-0,073	-0,049	-0,031	-0,003	0,022	0,065	0,108	0,154	0,178	0,144	0,000	0,000
1,000	-17,282	-17,315	-17,236	-17,006	-16,829	-16,699	-16,624	-16,565	-16,501	-16,466	-16,400	-16,353	-16,285	-16,190	-16,081	-0,164	0,091	0,190	0,373	0,389	0,353	0,337	0,304	0,285	0,258	0,251	0,254	0,250	0,244	0,179	0,000	0,000
2,000	-10,992	-11,032	-11,005	-10,867	-10,764	-10,695	-10,644	-10,606	-10,549	-10,513	-10,439	-10,361	-10,265	-10,106	-9,932	-0,135	0,013	0,107	0,217	0,245	0,228	0,240	0,247	0,252	0,268	0,303	0,331	0,353	0,362	0,272	0,000	0,000
3,000	-22,537	-22,459	-22,364	-21,977	-21,765	-21,627	-21,555	-21,503	-21,460	-21,449	-21,426	-21,399	-21,361	-21,280	-21,183	-0,006	0,254	0,380	0,509	0,468	0,380	0,327	0,275	0,228	0,182	0,161	0,182	0,181	0,191	0,140	0,000	0,000
4,000	-10,243	-9,851	-9,604	-9,496	-9,440	-9,430	-9,429	-9,419	-9,419	-9,399	-9,375	-9,324	-9,243	-9,106	-8,934	1,057	0,841	0,588	0,307	0,218	0,164	0,151	0,133	0,131	0,154	0,192	0,241	0,289	0,317	0,259	0,000	0,000
5,000	-8,094	-7,322	-7,251	-7,010	-6,934	-6,873	-6,847	-6,837	-6,799	-6,788	-6,738	-6,661	-6,554	-6,356	-6,101	2,494	1,383	1,037	0,585	0,428	0,302	0,280	0,253	0,253	0,256	0,309	0,365	0,425	0,462	0,367	0,000	0,000
6,000	-7,425	-7,196	-7,021	-6,812	-6,688	-6,620	-6,589	-6,555	-6,515	-6,486	-6,432	-6,383	-6,299	-6,167	-6,007	0,705	0,598	0,517	0,406	0,339	0,279	0,256	0,236	0,230	0,229	0,247	0,275	0,302	0,310	0,244	0,000	0,000
7,000	-7,167	-7,140	-7,112	-7,052	-7,000	-6,963	-6,944	-6,934	-6,917	-6,914	-6,903	-6,881	-6,859	-6,817	-6,774	-0,057	0,026	0,052	0,110	0,100	0,088	0,087	0,079	0,077	0,067	0,071	0,079	0,089	0,091	0,068	0,000	0,000
8,000	-19,392	-19,598	-19,593	-19,723	-19,706	-19,750	-19,783	-19,815	-19,829	-19,872	-19,889	-19,907	-19,895	-19,853	-19,792	-0,358	-0,201	-0,201	-0,156	-0,130	-0,128	-0,113	-0,117	-0,090	-0,080	-0,035	0,000	0,037	0,072	0,068	0,000	0,000
9,000	-9,225	-9,181	-9,136	-8,958	-8,835	-8,726	-8,663	-8,619	-8,573	-8,529	-8,480	-8,428	-8,346	-8,232	-8,096	0,082	0,152	0,204	0,320	0,322	0,298	0,287	0,260	0,245	0,240	0,249	0,265	0,280	0,284	0,214	0,000	0,000
10,000	-9,045	-9,066	-8,988	-8,917	-8,854	-8,827	-8,817	-8,798	-8,777	-8,773	-8,751	-8,718	-8,655	-8,564	-8,455	-0,089	0,086	0,092	0,125	0,113	0,105	0,107	0,101	0,104	0,116	0,137	0,163	0,195	0,210	0,167	0,000	0,000
11,000	-9,276	-9,199	-9,175	-9,057	-8,992	-8,939	-8,908	-8,884	-8,857	-8,835	-8,802	-8,755	-8,691	-8,592	-8,471	0,107	0,123	0,138	0,180	0,180	0,158	0,160	0,151	0,155	0,158	0,184	0,208	0,223	0,234	0,182	0,000	0,000
12,000	-14,570	-14,555	-14,498	-14,446	-14,393	-14,376	-14,372	-14,366	-14,353	-14,364	-14,342	-14,307	-14,257	-14,146	-14,013	0,046	0,108	0,102	0,105	0,091	0,067	0,074	0,067	0,083	0,093	0,130	0,170	0,207	0,238	0,190	0,000	0,000
13,000	-8,167	-8,238	-8,204	-8,221	-8,194	-8,177	-8,165	-8,146	-8,121	-8,080	-8,035	-7,963	-7,861	-7,702	-7,499	-0,065	0,002	-0,000	0,039	0,068	0,096	0,117	0,138	0,162	0,198	0,250	0,304	0,349	0,371	0,295	0,000	0,000
14,000	-11,786	-11,637	-11,707	-11,651	-11,642	-11,614	-11,596	-11,601	-11,584	-11,580	-11,561	-11,525	-11,446	-11,305	-11,111	-0,002	-0,057	0,005	0,056	0,057	0,054	0,067	0,074	0,089	0,110	0,165	0,215	0,278	0,325	0,262	0,000	0,000
15,000	-9,187	-9,222	-9,203	-9,181	-9,143	-9,146	-9,137	-9,120	-9,096	-9,087	-9,069	-9,038	-8,987	-8,924	-8,838	-0,180	-0,032	-0,027	0,041	0,047	0,047	0,058	0,074	0,077	0,089	0,112	0,130	0,149	0,160	0,129	0,000	0,000
	run	2	2022:11:08    11:40:12,201
0,000	-13,650	-13,746	-13,777	-13,884	-13,913	-13,936	-13,954	-13,960	-13,966	-13,968	-13,961	-13,940	-13,891	-13,801	-13,691	-0,333	-0,246	-0,216	-0,139	-0,113	-0,078	-0,048	-0,027	-0,005	0,026	0,069	0,117	0,160	0,187	0,152	0,000	0,000
1,000	-17,217	-17,277	-17,189	-16,969	-16,784	-16,657	-16,582	-16,523	-16,458	-16,417	-16,360	-16,312	-16,245	-16,151	-16,036	-0,175	0,083	0,203	0,366	0,389	0,359	0,336	0,308	0,286	0,262	0,256	0,256	0,248	0,240	0,184	0,000	0,000
2,000	-10,881	-10,919	-10,895	-10,766	-10,660	-10,590	-10,548	-10,503	-10,448	-10,414	-10,348	-10,273	-10,175	-10,025	-9,860	-0,135	0,016	0,095	0,219	0,235	0,225	0,241	0,237	0,250	0,260	0,293	0,314	0,339	0,342	0,260	0,000	0,000
3,000	-21,615	-21,578	-21,537	-21,196	-20,976	-20,835	-20,765	-20,716	-20,658	-20,654	-20,623	-20,593	-20,560	-20,478	-20,386	-0,098	0,150	0,286	0,468	0,454	0,370	0,321	0,274	0,230	0,183	0,170	0,180	0,182	0,190	0,140	0,000	0,000
4,000	-10,116	-9,728	-9,482	-9,355	-9,314	-9,305	-9,299	-9,286	-9,284	-9,267	-9,240	-9,199	-9,115	-8,986	-8,812	1,056	0,842	0,599	0,312	0,220	0,170	0,148	0,135	0,138	0,155	0,192	0,235	0,282	0,310	0,250	0,000	0,000
5,000	-7,933	-7,191	-7,121	-6,877	-6,809	-6,746	-6,720	-6,709	-6,675	-6,671	-6,629	-6,548	-6,432	-6,229	-5,988	2,438	1,366	1,007	0,578	0,424	0,300	0,273	0,254	0,250	0,252	0,301	0,370	0,429	0,458	0,369	0,000	0,000
6,000	-7,452	-7,234	-7,064	-6,853	-6,736	-6,675	-6,640	-6,603	-6,562	-6,536	-6,487	-6,428	-6,349	-6,211	-6,046	0,704	0,579	0,505	0,393	0,333	0,275	0,258	0,236	0,229	0,231	0,255	0,282	0,309	0,317	0,247	0,000	0,000
7,000	-7,297	-7,261	-7,214	-7,131	-7,074	-7,038	-7,020	-7,003	-6,982	-6,983	-6,967	-6,946	-6,923	-6,875	-6,826	-0,019	0,048	0,092	0,135	0,122	0,106	0,098	0,087	0,081	0,079	0,082	0,091	0,096	0,101	0,074	0,000	0,000
8,000	-19,628	-19,883	-19,874	-20,025	-20,025	-20,074	-20,118	-20,138	-20,158	-20,208	-20,218	-20,237	-20,235	-20,194	-20,139	-0,378	-0,243	-0,231	-0,179	-0,151	-0,147	-0,131	-0,121	-0,105	-0,085	-0,043	-0,013	0,025	0,068	0,063	0,000	0,000
9,000	-9,423	-9,356	-9,272	-9,066	-8,927	-8,807	-8,743	-8,698	-8,645	-8,602	-8,552	-8,501	-8,414	-8,291	-8,145	0,117	0,200	0,268	0,357	0,364	0,325	0,304	0,271	0,260	0,256	0,260	0,283	0,297	0,297	0,228	0,000	0,000
10,000	-9,158	-9,201	-9,101	-9,025	-8,952	-8,928	-8,913	-8,896	-8,869	-8,870	-8,847	-8,809	-8,752	-8,659	-8,547	-0,084	0,092	0,096	0,137	0,120	0,120	0,110	0,116	0,105	0,121	0,139	0,163	0,193	0,209	0,171	0,000	0,000
11,000	-9,277	-9,189	-9,165	-9,045	-8,969	-8,921	-8,892	-8,871	-8,841	-8,820	-8,783	-8,742	-8,677	-8,584	-8,463	0,089	0,134	0,153	0,191	0,185	0,160	0,158	0,149	0,154	0,158	0,182	0,206	0,223	0,232	0,178	0,000	0,000
12,000	-14,085	-14,081	-14,014	-13,966	-13,924	-13,907	-13,903	-13,894	-13,884	-13,900	-13,881	-13,844	-13,792	-13,688	-13,560	0,042	0,094	0,094	0,101	0,090	0,061	0,067	0,061	0,077	0,087	0,121	0,166	0,197	0,228	0,182	0,000	0,000
13,000	-7,951	-8,039	-7,990	-8,023	-7,998	-7,985	-7,970	-7,948	-7,922	-7,891	-7,838	-7,771	-7,666	-7,514	-7,321	-0,078	-0,016	-0,009	0,032	0,067	0,093	0,116	0,133	0,162	0,196	0,240	0,298	0,341	0,364	0,289	0,000	0,000
14,000	-11,645	-11,520	-11,620	-11,539	-11,544	-11,514	-11,493	-11,492	-11,487	-11,481	-11,468	-11,426	-11,348	-11,213	-11,024	0,001	-0,064	-0,007	0,052	0,059	0,048	0,061	0,067	0,090	0,112	0,160	0,202	0,279	0,323	0,264	0,000	0,000
15,000	-9,210	-9,265	-9,250	-9,214	-9,184	-9,184	-9,169	-9,155	-9,136	-9,123	-9,105	-9,071	-9,029	-8,956	-8,877	-0,162	-0,026	-0,020	0,043	0,047	0,056	0,067	0,078	0,077	0,093	0,115	0,128	0,150	0,163	0,129	0,000	0,000
	run	3	2022:11:08    11:40:12,301
0,000	-13,812	-13,900	-13,950	-14,051	-14,088	-14,102	-14,126	-14,130	-14,134	-14,143	-14,142	-14,114	-14,069	-13,982	-13,873	-0,308	-0,252	-0,211	-0,141	-0,117	-0,084	-0,054	-0,031	-0,005	0,025	0,061	0,110	0,155	0,178	0,150	0,000	0,000
1,000	-17,451	-17,508	-17,423	-17,187	-17,008	-16,877	-16,804	-16,746	-16,678	-16,647	-16,581	-16,529	-16,477	-16,378	-16,269	-0,140	0,117	0,214	0,375	0,400	0,356	0,337	0,302	0,277	0,254	0,246	0,246	0,239	0,238	0,172	0,000	0,000
2,000	-10,755	-10,795	-10,775	-10,657	-10,555	-10,480	-10,442	-10,404	-10,353	-10,313	-10,255	-10,176	-10,081	-9,942	-9,777	-0,147	-0,007	0,077	0,202	0,228	0,219	0,227	0,227	0,241	0,254	0,279	0,310	0,330	0,334	0,250	0,000	0,000
3,000	-20,970	-20,961	-20,930	-20,619	-20,413	-20,276	-20,205	-20,150	-20,103	-20,087	-20,061	-20,039	-20,004	-19,924	-19,833	-0,144	0,105	0,238	0,423	0,426	0,354	0,311	0,266	0,224	0,181	0,167	0,174	0,173	0,179	0,133	0,000	0,000
4,000	-9,467	-9,076	-8,828	-8,695	-8,639	-8,630	-8,629	-8,618	-8,617	-8,608	-8,585	-8,545	-8,469	-8,349	-8,186	1,044	0,831	0,597	0,314	0,217	0,159	0,138	0,119	0,121	0,137	0,174	0,212	0,256	0,284	0,232	0,000	0,000
5,000	-7,482	-6,779	-6,718	-6,520	-6,448	-6,395	-6,364	-6,359	-6,313	-6,306	-6,263	-6,203	-6,099	-5,917	-5,696	2,356	1,290	0,960	0,531	0,395	0,282	0,262	0,237	0,234	0,236	0,273	0,330	0,384	0,410	0,330	0,000	0,000
6,000	-7,175	-6,974	-6,825	-6,629	-6,516	-6,449	-6,423	-6,387	-6,347	-6,321	-6,271	-6,219	-6,137	-6,013	-5,855	0,668	0,554	0,472	0,378	0,328	0,265	0,244	0,224	0,222	0,220	0,242	0,268	0,293	0,300	0,235	0,000	0,000
7,000	-7,168	-7,145	-7,125	-7,041	-6,984	-6,946	-6,923	-6,912	-6,901	-6,893	-6,880	-6,861	-6,827	-6,782	-6,735	-0,042	0,034	0,078	0,131	0,117	0,097	0,091	0,080	0,083	0,078	0,083	0,093	0,102	0,106	0,077	0,000	0,000
8,000	-20,237	-20,492	-20,494	-20,649	-20,654	-20,700	-20,736	-20,758	-20,773	-20,823	-20,825	-20,852	-20,843	-20,780	-20,721	-0,370	-0,244	-0,247	-0,175	-0,142	-0,138	-0,120	-0,111	-0,089	-0,080	-0,042	0,007	0,037	0,080	0,076	0,000	0,000
9,000	-9,737	-9,672	-9,585	-9,345	-9,196	-9,082	-9,014	-8,967	-8,914	-8,884	-8,825	-8,768	-8,682	-8,557	-8,410	0,137	0,231	0,302	0,388	0,379	0,335	0,313	0,289	0,266	0,250	0,269	0,288	0,303	0,306	0,231	0,000	0,000
10,000	-9,667	-9,681	-9,570	-9,448	-9,360	-9,333	-9,306	-9,290	-9,264	-9,261	-9,232	-9,194	-9,134	-9,039	-8,924	-0,035	0,145	0,150	0,190	0,158	0,145	0,137	0,129	0,125	0,136	0,160	0,176	0,207	0,221	0,174	0,000	0,000
11,000	-9,473	-9,376	-9,341	-9,195	-9,112	-9,057	-9,026	-9,005	-8,973	-8,951	-8,917	-8,872	-8,800	-8,702	-8,574	0,107	0,164	0,184	0,222	0,207	0,177	0,176	0,164	0,163	0,169	0,191	0,213	0,236	0,247	0,192	0,000	0,000
12,000	-14,274	-14,281	-14,219	-14,174	-14,122	-14,111	-14,105	-14,104	-14,093	-14,105	-14,081	-14,043	-13,999	-13,885	-13,761	0,034	0,091	0,087	0,093	0,086	0,065	0,066	0,066	0,076	0,089	0,118	0,164	0,204	0,233	0,186	0,000	0,000
13,000	-8,040	-8,102	-8,070	-8,085	-8,064	-8,055	-8,030	-8,014	-7,991	-7,956	-7,910	-7,839	-7,732	-7,573	-7,376	-0,052	-0,005	-0,004	0,036	0,066	0,094	0,114	0,136	0,163	0,197	0,246	0,301	0,347	0,368	0,292	0,000	0,000
14,000	-11,787	-11,659	-11,732	-11,678	-11,666	-11,638	-11,621	-11,615	-11,610	-11,604	-11,584	-11,545	-11,467	-11,322	-11,128	-0,032	-0,068	-0,002	0,051	0,066	0,056	0,070	0,075	0,085	0,104	0,153	0,218	0,285	0,322	0,268	0,000	0,000
15,000	-9,331	-9,371	-9,362	-9,332	-9,295	-9,300	-9,284	-9,267	-9,247	-9,239	-9,218	-9,186	-9,136	-9,066	-8,980	-0,149	-0,032	-0,023	0,044	0,044	0,058	0,069	0,079	0,082	0,097	0,115	0,134	0,154	0,168	0,132	0,000	0,000
	run	4	2022:11:08    11:40:12,349
0,000	-13,670	-13,769	-13,816	-13,907	-13,948	-13,970	-13,978	-13,991	-13,996	-14,005	-14,001	-13,977	-13,934	-13,849	-13,743	-0,310	-0,236	-0,207	-0,148	-0,114	-0,084	-0,055	-0,037	-0,011	0,017	0,059	0,106	0,145	0,175	0,142	0,000	0,000
1,000	-17,200	-17,253	-17,180	-16,966	-16,784	-16,662	-16,597	-16,535	-16,469	-16,434	-16,376	-16,328	-16,268	-16,177	-16,071	-0,156	0,084	0,184	0,350	0,384	0,345	0,320	0,288	0,266	0,248	0,239	0,232	0,236	0,230	0,171	0,000	0,000
2,000	-10,755	-10,795	-10,775	-10,657	-10,555	-10,480	-10,442	-10,404	-10,353	-10,313	-10,255	-10,176	-10,081	-9,942	-9,777	-0,147	-0,007	0,077	0,202	0,228	0,219	0,227	0,227	0,241	0,254	0,279	0,310	0,330	0,334	0,250	0,000	0,000
3,000	-20,970	-20,961	-20,930	-20,619	-20,413	-20,276	-20,205	-20,150	-20,103	-20,087	-20,061	-20,039	-20,004	-19,924	-19,833	-0,144	0,105	0,238	0,423	0,426	0,354	0,311	0,266	0,224	0,181	0,167	0,174	0,173	0,179	0,133	0,000	0,000
4,000	-9,467	-9,076	-8,828	-8,695	-8,639	-8,630	-8,629	-8,618	-8,617	-8,608	-8,585	-8,545	-8,469	-8,349	-8,186	1,044	0,831	0,597	0,314	0,217	0,159	0,138	0,119	0,121	0,137	0,174	0,212	0,256	0,284	0,232	0,000	0,000
5,000	-7,482	-6,779	-6,718	-6,520	-6,448	-6,395	-6,364	-6,359	-6,313	-6,306	-6,263	-6,203	-6,099	-5,917	-5,696	2,356	1,290	0,960	0,531	0,395	0,282	0,262	0,237	0,234	0,236	0,273	0,330	0,384	0,410	0,330	0,000	0,000
6,000	-7,175	-6,974	-6,825	-6,629	-6,516	-6,449	-6,423	-6,387	-6,347	-6,321	-6,271	-6,219	-6,137	-6,013	-5,855	0,668	0,554	0,472	0,378	0,328	0,265	0,244	0,224	0,222	0,220	0,242	0,268	0,293	0,300	0,235	0,000	0,000
7,000	-7,168	-7,145	-7,125	-7,041	-6,984	-6,946	-6,923	-6,912	-6,901	-6,893	-6,880	-6,861	-6,827	-6,782	-6,735	-0,042	0,034	0,078	0,131	0,117	0,097	0,091	0,080	0,083	0,078	0,083	0,093	0,102	0,106	0,077	0,000	0,000
8,000	-19,765	-19,980	-19,994	-20,137	-20,131	-20,191	-20,223	-20,247	-20,263	-20,311	-20,327	-20,340	-20,330	-20,291	-20,233	-0,348	-0,222	-0,240	-0,173	-0,143	-0,138	-0,126	-0,117	-0,099	-0,083	-0,038	0,001	0,033	0,070	0,067	0,000	0,000
9,000	-9,701	-9,647	-9,568	-9,349	-9,202	-9,087	-9,024	-8,973	-8,924	-8,887	-8,827	-8,775	-8,686	-8,566	-8,412	0,144	0,211	0,279	0,370	0,372	0,328	0,311	0,284	0,265	0,260	0,266	0,286	0,306	0,312	0,232	0,000	0,000
10,000	-9,540	-9,552	-9,429	-9,294	-9,208	-9,174	-9,151	-9,137	-9,106	-9,102	-9,080	-9,044	-8,976	-8,876	-8,758	-0,032	0,166	0,176	0,203	0,176	0,153	0,142	0,130	0,125	0,139	0,159	0,182	0,218	0,222	0,180	0,000	0,000
11,000	-9,577	-9,469	-9,437	-9,276	-9,198	-9,142	-9,112	-9,088	-9,055	-9,033	-8,999	-8,947	-8,879	-8,771	-8,643	0,140	0,179	0,196	0,221	0,212	0,182	0,181	0,166	0,166	0,177	0,199	0,228	0,245	0,261	0,203	0,000	0,000
12,000	-15,326	-15,318	-15,268	-15,207	-15,151	-15,138	-15,130	-15,127	-15,105	-15,127	-15,096	-15,066	-15,014	-14,889	-14,754	0,044	0,098	0,096	0,108	0,099	0,072	0,076	0,074	0,085	0,090	0,135	0,175	0,220	0,251	0,202	0,000	0,000
13,000	-8,442	-8,510	-8,456	-8,478	-8,452	-8,440	-8,423	-8,397	-8,370	-8,338	-8,282	-8,215	-8,107	-7,941	-7,729	-0,064	0,001	0,014	0,043	0,072	0,102	0,120	0,143	0,170	0,207	0,254	0,314	0,361	0,385	0,308	0,000	0,000
14,000	-12,137	-11,969	-12,052	-11,984	-11,973	-11,944	-11,926	-11,930	-11,912	-11,905	-11,885	-11,849	-11,763	-11,616	-11,421	-0,009	-0,062	-0,013	0,058	0,069	0,057	0,073	0,069	0,089	0,120	0,169	0,222	0,296	0,342	0,282	0,000	0,000
15,000	-9,403	-9,446	-9,440	-9,405	-9,377	-9,372	-9,356	-9,340	-9,323	-9,310	-9,289	-9,254	-9,207	-9,140	-9,052	-0,148	-0,030	-0,018	0,048	0,048	0,057	0,068	0,082	0,083	0,100	0,117	0,137	0,156	0,160	0,131	0,000	0,000
	run	5	2022:11:08    11:40:12,449
0,000	-13,242	-13,324	-13,367	-13,453	-13,480	-13,500	-13,511	-13,525	-13,523	-13,535	-13,526	-13,504	-13,467	-13,380	-13,282	-0,303	-0,221	-0,195	-0,128	-0,102	-0,074	-0,047	-0,028	-0,005	0,019	0,061	0,108	0,143	0,166	0,135	0,000	0,000
1,000	-16,504	-16,563	-16,504	-16,324	-16,170	-16,054	-15,986	-15,938	-15,869	-15,834	-15,775	-15,729	-15,672	-15,582	-15,474	-0,216	0,025	0,136	0,306	0,338	0,315	0,301	0,274	0,253	0,239	0,238	0,235	0,227	0,227	0,175	0,000	0,000
2,000	-10,297	-10,354	-10,340	-10,231	-10,134	-10,057	-10,021	-9,983	-9,929	-9,899	-9,838	-9,765	-9,681	-9,545	-9,400	-0,150	-0,018	0,063	0,187	0,213	0,210	0,211	0,219	0,233	0,232	0,263	0,285	0,305	0,310	0,232	0,000	0,000
3,000	-20,725	-20,731	-20,719	-20,429	-20,239	-20,112	-20,048	-19,997	-19,944	-19,939	-19,908	-19,880	-19,850	-19,776	-19,693	-0,169	0,078	0,198	0,393	0,387	0,323	0,286	0,243	0,207	0,170	0,158	0,163	0,163	0,169	0,126	0,000	0,000
4,000	-9,372	-8,987	-8,743	-8,605	-8,549	-8,538	-8,538	-8,532	-8,526	-8,514	-8,491	-8,458	-8,384	-8,268	-8,113	1,028	0,830	0,606	0,313	0,225	0,163	0,139	0,122	0,121	0,136	0,175	0,208	0,250	0,272	0,224	0,000	0,000
5,000	-7,409	-6,707	-6,667	-6,439	-6,384	-6,326	-6,297	-6,291	-6,247	-6,243	-6,201	-6,137	-6,038	-5,861	-5,644	2,343	1,285	0,954	0,523	0,383	0,279	0,258	0,234	0,228	0,232	0,268	0,323	0,375	0,404	0,324	0,000	0,000
6,000	-7,026	-6,834	-6,690	-6,501	-6,393	-6,329	-6,293	-6,268	-6,231	-6,212	-6,156	-6,103	-6,022	-5,891	-5,740	0,650	0,539	0,461	0,357	0,310	0,258	0,241	0,218	0,212	0,221	0,241	0,266	0,288	0,305	0,234	0,000	0,000
7,000	-7,051	-7,019	-6,992	-6,921	-6,852	-6,819	-6,800	-6,792	-6,776	-6,772	-6,756	-6,739	-6,713	-6,677	-6,622	-0,035	0,040	0,076	0,123	0,117	0,088	0,090	0,079	0,076	0,068	0,075	0,082	0,093	0,097	0,072	0,000	0,000
8,000	-19,683	-19,890	-19,892	-20,040	-20,037	-20,087	-20,120	-20,141	-20,166	-20,206	-20,226	-20,229	-20,231	-20,182	-20,130	-0,337	-0,230	-0,219	-0,167	-0,138	-0,140	-0,122	-0,115	-0,100	-0,082	-0,043	0,001	0,032	0,075	0,073	0,000	0,000
9,000	-9,587	-9,518	-9,454	-9,253	-9,116	-9,003	-8,941	-8,890	-8,840	-8,800	-8,750	-8,694	-8,607	-8,479	-8,339	0,093	0,182	0,245	0,345	0,350	0,318	0,305	0,277	0,258	0,252	0,266	0,286	0,298	0,302	0,228	0,000	0,000
10,000	-9,552	-9,546	-9,432	-9,275	-9,187	-9,147	-9,123	-9,107	-9,084	-9,075	-9,049	-9,008	-8,943	-8,839	-8,721	-0,024	0,181	0,192	0,220	0,185	0,163	0,150	0,142	0,137	0,140	0,168	0,190	0,225	0,235	0,186	0,000	0,000
11,000	-9,835	-9,727	-9,679	-9,527	-9,453	-9,389	-9,362	-9,336	-9,304	-9,281	-9,246	-9,193	-9,118	-9,005	-8,869	0,149	0,183	0,199	0,231	0,220	0,184	0,183	0,172	0,171	0,183	0,208	0,236	0,260	0,271	0,209	0,000	0,000
12,000	-15,667	-15,675	-15,615	-15,564	-15,518	-15,499	-15,494	-15,488	-15,470	-15,488	-15,458	-15,421	-15,368	-15,241	-15,097	0,017	0,081	0,090	0,099	0,092	0,072	0,072	0,075	0,081	0,098	0,150	0,185	0,230	0,257	0,209	0,000	0,000
13,000	-8,789	-8,812	-8,779	-8,782	-8,761	-8,740	-8,725	-8,701	-8,676	-8,636	-8,582	-8,507	-8,389	-8,214	-7,988	-0,011	0,015	0,028	0,052	0,082	0,108	0,127	0,154	0,184	0,224	0,274	0,337	0,389	0,415	0,330	0,000	0,000
14,000	-12,234	-12,137	-12,185	-12,126	-12,107	-12,078	-12,063	-12,057	-12,047	-12,047	-12,023	-11,984	-11,904	-11,758	-11,555	-0,039	-0,058	0,002	0,055	0,063	0,068	0,079	0,074	0,093	0,120	0,178	0,216	0,295	0,332	0,272	0,000	0,000
15,000	-9,242	-9,282	-9,281	-9,237	-9,213	-9,216	-9,197	-9,183	-9,164	-9,157	-9,136	-9,100	-9,060	-8,991	-8,913	-0,159	-0,035	-0,022	0,043	0,040	0,055	0,064	0,073	0,073	0,092	0,112	0,128	0,146	0,158	0,124	0,000	0,000
	run	6	2022:11:08    11:40:12,502
0,000	-13,242	-13,324	-13,367	-13,453	-13,480	-13,500	-13,511	-13,525	-13,523	-13,535	-13,526	-13,504	-13,467	-13,380	-13,282	-0,303	-0,221	-0,195	-0,128	-0,102	-0,074	-0,047	-0,028	-0,005	0,019	0,061	0,108	0,143	0,166	0,135	0,000	0,000
1,000	-16,504	-16,563	-16,504	-16,324	-16,170	-16,054	-15,986	-15,938	-15,869	-15,834	-15,775	-15,729	-15,672	-15,582	-15,474	-0,216	0,025	0,136	0,306	0,338	0,315	0,301	0,274	0,253	0,239	0,238	0,235	0,227	0,227	0,175	0,000	0,000
2,000	-10,297	-10,354	-10,340	-10,231	-10,134	-10,057	-10,021	-9,983	-9,929	-9,899	-9,838	-9,765	-9,681	-9,545	-9,400	-0,150	-0,018	0,063	0,187	0,213	0,210	0,211	0,219	0,233	0,232	0,263	0,285	0,305	0,310	0,232	0,000	0,000
3,000	-20,725	-20,731	-20,719	-20,429	-20,239	-20,112	-20,048	-19,997	-19,944	-19,939	-19,908	-19,880	-19,850	-19,776	-19,693	-0,169	0,078	0,198	0,393	0,387	0,323	0,286	0,243	0,207	0,170	0,158	0,163	0,163	0,169	0,126	0,000	0,000
4,000	-9,372	-8,987	-8,743	-8,605	-8,549	-8,538	-8,538	-8,532	-8,526	-8,514	-8,491	-8,458	-8,384	-8,268	-8,113	1,028	0,830	0,606	0,313	0,225	0,163	0,139	0,122	0,121	0,136	0,175	0,208	0,250	0,272	0,224	0,000	0,000
5,000	-7,409	-6,707	-6,667	-6,439	-6,384	-6,326	-6,297	-6,291	-6,247	-6,243	-6,201	-6,137	-6,038	-5,861	-5,644	2,343	1,285	0,954	0,523	0,383	0,279	0,258	0,234	0,228	0,232	0,268	0,323	0,375	0,404	0,324	0,000	0,000
6,000	-7,037	-6,816	-6,673	-6,493	-6,379	-6,324	-6,285	-6,255	-6,217	-6,197	-6,146	-6,091	-6,011	-5,887	-5,735	0,642	0,535	0,453	0,369	0,309	0,257	0,238	0,221	0,216	0,219	0,242	0,266	0,283	0,300	0,233	0,000	0,000
7,000	-6,951	-6,945	-6,919	-6,854	-6,804	-6,772	-6,752	-6,749	-6,727	-6,722	-6,707	-6,687	-6,667	-6,616	-6,568	-0,046	0,014	0,056	0,105	0,105	0,089	0,084	0,076	0,074	0,069	0,079	0,085	0,097	0,097	0,078	0,000	0,000
8,000	-19,703	-19,900	-19,918	-20,041	-20,031	-20,080	-20,104	-20,132	-20,144	-20,191	-20,195	-20,213	-20,205	-20,153	-20,085	-0,351	-0,196	-0,212	-0,156	-0,121	-0,128	-0,109	-0,105	-0,091	-0,072	-0,028	0,011	0,039	0,083	0,073	0,000	0,000
9,000	-9,682	-9,629	-9,561	-9,352	-9,212	-9,100	-9,034	-8,985	-8,934	-8,890	-8,838	-8,778	-8,696	-8,573	-8,419	0,083	0,179	0,260	0,359	0,357	0,324	0,309	0,284	0,268	0,256	0,269	0,290	0,306	0,313	0,235	0,000	0,000
10,000	-9,875	-9,856	-9,719	-9,546	-9,451	-9,411	-9,393	-9,375	-9,352	-9,349	-9,314	-9,277	-9,215	-9,112	-8,984	0,011	0,212	0,227	0,234	0,194	0,167	0,147	0,140	0,133	0,144	0,171	0,191	0,228	0,243	0,186	0,000	0,000
11,000	-10,077	-9,959	-9,915	-9,751	-9,668	-9,608	-9,580	-9,558	-9,526	-9,500	-9,461	-9,418	-9,346	-9,230	-9,091	0,166	0,204	0,217	0,236	0,218	0,189	0,182	0,169	0,175	0,182	0,202	0,235	0,261	0,267	0,208	0,000	0,000
12,000	-15,716	-15,714	-15,653	-15,610	-15,553	-15,533	-15,525	-15,518	-15,501	-15,521	-15,489	-15,455	-15,394	-15,275	-15,122	0,023	0,086	0,087	0,106	0,091	0,073	0,073	0,080	0,090	0,105	0,143	0,189	0,232	0,264	0,212	0,000	0,000
13,000	-8,637	-8,724	-8,656	-8,684	-8,653	-8,640	-8,627	-8,602	-8,572	-8,537	-8,485	-8,411	-8,291	-8,118	-7,900	-0,048	0,013	0,018	0,046	0,081	0,109	0,127	0,150	0,181	0,220	0,271	0,328	0,385	0,405	0,327	0,000	0,000
14,000	-12,141	-11,976	-12,079	-11,987	-11,982	-11,962	-11,934	-11,931	-11,914	-11,913	-11,891	-11,861	-11,781	-11,643	-11,447	0,034	-0,067	0,017	0,062	0,065	0,061	0,071	0,083	0,091	0,115	0,168	0,220	0,283	0,318	0,265	0,000	0,000
15,000	-9,057	-9,097	-9,089	-9,054	-9,026	-9,033	-9,022	-9,005	-8,985	-8,974	-8,958	-8,927	-8,887	-8,820	-8,739	-0,151	-0,031	-0,023	0,040	0,039	0,049	0,058	0,071	0,077	0,089	0,106	0,121	0,142	0,155	0,125	0,000	0,000
	run	7	2022:11:08    11:40:12,602
0,000	-13,104	-13,173	-13,232	-13,307	-13,342	-13,357	-13,364	-13,379	-13,375	-13,383	-13,378	-13,360	-13,315	-13,236	-13,138	-0,281	-0,230	-0,189	-0,124	-0,095	-0,069	-0,046	-0,021	0,000	0,021	0,065	0,107	0,146	0,168	0,137	0,000	0,000
1,000	-16,402	-16,468	-16,406	-16,224	-16,062	-15,947	-15,883	-15,829	-15,769	-15,732	-15,671	-15,629	-15,570	-15,485	-15,379	-0,222	0,032	0,131	0,304	0,344	0,315	0,300	0,271	0,255	0,237	0,236	0,233	0,227	0,225	0,165	0,000	0,000
2,000	-10,321	-10,374	-10,363	-10,256	-10,161	-10,092	-10,050	-10,009	-9,965	-9,928	-9,867	-9,796	-9,709	-9,574	-9,427	-0,154	-0,015	0,065	0,196	0,212	0,204	0,215	0,219	0,227	0,238	0,265	0,289	0,307	0,310	0,232	0,000	0,000
3,000	-20,739	-20,751	-20,747	-20,447	-20,257	-20,126	-20,060	-20,009	-19,954	-19,951	-19,917	-19,892	-19,863	-19,783	-19,699	-0,153	0,074	0,210	0,391	0,401	0,327	0,294	0,246	0,212	0,171	0,163	0,168	0,170	0,178	0,130	0,000	0,000
4,000	-9,478	-9,088	-8,826	-8,689	-8,638	-8,630	-8,628	-8,622	-8,619	-8,611	-8,584	-8,546	-8,470	-8,350	-8,202	1,055	0,832	0,607	0,325	0,220	0,160	0,144	0,125	0,119	0,138	0,169	0,212	0,254	0,281	0,228	0,000	0,000
5,000	-7,550	-6,861	-6,793	-6,580	-6,509	-6,460	-6,432	-6,427	-6,386	-6,377	-6,333	-6,264	-6,166	-5,983	-5,763	2,364	1,302	0,965	0,541	0,397	0,284	0,269	0,244	0,238	0,239	0,285	0,332	0,388	0,417	0,330	0,000	0,000
6,000	-7,166	-6,960	-6,804	-6,605	-6,496	-6,426	-6,395	-6,368	-6,323	-6,300	-6,249	-6,198	-6,111	-5,983	-5,822	0,676	0,556	0,484	0,382	0,324	0,271	0,247	0,229	0,223	0,225	0,247	0,278	0,299	0,309	0,243	0,000	0,000
7,000	-7,168	-7,142	-7,101	-7,033	-6,971	-6,936	-6,917	-6,907	-6,890	-6,882	-6,865	-6,844	-6,820	-6,763	-6,712	-0,035	0,045	0,069	0,124	0,120	0,099	0,091	0,085	0,084	0,074	0,086	0,096	0,105	0,111	0,083	0,000	0,000
8,000	-19,794	-20,017	-20,016	-20,175	-20,165	-20,215	-20,251	-20,272	-20,291	-20,339	-20,348	-20,369	-20,358	-20,314	-20,244	-0,378	-0,230	-0,243	-0,176	-0,146	-0,139	-0,123	-0,114	-0,094	-0,085	-0,038	0,004	0,038	0,081	0,071	0,000	0,000
9,000	-9,827	-9,721	-9,646	-9,404	-9,253	-9,140	-9,075	-9,023	-8,972	-8,934	-8,882	-8,822	-8,734	-8,600	-8,444	0,139	0,218	0,300	0,388	0,385	0,330	0,317	0,287	0,270	0,263	0,280	0,301	0,318	0,324	0,246	0,000	0,000
10,000	-9,947	-9,928	-9,788	-9,631	-9,535	-9,505	-9,482	-9,463	-9,440	-9,432	-9,397	-9,365	-9,301	-9,199	-9,075	0,015	0,216	0,222	0,235	0,191	0,162	0,149	0,139	0,130	0,144	0,166	0,184	0,221	0,235	0,186	0,000	0,000
11,000	-9,931	-9,822	-9,772	-9,617	-9,536	-9,481	-9,451	-9,427	-9,396	-9,374	-9,337	-9,288	-9,215	-9,106	-8,965	0,151	0,191	0,206	0,225	0,218	0,185	0,183	0,171	0,168	0,178	0,204	0,228	0,254	0,265	0,202	0,000	0,000
12,000	-15,322	-15,306	-15,258	-15,192	-15,139	-15,117	-15,113	-15,111	-15,099	-15,107	-15,082	-15,044	-14,989	-14,869	-14,722	0,030	0,095	0,098	0,118	0,097	0,071	0,080	0,073	0,085	0,095	0,145	0,178	0,226	0,258	0,209	0,000	0,000
13,000	-8,360	-8,430	-8,378	-8,403	-8,380	-8,361	-8,353	-8,326	-8,300	-8,263	-8,210	-8,141	-8,029	-7,864	-7,652	-0,044	0,003	0,014	0,047	0,073	0,100	0,121	0,142	0,172	0,206	0,257	0,313	0,367	0,388	0,310	0,000	0,000
14,000	-11,787	-11,641	-11,744	-11,668	-11,666	-11,637	-11,619	-11,618	-11,610	-11,602	-11,584	-11,547	-11,473	-11,334	-11,140	0,002	-0,063	-0,005	0,055	0,062	0,055	0,072	0,065	0,087	0,108	0,156	0,213	0,280	0,320	0,257	0,000	0,000
15,000	-8,974	-9,030	-9,014	-8,979	-8,950	-8,948	-8,935	-8,924	-8,900	-8,895	-8,874	-8,848	-8,805	-8,738	-8,659	-0,163	-0,031	-0,018	0,042	0,046	0,046	0,058	0,070	0,075	0,085	0,105	0,124	0,142	0,153	0,120	0,000	0,000
	run	8	2022:11:08    11:40:12,703
0,000	-13,228	-13,311	-13,343	-13,440	-13,474	-13,493	-13,506	-13,516	-13,517	-13,530	-13,524	-13,497	-13,456	-13,377	-13,277	-0,298	-0,234	-0,196	-0,126	-0,105	-0,073	-0,050	-0,030	-0,006	0,019	0,053	0,097	0,137	0,166	0,135	0,000	0,000
1,000	-16,892	-16,960	-16,882	-16,702	-16,535	-16,408	-16,343	-16,282	-16,221	-16,186	-16,131	-16,082	-16,021	-15,936	-15,832	-0,184	0,060	0,154	0,325	0,349	0,327	0,308	0,285	0,266	0,241	0,236	0,233	0,232	0,225	0,158	0,000	0,000
2,000	-10,453	-10,507	-10,497	-10,390	-10,289	-10,223	-10,176	-10,145	-10,091	-10,058	-9,997	-9,923	-9,834	-9,690	-9,538	-0,164	-0,010	0,071	0,199	0,218	0,217	0,223	0,219	0,234	0,243	0,267	0,299	0,318	0,314	0,240	0,000	0,000
3,000	-20,972	-20,963	-20,943	-20,629	-20,435	-20,302	-20,235	-20,179	-20,133	-20,124	-20,098	-20,072	-20,039	-19,959	-19,873	-0,158	0,092	0,229	0,414	0,411	0,340	0,297	0,251	0,213	0,173	0,160	0,174	0,170	0,178	0,131	0,000	0,000
4,000	-9,605	-9,209	-8,963	-8,832	-8,783	-8,777	-8,774	-8,771	-8,762	-8,754	-8,729	-8,690	-8,609	-8,489	-8,333	1,048	0,841	0,596	0,316	0,220	0,166	0,139	0,124	0,124	0,144	0,178	0,217	0,260	0,287	0,231	0,000	0,000
5,000	-7,701	-6,993	-6,927	-6,711	-6,632	-6,576	-6,552	-6,541	-6,504	-6,493	-6,451	-6,374	-6,263	-6,065	-5,824	2,392	1,325	0,984	0,555	0,410	0,297	0,275	0,251	0,246	0,258	0,300	0,354	0,413	0,446	0,357	0,000	0,000
6,000	-7,526	-7,302	-7,141	-6,922	-6,809	-6,743	-6,712	-6,677	-6,635	-6,609	-6,556	-6,496	-6,412	-6,263	-6,102	0,708	0,577	0,505	0,400	0,340	0,286	0,261	0,238	0,234	0,237	0,263	0,293	0,320	0,330	0,255	0,000	0,000
7,000	-7,532	-7,456	-7,410	-7,305	-7,244	-7,206	-7,189	-7,176	-7,160	-7,156	-7,143	-7,125	-7,099	-7,048	-6,999	0,024	0,100	0,123	0,146	0,129	0,101	0,098	0,082	0,081	0,080	0,079	0,095	0,103	0,106	0,083	0,000	0,000
8,000	-20,662	-20,927	-20,924	-21,120	-21,115	-21,171	-21,201	-21,234	-21,251	-21,300	-21,311	-21,324	-21,320	-21,269	-21,200	-0,429	-0,293	-0,285	-0,206	-0,165	-0,150	-0,134	-0,131	-0,098	-0,086	-0,037	0,002	0,036	0,079	0,081	0,000	0,000
9,000	-9,939	-9,851	-9,768	-9,510	-9,364	-9,252	-9,187	-9,138	-9,083	-9,039	-8,993	-8,930	-8,838	-8,708	-8,552	0,166	0,253	0,325	0,400	0,389	0,339	0,319	0,287	0,271	0,260	0,282	0,301	0,322	0,321	0,243	0,000	0,000
10,000	-9,512	-9,523	-9,409	-9,286	-9,200	-9,167	-9,148	-9,132	-9,103	-9,096	-9,068	-9,030	-8,968	-8,864	-8,749	-0,041	0,152	0,160	0,194	0,173	0,152	0,136	0,133	0,131	0,140	0,156	0,186	0,220	0,233	0,180	0,000	0,000
11,000	-9,481	-9,386	-9,346	-9,195	-9,116	-9,056	-9,027	-9,000	-8,966	-8,945	-8,908	-8,860	-8,793	-8,685	-8,555	0,120	0,168	0,186	0,227	0,211	0,185	0,181	0,164	0,168	0,174	0,201	0,225	0,250	0,255	0,198	0,000	0,000
12,000	-14,607	-14,604	-14,542	-14,502	-14,449	-14,439	-14,427	-14,424	-14,410	-14,421	-14,399	-14,367	-14,315	-14,203	-14,071	0,042	0,092	0,096	0,098	0,088	0,061	0,070	0,074	0,079	0,083	0,135	0,170	0,209	0,236	0,188	0,000	0,000
13,000	-8,151	-8,225	-8,184	-8,208	-8,187	-8,168	-8,152	-8,131	-8,105	-8,070	-8,018	-7,947	-7,844	-7,686	-7,483	-0,056	-0,006	0,001	0,040	0,061	0,096	0,117	0,142	0,168	0,202	0,249	0,307	0,351	0,371	0,299	0,000	0,000
14,000	-11,504	-11,355	-11,439	-11,378	-11,377	-11,348	-11,324	-11,323	-11,312	-11,302	-11,286	-11,256	-11,174	-11,038	-10,851	0,001	-0,051	-0,006	0,056	0,059	0,052	0,068	0,070	0,085	0,110	0,151	0,204	0,276	0,311	0,259	0,000	0,000
15,000	-9,097	-9,144	-9,135	-9,105	-9,077	-9,077	-9,058	-9,045	-9,025	-9,018	-9,000	-8,970	-8,919	-8,852	-8,773	-0,167	-0,033	-0,023	0,041	0,045	0,051	0,063	0,076	0,078	0,094	0,112	0,128	0,146	0,158	0,125	0,000	0,000
	run	9	2022:11:08    11:40:12,749
0,000	-13,518	-13,611	-13,652	-13,754	-13,776	-13,801	-13,820	-13,827	-13,830	-13,838	-13,833	-13,807	-13,760	-13,674	-13,568	-0,308	-0,242	-0,211	-0,143	-0,110	-0,075	-0,051	-0,030	-0,004	0,024	0,060	0,111	0,150	0,177	0,145	0,000	0,000
1,000	-17,091	-17,149	-17,072	-16,863	-16,689	-16,559	-16,496	-16,435	-16,370	-16,330	-16,269	-16,231	-16,161	-16,063	-15,961	-0,181	0,086	0,179	0,348	0,377	0,342	0,322	0,294	0,275	0,249	0,247	0,240	0,244	0,233	0,175	0,000	0,000
2,000	-10,453	-10,507	-10,497	-10,390	-10,289	-10,223	-10,176	-10,145	-10,091	-10,058	-9,997	-9,923	-9,834	-9,690	-9,538	-0,164	-0,010	0,071	0,199	0,218	0,217	0,223	0,219	0,234	0,243	0,267	0,299	0,318	0,314	0,240	0,000	0,000
3,000	-20,972	-20,963	-20,943	-20,629	-20,435	-20,302	-20,235	-20,179	-20,133	-20,124	-20,098	-20,072	-20,039	-19,959	-19,873	-0,158	0,092	0,229	0,414	0,411	0,340	0,297	0,251	0,213	0,173	0,160	0,174	0,170	0,178	0,131	0,000	0,000
4,000	-9,605	-9,209	-8,963	-8,832	-8,783	-8,777	-8,774	-8,771	-8,762	-8,754	-8,729	-8,690	-8,609	-8,489	-8,333	1,048	0,841	0,596	0,316	0,220	0,166	0,139	0,124	0,124	0,144	0,178	0,217	0,260	0,287	0,231	0,000	0,000
5,000	-7,701	-6,993	-6,927	-6,711	-6,632	-6,576	-6,552	-6,541	-6,504	-6,493	-6,451	-6,374	-6,263	-6,065	-5,824	2,392	1,325	0,984	0,555	0,410	0,297	0,275	0,251	0,246	0,258	0,300	0,354	0,413	0,446	0,357	0,000	0,000
6,000	-7,526	-7,302	-7,141	-6,922	-6,809	-6,743	-6,712	-6,677	-6,635	-6,609	-6,556	-6,496	-6,412	-6,263	-6,102	0,708	0,577	0,505	0,400	0,340	0,286	0,261	0,238	0,234	0,237	0,263	0,293	0,320	0,330	0,255	0,000	0,000
7,000	-7,532	-7,456	-7,410	-7,305	-7,244	-7,206	-7,189	-7,176	-7,160	-7,156	-7,143	-7,125	-7,099	-7,048	-6,999	0,024	0,100	0,123	0,146	0,129	0,101	0,098	0,082	0,081	0,080	0,079	0,095	0,103	0,106	0,083	0,000	0,000
8,000	-20,886	-21,144	-21,172	-21,350	-21,354	-21,407	-21,446	-21,469	-21,486	-21,529	-21,541	-21,563	-21,559	-21,507	-21,442	-0,444	-0,309	-0,290	-0,214	-0,171	-0,155	-0,135	-0,128	-0,104	-0,089	-0,045	-0,003	0,032	0,076	0,073	0,000	0,000
9,000	-9,841	-9,715	-9,626	-9,366	-9,214	-9,103	-9,039	-8,993	-8,942	-8,901	-8,853	-8,794	-8,705	-8,571	-8,416	0,192	0,259	0,348	0,405	0,390	0,337	0,315	0,287	0,271	0,255	0,276	0,299	0,312	0,322	0,241	0,000	0,000
10,000	-9,502	-9,526	-9,412	-9,300	-9,224	-9,186	-9,165	-9,149	-9,124	-9,119	-9,087	-9,051	-8,988	-8,890	-8,773	-0,063	0,131	0,134	0,175	0,155	0,140	0,134	0,127	0,127	0,137	0,158	0,183	0,218	0,227	0,179	0,000	0,000
11,000	-9,360	-9,249	-9,212	-9,073	-8,983	-8,936	-8,903	-8,879	-8,850	-8,829	-8,791	-8,739	-8,672	-8,573	-8,446	0,118	0,158	0,176	0,213	0,206	0,182	0,174	0,162	0,164	0,175	0,192	0,223	0,238	0,250	0,193	0,000	0,000
12,000	-14,531	-14,527	-14,472	-14,427	-14,374	-14,362	-14,359	-14,345	-14,340	-14,353	-14,330	-14,299	-14,245	-14,134	-14,005	0,034	0,094	0,093	0,090	0,084	0,062	0,065	0,064	0,074	0,087	0,126	0,164	0,208	0,237	0,188	0,000	0,000
13,000	-8,030	-8,104	-8,056	-8,084	-8,058	-8,045	-8,030	-8,007	-7,980	-7,952	-7,896	-7,832	-7,732	-7,573	-7,370	-0,055	-0,002	-0,008	0,034	0,067	0,095	0,114	0,131	0,162	0,200	0,247	0,295	0,344	0,364	0,291	0,000	0,000
14,000	-11,532	-11,383	-11,470	-11,409	-11,398	-11,371	-11,348	-11,360	-11,343	-11,344	-11,321	-11,287	-11,204	-11,074	-10,881	-0,002	-0,071	0,004	0,055	0,053	0,053	0,073	0,073	0,079	0,121	0,150	0,211	0,282	0,314	0,261	0,000	0,000
15,000	-9,235	-9,276	-9,270	-9,231	-9,206	-9,207	-9,183	-9,171	-9,156	-9,146	-9,124	-9,091	-9,044	-8,978	-8,898	-0,156	-0,038	-0,013	0,042	0,046	0,062	0,069	0,076	0,080	0,094	0,116	0,130	0,150	0,156	0,122	0,000	0,000
	run	10	2022:11:08    11:40:12,850
0,000	-13,698	-13,779	-13,818	-13,928	-13,958	-13,983	-13,993	-14,003	-14,000	-14,015	-14,005	-13,980	-13,938	-13,847	-13,733	-0,313	-0,247	-0,204	-0,143	-0,111	-0,076	-0,051	-0,033	-0,002	0,027	0,066	0,117	0,158	0,184	0,153	0,000	0,000
1,000	-17,264	-17,315	-17,233	-17,004	-16,830	-16,702	-16,626	-16,571	-16,502	-16,462	-16,402	-16,353	-16,291	-16,189	-16,071	-0,178	0,083	0,195	0,371	0,389	0,361	0,339	0,306	0,281	0,262	0,259	0,257	0,250	0,245	0,177	0,000	0,000
2,000	-10,929	-10,973	-10,930	-10,799	-10,689	-10,618	-10,577	-10,534	-10,476	-10,443	-10,374	-10,296	-10,201	-10,051	-9,883	-0,119	0,034	0,104	0,224	0,244	0,228	0,242	0,239	0,251	0,254	0,285	0,322	0,347	0,341	0,257	0,000	0,000
3,000	-21,817	-21,784	-21,734	-21,370	-21,149	-21,001	-20,933	-20,872	-20,827	-20,824	-20,791	-20,763	-20,729	-20,644	-20,557	-0,058	0,179	0,333	0,492	0,462	0,378	0,320	0,276	0,234	0,186	0,171	0,180	0,179	0,184	0,139	0,000	0,000
4,000	-9,768	-9,386	-9,131	-9,004	-8,954	-8,945	-8,948	-8,940	-8,935	-8,919	-8,897	-8,855	-8,778	-8,649	-8,488	1,078	0,843	0,599	0,316	0,215	0,165	0,142	0,128	0,123	0,146	0,180	0,227	0,271	0,302	0,243	0,000	0,000
5,000	-7,643	-6,929	-6,863	-6,637	-6,574	-6,520	-6,496	-6,489	-6,449	-6,439	-6,394	-6,332	-6,222	-6,035	-5,813	2,368	1,309	0,965	0,545	0,401	0,289	0,265	0,241	0,234	0,242	0,283	0,340	0,392	0,421	0,333	0,000	0,000
6,000	-7,300	-7,065	-6,912	-6,709	-6,599	-6,526	-6,492	-6,463	-6,429	-6,399	-6,344	-6,289	-6,207	-6,065	-5,903	0,694	0,568	0,494	0,390	0,332	0,273	0,252	0,235	0,224	0,227	0,254	0,280	0,307	0,317	0,248	0,000	0,000
7,000	-7,268	-7,240	-7,198	-7,120	-7,060	-7,022	-7,007	-6,990	-6,971	-6,972	-6,954	-6,930	-6,903	-6,852	-6,798	-0,019	0,059	0,087	0,133	0,118	0,101	0,098	0,088	0,082	0,076	0,087	0,099	0,106	0,109	0,081	0,000	0,000
8,000	-19,883	-20,120	-20,131	-20,284	-20,288	-20,340	-20,375	-20,403	-20,418	-20,462	-20,473	-20,495	-20,492	-20,449	-20,389	-0,393	-0,239	-0,249	-0,185	-0,147	-0,141	-0,126	-0,120	-0,098	-0,083	-0,046	0,001	0,033	0,074	0,072	0,000	0,000
9,000	-9,680	-9,593	-9,516	-9,269	-9,121	-9,004	-8,936	-8,892	-8,838	-8,802	-8,749	-8,693	-8,604	-8,480	-8,330	0,134	0,234	0,300	0,391	0,378	0,340	0,316	0,284	0,263	0,260	0,266	0,290	0,304	0,309	0,232	0,000	0,000
10,000	-9,648	-9,664	-9,541	-9,415	-9,330	-9,296	-9,276	-9,260	-9,230	-9,227	-9,204	-9,167	-9,104	-9,003	-8,887	-0,044	0,145	0,163	0,196	0,169	0,146	0,137	0,134	0,126	0,137	0,157	0,177	0,211	0,224	0,181	0,000	0,000
11,000	-9,587	-9,488	-9,450	-9,298	-9,219	-9,164	-9,131	-9,104	-9,080	-9,059	-9,022	-8,973	-8,909	-8,805	-8,674	0,116	0,162	0,192	0,217	0,208	0,180	0,174	0,163	0,167	0,171	0,189	0,218	0,239	0,247	0,194	0,000	0,000
12,000	-14,686	-14,684	-14,628	-14,582	-14,519	-14,508	-14,501	-14,501	-14,484	-14,497	-14,467	-14,439	-14,390	-14,272	-14,144	0,042	0,094	0,094	0,108	0,094	0,064	0,072	0,071	0,076	0,086	0,127	0,166	0,209	0,236	0,190	0,000	0,000
13,000	-8,192	-8,260	-8,222	-8,242	-8,220	-8,204	-8,185	-8,165	-8,141	-8,108	-8,046	-7,987	-7,879	-7,714	-7,512	-0,052	-0,005	0,001	0,041	0,068	0,094	0,119	0,141	0,169	0,204	0,249	0,306	0,355	0,378	0,303	0,000	0,000
14,000	-11,844	-11,726	-11,802	-11,737	-11,733	-11,708	-11,691	-11,686	-11,675	-11,671	-11,657	-11,610	-11,532	-11,395	-11,203	-0,049	-0,058	0,005	0,050	0,054	0,063	0,069	0,071	0,089	0,113	0,160	0,217	0,281	0,323	0,265	0,000	0,000
15,000	-9,209	-9,255	-9,250	-9,210	-9,186	-9,180	-9,167	-9,152	-9,129	-9,127	-9,103	-9,072	-9,027	-8,957	-8,873	-0,149	-0,033	-0,025	0,045	0,038	0,057	0,061	0,076	0,074	0,093	0,114	0,129	0,156	0,157	0,128	0,000	0,000
	run	11	2022:11:08    11:40:12,900
0,000	-13,698	-13,779	-13,818	-13,928	-13,958	-13,983	-13,993	-14,003	-14,000	-14,015	-14,005	-13,980	-13,938	-13,847	-13,733	-0,313	-0,247	-0,204	-0,143	-0,111	-0,076	-0,051	-0,033	-0,002	0,027	0,066	0,117	0,158	0,184	0,153	0,000	0,000
1,000	-17,264	-17,315	-17,233	-17,004	-16,830	-16,702	-16,626	-16,571	-16,502	-16,462	-16,402	-16,353	-16,291	-16,189	-16,071	-0,178	0,083	0,195	0,371	0,389	0,361	0,339	0,306	0,281	0,262	0,259	0,257	0,250	0,245	0,177	0,000	0,000
2,000	-10,929	-10,973	-10,930	-10,799	-10,689	-10,618	-10,577	-10,534	-10,476	-10,443	-10,374	-10,296	-10,201	-10,051	-9,883	-0,119	0,034	0,104	0,224	0,244	0,228	0,242	0,239	0,251	0,254	0,285	0,322	0,347	0,341	0,257	0,000	0,000
3,000	-21,817	-21,784	-21,734	-21,370	-21,149	-21,001	-20,933	-20,872	-20,827	-20,824	-20,791	-20,763	-20,729	-20,644	-20,557	-0,058	0,179	0,333	0,492	0,462	0,378	0,320	0,276	0,234	0,186	0,171	0,180	0,179	0,184	0,139	0,000	0,000
4,000	-9,768	-9,386	-9,131	-9,004	-8,954	-8,945	-8,948	-8,940	-8,935	-8,919	-8,897	-8,855	-8,778	-8,649	-8,488	1,078	0,843	0,599	0,316	0,215	0,165	0,142	0,128	0,123	0,146	0,180	0,227	0,271	0,302	0,243	0,000	0,000
5,000	-7,643	-6,929	-6,863	-6,637	-6,574	-6,520	-6,496	-6,489	-6,449	-6,439	-6,394	-6,332	-6,222	-6,035	-5,813	2,368	1,309	0,965	0,545	0,401	0,289	0,265	0,241	0,234	0,242	0,283	0,340	0,392	0,421	0,333	0,000	0,000
6,000	-7,049	-6,825	-6,681	-6,483	-6,370	-6,310	-6,276	-6,244	-6,206	-6,176	-6,130	-6,080	-5,999	-5,875	-5,715	0,651	0,539	0,467	0,370	0,320	0,264	0,247	0,221	0,216	0,220	0,238	0,265	0,291	0,302	0,233	0,000	0,000
7,000	-6,806	-6,808	-6,784	-6,727	-6,684	-6,652	-6,636	-6,623	-6,610	-6,605	-6,597	-6,573	-6,550	-6,507	-6,451	-0,049	0,011	0,045	0,093	0,091	0,076	0,079	0,074	0,068	0,068	0,075	0,078	0,092	0,099	0,076	0,000	0,000
8,000	-19,142	-19,363	-19,347	-19,450	-19,448	-19,493	-19,521	-19,543	-19,560	-19,603	-19,610	-19,624	-19,624	-19,581	-19,522	-0,340	-0,187	-0,184	-0,128	-0,112	-0,112	-0,105	-0,101	-0,089	-0,075	-0,036	0,006	0,036	0,078	0,073	0,000	0,000
9,000	-9,337	-9,310	-9,268	-9,103	-8,974	-8,868	-8,815	-8,764	-8,712	-8,681	-8,630	-8,573	-8,492	-8,378	-8,234	0,072	0,147	0,214	0,302	0,314	0,295	0,278	0,261	0,244	0,236	0,245	0,264	0,283	0,288	0,216	0,000	0,000
10,000	-9,383	-9,404	-9,297	-9,179	-9,096	-9,063	-9,045	-9,024	-8,999	-8,993	-8,968	-8,931	-8,867	-8,774	-8,664	-0,058	0,133	0,139	0,183	0,159	0,142	0,135	0,127	0,125	0,133	0,150	0,174	0,209	0,222	0,170	0,000	0,000
11,000	-9,618	-9,522	-9,491	-9,353	-9,273	-9,220	-9,190	-9,168	-9,138	-9,117	-9,079	-9,033	-8,967	-8,861	-8,733	0,115	0,149	0,172	0,211	0,199	0,173	0,173	0,158	0,159	0,170	0,193	0,216	0,241	0,248	0,188	0,000	0,000
12,000	-14,965	-14,960	-14,905	-14,854	-14,803	-14,785	-14,779	-14,777	-14,760	-14,777	-14,739	-14,717	-14,653	-14,543	-14,405	0,036	0,093	0,093	0,099	0,098	0,067	0,073	0,073	0,080	0,091	0,136	0,173	0,217	0,246	0,199	0,000	0,000
13,000	-8,469	-8,526	-8,485	-8,503	-8,481	-8,460	-8,446	-8,424	-8,395	-8,361	-8,306	-8,239	-8,130	-7,958	-7,748	-0,043	0,004	0,010	0,047	0,073	0,104	0,124	0,139	0,170	0,212	0,261	0,316	0,365	0,391	0,309	0,000	0,000
14,000	-12,197	-12,059	-12,123	-12,058	-12,049	-12,022	-12,005	-11,995	-11,982	-11,986	-11,968	-11,924	-11,839	-11,695	-11,497	0,009	-0,064	0,014	0,059	0,067	0,062	0,072	0,071	0,087	0,115	0,169	0,219	0,293	0,341	0,274	0,000	0,000
15,000	-9,358	-9,394	-9,392	-9,359	-9,327	-9,324	-9,312	-9,300	-9,274	-9,265	-9,244	-9,213	-9,170	-9,093	-9,006	-0,149	-0,028	-0,017	0,045	0,043	0,050	0,066	0,080	0,082	0,094	0,120	0,135	0,155	0,168	0,132	0,000	0,000
	run	12	2022:11:08    11:40:13,001
0,000	-13,767	-13,839	-13,899	-13,999	-14,032	-14,060	-14,067	-14,077	-14,081	-14,093	-14,088	-14,061	-14,010	-13,924	-13,814	-0,300	-0,249	-0,211	-0,145	-0,115	-0,080	-0,053	-0,033	-0,003	0,021	0,066	0,113	0,155	0,185	0,146	0,000	0,000
1,000	-17,424	-17,483	-17,397	-17,173	-16,995	-16,867	-16,791	-16,730	-16,667	-16,620	-16,569	-16,513	-16,451	-16,348	-16,241	-0,160	0,097	0,210	0,373	0,391	0,358	0,341	0,303	0,289	0,264	0,250	0,257	0,246	0,244	0,179	0,000	0,000
2,000	-10,822	-10,850	-10,833	-10,704	-10,607	-10,531	-10,483	-10,447	-10,396	-10,363	-10,285	-10,216	-10,119	-9,971	-9,803	-0,147	0,015	0,095	0,219	0,235	0,223	0,235	0,232	0,247	0,261	0,291	0,320	0,338	0,344	0,259	0,000	0,000
3,000	-21,632	-21,612	-21,560	-21,200	-20,994	-20,862	-20,786	-20,734	-20,686	-20,680	-20,648	-20,623	-20,591	-20,510	-20,416	-0,092	0,148	0,303	0,465	0,451	0,364	0,311	0,265	0,223	0,177	0,164	0,172	0,176	0,185	0,135	0,000	0,000
4,000	-9,834	-9,446	-9,198	-9,075	-9,028	-9,013	-9,013	-9,005	-8,999	-8,985	-8,964	-8,924	-8,846	-8,716	-8,556	1,055	0,836	0,599	0,317	0,216	0,163	0,141	0,131	0,127	0,146	0,187	0,224	0,269	0,294	0,238	0,000	0,000
5,000	-7,598	-6,881	-6,831	-6,605	-6,544	-6,487	-6,458	-6,455	-6,418	-6,415	-6,365	-6,292	-6,196	-6,013	-5,787	2,379	1,315	0,974	0,549	0,394	0,290	0,266	0,237	0,232	0,240	0,282	0,333	0,382	0,416	0,330	0,000	0,000
6,000	-7,030	-6,825	-6,678	-6,493	-6,378	-6,319	-6,285	-6,250	-6,215	-6,190	-6,141	-6,090	-6,014	-5,884	-5,735	0,660	0,534	0,461	0,362	0,313	0,265	0,246	0,222	0,215	0,216	0,239	0,261	0,289	0,301	0,231	0,000	0,000
7,000	-6,790	-6,787	-6,776	-6,732	-6,692	-6,662	-6,649	-6,641	-6,622	-6,614	-6,602	-6,589	-6,572	-6,524	-6,485	-0,073	-0,000	0,013	0,070	0,075	0,069	0,071	0,065	0,063	0,062	0,069	0,076	0,084	0,092	0,065	0,000	0,000
8,000	-18,679	-18,869	-18,850	-18,938	-18,928	-18,970	-18,995	-19,018	-19,034	-19,072	-19,074	-19,089	-19,092	-19,047	-18,989	-0,329	-0,167	-0,162	-0,111	-0,089	-0,095	-0,089	-0,091	-0,076	-0,059	-0,023	0,001	0,035	0,075	0,066	0,000	0,000
9,000	-9,042	-9,028	-8,986	-8,856	-8,749	-8,654	-8,597	-8,557	-8,508	-8,481	-8,424	-8,378	-8,296	-8,185	-8,048	0,056	0,101	0,168	0,265	0,278	0,260	0,258	0,240	0,225	0,221	0,233	0,254	0,273	0,275	0,206	0,000	0,000
10,000	-9,084	-9,102	-9,015	-8,912	-8,837	-8,803	-8,781	-8,763	-8,735	-8,731	-8,711	-8,673	-8,614	-8,514	-8,407	-0,072	0,118	0,124	0,165	0,149	0,134	0,128	0,124	0,120	0,129	0,150	0,166	0,206	0,212	0,172	0,000	0,000
11,000	-9,535	-9,442	-9,408	-9,282	-9,211	-9,158	-9,125	-9,101	-9,074	-9,052	-9,013	-8,971	-8,903	-8,797	-8,671	0,113	0,141	0,165	0,200	0,194	0,168	0,169	0,157	0,158	0,167	0,189	0,220	0,239	0,244	0,194	0,000	0,000
12,000	-15,242	-15,246	-15,187	-15,139	-15,086	-15,067	-15,058	-15,052	-15,040	-15,050	-15,026	-14,986	-14,934	-14,814	-14,673	0,044	0,098	0,099	0,103	0,093	0,071	0,076	0,072	0,087	0,095	0,142	0,178	0,222	0,258	0,205	0,000	0,000
13,000	-8,602	-8,625	-8,601	-8,612	-8,587	-8,569	-8,552	-8,532	-8,505	-8,473	-8,414	-8,343	-8,236	-8,062	-7,850	-0,031	0,017	0,016	0,047	0,079	0,106	0,124	0,143	0,174	0,211	0,266	0,318	0,373	0,396	0,315	0,000	0,000
14,000	-12,388	-12,255	-12,314	-12,250	-12,242	-12,214	-12,195	-12,188	-12,181	-12,174	-12,145	-12,110	-12,032	-11,875	-11,673	-0,049	-0,044	0,013	0,056	0,075	0,066	0,078	0,078	0,093	0,127	0,182	0,232	0,303	0,341	0,280	0,000	0,000
15,000	-9,502	-9,534	-9,533	-9,497	-9,468	-9,466	-9,449	-9,436	-9,417	-9,406	-9,387	-9,353	-9,304	-9,236	-9,147	-0,139	-0,028	-0,016	0,043	0,045	0,052	0,067	0,076	0,080	0,096	0,116	0,135	0,155	0,170	0,131	0,000	0,000
	run	13	2022:11:08    11:40:13,101
0,000	-13,856	-13,940	-13,999	-14,087	-14,124	-14,146	-14,159	-14,172	-14,173	-14,184	-14,180	-14,151	-14,107	-14,017	-13,910	-0,308	-0,252	-0,206	-0,139	-0,113	-0,078	-0,053	-0,029	-0,002	0,018	0,064	0,113	0,153	0,184	0,151	0,000	0,000
1,000	-17,287	-17,318	-17,245	-17,028	-16,844	-16,715	-16,649	-16,587	-16,519	-16,483	-16,423	-16,378	-16,314	-16,218	-16,110	-0,155	0,096	0,202	0,370	0,388	0,349	0,330	0,301	0,280	0,255	0,249	0,247	0,239	0,237	0,172	0,000	0,000
2,000	-10,725	-10,783	-10,763	-10,643	-10,536	-10,468	-10,426	-10,382	-10,335	-10,300	-10,233	-10,155	-10,061	-9,918	-9,754	-0,147	-0,004	0,082	0,208	0,226	0,220	0,231	0,231	0,240	0,250	0,280	0,312	0,329	0,329	0,247	0,000	0,000
3,000	-21,084	-21,066	-21,054	-20,716	-20,507	-20,374	-20,307	-20,253	-20,199	-20,197	-20,164	-20,140	-20,105	-20,028	-19,941	-0,123	0,101	0,255	0,442	0,430	0,352	0,309	0,258	0,222	0,181	0,171	0,175	0,169	0,177	0,134	0,000	0,000
4,000	-9,556	-9,164	-8,913	-8,789	-8,734	-8,726	-8,722	-8,724	-8,721	-8,706	-8,679	-8,641	-8,563	-8,442	-8,282	1,059	0,835	0,600	0,318	0,218	0,161	0,144	0,124	0,127	0,145	0,183	0,217	0,267	0,291	0,234	0,000	0,000
5,000	-7,586	-6,911	-6,849	-6,628	-6,556	-6,504	-6,475	-6,466	-6,426	-6,421	-6,372	-6,311	-6,203	-6,020	-5,796	2,351	1,303	0,964	0,545	0,395	0,288	0,267	0,240	0,237	0,242	0,278	0,335	0,387	0,419	0,327	0,000	0,000
6,000	-7,259	-7,041	-6,880	-6,678	-6,563	-6,497	-6,464	-6,429	-6,389	-6,368	-6,318	-6,260	-6,178	-6,043	-5,887	0,670	0,574	0,486	0,382	0,330	0,273	0,248	0,230	0,225	0,229	0,249	0,280	0,301	0,315	0,242	0,000	0,000
7,000	-7,214	-7,171	-7,142	-7,051	-7,001	-6,964	-6,948	-6,934	-6,912	-6,915	-6,897	-6,878	-6,852	-6,798	-6,744	-0,040	0,047	0,074	0,121	0,120	0,099	0,094	0,084	0,082	0,075	0,083	0,099	0,101	0,108	0,083	0,000	0,000
8,000	-19,132	-19,354	-19,343	-19,456	-19,449	-19,490	-19,525	-19,550	-19,572	-19,610	-19,623	-19,630	-19,634	-19,588	-19,529	-0,368	-0,195	-0,190	-0,146	-0,113	-0,125	-0,110	-0,107	-0,093	-0,072	-0,033	0,003	0,030	0,072	0,068	0,000	0,000
9,000	-9,223	-9,194	-9,125	-8,950	-8,824	-8,716	-8,655	-8,611	-8,559	-8,518	-8,471	-8,414	-8,336	-8,220	-8,078	0,088	0,150	0,223	0,318	0,331	0,303	0,291	0,265	0,247	0,238	0,253	0,274	0,282	0,292	0,211	0,000	0,000
10,000	-9,326	-9,351	-9,234	-9,126	-9,058	-9,020	-9,000	-8,978	-8,958	-8,953	-8,924	-8,891	-8,829	-8,735	-8,620	-0,079	0,124	0,135	0,171	0,148	0,139	0,129	0,125	0,118	0,130	0,152	0,177	0,207	0,216	0,171	0,000	0,000
11,000	-9,601	-9,504	-9,465	-9,331	-9,258	-9,202	-9,169	-9,146	-9,119	-9,100	-9,066	-9,015	-8,950	-8,845	-8,717	0,116	0,157	0,176	0,206	0,200	0,173	0,170	0,159	0,162	0,170	0,189	0,216	0,240	0,241	0,189	0,000	0,000
12,000	-14,988	-14,989	-14,925	-14,882	-14,828	-14,813	-14,807	-14,796	-14,790	-14,797	-14,776	-14,736	-14,683	-14,568	-14,432	0,038	0,091	0,096	0,097	0,087	0,067	0,074	0,076	0,083	0,093	0,134	0,173	0,213	0,249	0,197	0,000	0,000
13,000	-8,391	-8,416	-8,393	-8,405	-8,389	-8,367	-8,353	-8,334	-8,308	-8,272	-8,220	-8,154	-8,042	-7,877	-7,669	-0,027	0,002	-0,003	0,049	0,071	0,100	0,125	0,140	0,169	0,207	0,260	0,311	0,363	0,386	0,305	0,000	0,000
14,000	-12,093	-11,991	-12,054	-11,989	-11,975	-11,952	-11,931	-11,925	-11,916	-11,902	-11,886	-11,847	-11,768	-11,621	-11,418	-0,054	-0,070	0,007	0,063	0,069	0,068	0,074	0,078	0,099	0,120	0,160	0,228	0,292	0,338	0,280	0,000	0,000
15,000	-9,364	-9,388	-9,385	-9,358	-9,331	-9,324	-9,318	-9,300	-9,277	-9,273	-9,249	-9,221	-9,176	-9,104	-9,019	-0,145	-0,034	-0,025	0,045	0,036	0,048	0,059	0,075	0,075	0,085	0,112	0,133	0,155	0,162	0,131	0,000	0,000
	run	14	2022:11:08    11:40:13,151
0,000	-13,515	-13,597	-13,644	-13,737	-13,772	-13,794	-13,805	-13,818	-13,819	-13,822	-13,817	-13,797	-13,751	-13,661	-13,561	-0,308	-0,240	-0,205	-0,140	-0,108	-0,076	-0,046	-0,033	-0,004	0,025	0,068	0,112	0,149	0,177	0,146	0,000	0,000
1,000	-17,038	-17,098	-17,025	-16,811	-16,643	-16,515	-16,449	-16,384	-16,325	-16,285	-16,228	-16,185	-16,119	-16,025	-15,919	-0,178	0,066	0,173	0,348	0,370	0,338	0,328	0,288	0,274	0,248	0,244	0,242	0,237	0,238	0,173	0,000	0,000
2,000	-10,725	-10,783	-10,763	-10,643	-10,536	-10,468	-10,426	-10,382	-10,335	-10,300	-10,233	-10,155	-10,061	-9,918	-9,754	-0,147	-0,004	0,082	0,208	0,226	0,220	0,231	0,231	0,240	0,250	0,280	0,312	0,329	0,329	0,247	0,000	0,000
3,000	-21,084	-21,066	-21,054	-20,716	-20,507	-20,374	-20,307	-20,253	-20,199	-20,197	-20,164	-20,140	-20,105	-20,028	-19,941	-0,123	0,101	0,255	0,442	0,430	0,352	0,309	0,258	0,222	0,181	0,171	0,175	0,169	0,177	0,134	0,000	0,000
4,000	-9,556	-9,164	-8,913	-8,789	-8,734	-8,726	-8,722	-8,724	-8,721	-8,706	-8,679	-8,641	-8,563	-8,442	-8,282	1,059	0,835	0,600	0,318	0,218	0,161	0,144	0,124	0,127	0,145	0,183	0,217	0,267	0,291	0,234	0,000	0,000
5,000	-7,586	-6,911	-6,849	-6,628	-6,556	-6,504	-6,475	-6,466	-6,426	-6,421	-6,372	-6,311	-6,203	-6,020	-5,796	2,351	1,303	0,964	0,545	0,395	0,288	0,267	0,240	0,237	0,242	0,278	0,335	0,387	0,419	0,327	0,000	0,000
6,000	-7,259	-7,041	-6,880	-6,678	-6,563	-6,497	-6,464	-6,429	-6,389	-6,368	-6,318	-6,260	-6,178	-6,043	-5,887	0,670	0,574	0,486	0,382	0,330	0,273	0,248	0,230	0,225	0,229	0,249	0,280	0,301	0,315	0,242	0,000	0,000
7,000	-7,214	-7,171	-7,142	-7,051	-7,001	-6,964	-6,948	-6,934	-6,912	-6,915	-6,897	-6,878	-6,852	-6,798	-6,744	-0,040	0,047	0,074	0,121	0,120	0,099	0,094	0,084	0,082	0,075	0,083	0,099	0,101	0,108	0,083	0,000	0,000
8,000	-20,038	-20,284	-20,270	-20,435	-20,429	-20,489	-20,522	-20,547	-20,566	-20,612	-20,626	-20,641	-20,637	-20,594	-20,530	-0,391	-0,242	-0,241	-0,185	-0,148	-0,141	-0,133	-0,124	-0,104	-0,084	-0,039	-0,001	0,029	0,076	0,071	0,000	0,000
9,000	-9,825	-9,736	-9,656	-9,417	-9,268	-9,150	-9,084	-9,036	-8,984	-8,943	-8,889	-8,832	-8,747	-8,618	-8,470	0,131	0,229	0,302	0,392	0,381	0,339	0,319	0,284	0,266	0,267	0,272	0,299	0,310	0,312	0,240	0,000	0,000
10,000	-9,720	-9,740	-9,612	-9,493	-9,407	-9,368	-9,351	-9,334	-9,306	-9,305	-9,276	-9,240	-9,176	-9,077	-8,964	-0,061	0,151	0,161	0,193	0,167	0,147	0,133	0,131	0,125	0,136	0,157	0,177	0,213	0,225	0,182	0,000	0,000
11,000	-9,704	-9,611	-9,562	-9,420	-9,342	-9,284	-9,253	-9,230	-9,198	-9,178	-9,142	-9,098	-9,025	-8,922	-8,793	0,117	0,163	0,191	0,216	0,214	0,177	0,174	0,167	0,164	0,171	0,187	0,217	0,237	0,246	0,192	0,000	0,000
12,000	-14,511	-14,517	-14,448	-14,410	-14,345	-14,335	-14,338	-14,329	-14,310	-14,322	-14,311	-14,263	-14,218	-14,097	-13,964	0,037	0,098	0,103	0,101	0,096	0,075	0,098	0,074	0,081	0,093	0,126	0,167	0,210	0,245	0,193	0,000	0,000
13,000	-8,048	-8,131	-8,081	-8,114	-8,091	-8,076	-8,064	-8,038	-8,014	-7,984	-7,928	-7,860	-7,758	-7,597	-7,403	-0,061	-0,013	-0,007	0,034	0,065	0,099	0,116	0,138	0,166	0,200	0,246	0,298	0,347	0,367	0,292	0,000	0,000
14,000	-11,631	-11,478	-11,569	-11,502	-11,496	-11,470	-11,448	-11,448	-11,437	-11,435	-11,413	-11,372	-11,298	-11,161	-10,973	0,014	-0,063	-0,011	0,052	0,054	0,049	0,063	0,065	0,089	0,109	0,164	0,215	0,273	0,327	0,258	0,000	0,000
15,000	-9,211	-9,237	-9,241	-9,210	-9,177	-9,172	-9,158	-9,147	-9,127	-9,120	-9,092	-9,064	-9,018	-8,947	-8,861	-0,162	-0,030	-0,019	0,048	0,048	0,050	0,060	0,076	0,081	0,092	0,113	0,132	0,151	0,161	0,131	0,000	0,000
	run	15	2022:11:08    11:40:13,251
0,000	-13,142	-13,211	-13,264	-13,350	-13,380	-13,399	-13,403	-13,422	-13,420	-13,430	-13,423	-13,403	-13,360	-13,276	-13,176	-0,303	-0,230	-0,193	-0,130	-0,097	-0,076	-0,046	-0,030	-0,006	0,019	0,063	0,102	0,142	0,168	0,136	0,000	0,000
1,000	-16,622	-16,672	-16,616	-16,428	-16,271	-16,160	-16,085	-16,032	-15,968	-15,937	-15,882	-15,827	-15,770	-15,681	-15,571	-0,204	0,042	0,141	0,312	0,341	0,316	0,304	0,279	0,257	0,239	0,229	0,240	0,233	0,230	0,168	0,000	0,000
2,000	-10,473	-10,521	-10,501	-10,386	-10,287	-10,217	-10,171	-10,140	-10,081	-10,051	-9,987	-9,915	-9,822	-9,688	-9,528	-0,149	-0,004	0,067	0,205	0,222	0,220	0,224	0,224	0,229	0,240	0,269	0,296	0,321	0,318	0,238	0,000	0,000
3,000	-21,142	-21,122	-21,096	-20,783	-20,587	-20,456	-20,388	-20,334	-20,282	-20,274	-20,249	-20,222	-20,193	-20,117	-20,027	-0,128	0,094	0,234	0,420	0,412	0,341	0,295	0,255	0,216	0,170	0,156	0,167	0,165	0,175	0,133	0,000	0,000
4,000	-9,581	-9,194	-8,932	-8,807	-8,755	-8,746	-8,751	-8,737	-8,733	-8,725	-8,696	-8,659	-8,586	-8,463	-8,306	1,052	0,838	0,602	0,319	0,217	0,167	0,144	0,127	0,131	0,141	0,179	0,216	0,253	0,285	0,232	0,000	0,000
5,000	-7,630	-6,930	-6,883	-6,653	-6,592	-6,532	-6,508	-6,493	-6,458	-6,453	-6,404	-6,334	-6,223	-6,030	-5,798	2,400	1,318	0,983	0,544	0,403	0,297	0,265	0,242	0,244	0,251	0,291	0,345	0,401	0,433	0,350	0,000	0,000
6,000	-7,308	-7,081	-6,935	-6,734	-6,621	-6,551	-6,520	-6,488	-6,444	-6,429	-6,374	-6,310	-6,228	-6,089	-5,929	0,678	0,563	0,473	0,381	0,327	0,271	0,252	0,234	0,230	0,227	0,255	0,290	0,309	0,321	0,249	0,000	0,000
7,000	-7,408	-7,371	-7,326	-7,223	-7,165	-7,123	-7,107	-7,095	-7,077	-7,063	-7,058	-7,033	-7,002	-6,957	-6,896	-0,012	0,081	0,109	0,148	0,131	0,107	0,100	0,090	0,090	0,083	0,089	0,101	0,107	0,110	0,089	0,000	0,000
8,000	-20,609	-20,852	-20,877	-21,049	-21,050	-21,102	-21,143	-21,163	-21,183	-21,231	-21,242	-21,252	-21,250	-21,207	-21,138	-0,394	-0,275	-0,279	-0,206	-0,164	-0,156	-0,134	-0,130	-0,102	-0,083	-0,041	-0,002	0,037	0,074	0,075	0,000	0,000
9,000	-10,009	-9,900	-9,795	-9,544	-9,391	-9,280	-9,212	-9,161	-9,116	-9,073	-9,026	-8,966	-8,871	-8,742	-8,582	0,162	0,265	0,334	0,411	0,387	0,338	0,320	0,291	0,271	0,264	0,277	0,297	0,316	0,323	0,246	0,000	0,000
10,000	-9,751	-9,764	-9,635	-9,494	-9,401	-9,371	-9,349	-9,331	-9,304	-9,299	-9,277	-9,238	-9,173	-9,073	-8,954	-0,030	0,163	0,180	0,204	0,175	0,153	0,144	0,131	0,125	0,136	0,156	0,183	0,219	0,232	0,184	0,000	0,000
11,000	-9,522	-9,406	-9,366	-9,216	-9,134	-9,079	-9,045	-9,020	-8,997	-8,969	-8,924	-8,886	-8,814	-8,706	-8,579	0,132	0,169	0,199	0,229	0,210	0,183	0,183	0,162	0,166	0,172	0,196	0,225	0,241	0,253	0,197	0,000	0,000
12,000	-14,536	-14,523	-14,466	-14,422	-14,371	-14,351	-14,351	-14,340	-14,331	-14,348	-14,320	-14,291	-14,228	-14,119	-13,987	0,051	0,098	0,093	0,103	0,087	0,069	0,066	0,068	0,074	0,081	0,126	0,162	0,207	0,241	0,190	0,000	0,000
13,000	-8,060	-8,140	-8,088	-8,124	-8,103	-8,087	-8,072	-8,050	-8,026	-7,989	-7,939	-7,868	-7,769	-7,610	-7,408	-0,070	-0,005	0,000	0,030	0,062	0,091	0,119	0,138	0,162	0,200	0,245	0,297	0,349	0,366	0,294	0,000	0,000
14,000	-11,586	-11,425	-11,506	-11,442	-11,442	-11,416	-11,392	-11,398	-11,385	-11,377	-11,361	-11,330	-11,250	-11,116	-10,936	0,015	-0,051	-0,002	0,047	0,051	0,052	0,066	0,069	0,088	0,101	0,156	0,203	0,267	0,310	0,250	0,000	0,000
15,000	-9,006	-9,053	-9,039	-9,013	-8,982	-8,983	-8,969	-8,951	-8,931	-8,928	-8,910	-8,881	-8,833	-8,763	-8,683	-0,156	-0,033	-0,019	0,037	0,043	0,046	0,058	0,071	0,079	0,087	0,110	0,125	0,147	0,154	0,122	0,000	0,000
	run	16	2022:11:08    11:40:13,301
0,000	-13,142	-13,211	-13,264	-13,350	-13,380	-13,399	-13,403	-13,422	-13,420	-13,430	-13,423	-13,403	-13,360	-13,276	-13,176	-0,303	-0,230	-0,193	-0,130	-0,097	-0,076	-0,046	-0,030	-0,006	0,019	0,063	0,102	0,142	0,168	0,136	0,000	0,000
1,000	-16,622	-16,672	-16,616	-16,428	-16,271	-16,160	-16,085	-16,032	-15,968	-15,937	-15,882	-15,827	-15,770	-15,681	-15,571	-0,204	0,042	0,141	0,312	0,341	0,316	0,304	0,279	0,257	0,239	0,229	0,240	0,233	0,230	0,168	0,000	0,000
2,000	-10,473	-10,521	-10,501	-10,386	-10,287	-10,217	-10,171	-10,140	-10,081	-10,051	-9,987	-9,915	-9,822	-9,688	-9,528	-0,149	-0,004	0,067	0,205	0,222	0,220	0,224	0,224	0,229	0,240	0,269	0,296	0,321	0,318	0,238	0,000	0,000
3,000	-21,142	-21,122	-21,096	-20,783	-20,587	-20,456	-20,388	-20,334	-20,282	-20,274	-20,249	-20,222	-20,193	-20,117	-20,027	-0,128	0,094	0,234	0,420	0,412	0,341	0,295	0,255	0,216	0,170	0,156	0,167	0,165	0,175	0,133	0,000	0,000
4,000	-9,581	-9,194	-8,932	-8,807	-8,755	-8,746	-8,751	-8,737	-8,733	-8,725	-8,696	-8,659	-8,586	-8,463	-8,306	1,052	0,838	0,602	0,319	0,217	0,167	0,144	0,127	0,131	0,141	0,179	0,216	0,253	0,285	0,232	0,000	0,000
5,000	-7,630	-6,930	-6,883	-6,653	-6,592	-6,532	-6,508	-6,493	-6,458	-6,453	-6,404	-6,334	-6,223	-6,030	-5,798	2,400	1,318	0,983	0,544	0,403	0,297	0,265	0,242	0,244	0,251	0,291	0,345	0,401	0,433	0,350	0,000	0,000
6,000	-7,423	-7,203	-7,049	-6,846	-6,733	-6,669	-6,638	-6,598	-6,566	-6,536	-6,487	-6,423	-6,342	-6,195	-6,035	0,679	0,572	0,499	0,391	0,333	0,276	0,257	0,238	0,237	0,231	0,253	0,288	0,310	0,323	0,251	0,000	0,000
7,000	-7,451	-7,411	-7,348	-7,246	-7,191	-7,159	-7,140	-7,125	-7,109	-7,103	-7,088	-7,069	-7,042	-6,992	-6,941	-0,007	0,095	0,112	0,151	0,129	0,106	0,098	0,086	0,080	0,076	0,084	0,097	0,104	0,109	0,083	0,000	0,000
8,000	-20,663	-20,899	-20,931	-21,112	-21,115	-21,164	-21,196	-21,223	-21,244	-21,292	-21,301	-21,316	-21,308	-21,258	-21,197	-0,430	-0,291	-0,299	-0,206	-0,151	-0,151	-0,142	-0,124	-0,106	-0,084	-0,038	-0,000	0,031	0,085	0,079	0,000	0,000
9,000	-9,839	-9,728	-9,628	-9,380	-9,232	-9,115	-9,055	-9,011	-8,956	-8,923	-8,866	-8,804	-8,717	-8,592	-8,431	0,171	0,256	0,328	0,400	0,389	0,345	0,318	0,292	0,268	0,266	0,271	0,295	0,313	0,314	0,240	0,000	0,000
10,000	-9,547	-9,560	-9,431	-9,306	-9,215	-9,183	-9,161	-9,142	-9,118	-9,113	-9,085	-9,045	-8,980	-8,878	-8,761	-0,051	0,152	0,154	0,193	0,170	0,148	0,143	0,135	0,129	0,143	0,163	0,184	0,222	0,232	0,189	0,000	0,000
11,000	-9,521	-9,414	-9,373	-9,216	-9,133	-9,072	-9,045	-9,015	-8,987	-8,963	-8,927	-8,878	-8,804	-8,695	-8,559	0,140	0,180	0,205	0,232	0,216	0,189	0,184	0,168	0,174	0,181	0,200	0,226	0,251	0,260	0,200	0,000	0,000
12,000	-15,075	-15,078	-15,019	-14,979	-14,924	-14,908	-14,902	-14,896	-14,883	-14,903	-14,875	-14,836	-14,782	-14,662	-14,528	0,037	0,087	0,095	0,095	0,083	0,070	0,069	0,071	0,077	0,091	0,129	0,176	0,217	0,254	0,194	0,000	0,000
13,000	-8,410	-8,479	-8,427	-8,449	-8,427	-8,410	-8,396	-8,369	-8,346	-8,308	-8,250	-8,184	-8,076	-7,910	-7,707	-0,045	0,006	0,009	0,048	0,076	0,100	0,123	0,144	0,171	0,210	0,261	0,311	0,360	0,386	0,306	0,000	0,000
14,000	-11,766	-11,610	-11,708	-11,631	-11,632	-11,597	-11,585	-11,580	-11,568	-11,564	-11,544	-11,508	-11,431	-11,296	-11,106	0,021	-0,069	0,002	0,057	0,061	0,059	0,067	0,071	0,088	0,107	0,149	0,211	0,272	0,317	0,266	0,000	0,000
15,000	-8,974	-9,014	-9,008	-8,978	-8,946	-8,946	-8,937	-8,923	-8,902	-8,890	-8,872	-8,851	-8,805	-8,735	-8,657	-0,162	-0,032	-0,024	0,040	0,044	0,046	0,055	0,071	0,074	0,083	0,106	0,120	0,144	0,151	0,120	0,000	0,000
	run	17	2022:11:08    11:40:13,402
0,000	-13,059	-13,147	-13,190	-13,273	-13,306	-13,323	-13,331	-13,345	-13,341	-13,348	-13,345	-13,315	-13,276	-13,199	-13,095	-0,290	-0,235	-0,192	-0,118	-0,104	-0,069	-0,043	-0,025	0,001	0,026	0,059	0,101	0,141	0,165	0,140	0,000	0,000
1,000	-16,293	-16,345	-16,288	-16,128	-15,971	-15,860	-15,793	-15,743	-15,680	-15,642	-15,589	-15,537	-15,484	-15,396	-15,295	-0,219	0,032	0,130	0,293	0,323	0,302	0,294	0,265	0,256	0,233	0,229	0,235	0,225	0,223	0,165	0,000	0,000
2,000	-10,231	-10,282	-10,273	-10,174	-10,075	-10,007	-9,961	-9,921	-9,876	-9,843	-9,785	-9,715	-9,626	-9,498	-9,350	-0,159	-0,020	0,059	0,186	0,214	0,208	0,218	0,212	0,226	0,237	0,258	0,289	0,305	0,306	0,226	0,000	0,000
3,000	-20,660	-20,683	-20,667	-20,390	-20,200	-20,067	-20,001	-19,948	-19,894	-19,888	-19,862	-19,831	-19,798	-19,716	-19,632	-0,183	0,061	0,190	0,384	0,389	0,327	0,290	0,246	0,215	0,170	0,165	0,167	0,172	0,181	0,135	0,000	0,000
4,000	-9,611	-9,206	-8,967	-8,838	-8,785	-8,778	-8,776	-8,772	-8,770	-8,750	-8,729	-8,689	-8,617	-8,495	-8,338	1,061	0,846	0,600	0,312	0,218	0,162	0,144	0,127	0,124	0,147	0,180	0,221	0,262	0,284	0,236	0,000	0,000
5,000	-7,768	-7,072	-7,000	-6,778	-6,706	-6,649	-6,615	-6,604	-6,570	-6,557	-6,509	-6,445	-6,333	-6,147	-5,908	2,388	1,332	0,991	0,557	0,413	0,300	0,273	0,255	0,243	0,246	0,285	0,345	0,404	0,440	0,344	0,000	0,000
6,000	-7,385	-7,154	-6,991	-6,781	-6,669	-6,597	-6,571	-6,533	-6,499	-6,465	-6,423	-6,362	-6,279	-6,131	-5,973	0,705	0,583	0,510	0,398	0,338	0,281	0,257	0,234	0,226	0,234	0,258	0,284	0,310	0,325	0,252	0,000	0,000
7,000	-7,292	-7,272	-7,234	-7,134	-7,080	-7,040	-7,020	-7,005	-6,991	-6,985	-6,973	-6,951	-6,926	-6,878	-6,827	-0,011	0,063	0,096	0,136	0,121	0,104	0,092	0,082	0,079	0,076	0,081	0,095	0,094	0,103	0,076	0,000	0,000
8,000	-20,006	-20,247	-20,249	-20,410	-20,407	-20,464	-20,497	-20,522	-20,542	-20,586	-20,597	-20,615	-20,610	-20,565	-20,502	-0,384	-0,253	-0,262	-0,183	-0,158	-0,145	-0,134	-0,123	-0,096	-0,085	-0,040	-0,004	0,035	0,073	0,074	0,000	0,000
9,000	-9,692	-9,636	-9,554	-9,323	-9,174	-9,060	-8,995	-8,946	-8,893	-8,851	-8,803	-8,745	-8,656	-8,523	-8,375	0,133	0,211	0,291	0,381	0,374	0,338	0,317	0,280	0,264	0,256	0,266	0,288	0,308	0,313	0,236	0,000	0,000
10,000	-9,711	-9,707	-9,575	-9,415	-9,327	-9,290	-9,267	-9,247	-9,226	-9,221	-9,191	-9,148	-9,087	-8,983	-8,860	-0,018	0,187	0,206	0,223	0,189	0,164	0,147	0,143	0,135	0,150	0,171	0,187	0,228	0,239	0,185	0,000	0,000
11,000	-9,819	-9,706	-9,657	-9,505	-9,422	-9,367	-9,331	-9,307	-9,279	-9,258	-9,214	-9,168	-9,094	-8,985	-8,844	0,163	0,191	0,211	0,232	0,212	0,193	0,185	0,169	0,172	0,184	0,203	0,232	0,256	0,268	0,203	0,000	0,000
12,000	-15,625	-15,599	-15,549	-15,506	-15,444	-15,431	-15,423	-15,412	-15,400	-15,414	-15,381	-15,350	-15,292	-15,178	-15,031	0,035	0,087	0,092	0,108	0,091	0,068	0,071	0,076	0,088	0,100	0,145	0,183	0,227	0,256	0,208	0,000	0,000
13,000	-8,552	-8,619	-8,574	-8,588	-8,563	-8,549	-8,530	-8,511	-8,481	-8,440	-8,389	-8,317	-8,203	-8,033	-7,817	-0,030	0,009	0,015	0,051	0,075	0,103	0,126	0,147	0,179	0,215	0,265	0,329	0,378	0,398	0,320	0,000	0,000
14,000	-11,916	-11,782	-11,869	-11,784	-11,786	-11,750	-11,726	-11,732	-11,717	-11,712	-11,711	-11,662	-11,581	-11,443	-11,253	-0,015	-0,073	-0,000	0,049	0,053	0,062	0,066	0,073	0,085	0,113	0,170	0,213	0,278	0,319	0,259	0,000	0,000
15,000	-9,070	-9,096	-9,093	-9,063	-9,031	-9,031	-9,018	-9,004	-8,983	-8,977	-8,957	-8,925	-8,883	-8,817	-8,736	-0,146	-0,033	-0,013	0,037	0,040	0,048	0,054	0,074	0,076	0,081	0,104	0,123	0,145	0,156	0,119	0,000	0,000
	run	18	2022:11:08    11:40:13,502
0,000	-13,390	-13,469	-13,508	-13,609	-13,633	-13,654	-13,665	-13,672	-13,673	-13,682	-13,676	-13,653	-13,610	-13,526	-13,421	-0,303	-0,234	-0,198	-0,129	-0,103	-0,066	-0,050	-0,027	-0,001	0,021	0,065	0,107	0,142	0,172	0,142	0,000	0,000
1,000	-16,677	-16,733	-16,663	-16,479	-16,315	-16,196	-16,129	-16,068	-16,012	-15,976	-15,912	-15,869	-15,808	-15,718	-15,619	-0,204	0,048	0,138	0,315	0,345	0,318	0,309	0,277	0,260	0,241	0,236	0,237	0,228	0,230	0,163	0,000	0,000
2,000	-10,434	-10,489	-10,472	-10,360	-10,262	-10,193	-10,150	-10,110	-10,059	-10,030	-9,965	-9,891	-9,802	-9,666	-9,516	-0,161	-0,004	0,071	0,191	0,219	0,214	0,222	0,221	0,232	0,239	0,267	0,292	0,310	0,314	0,236	0,000	0,000
3,000	-20,749	-20,762	-20,736	-20,453	-20,260	-20,127	-20,063	-20,003	-19,955	-19,945	-19,919	-19,895	-19,857	-19,787	-19,707	-0,168	0,066	0,202	0,393	0,401	0,331	0,288	0,250	0,209	0,167	0,156	0,165	0,162	0,173	0,127	0,000	0,000
4,000	-9,363	-8,959	-8,698	-8,558	-8,505	-8,499	-8,494	-8,484	-8,483	-8,473	-8,450	-8,409	-8,336	-8,221	-8,073	1,071	0,843	0,604	0,325	0,227	0,164	0,146	0,129	0,121	0,136	0,172	0,207	0,249	0,272	0,219	0,000	0,000
5,000	-7,346	-6,636	-6,590	-6,376	-6,311	-6,264	-6,237	-6,225	-6,187	-6,184	-6,141	-6,075	-5,978	-5,803	-5,596	2,329	1,278	0,946	0,522	0,380	0,274	0,253	0,229	0,225	0,230	0,268	0,321	0,369	0,400	0,316	0,000	0,000
6,000	-6,944	-6,751	-6,607	-6,429	-6,323	-6,264	-6,231	-6,197	-6,161	-6,134	-6,086	-6,034	-5,958	-5,832	-5,677	0,656	0,522	0,444	0,351	0,303	0,252	0,236	0,218	0,215	0,214	0,238	0,263	0,284	0,298	0,234	0,000	0,000
7,000	-6,987	-6,975	-6,952	-6,890	-6,829	-6,796	-6,782	-6,767	-6,753	-6,749	-6,735	-6,714	-6,692	-6,651	-6,596	-0,037	0,030	0,068	0,108	0,105	0,088	0,082	0,076	0,072	0,070	0,075	0,090	0,090	0,096	0,071	0,000	0,000
8,000	-19,619	-19,833	-19,826	-19,956	-19,949	-19,996	-20,024	-20,043	-20,059	-20,108	-20,123	-20,131	-20,127	-20,075	-20,009	-0,347	-0,219	-0,212	-0,148	-0,123	-0,125	-0,118	-0,106	-0,090	-0,068	-0,029	0,014	0,043	0,082	0,074	0,000	0,000
9,000	-9,700	-9,646	-9,577	-9,363	-9,226	-9,117	-9,051	-9,002	-8,948	-8,912	-8,857	-8,798	-8,714	-8,581	-8,433	0,102	0,183	0,253	0,358	0,360	0,328	0,305	0,279	0,263	0,263	0,276	0,288	0,307	0,315	0,239	0,000	0,000
10,000	-9,892	-9,857	-9,713	-9,548	-9,459	-9,424	-9,400	-9,383	-9,358	-9,354	-9,325	-9,285	-9,221	-9,116	-8,997	0,036	0,214	0,228	0,236	0,192	0,166	0,147	0,141	0,133	0,142	0,165	0,184	0,222	0,236	0,183	0,000	0,000
11,000	-10,050	-9,938	-9,886	-9,738	-9,651	-9,593	-9,564	-9,541	-9,509	-9,488	-9,450	-9,400	-9,324	-9,216	-9,072	0,161	0,193	0,210	0,232	0,217	0,189	0,182	0,165	0,171	0,181	0,201	0,232	0,260	0,269	0,208	0,000	0,000
12,000	-15,504	-15,494	-15,440	-15,387	-15,333	-15,320	-15,312	-15,303	-15,291	-15,296	-15,276	-15,238	-15,184	-15,061	-14,916	0,038	0,079	0,094	0,103	0,090	0,071	0,075	0,079	0,088	0,101	0,144	0,187	0,233	0,257	0,210	0,000	0,000
13,000	-8,551	-8,611	-8,573	-8,585	-8,559	-8,539	-8,527	-8,500	-8,472	-8,438	-8,386	-8,304	-8,197	-8,020	-7,809	-0,035	0,012	0,015	0,053	0,082	0,103	0,125	0,147	0,177	0,216	0,266	0,326	0,376	0,404	0,322	0,000	0,000
14,000	-12,022	-11,881	-11,960	-11,886	-11,877	-11,850	-11,833	-11,827	-11,811	-11,810	-11,792	-11,752	-11,677	-11,534	-11,339	-0,031	-0,065	0,010	0,054	0,064	0,057	0,074	0,077	0,095	0,115	0,171	0,215	0,288	0,324	0,266	0,000	0,000
15,000	-9,188	-9,228	-9,210	-9,176	-9,156	-9,150	-9,136	-9,125	-9,103	-9,096	-9,078	-9,045	-9,002	-8,937	-8,856	-0,144	-0,037	-0,015	0,046	0,038	0,051	0,066	0,074	0,078	0,092	0,110	0,123	0,146	0,155	0,125	0,000	0,000
	run	19	2022:11:08    11:40:13,549
0,000	-13,664	-13,756	-13,798	-13,891	-13,927	-13,950	-13,955	-13,966	-13,972	-13,982	-13,976	-13,951	-13,904	-13,820	-13,714	-0,311	-0,243	-0,198	-0,137	-0,115	-0,083	-0,056	-0,027	-0,007	0,020	0,062	0,112	0,149	0,174	0,146	0,000	0,000
1,000	-17,269	-17,315	-17,222	-17,011	-16,832	-16,704	-16,634	-16,577	-16,509	-16,473	-16,414	-16,360	-16,305	-16,212	-16,102	-0,164	0,094	0,196	0,359	0,385	0,347	0,333	0,300	0,280	0,249	0,250	0,245	0,238	0,234	0,173	0,000	0,000
2,000	-10,434	-10,489	-10,472	-10,360	-10,262	-10,193	-10,150	-10,110	-10,059	-10,030	-9,965	-9,891	-9,802	-9,666	-9,516	-0,161	-0,004	0,071	0,191	0,219	0,214	0,222	0,221	0,232	0,239	0,267	0,292	0,310	0,314	0,236	0,000	0,000
3,000	-20,749	-20,762	-20,736	-20,453	-20,260	-20,127	-20,063	-20,003	-19,955	-19,945	-19,919	-19,895	-19,857	-19,787	-19,707	-0,168	0,066	0,202	0,393	0,401	0,331	0,288	0,250	0,209	0,167	0,156	0,165	0,162	0,173	0,127	0,000	0,000
4,000	-9,363	-8,959	-8,698	-8,558	-8,505	-8,499	-8,494	-8,484	-8,483	-8,473	-8,450	-8,409	-8,336	-8,221	-8,073	1,071	0,843	0,604	0,325	0,227	0,164	0,146	0,129	0,121	0,136	0,172	0,207	0,249	0,272	0,219	0,000	0,000
5,000	-7,346	-6,636	-6,590	-6,376	-6,311	-6,264	-6,237	-6,225	-6,187	-6,184	-6,141	-6,075	-5,978	-5,803	-5,596	2,329	1,278	0,946	0,522	0,380	0,274	0,253	0,229	0,225	0,230	0,268	0,321	0,369	0,400	0,316	0,000	0,000
6,000	-6,944	-6,751	-6,607	-6,429	-6,323	-6,264	-6,231	-6,197	-6,161	-6,134	-6,086	-6,034	-5,958	-5,832	-5,677	0,656	0,522	0,444	0,351	0,303	0,252	0,236	0,218	0,215	0,214	0,238	0,263	0,284	0,298	0,234	0,000	0,000
7,000	-6,987	-6,975	-6,952	-6,890	-6,829	-6,796	-6,782	-6,767	-6,753	-6,749	-6,735	-6,714	-6,692	-6,651	-6,596	-0,037	0,030	0,068	0,108	0,105	0,088	0,082	0,076	0,072	0,070	0,075	0,090	0,090	0,096	0,071	0,000	0,000
8,000	-19,644	-19,874	-19,861	-20,001	-19,991	-20,040	-20,074	-20,100	-20,118	-20,158	-20,167	-20,181	-20,181	-20,130	-20,066	-0,361	-0,210	-0,203	-0,163	-0,129	-0,130	-0,121	-0,107	-0,093	-0,079	-0,037	0,003	0,038	0,082	0,074	0,000	0,000
9,000	-9,674	-9,617	-9,551	-9,346	-9,206	-9,092	-9,028	-8,978	-8,928	-8,890	-8,835	-8,776	-8,694	-8,565	-8,417	0,088	0,171	0,267	0,352	0,356	0,323	0,305	0,281	0,263	0,254	0,270	0,285	0,302	0,307	0,235	0,000	0,000
10,000	-9,687	-9,675	-9,545	-9,401	-9,318	-9,278	-9,253	-9,233	-9,215	-9,197	-9,176	-9,136	-9,076	-8,973	-8,851	-0,044	0,174	0,185	0,217	0,181	0,160	0,148	0,138	0,131	0,143	0,165	0,182	0,218	0,230	0,183	0,000	0,000
11,000	-9,801	-9,695	-9,648	-9,502	-9,413	-9,358	-9,327	-9,304	-9,275	-9,254	-9,217	-9,168	-9,102	-8,989	-8,859	0,144	0,164	0,195	0,225	0,217	0,178	0,177	0,164	0,170	0,175	0,202	0,227	0,251	0,259	0,203	0,000	0,000
12,000	-15,207	-15,206	-15,149	-15,098	-15,046	-15,028	-15,024	-15,017	-15,002	-15,016	-14,991	-14,956	-14,899	-14,780	-14,638	0,041	0,091	0,096	0,105	0,088	0,077	0,075	0,071	0,084	0,095	0,135	0,178	0,218	0,250	0,200	0,000	0,000
13,000	-8,443	-8,504	-8,460	-8,475	-8,451	-8,437	-8,423	-8,396	-8,368	-8,340	-8,281	-8,205	-8,097	-7,931	-7,713	-0,035	0,002	0,011	0,050	0,073	0,104	0,123	0,145	0,173	0,213	0,264	0,320	0,371	0,389	0,316	0,000	0,000
14,000	-12,080	-11,936	-12,019	-11,947	-11,940	-11,914	-11,892	-11,891	-11,879	-11,867	-11,839	-11,814	-11,729	-11,590	-11,391	-0,017	-0,065	-0,006	0,059	0,066	0,062	0,065	0,076	0,094	0,122	0,180	0,220	0,285	0,330	0,278	0,000	0,000
15,000	-9,388	-9,426	-9,422	-9,391	-9,360	-9,359	-9,341	-9,329	-9,309	-9,299	-9,276	-9,248	-9,198	-9,127	-9,042	-0,154	-0,033	-0,021	0,046	0,046	0,056	0,067	0,075	0,077	0,097	0,116	0,131	0,154	0,165	0,129	0,000	0,000
	run	20	2022:11:08    11:40:13,651
0,000	-13,846	-13,944	-13,991	-14,090	-14,129	-14,153	-14,163	-14,174	-14,173	-14,188	-14,177	-14,156	-14,100	-14,020	-13,915	-0,300	-0,250	-0,210	-0,150	-0,115	-0,082	-0,049	-0,037	0,000	0,025	0,062	0,111	0,157	0,181	0,150	0,000	0,000
1,000	-17,377	-17,419	-17,342	-17,115	-16,935	-16,802	-16,733	-16,672	-16,608	-16,576	-16,516	-16,461	-16,406	-16,309	-16,199	-0,150	0,100	0,205	0,377	0,396	0,354	0,333	0,301	0,280	0,256	0,252	0,248	0,245	0,235	0,175	0,000	0,000
2,000	-10,715	-10,754	-10,738	-10,624	-10,520	-10,453	-10,411	-10,366	-10,313	-10,280	-10,217	-10,142	-10,049	-9,904	-9,747	-0,156	-0,007	0,070	0,203	0,220	0,220	0,228	0,230	0,236	0,253	0,282	0,314	0,323	0,334	0,248	0,000	0,000
3,000	-21,037	-21,049	-21,023	-20,698	-20,495	-20,354	-20,286	-20,226	-20,183	-20,175	-20,138	-20,114	-20,077	-19,999	-19,907	-0,143	0,108	0,251	0,431	0,430	0,353	0,312	0,260	0,221	0,185	0,172	0,177	0,173	0,184	0,140	0,000	0,000
4,000	-9,607	-9,214	-8,960	-8,835	-8,784	-8,777	-8,777	-8,776	-8,773	-8,758	-8,734	-8,692	-8,622	-8,499	-8,339	1,065	0,834	0,600	0,318	0,217	0,157	0,141	0,123	0,128	0,143	0,180	0,218	0,259	0,285	0,233	0,000	0,000
5,000	-7,631	-6,950	-6,871	-6,655	-6,579	-6,532	-6,500	-6,486	-6,448	-6,442	-6,405	-6,324	-6,222	-6,035	-5,809	2,355	1,307	0,971	0,539	0,401	0,289	0,268	0,242	0,238	0,246	0,289	0,347	0,400	0,428	0,341	0,000	0,000
6,000	-7,099	-6,895	-6,748	-6,557	-6,451	-6,393	-6,351	-6,325	-6,290	-6,257	-6,219	-6,160	-6,077	-5,934	-5,781	0,653	0,537	0,458	0,360	0,321	0,265	0,242	0,225	0,217	0,231	0,249	0,274	0,300	0,310	0,239	0,000	0,000
7,000	-7,184	-7,164	-7,124	-7,035	-6,980	-6,942	-6,924	-6,916	-6,894	-6,888	-6,880	-6,857	-6,834	-6,784	-6,732	-0,020	0,056	0,090	0,130	0,119	0,104	0,091	0,084	0,078	0,076	0,080	0,089	0,096	0,100	0,076	0,000	0,000
8,000	-19,967	-20,194	-20,191	-20,361	-20,351	-20,411	-20,449	-20,471	-20,492	-20,538	-20,549	-20,561	-20,557	-20,515	-20,458	-0,377	-0,230	-0,243	-0,179	-0,146	-0,145	-0,131	-0,124	-0,103	-0,086	-0,039	-0,002	0,021	0,067	0,067	0,000	0,000
9,000	-9,644	-9,581	-9,510	-9,267	-9,113	-9,001	-8,938	-8,887	-8,838	-8,799	-8,747	-8,693	-8,605	-8,480	-8,331	0,124	0,213	0,295	0,383	0,374	0,331	0,317	0,283	0,262	0,256	0,267	0,290	0,304	0,304	0,228	0,000	0,000
10,000	-9,347	-9,388	-9,282	-9,178	-9,102	-9,070	-9,047	-9,028	-9,009	-9,001	-8,971	-8,937	-8,877	-8,779	-8,665	-0,074	0,115	0,124	0,168	0,150	0,137	0,128	0,125	0,124	0,131	0,151	0,175	0,210	0,223	0,178	0,000	0,000
11,000	-9,423	-9,320	-9,280	-9,143	-9,065	-9,013	-8,984	-8,964	-8,933	-8,908	-8,867	-8,824	-8,756	-8,652	-8,523	0,104	0,155	0,167	0,210	0,199	0,176	0,171	0,158	0,165	0,168	0,189	0,214	0,236	0,247	0,190	0,000	0,000
12,000	-14,718	-14,722	-14,661	-14,616	-14,564	-14,542	-14,543	-14,537	-14,517	-14,530	-14,513	-14,478	-14,422	-14,306	-14,174	0,051	0,094	0,101	0,101	0,099	0,070	0,071	0,066	0,080	0,095	0,132	0,171	0,210	0,240	0,189	0,000	0,000
13,000	-8,313	-8,327	-8,320	-8,323	-8,307	-8,290	-8,269	-8,250	-8,229	-8,191	-8,143	-8,067	-7,963	-7,801	-7,588	-0,017	0,005	0,004	0,048	0,071	0,099	0,121	0,139	0,170	0,202	0,255	0,310	0,360	0,384	0,308	0,000	0,000
14,000	-12,097	-11,977	-12,026	-11,963	-11,953	-11,928	-11,908	-11,906	-11,895	-11,887	-11,877	-11,832	-11,752	-11,608	-11,396	-0,036	-0,044	-0,001	0,057	0,061	0,070	0,084	0,074	0,092	0,118	0,167	0,228	0,295	0,333	0,274	0,000	0,000
15,000	-9,446	-9,481	-9,483	-9,442	-9,412	-9,410	-9,396	-9,380	-9,363	-9,350	-9,329	-9,296	-9,249	-9,181	-9,096	-0,148	-0,033	-0,017	0,044	0,042	0,055	0,065	0,074	0,079	0,097	0,119	0,136	0,156	0,166	0,130	0,000	0,000
	run	21	2022:11:08    11:40:13,701
0,000	-13,846	-13,944	-13,991	-14,090	-14,129	-14,153	-14,163	-14,174	-14,173	-14,188	-14,177	-14,156	-14,100	-14,020	-13,915	-0,300	-0,250	-0,210	-0,150	-0,115	-0,082	-0,049	-0,037	0,000	0,025	0,062	0,111	0,157	0,181	0,150	0,000	0,000
1,000	-17,377	-17,419	-17,342	-17,115	-16,935	-16,802	-16,733	-16,672	-16,608	-16,576	-16,516	-16,461	-16,406	-16,309	-16,199	-0,150	0,100	0,205	0,377	0,396	0,354	0,333	0,301	0,280	0,256	0,252	0,248	0,245	0,235	0,175	0,000	0,000
2,000	-10,715	-10,754	-10,738	-10,624	-10,520	-10,453	-10,411	-10,366	-10,313	-10,280	-10,217	-10,142	-10,049	-9,904	-9,747	-0,156	-0,007	0,070	0,203	0,220	0,220	0,228	0,230	0,236	0,253	0,282	0,314	0,323	0,334	0,248	0,000	0,000
3,000	-21,037	-21,049	-21,023	-20,698	-20,495	-20,354	-20,286	-20,226	-20,183	-20,175	-20,138	-20,114	-20,077	-19,999	-19,907	-0,143	0,108	0,251	0,431	0,430	0,353	0,312	0,260	0,221	0,185	0,172	0,177	0,173	0,184	0,140	0,000	0,000
4,000	-9,607	-9,214	-8,960	-8,835	-8,784	-8,777	-8,777	-8,776	-8,773	-8,758	-8,734	-8,692	-8,622	-8,499	-8,339	1,065	0,834	0,600	0,318	0,217	0,157	0,141	0,123	0,128	0,143	0,180	0,218	0,259	0,285	0,233	0,000	0,000
5,000	-7,631	-6,950	-6,871	-6,655	-6,579	-6,532	-6,500	-6,486	-6,448	-6,442	-6,405	-6,324	-6,222	-6,035	-5,809	2,355	1,307	0,971	0,539	0,401	0,289	0,268	0,242	0,238	0,246	0,289	0,347	0,400	0,428	0,341	0,000	0,000
6,000	-7,289	-7,076	-6,914	-6,712	-6,599	-6,536	-6,494	-6,461	-6,429	-6,407	-6,345	-6,295	-6,209	-6,074	-5,915	0,675	0,566	0,488	0,386	0,328	0,271	0,253	0,231	0,225	0,232	0,246	0,277	0,300	0,314	0,246	0,000	0,000
7,000	-7,202	-7,174	-7,132	-7,056	-6,998	-6,961	-6,944	-6,933	-6,917	-6,913	-6,896	-6,876	-6,852	-6,803	-6,755	-0,039	0,048	0,082	0,127	0,120	0,100	0,088	0,082	0,077	0,078	0,075	0,091	0,096	0,101	0,079	0,000	0,000
8,000	-19,924	-20,145	-20,155	-20,300	-20,302	-20,355	-20,389	-20,409	-20,431	-20,477	-20,487	-20,501	-20,503	-20,450	-20,395	-0,362	-0,233	-0,236	-0,175	-0,147	-0,141	-0,127	-0,118	-0,096	-0,082	-0,042	0,004	0,037	0,078	0,067	0,000	0,000
9,000	-9,586	-9,527	-9,426	-9,205	-9,058	-8,946	-8,882	-8,831	-8,782	-8,744	-8,691	-8,640	-8,549	-8,426	-8,276	0,125	0,204	0,288	0,371	0,366	0,324	0,308	0,273	0,260	0,251	0,269	0,287	0,298	0,300	0,230	0,000	0,000
10,000	-9,381	-9,415	-9,310	-9,212	-9,136	-9,106	-9,084	-9,068	-9,042	-9,038	-9,017	-8,978	-8,914	-8,817	-8,706	-0,068	0,119	0,128	0,161	0,144	0,135	0,126	0,120	0,117	0,127	0,153	0,174	0,208	0,216	0,174	0,000	0,000
11,000	-9,382	-9,299	-9,269	-9,127	-9,053	-9,000	-8,966	-8,944	-8,919	-8,892	-8,859	-8,816	-8,748	-8,647	-8,523	0,106	0,149	0,168	0,203	0,198	0,174	0,172	0,160	0,165	0,162	0,189	0,215	0,235	0,242	0,188	0,000	0,000
12,000	-14,467	-14,457	-14,396	-14,348	-14,293	-14,282	-14,275	-14,271	-14,261	-14,274	-14,246	-14,214	-14,163	-14,049	-13,921	0,041	0,093	0,101	0,097	0,089	0,065	0,067	0,067	0,077	0,085	0,123	0,166	0,209	0,235	0,190	0,000	0,000
13,000	-8,137	-8,177	-8,147	-8,167	-8,145	-8,130	-8,114	-8,094	-8,068	-8,030	-7,981	-7,913	-7,811	-7,655	-7,452	-0,040	-0,010	-0,006	0,032	0,065	0,094	0,120	0,135	0,164	0,197	0,249	0,306	0,348	0,374	0,299	0,000	0,000
14,000	-11,850	-11,740	-11,839	-11,747	-11,745	-11,716	-11,701	-11,696	-11,689	-11,679	-11,658	-11,623	-11,538	-11,402	-11,201	-0,048	-0,068	-0,011	0,049	0,063	0,063	0,072	0,077	0,091	0,120	0,172	0,218	0,285	0,333	0,274	0,000	0,000
15,000	-9,291	-9,331	-9,324	-9,291	-9,260	-9,257	-9,247	-9,231	-9,210	-9,204	-9,182	-9,152	-9,104	-9,038	-8,955	-0,142	-0,038	-0,013	0,047	0,047	0,047	0,059	0,078	0,081	0,092	0,113	0,127	0,149	0,159	0,128	0,000	0,000
	run	22	2022:11:08    11:40:13,813
0,000	-13,388	-13,472	-13,524	-13,624	-13,660	-13,681	-13,688	-13,699	-13,701	-13,711	-13,697	-13,680	-13,630	-13,546	-13,431	-0,307	-0,231	-0,217	-0,145	-0,109	-0,078	-0,050	-0,030	-0,002	0,027	0,071	0,114	0,155	0,182	0,150	0,000	0,000
1,000	-17,170	-17,230	-17,150	-16,925	-16,747	-16,620	-16,546	-16,482	-16,427	-16,383	-16,321	-16,275	-16,212	-16,109	-15,995	-0,192	0,084	0,197	0,364	0,386	0,353	0,333	0,302	0,280	0,259	0,259	0,252	0,249	0,249	0,182	0,000	0,000
2,000	-11,054	-11,090	-11,061	-10,914	-10,808	-10,732	-10,688	-10,647	-10,596	-10,557	-10,485	-10,406	-10,307	-10,147	-9,975	-0,121	0,033	0,126	0,225	0,245	0,237	0,246	0,242	0,254	0,268	0,300	0,331	0,355	0,360	0,270	0,000	0,000
3,000	-22,385	-22,289	-22,205	-21,827	-21,618	-21,485	-21,409	-21,356	-21,309	-21,305	-21,282	-21,260	-21,220	-21,142	-21,049	0,009	0,252	0,368	0,499	0,462	0,373	0,315	0,263	0,222	0,178	0,159	0,175	0,174	0,185	0,140	0,000	0,000
4,000	-9,854	-9,472	-9,216	-9,095	-9,049	-9,040	-9,038	-9,031	-9,030	-9,015	-8,992	-8,942	-8,868	-8,745	-8,576	1,063	0,844	0,606	0,313	0,216	0,162	0,141	0,132	0,132	0,149	0,187	0,227	0,273	0,304	0,245	0,000	0,000
5,000	-7,903	-7,182	-7,093	-6,881	-6,799	-6,746	-6,713	-6,702	-6,659	-6,655	-6,617	-6,533	-6,429	-6,235	-5,992	2,405	1,347	0,998	0,572	0,412	0,303	0,275	0,247	0,245	0,245	0,294	0,356	0,412	0,448	0,353	0,000	0,000
6,000	-7,386	-7,156	-6,986	-6,774	-6,652	-6,590	-6,552	-6,521	-6,483	-6,457	-6,414	-6,351	-6,272	-6,142	-5,977	0,699	0,576	0,510	0,398	0,340	0,274	0,258	0,238	0,226	0,223	0,250	0,272	0,298	0,309	0,243	0,000	0,000
7,000	-7,172	-7,177	-7,130	-7,070	-7,019	-6,978	-6,962	-6,955	-6,935	-6,929	-6,910	-6,897	-6,873	-6,823	-6,776	-0,053	0,028	0,062	0,118	0,109	0,089	0,087	0,083	0,082	0,070	0,074	0,090	0,097	0,097	0,072	0,000	0,000
8,000	-19,478	-19,696	-19,679	-19,816	-19,812	-19,866	-19,902	-19,915	-19,942	-19,988	-19,995	-20,006	-20,007	-19,959	-19,895	-0,347	-0,203	-0,218	-0,151	-0,128	-0,132	-0,119	-0,111	-0,092	-0,072	-0,032	0,001	0,034	0,080	0,067	0,000	0,000
9,000	-9,435	-9,392	-9,343	-9,153	-9,021	-8,907	-8,844	-8,802	-8,746	-8,708	-8,657	-8,603	-8,516	-8,402	-8,255	0,091	0,158	0,236	0,335	0,333	0,311	0,292	0,268	0,254	0,245	0,258	0,275	0,292	0,293	0,225	0,000	0,000
10,000	-9,383	-9,405	-9,288	-9,178	-9,104	-9,074	-9,051	-9,034	-9,010	-9,001	-8,983	-8,944	-8,882	-8,786	-8,676	-0,072	0,130	0,122	0,173	0,148	0,136	0,128	0,122	0,121	0,130	0,151	0,175	0,206	0,220	0,176	0,000	0,000
11,000	-9,524	-9,429	-9,406	-9,265	-9,190	-9,133	-9,100	-9,081	-9,052	-9,031	-8,994	-8,947	-8,885	-8,782	-8,660	0,112	0,145	0,171	0,205	0,200	0,169	0,167	0,157	0,162	0,160	0,186	0,211	0,228	0,243	0,189	0,000	0,000
12,000	-14,519	-14,531	-14,466	-14,416	-14,364	-14,348	-14,344	-14,335	-14,325	-14,333	-14,298	-14,281	-14,232	-14,118	-13,985	0,043	0,096	0,103	0,100	0,093	0,066	0,073	0,069	0,078	0,096	0,123	0,168	0,211	0,238	0,192	0,000	0,000
13,000	-8,079	-8,156	-8,111	-8,138	-8,116	-8,101	-8,085	-8,064	-8,038	-8,007	-7,954	-7,886	-7,782	-7,629	-7,428	-0,073	-0,012	0,005	0,035	0,066	0,092	0,113	0,136	0,161	0,198	0,245	0,295	0,346	0,364	0,291	0,000	0,000
14,000	-11,583	-11,436	-11,533	-11,463	-11,456	-11,430	-11,409	-11,411	-11,395	-11,395	-11,374	-11,337	-11,262	-11,123	-10,935	0,018	-0,060	-0,003	0,049	0,051	0,049	0,071	0,069	0,085	0,112	0,167	0,218	0,273	0,316	0,265	0,000	0,000
15,000	-9,080	-9,134	-9,119	-9,096	-9,067	-9,064	-9,051	-9,035	-9,019	-9,004	-8,987	-8,951	-8,912	-8,839	-8,756	-0,144	-0,034	-0,017	0,045	0,044	0,048	0,061	0,075	0,081	0,089	0,113	0,132	0,153	0,161	0,131	0,000	0,000
	run	23	2022:11:08    11:40:13,902
0,000	-13,363	-13,448	-13,501	-13,602	-13,629	-13,653	-13,659	-13,674	-13,677	-13,683	-13,677	-13,644	-13,604	-13,517	-13,411	-0,292	-0,248	-0,206	-0,140	-0,111	-0,078	-0,050	-0,026	-0,003	0,024	0,066	0,113	0,155	0,180	0,141	0,000	0,000
1,000	-17,102	-17,157	-17,069	-16,859	-16,671	-16,547	-16,475	-16,410	-16,349	-16,309	-16,254	-16,204	-16,139	-16,044	-15,934	-0,159	0,090	0,205	0,364	0,391	0,346	0,327	0,298	0,281	0,256	0,252	0,249	0,241	0,235	0,175	0,000	0,000
2,000	-10,941	-10,975	-10,961	-10,815	-10,716	-10,644	-10,598	-10,558	-10,504	-10,469	-10,403	-10,320	-10,224	-10,072	-9,902	-0,134	0,016	0,098	0,224	0,241	0,229	0,235	0,239	0,250	0,262	0,292	0,328	0,346	0,348	0,259	0,000	0,000
3,000	-22,156	-22,109	-22,046	-21,661	-21,446	-21,306	-21,235	-21,180	-21,131	-21,126	-21,093	-21,069	-21,032	-20,952	-20,854	-0,055	0,206	0,340	0,491	0,467	0,377	0,323	0,270	0,232	0,183	0,173	0,183	0,182	0,188	0,145	0,000	0,000
4,000	-9,975	-9,569	-9,315	-9,201	-9,154	-9,144	-9,143	-9,137	-9,127	-9,112	-9,089	-9,050	-8,973	-8,845	-8,683	1,076	0,840	0,598	0,314	0,217	0,162	0,139	0,129	0,131	0,149	0,188	0,225	0,269	0,298	0,239	0,000	0,000
5,000	-7,797	-7,077	-7,000	-6,760	-6,692	-6,631	-6,605	-6,596	-6,558	-6,553	-6,515	-6,438	-6,332	-6,141	-5,902	2,393	1,327	0,999	0,561	0,411	0,298	0,271	0,248	0,240	0,249	0,290	0,355	0,404	0,436	0,347	0,000	0,000
6,000	-7,218	-7,013	-6,854	-6,657	-6,541	-6,477	-6,447	-6,414	-6,374	-6,347	-6,296	-6,240	-6,161	-6,033	-5,875	0,670	0,561	0,481	0,381	0,327	0,269	0,256	0,232	0,223	0,224	0,249	0,278	0,291	0,308	0,239	0,000	0,000
7,000	-7,078	-7,063	-7,036	-6,960	-6,907	-6,879	-6,861	-6,846	-6,830	-6,824	-6,810	-6,787	-6,768	-6,721	-6,672	-0,056	0,032	0,062	0,123	0,109	0,094	0,082	0,080	0,076	0,068	0,076	0,093	0,095	0,101	0,075	0,000	0,000
8,000	-19,399	-19,614	-19,615	-19,742	-19,736	-19,775	-19,811	-19,839	-19,851	-19,897	-19,905	-19,923	-19,921	-19,874	-19,811	-0,347	-0,200	-0,193	-0,138	-0,120	-0,126	-0,119	-0,101	-0,093	-0,076	-0,034	0,006	0,035	0,078	0,067	0,000	0,000
9,000	-9,312	-9,273	-9,221	-9,041	-8,910	-8,808	-8,748	-8,698	-8,642	-8,610	-8,560	-8,503	-8,424	-8,304	-8,161	0,076	0,147	0,215	0,315	0,327	0,300	0,283	0,260	0,250	0,242	0,262	0,275	0,288	0,291	0,217	0,000	0,000
10,000	-9,262	-9,291	-9,185	-9,083	-9,004	-8,976	-8,955	-8,936	-8,915	-8,910	-8,880	-8,844	-8,782	-8,693	-8,577	-0,060	0,116	0,132	0,164	0,146	0,135	0,125	0,118	0,123	0,131	0,152	0,175	0,206	0,217	0,174	0,000	0,000
11,000	-9,496	-9,394	-9,367	-9,228	-9,152	-9,101	-9,070	-9,043	-9,019	-8,995	-8,955	-8,911	-8,845	-8,739	-8,617	0,110	0,147	0,168	0,206	0,199	0,175	0,167	0,158	0,163	0,170	0,191	0,217	0,234	0,242	0,189	0,000	0,000
12,000	-14,749	-14,745	-14,687	-14,645	-14,590	-14,570	-14,569	-14,561	-14,551	-14,563	-14,540	-14,502	-14,452	-14,334	-14,206	0,039	0,096	0,099	0,100	0,085	0,062	0,073	0,069	0,077	0,089	0,127	0,174	0,211	0,240	0,194	0,000	0,000
13,000	-8,298	-8,368	-8,324	-8,346	-8,323	-8,305	-8,289	-8,265	-8,237	-8,205	-8,150	-8,083	-7,980	-7,817	-7,616	-0,046	-0,007	0,001	0,041	0,067	0,099	0,119	0,142	0,169	0,208	0,253	0,305	0,355	0,375	0,295	0,000	0,000
14,000	-11,728	-11,591	-11,673	-11,593	-11,594	-11,559	-11,542	-11,537	-11,527	-11,531	-11,502	-11,475	-11,397	-11,258	-11,066	0,012	-0,060	-0,012	0,055	0,055	0,055	0,067	0,080	0,086	0,110	0,155	0,205	0,278	0,313	0,261	0,000	0,000
15,000	-9,073	-9,123	-9,112	-9,084	-9,053	-9,051	-9,042	-9,025	-9,005	-8,998	-8,973	-8,948	-8,900	-8,828	-8,745	-0,148	-0,033	-0,020	0,040	0,044	0,050	0,065	0,080	0,077	0,092	0,118	0,131	0,152	0,162	0,128	0,000	0,000
	run	24	2022:11:08    11:40:13,949
0,000	-13,497	-13,593	-13,639	-13,733	-13,771	-13,787	-13,799	-13,805	-13,809	-13,822	-13,814	-13,793	-13,746	-13,659	-13,553	-0,296	-0,250	-0,195	-0,143	-0,109	-0,078	-0,053	-0,030	-0,006	0,022	0,061	0,115	0,149	0,173	0,143	0,000	0,000
1,000	-17,007	-17,060	-16,985	-16,786	-16,602	-16,485	-16,413	-16,354	-16,288	-16,251	-16,188	-16,147	-16,089	-15,992	-15,882	-0,184	0,070	0,178	0,342	0,373	0,346	0,323	0,296	0,270	0,255	0,243	0,250	0,240	0,238	0,173	0,000	0,000
2,000	-10,941	-10,975	-10,961	-10,815	-10,716	-10,644	-10,598	-10,558	-10,504	-10,469	-10,403	-10,320	-10,224	-10,072	-9,902	-0,134	0,016	0,098	0,224	0,241	0,229	0,235	0,239	0,250	0,262	0,292	0,328	0,346	0,348	0,259	0,000	0,000
3,000	-22,156	-22,109	-22,046	-21,661	-21,446	-21,306	-21,235	-21,180	-21,131	-21,126	-21,093	-21,069	-21,032	-20,952	-20,854	-0,055	0,206	0,340	0,491	0,467	0,377	0,323	0,270	0,232	0,183	0,173	0,183	0,182	0,188	0,145	0,000	0,000
4,000	-9,975	-9,569	-9,315	-9,201	-9,154	-9,144	-9,143	-9,137	-9,127	-9,112	-9,089	-9,050	-8,973	-8,845	-8,683	1,076	0,840	0,598	0,314	0,217	0,162	0,139	0,129	0,131	0,149	0,188	0,225	0,269	0,298	0,239	0,000	0,000
5,000	-7,797	-7,077	-7,000	-6,760	-6,692	-6,631	-6,605	-6,596	-6,558	-6,553	-6,515	-6,438	-6,332	-6,141	-5,902	2,393	1,327	0,999	0,561	0,411	0,298	0,271	0,248	0,240	0,249	0,290	0,355	0,404	0,436	0,347	0,000	0,000
6,000	-7,218	-7,013	-6,854	-6,657	-6,541	-6,477	-6,447	-6,414	-6,374	-6,347	-6,296	-6,240	-6,161	-6,033	-5,875	0,670	0,561	0,481	0,381	0,327	0,269	0,256	0,232	0,223	0,224	0,249	0,278	0,291	0,308	0,239	0,000	0,000
7,000	-7,078	-7,063	-7,036	-6,960	-6,907	-6,879	-6,861	-6,846	-6,830	-6,824	-6,810	-6,787	-6,768	-6,721	-6,672	-0,056	0,032	0,062	0,123	0,109	0,094	0,082	0,080	0,076	0,068	0,076	0,093	0,095	0,101	0,075	0,000	0,000
8,000	-19,643	-19,852	-19,857	-19,996	-19,993	-20,041	-20,074	-20,093	-20,116	-20,168	-20,174	-20,191	-20,187	-20,140	-20,081	-0,354	-0,222	-0,210	-0,160	-0,130	-0,132	-0,121	-0,114	-0,091	-0,082	-0,033	0,001	0,034	0,073	0,067	0,000	0,000
9,000	-9,568	-9,498	-9,424	-9,208	-9,065	-8,957	-8,890	-8,841	-8,789	-8,752	-8,696	-8,642	-8,559	-8,434	-8,293	0,111	0,191	0,267	0,365	0,357	0,323	0,310	0,275	0,260	0,256	0,267	0,280	0,295	0,300	0,224	0,000	0,000
10,000	-9,472	-9,509	-9,373	-9,262	-9,179	-9,145	-9,125	-9,106	-9,082	-9,073	-9,049	-9,012	-8,944	-8,851	-8,735	-0,056	0,146	0,143	0,184	0,162	0,149	0,138	0,130	0,125	0,137	0,155	0,177	0,211	0,225	0,179	0,000	0,000
11,000	-9,587	-9,487	-9,440	-9,298	-9,223	-9,161	-9,134	-9,112	-9,080	-9,057	-9,024	-8,974	-8,906	-8,799	-8,671	0,124	0,159	0,194	0,217	0,208	0,184	0,173	0,164	0,168	0,171	0,194	0,220	0,243	0,252	0,195	0,000	0,000
12,000	-15,097	-15,096	-15,050	-15,001	-14,946	-14,927	-14,924	-14,923	-14,908	-14,927	-14,893	-14,861	-14,802	-14,690	-14,550	0,051	0,084	0,102	0,101	0,086	0,069	0,069	0,072	0,079	0,092	0,134	0,178	0,216	0,244	0,200	0,000	0,000
13,000	-8,412	-8,468	-8,425	-8,451	-8,423	-8,402	-8,390	-8,368	-8,338	-8,303	-8,251	-8,180	-8,075	-7,907	-7,695	-0,037	-0,001	0,012	0,047	0,072	0,099	0,123	0,146	0,174	0,205	0,258	0,314	0,365	0,387	0,307	0,000	0,000
14,000	-11,998	-11,875	-11,944	-11,877	-11,866	-11,838	-11,826	-11,820	-11,807	-11,801	-11,787	-11,745	-11,666	-11,520	-11,329	-0,034	-0,066	0,002	0,052	0,059	0,056	0,070	0,077	0,097	0,114	0,178	0,220	0,289	0,328	0,269	0,000	0,000
15,000	-9,247	-9,288	-9,274	-9,242	-9,210	-9,212	-9,195	-9,178	-9,164	-9,153	-9,134	-9,106	-9,055	-8,992	-8,908	-0,136	-0,033	-0,024	0,045	0,044	0,054	0,061	0,075	0,078	0,087	0,115	0,128	0,147	0,162	0,127	0,000	0,000
	run	25	2022:11:08    11:40:14,049
0,000	-13,620	-13,716	-13,768	-13,850	-13,887	-13,905	-13,917	-13,925	-13,932	-13,934	-13,928	-13,915	-13,866	-13,785	-13,678	-0,305	-0,244	-0,210	-0,133	-0,110	-0,078	-0,050	-0,029	-0,007	0,017	0,062	0,106	0,149	0,172	0,140	0,000	0,000
1,000	-16,966	-17,014	-16,935	-16,742	-16,566	-16,447	-16,379	-16,321	-16,259	-16,222	-16,157	-16,114	-16,051	-15,960	-15,864	-0,184	0,071	0,166	0,341	0,369	0,338	0,311	0,283	0,267	0,251	0,240	0,239	0,231	0,230	0,164	0,000	0,000
2,000	-10,399	-10,459	-10,437	-10,338	-10,243	-10,174	-10,134	-10,092	-10,043	-10,010	-9,947	-9,876	-9,788	-9,647	-9,497	-0,156	-0,030	0,062	0,183	0,215	0,207	0,217	0,218	0,226	0,238	0,270	0,291	0,314	0,312	0,232	0,000	0,000
3,000	-20,423	-20,449	-20,442	-20,170	-19,977	-19,849	-19,788	-19,737	-19,686	-19,679	-19,648	-19,628	-19,588	-19,518	-19,439	-0,165	0,043	0,191	0,379	0,384	0,324	0,285	0,236	0,203	0,169	0,157	0,170	0,165	0,170	0,125	0,000	0,000
4,000	-9,251	-8,851	-8,608	-8,471	-8,415	-8,407	-8,400	-8,395	-8,391	-8,378	-8,356	-8,319	-8,247	-8,127	-7,980	1,052	0,837	0,606	0,331	0,229	0,165	0,146	0,119	0,120	0,138	0,168	0,205	0,246	0,274	0,223	0,000	0,000
5,000	-7,371	-6,686	-6,626	-6,416	-6,361	-6,302	-6,270	-6,264	-6,227	-6,223	-6,173	-6,110	-6,012	-5,830	-5,621	2,309	1,283	0,945	0,526	0,381	0,284	0,255	0,235	0,226	0,229	0,269	0,325	0,372	0,406	0,318	0,000	0,000
6,000	-7,111	-6,920	-6,764	-6,579	-6,464	-6,393	-6,363	-6,338	-6,292	-6,274	-6,220	-6,160	-6,085	-5,953	-5,799	0,659	0,545	0,473	0,379	0,322	0,266	0,248	0,227	0,222	0,227	0,244	0,270	0,294	0,308	0,241	0,000	0,000
7,000	-7,094	-7,091	-7,049	-6,969	-6,911	-6,877	-6,858	-6,853	-6,836	-6,829	-6,818	-6,794	-6,770	-6,724	-6,670	-0,057	0,045	0,076	0,129	0,112	0,097	0,092	0,083	0,081	0,082	0,079	0,089	0,096	0,105	0,077	0,000	0,000
8,000	-19,864	-20,083	-20,093	-20,239	-20,240	-20,296	-20,323	-20,352	-20,366	-20,413	-20,427	-20,443	-20,441	-20,396	-20,333	-0,364	-0,230	-0,241	-0,173	-0,145	-0,148	-0,133	-0,119	-0,096	-0,080	-0,041	0,001	0,030	0,078	0,067	0,000	0,000
9,000	-9,714	-9,657	-9,579	-9,345	-9,191	-9,079	-9,017	-8,967	-8,919	-8,880	-8,818	-8,763	-8,681	-8,555	-8,402	0,131	0,217	0,291	0,384	0,373	0,337	0,314	0,280	0,265	0,257	0,269	0,293	0,303	0,307	0,235	0,000	0,000
10,000	-9,698	-9,713	-9,576	-9,439	-9,352	-9,318	-9,296	-9,276	-9,251	-9,251	-9,223	-9,181	-9,124	-9,020	-8,899	-0,039	0,166	0,178	0,206	0,173	0,155	0,141	0,135	0,126	0,142	0,162	0,180	0,215	0,223	0,184	0,000	0,000
11,000	-9,779	-9,667	-9,620	-9,477	-9,390	-9,334	-9,303	-9,280	-9,251	-9,228	-9,190	-9,144	-9,073	-8,965	-8,834	0,143	0,178	0,200	0,228	0,210	0,186	0,178	0,168	0,170	0,176	0,196	0,226	0,249	0,258	0,197	0,000	0,000
12,000	-15,063	-15,062	-15,006	-14,957	-14,902	-14,890	-14,881	-14,874	-14,863	-14,872	-14,850	-14,812	-14,760	-14,645	-14,503	0,041	0,090	0,092	0,104	0,095	0,071	0,071	0,074	0,084	0,094	0,130	0,182	0,219	0,250	0,198	0,000	0,000
13,000	-8,374	-8,410	-8,379	-8,401	-8,380	-8,358	-8,343	-8,320	-8,297	-8,256	-8,200	-8,129	-8,022	-7,858	-7,648	-0,029	0,002	0,001	0,045	0,068	0,101	0,123	0,138	0,171	0,209	0,257	0,312	0,367	0,386	0,309	0,000	0,000
14,000	-12,026	-11,906	-11,967	-11,901	-11,891	-11,862	-11,845	-11,845	-11,834	-11,825	-11,810	-11,759	-11,688	-11,542	-11,341	-0,051	-0,067	0,000	0,052	0,062	0,065	0,072	0,074	0,095	0,119	0,166	0,223	0,291	0,332	0,278	0,000	0,000
15,000	-9,344	-9,397	-9,386	-9,355	-9,322	-9,320	-9,305	-9,293	-9,277	-9,263	-9,243	-9,213	-9,166	-9,099	-9,014	-0,152	-0,035	-0,013	0,045	0,041	0,052	0,062	0,078	0,078	0,092	0,114	0,129	0,149	0,164	0,130	0,000	0,000
	run	26	2022:11:08    11:40:14,102
0,000	-13,620	-13,716	-13,768	-13,850	-13,887	-13,905	-13,917	-13,925	-13,932	-13,934	-13,928	-13,915	-13,866	-13,785	-13,678	-0,305	-0,244	-0,210	-0,133	-0,110	-0,078	-0,050	-0,029	-0,007	0,017	0,062	0,106	0,149	0,172	0,140	0,000	0,000
1,000	-16,966	-17,014	-16,935	-16,742	-16,566	-16,447	-16,379	-16,321	-16,259	-16,222	-16,157	-16,114	-16,051	-15,960	-15,864	-0,184	0,071	0,166	0,341	0,369	0,338	0,311	0,283	0,267	0,251	0,240	0,239	0,231	0,230	0,164	0,000	0,000
2,000	-10,399	-10,459	-10,437	-10,338	-10,243	-10,174	-10,134	-10,092	-10,043	-10,010	-9,947	-9,876	-9,788	-9,647	-9,497	-0,156	-0,030	0,062	0,183	0,215	0,207	0,217	0,218	0,226	0,238	0,270	0,291	0,314	0,312	0,232	0,000	0,000
3,000	-20,423	-20,449	-20,442	-20,170	-19,977	-19,849	-19,788	-19,737	-19,686	-19,679	-19,648	-19,628	-19,588	-19,518	-19,439	-0,165	0,043	0,191	0,379	0,384	0,324	0,285	0,236	0,203	0,169	0,157	0,170	0,165	0,170	0,125	0,000	0,000
4,000	-9,251	-8,851	-8,608	-8,471	-8,415	-8,407	-8,400	-8,395	-8,391	-8,378	-8,356	-8,319	-8,247	-8,127	-7,980	1,052	0,837	0,606	0,331	0,229	0,165	0,146	0,119	0,120	0,138	0,168	0,205	0,246	0,274	0,223	0,000	0,000
5,000	-7,371	-6,686	-6,626	-6,416	-6,361	-6,302	-6,270	-6,264	-6,227	-6,223	-6,173	-6,110	-6,012	-5,830	-5,621	2,309	1,283	0,945	0,526	0,381	0,284	0,255	0,235	0,226	0,229	0,269	0,325	0,372	0,406	0,318	0,000	0,000
6,000	-7,123	-6,917	-6,777	-6,585	-6,470	-6,407	-6,376	-6,342	-6,305	-6,280	-6,230	-6,178	-6,095	-5,959	-5,802	0,664	0,537	0,464	0,366	0,314	0,267	0,245	0,222	0,220	0,223	0,242	0,270	0,292	0,313	0,239	0,000	0,000
7,000	-7,156	-7,134	-7,094	-7,013	-6,963	-6,930	-6,910	-6,899	-6,876	-6,879	-6,860	-6,838	-6,814	-6,766	-6,714	-0,062	0,041	0,084	0,126	0,117	0,104	0,091	0,087	0,074	0,083	0,082	0,090	0,100	0,106	0,080	0,000	0,000
8,000	-20,023	-20,259	-20,261	-20,413	-20,413	-20,459	-20,491	-20,511	-20,535	-20,575	-20,588	-20,601	-20,599	-20,548	-20,491	-0,376	-0,235	-0,235	-0,176	-0,143	-0,144	-0,125	-0,121	-0,097	-0,078	-0,038	0,008	0,033	0,076	0,074	0,000	0,000
9,000	-9,805	-9,750	-9,675	-9,447	-9,304	-9,186	-9,121	-9,069	-9,022	-8,979	-8,915	-8,868	-8,782	-8,651	-8,496	0,118	0,214	0,277	0,374	0,371	0,331	0,318	0,282	0,267	0,257	0,269	0,295	0,309	0,318	0,238	0,000	0,000
10,000	-9,726	-9,729	-9,593	-9,443	-9,353	-9,320	-9,300	-9,277	-9,254	-9,254	-9,222	-9,180	-9,114	-9,021	-8,899	-0,012	0,189	0,197	0,221	0,184	0,163	0,144	0,140	0,131	0,143	0,163	0,181	0,225	0,237	0,187	0,000	0,000
11,000	-9,761	-9,651	-9,589	-9,446	-9,363	-9,304	-9,269	-9,248	-9,220	-9,192	-9,160	-9,107	-9,037	-8,928	-8,796	0,146	0,184	0,200	0,240	0,214	0,189	0,182	0,168	0,169	0,185	0,204	0,228	0,251	0,259	0,200	0,000	0,000
12,000	-15,012	-15,027	-14,962	-14,918	-14,859	-14,849	-14,845	-14,837	-14,826	-14,842	-14,814	-14,778	-14,720	-14,600	-14,459	0,034	0,082	0,093	0,107	0,087	0,067	0,072	0,067	0,080	0,098	0,132	0,184	0,217	0,252	0,201	0,000	0,000
13,000	-8,396	-8,445	-8,410	-8,421	-8,399	-8,378	-8,363	-8,340	-8,316	-8,275	-8,224	-8,154	-8,049	-7,881	-7,669	-0,024	0,002	0,009	0,048	0,073	0,103	0,125	0,141	0,174	0,215	0,264	0,315	0,364	0,391	0,313	0,000	0,000
14,000	-12,052	-11,922	-11,993	-11,925	-11,911	-11,888	-11,862	-11,855	-11,854	-11,849	-11,820	-11,795	-11,706	-11,569	-11,363	-0,024	-0,064	0,008	0,056	0,063	0,068	0,070	0,076	0,089	0,125	0,168	0,216	0,289	0,334	0,282	0,000	0,000
15,000	-9,319	-9,349	-9,345	-9,309	-9,281	-9,279	-9,263	-9,253	-9,231	-9,220	-9,202	-9,175	-9,129	-9,057	-8,975	-0,156	-0,032	-0,017	0,044	0,047	0,053	0,062	0,075	0,074	0,090	0,109	0,128	0,150	0,163	0,132	0,000	0,000
