Device: PM2003001		2022:11:15    09:41:34,839  (DLL version: 1.20;  Status: HW:v1.02 SW:v1.3 CRC:31ED BATTERY:4170mV ST:2 ERR:0010;  MUX data; S: 92 I:143 R:200.000 C:1.094p F:)
Excitation level, V:	1,50
Voltage Channel Gain:	10
Current Channel Gain:	1
Voltmeter Range, V:	0,3
Ampermeter Range, A:	15,0m
Step Period, ms:	5
R transimp:	200
C transimp:	1,1p
Measurement Table: 	EEPROM  16

Freq, Hz	1,0k	2,0k	3,0k	7,0k	11,0k	17,0k	23,0k	31,0k	43,0k	61,0k	89,0k	127,0k	179,0k	251,0k	349,0k	1,0k	2,0k	3,0k	7,0k	11,0k	17,0k	23,0k	31,0k	43,0k	61,0k	89,0k	127,0k	179,0k	251,0k	349,0k
	run	1	2022:11:15    09:41:34,841
MUX	Re1, ohm	Re2, ohm	Re3, ohm	Re4, ohm	Re5, ohm	Re6, ohm	Re7, ohm	Re8, ohm	Re9, ohm	Re10, ohm	Re11, ohm	Re12, ohm	Re13, ohm	Re14, ohm	Re15, ohm	Im1, ohm	Im2, ohm	Im3, ohm	Im4, ohm	Im5, ohm	Im6, ohm	Im7, ohm	Im8, ohm	Im9, ohm	Im10, ohm	Im11, ohm	Im12, ohm	Im13, ohm	Im14, ohm	Im15, ohm	U, V	I, mA

0,000	-3,735	-3,818	-3,837	-3,873	-3,878	-3,884	-3,884	-3,888	-3,887	-3,893	-3,893	-3,892	-3,889	-3,878	-3,868	-0,166	-0,124	-0,093	-0,053	-0,034	-0,028	-0,018	-0,016	-0,011	-0,008	-0,002	0,006	0,012	0,018	0,014	0,050	10,928
1,000	-4,189	-4,253	-4,262	-4,239	-4,208	-4,191	-4,181	-4,174	-4,167	-4,165	-4,157	-4,149	-4,142	-4,128	-4,111	-0,143	-0,073	-0,029	0,033	0,044	0,038	0,037	0,033	0,030	0,029	0,029	0,031	0,033	0,031	0,022	0,048	11,301
2,000	-2,701	-2,759	-2,767	-2,770	-2,754	-2,739	-2,727	-2,718	-2,705	-2,698	-2,690	-2,681	-2,675	-2,667	-2,658	-0,108	-0,069	-0,038	0,011	0,027	0,035	0,037	0,037	0,037	0,034	0,033	0,027	0,024	0,023	0,017	0,037	11,719
3,000	-5,525	-5,529	-5,506	-5,430	-5,383	-5,360	-5,348	-5,344	-5,338	-5,340	-5,341	-5,335	-5,333	-5,322	-5,307	-0,001	0,047	0,071	0,101	0,093	0,067	0,054	0,041	0,031	0,020	0,021	0,024	0,025	0,026	0,021	0,077	12,554
4,000	-3,135	-2,960	-2,845	-2,688	-2,638	-2,605	-2,591	-2,581	-2,573	-2,563	-2,554	-2,547	-2,536	-2,520	-2,502	0,317	0,334	0,308	0,214	0,165	0,123	0,104	0,084	0,071	0,061	0,049	0,048	0,043	0,043	0,032	0,034	12,327
5,000	-3,487	-3,229	-3,104	-2,928	-2,869	-2,832	-2,817	-2,802	-2,790	-2,783	-2,775	-2,765	-2,751	-2,729	-2,702	0,438	0,420	0,372	0,253	0,193	0,145	0,123	0,100	0,082	0,070	0,061	0,059	0,060	0,059	0,045	0,039	11,345
6,000	-2,138	-2,142	-2,133	-2,108	-2,080	-2,064	-2,055	-2,049	-2,042	-2,042	-2,031	-2,031	-2,024	-2,018	-2,009	-0,020	0,006	0,023	0,051	0,048	0,040	0,037	0,032	0,031	0,027	0,027	0,021	0,016	0,016	0,016	0,025	11,719
7,000	-1,642	-1,665	-1,673	-1,686	-1,686	-1,688	-1,690	-1,691	-1,694	-1,698	-1,699	-1,698	-1,699	-1,697	-1,694	-0,042	-0,034	-0,027	-0,017	-0,014	-0,015	-0,010	-0,009	-0,009	-0,006	-0,006	-0,001	0,001	0,005	0,004	0,038	10,964
8,000	-5,142	-5,165	-5,160	-5,168	-5,158	-5,154	-5,153	-5,153	-5,150	-5,155	-5,159	-5,155	-5,153	-5,152	-5,152	-0,029	-0,015	-0,009	0,003	0,007	0,005	0,001	0,004	-0,001	-0,003	-0,001	-0,002	-0,001	-0,000	0,001	0,061	10,913
9,000	-2,099	-2,099	-2,113	-2,101	-2,094	-2,082	-2,082	-2,077	-2,073	-2,072	-2,067	-2,056	-2,045	-2,021	-1,995	0,019	-0,001	0,002	0,025	0,016	0,018	0,019	0,023	0,026	0,025	0,029	0,039	0,043	0,044	0,035	0,048	12,810
10,000	-1,513	-1,521	-1,499	-1,462	-1,434	-1,419	-1,408	-1,402	-1,400	-1,400	-1,399	-1,392	-1,386	-1,376	-1,364	-0,002	0,031	0,043	0,061	0,054	0,047	0,039	0,031	0,025	0,021	0,019	0,021	0,026	0,026	0,020	0,053	13,521
11,000	-2,996	-2,986	-2,971	-2,947	-2,928	-2,914	-2,911	-2,906	-2,895	-2,893	-2,887	-2,879	-2,873	-2,865	-2,857	0,015	0,025	0,031	0,041	0,042	0,035	0,035	0,031	0,032	0,024	0,026	0,026	0,022	0,020	0,016	0,039	13,374
12,000	-4,426	-4,437	-4,421	-4,411	-4,396	-4,391	-4,390	-4,388	-4,385	-4,388	-4,384	-4,379	-4,368	-4,348	-4,321	0,004	0,017	0,019	0,027	0,023	0,020	0,017	0,016	0,013	0,016	0,022	0,032	0,042	0,047	0,034	0,065	12,810
13,000	-1,941	-1,932	-1,947	-1,933	-1,927	-1,921	-1,915	-1,915	-1,912	-1,911	-1,909	-1,904	-1,892	-1,876	-1,857	0,002	0,002	0,006	0,016	0,014	0,012	0,016	0,013	0,012	0,017	0,022	0,027	0,036	0,038	0,033	0,042	11,667
14,000	-3,314	-3,386	-3,389	-3,412	-3,401	-3,398	-3,396	-3,393	-3,391	-3,394	-3,390	-3,384	-3,375	-3,356	-3,333	-0,111	-0,071	-0,053	-0,016	-0,002	0,001	0,005	0,008	0,010	0,011	0,020	0,028	0,032	0,038	0,030	0,050	11,572
15,000	-2,263	-2,295	-2,318	-2,318	-2,314	-2,312	-2,310	-2,310	-2,306	-2,309	-2,310	-2,309	-2,302	-2,296	-2,285	-0,081	-0,060	-0,044	-0,011	-0,005	-0,003	0,002	0,001	0,002	0,004	0,006	0,009	0,015	0,015	0,015	0,060	12,056
	run	2	2022:11:15    09:41:34,889
0,000	-3,758	-3,841	-3,865	-3,905	-3,906	-3,911	-3,914	-3,917	-3,913	-3,921	-3,922	-3,921	-3,917	-3,908	-3,895	-0,165	-0,123	-0,095	-0,052	-0,037	-0,025	-0,021	-0,014	-0,011	-0,008	-0,001	0,006	0,012	0,017	0,014	0,050	10,920
1,000	-4,210	-4,270	-4,280	-4,251	-4,222	-4,205	-4,194	-4,188	-4,177	-4,179	-4,168	-4,162	-4,155	-4,139	-4,124	-0,142	-0,071	-0,028	0,034	0,045	0,038	0,037	0,034	0,033	0,030	0,031	0,032	0,033	0,032	0,024	0,049	11,272
2,000	-2,701	-2,759	-2,767	-2,770	-2,754	-2,739	-2,727	-2,718	-2,705	-2,698	-2,690	-2,681	-2,675	-2,667	-2,658	-0,108	-0,069	-0,038	0,011	0,027	0,035	0,037	0,037	0,037	0,034	0,033	0,027	0,024	0,023	0,017	0,037	11,719
3,000	-5,525	-5,529	-5,506	-5,430	-5,383	-5,360	-5,348	-5,344	-5,338	-5,340	-5,341	-5,335	-5,333	-5,322	-5,307	-0,001	0,047	0,071	0,101	0,093	0,067	0,054	0,041	0,031	0,020	0,021	0,024	0,025	0,026	0,021	0,077	12,554
4,000	-3,135	-2,960	-2,845	-2,688	-2,638	-2,605	-2,591	-2,581	-2,573	-2,563	-2,554	-2,547	-2,536	-2,520	-2,502	0,317	0,334	0,308	0,214	0,165	0,123	0,104	0,084	0,071	0,061	0,049	0,048	0,043	0,043	0,032	0,034	12,327
5,000	-3,487	-3,229	-3,104	-2,928	-2,869	-2,832	-2,817	-2,802	-2,790	-2,783	-2,775	-2,765	-2,751	-2,729	-2,702	0,438	0,420	0,372	0,253	0,193	0,145	0,123	0,100	0,082	0,070	0,061	0,059	0,060	0,059	0,045	0,039	11,345
6,000	-2,138	-2,142	-2,133	-2,108	-2,080	-2,064	-2,055	-2,049	-2,042	-2,042	-2,031	-2,031	-2,024	-2,018	-2,009	-0,020	0,006	0,023	0,051	0,048	0,040	0,037	0,032	0,031	0,027	0,027	0,021	0,016	0,016	0,016	0,025	11,719
7,000	-1,642	-1,665	-1,673	-1,686	-1,686	-1,688	-1,690	-1,691	-1,694	-1,698	-1,699	-1,698	-1,699	-1,697	-1,694	-0,042	-0,034	-0,027	-0,017	-0,014	-0,015	-0,010	-0,009	-0,009	-0,006	-0,006	-0,001	0,001	0,005	0,004	0,038	10,964
8,000	-5,136	-5,158	-5,157	-5,165	-5,151	-5,150	-5,150	-5,146	-5,149	-5,151	-5,149	-5,150	-5,152	-5,148	-5,151	-0,032	-0,018	-0,012	0,001	0,006	0,005	0,007	0,003	0,002	-0,000	-0,003	-0,001	-0,002	0,001	0,001	0,060	10,884
9,000	-2,115	-2,109	-2,117	-2,108	-2,099	-2,093	-2,086	-2,084	-2,081	-2,080	-2,076	-2,067	-2,049	-2,033	-2,002	0,023	-0,003	0,003	0,016	0,017	0,016	0,017	0,024	0,020	0,021	0,028	0,037	0,043	0,050	0,034	0,048	12,817
10,000	-1,497	-1,507	-1,482	-1,448	-1,418	-1,402	-1,393	-1,386	-1,384	-1,381	-1,376	-1,377	-1,369	-1,361	-1,348	-0,005	0,033	0,040	0,059	0,054	0,046	0,040	0,033	0,020	0,020	0,021	0,023	0,025	0,026	0,022	0,053	13,535
11,000	-2,974	-2,960	-2,945	-2,924	-2,905	-2,893	-2,883	-2,881	-2,871	-2,870	-2,861	-2,858	-2,850	-2,842	-2,831	0,012	0,027	0,032	0,046	0,041	0,036	0,034	0,032	0,030	0,026	0,025	0,025	0,023	0,023	0,015	0,038	13,381
12,000	-4,442	-4,450	-4,437	-4,428	-4,413	-4,407	-4,408	-4,406	-4,401	-4,405	-4,402	-4,396	-4,386	-4,364	-4,339	0,005	0,016	0,021	0,024	0,024	0,017	0,019	0,015	0,015	0,017	0,024	0,032	0,041	0,045	0,037	0,066	12,810
13,000	-1,938	-1,927	-1,940	-1,930	-1,922	-1,920	-1,911	-1,910	-1,904	-1,911	-1,907	-1,903	-1,889	-1,874	-1,855	0,003	-0,001	-0,002	0,017	0,017	0,013	0,016	0,015	0,015	0,016	0,021	0,029	0,032	0,036	0,035	0,042	11,660
14,000	-3,311	-3,387	-3,385	-3,406	-3,397	-3,395	-3,394	-3,388	-3,388	-3,390	-3,382	-3,379	-3,371	-3,352	-3,333	-0,113	-0,070	-0,053	-0,016	-0,001	0,003	0,008	0,009	0,011	0,012	0,019	0,027	0,035	0,039	0,030	0,051	11,558
15,000	-2,274	-2,305	-2,327	-2,329	-2,323	-2,325	-2,321	-2,321	-2,317	-2,321	-2,322	-2,319	-2,313	-2,305	-2,297	-0,079	-0,058	-0,044	-0,011	-0,006	-0,001	0,000	-0,000	0,003	0,005	0,007	0,010	0,016	0,018	0,015	0,060	12,041
	run	3	2022:11:15    09:41:34,989
0,000	-3,803	-3,892	-3,910	-3,949	-3,952	-3,958	-3,962	-3,964	-3,963	-3,969	-3,969	-3,969	-3,966	-3,955	-3,944	-0,167	-0,122	-0,097	-0,052	-0,038	-0,028	-0,021	-0,016	-0,012	-0,009	-0,002	0,009	0,012	0,018	0,014	0,050	10,906
1,000	-4,268	-4,331	-4,338	-4,309	-4,276	-4,254	-4,245	-4,239	-4,229	-4,227	-4,220	-4,213	-4,205	-4,187	-4,175	-0,136	-0,071	-0,027	0,037	0,049	0,042	0,042	0,036	0,036	0,030	0,031	0,034	0,034	0,034	0,025	0,048	11,243
2,000	-2,731	-2,790	-2,798	-2,803	-2,787	-2,770	-2,757	-2,747	-2,735	-2,730	-2,721	-2,713	-2,708	-2,697	-2,690	-0,108	-0,065	-0,041	0,013	0,030	0,038	0,039	0,038	0,038	0,032	0,035	0,029	0,025	0,024	0,016	0,037	11,660
3,000	-5,506	-5,504	-5,484	-5,411	-5,365	-5,337	-5,327	-5,323	-5,316	-5,323	-5,322	-5,316	-5,314	-5,300	-5,289	0,001	0,049	0,075	0,099	0,091	0,068	0,055	0,038	0,032	0,021	0,020	0,022	0,025	0,024	0,021	0,077	12,517
4,000	-3,111	-2,926	-2,813	-2,661	-2,607	-2,577	-2,560	-2,551	-2,541	-2,536	-2,527	-2,517	-2,509	-2,494	-2,475	0,313	0,332	0,305	0,213	0,164	0,121	0,103	0,083	0,070	0,061	0,050	0,050	0,042	0,043	0,028	0,033	12,356
5,000	-3,438	-3,180	-3,059	-2,885	-2,829	-2,791	-2,776	-2,763	-2,755	-2,743	-2,735	-2,728	-2,713	-2,692	-2,662	0,432	0,414	0,366	0,249	0,191	0,145	0,119	0,096	0,078	0,068	0,060	0,058	0,060	0,060	0,044	0,039	11,389
6,000	-2,126	-2,139	-2,130	-2,103	-2,076	-2,061	-2,049	-2,040	-2,035	-2,040	-2,027	-2,024	-2,023	-2,010	-2,007	-0,026	0,003	0,023	0,041	0,047	0,042	0,039	0,033	0,024	0,022	0,018	0,022	0,018	0,021	0,008	0,026	11,726
7,000	-1,636	-1,662	-1,667	-1,677	-1,674	-1,679	-1,681	-1,684	-1,684	-1,687	-1,691	-1,689	-1,689	-1,687	-1,684	-0,045	-0,033	-0,025	-0,015	-0,009	-0,009	-0,009	-0,009	-0,009	-0,008	-0,002	-0,003	-0,001	0,004	0,002	0,037	10,957
8,000	-5,148	-5,178	-5,173	-5,182	-5,171	-5,167	-5,167	-5,164	-5,162	-5,171	-5,169	-5,170	-5,175	-5,171	-5,167	-0,025	-0,020	-0,012	0,004	0,005	0,004	0,001	-0,001	0,004	-0,003	0,004	0,001	0,001	0,004	0,002	0,060	10,876
9,000	-2,100	-2,099	-2,106	-2,100	-2,084	-2,079	-2,078	-2,068	-2,057	-2,068	-2,060	-2,042	-2,039	-2,018	-1,993	0,014	-0,000	0,004	0,019	0,021	0,018	0,019	0,021	0,034	0,024	0,023	0,042	0,046	0,048	0,035	0,048	12,803
10,000	-1,505	-1,513	-1,491	-1,456	-1,426	-1,411	-1,402	-1,396	-1,389	-1,392	-1,386	-1,389	-1,381	-1,367	-1,355	-0,007	0,033	0,042	0,059	0,054	0,046	0,041	0,032	0,024	0,024	0,021	0,020	0,023	0,028	0,022	0,053	13,499
11,000	-2,974	-2,966	-2,948	-2,927	-2,907	-2,893	-2,887	-2,883	-2,875	-2,870	-2,864	-2,856	-2,851	-2,844	-2,836	0,015	0,024	0,032	0,042	0,042	0,035	0,035	0,033	0,031	0,027	0,028	0,026	0,025	0,022	0,015	0,038	13,381
12,000	-4,439	-4,445	-4,429	-4,423	-4,406	-4,401	-4,399	-4,398	-4,397	-4,399	-4,394	-4,390	-4,381	-4,358	-4,334	0,007	0,017	0,020	0,025	0,023	0,018	0,016	0,013	0,015	0,017	0,023	0,034	0,040	0,046	0,035	0,065	12,810
13,000	-1,933	-1,920	-1,931	-1,923	-1,914	-1,912	-1,905	-1,904	-1,897	-1,902	-1,903	-1,893	-1,884	-1,865	-1,845	0,003	0,002	0,003	0,013	0,018	0,014	0,016	0,018	0,014	0,019	0,022	0,026	0,037	0,039	0,029	0,042	11,660
14,000	-3,304	-3,376	-3,374	-3,398	-3,387	-3,384	-3,382	-3,381	-3,377	-3,380	-3,374	-3,370	-3,360	-3,342	-3,320	-0,109	-0,070	-0,057	-0,015	-0,004	0,003	0,007	0,010	0,011	0,014	0,015	0,026	0,033	0,039	0,032	0,050	11,587
15,000	-2,280	-2,315	-2,331	-2,336	-2,330	-2,329	-2,328	-2,328	-2,322	-2,326	-2,327	-2,325	-2,319	-2,310	-2,302	-0,086	-0,058	-0,044	-0,009	-0,006	-0,005	0,000	0,002	0,004	0,006	0,008	0,011	0,015	0,017	0,014	0,060	12,070
	run	4	2022:11:15    09:41:35,042
0,000	-3,803	-3,892	-3,910	-3,949	-3,952	-3,958	-3,962	-3,964	-3,963	-3,969	-3,969	-3,969	-3,966	-3,955	-3,944	-0,167	-0,122	-0,097	-0,052	-0,038	-0,028	-0,021	-0,016	-0,012	-0,009	-0,002	0,009	0,012	0,018	0,014	0,050	10,906
1,000	-4,268	-4,331	-4,338	-4,309	-4,276	-4,254	-4,245	-4,239	-4,229	-4,227	-4,220	-4,213	-4,205	-4,187	-4,175	-0,136	-0,071	-0,027	0,037	0,049	0,042	0,042	0,036	0,036	0,030	0,031	0,034	0,034	0,034	0,025	0,048	11,243
2,000	-2,731	-2,790	-2,798	-2,803	-2,787	-2,770	-2,757	-2,747	-2,735	-2,730	-2,721	-2,713	-2,708	-2,697	-2,690	-0,108	-0,065	-0,041	0,013	0,030	0,038	0,039	0,038	0,038	0,032	0,035	0,029	0,025	0,024	0,016	0,037	11,660
3,000	-5,506	-5,504	-5,484	-5,411	-5,365	-5,337	-5,327	-5,323	-5,316	-5,323	-5,322	-5,316	-5,314	-5,300	-5,289	0,001	0,049	0,075	0,099	0,091	0,068	0,055	0,038	0,032	0,021	0,020	0,022	0,025	0,024	0,021	0,077	12,517
4,000	-3,111	-2,926	-2,813	-2,661	-2,607	-2,577	-2,560	-2,551	-2,541	-2,536	-2,527	-2,517	-2,509	-2,494	-2,475	0,313	0,332	0,305	0,213	0,164	0,121	0,103	0,083	0,070	0,061	0,050	0,050	0,042	0,043	0,028	0,033	12,356
5,000	-3,438	-3,180	-3,059	-2,885	-2,829	-2,791	-2,776	-2,763	-2,755	-2,743	-2,735	-2,728	-2,713	-2,692	-2,662	0,432	0,414	0,366	0,249	0,191	0,145	0,119	0,096	0,078	0,068	0,060	0,058	0,060	0,060	0,044	0,039	11,389
6,000	-2,109	-2,113	-2,112	-2,082	-2,058	-2,039	-2,031	-2,021	-2,012	-2,015	-2,008	-2,005	-2,000	-1,994	-1,987	-0,023	0,007	0,021	0,042	0,050	0,043	0,041	0,033	0,036	0,028	0,020	0,015	0,023	0,018	0,010	0,026	11,763
7,000	-1,632	-1,660	-1,661	-1,674	-1,674	-1,679	-1,682	-1,683	-1,681	-1,686	-1,688	-1,690	-1,689	-1,687	-1,684	-0,043	-0,034	-0,027	-0,015	-0,011	-0,014	-0,011	-0,010	-0,010	-0,006	-0,004	0,001	0,000	0,004	0,002	0,037	11,008
8,000	-5,140	-5,159	-5,156	-5,159	-5,152	-5,143	-5,149	-5,147	-5,146	-5,153	-5,149	-5,151	-5,157	-5,149	-5,149	-0,031	-0,016	-0,005	-0,000	0,005	0,004	0,007	0,003	-0,002	-0,005	0,001	-0,000	0,000	0,000	0,002	0,059	10,920
9,000	-2,131	-2,110	-2,120	-2,117	-2,109	-2,100	-2,096	-2,093	-2,077	-2,086	-2,076	-2,070	-2,058	-2,034	-2,011	0,015	-0,004	0,003	0,018	0,019	0,017	0,022	0,020	0,028	0,025	0,029	0,036	0,048	0,041	0,037	0,050	12,810
10,000	-1,503	-1,511	-1,487	-1,454	-1,425	-1,409	-1,401	-1,394	-1,387	-1,390	-1,390	-1,385	-1,382	-1,364	-1,355	-0,003	0,035	0,037	0,057	0,057	0,048	0,038	0,029	0,024	0,022	0,021	0,020	0,027	0,029	0,021	0,052	13,535
11,000	-2,981	-2,970	-2,956	-2,934	-2,914	-2,904	-2,896	-2,889	-2,881	-2,879	-2,871	-2,868	-2,862	-2,851	-2,843	0,013	0,020	0,030	0,042	0,043	0,034	0,033	0,032	0,032	0,026	0,026	0,025	0,023	0,021	0,013	0,038	13,374
12,000	-4,391	-4,402	-4,386	-4,377	-4,363	-4,358	-4,356	-4,356	-4,351	-4,354	-4,351	-4,346	-4,335	-4,314	-4,289	0,007	0,015	0,019	0,026	0,023	0,019	0,017	0,013	0,015	0,016	0,022	0,032	0,040	0,045	0,037	0,065	12,825
13,000	-1,924	-1,917	-1,926	-1,916	-1,906	-1,903	-1,901	-1,900	-1,893	-1,895	-1,893	-1,888	-1,877	-1,862	-1,841	0,004	0,005	0,003	0,016	0,016	0,010	0,014	0,013	0,015	0,014	0,023	0,024	0,032	0,038	0,031	0,042	11,675
14,000	-3,308	-3,382	-3,379	-3,403	-3,393	-3,392	-3,391	-3,388	-3,385	-3,387	-3,383	-3,377	-3,367	-3,347	-3,326	-0,114	-0,074	-0,055	-0,016	-0,003	-0,000	0,007	0,010	0,011	0,014	0,020	0,026	0,034	0,040	0,032	0,051	11,609
15,000	-2,301	-2,331	-2,352	-2,355	-2,349	-2,349	-2,346	-2,346	-2,342	-2,345	-2,347	-2,345	-2,338	-2,331	-2,322	-0,084	-0,059	-0,044	-0,013	-0,007	-0,002	0,001	0,003	0,003	0,005	0,006	0,009	0,016	0,018	0,016	0,060	12,056
	run	5	2022:11:15    09:41:35,140
0,000	-3,845	-3,934	-3,951	-3,992	-3,996	-4,003	-4,005	-4,007	-4,007	-4,014	-4,013	-4,013	-4,011	-4,000	-3,989	-0,170	-0,124	-0,098	-0,056	-0,040	-0,029	-0,022	-0,016	-0,012	-0,008	-0,002	0,005	0,013	0,018	0,015	0,051	10,840
1,000	-4,304	-4,367	-4,373	-4,346	-4,311	-4,289	-4,279	-4,273	-4,261	-4,262	-4,254	-4,245	-4,238	-4,221	-4,208	-0,133	-0,068	-0,022	0,041	0,052	0,044	0,042	0,040	0,036	0,031	0,033	0,035	0,033	0,035	0,026	0,050	11,155
2,000	-2,738	-2,799	-2,807	-2,811	-2,796	-2,780	-2,767	-2,759	-2,744	-2,739	-2,729	-2,723	-2,716	-2,705	-2,699	-0,107	-0,068	-0,039	0,011	0,030	0,035	0,038	0,039	0,040	0,032	0,031	0,029	0,026	0,024	0,016	0,037	11,624
3,000	-5,517	-5,519	-5,495	-5,426	-5,378	-5,350	-5,341	-5,335	-5,326	-5,333	-5,328	-5,328	-5,329	-5,310	-5,297	0,000	0,051	0,078	0,101	0,093	0,065	0,053	0,042	0,032	0,022	0,019	0,024	0,024	0,030	0,019	0,076	12,510
4,000	-3,107	-2,933	-2,815	-2,661	-2,610	-2,581	-2,566	-2,553	-2,546	-2,537	-2,528	-2,522	-2,510	-2,494	-2,477	0,305	0,331	0,305	0,213	0,163	0,126	0,102	0,083	0,070	0,058	0,051	0,046	0,047	0,047	0,033	0,034	12,327
5,000	-3,408	-3,161	-3,033	-2,863	-2,805	-2,770	-2,751	-2,740	-2,731	-2,721	-2,711	-2,703	-2,691	-2,668	-2,641	0,430	0,419	0,365	0,249	0,191	0,145	0,118	0,094	0,077	0,068	0,059	0,061	0,059	0,058	0,043	0,039	11,404
6,000	-2,088	-2,098	-2,090	-2,062	-2,043	-2,024	-2,014	-2,008	-1,990	-2,000	-1,989	-1,992	-1,990	-1,981	-1,972	-0,024	0,001	0,015	0,041	0,041	0,039	0,039	0,031	0,018	0,023	0,025	0,021	0,015	0,012	0,015	0,027	11,785
7,000	-1,613	-1,639	-1,639	-1,656	-1,654	-1,659	-1,662	-1,662	-1,666	-1,669	-1,668	-1,671	-1,672	-1,667	-1,666	-0,048	-0,034	-0,029	-0,015	-0,013	-0,012	-0,010	-0,011	-0,008	-0,008	-0,006	-0,001	-0,001	0,002	0,003	0,036	11,060
8,000	-5,113	-5,139	-5,140	-5,146	-5,137	-5,130	-5,127	-5,128	-5,123	-5,130	-5,130	-5,128	-5,137	-5,133	-5,127	-0,023	-0,014	-0,010	0,003	0,008	0,003	0,008	0,005	0,002	-0,001	-0,003	0,001	0,001	0,002	0,003	0,060	10,964
9,000	-2,095	-2,083	-2,093	-2,088	-2,080	-2,074	-2,065	-2,067	-2,066	-2,062	-2,051	-2,046	-2,034	-2,014	-1,987	0,024	-0,007	-0,003	0,017	0,018	0,015	0,021	0,018	0,028	0,023	0,037	0,039	0,042	0,047	0,034	0,048	12,854
10,000	-1,507	-1,515	-1,493	-1,457	-1,431	-1,413	-1,405	-1,399	-1,395	-1,392	-1,390	-1,388	-1,383	-1,371	-1,359	-0,004	0,033	0,039	0,060	0,053	0,046	0,040	0,031	0,026	0,022	0,019	0,022	0,026	0,027	0,020	0,052	13,528
11,000	-2,970	-2,961	-2,946	-2,925	-2,904	-2,891	-2,886	-2,880	-2,870	-2,868	-2,862	-2,855	-2,851	-2,841	-2,835	0,011	0,022	0,028	0,043	0,044	0,036	0,033	0,032	0,031	0,025	0,024	0,023	0,022	0,023	0,014	0,037	13,381
12,000	-4,423	-4,429	-4,412	-4,404	-4,390	-4,384	-4,383	-4,382	-4,380	-4,383	-4,379	-4,372	-4,362	-4,340	-4,315	0,007	0,017	0,021	0,026	0,025	0,019	0,019	0,014	0,015	0,018	0,022	0,031	0,040	0,044	0,037	0,065	12,817
13,000	-1,939	-1,926	-1,939	-1,927	-1,919	-1,918	-1,908	-1,908	-1,902	-1,904	-1,902	-1,897	-1,886	-1,868	-1,851	0,001	0,000	-0,002	0,015	0,016	0,016	0,015	0,018	0,018	0,017	0,022	0,029	0,033	0,039	0,033	0,042	11,675
14,000	-3,344	-3,419	-3,419	-3,444	-3,431	-3,428	-3,426	-3,423	-3,421	-3,423	-3,416	-3,411	-3,404	-3,384	-3,363	-0,109	-0,071	-0,056	-0,015	-0,001	0,003	0,006	0,010	0,012	0,010	0,019	0,027	0,036	0,040	0,030	0,051	11,594
15,000	-2,322	-2,355	-2,375	-2,378	-2,373	-2,370	-2,368	-2,369	-2,365	-2,368	-2,367	-2,366	-2,360	-2,354	-2,342	-0,080	-0,058	-0,045	-0,009	-0,006	-0,001	0,001	0,004	0,004	0,005	0,008	0,013	0,017	0,018	0,015	0,060	12,019
	run	6	2022:11:15    09:41:35,241
0,000	-3,841	-3,929	-3,949	-3,989	-3,992	-3,998	-4,002	-4,005	-4,005	-4,010	-4,012	-4,011	-4,006	-3,994	-3,984	-0,166	-0,122	-0,099	-0,054	-0,038	-0,029	-0,023	-0,016	-0,012	-0,008	-0,002	0,006	0,013	0,019	0,016	0,051	10,854
1,000	-4,301	-4,362	-4,369	-4,341	-4,308	-4,286	-4,275	-4,269	-4,257	-4,257	-4,247	-4,241	-4,232	-4,217	-4,203	-0,137	-0,065	-0,024	0,040	0,051	0,045	0,042	0,039	0,033	0,030	0,034	0,034	0,033	0,035	0,024	0,049	11,191
2,000	-2,743	-2,799	-2,810	-2,816	-2,797	-2,781	-2,769	-2,759	-2,748	-2,739	-2,733	-2,724	-2,718	-2,707	-2,699	-0,108	-0,066	-0,040	0,011	0,030	0,036	0,040	0,039	0,036	0,034	0,029	0,029	0,026	0,025	0,016	0,037	11,624
3,000	-5,536	-5,531	-5,515	-5,436	-5,391	-5,367	-5,356	-5,347	-5,345	-5,348	-5,346	-5,342	-5,340	-5,324	-5,313	-0,001	0,047	0,078	0,101	0,091	0,065	0,054	0,041	0,029	0,021	0,018	0,023	0,026	0,028	0,018	0,077	12,495
4,000	-3,124	-2,945	-2,829	-2,679	-2,624	-2,594	-2,577	-2,569	-2,560	-2,552	-2,538	-2,536	-2,527	-2,509	-2,490	0,311	0,331	0,307	0,213	0,167	0,125	0,103	0,084	0,073	0,059	0,048	0,049	0,044	0,042	0,033	0,034	12,334
5,000	-3,459	-3,206	-3,076	-2,904	-2,845	-2,809	-2,794	-2,779	-2,772	-2,760	-2,752	-2,744	-2,728	-2,707	-2,680	0,428	0,413	0,367	0,251	0,192	0,147	0,120	0,096	0,079	0,070	0,061	0,059	0,058	0,058	0,044	0,038	11,367
6,000	-2,106	-2,108	-2,102	-2,076	-2,054	-2,037	-2,026	-2,022	-2,012	-2,013	-2,005	-1,999	-1,999	-1,991	-1,985	-0,023	0,007	0,022	0,047	0,050	0,041	0,037	0,034	0,029	0,022	0,020	0,019	0,019	0,015	0,012	0,025	11,755
7,000	-1,608	-1,629	-1,634	-1,648	-1,649	-1,653	-1,658	-1,656	-1,657	-1,663	-1,666	-1,667	-1,665	-1,661	-1,659	-0,043	-0,032	-0,032	-0,019	-0,014	-0,013	-0,011	-0,011	-0,012	-0,007	-0,004	-0,003	0,001	0,004	0,003	0,037	11,038
8,000	-5,088	-5,112	-5,106	-5,117	-5,104	-5,099	-5,099	-5,097	-5,094	-5,104	-5,103	-5,102	-5,103	-5,100	-5,099	-0,031	-0,014	-0,010	0,007	0,008	0,005	0,007	0,001	-0,001	-0,005	-0,001	-0,004	0,002	0,000	0,003	0,060	10,950
9,000	-2,070	-2,064	-2,074	-2,067	-2,058	-2,052	-2,049	-2,045	-2,035	-2,040	-2,042	-2,029	-2,011	-1,996	-1,970	0,012	-0,002	0,001	0,017	0,016	0,013	0,021	0,020	0,024	0,024	0,031	0,038	0,045	0,042	0,036	0,048	12,869
10,000	-1,489	-1,494	-1,477	-1,444	-1,416	-1,399	-1,389	-1,384	-1,378	-1,380	-1,376	-1,375	-1,370	-1,355	-1,347	-0,005	0,033	0,038	0,055	0,055	0,045	0,038	0,031	0,026	0,019	0,018	0,024	0,025	0,026	0,023	0,052	13,572
11,000	-2,961	-2,949	-2,937	-2,913	-2,896	-2,883	-2,876	-2,872	-2,861	-2,861	-2,852	-2,848	-2,841	-2,834	-2,825	0,012	0,021	0,032	0,043	0,045	0,035	0,034	0,033	0,029	0,025	0,024	0,025	0,023	0,023	0,016	0,038	13,403
12,000	-4,425	-4,432	-4,416	-4,408	-4,391	-4,387	-4,385	-4,384	-4,379	-4,385	-4,380	-4,374	-4,366	-4,343	-4,316	0,008	0,016	0,020	0,026	0,024	0,018	0,016	0,015	0,014	0,019	0,024	0,033	0,040	0,045	0,038	0,065	12,854
13,000	-1,947	-1,940	-1,947	-1,935	-1,929	-1,923	-1,923	-1,918	-1,912	-1,916	-1,914	-1,909	-1,899	-1,879	-1,860	0,003	-0,001	0,002	0,016	0,013	0,014	0,013	0,014	0,020	0,019	0,020	0,030	0,033	0,038	0,030	0,043	11,660
14,000	-3,360	-3,434	-3,434	-3,456	-3,447	-3,445	-3,444	-3,439	-3,436	-3,439	-3,433	-3,428	-3,420	-3,399	-3,378	-0,116	-0,071	-0,056	-0,016	-0,002	0,002	0,007	0,009	0,012	0,014	0,018	0,025	0,035	0,040	0,032	0,051	11,558
15,000	-2,318	-2,351	-2,371	-2,375	-2,370	-2,367	-2,365	-2,366	-2,359	-2,364	-2,365	-2,363	-2,356	-2,348	-2,338	-0,087	-0,058	-0,044	-0,009	-0,004	-0,003	0,001	0,002	0,002	0,005	0,007	0,011	0,016	0,018	0,014	0,060	12,012
	run	7	2022:11:15    09:41:35,289
0,000	-3,820	-3,906	-3,924	-3,966	-3,969	-3,973	-3,977	-3,981	-3,979	-3,986	-3,986	-3,984	-3,984	-3,971	-3,961	-0,171	-0,121	-0,097	-0,054	-0,038	-0,030	-0,022	-0,016	-0,011	-0,010	-0,003	0,005	0,011	0,019	0,013	0,050	10,862
1,000	-4,275	-4,336	-4,342	-4,315	-4,282	-4,261	-4,251	-4,244	-4,233	-4,232	-4,227	-4,218	-4,209	-4,192	-4,179	-0,137	-0,063	-0,025	0,039	0,049	0,043	0,042	0,037	0,034	0,032	0,032	0,034	0,034	0,034	0,024	0,048	11,206
2,000	-2,743	-2,799	-2,810	-2,816	-2,797	-2,781	-2,769	-2,759	-2,748	-2,739	-2,733	-2,724	-2,718	-2,707	-2,699	-0,108	-0,066	-0,040	0,011	0,030	0,036	0,040	0,039	0,036	0,034	0,029	0,029	0,026	0,025	0,016	0,037	11,624
3,000	-5,536	-5,531	-5,515	-5,436	-5,391	-5,367	-5,356	-5,347	-5,345	-5,348	-5,346	-5,342	-5,340	-5,324	-5,313	-0,001	0,047	0,078	0,101	0,091	0,065	0,054	0,041	0,029	0,021	0,018	0,023	0,026	0,028	0,018	0,077	12,495
4,000	-3,124	-2,945	-2,829	-2,679	-2,624	-2,594	-2,577	-2,569	-2,560	-2,552	-2,538	-2,536	-2,527	-2,509	-2,490	0,311	0,331	0,307	0,213	0,167	0,125	0,103	0,084	0,073	0,059	0,048	0,049	0,044	0,042	0,033	0,034	12,334
5,000	-3,459	-3,206	-3,076	-2,904	-2,845	-2,809	-2,794	-2,779	-2,772	-2,760	-2,752	-2,744	-2,728	-2,707	-2,680	0,428	0,413	0,367	0,251	0,192	0,147	0,120	0,096	0,079	0,070	0,061	0,059	0,058	0,058	0,044	0,038	11,367
6,000	-2,106	-2,108	-2,102	-2,076	-2,054	-2,037	-2,026	-2,022	-2,012	-2,013	-2,005	-1,999	-1,999	-1,991	-1,985	-0,023	0,007	0,022	0,047	0,050	0,041	0,037	0,034	0,029	0,022	0,020	0,019	0,019	0,015	0,012	0,025	11,755
7,000	-1,608	-1,629	-1,634	-1,648	-1,649	-1,653	-1,658	-1,656	-1,657	-1,663	-1,666	-1,667	-1,665	-1,661	-1,659	-0,043	-0,032	-0,032	-0,019	-0,014	-0,013	-0,011	-0,011	-0,012	-0,007	-0,004	-0,003	0,001	0,004	0,003	0,037	11,038
8,000	-5,082	-5,109	-5,107	-5,114	-5,101	-5,097	-5,099	-5,097	-5,095	-5,100	-5,103	-5,099	-5,100	-5,096	-5,098	-0,021	-0,014	-0,007	0,002	0,008	0,010	0,001	0,004	-0,001	-0,002	0,002	0,002	0,001	-0,002	0,001	0,061	10,964
9,000	-2,049	-2,033	-2,050	-2,044	-2,035	-2,029	-2,028	-2,025	-2,017	-2,018	-2,010	-2,005	-1,991	-1,970	-1,949	0,013	-0,001	-0,000	0,013	0,015	0,013	0,016	0,020	0,022	0,021	0,029	0,036	0,044	0,044	0,036	0,048	12,891
10,000	-1,486	-1,493	-1,474	-1,443	-1,413	-1,397	-1,385	-1,382	-1,377	-1,377	-1,379	-1,377	-1,367	-1,354	-1,344	-0,010	0,030	0,034	0,051	0,053	0,044	0,037	0,033	0,019	0,019	0,021	0,020	0,023	0,028	0,022	0,052	13,572
11,000	-2,956	-2,947	-2,933	-2,912	-2,894	-2,880	-2,873	-2,867	-2,858	-2,858	-2,851	-2,848	-2,839	-2,828	-2,821	0,012	0,023	0,032	0,042	0,043	0,036	0,034	0,031	0,032	0,026	0,027	0,026	0,022	0,023	0,016	0,038	13,425
12,000	-4,432	-4,441	-4,424	-4,414	-4,398	-4,394	-4,393	-4,392	-4,388	-4,393	-4,387	-4,383	-4,372	-4,350	-4,325	0,006	0,018	0,020	0,025	0,025	0,019	0,016	0,015	0,016	0,016	0,025	0,032	0,041	0,044	0,039	0,065	12,839
13,000	-1,936	-1,929	-1,937	-1,928	-1,922	-1,916	-1,912	-1,910	-1,904	-1,907	-1,906	-1,900	-1,886	-1,873	-1,850	0,004	0,001	0,003	0,014	0,015	0,014	0,014	0,015	0,013	0,019	0,022	0,026	0,037	0,041	0,030	0,043	11,653
14,000	-3,342	-3,416	-3,417	-3,440	-3,428	-3,425	-3,423	-3,421	-3,418	-3,420	-3,418	-3,411	-3,402	-3,383	-3,363	-0,114	-0,073	-0,056	-0,017	-0,001	0,004	0,006	0,011	0,011	0,014	0,019	0,027	0,035	0,039	0,031	0,051	11,558
15,000	-2,298	-2,331	-2,350	-2,350	-2,346	-2,345	-2,343	-2,343	-2,339	-2,342	-2,342	-2,340	-2,335	-2,325	-2,317	-0,080	-0,059	-0,044	-0,010	-0,006	-0,002	0,001	0,002	0,001	0,006	0,007	0,011	0,018	0,018	0,016	0,060	12,034
	run	8	2022:11:15    09:41:35,390
0,000	-3,791	-3,878	-3,897	-3,935	-3,941	-3,944	-3,946	-3,951	-3,949	-3,955	-3,956	-3,953	-3,952	-3,940	-3,929	-0,167	-0,124	-0,097	-0,051	-0,037	-0,029	-0,020	-0,015	-0,011	-0,009	-0,002	0,006	0,012	0,019	0,013	0,050	10,891
1,000	-4,272	-4,334	-4,344	-4,317	-4,284	-4,266	-4,253	-4,247	-4,236	-4,235	-4,229	-4,219	-4,212	-4,196	-4,179	-0,137	-0,068	-0,026	0,038	0,049	0,042	0,040	0,040	0,034	0,031	0,032	0,032	0,033	0,034	0,025	0,048	11,228
2,000	-2,738	-2,795	-2,804	-2,811	-2,791	-2,774	-2,762	-2,751	-2,738	-2,736	-2,723	-2,719	-2,711	-2,703	-2,692	-0,109	-0,067	-0,038	0,011	0,030	0,038	0,040	0,038	0,039	0,031	0,031	0,028	0,027	0,022	0,018	0,037	11,660
3,000	-5,567	-5,564	-5,540	-5,464	-5,419	-5,394	-5,378	-5,373	-5,366	-5,370	-5,370	-5,366	-5,364	-5,352	-5,336	0,006	0,051	0,080	0,104	0,093	0,068	0,057	0,046	0,031	0,024	0,020	0,023	0,024	0,026	0,020	0,077	12,502
4,000	-3,138	-2,956	-2,841	-2,689	-2,638	-2,608	-2,592	-2,579	-2,567	-2,564	-2,556	-2,547	-2,539	-2,523	-2,504	0,310	0,335	0,304	0,213	0,165	0,124	0,099	0,083	0,070	0,057	0,052	0,047	0,044	0,041	0,030	0,033	12,312
5,000	-3,484	-3,231	-3,101	-2,931	-2,870	-2,836	-2,816	-2,803	-2,789	-2,783	-2,773	-2,766	-2,751	-2,729	-2,702	0,440	0,419	0,372	0,254	0,195	0,148	0,122	0,098	0,082	0,070	0,064	0,057	0,061	0,060	0,044	0,038	11,338
6,000	-2,116	-2,118	-2,116	-2,085	-2,059	-2,041	-2,035	-2,025	-2,022	-2,020	-2,012	-2,006	-2,005	-1,999	-1,994	-0,025	0,009	0,028	0,049	0,049	0,039	0,041	0,039	0,034	0,020	0,024	0,019	0,019	0,015	0,013	0,025	11,733
7,000	-1,602	-1,626	-1,631	-1,641	-1,644	-1,648	-1,649	-1,653	-1,653	-1,657	-1,660	-1,661	-1,660	-1,657	-1,654	-0,045	-0,034	-0,029	-0,018	-0,014	-0,014	-0,010	-0,011	-0,010	-0,008	-0,005	-0,001	-0,003	0,004	0,004	0,038	11,016
8,000	-5,091	-5,111	-5,106	-5,113	-5,107	-5,098	-5,101	-5,096	-5,099	-5,103	-5,100	-5,100	-5,104	-5,097	-5,099	-0,026	-0,017	-0,008	0,001	0,004	0,004	0,005	0,003	0,012	-0,005	-0,003	-0,001	0,000	0,003	0,002	0,060	10,957
9,000	-2,030	-2,032	-2,038	-2,032	-2,026	-2,016	-2,017	-2,011	-2,003	-2,009	-2,006	-1,996	-1,982	-1,958	-1,937	0,015	-0,005	0,000	0,015	0,017	0,011	0,019	0,017	0,012	0,026	0,032	0,038	0,043	0,048	0,034	0,048	12,883
10,000	-1,498	-1,504	-1,483	-1,451	-1,424	-1,406	-1,398	-1,391	-1,385	-1,389	-1,386	-1,382	-1,376	-1,364	-1,350	-0,004	0,030	0,034	0,056	0,054	0,045	0,036	0,028	0,023	0,022	0,019	0,020	0,024	0,026	0,020	0,052	13,564
11,000	-2,960	-2,947	-2,936	-2,912	-2,892	-2,880	-2,874	-2,867	-2,860	-2,855	-2,848	-2,844	-2,839	-2,830	-2,822	0,011	0,025	0,031	0,041	0,043	0,034	0,033	0,031	0,028	0,026	0,025	0,025	0,023	0,021	0,017	0,038	13,411
12,000	-4,406	-4,412	-4,397	-4,392	-4,376	-4,370	-4,369	-4,368	-4,363	-4,366	-4,363	-4,357	-4,347	-4,326	-4,299	0,006	0,015	0,019	0,024	0,026	0,019	0,018	0,015	0,013	0,017	0,025	0,031	0,041	0,046	0,036	0,065	12,825
13,000	-1,933	-1,924	-1,934	-1,927	-1,915	-1,910	-1,905	-1,906	-1,902	-1,904	-1,901	-1,897	-1,883	-1,868	-1,849	0,003	0,002	0,000	0,017	0,016	0,014	0,016	0,013	0,013	0,020	0,021	0,025	0,035	0,040	0,032	0,043	11,682
14,000	-3,302	-3,376	-3,377	-3,398	-3,387	-3,386	-3,384	-3,381	-3,377	-3,380	-3,378	-3,370	-3,362	-3,344	-3,321	-0,111	-0,075	-0,055	-0,016	-0,001	0,002	0,008	0,009	0,010	0,013	0,019	0,027	0,034	0,039	0,030	0,051	11,609
15,000	-2,286	-2,317	-2,338	-2,342	-2,334	-2,334	-2,332	-2,333	-2,328	-2,332	-2,331	-2,331	-2,325	-2,315	-2,307	-0,082	-0,060	-0,045	-0,010	-0,004	-0,003	0,001	0,002	0,002	0,004	0,007	0,014	0,015	0,017	0,013	0,060	12,056
	run	9	2022:11:15    09:41:35,441
0,000	-3,791	-3,878	-3,897	-3,935	-3,941	-3,944	-3,946	-3,951	-3,949	-3,955	-3,956	-3,953	-3,952	-3,940	-3,929	-0,167	-0,124	-0,097	-0,051	-0,037	-0,029	-0,020	-0,015	-0,011	-0,009	-0,002	0,006	0,012	0,019	0,013	0,050	10,891
1,000	-4,272	-4,334	-4,344	-4,317	-4,284	-4,266	-4,253	-4,247	-4,236	-4,235	-4,229	-4,219	-4,212	-4,196	-4,179	-0,137	-0,068	-0,026	0,038	0,049	0,042	0,040	0,040	0,034	0,031	0,032	0,032	0,033	0,034	0,025	0,048	11,228
2,000	-2,738	-2,795	-2,804	-2,811	-2,791	-2,774	-2,762	-2,751	-2,738	-2,736	-2,723	-2,719	-2,711	-2,703	-2,692	-0,109	-0,067	-0,038	0,011	0,030	0,038	0,040	0,038	0,039	0,031	0,031	0,028	0,027	0,022	0,018	0,037	11,660
3,000	-5,567	-5,564	-5,540	-5,464	-5,419	-5,394	-5,378	-5,373	-5,366	-5,370	-5,370	-5,366	-5,364	-5,352	-5,336	0,006	0,051	0,080	0,104	0,093	0,068	0,057	0,046	0,031	0,024	0,020	0,023	0,024	0,026	0,020	0,077	12,502
4,000	-3,138	-2,956	-2,841	-2,689	-2,638	-2,608	-2,592	-2,579	-2,567	-2,564	-2,556	-2,547	-2,539	-2,523	-2,504	0,310	0,335	0,304	0,213	0,165	0,124	0,099	0,083	0,070	0,057	0,052	0,047	0,044	0,041	0,030	0,033	12,312
5,000	-3,484	-3,231	-3,101	-2,931	-2,870	-2,836	-2,816	-2,803	-2,789	-2,783	-2,773	-2,766	-2,751	-2,729	-2,702	0,440	0,419	0,372	0,254	0,195	0,148	0,122	0,098	0,082	0,070	0,064	0,057	0,061	0,060	0,044	0,038	11,338
6,000	-2,127	-2,131	-2,123	-2,089	-2,069	-2,055	-2,046	-2,038	-2,030	-2,024	-2,018	-2,019	-2,010	-2,002	-2,003	-0,024	0,012	0,023	0,049	0,048	0,042	0,043	0,035	0,031	0,022	0,032	0,014	0,019	0,014	0,016	0,025	11,726
7,000	-1,630	-1,658	-1,660	-1,670	-1,670	-1,672	-1,678	-1,678	-1,680	-1,683	-1,687	-1,686	-1,687	-1,683	-1,681	-0,046	-0,034	-0,028	-0,016	-0,014	-0,010	-0,011	-0,009	-0,009	-0,008	-0,008	-0,003	0,002	0,004	0,002	0,037	10,994
8,000	-5,129	-5,154	-5,147	-5,156	-5,139	-5,140	-5,139	-5,138	-5,136	-5,140	-5,146	-5,140	-5,146	-5,134	-5,134	-0,026	-0,016	-0,013	0,001	0,009	0,005	0,003	0,005	0,002	-0,003	-0,001	0,001	0,006	0,003	0,001	0,060	10,913
9,000	-2,093	-2,083	-2,094	-2,084	-2,078	-2,073	-2,068	-2,064	-2,059	-2,059	-2,053	-2,045	-2,036	-2,015	-1,989	0,013	-0,007	0,004	0,018	0,016	0,020	0,016	0,014	0,025	0,026	0,035	0,041	0,043	0,045	0,039	0,048	12,847
10,000	-1,498	-1,507	-1,482	-1,451	-1,421	-1,407	-1,396	-1,389	-1,385	-1,384	-1,384	-1,380	-1,375	-1,361	-1,349	-0,007	0,033	0,038	0,056	0,053	0,046	0,037	0,030	0,028	0,023	0,019	0,021	0,028	0,029	0,020	0,052	13,542
11,000	-2,963	-2,951	-2,941	-2,915	-2,897	-2,886	-2,879	-2,872	-2,863	-2,861	-2,855	-2,850	-2,845	-2,833	-2,826	0,012	0,025	0,029	0,042	0,042	0,035	0,033	0,033	0,030	0,026	0,024	0,024	0,023	0,022	0,012	0,038	13,381
12,000	-4,398	-4,406	-4,392	-4,380	-4,367	-4,362	-4,360	-4,359	-4,355	-4,358	-4,356	-4,349	-4,339	-4,317	-4,291	0,006	0,019	0,020	0,025	0,023	0,020	0,017	0,015	0,013	0,016	0,024	0,032	0,040	0,047	0,038	0,065	12,832
13,000	-1,916	-1,908	-1,920	-1,910	-1,899	-1,896	-1,888	-1,888	-1,883	-1,887	-1,883	-1,879	-1,869	-1,854	-1,836	0,002	0,001	0,003	0,017	0,015	0,013	0,014	0,015	0,015	0,017	0,024	0,029	0,035	0,040	0,032	0,042	11,689
14,000	-3,290	-3,361	-3,365	-3,385	-3,377	-3,374	-3,370	-3,369	-3,366	-3,369	-3,365	-3,358	-3,350	-3,331	-3,311	-0,115	-0,073	-0,053	-0,017	-0,002	0,003	0,006	0,010	0,011	0,012	0,020	0,027	0,035	0,040	0,030	0,050	11,616
15,000	-2,278	-2,311	-2,328	-2,334	-2,330	-2,328	-2,327	-2,325	-2,322	-2,325	-2,325	-2,324	-2,319	-2,309	-2,301	-0,080	-0,059	-0,043	-0,012	-0,005	-0,003	0,000	0,001	0,000	0,004	0,006	0,010	0,016	0,017	0,015	0,060	12,078
	run	10	2022:11:15    09:41:35,541
0,000	-3,796	-3,881	-3,898	-3,939	-3,941	-3,947	-3,950	-3,951	-3,952	-3,958	-3,959	-3,958	-3,954	-3,944	-3,933	-0,166	-0,122	-0,097	-0,053	-0,039	-0,028	-0,019	-0,013	-0,013	-0,009	-0,001	0,005	0,013	0,019	0,014	0,051	10,898
1,000	-4,267	-4,329	-4,334	-4,308	-4,275	-4,255	-4,246	-4,241	-4,228	-4,228	-4,220	-4,213	-4,204	-4,190	-4,174	-0,138	-0,070	-0,026	0,039	0,048	0,042	0,038	0,037	0,033	0,029	0,031	0,034	0,031	0,034	0,023	0,048	11,221
2,000	-2,733	-2,793	-2,799	-2,802	-2,788	-2,770	-2,759	-2,749	-2,736	-2,730	-2,719	-2,714	-2,707	-2,696	-2,689	-0,108	-0,068	-0,039	0,011	0,030	0,037	0,040	0,039	0,036	0,030	0,031	0,028	0,025	0,025	0,016	0,037	11,667
3,000	-5,526	-5,531	-5,508	-5,433	-5,387	-5,360	-5,347	-5,347	-5,336	-5,344	-5,338	-5,336	-5,334	-5,321	-5,311	0,006	0,050	0,077	0,099	0,093	0,064	0,054	0,042	0,030	0,019	0,023	0,023	0,024	0,026	0,019	0,077	12,517
4,000	-3,141	-2,960	-2,846	-2,691	-2,641	-2,607	-2,594	-2,581	-2,571	-2,566	-2,559	-2,550	-2,540	-2,526	-2,506	0,313	0,333	0,305	0,214	0,165	0,124	0,105	0,083	0,070	0,059	0,051	0,048	0,044	0,043	0,030	0,034	12,312
5,000	-3,475	-3,221	-3,092	-2,917	-2,862	-2,823	-2,806	-2,793	-2,782	-2,775	-2,767	-2,758	-2,742	-2,723	-2,695	0,429	0,419	0,370	0,253	0,193	0,145	0,121	0,095	0,078	0,068	0,063	0,059	0,059	0,057	0,043	0,038	11,345
6,000	-2,128	-2,132	-2,122	-2,095	-2,073	-2,057	-2,050	-2,041	-2,035	-2,030	-2,024	-2,027	-2,014	-2,009	-2,006	-0,019	0,006	0,023	0,045	0,053	0,047	0,038	0,034	0,030	0,028	0,016	0,009	0,017	0,020	0,012	0,027	11,733
7,000	-1,644	-1,665	-1,670	-1,680	-1,679	-1,685	-1,685	-1,688	-1,689	-1,695	-1,692	-1,696	-1,694	-1,692	-1,689	-0,040	-0,033	-0,027	-0,012	-0,012	-0,013	-0,010	-0,007	-0,008	-0,008	-0,004	0,000	0,001	0,004	0,004	0,037	10,986
8,000	-5,165	-5,189	-5,188	-5,191	-5,184	-5,180	-5,179	-5,183	-5,176	-5,178	-5,182	-5,184	-5,184	-5,177	-5,181	-0,026	-0,014	-0,011	0,003	0,009	0,003	0,007	-0,001	0,001	-0,001	-0,000	-0,000	0,002	0,004	0,002	0,060	10,869
9,000	-2,147	-2,134	-2,139	-2,136	-2,128	-2,117	-2,112	-2,108	-2,104	-2,100	-2,100	-2,093	-2,071	-2,052	-2,028	0,022	-0,007	0,000	0,018	0,019	0,018	0,019	0,024	0,023	0,022	0,036	0,042	0,044	0,049	0,037	0,049	12,781
10,000	-1,498	-1,505	-1,486	-1,448	-1,425	-1,406	-1,396	-1,391	-1,385	-1,387	-1,382	-1,381	-1,377	-1,362	-1,352	-0,007	0,030	0,038	0,053	0,055	0,046	0,040	0,030	0,024	0,022	0,023	0,022	0,025	0,025	0,022	0,053	13,521
11,000	-2,963	-2,956	-2,940	-2,919	-2,901	-2,891	-2,882	-2,878	-2,869	-2,867	-2,860	-2,853	-2,851	-2,838	-2,832	0,014	0,020	0,028	0,042	0,041	0,033	0,035	0,032	0,029	0,025	0,025	0,027	0,023	0,022	0,014	0,038	13,367
12,000	-4,399	-4,403	-4,387	-4,377	-4,364	-4,358	-4,356	-4,355	-4,350	-4,355	-4,353	-4,348	-4,336	-4,316	-4,289	0,006	0,016	0,022	0,025	0,023	0,018	0,018	0,016	0,015	0,017	0,023	0,033	0,040	0,046	0,036	0,066	12,839
13,000	-1,927	-1,919	-1,929	-1,919	-1,910	-1,906	-1,904	-1,902	-1,897	-1,898	-1,896	-1,890	-1,882	-1,865	-1,843	0,003	0,001	0,001	0,017	0,012	0,012	0,013	0,014	0,012	0,015	0,021	0,027	0,034	0,036	0,031	0,043	11,689
14,000	-3,309	-3,383	-3,381	-3,407	-3,395	-3,393	-3,394	-3,389	-3,388	-3,386	-3,383	-3,378	-3,371	-3,350	-3,329	-0,112	-0,071	-0,056	-0,017	-0,001	0,004	0,006	0,011	0,008	0,014	0,020	0,027	0,035	0,039	0,030	0,050	11,602
15,000	-2,284	-2,316	-2,337	-2,342	-2,333	-2,333	-2,331	-2,328	-2,328	-2,331	-2,331	-2,329	-2,324	-2,315	-2,308	-0,081	-0,057	-0,046	-0,011	-0,004	-0,002	0,000	0,002	0,002	0,005	0,008	0,011	0,016	0,016	0,014	0,060	12,056
	run	11	2022:11:15    09:41:35,641
0,000	-3,807	-3,887	-3,910	-3,949	-3,952	-3,958	-3,961	-3,963	-3,961	-3,968	-3,968	-3,966	-3,966	-3,952	-3,945	-0,162	-0,122	-0,099	-0,053	-0,035	-0,028	-0,021	-0,014	-0,010	-0,010	-0,002	0,006	0,013	0,018	0,015	0,050	10,906
1,000	-4,259	-4,320	-4,328	-4,302	-4,269	-4,248	-4,240	-4,232	-4,219	-4,221	-4,212	-4,205	-4,196	-4,180	-4,166	-0,139	-0,068	-0,026	0,039	0,048	0,042	0,040	0,039	0,034	0,032	0,030	0,034	0,033	0,035	0,024	0,047	11,221
2,000	-2,718	-2,780	-2,783	-2,793	-2,775	-2,760	-2,748	-2,739	-2,726	-2,721	-2,712	-2,705	-2,699	-2,690	-2,681	-0,108	-0,067	-0,042	0,009	0,026	0,036	0,038	0,037	0,037	0,034	0,031	0,029	0,025	0,025	0,015	0,036	11,667
3,000	-5,489	-5,492	-5,468	-5,398	-5,351	-5,327	-5,314	-5,308	-5,304	-5,309	-5,306	-5,304	-5,297	-5,287	-5,276	-0,001	0,041	0,077	0,097	0,087	0,065	0,051	0,042	0,030	0,023	0,020	0,021	0,026	0,026	0,018	0,077	12,532
4,000	-3,093	-2,920	-2,804	-2,651	-2,595	-2,565	-2,552	-2,540	-2,530	-2,525	-2,517	-2,508	-2,501	-2,483	-2,466	0,304	0,330	0,304	0,211	0,164	0,123	0,102	0,085	0,069	0,057	0,051	0,049	0,045	0,042	0,030	0,033	12,363
5,000	-3,440	-3,187	-3,058	-2,886	-2,829	-2,792	-2,775	-2,763	-2,753	-2,745	-2,739	-2,726	-2,712	-2,692	-2,664	0,428	0,419	0,368	0,247	0,190	0,142	0,119	0,098	0,081	0,068	0,058	0,060	0,059	0,057	0,044	0,038	11,418
6,000	-2,103	-2,106	-2,101	-2,076	-2,054	-2,033	-2,026	-2,019	-2,014	-2,006	-2,002	-2,001	-1,999	-1,988	-1,981	-0,017	0,002	0,022	0,045	0,051	0,040	0,041	0,035	0,024	0,023	0,025	0,023	0,020	0,014	0,011	0,026	11,777
7,000	-1,628	-1,647	-1,653	-1,665	-1,662	-1,667	-1,670	-1,673	-1,673	-1,679	-1,680	-1,682	-1,679	-1,676	-1,674	-0,045	-0,030	-0,026	-0,017	-0,012	-0,013	-0,011	-0,011	-0,009	-0,007	-0,005	-0,001	-0,000	0,004	0,003	0,036	11,016
8,000	-5,146	-5,179	-5,169	-5,181	-5,169	-5,164	-5,163	-5,163	-5,163	-5,168	-5,167	-5,169	-5,175	-5,164	-5,167	-0,025	-0,015	-0,010	0,005	0,007	0,003	-0,002	0,003	0,001	-0,003	-0,002	-0,001	0,001	-0,001	0,002	0,060	10,891
9,000	-2,140	-2,123	-2,133	-2,122	-2,114	-2,106	-2,098	-2,104	-2,093	-2,094	-2,084	-2,079	-2,066	-2,045	-2,023	0,015	-0,010	0,004	0,017	0,021	0,022	0,019	0,021	0,025	0,023	0,032	0,036	0,043	0,045	0,038	0,048	12,773
10,000	-1,507	-1,512	-1,486	-1,454	-1,425	-1,406	-1,398	-1,389	-1,384	-1,386	-1,383	-1,385	-1,374	-1,365	-1,351	-0,009	0,036	0,037	0,058	0,057	0,046	0,041	0,031	0,023	0,023	0,018	0,019	0,026	0,026	0,022	0,052	13,506
11,000	-2,976	-2,964	-2,953	-2,928	-2,910	-2,897	-2,891	-2,884	-2,874	-2,873	-2,868	-2,861	-2,856	-2,846	-2,837	0,012	0,024	0,029	0,043	0,041	0,036	0,034	0,034	0,030	0,026	0,026	0,023	0,022	0,021	0,017	0,038	13,374
12,000	-4,421	-4,431	-4,415	-4,405	-4,393	-4,387	-4,386	-4,384	-4,381	-4,384	-4,380	-4,375	-4,365	-4,341	-4,318	0,001	0,017	0,021	0,025	0,024	0,019	0,016	0,017	0,014	0,015	0,023	0,031	0,040	0,046	0,035	0,066	12,817
13,000	-1,932	-1,921	-1,929	-1,922	-1,912	-1,905	-1,905	-1,901	-1,895	-1,899	-1,897	-1,893	-1,881	-1,864	-1,847	0,009	-0,001	0,001	0,016	0,018	0,015	0,013	0,015	0,009	0,019	0,023	0,028	0,032	0,036	0,032	0,043	11,667
14,000	-3,312	-3,383	-3,386	-3,405	-3,397	-3,395	-3,393	-3,390	-3,387	-3,388	-3,383	-3,380	-3,372	-3,352	-3,330	-0,115	-0,072	-0,053	-0,014	-0,003	0,005	0,007	0,009	0,012	0,013	0,019	0,026	0,034	0,038	0,031	0,051	11,580
15,000	-2,289	-2,323	-2,345	-2,343	-2,340	-2,338	-2,336	-2,337	-2,332	-2,337	-2,337	-2,335	-2,329	-2,320	-2,311	-0,083	-0,057	-0,044	-0,011	-0,004	-0,002	0,002	0,002	0,002	0,003	0,006	0,011	0,015	0,018	0,014	0,060	12,048
	run	12	2022:11:15    09:41:35,689
0,000	-3,799	-3,887	-3,907	-3,945	-3,949	-3,955	-3,957	-3,959	-3,959	-3,967	-3,966	-3,964	-3,962	-3,952	-3,941	-0,165	-0,123	-0,096	-0,052	-0,035	-0,030	-0,023	-0,015	-0,011	-0,010	-0,001	0,006	0,011	0,017	0,014	0,049	10,898
1,000	-4,244	-4,307	-4,318	-4,291	-4,259	-4,239	-4,229	-4,223	-4,213	-4,210	-4,204	-4,196	-4,189	-4,172	-4,157	-0,135	-0,069	-0,027	0,035	0,048	0,042	0,038	0,036	0,033	0,029	0,032	0,032	0,033	0,034	0,026	0,047	11,221
2,000	-2,718	-2,780	-2,783	-2,793	-2,775	-2,760	-2,748	-2,739	-2,726	-2,721	-2,712	-2,705	-2,699	-2,690	-2,681	-0,108	-0,067	-0,042	0,009	0,026	0,036	0,038	0,037	0,037	0,034	0,031	0,029	0,025	0,025	0,015	0,036	11,667
3,000	-5,489	-5,492	-5,468	-5,398	-5,351	-5,327	-5,314	-5,308	-5,304	-5,309	-5,306	-5,304	-5,297	-5,287	-5,276	-0,001	0,041	0,077	0,097	0,087	0,065	0,051	0,042	0,030	0,023	0,020	0,021	0,026	0,026	0,018	0,077	12,532
4,000	-3,093	-2,920	-2,804	-2,651	-2,595	-2,565	-2,552	-2,540	-2,530	-2,525	-2,517	-2,508	-2,501	-2,483	-2,466	0,304	0,330	0,304	0,211	0,164	0,123	0,102	0,085	0,069	0,057	0,051	0,049	0,045	0,042	0,030	0,033	12,363
5,000	-3,440	-3,187	-3,058	-2,886	-2,829	-2,792	-2,775	-2,763	-2,753	-2,745	-2,739	-2,726	-2,712	-2,692	-2,664	0,428	0,419	0,368	0,247	0,190	0,142	0,119	0,098	0,081	0,068	0,058	0,060	0,059	0,057	0,044	0,038	11,418
6,000	-2,103	-2,106	-2,101	-2,076	-2,054	-2,033	-2,026	-2,019	-2,014	-2,006	-2,002	-2,001	-1,999	-1,988	-1,981	-0,017	0,002	0,022	0,045	0,051	0,040	0,041	0,035	0,024	0,023	0,025	0,023	0,020	0,014	0,011	0,026	11,777
7,000	-1,628	-1,647	-1,653	-1,665	-1,662	-1,667	-1,670	-1,673	-1,673	-1,679	-1,680	-1,682	-1,679	-1,676	-1,674	-0,045	-0,030	-0,026	-0,017	-0,012	-0,013	-0,011	-0,011	-0,009	-0,007	-0,005	-0,001	-0,000	0,004	0,003	0,036	11,016
8,000	-5,119	-5,148	-5,148	-5,150	-5,140	-5,139	-5,138	-5,138	-5,135	-5,141	-5,144	-5,144	-5,142	-5,137	-5,140	-0,028	-0,016	-0,011	0,003	0,008	0,006	0,003	-0,000	0,001	-0,005	-0,004	-0,001	0,001	0,003	-0,001	0,060	10,913
9,000	-2,105	-2,090	-2,105	-2,098	-2,090	-2,087	-2,083	-2,076	-2,071	-2,071	-2,069	-2,052	-2,045	-2,022	-1,994	0,013	-0,004	0,001	0,016	0,019	0,018	0,019	0,022	0,025	0,022	0,037	0,037	0,044	0,047	0,038	0,048	12,839
10,000	-1,516	-1,516	-1,497	-1,460	-1,430	-1,415	-1,408	-1,400	-1,396	-1,392	-1,393	-1,390	-1,384	-1,370	-1,357	-0,006	0,033	0,042	0,058	0,056	0,045	0,041	0,034	0,025	0,023	0,018	0,020	0,027	0,028	0,020	0,052	13,542
11,000	-2,994	-2,979	-2,965	-2,943	-2,923	-2,911	-2,902	-2,897	-2,890	-2,886	-2,881	-2,874	-2,869	-2,858	-2,852	0,014	0,026	0,032	0,043	0,043	0,035	0,034	0,030	0,030	0,027	0,027	0,026	0,024	0,021	0,015	0,038	13,367
12,000	-4,447	-4,456	-4,441	-4,432	-4,418	-4,412	-4,411	-4,410	-4,408	-4,408	-4,407	-4,399	-4,387	-4,368	-4,343	0,002	0,015	0,019	0,025	0,025	0,018	0,016	0,017	0,016	0,017	0,023	0,032	0,042	0,045	0,039	0,066	12,803
13,000	-1,946	-1,937	-1,946	-1,938	-1,927	-1,925	-1,918	-1,919	-1,911	-1,913	-1,913	-1,908	-1,894	-1,878	-1,860	0,005	0,000	0,003	0,015	0,015	0,013	0,015	0,017	0,014	0,017	0,023	0,028	0,034	0,038	0,032	0,043	11,646
14,000	-3,330	-3,404	-3,406	-3,428	-3,416	-3,415	-3,414	-3,411	-3,406	-3,410	-3,406	-3,401	-3,390	-3,370	-3,351	-0,112	-0,074	-0,054	-0,016	-0,004	0,003	0,007	0,008	0,010	0,011	0,020	0,028	0,033	0,039	0,032	0,051	11,565
15,000	-2,296	-2,328	-2,351	-2,350	-2,345	-2,343	-2,342	-2,341	-2,338	-2,343	-2,341	-2,341	-2,334	-2,325	-2,317	-0,084	-0,059	-0,045	-0,011	-0,006	-0,003	0,001	0,000	0,000	0,003	0,008	0,011	0,016	0,017	0,014	0,060	12,041
	run	13	2022:11:15    09:41:35,789
0,000	-3,803	-3,887	-3,906	-3,947	-3,950	-3,955	-3,958	-3,962	-3,960	-3,967	-3,964	-3,965	-3,963	-3,952	-3,941	-0,168	-0,119	-0,097	-0,054	-0,037	-0,028	-0,021	-0,014	-0,010	-0,009	-0,001	0,006	0,010	0,017	0,014	0,050	10,876
1,000	-4,250	-4,311	-4,321	-4,292	-4,261	-4,240	-4,231	-4,224	-4,215	-4,214	-4,207	-4,198	-4,189	-4,175	-4,160	-0,139	-0,068	-0,026	0,038	0,047	0,040	0,041	0,037	0,034	0,028	0,031	0,034	0,033	0,034	0,025	0,048	11,221
2,000	-2,708	-2,768	-2,776	-2,779	-2,764	-2,749	-2,736	-2,726	-2,714	-2,707	-2,698	-2,692	-2,687	-2,676	-2,667	-0,109	-0,071	-0,042	0,009	0,027	0,036	0,038	0,038	0,036	0,033	0,030	0,029	0,027	0,024	0,014	0,037	11,667
3,000	-5,466	-5,465	-5,447	-5,374	-5,331	-5,305	-5,295	-5,290	-5,282	-5,286	-5,287	-5,284	-5,280	-5,265	-5,255	0,001	0,046	0,073	0,096	0,086	0,064	0,051	0,040	0,029	0,021	0,021	0,021	0,024	0,023	0,018	0,075	12,524
4,000	-3,091	-2,913	-2,801	-2,647	-2,593	-2,562	-2,546	-2,533	-2,525	-2,522	-2,510	-2,502	-2,495	-2,477	-2,458	0,311	0,329	0,306	0,212	0,165	0,123	0,103	0,086	0,070	0,056	0,049	0,046	0,044	0,041	0,032	0,034	12,378
5,000	-3,428	-3,175	-3,047	-2,875	-2,819	-2,780	-2,766	-2,752	-2,739	-2,734	-2,725	-2,718	-2,702	-2,683	-2,657	0,428	0,411	0,367	0,248	0,192	0,142	0,119	0,094	0,079	0,069	0,059	0,057	0,058	0,060	0,042	0,038	11,404
6,000	-2,099	-2,099	-2,090	-2,063	-2,046	-2,030	-2,019	-2,011	-2,001	-2,001	-1,992	-1,994	-1,988	-1,983	-1,977	-0,025	0,006	0,020	0,044	0,046	0,042	0,039	0,032	0,030	0,025	0,019	0,020	0,014	0,012	0,011	0,025	11,770
7,000	-1,605	-1,630	-1,634	-1,646	-1,648	-1,651	-1,654	-1,659	-1,658	-1,660	-1,663	-1,662	-1,664	-1,662	-1,658	-0,044	-0,034	-0,031	-0,019	-0,013	-0,014	-0,012	-0,012	-0,011	-0,009	-0,005	-0,001	-0,000	0,004	0,003	0,037	11,045
8,000	-5,106	-5,123	-5,119	-5,125	-5,112	-5,113	-5,108	-5,108	-5,104	-5,107	-5,112	-5,113	-5,114	-5,110	-5,109	-0,025	-0,015	-0,009	0,003	0,009	0,004	0,005	0,000	0,000	-0,003	-0,002	0,001	0,004	0,000	0,002	0,060	10,964
9,000	-2,077	-2,057	-2,077	-2,066	-2,066	-2,055	-2,056	-2,050	-2,050	-2,045	-2,040	-2,034	-2,014	-1,997	-1,973	0,009	-0,006	-0,001	0,016	0,013	0,017	0,016	0,018	0,020	0,025	0,032	0,035	0,042	0,048	0,034	0,046	12,883
10,000	-1,513	-1,520	-1,496	-1,463	-1,434	-1,417	-1,409	-1,403	-1,396	-1,399	-1,393	-1,392	-1,388	-1,375	-1,360	-0,008	0,031	0,039	0,061	0,054	0,047	0,040	0,032	0,022	0,021	0,019	0,022	0,027	0,028	0,021	0,051	13,550
11,000	-3,005	-2,991	-2,977	-2,954	-2,934	-2,922	-2,915	-2,911	-2,900	-2,899	-2,891	-2,885	-2,879	-2,869	-2,859	0,013	0,026	0,035	0,043	0,043	0,034	0,035	0,033	0,031	0,027	0,025	0,026	0,025	0,023	0,016	0,038	13,381
12,000	-4,478	-4,489	-4,470	-4,462	-4,449	-4,443	-4,443	-4,442	-4,437	-4,442	-4,437	-4,432	-4,423	-4,397	-4,373	0,007	0,017	0,019	0,025	0,022	0,018	0,018	0,015	0,014	0,018	0,025	0,033	0,041	0,046	0,037	0,066	12,803
13,000	-1,956	-1,946	-1,955	-1,947	-1,941	-1,932	-1,931	-1,925	-1,924	-1,926	-1,923	-1,919	-1,907	-1,892	-1,869	0,003	0,003	-0,001	0,019	0,017	0,013	0,013	0,015	0,012	0,017	0,021	0,027	0,035	0,038	0,032	0,043	11,624
14,000	-3,355	-3,432	-3,433	-3,453	-3,444	-3,441	-3,438	-3,436	-3,432	-3,435	-3,431	-3,426	-3,417	-3,396	-3,376	-0,119	-0,074	-0,056	-0,016	-0,002	0,002	0,005	0,008	0,011	0,013	0,021	0,026	0,034	0,039	0,033	0,051	11,536
15,000	-2,305	-2,334	-2,356	-2,357	-2,352	-2,351	-2,351	-2,348	-2,345	-2,347	-2,348	-2,347	-2,342	-2,331	-2,323	-0,078	-0,057	-0,043	-0,010	-0,005	-0,002	0,000	0,002	0,004	0,005	0,007	0,011	0,016	0,018	0,014	0,061	12,012
	run	14	2022:11:15    09:41:35,842
0,000	-3,803	-3,887	-3,906	-3,947	-3,950	-3,955	-3,958	-3,962	-3,960	-3,967	-3,964	-3,965	-3,963	-3,952	-3,941	-0,168	-0,119	-0,097	-0,054	-0,037	-0,028	-0,021	-0,014	-0,010	-0,009	-0,001	0,006	0,010	0,017	0,014	0,050	10,876
1,000	-4,250	-4,311	-4,321	-4,292	-4,261	-4,240	-4,231	-4,224	-4,215	-4,214	-4,207	-4,198	-4,189	-4,175	-4,160	-0,139	-0,068	-0,026	0,038	0,047	0,040	0,041	0,037	0,034	0,028	0,031	0,034	0,033	0,034	0,025	0,048	11,221
2,000	-2,708	-2,768	-2,776	-2,779	-2,764	-2,749	-2,736	-2,726	-2,714	-2,707	-2,698	-2,692	-2,687	-2,676	-2,667	-0,109	-0,071	-0,042	0,009	0,027	0,036	0,038	0,038	0,036	0,033	0,030	0,029	0,027	0,024	0,014	0,037	11,667
3,000	-5,466	-5,465	-5,447	-5,374	-5,331	-5,305	-5,295	-5,290	-5,282	-5,286	-5,287	-5,284	-5,280	-5,265	-5,255	0,001	0,046	0,073	0,096	0,086	0,064	0,051	0,040	0,029	0,021	0,021	0,021	0,024	0,023	0,018	0,075	12,524
4,000	-3,091	-2,913	-2,801	-2,647	-2,593	-2,562	-2,546	-2,533	-2,525	-2,522	-2,510	-2,502	-2,495	-2,477	-2,458	0,311	0,329	0,306	0,212	0,165	0,123	0,103	0,086	0,070	0,056	0,049	0,046	0,044	0,041	0,032	0,034	12,378
5,000	-3,428	-3,175	-3,047	-2,875	-2,819	-2,780	-2,766	-2,752	-2,739	-2,734	-2,725	-2,718	-2,702	-2,683	-2,657	0,428	0,411	0,367	0,248	0,192	0,142	0,119	0,094	0,079	0,069	0,059	0,057	0,058	0,060	0,042	0,038	11,404
6,000	-2,100	-2,104	-2,097	-2,070	-2,043	-2,029	-2,024	-2,014	-2,002	-2,005	-1,996	-1,999	-1,993	-1,983	-1,978	-0,017	0,007	0,022	0,043	0,049	0,046	0,041	0,037	0,031	0,024	0,020	0,018	0,021	0,016	0,014	0,027	11,777
7,000	-1,614	-1,637	-1,642	-1,652	-1,653	-1,656	-1,657	-1,662	-1,664	-1,668	-1,668	-1,669	-1,668	-1,670	-1,666	-0,040	-0,031	-0,029	-0,017	-0,012	-0,013	-0,011	-0,013	-0,008	-0,007	-0,005	-0,001	0,000	0,002	0,004	0,036	11,023
8,000	-5,102	-5,123	-5,124	-5,130	-5,124	-5,119	-5,114	-5,113	-5,112	-5,119	-5,116	-5,118	-5,119	-5,114	-5,119	-0,020	-0,015	-0,011	0,004	0,006	0,003	0,004	0,003	0,002	-0,005	-0,006	0,001	0,001	-0,000	0,003	0,060	10,935
9,000	-2,063	-2,058	-2,070	-2,064	-2,055	-2,047	-2,046	-2,045	-2,037	-2,036	-2,035	-2,022	-2,008	-1,987	-1,963	0,006	-0,002	0,004	0,015	0,019	0,018	0,016	0,017	0,024	0,026	0,033	0,036	0,046	0,045	0,035	0,047	12,847
10,000	-1,498	-1,505	-1,480	-1,450	-1,422	-1,407	-1,396	-1,390	-1,386	-1,389	-1,385	-1,384	-1,376	-1,364	-1,350	-0,003	0,029	0,037	0,054	0,052	0,046	0,038	0,030	0,023	0,021	0,019	0,021	0,025	0,028	0,020	0,052	13,557
11,000	-2,971	-2,957	-2,946	-2,923	-2,905	-2,894	-2,885	-2,879	-2,870	-2,868	-2,862	-2,855	-2,850	-2,842	-2,832	0,013	0,023	0,033	0,041	0,041	0,035	0,032	0,031	0,029	0,026	0,025	0,025	0,023	0,023	0,015	0,038	13,403
12,000	-4,453	-4,459	-4,447	-4,436	-4,422	-4,415	-4,413	-4,412	-4,410	-4,413	-4,411	-4,404	-4,393	-4,371	-4,345	0,005	0,019	0,018	0,026	0,024	0,019	0,017	0,016	0,014	0,018	0,024	0,033	0,042	0,046	0,036	0,065	12,832
13,000	-1,945	-1,938	-1,947	-1,941	-1,931	-1,927	-1,921	-1,921	-1,914	-1,917	-1,916	-1,909	-1,897	-1,882	-1,859	0,004	-0,002	0,004	0,015	0,014	0,012	0,016	0,018	0,016	0,018	0,021	0,029	0,035	0,036	0,032	0,042	11,653
14,000	-3,340	-3,413	-3,416	-3,440	-3,427	-3,422	-3,422	-3,420	-3,417	-3,420	-3,416	-3,409	-3,401	-3,378	-3,359	-0,112	-0,071	-0,057	-0,017	-0,002	0,003	0,007	0,009	0,011	0,011	0,019	0,027	0,036	0,040	0,032	0,051	11,565
15,000	-2,295	-2,328	-2,350	-2,351	-2,348	-2,346	-2,345	-2,343	-2,340	-2,344	-2,343	-2,342	-2,335	-2,327	-2,318	-0,082	-0,058	-0,045	-0,010	-0,004	-0,003	0,001	0,002	0,004	0,004	0,008	0,012	0,016	0,016	0,016	0,061	12,041
	run	15	2022:11:15    09:41:35,941
0,000	-3,799	-3,887	-3,904	-3,944	-3,946	-3,953	-3,957	-3,957	-3,957	-3,962	-3,965	-3,962	-3,957	-3,947	-3,936	-0,169	-0,123	-0,096	-0,053	-0,037	-0,028	-0,021	-0,017	-0,011	-0,009	0,000	0,006	0,013	0,020	0,015	0,053	10,869
1,000	-4,273	-4,336	-4,345	-4,316	-4,285	-4,265	-4,256	-4,250	-4,239	-4,238	-4,232	-4,221	-4,214	-4,199	-4,184	-0,140	-0,072	-0,024	0,038	0,048	0,039	0,041	0,036	0,034	0,029	0,032	0,034	0,033	0,034	0,025	0,049	11,206
2,000	-2,735	-2,794	-2,803	-2,808	-2,790	-2,772	-2,762	-2,750	-2,737	-2,733	-2,722	-2,717	-2,709	-2,699	-2,690	-0,109	-0,066	-0,041	0,010	0,030	0,037	0,039	0,038	0,036	0,033	0,031	0,029	0,027	0,023	0,017	0,038	11,675
3,000	-5,554	-5,554	-5,528	-5,454	-5,410	-5,381	-5,369	-5,364	-5,358	-5,362	-5,360	-5,356	-5,353	-5,340	-5,328	0,008	0,049	0,074	0,101	0,090	0,066	0,055	0,044	0,032	0,023	0,021	0,021	0,024	0,028	0,019	0,077	12,510
4,000	-3,114	-2,939	-2,824	-2,671	-2,621	-2,588	-2,572	-2,561	-2,552	-2,546	-2,537	-2,531	-2,518	-2,503	-2,486	0,313	0,333	0,307	0,215	0,165	0,124	0,103	0,083	0,070	0,058	0,051	0,046	0,046	0,041	0,030	0,033	12,341
5,000	-3,460	-3,201	-3,078	-2,903	-2,844	-2,808	-2,791	-2,778	-2,768	-2,759	-2,753	-2,742	-2,727	-2,705	-2,680	0,435	0,416	0,369	0,249	0,192	0,148	0,120	0,097	0,077	0,070	0,060	0,060	0,059	0,058	0,045	0,039	11,375
6,000	-2,115	-2,116	-2,109	-2,083	-2,059	-2,046	-2,032	-2,028	-2,017	-2,013	-2,014	-2,008	-2,004	-1,995	-1,991	-0,019	0,003	0,027	0,045	0,048	0,040	0,038	0,035	0,025	0,023	0,022	0,018	0,016	0,013	0,011	0,025	11,748
7,000	-1,624	-1,651	-1,652	-1,663	-1,663	-1,665	-1,672	-1,672	-1,671	-1,675	-1,678	-1,678	-1,677	-1,678	-1,674	-0,046	-0,034	-0,029	-0,014	-0,015	-0,011	-0,011	-0,009	-0,006	-0,006	-0,004	-0,001	0,000	0,003	0,001	0,037	11,001
8,000	-5,125	-5,152	-5,146	-5,156	-5,145	-5,138	-5,138	-5,136	-5,132	-5,142	-5,139	-5,141	-5,145	-5,139	-5,138	-0,022	-0,013	-0,008	0,005	0,008	0,004	0,004	0,001	0,001	-0,002	-0,002	-0,001	0,000	0,003	0,001	0,061	10,920
9,000	-2,072	-2,064	-2,082	-2,074	-2,064	-2,059	-2,055	-2,053	-2,044	-2,044	-2,040	-2,032	-2,015	-1,996	-1,975	0,018	-0,003	0,002	0,016	0,022	0,019	0,022	0,023	0,020	0,022	0,035	0,038	0,040	0,046	0,036	0,048	12,839
10,000	-1,486	-1,497	-1,473	-1,440	-1,412	-1,398	-1,389	-1,379	-1,376	-1,377	-1,375	-1,372	-1,365	-1,354	-1,344	-0,005	0,032	0,038	0,055	0,055	0,044	0,038	0,032	0,025	0,019	0,019	0,021	0,026	0,025	0,020	0,052	13,542
11,000	-2,950	-2,938	-2,927	-2,902	-2,886	-2,873	-2,865	-2,859	-2,851	-2,850	-2,844	-2,836	-2,832	-2,823	-2,814	0,012	0,027	0,031	0,041	0,043	0,034	0,035	0,031	0,030	0,026	0,025	0,026	0,023	0,021	0,014	0,037	13,389
12,000	-4,392	-4,400	-4,387	-4,375	-4,362	-4,357	-4,355	-4,354	-4,351	-4,354	-4,350	-4,344	-4,335	-4,313	-4,286	0,004	0,018	0,019	0,027	0,022	0,018	0,016	0,015	0,015	0,017	0,022	0,031	0,039	0,044	0,034	0,065	12,832
13,000	-1,928	-1,918	-1,931	-1,918	-1,911	-1,909	-1,902	-1,900	-1,894	-1,897	-1,898	-1,893	-1,880	-1,863	-1,845	0,003	0,002	0,002	0,012	0,014	0,011	0,015	0,012	0,015	0,017	0,024	0,029	0,033	0,037	0,032	0,042	11,675
14,000	-3,320	-3,395	-3,395	-3,416	-3,409	-3,406	-3,404	-3,401	-3,397	-3,401	-3,398	-3,391	-3,382	-3,362	-3,342	-0,115	-0,072	-0,055	-0,016	-0,002	0,002	0,005	0,009	0,010	0,013	0,021	0,027	0,034	0,040	0,031	0,051	11,587
15,000	-2,297	-2,330	-2,352	-2,352	-2,349	-2,348	-2,343	-2,344	-2,341	-2,345	-2,343	-2,342	-2,337	-2,328	-2,319	-0,084	-0,056	-0,043	-0,012	-0,005	-0,002	0,002	0,001	0,003	0,005	0,007	0,012	0,015	0,017	0,015	0,062	12,041
	run	16	2022:11:15    09:41:36,040
0,000	-3,834	-3,920	-3,937	-3,976	-3,983	-3,987	-3,991	-3,995	-3,993	-3,999	-3,999	-3,999	-3,995	-3,985	-3,974	-0,167	-0,124	-0,097	-0,057	-0,036	-0,031	-0,022	-0,017	-0,013	-0,011	-0,001	0,006	0,014	0,018	0,017	0,051	10,876
1,000	-4,294	-4,354	-4,354	-4,329	-4,296	-4,274	-4,264	-4,256	-4,246	-4,244	-4,237	-4,228	-4,221	-4,204	-4,189	-0,136	-0,068	-0,023	0,041	0,054	0,046	0,042	0,041	0,035	0,032	0,034	0,035	0,033	0,036	0,025	0,048	11,206
2,000	-2,758	-2,815	-2,824	-2,828	-2,809	-2,795	-2,782	-2,773	-2,758	-2,753	-2,744	-2,738	-2,730	-2,721	-2,711	-0,109	-0,063	-0,038	0,010	0,030	0,036	0,040	0,039	0,036	0,034	0,031	0,029	0,027	0,024	0,015	0,037	11,624
3,000	-5,562	-5,559	-5,538	-5,458	-5,413	-5,384	-5,374	-5,368	-5,363	-5,369	-5,363	-5,362	-5,360	-5,344	-5,331	0,006	0,049	0,081	0,100	0,093	0,068	0,056	0,043	0,032	0,022	0,021	0,025	0,026	0,025	0,019	0,076	12,488
4,000	-3,132	-2,949	-2,840	-2,683	-2,632	-2,600	-2,586	-2,571	-2,564	-2,557	-2,550	-2,542	-2,531	-2,514	-2,497	0,314	0,332	0,305	0,216	0,165	0,124	0,104	0,084	0,068	0,060	0,051	0,047	0,047	0,043	0,034	0,034	12,290
5,000	-3,475	-3,215	-3,091	-2,916	-2,857	-2,821	-2,802	-2,790	-2,782	-2,769	-2,761	-2,754	-2,739	-2,717	-2,690	0,435	0,421	0,372	0,253	0,193	0,146	0,119	0,097	0,082	0,069	0,061	0,059	0,060	0,060	0,045	0,040	11,338
6,000	-2,124	-2,119	-2,114	-2,087	-2,061	-2,048	-2,036	-2,033	-2,022	-2,017	-2,010	-2,013	-2,007	-1,998	-1,994	-0,026	0,008	0,024	0,047	0,052	0,042	0,037	0,035	0,030	0,024	0,021	0,019	0,015	0,015	0,016	0,027	11,726
7,000	-1,633	-1,656	-1,659	-1,670	-1,669	-1,674	-1,676	-1,678	-1,677	-1,683	-1,683	-1,685	-1,688	-1,682	-1,678	-0,048	-0,036	-0,027	-0,016	-0,011	-0,011	-0,012	-0,011	-0,008	-0,008	-0,006	-0,002	0,003	0,003	0,002	0,037	10,986
8,000	-5,123	-5,147	-5,149	-5,153	-5,141	-5,133	-5,136	-5,135	-5,131	-5,139	-5,137	-5,139	-5,140	-5,134	-5,136	-0,030	-0,012	-0,010	0,004	0,009	0,005	0,004	0,001	-0,001	-0,005	-0,002	0,006	0,001	0,005	0,002	0,060	10,942
9,000	-2,121	-2,115	-2,126	-2,117	-2,105	-2,102	-2,095	-2,097	-2,087	-2,085	-2,082	-2,072	-2,060	-2,038	-2,009	0,014	-0,003	0,003	0,016	0,017	0,013	0,022	0,019	0,020	0,022	0,033	0,038	0,043	0,045	0,038	0,048	12,839
10,000	-1,509	-1,514	-1,493	-1,458	-1,428	-1,416	-1,404	-1,399	-1,394	-1,392	-1,393	-1,391	-1,383	-1,371	-1,357	-0,007	0,034	0,040	0,056	0,055	0,044	0,040	0,030	0,025	0,023	0,021	0,024	0,025	0,028	0,020	0,053	13,550
11,000	-2,978	-2,966	-2,954	-2,931	-2,911	-2,902	-2,894	-2,888	-2,877	-2,874	-2,870	-2,865	-2,859	-2,848	-2,842	0,010	0,023	0,030	0,042	0,042	0,037	0,036	0,032	0,031	0,026	0,026	0,025	0,023	0,022	0,014	0,038	13,389
12,000	-4,397	-4,408	-4,392	-4,384	-4,368	-4,363	-4,362	-4,360	-4,359	-4,360	-4,356	-4,351	-4,342	-4,319	-4,293	0,004	0,017	0,020	0,028	0,023	0,018	0,017	0,015	0,016	0,017	0,023	0,032	0,040	0,046	0,038	0,065	12,825
13,000	-1,921	-1,914	-1,917	-1,913	-1,901	-1,900	-1,894	-1,895	-1,889	-1,890	-1,888	-1,883	-1,874	-1,857	-1,833	0,002	-0,004	0,002	0,016	0,016	0,013	0,014	0,016	0,018	0,018	0,021	0,027	0,035	0,037	0,030	0,042	11,682
14,000	-3,302	-3,377	-3,375	-3,401	-3,390	-3,387	-3,387	-3,384	-3,380	-3,382	-3,378	-3,372	-3,365	-3,345	-3,324	-0,115	-0,071	-0,056	-0,014	-0,003	0,001	0,006	0,008	0,010	0,012	0,020	0,028	0,032	0,039	0,030	0,050	11,609
15,000	-2,289	-2,320	-2,342	-2,346	-2,339	-2,338	-2,335	-2,336	-2,333	-2,335	-2,337	-2,334	-2,328	-2,320	-2,311	-0,082	-0,059	-0,045	-0,010	-0,005	-0,003	0,000	0,001	0,004	0,006	0,008	0,011	0,017	0,017	0,015	0,061	12,070
	run	17	2022:11:15    09:41:36,089
0,000	-3,809	-3,895	-3,915	-3,954	-3,959	-3,962	-3,965	-3,968	-3,970	-3,972	-3,973	-3,972	-3,970	-3,959	-3,949	-0,169	-0,122	-0,095	-0,052	-0,036	-0,027	-0,022	-0,016	-0,011	-0,008	-0,001	0,006	0,013	0,018	0,015	0,051	10,913
1,000	-4,286	-4,342	-4,349	-4,322	-4,288	-4,269	-4,260	-4,252	-4,243	-4,241	-4,234	-4,225	-4,218	-4,201	-4,186	-0,138	-0,069	-0,020	0,039	0,049	0,041	0,041	0,037	0,034	0,030	0,033	0,034	0,034	0,035	0,025	0,049	11,213
2,000	-2,758	-2,815	-2,824	-2,828	-2,809	-2,795	-2,782	-2,773	-2,758	-2,753	-2,744	-2,738	-2,730	-2,721	-2,711	-0,109	-0,063	-0,038	0,010	0,030	0,036	0,040	0,039	0,036	0,034	0,031	0,029	0,027	0,024	0,015	0,037	11,624
3,000	-5,562	-5,559	-5,538	-5,458	-5,413	-5,384	-5,374	-5,368	-5,363	-5,369	-5,363	-5,362	-5,360	-5,344	-5,331	0,006	0,049	0,081	0,100	0,093	0,068	0,056	0,043	0,032	0,022	0,021	0,025	0,026	0,025	0,019	0,076	12,488
4,000	-3,132	-2,949	-2,840	-2,683	-2,632	-2,600	-2,586	-2,571	-2,564	-2,557	-2,550	-2,542	-2,531	-2,514	-2,497	0,314	0,332	0,305	0,216	0,165	0,124	0,104	0,084	0,068	0,060	0,051	0,047	0,047	0,043	0,034	0,034	12,290
5,000	-3,475	-3,215	-3,091	-2,916	-2,857	-2,821	-2,802	-2,790	-2,782	-2,769	-2,761	-2,754	-2,739	-2,717	-2,690	0,435	0,421	0,372	0,253	0,193	0,146	0,119	0,097	0,082	0,069	0,061	0,059	0,060	0,060	0,045	0,040	11,338
6,000	-2,124	-2,119	-2,114	-2,087	-2,061	-2,048	-2,036	-2,033	-2,022	-2,017	-2,010	-2,013	-2,007	-1,998	-1,994	-0,026	0,008	0,024	0,047	0,052	0,042	0,037	0,035	0,030	0,024	0,021	0,019	0,015	0,015	0,016	0,027	11,726
7,000	-1,633	-1,656	-1,659	-1,670	-1,669	-1,674	-1,676	-1,678	-1,677	-1,683	-1,683	-1,685	-1,688	-1,682	-1,678	-0,048	-0,036	-0,027	-0,016	-0,011	-0,011	-0,012	-0,011	-0,008	-0,008	-0,006	-0,002	0,003	0,003	0,002	0,037	10,986
8,000	-5,118	-5,147	-5,137	-5,149	-5,138	-5,136	-5,133	-5,138	-5,129	-5,138	-5,139	-5,139	-5,141	-5,134	-5,137	-0,033	-0,017	-0,011	0,004	0,005	0,003	0,001	-0,001	0,001	-0,007	-0,004	-0,003	-0,000	0,001	0,003	0,060	10,898
9,000	-2,096	-2,080	-2,097	-2,090	-2,077	-2,073	-2,070	-2,066	-2,062	-2,063	-2,050	-2,045	-2,038	-2,011	-1,987	0,017	-0,009	0,000	0,017	0,020	0,017	0,018	0,021	0,022	0,023	0,029	0,036	0,045	0,048	0,036	0,048	12,817
10,000	-1,496	-1,505	-1,486	-1,452	-1,426	-1,407	-1,399	-1,391	-1,386	-1,387	-1,387	-1,384	-1,377	-1,365	-1,353	-0,005	0,034	0,038	0,055	0,055	0,043	0,040	0,034	0,025	0,021	0,020	0,019	0,024	0,028	0,021	0,052	13,535
11,000	-2,965	-2,951	-2,938	-2,917	-2,896	-2,886	-2,876	-2,872	-2,863	-2,861	-2,854	-2,848	-2,843	-2,833	-2,826	0,012	0,026	0,032	0,042	0,041	0,034	0,033	0,032	0,031	0,028	0,026	0,024	0,023	0,021	0,015	0,038	13,403
12,000	-4,390	-4,396	-4,382	-4,373	-4,357	-4,352	-4,352	-4,349	-4,347	-4,351	-4,345	-4,340	-4,331	-4,309	-4,281	0,006	0,017	0,020	0,027	0,024	0,020	0,017	0,018	0,014	0,017	0,025	0,031	0,040	0,045	0,036	0,065	12,832
13,000	-1,923	-1,915	-1,920	-1,910	-1,901	-1,899	-1,894	-1,893	-1,887	-1,891	-1,888	-1,885	-1,871	-1,854	-1,836	-0,002	0,001	-0,000	0,015	0,015	0,013	0,013	0,013	0,014	0,017	0,019	0,026	0,032	0,036	0,029	0,042	11,697
14,000	-3,286	-3,359	-3,363	-3,380	-3,370	-3,368	-3,366	-3,364	-3,361	-3,364	-3,358	-3,353	-3,345	-3,327	-3,304	-0,115	-0,072	-0,055	-0,016	-0,004	0,002	0,006	0,007	0,012	0,012	0,019	0,026	0,033	0,040	0,032	0,050	11,631
15,000	-2,282	-2,316	-2,340	-2,340	-2,335	-2,333	-2,332	-2,333	-2,329	-2,330	-2,330	-2,329	-2,324	-2,316	-2,307	-0,080	-0,059	-0,046	-0,013	-0,005	-0,004	-0,000	0,000	0,003	0,005	0,007	0,010	0,016	0,016	0,014	0,061	12,078
	run	18	2022:11:15    09:41:36,189
0,000	-3,795	-3,876	-3,894	-3,935	-3,940	-3,944	-3,947	-3,950	-3,950	-3,957	-3,957	-3,955	-3,953	-3,940	-3,931	-0,166	-0,121	-0,096	-0,053	-0,038	-0,027	-0,021	-0,016	-0,012	-0,009	-0,001	0,008	0,012	0,017	0,014	0,051	10,876
1,000	-4,284	-4,343	-4,352	-4,323	-4,290	-4,270	-4,261	-4,254	-4,244	-4,243	-4,234	-4,227	-4,218	-4,201	-4,188	-0,138	-0,069	-0,023	0,040	0,048	0,043	0,042	0,037	0,033	0,032	0,033	0,035	0,034	0,035	0,024	0,049	11,221
2,000	-2,753	-2,810	-2,818	-2,821	-2,803	-2,787	-2,774	-2,765	-2,752	-2,747	-2,737	-2,731	-2,723	-2,713	-2,706	-0,110	-0,068	-0,039	0,012	0,030	0,038	0,041	0,037	0,038	0,032	0,032	0,031	0,026	0,024	0,015	0,037	11,646
3,000	-5,556	-5,551	-5,534	-5,454	-5,408	-5,379	-5,372	-5,361	-5,357	-5,361	-5,362	-5,356	-5,356	-5,340	-5,327	0,012	0,049	0,081	0,104	0,092	0,071	0,057	0,041	0,034	0,023	0,021	0,022	0,024	0,027	0,021	0,076	12,480
4,000	-3,130	-2,954	-2,842	-2,687	-2,632	-2,603	-2,587	-2,575	-2,564	-2,559	-2,552	-2,543	-2,532	-2,517	-2,499	0,317	0,337	0,307	0,216	0,164	0,123	0,104	0,082	0,070	0,060	0,048	0,047	0,043	0,041	0,030	0,033	12,305
5,000	-3,439	-3,190	-3,064	-2,889	-2,834	-2,798	-2,778	-2,765	-2,754	-2,749	-2,739	-2,728	-2,714	-2,693	-2,667	0,433	0,413	0,369	0,251	0,193	0,146	0,120	0,096	0,080	0,070	0,060	0,059	0,058	0,058	0,047	0,039	11,353
6,000	-2,117	-2,119	-2,114	-2,084	-2,063	-2,048	-2,040	-2,031	-2,027	-2,017	-2,016	-2,014	-2,009	-2,003	-1,995	-0,023	0,002	0,022	0,048	0,051	0,041	0,041	0,031	0,029	0,026	0,022	0,020	0,018	0,017	0,009	0,025	11,741
7,000	-1,629	-1,654	-1,656	-1,669	-1,667	-1,672	-1,675	-1,678	-1,677	-1,683	-1,681	-1,683	-1,683	-1,681	-1,679	-0,045	-0,031	-0,028	-0,015	-0,012	-0,012	-0,013	-0,010	-0,009	-0,008	-0,005	-0,002	0,001	0,004	0,004	0,036	10,986
8,000	-5,140	-5,164	-5,161	-5,169	-5,156	-5,155	-5,150	-5,149	-5,150	-5,156	-5,156	-5,152	-5,157	-5,153	-5,150	-0,026	-0,019	-0,009	0,004	0,009	0,005	0,001	0,004	-0,000	-0,005	-0,001	0,002	0,003	0,003	0,001	0,059	10,913
9,000	-2,088	-2,078	-2,095	-2,086	-2,075	-2,073	-2,062	-2,067	-2,057	-2,061	-2,047	-2,042	-2,029	-2,007	-1,985	0,017	-0,007	0,002	0,018	0,019	0,010	0,021	0,024	0,022	0,027	0,031	0,040	0,043	0,045	0,032	0,048	12,832
10,000	-1,501	-1,501	-1,480	-1,450	-1,421	-1,403	-1,395	-1,389	-1,385	-1,386	-1,383	-1,378	-1,372	-1,363	-1,350	-0,000	0,033	0,035	0,055	0,055	0,047	0,038	0,032	0,024	0,021	0,019	0,019	0,022	0,026	0,021	0,053	13,528
11,000	-2,961	-2,953	-2,938	-2,915	-2,897	-2,886	-2,879	-2,873	-2,862	-2,859	-2,854	-2,849	-2,842	-2,834	-2,825	0,008	0,025	0,032	0,039	0,042	0,032	0,034	0,035	0,029	0,027	0,026	0,024	0,022	0,021	0,013	0,037	13,389
12,000	-4,410	-4,419	-4,406	-4,394	-4,382	-4,377	-4,374	-4,371	-4,370	-4,373	-4,368	-4,362	-4,353	-4,331	-4,307	0,007	0,016	0,023	0,026	0,024	0,019	0,017	0,016	0,015	0,017	0,023	0,033	0,040	0,047	0,038	0,066	12,832
13,000	-1,934	-1,928	-1,935	-1,928	-1,918	-1,912	-1,908	-1,906	-1,901	-1,903	-1,903	-1,897	-1,886	-1,872	-1,850	0,004	-0,000	0,005	0,015	0,016	0,015	0,016	0,014	0,016	0,019	0,020	0,027	0,033	0,035	0,031	0,042	11,660
14,000	-3,315	-3,389	-3,389	-3,412	-3,402	-3,398	-3,398	-3,395	-3,391	-3,393	-3,388	-3,383	-3,375	-3,356	-3,334	-0,113	-0,072	-0,055	-0,015	-0,003	0,002	0,006	0,010	0,010	0,013	0,021	0,025	0,034	0,038	0,033	0,051	11,580
15,000	-2,291	-2,324	-2,346	-2,348	-2,343	-2,344	-2,342	-2,340	-2,337	-2,340	-2,340	-2,338	-2,333	-2,324	-2,315	-0,081	-0,061	-0,042	-0,010	-0,004	-0,003	0,001	0,001	0,002	0,004	0,007	0,010	0,016	0,019	0,014	0,061	12,041
	run	19	2022:11:15    09:41:36,241
0,000	-3,795	-3,876	-3,894	-3,935	-3,940	-3,944	-3,947	-3,950	-3,950	-3,957	-3,957	-3,955	-3,953	-3,940	-3,931	-0,166	-0,121	-0,096	-0,053	-0,038	-0,027	-0,021	-0,016	-0,012	-0,009	-0,001	0,008	0,012	0,017	0,014	0,051	10,876
1,000	-4,284	-4,343	-4,352	-4,323	-4,290	-4,270	-4,261	-4,254	-4,244	-4,243	-4,234	-4,227	-4,218	-4,201	-4,188	-0,138	-0,069	-0,023	0,040	0,048	0,043	0,042	0,037	0,033	0,032	0,033	0,035	0,034	0,035	0,024	0,049	11,221
2,000	-2,753	-2,810	-2,818	-2,821	-2,803	-2,787	-2,774	-2,765	-2,752	-2,747	-2,737	-2,731	-2,723	-2,713	-2,706	-0,110	-0,068	-0,039	0,012	0,030	0,038	0,041	0,037	0,038	0,032	0,032	0,031	0,026	0,024	0,015	0,037	11,646
3,000	-5,556	-5,551	-5,534	-5,454	-5,408	-5,379	-5,372	-5,361	-5,357	-5,361	-5,362	-5,356	-5,356	-5,340	-5,327	0,012	0,049	0,081	0,104	0,092	0,071	0,057	0,041	0,034	0,023	0,021	0,022	0,024	0,027	0,021	0,076	12,480
4,000	-3,130	-2,954	-2,842	-2,687	-2,632	-2,603	-2,587	-2,575	-2,564	-2,559	-2,552	-2,543	-2,532	-2,517	-2,499	0,317	0,337	0,307	0,216	0,164	0,123	0,104	0,082	0,070	0,060	0,048	0,047	0,043	0,041	0,030	0,033	12,305
5,000	-3,439	-3,190	-3,064	-2,889	-2,834	-2,798	-2,778	-2,765	-2,754	-2,749	-2,739	-2,728	-2,714	-2,693	-2,667	0,433	0,413	0,369	0,251	0,193	0,146	0,120	0,096	0,080	0,070	0,060	0,059	0,058	0,058	0,047	0,039	11,353
6,000	-2,117	-2,122	-2,110	-2,083	-2,064	-2,045	-2,038	-2,031	-2,021	-2,018	-2,008	-2,011	-2,006	-2,002	-1,994	-0,019	0,006	0,020	0,047	0,047	0,042	0,039	0,033	0,030	0,023	0,020	0,019	0,017	0,015	0,010	0,026	11,741
7,000	-1,619	-1,645	-1,646	-1,659	-1,659	-1,665	-1,666	-1,667	-1,669	-1,673	-1,676	-1,676	-1,676	-1,672	-1,671	-0,049	-0,031	-0,027	-0,017	-0,013	-0,013	-0,012	-0,012	-0,011	-0,007	-0,004	0,001	-0,000	0,002	0,002	0,036	11,001
8,000	-5,111	-5,128	-5,125	-5,131	-5,124	-5,117	-5,117	-5,114	-5,112	-5,119	-5,121	-5,118	-5,122	-5,117	-5,116	-0,027	-0,017	-0,011	0,000	0,008	0,007	0,003	0,005	-0,002	-0,003	-0,002	0,003	-0,001	0,003	0,001	0,059	10,928
9,000	-2,084	-2,069	-2,083	-2,074	-2,067	-2,060	-2,052	-2,055	-2,050	-2,048	-2,039	-2,037	-2,017	-1,997	-1,977	0,010	-0,008	-0,003	0,014	0,020	0,019	0,018	0,022	0,025	0,026	0,027	0,038	0,043	0,048	0,033	0,048	12,854
10,000	-1,490	-1,496	-1,472	-1,440	-1,416	-1,396	-1,391	-1,381	-1,378	-1,377	-1,375	-1,372	-1,365	-1,357	-1,343	-0,004	0,032	0,038	0,054	0,055	0,044	0,039	0,031	0,025	0,018	0,016	0,022	0,023	0,026	0,022	0,052	13,572
11,000	-2,965	-2,951	-2,940	-2,918	-2,897	-2,885	-2,877	-2,873	-2,863	-2,862	-2,857	-2,851	-2,844	-2,834	-2,828	0,008	0,023	0,032	0,043	0,042	0,035	0,034	0,031	0,029	0,026	0,025	0,025	0,023	0,020	0,014	0,038	13,403
12,000	-4,429	-4,435	-4,420	-4,412	-4,397	-4,391	-4,390	-4,389	-4,386	-4,391	-4,386	-4,381	-4,368	-4,347	-4,320	0,004	0,018	0,020	0,027	0,025	0,020	0,018	0,016	0,016	0,016	0,022	0,032	0,041	0,046	0,037	0,066	12,839
13,000	-1,939	-1,934	-1,944	-1,933	-1,922	-1,921	-1,914	-1,915	-1,909	-1,913	-1,909	-1,905	-1,892	-1,877	-1,856	0,002	-0,002	0,001	0,014	0,015	0,013	0,014	0,017	0,014	0,018	0,022	0,029	0,034	0,038	0,030	0,042	11,660
14,000	-3,339	-3,414	-3,417	-3,439	-3,428	-3,427	-3,425	-3,418	-3,416	-3,421	-3,417	-3,409	-3,401	-3,383	-3,361	-0,114	-0,076	-0,056	-0,017	-0,003	0,002	0,006	0,010	0,010	0,011	0,022	0,027	0,034	0,042	0,033	0,050	11,558
15,000	-2,295	-2,328	-2,348	-2,351	-2,344	-2,343	-2,342	-2,341	-2,337	-2,342	-2,341	-2,341	-2,333	-2,324	-2,315	-0,083	-0,059	-0,044	-0,009	-0,003	-0,002	0,001	0,002	0,003	0,004	0,008	0,009	0,017	0,017	0,016	0,060	12,034
	run	20	2022:11:15    09:41:36,342
0,000	-3,806	-3,891	-3,913	-3,951	-3,953	-3,958	-3,961	-3,965	-3,964	-3,968	-3,971	-3,969	-3,966	-3,953	-3,943	-0,165	-0,123	-0,098	-0,054	-0,037	-0,027	-0,021	-0,013	-0,012	-0,009	-0,002	0,006	0,012	0,018	0,014	0,051	10,876
1,000	-4,261	-4,318	-4,323	-4,298	-4,265	-4,249	-4,239	-4,230	-4,220	-4,221	-4,213	-4,204	-4,196	-4,181	-4,167	-0,135	-0,070	-0,027	0,036	0,045	0,041	0,040	0,036	0,035	0,028	0,031	0,034	0,033	0,033	0,025	0,049	11,221
2,000	-2,713	-2,769	-2,775	-2,780	-2,766	-2,748	-2,737	-2,729	-2,717	-2,710	-2,700	-2,692	-2,688	-2,676	-2,669	-0,108	-0,066	-0,039	0,009	0,026	0,035	0,036	0,038	0,036	0,033	0,032	0,029	0,025	0,025	0,015	0,037	11,667
3,000	-5,487	-5,482	-5,467	-5,395	-5,349	-5,323	-5,313	-5,304	-5,301	-5,303	-5,303	-5,303	-5,298	-5,284	-5,273	0,004	0,046	0,074	0,099	0,088	0,065	0,052	0,040	0,030	0,020	0,022	0,023	0,023	0,026	0,020	0,077	12,517
4,000	-3,100	-2,928	-2,812	-2,661	-2,606	-2,578	-2,563	-2,550	-2,539	-2,534	-2,526	-2,518	-2,506	-2,492	-2,476	0,313	0,329	0,306	0,213	0,165	0,123	0,103	0,083	0,070	0,056	0,050	0,047	0,043	0,041	0,029	0,032	12,356
5,000	-3,464	-3,206	-3,080	-2,907	-2,849	-2,812	-2,793	-2,784	-2,773	-2,762	-2,757	-2,746	-2,729	-2,709	-2,684	0,436	0,414	0,369	0,252	0,189	0,143	0,119	0,097	0,078	0,066	0,062	0,060	0,060	0,059	0,047	0,040	11,382
6,000	-2,108	-2,110	-2,099	-2,070	-2,053	-2,035	-2,022	-2,019	-2,009	-2,007	-2,003	-2,001	-1,992	-1,983	-1,983	-0,020	0,004	0,023	0,044	0,048	0,045	0,043	0,032	0,031	0,030	0,020	0,019	0,019	0,016	0,009	0,026	11,755
7,000	-1,620	-1,640	-1,640	-1,655	-1,652	-1,659	-1,662	-1,663	-1,666	-1,670	-1,670	-1,672	-1,670	-1,668	-1,665	-0,048	-0,031	-0,029	-0,017	-0,014	-0,013	-0,012	-0,010	-0,009	-0,008	-0,005	-0,003	0,001	0,005	0,003	0,036	11,001
8,000	-5,103	-5,124	-5,121	-5,129	-5,119	-5,112	-5,111	-5,113	-5,107	-5,113	-5,113	-5,118	-5,119	-5,113	-5,111	-0,024	-0,011	-0,010	0,000	0,007	0,004	0,003	-0,001	-0,001	-0,004	-0,001	0,000	0,002	0,003	0,000	0,059	10,942
9,000	-2,063	-2,050	-2,064	-2,055	-2,048	-2,043	-2,038	-2,034	-2,031	-2,028	-2,025	-2,020	-2,001	-1,982	-1,958	0,013	-0,001	0,003	0,017	0,014	0,015	0,020	0,022	0,023	0,027	0,029	0,039	0,041	0,049	0,040	0,047	12,854
10,000	-1,501	-1,512	-1,487	-1,459	-1,427	-1,411	-1,403	-1,396	-1,390	-1,390	-1,388	-1,386	-1,382	-1,368	-1,357	-0,008	0,032	0,036	0,054	0,054	0,045	0,039	0,034	0,025	0,021	0,019	0,024	0,026	0,028	0,019	0,052	13,550
11,000	-2,970	-2,961	-2,945	-2,925	-2,907	-2,894	-2,887	-2,881	-2,870	-2,867	-2,863	-2,858	-2,851	-2,842	-2,834	0,010	0,023	0,034	0,044	0,043	0,035	0,034	0,033	0,031	0,027	0,026	0,024	0,022	0,021	0,014	0,038	13,403
12,000	-4,438	-4,445	-4,431	-4,420	-4,406	-4,402	-4,401	-4,397	-4,395	-4,398	-4,396	-4,389	-4,380	-4,357	-4,331	0,007	0,015	0,021	0,025	0,024	0,019	0,019	0,015	0,017	0,018	0,026	0,032	0,040	0,045	0,037	0,066	12,825
13,000	-1,942	-1,930	-1,939	-1,934	-1,921	-1,919	-1,914	-1,912	-1,907	-1,910	-1,905	-1,906	-1,891	-1,873	-1,855	0,001	0,002	0,002	0,016	0,018	0,011	0,016	0,015	0,015	0,018	0,022	0,029	0,035	0,037	0,030	0,042	11,667
14,000	-3,338	-3,418	-3,416	-3,439	-3,430	-3,427	-3,424	-3,420	-3,417	-3,419	-3,418	-3,411	-3,402	-3,381	-3,360	-0,113	-0,074	-0,056	-0,015	-0,003	0,002	0,005	0,009	0,012	0,012	0,018	0,026	0,035	0,042	0,033	0,051	11,580
15,000	-2,301	-2,333	-2,354	-2,356	-2,352	-2,349	-2,347	-2,347	-2,344	-2,348	-2,346	-2,346	-2,340	-2,331	-2,322	-0,081	-0,060	-0,042	-0,011	-0,007	-0,001	-0,000	0,002	0,003	0,006	0,007	0,012	0,014	0,017	0,014	0,061	12,034
	run	21	2022:11:15    09:41:36,443
0,000	-3,815	-3,897	-3,919	-3,956	-3,960	-3,967	-3,968	-3,971	-3,972	-3,977	-3,979	-3,975	-3,974	-3,962	-3,952	-0,167	-0,124	-0,097	-0,054	-0,038	-0,028	-0,023	-0,014	-0,013	-0,010	-0,002	0,005	0,012	0,019	0,017	0,051	10,862
1,000	-4,283	-4,345	-4,350	-4,323	-4,292	-4,269	-4,261	-4,253	-4,243	-4,242	-4,235	-4,226	-4,217	-4,201	-4,188	-0,137	-0,066	-0,026	0,038	0,048	0,041	0,042	0,039	0,035	0,031	0,032	0,034	0,034	0,033	0,023	0,049	11,199
2,000	-2,735	-2,789	-2,801	-2,806	-2,789	-2,771	-2,760	-2,750	-2,739	-2,731	-2,723	-2,716	-2,709	-2,697	-2,691	-0,105	-0,066	-0,041	0,011	0,030	0,036	0,039	0,040	0,038	0,035	0,031	0,028	0,026	0,024	0,016	0,037	11,631
3,000	-5,508	-5,505	-5,486	-5,413	-5,368	-5,341	-5,330	-5,324	-5,318	-5,320	-5,323	-5,319	-5,314	-5,299	-5,289	-0,001	0,048	0,079	0,098	0,089	0,064	0,053	0,042	0,029	0,022	0,020	0,022	0,021	0,026	0,020	0,076	12,517
4,000	-3,098	-2,920	-2,810	-2,655	-2,598	-2,568	-2,553	-2,541	-2,533	-2,528	-2,520	-2,510	-2,502	-2,486	-2,468	0,313	0,330	0,303	0,213	0,163	0,122	0,104	0,082	0,069	0,057	0,048	0,046	0,045	0,043	0,029	0,033	12,349
5,000	-3,430	-3,171	-3,045	-2,874	-2,819	-2,784	-2,765	-2,752	-2,742	-2,733	-2,725	-2,716	-2,702	-2,680	-2,654	0,428	0,415	0,367	0,248	0,190	0,141	0,118	0,096	0,079	0,068	0,058	0,059	0,057	0,058	0,043	0,038	11,404
6,000	-2,107	-2,111	-2,102	-2,072	-2,051	-2,038	-2,026	-2,018	-2,013	-2,006	-2,007	-2,001	-1,996	-1,988	-1,984	-0,022	0,002	0,023	0,043	0,045	0,043	0,042	0,036	0,030	0,022	0,022	0,015	0,018	0,015	0,014	0,026	11,777
7,000	-1,628	-1,654	-1,656	-1,670	-1,671	-1,675	-1,677	-1,678	-1,680	-1,683	-1,685	-1,686	-1,685	-1,683	-1,680	-0,042	-0,036	-0,027	-0,016	-0,012	-0,013	-0,011	-0,009	-0,007	-0,008	-0,005	-0,001	0,000	0,003	0,003	0,037	11,030
8,000	-5,101	-5,134	-5,128	-5,134	-5,124	-5,118	-5,116	-5,118	-5,117	-5,126	-5,124	-5,124	-5,124	-5,123	-5,119	-0,024	-0,012	-0,010	0,004	0,010	0,005	0,003	-0,001	-0,002	-0,003	-0,001	0,001	0,001	0,004	0,001	0,060	10,950
9,000	-2,078	-2,073	-2,086	-2,074	-2,070	-2,062	-2,060	-2,061	-2,050	-2,052	-2,049	-2,038	-2,025	-2,000	-1,979	0,014	-0,007	-0,003	0,014	0,018	0,012	0,017	0,020	0,023	0,027	0,031	0,035	0,041	0,044	0,034	0,048	12,861
10,000	-1,508	-1,508	-1,488	-1,454	-1,423	-1,409	-1,401	-1,391	-1,389	-1,390	-1,391	-1,388	-1,376	-1,365	-1,351	-0,003	0,033	0,039	0,059	0,053	0,048	0,038	0,032	0,023	0,022	0,021	0,021	0,026	0,029	0,021	0,053	13,542
11,000	-2,976	-2,964	-2,951	-2,928	-2,908	-2,895	-2,887	-2,882	-2,874	-2,873	-2,863	-2,859	-2,854	-2,844	-2,836	0,013	0,027	0,031	0,044	0,043	0,035	0,035	0,030	0,031	0,025	0,027	0,024	0,023	0,022	0,015	0,038	13,374
12,000	-4,426	-4,432	-4,418	-4,408	-4,397	-4,389	-4,389	-4,388	-4,385	-4,387	-4,384	-4,377	-4,368	-4,346	-4,321	0,004	0,013	0,020	0,028	0,022	0,019	0,017	0,017	0,014	0,016	0,023	0,031	0,040	0,047	0,036	0,066	12,817
13,000	-1,942	-1,933	-1,947	-1,935	-1,926	-1,921	-1,916	-1,916	-1,911	-1,911	-1,911	-1,909	-1,895	-1,877	-1,856	0,006	0,002	0,003	0,013	0,016	0,012	0,011	0,015	0,016	0,014	0,018	0,031	0,033	0,037	0,030	0,043	11,653
14,000	-3,334	-3,409	-3,406	-3,426	-3,419	-3,416	-3,415	-3,411	-3,408	-3,413	-3,406	-3,400	-3,392	-3,372	-3,352	-0,114	-0,071	-0,055	-0,015	-0,002	0,003	0,006	0,010	0,010	0,012	0,017	0,026	0,033	0,041	0,030	0,051	11,550
15,000	-2,310	-2,337	-2,359	-2,362	-2,355	-2,355	-2,353	-2,351	-2,349	-2,353	-2,353	-2,350	-2,343	-2,337	-2,327	-0,080	-0,058	-0,045	-0,011	-0,005	-0,003	0,001	0,001	0,002	0,005	0,008	0,012	0,016	0,018	0,014	0,061	12,034
	run	22	2022:11:15    09:41:36,490
0,000	-3,822	-3,908	-3,925	-3,967	-3,972	-3,976	-3,980	-3,981	-3,982	-3,988	-3,990	-3,987	-3,984	-3,974	-3,962	-0,166	-0,122	-0,098	-0,053	-0,038	-0,028	-0,022	-0,015	-0,012	-0,009	-0,001	0,006	0,011	0,018	0,014	0,051	10,884
1,000	-4,273	-4,333	-4,340	-4,310	-4,276	-4,256	-4,248	-4,241	-4,228	-4,227	-4,220	-4,212	-4,207	-4,187	-4,173	-0,138	-0,070	-0,023	0,040	0,051	0,044	0,042	0,039	0,037	0,031	0,033	0,033	0,032	0,033	0,025	0,048	11,221
2,000	-2,735	-2,789	-2,801	-2,806	-2,789	-2,771	-2,760	-2,750	-2,739	-2,731	-2,723	-2,716	-2,709	-2,697	-2,691	-0,105	-0,066	-0,041	0,011	0,030	0,036	0,039	0,040	0,038	0,035	0,031	0,028	0,026	0,024	0,016	0,037	11,631
3,000	-5,508	-5,505	-5,486	-5,413	-5,368	-5,341	-5,330	-5,324	-5,318	-5,320	-5,323	-5,319	-5,314	-5,299	-5,289	-0,001	0,048	0,079	0,098	0,089	0,064	0,053	0,042	0,029	0,022	0,020	0,022	0,021	0,026	0,020	0,076	12,517
4,000	-3,098	-2,920	-2,810	-2,655	-2,598	-2,568	-2,553	-2,541	-2,533	-2,528	-2,520	-2,510	-2,502	-2,486	-2,468	0,313	0,330	0,303	0,213	0,163	0,122	0,104	0,082	0,069	0,057	0,048	0,046	0,045	0,043	0,029	0,033	12,349
5,000	-3,430	-3,171	-3,045	-2,874	-2,819	-2,784	-2,765	-2,752	-2,742	-2,733	-2,725	-2,716	-2,702	-2,680	-2,654	0,428	0,415	0,367	0,248	0,190	0,141	0,118	0,096	0,079	0,068	0,058	0,059	0,057	0,058	0,043	0,038	11,404
6,000	-2,107	-2,111	-2,102	-2,072	-2,051	-2,038	-2,026	-2,018	-2,013	-2,006	-2,007	-2,001	-1,996	-1,988	-1,984	-0,022	0,002	0,023	0,043	0,045	0,043	0,042	0,036	0,030	0,022	0,022	0,015	0,018	0,015	0,014	0,026	11,777
7,000	-1,628	-1,654	-1,656	-1,670	-1,671	-1,675	-1,677	-1,678	-1,680	-1,683	-1,685	-1,686	-1,685	-1,683	-1,680	-0,042	-0,036	-0,027	-0,016	-0,012	-0,013	-0,011	-0,009	-0,007	-0,008	-0,005	-0,001	0,000	0,003	0,003	0,037	11,030
8,000	-5,125	-5,154	-5,146	-5,155	-5,145	-5,142	-5,137	-5,137	-5,135	-5,143	-5,139	-5,140	-5,143	-5,139	-5,138	-0,026	-0,016	-0,009	0,001	0,008	0,006	0,001	-0,001	-0,000	-0,004	0,002	-0,001	0,001	0,007	0,002	0,060	10,935
9,000	-2,113	-2,112	-2,113	-2,106	-2,102	-2,093	-2,091	-2,088	-2,086	-2,079	-2,070	-2,063	-2,051	-2,034	-2,008	0,012	-0,012	0,001	0,018	0,019	0,018	0,021	0,021	0,024	0,027	0,030	0,035	0,044	0,047	0,035	0,048	12,817
10,000	-1,497	-1,510	-1,488	-1,452	-1,424	-1,408	-1,401	-1,393	-1,389	-1,387	-1,385	-1,383	-1,378	-1,363	-1,352	-0,006	0,029	0,038	0,056	0,055	0,045	0,041	0,034	0,026	0,025	0,020	0,022	0,026	0,024	0,020	0,053	13,528
11,000	-2,977	-2,968	-2,952	-2,930	-2,911	-2,899	-2,891	-2,885	-2,876	-2,874	-2,865	-2,863	-2,856	-2,847	-2,839	0,016	0,024	0,033	0,042	0,042	0,036	0,033	0,030	0,031	0,027	0,027	0,026	0,022	0,022	0,014	0,038	13,381
12,000	-4,438	-4,449	-4,435	-4,423	-4,411	-4,405	-4,402	-4,402	-4,399	-4,402	-4,398	-4,393	-4,382	-4,359	-4,333	0,004	0,017	0,022	0,026	0,024	0,017	0,016	0,015	0,014	0,018	0,023	0,034	0,040	0,044	0,035	0,066	12,803
13,000	-1,929	-1,925	-1,932	-1,925	-1,911	-1,910	-1,902	-1,904	-1,898	-1,899	-1,897	-1,891	-1,883	-1,865	-1,843	0,005	0,002	0,002	0,016	0,016	0,017	0,012	0,016	0,013	0,014	0,024	0,025	0,033	0,035	0,030	0,042	11,660
14,000	-3,322	-3,398	-3,398	-3,417	-3,408	-3,407	-3,404	-3,402	-3,396	-3,399	-3,395	-3,392	-3,383	-3,362	-3,342	-0,111	-0,076	-0,053	-0,016	-0,002	0,004	0,008	0,009	0,009	0,012	0,020	0,027	0,035	0,040	0,031	0,050	11,580
15,000	-2,290	-2,321	-2,340	-2,341	-2,337	-2,335	-2,336	-2,335	-2,330	-2,333	-2,335	-2,333	-2,327	-2,316	-2,308	-0,079	-0,059	-0,043	-0,009	-0,006	-0,004	0,000	0,002	0,002	0,005	0,006	0,012	0,017	0,016	0,016	0,061	12,056
	run	23	2022:11:15    09:41:36,589
0,000	-3,790	-3,875	-3,895	-3,932	-3,936	-3,940	-3,944	-3,945	-3,946	-3,951	-3,952	-3,950	-3,948	-3,938	-3,925	-0,171	-0,124	-0,095	-0,053	-0,037	-0,028	-0,020	-0,013	-0,011	-0,008	-0,002	0,006	0,013	0,018	0,014	0,051	10,906
1,000	-4,267	-4,326	-4,332	-4,306	-4,275	-4,256	-4,245	-4,240	-4,229	-4,230	-4,221	-4,214	-4,206	-4,187	-4,175	-0,136	-0,071	-0,029	0,036	0,047	0,040	0,040	0,036	0,034	0,031	0,029	0,032	0,032	0,035	0,025	0,048	11,221
2,000	-2,725	-2,785	-2,792	-2,797	-2,780	-2,763	-2,750	-2,741	-2,730	-2,723	-2,717	-2,707	-2,701	-2,690	-2,682	-0,106	-0,069	-0,041	0,011	0,031	0,037	0,038	0,037	0,037	0,032	0,028	0,029	0,024	0,024	0,016	0,037	11,675
3,000	-5,515	-5,527	-5,498	-5,425	-5,381	-5,355	-5,343	-5,337	-5,331	-5,335	-5,333	-5,331	-5,328	-5,315	-5,302	0,002	0,049	0,076	0,101	0,091	0,066	0,053	0,041	0,032	0,023	0,020	0,022	0,023	0,029	0,021	0,076	12,517
4,000	-3,127	-2,947	-2,836	-2,679	-2,626	-2,596	-2,582	-2,572	-2,560	-2,556	-2,545	-2,538	-2,527	-2,510	-2,494	0,321	0,334	0,307	0,212	0,165	0,124	0,104	0,082	0,070	0,055	0,052	0,046	0,043	0,042	0,030	0,034	12,349
5,000	-3,445	-3,195	-3,066	-2,893	-2,837	-2,803	-2,783	-2,770	-2,758	-2,752	-2,741	-2,734	-2,719	-2,696	-2,672	0,429	0,416	0,366	0,249	0,194	0,145	0,120	0,098	0,083	0,068	0,061	0,057	0,061	0,056	0,044	0,039	11,367
6,000	-2,107	-2,115	-2,106	-2,079	-2,059	-2,041	-2,031	-2,024	-2,013	-2,013	-2,003	-1,997	-2,002	-1,991	-1,985	-0,017	0,006	0,016	0,045	0,045	0,041	0,038	0,033	0,018	0,025	0,029	0,018	0,017	0,019	0,015	0,025	11,763
7,000	-1,638	-1,662	-1,666	-1,677	-1,676	-1,679	-1,682	-1,685	-1,685	-1,688	-1,693	-1,692	-1,691	-1,689	-1,685	-0,042	-0,032	-0,023	-0,014	-0,009	-0,011	-0,012	-0,009	-0,008	-0,008	-0,005	-0,002	-0,001	0,003	0,004	0,037	10,994
8,000	-5,137	-5,169	-5,162	-5,173	-5,163	-5,161	-5,157	-5,154	-5,161	-5,161	-5,158	-5,158	-5,158	-5,158	-5,160	-0,034	-0,013	-0,011	0,004	0,007	0,004	0,004	0,004	0,005	-0,004	0,003	-0,001	0,004	0,005	0,001	0,060	10,869
9,000	-2,122	-2,104	-2,118	-2,106	-2,097	-2,092	-2,084	-2,083	-2,074	-2,076	-2,076	-2,063	-2,045	-2,029	-2,003	0,017	-0,003	0,007	0,018	0,021	0,017	0,022	0,021	0,026	0,030	0,034	0,040	0,042	0,048	0,038	0,048	12,788
10,000	-1,507	-1,512	-1,490	-1,455	-1,431	-1,412	-1,404	-1,397	-1,386	-1,395	-1,389	-1,389	-1,381	-1,367	-1,357	-0,005	0,030	0,040	0,059	0,053	0,046	0,040	0,033	0,023	0,022	0,017	0,020	0,026	0,026	0,022	0,053	13,521
11,000	-2,985	-2,976	-2,965	-2,941	-2,923	-2,909	-2,903	-2,898	-2,888	-2,885	-2,877	-2,872	-2,867	-2,859	-2,850	0,013	0,026	0,031	0,044	0,041	0,034	0,034	0,034	0,028	0,028	0,025	0,024	0,023	0,023	0,016	0,038	13,367
12,000	-4,412	-4,422	-4,411	-4,399	-4,383	-4,380	-4,380	-4,377	-4,374	-4,379	-4,375	-4,366	-4,358	-4,337	-4,309	0,004	0,016	0,020	0,025	0,023	0,020	0,016	0,016	0,015	0,017	0,026	0,033	0,042	0,046	0,037	0,065	12,825
13,000	-1,938	-1,934	-1,942	-1,932	-1,924	-1,920	-1,915	-1,912	-1,908	-1,908	-1,906	-1,904	-1,891	-1,877	-1,856	0,001	0,000	0,001	0,017	0,014	0,013	0,017	0,017	0,016	0,016	0,020	0,028	0,032	0,037	0,030	0,042	11,667
14,000	-3,308	-3,375	-3,377	-3,401	-3,390	-3,389	-3,384	-3,382	-3,378	-3,382	-3,377	-3,371	-3,361	-3,344	-3,324	-0,109	-0,074	-0,054	-0,018	-0,003	0,002	0,006	0,008	0,011	0,014	0,019	0,025	0,034	0,040	0,031	0,050	11,594
15,000	-2,289	-2,321	-2,345	-2,345	-2,341	-2,340	-2,338	-2,337	-2,333	-2,337	-2,338	-2,336	-2,329	-2,321	-2,310	-0,080	-0,057	-0,043	-0,010	-0,006	-0,003	0,002	0,001	0,003	0,004	0,007	0,013	0,016	0,018	0,015	0,061	12,063
	run	24	2022:11:15    09:41:36,641
0,000	-3,790	-3,875	-3,895	-3,932	-3,936	-3,940	-3,944	-3,945	-3,946	-3,951	-3,952	-3,950	-3,948	-3,938	-3,925	-0,171	-0,124	-0,095	-0,053	-0,037	-0,028	-0,020	-0,013	-0,011	-0,008	-0,002	0,006	0,013	0,018	0,014	0,051	10,906
1,000	-4,267	-4,326	-4,332	-4,306	-4,275	-4,256	-4,245	-4,240	-4,229	-4,230	-4,221	-4,214	-4,206	-4,187	-4,175	-0,136	-0,071	-0,029	0,036	0,047	0,040	0,040	0,036	0,034	0,031	0,029	0,032	0,032	0,035	0,025	0,048	11,221
2,000	-2,725	-2,785	-2,792	-2,797	-2,780	-2,763	-2,750	-2,741	-2,730	-2,723	-2,717	-2,707	-2,701	-2,690	-2,682	-0,106	-0,069	-0,041	0,011	0,031	0,037	0,038	0,037	0,037	0,032	0,028	0,029	0,024	0,024	0,016	0,037	11,675
3,000	-5,515	-5,527	-5,498	-5,425	-5,381	-5,355	-5,343	-5,337	-5,331	-5,335	-5,333	-5,331	-5,328	-5,315	-5,302	0,002	0,049	0,076	0,101	0,091	0,066	0,053	0,041	0,032	0,023	0,020	0,022	0,023	0,029	0,021	0,076	12,517
4,000	-3,127	-2,947	-2,836	-2,679	-2,626	-2,596	-2,582	-2,572	-2,560	-2,556	-2,545	-2,538	-2,527	-2,510	-2,494	0,321	0,334	0,307	0,212	0,165	0,124	0,104	0,082	0,070	0,055	0,052	0,046	0,043	0,042	0,030	0,034	12,349
5,000	-3,445	-3,195	-3,066	-2,893	-2,837	-2,803	-2,783	-2,770	-2,758	-2,752	-2,741	-2,734	-2,719	-2,696	-2,672	0,429	0,416	0,366	0,249	0,194	0,145	0,120	0,098	0,083	0,068	0,061	0,057	0,061	0,056	0,044	0,039	11,367
6,000	-2,112	-2,120	-2,113	-2,088	-2,064	-2,052	-2,034	-2,031	-2,020	-2,021	-2,015	-2,010	-2,008	-2,000	-1,996	-0,018	0,010	0,021	0,045	0,050	0,040	0,037	0,037	0,031	0,026	0,017	0,020	0,020	0,015	0,010	0,025	11,733
7,000	-1,623	-1,643	-1,652	-1,663	-1,664	-1,667	-1,670	-1,670	-1,669	-1,677	-1,679	-1,678	-1,677	-1,676	-1,673	-0,044	-0,033	-0,027	-0,016	-0,013	-0,012	-0,010	-0,011	-0,006	-0,009	-0,003	-0,001	-0,000	0,005	0,002	0,037	11,008
8,000	-5,140	-5,172	-5,163	-5,169	-5,160	-5,158	-5,155	-5,158	-5,149	-5,158	-5,162	-5,156	-5,168	-5,154	-5,155	-0,027	-0,013	-0,010	0,006	0,007	0,003	0,005	-0,000	0,004	-0,008	-0,010	0,001	0,002	0,003	0,003	0,059	10,920
9,000	-2,094	-2,089	-2,104	-2,095	-2,085	-2,080	-2,079	-2,074	-2,063	-2,068	-2,066	-2,057	-2,042	-2,023	-1,992	0,026	-0,002	0,003	0,020	0,016	0,022	0,021	0,023	0,022	0,026	0,033	0,037	0,049	0,046	0,036	0,047	12,832
10,000	-1,508	-1,515	-1,491	-1,458	-1,427	-1,411	-1,402	-1,394	-1,391	-1,390	-1,391	-1,389	-1,381	-1,370	-1,357	-0,005	0,030	0,044	0,059	0,058	0,047	0,042	0,032	0,024	0,024	0,020	0,020	0,027	0,027	0,021	0,053	13,528
11,000	-2,969	-2,960	-2,950	-2,925	-2,906	-2,892	-2,887	-2,879	-2,871	-2,868	-2,862	-2,858	-2,854	-2,842	-2,835	0,014	0,023	0,034	0,043	0,043	0,034	0,033	0,033	0,030	0,026	0,024	0,027	0,023	0,023	0,016	0,038	13,359
12,000	-4,425	-4,432	-4,417	-4,407	-4,393	-4,389	-4,387	-4,385	-4,384	-4,385	-4,382	-4,376	-4,365	-4,342	-4,318	0,006	0,015	0,017	0,023	0,023	0,019	0,016	0,016	0,017	0,016	0,023	0,031	0,040	0,047	0,036	0,066	12,803
13,000	-1,926	-1,915	-1,923	-1,917	-1,908	-1,901	-1,896	-1,897	-1,892	-1,895	-1,890	-1,887	-1,875	-1,858	-1,839	0,003	-0,004	-0,001	0,013	0,013	0,014	0,015	0,015	0,014	0,015	0,021	0,027	0,033	0,035	0,030	0,043	11,667
14,000	-3,317	-3,387	-3,390	-3,411	-3,402	-3,397	-3,398	-3,395	-3,391	-3,395	-3,388	-3,385	-3,375	-3,355	-3,334	-0,113	-0,074	-0,051	-0,016	-0,004	0,001	0,006	0,008	0,011	0,013	0,018	0,027	0,035	0,039	0,031	0,051	11,580
15,000	-2,286	-2,317	-2,338	-2,341	-2,335	-2,334	-2,333	-2,332	-2,327	-2,333	-2,332	-2,330	-2,323	-2,314	-2,306	-0,083	-0,057	-0,043	-0,012	-0,006	-0,002	0,000	0,001	0,003	0,006	0,007	0,012	0,015	0,015	0,015	0,060	12,048
	run	25	2022:11:15    09:41:36,741
0,000	-3,796	-3,880	-3,902	-3,938	-3,945	-3,950	-3,953	-3,955	-3,953	-3,960	-3,960	-3,961	-3,957	-3,945	-3,935	-0,165	-0,121	-0,098	-0,054	-0,038	-0,027	-0,021	-0,017	-0,011	-0,008	-0,003	0,008	0,013	0,017	0,016	0,050	10,898
1,000	-4,246	-4,304	-4,312	-4,286	-4,252	-4,234	-4,223	-4,218	-4,206	-4,207	-4,197	-4,190	-4,182	-4,167	-4,152	-0,138	-0,067	-0,025	0,040	0,046	0,041	0,040	0,036	0,034	0,031	0,032	0,033	0,033	0,034	0,025	0,048	11,235
2,000	-2,726	-2,782	-2,794	-2,800	-2,782	-2,766	-2,755	-2,744	-2,733	-2,728	-2,718	-2,709	-2,704	-2,693	-2,685	-0,112	-0,067	-0,039	0,008	0,029	0,035	0,038	0,040	0,035	0,034	0,031	0,029	0,027	0,022	0,016	0,038	11,667
3,000	-5,524	-5,524	-5,506	-5,431	-5,385	-5,360	-5,345	-5,341	-5,333	-5,341	-5,342	-5,335	-5,333	-5,320	-5,307	0,002	0,046	0,077	0,099	0,091	0,067	0,055	0,040	0,034	0,019	0,022	0,023	0,025	0,027	0,021	0,080	12,517
4,000	-3,118	-2,940	-2,830	-2,677	-2,621	-2,590	-2,577	-2,565	-2,557	-2,549	-2,541	-2,532	-2,523	-2,503	-2,490	0,313	0,333	0,306	0,213	0,166	0,124	0,106	0,082	0,070	0,061	0,049	0,039	0,045	0,042	0,030	0,033	12,334
5,000	-3,468	-3,220	-3,093	-2,917	-2,855	-2,819	-2,802	-2,791	-2,777	-2,773	-2,762	-2,755	-2,739	-2,718	-2,691	0,437	0,415	0,370	0,251	0,196	0,146	0,122	0,098	0,079	0,068	0,064	0,059	0,059	0,060	0,045	0,040	11,360
6,000	-2,111	-2,123	-2,111	-2,089	-2,060	-2,041	-2,034	-2,030	-2,023	-2,017	-2,011	-2,007	-2,003	-1,999	-1,993	-0,015	0,008	0,025	0,044	0,048	0,046	0,039	0,032	0,029	0,024	0,032	0,025	0,024	0,017	0,011	0,027	11,733
7,000	-1,634	-1,660	-1,659	-1,670	-1,675	-1,678	-1,682	-1,681	-1,682	-1,687	-1,690	-1,691	-1,690	-1,687	-1,683	-0,045	-0,033	-0,028	-0,016	-0,013	-0,015	-0,011	-0,010	-0,008	-0,008	-0,003	-0,002	-0,001	0,004	0,005	0,038	10,994
8,000	-5,104	-5,130	-5,129	-5,139	-5,126	-5,124	-5,123	-5,119	-5,122	-5,127	-5,125	-5,125	-5,125	-5,122	-5,121	-0,033	-0,014	-0,010	0,000	0,005	0,003	0,004	-0,003	0,006	-0,000	-0,008	0,004	-0,002	-0,001	-0,002	0,060	10,928
9,000	-2,106	-2,102	-2,114	-2,103	-2,096	-2,088	-2,084	-2,082	-2,074	-2,078	-2,070	-2,061	-2,049	-2,026	-2,007	0,026	-0,005	0,000	0,021	0,022	0,019	0,023	0,022	0,028	0,023	0,036	0,042	0,039	0,048	0,042	0,047	12,839
10,000	-1,499	-1,501	-1,482	-1,451	-1,423	-1,403	-1,396	-1,387	-1,389	-1,387	-1,381	-1,382	-1,375	-1,360	-1,350	-0,003	0,033	0,040	0,062	0,054	0,048	0,042	0,031	0,021	0,022	0,020	0,021	0,026	0,025	0,021	0,053	13,557
11,000	-2,975	-2,961	-2,951	-2,925	-2,909	-2,897	-2,888	-2,881	-2,870	-2,872	-2,863	-2,859	-2,855	-2,845	-2,837	0,012	0,021	0,031	0,040	0,041	0,034	0,036	0,033	0,030	0,025	0,023	0,025	0,022	0,022	0,013	0,038	13,389
12,000	-4,417	-4,428	-4,410	-4,400	-4,386	-4,380	-4,378	-4,377	-4,377	-4,377	-4,373	-4,366	-4,357	-4,334	-4,310	0,003	0,016	0,020	0,024	0,024	0,018	0,016	0,015	0,017	0,018	0,025	0,032	0,041	0,045	0,037	0,066	12,832
13,000	-1,939	-1,927	-1,938	-1,927	-1,922	-1,913	-1,910	-1,911	-1,905	-1,909	-1,906	-1,900	-1,888	-1,869	-1,852	0,006	-0,001	0,002	0,017	0,016	0,012	0,014	0,012	0,012	0,019	0,020	0,028	0,038	0,040	0,031	0,043	11,667
14,000	-3,315	-3,388	-3,389	-3,414	-3,404	-3,400	-3,398	-3,395	-3,393	-3,395	-3,390	-3,384	-3,379	-3,358	-3,334	-0,114	-0,072	-0,056	-0,015	-0,003	0,003	0,005	0,009	0,011	0,011	0,018	0,026	0,034	0,039	0,032	0,051	11,587
15,000	-2,279	-2,314	-2,335	-2,337	-2,333	-2,331	-2,330	-2,329	-2,326	-2,328	-2,329	-2,329	-2,320	-2,314	-2,304	-0,082	-0,058	-0,041	-0,010	-0,004	-0,004	0,000	0,002	0,002	0,005	0,006	0,011	0,016	0,018	0,014	0,060	12,048
