Device: PM2003001		2022:11:08    11:02:39,081  (DLL version: 1.20;  Status: HW:v1.02 SW:v1.3 CRC:31ED BATTERY:4154mV ST:0 ERR:0000;  MUX data; S: 92 I:143 R:200.000 C:1.094p F:)
Excitation level, V:	2,00
Voltage Channel Gain:	5
Current Channel Gain:	1
Voltmeter Range, V:	0,6
Ampermeter Range, A:	15,0m
Step Period, ms:	5
R transimp:	200
C transimp:	1,1p
Measurement Table: 	EEPROM  16

Freq, Hz	1,0k	2,0k	3,0k	7,0k	11,0k	17,0k	23,0k	31,0k	43,0k	61,0k	89,0k	127,0k	179,0k	251,0k	349,0k	1,0k	2,0k	3,0k	7,0k	11,0k	17,0k	23,0k	31,0k	43,0k	61,0k	89,0k	127,0k	179,0k	251,0k	349,0k
	run	1	2022:11:08    11:02:39,084
MUX	Re1, ohm	Re2, ohm	Re3, ohm	Re4, ohm	Re5, ohm	Re6, ohm	Re7, ohm	Re8, ohm	Re9, ohm	Re10, ohm	Re11, ohm	Re12, ohm	Re13, ohm	Re14, ohm	Re15, ohm	Im1, ohm	Im2, ohm	Im3, ohm	Im4, ohm	Im5, ohm	Im6, ohm	Im7, ohm	Im8, ohm	Im9, ohm	Im10, ohm	Im11, ohm	Im12, ohm	Im13, ohm	Im14, ohm	Im15, ohm	U, V	I, mA

0,000	-13,409	-13,561	-13,619	-13,725	-13,756	-13,774	-13,779	-13,783	-13,787	-13,795	-13,787	-13,762	-13,720	-13,635	-13,532	-0,470	-0,328	-0,258	-0,164	-0,120	-0,074	-0,050	-0,027	-0,003	0,027	0,067	0,107	0,148	0,174	0,143	0,000	0,000
1,000	-17,375	-17,397	-17,348	-17,163	-17,044	-16,945	-16,896	-16,856	-16,816	-16,787	-16,747	-16,719	-16,674	-16,607	-16,523	-0,299	-0,021	0,100	0,243	0,264	0,242	0,226	0,205	0,186	0,172	0,172	0,173	0,175	0,174	0,129	0,000	0,000
2,000	-10,165	-9,753	-9,598	-9,313	-9,178	-9,063	-9,003	-8,956	-8,901	-8,865	-8,813	-8,747	-8,677	-8,571	-8,466	0,782	0,672	0,598	0,493	0,432	0,361	0,332	0,302	0,278	0,263	0,264	0,266	0,260	0,252	0,185	0,000	0,000
3,000	-13,716	-12,674	-12,275	-11,703	-11,469	-11,310	-11,229	-11,176	-11,123	-11,097	-11,071	-11,054	-11,036	-11,001	-10,963	3,588	2,360	1,849	1,164	0,895	0,660	0,541	0,424	0,331	0,256	0,201	0,158	0,134	0,115	0,078	0,000	0,000
4,000	-4,732	-4,455	-4,255	-4,173	-4,118	-4,121	-4,117	-4,107	-4,102	-4,102	-4,082	-4,041	-3,955	-3,814	-3,634	1,887	1,199	0,796	0,397	0,267	0,194	0,162	0,144	0,133	0,155	0,186	0,236	0,294	0,322	0,264	0,000	0,000
5,000	-9,270	-8,886	-8,964	-8,882	-8,876	-8,830	-8,803	-8,798	-8,770	-8,755	-8,711	-8,643	-8,522	-8,330	-8,067	1,296	0,572	0,432	0,255	0,205	0,164	0,168	0,168	0,193	0,218	0,269	0,347	0,411	0,454	0,366	0,000	0,000
6,000	-8,823	-8,824	-8,729	-8,603	-8,502	-8,441	-8,409	-8,375	-8,337	-8,317	-8,266	-8,201	-8,118	-7,963	-7,786	-0,082	0,101	0,143	0,218	0,222	0,202	0,199	0,190	0,201	0,218	0,249	0,295	0,328	0,340	0,268	0,000	0,000
7,000	-7,040	-7,018	-6,965	-6,891	-6,830	-6,799	-6,786	-6,779	-6,758	-6,758	-6,736	-6,711	-6,684	-6,625	-6,562	0,013	0,069	0,094	0,130	0,118	0,099	0,090	0,088	0,080	0,076	0,091	0,107	0,119	0,127	0,092	0,000	0,000
8,000	-19,612	-19,775	-19,787	-19,889	-19,872	-19,919	-19,963	-19,989	-20,011	-20,065	-20,086	-20,106	-20,101	-20,063	-19,998	-0,251	-0,159	-0,149	-0,127	-0,111	-0,128	-0,139	-0,126	-0,111	-0,094	-0,055	-0,012	0,021	0,062	0,064	0,000	0,000
9,000	-9,588	-9,558	-9,498	-9,318	-9,186	-9,070	-9,007	-8,954	-8,905	-8,860	-8,804	-8,729	-8,651	-8,528	-8,382	0,039	0,142	0,196	0,320	0,337	0,314	0,301	0,281	0,269	0,260	0,277	0,285	0,302	0,303	0,225	0,000	0,000
10,000	-9,728	-9,710	-9,557	-9,379	-9,276	-9,239	-9,212	-9,190	-9,168	-9,173	-9,144	-9,110	-9,049	-8,956	-8,841	-0,005	0,229	0,234	0,254	0,208	0,172	0,150	0,139	0,122	0,133	0,154	0,177	0,208	0,219	0,175	0,000	0,000
11,000	-10,191	-10,079	-10,037	-9,883	-9,799	-9,743	-9,709	-9,687	-9,657	-9,638	-9,595	-9,543	-9,481	-9,372	-9,238	0,169	0,200	0,211	0,237	0,220	0,185	0,181	0,165	0,171	0,175	0,198	0,226	0,246	0,256	0,198	0,000	0,000
12,000	-14,647	-14,681	-14,600	-14,548	-14,491	-14,466	-14,456	-14,441	-14,426	-14,433	-14,414	-14,361	-14,309	-14,179	-14,035	0,028	0,108	0,106	0,117	0,110	0,093	0,089	0,094	0,100	0,108	0,148	0,198	0,240	0,266	0,212	0,000	0,000
13,000	-8,560	-8,540	-8,539	-8,547	-8,536	-8,520	-8,505	-8,492	-8,464	-8,436	-8,379	-8,299	-8,186	-8,019	-7,793	0,036	0,018	0,023	0,048	0,062	0,086	0,117	0,137	0,169	0,207	0,265	0,327	0,375	0,406	0,325	0,000	0,000
14,000	-11,902	-11,832	-11,888	-11,833	-11,815	-11,788	-11,772	-11,758	-11,753	-11,744	-11,721	-11,680	-11,595	-11,453	-11,249	-0,022	-0,064	0,009	0,060	0,070	0,074	0,080	0,082	0,098	0,127	0,178	0,224	0,295	0,333	0,269	0,000	0,000
15,000	-9,117	-9,211	-9,175	-9,169	-9,144	-9,138	-9,128	-9,120	-9,101	-9,102	-9,078	-9,050	-9,005	-8,936	-8,855	-0,220	-0,065	-0,053	0,015	0,028	0,044	0,052	0,062	0,067	0,083	0,102	0,119	0,145	0,158	0,122	0,000	0,000
	run	2	2022:11:08    11:02:39,131
0,000	-13,073	-13,226	-13,256	-13,359	-13,386	-13,404	-13,408	-13,411	-13,416	-13,424	-13,417	-13,394	-13,353	-13,278	-13,180	-0,461	-0,321	-0,254	-0,153	-0,103	-0,070	-0,046	-0,024	-0,007	0,020	0,060	0,098	0,133	0,163	0,131	0,000	0,000
1,000	-17,006	-17,049	-17,004	-16,864	-16,755	-16,671	-16,630	-16,588	-16,544	-16,526	-16,488	-16,460	-16,412	-16,345	-16,266	-0,352	-0,051	0,046	0,196	0,226	0,216	0,210	0,185	0,171	0,165	0,166	0,169	0,167	0,169	0,124	0,000	0,000
2,000	-10,165	-9,753	-9,598	-9,313	-9,178	-9,063	-9,003	-8,956	-8,901	-8,865	-8,813	-8,747	-8,677	-8,571	-8,466	0,782	0,672	0,598	0,493	0,432	0,361	0,332	0,302	0,278	0,263	0,264	0,266	0,260	0,252	0,185	0,000	0,000
3,000	-13,716	-12,674	-12,275	-11,703	-11,469	-11,310	-11,229	-11,176	-11,123	-11,097	-11,071	-11,054	-11,036	-11,001	-10,963	3,588	2,360	1,849	1,164	0,895	0,660	0,541	0,424	0,331	0,256	0,201	0,158	0,134	0,115	0,078	0,000	0,000
4,000	-4,732	-4,455	-4,255	-4,173	-4,118	-4,121	-4,117	-4,107	-4,102	-4,102	-4,082	-4,041	-3,955	-3,814	-3,634	1,887	1,199	0,796	0,397	0,267	0,194	0,162	0,144	0,133	0,155	0,186	0,236	0,294	0,322	0,264	0,000	0,000
5,000	-9,270	-8,886	-8,964	-8,882	-8,876	-8,830	-8,803	-8,798	-8,770	-8,755	-8,711	-8,643	-8,522	-8,330	-8,067	1,296	0,572	0,432	0,255	0,205	0,164	0,168	0,168	0,193	0,218	0,269	0,347	0,411	0,454	0,366	0,000	0,000
6,000	-8,823	-8,824	-8,729	-8,603	-8,502	-8,441	-8,409	-8,375	-8,337	-8,317	-8,266	-8,201	-8,118	-7,963	-7,786	-0,082	0,101	0,143	0,218	0,222	0,202	0,199	0,190	0,201	0,218	0,249	0,295	0,328	0,340	0,268	0,000	0,000
7,000	-7,040	-7,018	-6,965	-6,891	-6,830	-6,799	-6,786	-6,779	-6,758	-6,758	-6,736	-6,711	-6,684	-6,625	-6,562	0,013	0,069	0,094	0,130	0,118	0,099	0,090	0,088	0,080	0,076	0,091	0,107	0,119	0,127	0,092	0,000	0,000
8,000	-20,589	-20,798	-20,827	-20,957	-20,956	-21,004	-21,040	-21,064	-21,092	-21,157	-21,166	-21,186	-21,185	-21,132	-21,074	-0,271	-0,190	-0,196	-0,159	-0,138	-0,146	-0,141	-0,137	-0,113	-0,102	-0,056	-0,012	0,026	0,077	0,072	0,000	0,000
9,000	-10,267	-10,172	-10,094	-9,875	-9,719	-9,598	-9,529	-9,482	-9,413	-9,378	-9,305	-9,245	-9,158	-9,022	-8,861	0,113	0,202	0,284	0,380	0,388	0,348	0,330	0,308	0,291	0,283	0,301	0,317	0,328	0,331	0,248	0,000	0,000
10,000	-10,027	-9,988	-9,819	-9,631	-9,511	-9,480	-9,458	-9,437	-9,417	-9,420	-9,396	-9,360	-9,294	-9,195	-9,080	0,042	0,280	0,271	0,270	0,227	0,184	0,158	0,140	0,127	0,133	0,157	0,184	0,219	0,229	0,181	0,000	0,000
11,000	-10,309	-10,177	-10,121	-9,953	-9,862	-9,797	-9,769	-9,747	-9,714	-9,693	-9,652	-9,604	-9,528	-9,418	-9,281	0,184	0,229	0,237	0,256	0,234	0,197	0,188	0,175	0,175	0,178	0,199	0,241	0,257	0,267	0,204	0,000	0,000
12,000	-14,607	-14,649	-14,573	-14,527	-14,459	-14,444	-14,432	-14,425	-14,403	-14,415	-14,381	-14,343	-14,281	-14,158	-14,010	0,027	0,099	0,102	0,111	0,112	0,087	0,088	0,085	0,097	0,110	0,153	0,199	0,243	0,265	0,213	0,000	0,000
13,000	-8,400	-8,457	-8,424	-8,447	-8,433	-8,421	-8,410	-8,393	-8,364	-8,330	-8,279	-8,209	-8,103	-7,933	-7,722	-0,016	-0,001	-0,003	0,032	0,059	0,088	0,110	0,126	0,161	0,206	0,259	0,315	0,363	0,390	0,319	0,000	0,000
14,000	-11,853	-11,622	-11,803	-11,685	-11,688	-11,651	-11,633	-11,629	-11,612	-11,605	-11,592	-11,542	-11,459	-11,319	-11,119	0,133	-0,074	0,023	0,063	0,072	0,063	0,078	0,086	0,091	0,130	0,168	0,232	0,293	0,328	0,275	0,000	0,000
15,000	-8,991	-9,084	-9,059	-9,054	-9,021	-9,017	-9,008	-9,004	-8,983	-8,982	-8,967	-8,940	-8,893	-8,827	-8,752	-0,221	-0,065	-0,053	0,020	0,031	0,043	0,053	0,057	0,060	0,075	0,095	0,119	0,141	0,148	0,121	0,000	0,000
	run	3	2022:11:08    11:02:39,234
0,000	-12,954	-13,102	-13,147	-13,254	-13,276	-13,291	-13,296	-13,301	-13,302	-13,307	-13,302	-13,280	-13,235	-13,157	-13,059	-0,442	-0,314	-0,256	-0,146	-0,103	-0,068	-0,045	-0,023	0,001	0,024	0,062	0,097	0,144	0,163	0,132	0,000	0,000
1,000	-17,040	-17,077	-17,014	-16,867	-16,751	-16,657	-16,615	-16,569	-16,532	-16,506	-16,466	-16,433	-16,398	-16,326	-16,253	-0,318	-0,036	0,068	0,216	0,249	0,221	0,212	0,192	0,179	0,166	0,166	0,161	0,169	0,164	0,127	0,000	0,000
2,000	-10,067	-9,681	-9,518	-9,240	-9,102	-8,996	-8,939	-8,890	-8,836	-8,793	-8,746	-8,689	-8,616	-8,511	-8,404	0,778	0,661	0,599	0,485	0,419	0,355	0,325	0,292	0,276	0,257	0,260	0,260	0,257	0,247	0,178	0,000	0,000
3,000	-13,684	-12,648	-12,264	-11,694	-11,462	-11,301	-11,222	-11,169	-11,125	-11,090	-11,071	-11,052	-11,028	-10,997	-10,962	3,543	2,348	1,833	1,147	0,879	0,655	0,534	0,422	0,326	0,252	0,197	0,156	0,131	0,109	0,076	0,000	0,000
4,000	-4,668	-4,398	-4,193	-4,110	-4,051	-4,051	-4,051	-4,043	-4,039	-4,040	-4,015	-3,976	-3,888	-3,747	-3,568	1,866	1,180	0,799	0,400	0,268	0,196	0,164	0,142	0,133	0,151	0,186	0,240	0,295	0,323	0,263	0,000	0,000
5,000	-9,327	-8,957	-9,032	-8,955	-8,936	-8,897	-8,867	-8,863	-8,834	-8,818	-8,772	-8,693	-8,572	-8,359	-8,096	1,345	0,592	0,433	0,256	0,205	0,164	0,171	0,176	0,197	0,221	0,291	0,362	0,437	0,483	0,379	0,000	0,000
6,000	-8,844	-8,863	-8,774	-8,638	-8,542	-8,483	-8,456	-8,418	-8,379	-8,364	-8,311	-8,241	-8,150	-7,999	-7,822	-0,091	0,102	0,145	0,218	0,219	0,194	0,197	0,196	0,206	0,212	0,250	0,297	0,332	0,352	0,274	0,000	0,000
7,000	-7,223	-7,178	-7,118	-7,030	-6,967	-6,942	-6,923	-6,910	-6,895	-6,894	-6,872	-6,845	-6,815	-6,762	-6,695	0,039	0,108	0,127	0,151	0,125	0,103	0,100	0,088	0,080	0,084	0,094	0,112	0,126	0,132	0,097	0,000	0,000
8,000	-21,007	-21,204	-21,250	-21,396	-21,399	-21,446	-21,487	-21,512	-21,541	-21,601	-21,614	-21,639	-21,628	-21,582	-21,520	-0,285	-0,218	-0,236	-0,171	-0,151	-0,160	-0,142	-0,139	-0,123	-0,103	-0,057	-0,012	0,025	0,076	0,070	0,000	0,000
9,000	-10,058	-9,958	-9,864	-9,627	-9,491	-9,370	-9,311	-9,256	-9,192	-9,148	-9,092	-9,021	-8,929	-8,790	-8,628	0,137	0,226	0,300	0,377	0,374	0,341	0,327	0,299	0,288	0,286	0,295	0,317	0,335	0,336	0,261	0,000	0,000
10,000	-10,072	-10,025	-9,849	-9,657	-9,543	-9,498	-9,480	-9,461	-9,439	-9,443	-9,422	-9,388	-9,321	-9,214	-9,095	0,041	0,276	0,277	0,275	0,224	0,182	0,159	0,138	0,127	0,141	0,157	0,184	0,220	0,231	0,188	0,000	0,000
11,000	-10,235	-10,104	-10,047	-9,884	-9,789	-9,730	-9,695	-9,671	-9,636	-9,623	-9,582	-9,531	-9,458	-9,338	-9,203	0,205	0,222	0,240	0,252	0,239	0,192	0,192	0,182	0,179	0,184	0,211	0,236	0,260	0,271	0,206	0,000	0,000
12,000	-14,688	-14,728	-14,635	-14,597	-14,530	-14,509	-14,497	-14,490	-14,473	-14,483	-14,453	-14,414	-14,348	-14,229	-14,081	0,020	0,111	0,109	0,121	0,107	0,093	0,093	0,091	0,098	0,107	0,152	0,199	0,235	0,265	0,210	0,000	0,000
13,000	-8,377	-8,441	-8,411	-8,440	-8,420	-8,410	-8,398	-8,379	-8,351	-8,320	-8,266	-8,192	-8,092	-7,922	-7,709	-0,008	0,003	0,009	0,029	0,063	0,086	0,110	0,132	0,167	0,204	0,262	0,312	0,359	0,387	0,305	0,000	0,000
14,000	-11,468	-11,284	-11,388	-11,319	-11,310	-11,284	-11,262	-11,260	-11,246	-11,237	-11,221	-11,171	-11,091	-10,957	-10,767	0,089	-0,055	0,008	0,055	0,068	0,061	0,075	0,077	0,097	0,122	0,161	0,233	0,284	0,316	0,270	0,000	0,000
15,000	-8,793	-8,894	-8,860	-8,858	-8,828	-8,826	-8,822	-8,812	-8,791	-8,790	-8,773	-8,745	-8,701	-8,638	-8,560	-0,232	-0,071	-0,056	0,012	0,027	0,043	0,046	0,055	0,064	0,080	0,097	0,115	0,140	0,149	0,119	0,000	0,000
	run	4	2022:11:08    11:02:39,284
0,000	-12,954	-13,102	-13,147	-13,254	-13,276	-13,291	-13,296	-13,301	-13,302	-13,307	-13,302	-13,280	-13,235	-13,157	-13,059	-0,442	-0,314	-0,256	-0,146	-0,103	-0,068	-0,045	-0,023	0,001	0,024	0,062	0,097	0,144	0,163	0,132	0,000	0,000
1,000	-17,040	-17,077	-17,014	-16,867	-16,751	-16,657	-16,615	-16,569	-16,532	-16,506	-16,466	-16,433	-16,398	-16,326	-16,253	-0,318	-0,036	0,068	0,216	0,249	0,221	0,212	0,192	0,179	0,166	0,166	0,161	0,169	0,164	0,127	0,000	0,000
2,000	-10,067	-9,681	-9,518	-9,240	-9,102	-8,996	-8,939	-8,890	-8,836	-8,793	-8,746	-8,689	-8,616	-8,511	-8,404	0,778	0,661	0,599	0,485	0,419	0,355	0,325	0,292	0,276	0,257	0,260	0,260	0,257	0,247	0,178	0,000	0,000
3,000	-13,684	-12,648	-12,264	-11,694	-11,462	-11,301	-11,222	-11,169	-11,125	-11,090	-11,071	-11,052	-11,028	-10,997	-10,962	3,543	2,348	1,833	1,147	0,879	0,655	0,534	0,422	0,326	0,252	0,197	0,156	0,131	0,109	0,076	0,000	0,000
4,000	-4,668	-4,398	-4,193	-4,110	-4,051	-4,051	-4,051	-4,043	-4,039	-4,040	-4,015	-3,976	-3,888	-3,747	-3,568	1,866	1,180	0,799	0,400	0,268	0,196	0,164	0,142	0,133	0,151	0,186	0,240	0,295	0,323	0,263	0,000	0,000
5,000	-9,327	-8,957	-9,032	-8,955	-8,936	-8,897	-8,867	-8,863	-8,834	-8,818	-8,772	-8,693	-8,572	-8,359	-8,096	1,345	0,592	0,433	0,256	0,205	0,164	0,171	0,176	0,197	0,221	0,291	0,362	0,437	0,483	0,379	0,000	0,000
6,000	-9,068	-9,053	-8,958	-8,818	-8,720	-8,661	-8,628	-8,592	-8,563	-8,534	-8,481	-8,421	-8,325	-8,175	-7,989	-0,096	0,097	0,154	0,225	0,226	0,208	0,205	0,201	0,204	0,223	0,256	0,302	0,334	0,350	0,274	0,000	0,000
7,000	-7,260	-7,216	-7,160	-7,060	-7,011	-6,977	-6,953	-6,945	-6,934	-6,929	-6,906	-6,883	-6,853	-6,797	-6,725	0,028	0,101	0,129	0,140	0,123	0,096	0,091	0,086	0,083	0,080	0,091	0,108	0,122	0,129	0,100	0,000	0,000
8,000	-20,483	-20,717	-20,735	-20,877	-20,880	-20,931	-20,967	-20,993	-21,019	-21,078	-21,098	-21,114	-21,105	-21,062	-20,999	-0,299	-0,214	-0,222	-0,163	-0,139	-0,151	-0,142	-0,138	-0,117	-0,102	-0,057	-0,008	0,024	0,073	0,071	0,000	0,000
9,000	-9,894	-9,822	-9,752	-9,547	-9,399	-9,288	-9,223	-9,164	-9,113	-9,066	-9,006	-8,939	-8,853	-8,714	-8,558	0,089	0,183	0,257	0,365	0,370	0,336	0,318	0,296	0,282	0,284	0,291	0,312	0,323	0,326	0,250	0,000	0,000
10,000	-9,788	-9,756	-9,592	-9,401	-9,291	-9,253	-9,228	-9,204	-9,188	-9,189	-9,163	-9,123	-9,065	-8,968	-8,847	0,026	0,263	0,259	0,266	0,223	0,183	0,156	0,140	0,126	0,139	0,157	0,181	0,213	0,227	0,183	0,000	0,000
11,000	-10,144	-10,010	-9,960	-9,802	-9,710	-9,651	-9,619	-9,598	-9,567	-9,551	-9,501	-9,460	-9,388	-9,275	-9,137	0,186	0,208	0,218	0,247	0,232	0,189	0,188	0,173	0,177	0,186	0,201	0,231	0,258	0,265	0,204	0,000	0,000
12,000	-14,667	-14,697	-14,624	-14,581	-14,523	-14,501	-14,491	-14,482	-14,467	-14,475	-14,442	-14,402	-14,341	-14,222	-14,077	0,036	0,096	0,103	0,114	0,104	0,085	0,088	0,090	0,096	0,104	0,150	0,197	0,233	0,259	0,210	0,000	0,000
13,000	-8,429	-8,460	-8,439	-8,452	-8,433	-8,428	-8,408	-8,397	-8,373	-8,344	-8,280	-8,207	-8,099	-7,929	-7,704	-0,002	0,011	0,004	0,037	0,062	0,092	0,109	0,133	0,170	0,209	0,258	0,321	0,371	0,395	0,320	0,000	0,000
14,000	-11,488	-11,312	-11,421	-11,347	-11,336	-11,299	-11,284	-11,282	-11,266	-11,256	-11,231	-11,203	-11,115	-10,983	-10,794	0,096	-0,058	0,009	0,069	0,073	0,063	0,073	0,077	0,096	0,114	0,174	0,234	0,282	0,321	0,262	0,000	0,000
15,000	-8,839	-8,944	-8,904	-8,905	-8,877	-8,875	-8,861	-8,855	-8,840	-8,837	-8,819	-8,792	-8,751	-8,679	-8,600	-0,235	-0,061	-0,054	0,016	0,024	0,040	0,047	0,055	0,061	0,080	0,096	0,118	0,144	0,153	0,125	0,000	0,000
	run	5	2022:11:08    11:02:39,384
0,000	-13,338	-13,479	-13,537	-13,632	-13,660	-13,680	-13,686	-13,692	-13,692	-13,701	-13,699	-13,669	-13,626	-13,542	-13,444	-0,462	-0,317	-0,253	-0,151	-0,113	-0,075	-0,049	-0,021	-0,002	0,023	0,064	0,112	0,148	0,167	0,137	0,000	0,000
1,000	-17,431	-17,474	-17,424	-17,261	-17,137	-17,044	-16,991	-16,949	-16,905	-16,887	-16,840	-16,807	-16,765	-16,693	-16,616	-0,312	-0,021	0,095	0,241	0,259	0,241	0,224	0,206	0,190	0,171	0,175	0,177	0,169	0,171	0,131	0,000	0,000
2,000	-10,122	-9,736	-9,579	-9,287	-9,150	-9,043	-8,981	-8,934	-8,883	-8,840	-8,783	-8,727	-8,644	-8,542	-8,427	0,783	0,658	0,603	0,492	0,431	0,369	0,338	0,305	0,282	0,270	0,269	0,268	0,274	0,256	0,190	0,000	0,000
3,000	-13,940	-12,905	-12,498	-11,898	-11,668	-11,499	-11,424	-11,359	-11,314	-11,288	-11,263	-11,244	-11,223	-11,186	-11,147	3,624	2,396	1,887	1,189	0,909	0,677	0,546	0,436	0,340	0,261	0,205	0,163	0,137	0,116	0,081	0,000	0,000
4,000	-4,767	-4,500	-4,290	-4,204	-4,149	-4,155	-4,148	-4,138	-4,131	-4,142	-4,111	-4,072	-3,985	-3,837	-3,657	1,898	1,195	0,814	0,400	0,273	0,197	0,165	0,147	0,136	0,152	0,196	0,242	0,305	0,333	0,274	0,000	0,000
5,000	-9,612	-9,220	-9,298	-9,214	-9,187	-9,147	-9,119	-9,119	-9,076	-9,068	-9,020	-8,937	-8,820	-8,609	-8,341	1,327	0,590	0,428	0,255	0,211	0,178	0,176	0,180	0,206	0,226	0,294	0,365	0,438	0,480	0,386	0,000	0,000
6,000	-9,124	-9,097	-8,990	-8,847	-8,741	-8,680	-8,649	-8,615	-8,582	-8,561	-8,503	-8,442	-8,349	-8,204	-8,020	-0,057	0,134	0,181	0,239	0,237	0,207	0,213	0,196	0,197	0,214	0,255	0,297	0,330	0,346	0,270	0,000	0,000
7,000	-7,066	-7,045	-7,018	-6,936	-6,886	-6,855	-6,839	-6,830	-6,813	-6,804	-6,784	-6,765	-6,734	-6,688	-6,623	0,009	0,056	0,080	0,116	0,105	0,089	0,090	0,084	0,079	0,072	0,087	0,101	0,112	0,119	0,091	0,000	0,000
8,000	-19,886	-20,069	-20,075	-20,181	-20,168	-20,218	-20,250	-20,287	-20,304	-20,354	-20,380	-20,394	-20,390	-20,347	-20,279	-0,266	-0,167	-0,154	-0,125	-0,115	-0,129	-0,129	-0,125	-0,110	-0,098	-0,047	-0,006	0,029	0,075	0,071	0,000	0,000
9,000	-9,563	-9,545	-9,495	-9,330	-9,195	-9,083	-9,016	-8,963	-8,909	-8,870	-8,806	-8,750	-8,666	-8,533	-8,390	0,042	0,120	0,194	0,317	0,335	0,310	0,305	0,282	0,268	0,263	0,273	0,289	0,307	0,304	0,230	0,000	0,000
10,000	-9,532	-9,548	-9,390	-9,232	-9,128	-9,090	-9,066	-9,050	-9,027	-9,031	-9,002	-8,968	-8,907	-8,813	-8,702	-0,008	0,204	0,216	0,243	0,208	0,167	0,150	0,135	0,121	0,134	0,152	0,176	0,204	0,217	0,174	0,000	0,000
11,000	-10,056	-9,938	-9,902	-9,756	-9,661	-9,610	-9,576	-9,556	-9,524	-9,508	-9,469	-9,422	-9,353	-9,243	-9,114	0,160	0,186	0,204	0,226	0,218	0,182	0,179	0,165	0,164	0,174	0,193	0,224	0,245	0,255	0,195	0,000	0,000
12,000	-14,452	-14,487	-14,414	-14,369	-14,306	-14,282	-14,275	-14,268	-14,246	-14,256	-14,217	-14,187	-14,130	-14,011	-13,867	0,030	0,097	0,105	0,117	0,107	0,087	0,091	0,090	0,094	0,106	0,138	0,189	0,228	0,254	0,208	0,000	0,000
13,000	-8,401	-8,435	-8,413	-8,426	-8,419	-8,404	-8,391	-8,369	-8,345	-8,314	-8,254	-8,185	-8,077	-7,906	-7,684	-0,004	0,012	0,007	0,034	0,068	0,088	0,115	0,139	0,161	0,209	0,263	0,321	0,374	0,397	0,314	0,000	0,000
14,000	-11,719	-11,558	-11,663	-11,588	-11,586	-11,552	-11,525	-11,530	-11,513	-11,505	-11,480	-11,441	-11,359	-11,215	-11,013	0,072	-0,063	0,002	0,061	0,070	0,063	0,075	0,080	0,098	0,127	0,174	0,228	0,286	0,337	0,269	0,000	0,000
15,000	-9,041	-9,148	-9,110	-9,111	-9,083	-9,075	-9,063	-9,059	-9,038	-9,040	-9,018	-8,989	-8,944	-8,877	-8,795	-0,218	-0,069	-0,050	0,016	0,028	0,046	0,049	0,058	0,066	0,085	0,100	0,121	0,145	0,155	0,126	0,000	0,000
	run	6	2022:11:08    11:02:39,485
0,000	-13,787	-13,943	-13,999	-14,107	-14,137	-14,156	-14,167	-14,176	-14,169	-14,186	-14,174	-14,154	-14,108	-14,022	-13,915	-0,477	-0,331	-0,270	-0,165	-0,126	-0,083	-0,053	-0,029	-0,001	0,022	0,064	0,109	0,149	0,179	0,145	0,000	0,000
1,000	-18,004	-18,021	-17,955	-17,776	-17,633	-17,535	-17,488	-17,439	-17,397	-17,369	-17,328	-17,294	-17,247	-17,174	-17,077	-0,293	-0,007	0,112	0,263	0,289	0,263	0,245	0,217	0,202	0,185	0,188	0,183	0,186	0,187	0,145	0,000	0,000
2,000	-10,515	-10,118	-9,960	-9,638	-9,487	-9,373	-9,313	-9,256	-9,204	-9,160	-9,100	-9,035	-8,951	-8,832	-8,700	0,805	0,679	0,646	0,526	0,460	0,391	0,357	0,323	0,302	0,291	0,286	0,293	0,300	0,285	0,210	0,000	0,000
3,000	-14,576	-13,479	-13,020	-12,343	-12,077	-11,915	-11,825	-11,776	-11,727	-11,704	-11,677	-11,663	-11,640	-11,608	-11,578	3,738	2,545	2,034	1,276	0,972	0,712	0,576	0,448	0,353	0,264	0,201	0,160	0,127	0,110	0,077	0,000	0,000
4,000	-4,925	-4,648	-4,430	-4,349	-4,308	-4,300	-4,298	-4,289	-4,278	-4,285	-4,256	-4,210	-4,123	-3,969	-3,776	1,884	1,198	0,801	0,393	0,270	0,197	0,168	0,149	0,141	0,163	0,201	0,252	0,318	0,346	0,284	0,000	0,000
5,000	-9,564	-9,169	-9,264	-9,169	-9,151	-9,103	-9,080	-9,079	-9,043	-9,038	-8,992	-8,911	-8,790	-8,584	-8,308	1,327	0,589	0,452	0,267	0,212	0,167	0,177	0,172	0,193	0,224	0,287	0,360	0,440	0,482	0,385	0,000	0,000
6,000	-8,733	-8,727	-8,619	-8,490	-8,388	-8,336	-8,304	-8,272	-8,234	-8,214	-8,162	-8,107	-8,019	-7,874	-7,713	-0,071	0,109	0,156	0,227	0,220	0,200	0,199	0,190	0,197	0,208	0,245	0,276	0,306	0,324	0,252	0,000	0,000
7,000	-6,750	-6,731	-6,705	-6,648	-6,613	-6,588	-6,574	-6,559	-6,542	-6,545	-6,524	-6,506	-6,480	-6,437	-6,381	-0,040	0,028	0,056	0,089	0,084	0,073	0,072	0,070	0,072	0,067	0,079	0,088	0,095	0,109	0,080	0,000	0,000
8,000	-19,316	-19,499	-19,516	-19,603	-19,581	-19,634	-19,672	-19,699	-19,721	-19,774	-19,794	-19,809	-19,810	-19,763	-19,712	-0,219	-0,132	-0,135	-0,109	-0,098	-0,127	-0,124	-0,124	-0,106	-0,097	-0,050	-0,009	0,020	0,064	0,067	0,000	0,000
9,000	-9,269	-9,255	-9,211	-9,053	-8,933	-8,822	-8,759	-8,712	-8,658	-8,612	-8,557	-8,498	-8,416	-8,298	-8,158	0,040	0,103	0,170	0,292	0,315	0,299	0,289	0,270	0,262	0,253	0,265	0,276	0,290	0,290	0,219	0,000	0,000
10,000	-9,417	-9,441	-9,301	-9,172	-9,072	-9,035	-9,014	-8,997	-8,977	-8,981	-8,959	-8,926	-8,866	-8,777	-8,670	-0,041	0,184	0,171	0,205	0,179	0,149	0,139	0,129	0,110	0,118	0,139	0,162	0,193	0,202	0,164	0,000	0,000
11,000	-9,968	-9,858	-9,832	-9,695	-9,614	-9,560	-9,531	-9,514	-9,476	-9,461	-9,421	-9,378	-9,314	-9,210	-9,085	0,146	0,168	0,176	0,210	0,201	0,167	0,169	0,154	0,158	0,163	0,184	0,213	0,235	0,243	0,188	0,000	0,000
12,000	-14,148	-14,171	-14,101	-14,042	-13,980	-13,962	-13,952	-13,939	-13,923	-13,931	-13,903	-13,864	-13,807	-13,693	-13,550	0,044	0,111	0,106	0,122	0,113	0,091	0,091	0,090	0,096	0,107	0,144	0,190	0,229	0,252	0,201	0,000	0,000
13,000	-8,344	-8,364	-8,358	-8,372	-8,360	-8,347	-8,332	-8,314	-8,294	-8,261	-8,201	-8,130	-8,019	-7,862	-7,646	-0,013	0,002	0,006	0,034	0,061	0,085	0,112	0,131	0,163	0,202	0,253	0,315	0,365	0,387	0,310	0,000	0,000
14,000	-11,937	-11,788	-11,892	-11,822	-11,822	-11,776	-11,761	-11,758	-11,739	-11,730	-11,718	-11,660	-11,583	-11,425	-11,226	0,053	-0,065	-0,012	0,060	0,066	0,063	0,078	0,085	0,109	0,131	0,182	0,245	0,302	0,337	0,286	0,000	0,000
15,000	-9,360	-9,456	-9,424	-9,424	-9,387	-9,383	-9,367	-9,357	-9,337	-9,335	-9,311	-9,283	-9,237	-9,163	-9,083	-0,233	-0,068	-0,048	0,024	0,036	0,044	0,059	0,063	0,070	0,091	0,109	0,131	0,149	0,161	0,128	0,000	0,000
	run	7	2022:11:08    11:02:39,532
0,000	-14,086	-14,256	-14,309	-14,431	-14,471	-14,492	-14,506	-14,509	-14,512	-14,522	-14,509	-14,486	-14,434	-14,342	-14,222	-0,487	-0,364	-0,295	-0,187	-0,141	-0,088	-0,053	-0,032	-0,003	0,027	0,067	0,124	0,169	0,200	0,159	0,000	0,000
1,000	-19,043	-19,045	-18,961	-18,712	-18,552	-18,443	-18,384	-18,335	-18,286	-18,264	-18,214	-18,175	-18,124	-18,041	-17,943	-0,246	0,079	0,186	0,334	0,344	0,305	0,278	0,246	0,221	0,211	0,201	0,202	0,198	0,202	0,148	0,000	0,000
2,000	-10,515	-10,118	-9,960	-9,638	-9,487	-9,373	-9,313	-9,256	-9,204	-9,160	-9,100	-9,035	-8,951	-8,832	-8,700	0,805	0,679	0,646	0,526	0,460	0,391	0,357	0,323	0,302	0,291	0,286	0,293	0,300	0,285	0,210	0,000	0,000
3,000	-14,576	-13,479	-13,020	-12,343	-12,077	-11,915	-11,825	-11,776	-11,727	-11,704	-11,677	-11,663	-11,640	-11,608	-11,578	3,738	2,545	2,034	1,276	0,972	0,712	0,576	0,448	0,353	0,264	0,201	0,160	0,127	0,110	0,077	0,000	0,000
4,000	-4,925	-4,648	-4,430	-4,349	-4,308	-4,300	-4,298	-4,289	-4,278	-4,285	-4,256	-4,210	-4,123	-3,969	-3,776	1,884	1,198	0,801	0,393	0,270	0,197	0,168	0,149	0,141	0,163	0,201	0,252	0,318	0,346	0,284	0,000	0,000
5,000	-9,564	-9,169	-9,264	-9,169	-9,151	-9,103	-9,080	-9,079	-9,043	-9,038	-8,992	-8,911	-8,790	-8,584	-8,308	1,327	0,589	0,452	0,267	0,212	0,167	0,177	0,172	0,193	0,224	0,287	0,360	0,440	0,482	0,385	0,000	0,000
6,000	-8,733	-8,727	-8,619	-8,490	-8,388	-8,336	-8,304	-8,272	-8,234	-8,214	-8,162	-8,107	-8,019	-7,874	-7,713	-0,071	0,109	0,156	0,227	0,220	0,200	0,199	0,190	0,197	0,208	0,245	0,276	0,306	0,324	0,252	0,000	0,000
7,000	-6,750	-6,731	-6,705	-6,648	-6,613	-6,588	-6,574	-6,559	-6,542	-6,545	-6,524	-6,506	-6,480	-6,437	-6,381	-0,040	0,028	0,056	0,089	0,084	0,073	0,072	0,070	0,072	0,067	0,079	0,088	0,095	0,109	0,080	0,000	0,000
8,000	-19,065	-19,230	-19,211	-19,299	-19,281	-19,323	-19,352	-19,383	-19,410	-19,460	-19,477	-19,493	-19,494	-19,452	-19,402	-0,225	-0,122	-0,132	-0,102	-0,101	-0,108	-0,116	-0,119	-0,106	-0,090	-0,054	-0,009	0,013	0,059	0,059	0,000	0,000
9,000	-9,221	-9,217	-9,172	-9,034	-8,923	-8,817	-8,759	-8,711	-8,656	-8,618	-8,560	-8,502	-8,419	-8,307	-8,173	0,024	0,087	0,148	0,268	0,296	0,285	0,279	0,260	0,252	0,244	0,253	0,274	0,283	0,281	0,209	0,000	0,000
10,000	-9,187	-9,201	-9,071	-8,955	-8,872	-8,839	-8,809	-8,799	-8,779	-8,778	-8,755	-8,725	-8,671	-8,580	-8,480	-0,062	0,162	0,161	0,186	0,164	0,142	0,128	0,115	0,107	0,113	0,132	0,163	0,185	0,195	0,159	0,000	0,000
11,000	-9,737	-9,647	-9,617	-9,490	-9,417	-9,361	-9,334	-9,313	-9,282	-9,265	-9,226	-9,186	-9,118	-9,017	-8,901	0,132	0,144	0,165	0,197	0,195	0,163	0,163	0,154	0,155	0,162	0,181	0,204	0,229	0,234	0,181	0,000	0,000
12,000	-13,923	-13,957	-13,876	-13,824	-13,769	-13,749	-13,744	-13,732	-13,714	-13,724	-13,692	-13,660	-13,603	-13,485	-13,345	0,040	0,103	0,103	0,119	0,110	0,085	0,090	0,091	0,093	0,099	0,137	0,186	0,223	0,252	0,197	0,000	0,000
13,000	-8,312	-8,289	-8,306	-8,313	-8,308	-8,288	-8,279	-8,271	-8,238	-8,204	-8,159	-8,077	-7,975	-7,810	-7,598	0,009	-0,003	-0,000	0,029	0,056	0,086	0,108	0,127	0,158	0,200	0,252	0,309	0,361	0,390	0,311	0,000	0,000
14,000	-12,020	-11,933	-12,020	-11,948	-11,926	-11,895	-11,877	-11,870	-11,858	-11,839	-11,832	-11,792	-11,701	-11,549	-11,344	-0,010	-0,059	0,006	0,065	0,068	0,075	0,087	0,093	0,110	0,133	0,182	0,250	0,306	0,353	0,283	0,000	0,000
15,000	-9,435	-9,532	-9,500	-9,495	-9,461	-9,461	-9,447	-9,439	-9,422	-9,417	-9,392	-9,367	-9,314	-9,244	-9,150	-0,214	-0,066	-0,050	0,019	0,032	0,044	0,051	0,064	0,075	0,094	0,111	0,132	0,162	0,168	0,140	0,000	0,000
	run	8	2022:11:08    11:02:39,633
0,000	-14,375	-14,549	-14,604	-14,736	-14,769	-14,794	-14,809	-14,825	-14,817	-14,828	-14,818	-14,789	-14,737	-14,641	-14,518	-0,507	-0,372	-0,314	-0,189	-0,139	-0,097	-0,059	-0,035	-0,003	0,031	0,077	0,129	0,177	0,208	0,165	0,000	0,000
1,000	-19,171	-19,143	-19,051	-18,803	-18,648	-18,531	-18,464	-18,414	-18,366	-18,344	-18,299	-18,258	-18,211	-18,127	-18,027	-0,198	0,089	0,200	0,341	0,357	0,315	0,286	0,246	0,227	0,208	0,206	0,206	0,200	0,204	0,156	0,000	0,000
2,000	-11,285	-10,826	-10,622	-10,269	-10,102	-9,991	-9,924	-9,872	-9,812	-9,768	-9,701	-9,629	-9,547	-9,421	-9,286	0,911	0,806	0,732	0,588	0,500	0,418	0,389	0,342	0,318	0,299	0,312	0,313	0,309	0,301	0,221	0,000	0,000
3,000	-14,828	-13,648	-13,162	-12,440	-12,164	-11,987	-11,898	-11,843	-11,790	-11,762	-11,740	-11,721	-11,702	-11,667	-11,630	3,874	2,641	2,113	1,342	1,022	0,750	0,600	0,478	0,367	0,280	0,212	0,166	0,139	0,119	0,082	0,000	0,000
4,000	-4,954	-4,683	-4,479	-4,392	-4,335	-4,338	-4,333	-4,326	-4,317	-4,321	-4,296	-4,250	-4,154	-4,005	-3,801	1,910	1,212	0,818	0,408	0,275	0,199	0,171	0,149	0,145	0,168	0,204	0,261	0,328	0,358	0,290	0,000	0,000
5,000	-9,555	-9,173	-9,249	-9,155	-9,133	-9,101	-9,074	-9,068	-9,033	-9,019	-8,981	-8,901	-8,774	-8,568	-8,297	1,316	0,562	0,432	0,263	0,209	0,168	0,175	0,186	0,202	0,228	0,290	0,363	0,439	0,488	0,390	0,000	0,000
6,000	-8,737	-8,739	-8,644	-8,506	-8,406	-8,349	-8,305	-8,284	-8,242	-8,222	-8,172	-8,109	-8,023	-7,886	-7,722	-0,077	0,115	0,163	0,229	0,226	0,199	0,202	0,194	0,199	0,202	0,239	0,274	0,309	0,319	0,244	0,000	0,000
7,000	-6,737	-6,722	-6,697	-6,661	-6,608	-6,591	-6,576	-6,566	-6,551	-6,549	-6,531	-6,513	-6,486	-6,438	-6,390	-0,017	0,021	0,056	0,085	0,087	0,073	0,071	0,067	0,063	0,068	0,076	0,083	0,097	0,104	0,077	0,000	0,000
8,000	-19,263	-19,426	-19,397	-19,484	-19,468	-19,515	-19,548	-19,572	-19,595	-19,643	-19,667	-19,683	-19,681	-19,638	-19,588	-0,230	-0,118	-0,111	-0,101	-0,096	-0,114	-0,112	-0,114	-0,104	-0,089	-0,057	-0,007	0,017	0,065	0,060	0,000	0,000
9,000	-9,213	-9,191	-9,139	-9,007	-8,895	-8,788	-8,728	-8,680	-8,623	-8,585	-8,529	-8,468	-8,395	-8,278	-8,143	0,028	0,095	0,154	0,273	0,300	0,285	0,280	0,257	0,249	0,243	0,253	0,269	0,279	0,278	0,211	0,000	0,000
10,000	-9,148	-9,166	-9,032	-8,939	-8,856	-8,824	-8,805	-8,791	-8,770	-8,770	-8,747	-8,716	-8,664	-8,577	-8,468	-0,060	0,149	0,146	0,173	0,149	0,134	0,123	0,108	0,105	0,113	0,131	0,156	0,189	0,199	0,158	0,000	0,000
11,000	-9,739	-9,635	-9,601	-9,475	-9,400	-9,345	-9,317	-9,294	-9,265	-9,251	-9,211	-9,167	-9,105	-9,003	-8,883	0,124	0,148	0,163	0,194	0,197	0,165	0,162	0,154	0,152	0,162	0,180	0,206	0,224	0,235	0,175	0,000	0,000
12,000	-13,878	-13,919	-13,838	-13,789	-13,735	-13,715	-13,701	-13,691	-13,678	-13,686	-13,662	-13,620	-13,565	-13,448	-13,316	0,041	0,109	0,099	0,115	0,098	0,088	0,088	0,088	0,092	0,104	0,140	0,179	0,218	0,248	0,195	0,000	0,000
13,000	-8,196	-8,225	-8,217	-8,237	-8,223	-8,214	-8,201	-8,184	-8,165	-8,132	-8,081	-8,011	-7,911	-7,753	-7,550	-0,013	-0,010	-0,010	0,023	0,050	0,076	0,100	0,118	0,151	0,197	0,247	0,292	0,345	0,374	0,297	0,000	0,000
14,000	-11,756	-11,594	-11,719	-11,627	-11,641	-11,607	-11,588	-11,587	-11,566	-11,570	-11,555	-11,500	-11,408	-11,268	-11,061	0,112	-0,069	0,010	0,064	0,072	0,065	0,077	0,082	0,101	0,127	0,170	0,239	0,303	0,348	0,284	0,000	0,000
15,000	-9,327	-9,412	-9,380	-9,377	-9,338	-9,334	-9,319	-9,313	-9,290	-9,288	-9,265	-9,230	-9,179	-9,107	-9,015	-0,212	-0,072	-0,040	0,029	0,035	0,053	0,060	0,067	0,075	0,092	0,120	0,140	0,161	0,172	0,140	0,000	0,000
	run	9	2022:11:08    11:02:39,683
0,000	-14,375	-14,549	-14,604	-14,736	-14,769	-14,794	-14,809	-14,825	-14,817	-14,828	-14,818	-14,789	-14,737	-14,641	-14,518	-0,507	-0,372	-0,314	-0,189	-0,139	-0,097	-0,059	-0,035	-0,003	0,031	0,077	0,129	0,177	0,208	0,165	0,000	0,000
1,000	-19,171	-19,143	-19,051	-18,803	-18,648	-18,531	-18,464	-18,414	-18,366	-18,344	-18,299	-18,258	-18,211	-18,127	-18,027	-0,198	0,089	0,200	0,341	0,357	0,315	0,286	0,246	0,227	0,208	0,206	0,206	0,200	0,204	0,156	0,000	0,000
2,000	-11,285	-10,826	-10,622	-10,269	-10,102	-9,991	-9,924	-9,872	-9,812	-9,768	-9,701	-9,629	-9,547	-9,421	-9,286	0,911	0,806	0,732	0,588	0,500	0,418	0,389	0,342	0,318	0,299	0,312	0,313	0,309	0,301	0,221	0,000	0,000
3,000	-14,828	-13,648	-13,162	-12,440	-12,164	-11,987	-11,898	-11,843	-11,790	-11,762	-11,740	-11,721	-11,702	-11,667	-11,630	3,874	2,641	2,113	1,342	1,022	0,750	0,600	0,478	0,367	0,280	0,212	0,166	0,139	0,119	0,082	0,000	0,000
4,000	-4,954	-4,683	-4,479	-4,392	-4,335	-4,338	-4,333	-4,326	-4,317	-4,321	-4,296	-4,250	-4,154	-4,005	-3,801	1,910	1,212	0,818	0,408	0,275	0,199	0,171	0,149	0,145	0,168	0,204	0,261	0,328	0,358	0,290	0,000	0,000
5,000	-9,555	-9,173	-9,249	-9,155	-9,133	-9,101	-9,074	-9,068	-9,033	-9,019	-8,981	-8,901	-8,774	-8,568	-8,297	1,316	0,562	0,432	0,263	0,209	0,168	0,175	0,186	0,202	0,228	0,290	0,363	0,439	0,488	0,390	0,000	0,000
6,000	-8,874	-8,855	-8,756	-8,609	-8,510	-8,453	-8,426	-8,396	-8,353	-8,328	-8,282	-8,218	-8,137	-7,993	-7,825	-0,068	0,128	0,162	0,229	0,229	0,203	0,198	0,191	0,197	0,208	0,240	0,276	0,307	0,323	0,253	0,000	0,000
7,000	-6,837	-6,825	-6,795	-6,741	-6,690	-6,661	-6,642	-6,636	-6,620	-6,616	-6,603	-6,582	-6,559	-6,509	-6,458	-0,025	0,040	0,064	0,107	0,096	0,081	0,078	0,073	0,071	0,066	0,077	0,089	0,099	0,100	0,077	0,000	0,000
8,000	-19,176	-19,328	-19,344	-19,415	-19,402	-19,448	-19,487	-19,515	-19,533	-19,594	-19,614	-19,627	-19,627	-19,584	-19,533	-0,219	-0,133	-0,129	-0,114	-0,099	-0,124	-0,123	-0,121	-0,105	-0,096	-0,055	-0,016	0,016	0,067	0,054	0,000	0,000
9,000	-9,236	-9,206	-9,159	-9,010	-8,901	-8,793	-8,727	-8,676	-8,623	-8,578	-8,528	-8,469	-8,385	-8,274	-8,126	0,033	0,097	0,169	0,273	0,307	0,294	0,285	0,267	0,254	0,250	0,262	0,276	0,291	0,288	0,215	0,000	0,000
10,000	-9,296	-9,302	-9,171	-9,055	-8,955	-8,917	-8,897	-8,881	-8,857	-8,856	-8,841	-8,811	-8,751	-8,660	-8,555	-0,034	0,169	0,172	0,203	0,173	0,147	0,131	0,118	0,114	0,119	0,132	0,157	0,193	0,202	0,159	0,000	0,000
11,000	-9,821	-9,728	-9,687	-9,563	-9,483	-9,430	-9,401	-9,380	-9,346	-9,331	-9,296	-9,246	-9,186	-9,079	-8,965	0,128	0,155	0,171	0,205	0,194	0,165	0,163	0,151	0,153	0,159	0,184	0,207	0,224	0,233	0,181	0,000	0,000
12,000	-13,964	-13,989	-13,898	-13,855	-13,791	-13,773	-13,766	-13,750	-13,735	-13,739	-13,712	-13,677	-13,622	-13,504	-13,367	0,037	0,108	0,113	0,114	0,108	0,090	0,090	0,090	0,092	0,109	0,140	0,184	0,224	0,247	0,200	0,000	0,000
13,000	-8,111	-8,150	-8,143	-8,162	-8,152	-8,138	-8,125	-8,113	-8,090	-8,055	-8,004	-7,932	-7,824	-7,671	-7,469	-0,015	-0,004	-0,009	0,025	0,053	0,082	0,104	0,122	0,154	0,192	0,249	0,301	0,350	0,369	0,298	0,000	0,000
14,000	-11,607	-11,465	-11,569	-11,500	-11,499	-11,469	-11,449	-11,451	-11,440	-11,429	-11,408	-11,359	-11,266	-11,129	-10,927	0,064	-0,072	0,002	0,052	0,058	0,062	0,078	0,080	0,106	0,127	0,172	0,242	0,299	0,345	0,286	0,000	0,000
15,000	-9,310	-9,406	-9,379	-9,370	-9,341	-9,328	-9,315	-9,309	-9,287	-9,285	-9,262	-9,233	-9,182	-9,110	-9,020	-0,216	-0,063	-0,044	0,026	0,040	0,050	0,058	0,065	0,074	0,095	0,110	0,134	0,158	0,167	0,134	0,000	0,000
	run	10	2022:11:08    11:02:39,785
0,000	-13,408	-13,551	-13,599	-13,712	-13,742	-13,760	-13,771	-13,776	-13,777	-13,787	-13,779	-13,758	-13,712	-13,633	-13,533	-0,462	-0,326	-0,268	-0,157	-0,116	-0,083	-0,047	-0,030	-0,011	0,020	0,059	0,103	0,143	0,168	0,133	0,000	0,000
1,000	-17,452	-17,499	-17,436	-17,275	-17,141	-17,050	-16,995	-16,954	-16,915	-16,891	-16,851	-16,817	-16,773	-16,698	-16,622	-0,309	-0,027	0,088	0,235	0,263	0,244	0,229	0,198	0,184	0,171	0,176	0,177	0,180	0,176	0,137	0,000	0,000
2,000	-10,200	-9,805	-9,629	-9,354	-9,202	-9,100	-9,036	-8,991	-8,935	-8,897	-8,841	-8,775	-8,702	-8,596	-8,480	0,782	0,667	0,605	0,502	0,442	0,368	0,342	0,306	0,281	0,267	0,269	0,277	0,269	0,257	0,190	0,000	0,000
3,000	-14,126	-13,054	-12,634	-12,013	-11,764	-11,602	-11,526	-11,470	-11,419	-11,397	-11,373	-11,358	-11,334	-11,303	-11,263	3,648	2,440	1,933	1,213	0,926	0,680	0,553	0,438	0,338	0,259	0,205	0,159	0,130	0,113	0,078	0,000	0,000
4,000	-4,883	-4,591	-4,380	-4,295	-4,241	-4,243	-4,243	-4,231	-4,225	-4,225	-4,198	-4,164	-4,066	-3,917	-3,727	1,921	1,195	0,816	0,402	0,270	0,198	0,167	0,145	0,142	0,170	0,199	0,253	0,315	0,346	0,287	0,000	0,000
5,000	-9,713	-9,315	-9,397	-9,304	-9,288	-9,243	-9,215	-9,217	-9,181	-9,161	-9,118	-9,043	-8,918	-8,706	-8,434	1,339	0,601	0,443	0,267	0,211	0,170	0,175	0,178	0,202	0,228	0,293	0,365	0,445	0,487	0,394	0,000	0,000
6,000	-8,933	-8,930	-8,818	-8,689	-8,575	-8,518	-8,489	-8,454	-8,415	-8,393	-8,348	-8,279	-8,192	-8,047	-7,879	-0,072	0,134	0,170	0,235	0,230	0,204	0,198	0,201	0,202	0,211	0,244	0,290	0,319	0,331	0,255	0,000	0,000
7,000	-6,857	-6,862	-6,815	-6,775	-6,721	-6,689	-6,678	-6,669	-6,650	-6,654	-6,633	-6,612	-6,587	-6,537	-6,484	-0,028	0,038	0,060	0,098	0,102	0,078	0,078	0,071	0,071	0,075	0,084	0,088	0,099	0,107	0,081	0,000	0,000
8,000	-19,526	-19,681	-19,689	-19,773	-19,766	-19,812	-19,845	-19,872	-19,895	-19,954	-19,965	-19,985	-19,984	-19,940	-19,885	-0,227	-0,135	-0,124	-0,112	-0,104	-0,123	-0,117	-0,120	-0,108	-0,091	-0,057	-0,011	0,023	0,064	0,064	0,000	0,000
9,000	-9,417	-9,418	-9,361	-9,217	-9,083	-8,975	-8,916	-8,863	-8,810	-8,764	-8,700	-8,645	-8,569	-8,445	-8,305	0,019	0,112	0,179	0,301	0,318	0,308	0,295	0,274	0,263	0,252	0,268	0,279	0,294	0,293	0,223	0,000	0,000
10,000	-9,393	-9,417	-9,269	-9,141	-9,056	-9,012	-8,992	-8,976	-8,953	-8,956	-8,932	-8,900	-8,838	-8,747	-8,639	-0,044	0,169	0,175	0,205	0,183	0,153	0,133	0,122	0,114	0,120	0,139	0,169	0,194	0,208	0,170	0,000	0,000
11,000	-9,899	-9,797	-9,759	-9,621	-9,541	-9,486	-9,457	-9,432	-9,402	-9,385	-9,341	-9,297	-9,239	-9,131	-9,010	0,144	0,165	0,185	0,212	0,208	0,171	0,170	0,158	0,163	0,167	0,191	0,216	0,232	0,246	0,186	0,000	0,000
12,000	-14,075	-14,113	-14,033	-13,990	-13,925	-13,903	-13,897	-13,887	-13,871	-13,880	-13,856	-13,819	-13,754	-13,637	-13,500	0,040	0,097	0,105	0,118	0,101	0,086	0,087	0,085	0,094	0,105	0,142	0,184	0,226	0,248	0,199	0,000	0,000
13,000	-8,308	-8,309	-8,315	-8,324	-8,313	-8,302	-8,283	-8,269	-8,242	-8,213	-8,163	-8,079	-7,977	-7,814	-7,598	0,012	0,008	0,014	0,032	0,054	0,085	0,105	0,132	0,164	0,202	0,260	0,309	0,365	0,386	0,309	0,000	0,000
14,000	-11,772	-11,662	-11,739	-11,677	-11,669	-11,637	-11,619	-11,611	-11,601	-11,590	-11,578	-11,529	-11,446	-11,303	-11,104	0,019	-0,069	0,000	0,056	0,064	0,066	0,079	0,084	0,099	0,132	0,171	0,237	0,297	0,341	0,282	0,000	0,000
15,000	-9,190	-9,291	-9,265	-9,261	-9,228	-9,224	-9,212	-9,203	-9,184	-9,187	-9,161	-9,135	-9,085	-9,017	-8,936	-0,226	-0,068	-0,057	0,018	0,030	0,041	0,051	0,065	0,067	0,089	0,105	0,124	0,150	0,158	0,126	0,000	0,000
	run	11	2022:11:08    11:02:39,883
0,000	-13,137	-13,296	-13,336	-13,445	-13,468	-13,481	-13,483	-13,498	-13,489	-13,502	-13,496	-13,467	-13,428	-13,346	-13,241	-0,472	-0,325	-0,265	-0,146	-0,112	-0,069	-0,043	-0,023	0,000	0,023	0,065	0,100	0,147	0,172	0,136	0,000	0,000
1,000	-17,004	-17,059	-16,989	-16,848	-16,732	-16,641	-16,595	-16,558	-16,512	-16,489	-16,452	-16,419	-16,374	-16,304	-16,224	-0,334	-0,043	0,071	0,213	0,243	0,228	0,217	0,190	0,183	0,168	0,172	0,174	0,170	0,174	0,130	0,000	0,000
2,000	-10,148	-9,747	-9,590	-9,305	-9,155	-9,047	-8,986	-8,939	-8,880	-8,846	-8,791	-8,730	-8,658	-8,557	-8,444	0,779	0,675	0,606	0,504	0,436	0,365	0,341	0,302	0,281	0,262	0,257	0,265	0,259	0,250	0,178	0,000	0,000
3,000	-13,850	-12,809	-12,418	-11,828	-11,591	-11,424	-11,345	-11,291	-11,256	-11,217	-11,190	-11,171	-11,148	-11,112	-11,076	3,614	2,379	1,878	1,181	0,902	0,671	0,548	0,428	0,333	0,257	0,201	0,167	0,138	0,119	0,083	0,000	0,000
4,000	-4,767	-4,501	-4,298	-4,213	-4,154	-4,158	-4,152	-4,141	-4,139	-4,140	-4,119	-4,076	-3,989	-3,847	-3,663	1,877	1,186	0,797	0,389	0,266	0,194	0,167	0,140	0,137	0,153	0,189	0,238	0,302	0,330	0,268	0,000	0,000
5,000	-9,545	-9,164	-9,254	-9,166	-9,144	-9,105	-9,076	-9,073	-9,032	-9,029	-8,980	-8,900	-8,779	-8,564	-8,295	1,332	0,588	0,430	0,261	0,212	0,170	0,180	0,179	0,201	0,227	0,292	0,367	0,443	0,485	0,388	0,000	0,000
6,000	-9,019	-8,994	-8,894	-8,757	-8,650	-8,601	-8,570	-8,535	-8,497	-8,472	-8,415	-8,361	-8,271	-8,116	-7,942	-0,074	0,116	0,163	0,233	0,227	0,203	0,203	0,201	0,207	0,219	0,253	0,287	0,324	0,342	0,265	0,000	0,000
7,000	-7,095	-7,064	-7,007	-6,929	-6,872	-6,837	-6,827	-6,814	-6,797	-6,788	-6,779	-6,756	-6,724	-6,671	-6,612	0,014	0,081	0,106	0,131	0,112	0,103	0,089	0,084	0,082	0,077	0,085	0,098	0,112	0,115	0,088	0,000	0,000
8,000	-19,892	-20,074	-20,102	-20,209	-20,193	-20,241	-20,276	-20,307	-20,330	-20,392	-20,405	-20,419	-20,421	-20,378	-20,319	-0,250	-0,170	-0,160	-0,131	-0,120	-0,129	-0,130	-0,129	-0,114	-0,095	-0,059	-0,008	0,022	0,069	0,065	0,000	0,000
9,000	-9,610	-9,559	-9,497	-9,323	-9,189	-9,071	-9,009	-8,959	-8,898	-8,856	-8,799	-8,736	-8,658	-8,529	-8,383	0,052	0,140	0,204	0,332	0,350	0,317	0,308	0,280	0,267	0,261	0,269	0,287	0,307	0,303	0,227	0,000	0,000
10,000	-9,547	-9,549	-9,393	-9,255	-9,154	-9,109	-9,088	-9,069	-9,049	-9,052	-9,031	-8,995	-8,935	-8,840	-8,730	-0,038	0,190	0,196	0,226	0,197	0,165	0,143	0,127	0,119	0,127	0,150	0,173	0,206	0,213	0,174	0,000	0,000
11,000	-10,003	-9,876	-9,846	-9,699	-9,616	-9,555	-9,525	-9,501	-9,474	-9,453	-9,415	-9,368	-9,299	-9,189	-9,060	0,159	0,189	0,202	0,225	0,214	0,182	0,171	0,165	0,168	0,173	0,192	0,218	0,242	0,252	0,195	0,000	0,000
12,000	-14,349	-14,382	-14,300	-14,254	-14,194	-14,169	-14,161	-14,159	-14,138	-14,144	-14,121	-14,075	-14,016	-13,893	-13,755	0,035	0,102	0,113	0,116	0,106	0,083	0,088	0,091	0,092	0,100	0,150	0,188	0,233	0,261	0,207	0,000	0,000
13,000	-8,462	-8,506	-8,478	-8,505	-8,482	-8,471	-8,460	-8,442	-8,419	-8,384	-8,338	-8,257	-8,149	-7,979	-7,770	-0,022	0,002	0,003	0,034	0,061	0,090	0,116	0,132	0,163	0,205	0,258	0,316	0,368	0,390	0,319	0,000	0,000
14,000	-11,987	-11,811	-11,940	-11,844	-11,841	-11,804	-11,789	-11,790	-11,762	-11,760	-11,748	-11,703	-11,612	-11,477	-11,285	0,087	-0,067	0,016	0,061	0,066	0,065	0,079	0,078	0,102	0,119	0,170	0,227	0,287	0,334	0,271	0,000	0,000
15,000	-8,910	-9,005	-8,985	-8,983	-8,948	-8,944	-8,938	-8,930	-8,910	-8,909	-8,891	-8,864	-8,820	-8,747	-8,672	-0,214	-0,060	-0,049	0,016	0,025	0,044	0,049	0,054	0,063	0,078	0,101	0,118	0,141	0,154	0,122	0,000	0,000
	run	12	2022:11:08    11:02:39,933
0,000	-12,963	-13,126	-13,185	-13,284	-13,306	-13,321	-13,328	-13,334	-13,331	-13,338	-13,330	-13,309	-13,266	-13,187	-13,090	-0,442	-0,318	-0,250	-0,146	-0,107	-0,070	-0,044	-0,021	0,002	0,024	0,060	0,104	0,142	0,166	0,136	0,000	0,000
1,000	-17,013	-17,049	-17,000	-16,848	-16,720	-16,641	-16,586	-16,548	-16,507	-16,482	-16,447	-16,413	-16,373	-16,306	-16,222	-0,312	-0,042	0,076	0,213	0,245	0,226	0,214	0,191	0,180	0,158	0,168	0,163	0,166	0,165	0,125	0,000	0,000
2,000	-10,148	-9,747	-9,590	-9,305	-9,155	-9,047	-8,986	-8,939	-8,880	-8,846	-8,791	-8,730	-8,658	-8,557	-8,444	0,779	0,675	0,606	0,504	0,436	0,365	0,341	0,302	0,281	0,262	0,257	0,265	0,259	0,250	0,178	0,000	0,000
3,000	-13,850	-12,809	-12,418	-11,828	-11,591	-11,424	-11,345	-11,291	-11,256	-11,217	-11,190	-11,171	-11,148	-11,112	-11,076	3,614	2,379	1,878	1,181	0,902	0,671	0,548	0,428	0,333	0,257	0,201	0,167	0,138	0,119	0,083	0,000	0,000
4,000	-4,767	-4,501	-4,298	-4,213	-4,154	-4,158	-4,152	-4,141	-4,139	-4,140	-4,119	-4,076	-3,989	-3,847	-3,663	1,877	1,186	0,797	0,389	0,266	0,194	0,167	0,140	0,137	0,153	0,189	0,238	0,302	0,330	0,268	0,000	0,000
5,000	-9,545	-9,164	-9,254	-9,166	-9,144	-9,105	-9,076	-9,073	-9,032	-9,029	-8,980	-8,900	-8,779	-8,564	-8,295	1,332	0,588	0,430	0,261	0,212	0,170	0,180	0,179	0,201	0,227	0,292	0,367	0,443	0,485	0,388	0,000	0,000
6,000	-9,019	-8,994	-8,894	-8,757	-8,650	-8,601	-8,570	-8,535	-8,497	-8,472	-8,415	-8,361	-8,271	-8,116	-7,942	-0,074	0,116	0,163	0,233	0,227	0,203	0,203	0,201	0,207	0,219	0,253	0,287	0,324	0,342	0,265	0,000	0,000
7,000	-7,095	-7,064	-7,007	-6,929	-6,872	-6,837	-6,827	-6,814	-6,797	-6,788	-6,779	-6,756	-6,724	-6,671	-6,612	0,014	0,081	0,106	0,131	0,112	0,103	0,089	0,084	0,082	0,077	0,085	0,098	0,112	0,115	0,088	0,000	0,000
8,000	-20,082	-20,303	-20,312	-20,442	-20,439	-20,488	-20,523	-20,556	-20,580	-20,643	-20,649	-20,672	-20,673	-20,624	-20,567	-0,272	-0,198	-0,201	-0,158	-0,132	-0,142	-0,143	-0,133	-0,119	-0,099	-0,057	-0,005	0,019	0,072	0,068	0,000	0,000
9,000	-9,695	-9,630	-9,556	-9,357	-9,216	-9,104	-9,041	-8,992	-8,932	-8,891	-8,836	-8,769	-8,684	-8,551	-8,399	0,090	0,177	0,240	0,351	0,353	0,323	0,312	0,283	0,277	0,263	0,281	0,301	0,307	0,316	0,238	0,000	0,000
10,000	-9,761	-9,740	-9,577	-9,401	-9,295	-9,252	-9,231	-9,209	-9,191	-9,185	-9,167	-9,134	-9,070	-8,968	-8,856	-0,016	0,234	0,241	0,252	0,214	0,175	0,156	0,135	0,129	0,138	0,146	0,179	0,212	0,225	0,178	0,000	0,000
11,000	-10,153	-10,044	-9,997	-9,840	-9,745	-9,697	-9,664	-9,644	-9,610	-9,594	-9,543	-9,506	-9,431	-9,321	-9,187	0,176	0,199	0,217	0,232	0,226	0,185	0,182	0,169	0,169	0,178	0,201	0,225	0,250	0,264	0,201	0,000	0,000
12,000	-14,816	-14,848	-14,766	-14,713	-14,650	-14,628	-14,621	-14,612	-14,588	-14,600	-14,567	-14,524	-14,460	-14,336	-14,183	0,030	0,106	0,109	0,126	0,110	0,095	0,100	0,098	0,103	0,118	0,156	0,206	0,248	0,271	0,222	0,000	0,000
13,000	-8,529	-8,570	-8,537	-8,564	-8,543	-8,527	-8,520	-8,498	-8,474	-8,438	-8,386	-8,307	-8,203	-8,032	-7,811	-0,011	0,010	0,011	0,031	0,062	0,091	0,110	0,132	0,167	0,211	0,266	0,320	0,375	0,398	0,317	0,000	0,000
14,000	-11,768	-11,597	-11,711	-11,629	-11,634	-11,591	-11,567	-11,572	-11,555	-11,557	-11,531	-11,491	-11,411	-11,270	-11,076	0,089	-0,054	0,017	0,072	0,076	0,066	0,076	0,075	0,100	0,118	0,169	0,236	0,287	0,332	0,271	0,000	0,000
15,000	-8,853	-8,943	-8,910	-8,913	-8,882	-8,874	-8,868	-8,858	-8,839	-8,841	-8,819	-8,792	-8,747	-8,683	-8,601	-0,219	-0,064	-0,053	0,010	0,029	0,040	0,047	0,057	0,062	0,083	0,101	0,114	0,143	0,156	0,124	0,000	0,000
	run	13	2022:11:08    11:02:40,032
0,000	-13,045	-13,201	-13,251	-13,343	-13,373	-13,384	-13,394	-13,399	-13,402	-13,410	-13,398	-13,374	-13,340	-13,264	-13,165	-0,459	-0,323	-0,258	-0,149	-0,107	-0,067	-0,041	-0,031	-0,008	0,020	0,055	0,098	0,136	0,161	0,133	0,000	0,000
1,000	-17,268	-17,302	-17,254	-17,099	-16,976	-16,888	-16,838	-16,799	-16,756	-16,731	-16,697	-16,662	-16,620	-16,553	-16,476	-0,332	-0,033	0,075	0,214	0,250	0,226	0,219	0,193	0,180	0,168	0,174	0,165	0,166	0,170	0,126	0,000	0,000
2,000	-9,979	-9,566	-9,414	-9,151	-9,010	-8,908	-8,852	-8,809	-8,755	-8,718	-8,664	-8,606	-8,538	-8,439	-8,332	0,778	0,653	0,584	0,477	0,418	0,352	0,324	0,290	0,268	0,252	0,251	0,254	0,253	0,241	0,172	0,000	0,000
3,000	-13,514	-12,486	-12,102	-11,557	-11,333	-11,177	-11,097	-11,048	-10,999	-10,968	-10,947	-10,931	-10,908	-10,880	-10,842	3,538	2,321	1,802	1,124	0,864	0,646	0,524	0,412	0,326	0,252	0,198	0,154	0,129	0,114	0,078	0,000	0,000
4,000	-4,664	-4,387	-4,193	-4,109	-4,055	-4,056	-4,054	-4,047	-4,037	-4,043	-4,017	-3,981	-3,899	-3,762	-3,581	1,878	1,179	0,796	0,398	0,269	0,194	0,163	0,140	0,131	0,149	0,179	0,240	0,291	0,312	0,262	0,000	0,000
5,000	-9,287	-8,899	-8,978	-8,896	-8,876	-8,838	-8,815	-8,805	-8,773	-8,764	-8,719	-8,643	-8,520	-8,323	-8,064	1,304	0,578	0,427	0,255	0,199	0,164	0,164	0,175	0,193	0,218	0,284	0,351	0,423	0,467	0,369	0,000	0,000
6,000	-8,929	-8,925	-8,831	-8,693	-8,587	-8,535	-8,502	-8,471	-8,430	-8,418	-8,353	-8,296	-8,205	-8,056	-7,879	-0,086	0,109	0,158	0,223	0,227	0,202	0,200	0,199	0,204	0,217	0,255	0,287	0,325	0,340	0,273	0,000	0,000
7,000	-7,096	-7,078	-7,043	-6,960	-6,900	-6,868	-6,852	-6,846	-6,829	-6,824	-6,807	-6,782	-6,756	-6,700	-6,639	0,006	0,061	0,107	0,131	0,120	0,092	0,089	0,084	0,083	0,076	0,086	0,107	0,111	0,118	0,091	0,000	0,000
8,000	-20,400	-20,598	-20,632	-20,738	-20,743	-20,786	-20,828	-20,856	-20,877	-20,934	-20,954	-20,960	-20,972	-20,920	-20,853	-0,239	-0,182	-0,199	-0,144	-0,126	-0,144	-0,140	-0,131	-0,112	-0,093	-0,052	-0,006	0,029	0,074	0,069	0,000	0,000
9,000	-9,980	-9,935	-9,846	-9,649	-9,504	-9,384	-9,317	-9,271	-9,209	-9,170	-9,105	-9,039	-8,953	-8,818	-8,660	0,070	0,181	0,245	0,360	0,365	0,331	0,321	0,292	0,283	0,274	0,286	0,304	0,324	0,324	0,243	0,000	0,000
10,000	-9,963	-9,923	-9,740	-9,556	-9,447	-9,401	-9,376	-9,356	-9,335	-9,332	-9,314	-9,277	-9,214	-9,108	-8,988	0,028	0,264	0,274	0,276	0,225	0,183	0,165	0,141	0,132	0,135	0,155	0,186	0,220	0,228	0,183	0,000	0,000
11,000	-10,380	-10,250	-10,192	-10,028	-9,932	-9,875	-9,845	-9,824	-9,786	-9,770	-9,730	-9,677	-9,602	-9,487	-9,347	0,191	0,236	0,229	0,251	0,239	0,196	0,191	0,177	0,180	0,183	0,216	0,240	0,260	0,272	0,208	0,000	0,000
12,000	-14,842	-14,868	-14,792	-14,753	-14,687	-14,665	-14,662	-14,646	-14,632	-14,639	-14,612	-14,564	-14,506	-14,381	-14,238	0,025	0,100	0,096	0,112	0,108	0,088	0,090	0,089	0,096	0,112	0,149	0,198	0,238	0,265	0,215	0,000	0,000
13,000	-8,523	-8,559	-8,538	-8,557	-8,536	-8,520	-8,511	-8,490	-8,464	-8,431	-8,381	-8,296	-8,187	-8,015	-7,795	-0,013	0,014	0,012	0,036	0,060	0,091	0,116	0,140	0,173	0,208	0,267	0,319	0,380	0,397	0,323	0,000	0,000
14,000	-11,509	-11,326	-11,437	-11,354	-11,357	-11,327	-11,308	-11,307	-11,293	-11,282	-11,266	-11,219	-11,134	-10,995	-10,813	0,067	-0,055	0,015	0,066	0,063	0,064	0,085	0,078	0,096	0,119	0,167	0,225	0,282	0,325	0,273	0,000	0,000
15,000	-8,956	-9,049	-9,027	-9,022	-8,995	-8,989	-8,975	-8,967	-8,948	-8,955	-8,932	-8,902	-8,859	-8,790	-8,712	-0,226	-0,067	-0,053	0,021	0,022	0,041	0,049	0,055	0,061	0,083	0,105	0,116	0,144	0,154	0,122	0,000	0,000
	run	14	2022:11:08    11:02:40,083
0,000	-13,045	-13,201	-13,251	-13,343	-13,373	-13,384	-13,394	-13,399	-13,402	-13,410	-13,398	-13,374	-13,340	-13,264	-13,165	-0,459	-0,323	-0,258	-0,149	-0,107	-0,067	-0,041	-0,031	-0,008	0,020	0,055	0,098	0,136	0,161	0,133	0,000	0,000
1,000	-17,268	-17,302	-17,254	-17,099	-16,976	-16,888	-16,838	-16,799	-16,756	-16,731	-16,697	-16,662	-16,620	-16,553	-16,476	-0,332	-0,033	0,075	0,214	0,250	0,226	0,219	0,193	0,180	0,168	0,174	0,165	0,166	0,170	0,126	0,000	0,000
2,000	-9,979	-9,566	-9,414	-9,151	-9,010	-8,908	-8,852	-8,809	-8,755	-8,718	-8,664	-8,606	-8,538	-8,439	-8,332	0,778	0,653	0,584	0,477	0,418	0,352	0,324	0,290	0,268	0,252	0,251	0,254	0,253	0,241	0,172	0,000	0,000
3,000	-13,514	-12,486	-12,102	-11,557	-11,333	-11,177	-11,097	-11,048	-10,999	-10,968	-10,947	-10,931	-10,908	-10,880	-10,842	3,538	2,321	1,802	1,124	0,864	0,646	0,524	0,412	0,326	0,252	0,198	0,154	0,129	0,114	0,078	0,000	0,000
4,000	-4,664	-4,387	-4,193	-4,109	-4,055	-4,056	-4,054	-4,047	-4,037	-4,043	-4,017	-3,981	-3,899	-3,762	-3,581	1,878	1,179	0,796	0,398	0,269	0,194	0,163	0,140	0,131	0,149	0,179	0,240	0,291	0,312	0,262	0,000	0,000
5,000	-9,287	-8,899	-8,978	-8,896	-8,876	-8,838	-8,815	-8,805	-8,773	-8,764	-8,719	-8,643	-8,520	-8,323	-8,064	1,304	0,578	0,427	0,255	0,199	0,164	0,164	0,175	0,193	0,218	0,284	0,351	0,423	0,467	0,369	0,000	0,000
6,000	-8,860	-8,852	-8,755	-8,628	-8,532	-8,468	-8,439	-8,405	-8,368	-8,348	-8,300	-8,233	-8,149	-7,999	-7,828	-0,086	0,103	0,158	0,222	0,219	0,200	0,197	0,196	0,195	0,216	0,246	0,286	0,319	0,335	0,264	0,000	0,000
7,000	-7,027	-7,029	-6,971	-6,885	-6,838	-6,805	-6,793	-6,783	-6,765	-6,762	-6,743	-6,720	-6,688	-6,635	-6,574	0,005	0,075	0,106	0,129	0,113	0,101	0,089	0,087	0,077	0,085	0,088	0,104	0,115	0,123	0,091	0,000	0,000
8,000	-20,368	-20,555	-20,577	-20,706	-20,695	-20,747	-20,783	-20,810	-20,836	-20,900	-20,910	-20,928	-20,925	-20,874	-20,815	-0,280	-0,188	-0,194	-0,141	-0,125	-0,143	-0,140	-0,137	-0,108	-0,101	-0,052	-0,007	0,027	0,074	0,067	0,000	0,000
9,000	-9,943	-9,871	-9,792	-9,585	-9,438	-9,319	-9,256	-9,209	-9,144	-9,104	-9,041	-8,977	-8,884	-8,751	-8,591	0,088	0,191	0,260	0,358	0,370	0,336	0,320	0,297	0,278	0,284	0,295	0,308	0,330	0,329	0,248	0,000	0,000
10,000	-10,008	-9,948	-9,773	-9,574	-9,462	-9,420	-9,398	-9,382	-9,362	-9,371	-9,340	-9,303	-9,236	-9,140	-9,021	0,040	0,285	0,284	0,280	0,227	0,188	0,162	0,147	0,129	0,141	0,154	0,184	0,215	0,227	0,180	0,000	0,000
11,000	-10,306	-10,170	-10,120	-9,958	-9,872	-9,813	-9,776	-9,758	-9,722	-9,709	-9,664	-9,617	-9,544	-9,431	-9,294	0,192	0,219	0,237	0,248	0,231	0,188	0,188	0,174	0,172	0,179	0,201	0,232	0,255	0,268	0,206	0,000	0,000
12,000	-14,782	-14,818	-14,736	-14,687	-14,626	-14,607	-14,600	-14,589	-14,574	-14,580	-14,553	-14,511	-14,447	-14,329	-14,182	0,023	0,091	0,103	0,115	0,103	0,089	0,089	0,091	0,098	0,111	0,152	0,196	0,239	0,260	0,209	0,000	0,000
13,000	-8,375	-8,405	-8,387	-8,406	-8,388	-8,378	-8,361	-8,348	-8,325	-8,289	-8,236	-8,155	-8,049	-7,879	-7,662	0,001	0,008	0,008	0,033	0,057	0,092	0,112	0,135	0,166	0,205	0,264	0,325	0,374	0,394	0,314	0,000	0,000
14,000	-11,622	-11,446	-11,556	-11,491	-11,488	-11,446	-11,430	-11,428	-11,415	-11,407	-11,396	-11,344	-11,260	-11,119	-10,925	0,061	-0,060	0,020	0,058	0,070	0,064	0,079	0,078	0,099	0,124	0,177	0,235	0,288	0,332	0,280	0,000	0,000
15,000	-9,079	-9,193	-9,141	-9,152	-9,118	-9,114	-9,099	-9,090	-9,068	-9,070	-9,047	-9,022	-8,979	-8,909	-8,827	-0,236	-0,072	-0,057	0,018	0,033	0,040	0,053	0,062	0,067	0,083	0,101	0,120	0,146	0,157	0,124	0,000	0,000
	run	15	2022:11:08    11:02:40,185
0,000	-13,584	-13,748	-13,795	-13,906	-13,934	-13,959	-13,956	-13,970	-13,965	-13,981	-13,969	-13,944	-13,900	-13,808	-13,703	-0,469	-0,338	-0,272	-0,161	-0,117	-0,079	-0,048	-0,028	0,000	0,026	0,066	0,111	0,152	0,175	0,148	0,000	0,000
1,000	-17,867	-17,889	-17,823	-17,640	-17,502	-17,404	-17,351	-17,307	-17,263	-17,236	-17,201	-17,166	-17,119	-17,039	-16,961	-0,301	0,007	0,108	0,260	0,287	0,259	0,245	0,213	0,197	0,181	0,183	0,181	0,179	0,184	0,139	0,000	0,000
2,000	-10,502	-10,086	-9,932	-9,600	-9,449	-9,340	-9,275	-9,224	-9,168	-9,121	-9,064	-8,999	-8,917	-8,809	-8,681	0,802	0,696	0,651	0,537	0,462	0,388	0,354	0,319	0,298	0,282	0,284	0,282	0,291	0,276	0,208	0,000	0,000
3,000	-14,239	-13,152	-12,736	-12,091	-11,833	-11,668	-11,588	-11,523	-11,480	-11,450	-11,429	-11,409	-11,391	-11,364	-11,336	3,675	2,480	1,962	1,241	0,949	0,701	0,564	0,448	0,347	0,260	0,195	0,153	0,123	0,106	0,067	0,000	0,000
4,000	-4,696	-4,422	-4,227	-4,133	-4,081	-4,084	-4,080	-4,075	-4,065	-4,072	-4,047	-4,005	-3,922	-3,780	-3,606	1,866	1,168	0,800	0,399	0,268	0,197	0,162	0,140	0,134	0,151	0,184	0,237	0,292	0,320	0,264	0,000	0,000
5,000	-9,336	-8,945	-9,026	-8,946	-8,927	-8,889	-8,868	-8,858	-8,827	-8,812	-8,770	-8,690	-8,579	-8,372	-8,114	1,296	0,581	0,427	0,252	0,204	0,159	0,172	0,173	0,192	0,210	0,278	0,349	0,421	0,470	0,375	0,000	0,000
6,000	-8,802	-8,792	-8,704	-8,563	-8,465	-8,409	-8,377	-8,351	-8,308	-8,290	-8,231	-8,174	-8,089	-7,945	-7,767	-0,083	0,112	0,158	0,233	0,224	0,201	0,199	0,196	0,201	0,212	0,251	0,285	0,315	0,338	0,256	0,000	0,000
7,000	-7,037	-6,990	-6,954	-6,867	-6,820	-6,787	-6,773	-6,762	-6,745	-6,739	-6,725	-6,701	-6,675	-6,624	-6,564	0,042	0,068	0,097	0,128	0,112	0,089	0,092	0,079	0,079	0,074	0,088	0,099	0,110	0,115	0,090	0,000	0,000
8,000	-20,076	-20,262	-20,276	-20,399	-20,395	-20,447	-20,486	-20,510	-20,532	-20,590	-20,609	-20,627	-20,629	-20,583	-20,522	-0,264	-0,176	-0,187	-0,138	-0,127	-0,143	-0,132	-0,131	-0,115	-0,104	-0,057	-0,020	0,018	0,066	0,065	0,000	0,000
9,000	-9,772	-9,722	-9,646	-9,454	-9,316	-9,198	-9,135	-9,089	-9,028	-8,986	-8,927	-8,863	-8,773	-8,647	-8,496	0,089	0,167	0,237	0,348	0,352	0,328	0,312	0,290	0,276	0,265	0,277	0,298	0,310	0,310	0,236	0,000	0,000
10,000	-9,682	-9,664	-9,517	-9,345	-9,236	-9,192	-9,165	-9,152	-9,132	-9,126	-9,105	-9,067	-9,011	-8,920	-8,800	-0,007	0,231	0,228	0,249	0,208	0,176	0,148	0,134	0,124	0,135	0,154	0,175	0,207	0,223	0,174	0,000	0,000
11,000	-10,060	-9,944	-9,897	-9,747	-9,659	-9,598	-9,569	-9,548	-9,514	-9,498	-9,460	-9,412	-9,342	-9,233	-9,101	0,166	0,195	0,202	0,230	0,220	0,184	0,182	0,172	0,167	0,174	0,197	0,225	0,246	0,255	0,196	0,000	0,000
12,000	-14,450	-14,470	-14,396	-14,352	-14,289	-14,266	-14,259	-14,249	-14,230	-14,239	-14,210	-14,169	-14,117	-13,995	-13,851	0,039	0,095	0,106	0,119	0,104	0,091	0,085	0,084	0,095	0,112	0,150	0,191	0,230	0,256	0,205	0,000	0,000
13,000	-8,438	-8,459	-8,443	-8,459	-8,446	-8,431	-8,419	-8,402	-8,377	-8,347	-8,289	-8,211	-8,102	-7,935	-7,717	0,015	0,010	0,011	0,033	0,063	0,084	0,115	0,133	0,164	0,205	0,265	0,322	0,370	0,395	0,314	0,000	0,000
14,000	-11,909	-11,756	-11,840	-11,763	-11,768	-11,730	-11,716	-11,708	-11,697	-11,688	-11,673	-11,632	-11,542	-11,396	-11,197	0,035	-0,056	0,001	0,065	0,071	0,066	0,087	0,081	0,102	0,126	0,168	0,231	0,289	0,334	0,277	0,000	0,000
15,000	-9,190	-9,282	-9,246	-9,251	-9,219	-9,208	-9,194	-9,190	-9,166	-9,170	-9,149	-9,122	-9,076	-9,004	-8,916	-0,219	-0,061	-0,055	0,019	0,028	0,039	0,051	0,058	0,071	0,085	0,105	0,125	0,148	0,161	0,129	0,000	0,000
	run	16	2022:11:08    11:02:40,285
0,000	-13,639	-13,805	-13,864	-13,975	-14,009	-14,020	-14,029	-14,038	-14,038	-14,051	-14,038	-14,014	-13,969	-13,878	-13,770	-0,456	-0,338	-0,280	-0,160	-0,121	-0,082	-0,053	-0,028	-0,003	0,021	0,067	0,114	0,160	0,181	0,153	0,000	0,000
1,000	-18,192	-18,200	-18,129	-17,929	-17,792	-17,685	-17,630	-17,584	-17,541	-17,516	-17,475	-17,433	-17,385	-17,314	-17,221	-0,290	0,023	0,139	0,285	0,307	0,271	0,255	0,220	0,206	0,189	0,195	0,191	0,189	0,189	0,144	0,000	0,000
2,000	-10,694	-10,284	-10,093	-9,767	-9,606	-9,496	-9,429	-9,377	-9,322	-9,288	-9,222	-9,159	-9,071	-8,958	-8,835	0,816	0,729	0,671	0,547	0,479	0,397	0,368	0,331	0,303	0,287	0,285	0,290	0,286	0,277	0,202	0,000	0,000
3,000	-14,567	-13,458	-13,010	-12,323	-12,054	-11,881	-11,803	-11,742	-11,693	-11,668	-11,640	-11,622	-11,600	-11,571	-11,533	3,760	2,548	2,034	1,296	0,981	0,725	0,584	0,458	0,355	0,271	0,213	0,164	0,137	0,115	0,079	0,000	0,000
4,000	-4,951	-4,657	-4,454	-4,369	-4,313	-4,315	-4,319	-4,301	-4,297	-4,298	-4,277	-4,230	-4,138	-3,982	-3,789	1,920	1,217	0,815	0,402	0,276	0,204	0,169	0,152	0,141	0,164	0,201	0,259	0,325	0,351	0,288	0,000	0,000
5,000	-9,713	-9,330	-9,417	-9,315	-9,290	-9,252	-9,225	-9,220	-9,190	-9,180	-9,130	-9,054	-8,929	-8,712	-8,437	1,329	0,587	0,448	0,268	0,209	0,171	0,179	0,179	0,196	0,229	0,294	0,370	0,450	0,492	0,401	0,000	0,000
6,000	-9,002	-8,988	-8,877	-8,736	-8,626	-8,570	-8,532	-8,506	-8,462	-8,440	-8,393	-8,333	-8,248	-8,103	-7,936	-0,057	0,129	0,174	0,240	0,229	0,209	0,208	0,200	0,209	0,216	0,245	0,283	0,311	0,333	0,258	0,000	0,000
7,000	-6,820	-6,796	-6,775	-6,727	-6,685	-6,653	-6,643	-6,637	-6,612	-6,619	-6,601	-6,581	-6,557	-6,510	-6,456	-0,030	0,029	0,044	0,094	0,085	0,069	0,076	0,066	0,066	0,060	0,071	0,080	0,093	0,101	0,070	0,000	0,000
8,000	-19,585	-19,752	-19,750	-19,856	-19,849	-19,889	-19,932	-19,950	-19,981	-20,033	-20,052	-20,067	-20,070	-20,025	-19,968	-0,231	-0,150	-0,155	-0,117	-0,109	-0,132	-0,128	-0,126	-0,109	-0,093	-0,056	-0,013	0,024	0,065	0,064	0,000	0,000
9,000	-9,405	-9,382	-9,325	-9,172	-9,045	-8,931	-8,865	-8,819	-8,756	-8,718	-8,662	-8,605	-8,524	-8,403	-8,264	0,044	0,106	0,182	0,307	0,325	0,300	0,297	0,276	0,258	0,255	0,266	0,284	0,295	0,289	0,215	0,000	0,000
10,000	-9,217	-9,233	-9,101	-9,003	-8,907	-8,873	-8,851	-8,835	-8,818	-8,817	-8,792	-8,763	-8,708	-8,618	-8,510	-0,055	0,152	0,150	0,188	0,163	0,142	0,129	0,114	0,108	0,115	0,134	0,156	0,192	0,202	0,163	0,000	0,000
11,000	-9,704	-9,603	-9,572	-9,445	-9,370	-9,314	-9,281	-9,262	-9,232	-9,211	-9,173	-9,129	-9,069	-8,965	-8,845	0,130	0,155	0,166	0,199	0,200	0,166	0,160	0,155	0,160	0,165	0,186	0,211	0,231	0,239	0,185	0,000	0,000
12,000	-13,989	-14,006	-13,931	-13,883	-13,828	-13,807	-13,804	-13,791	-13,776	-13,778	-13,753	-13,716	-13,655	-13,541	-13,405	0,037	0,099	0,100	0,111	0,105	0,084	0,090	0,088	0,094	0,104	0,144	0,187	0,223	0,244	0,199	0,000	0,000
13,000	-8,341	-8,335	-8,340	-8,349	-8,346	-8,327	-8,317	-8,298	-8,274	-8,243	-8,196	-8,119	-8,010	-7,850	-7,640	-0,001	-0,001	0,009	0,034	0,054	0,082	0,108	0,128	0,159	0,199	0,254	0,305	0,354	0,380	0,308	0,000	0,000
14,000	-11,952	-11,808	-11,898	-11,821	-11,819	-11,785	-11,762	-11,761	-11,744	-11,738	-11,723	-11,675	-11,586	-11,443	-11,248	0,016	-0,061	0,009	0,058	0,068	0,067	0,088	0,083	0,097	0,130	0,180	0,243	0,299	0,336	0,271	0,000	0,000
15,000	-9,223	-9,317	-9,281	-9,280	-9,242	-9,241	-9,232	-9,222	-9,204	-9,203	-9,181	-9,151	-9,107	-9,031	-8,945	-0,210	-0,061	-0,043	0,016	0,030	0,044	0,050	0,064	0,065	0,083	0,110	0,127	0,153	0,164	0,132	0,000	0,000
	run	17	2022:11:08    11:02:40,332
0,000	-13,869	-14,036	-14,081	-14,199	-14,234	-14,257	-14,271	-14,277	-14,275	-14,283	-14,275	-14,248	-14,205	-14,117	-14,001	-0,465	-0,337	-0,279	-0,174	-0,126	-0,087	-0,053	-0,037	-0,002	0,024	0,065	0,110	0,161	0,186	0,149	0,000	0,000
1,000	-18,354	-18,355	-18,289	-18,087	-17,943	-17,835	-17,779	-17,733	-17,692	-17,665	-17,621	-17,585	-17,532	-17,456	-17,368	-0,270	0,029	0,149	0,294	0,314	0,278	0,254	0,225	0,210	0,192	0,193	0,191	0,191	0,195	0,147	0,000	0,000
2,000	-10,694	-10,284	-10,093	-9,767	-9,606	-9,496	-9,429	-9,377	-9,322	-9,288	-9,222	-9,159	-9,071	-8,958	-8,835	0,816	0,729	0,671	0,547	0,479	0,397	0,368	0,331	0,303	0,287	0,285	0,290	0,286	0,277	0,202	0,000	0,000
3,000	-14,567	-13,458	-13,010	-12,323	-12,054	-11,881	-11,803	-11,742	-11,693	-11,668	-11,640	-11,622	-11,600	-11,571	-11,533	3,760	2,548	2,034	1,296	0,981	0,725	0,584	0,458	0,355	0,271	0,213	0,164	0,137	0,115	0,079	0,000	0,000
4,000	-4,951	-4,657	-4,454	-4,369	-4,313	-4,315	-4,319	-4,301	-4,297	-4,298	-4,277	-4,230	-4,138	-3,982	-3,789	1,920	1,217	0,815	0,402	0,276	0,204	0,169	0,152	0,141	0,164	0,201	0,259	0,325	0,351	0,288	0,000	0,000
5,000	-9,713	-9,330	-9,417	-9,315	-9,290	-9,252	-9,225	-9,220	-9,190	-9,180	-9,130	-9,054	-8,929	-8,712	-8,437	1,329	0,587	0,448	0,268	0,209	0,171	0,179	0,179	0,196	0,229	0,294	0,370	0,450	0,492	0,401	0,000	0,000
6,000	-9,002	-8,988	-8,877	-8,736	-8,626	-8,570	-8,532	-8,506	-8,462	-8,440	-8,393	-8,333	-8,248	-8,103	-7,936	-0,057	0,129	0,174	0,240	0,229	0,209	0,208	0,200	0,209	0,216	0,245	0,283	0,311	0,333	0,258	0,000	0,000
7,000	-6,820	-6,796	-6,775	-6,727	-6,685	-6,653	-6,643	-6,637	-6,612	-6,619	-6,601	-6,581	-6,557	-6,510	-6,456	-0,030	0,029	0,044	0,094	0,085	0,069	0,076	0,066	0,066	0,060	0,071	0,080	0,093	0,101	0,070	0,000	0,000
8,000	-19,060	-19,212	-19,202	-19,278	-19,255	-19,300	-19,331	-19,356	-19,380	-19,432	-19,449	-19,467	-19,469	-19,418	-19,370	-0,218	-0,124	-0,124	-0,085	-0,087	-0,111	-0,114	-0,107	-0,099	-0,090	-0,041	-0,005	0,021	0,063	0,057	0,000	0,000
9,000	-9,025	-9,018	-8,972	-8,858	-8,754	-8,652	-8,589	-8,545	-8,490	-8,445	-8,393	-8,337	-8,263	-8,145	-8,008	0,012	0,078	0,141	0,255	0,281	0,272	0,267	0,253	0,241	0,241	0,254	0,266	0,277	0,286	0,212	0,000	0,000
10,000	-9,129	-9,151	-9,027	-8,924	-8,836	-8,802	-8,780	-8,763	-8,745	-8,744	-8,726	-8,697	-8,637	-8,553	-8,451	-0,058	0,157	0,146	0,174	0,152	0,137	0,123	0,109	0,104	0,113	0,125	0,155	0,186	0,195	0,160	0,000	0,000
11,000	-9,770	-9,683	-9,647	-9,524	-9,451	-9,397	-9,371	-9,353	-9,322	-9,316	-9,269	-9,228	-9,162	-9,060	-8,943	0,123	0,142	0,160	0,193	0,183	0,162	0,164	0,151	0,150	0,157	0,177	0,205	0,225	0,231	0,179	0,000	0,000
12,000	-13,928	-13,953	-13,877	-13,827	-13,769	-13,748	-13,741	-13,730	-13,714	-13,721	-13,692	-13,657	-13,599	-13,480	-13,347	0,040	0,108	0,109	0,120	0,108	0,085	0,091	0,086	0,094	0,104	0,142	0,185	0,221	0,249	0,201	0,000	0,000
13,000	-8,191	-8,242	-8,219	-8,234	-8,230	-8,214	-8,205	-8,181	-8,164	-8,132	-8,082	-8,007	-7,899	-7,736	-7,533	-0,020	-0,008	-0,002	0,027	0,053	0,081	0,104	0,126	0,156	0,195	0,247	0,305	0,355	0,379	0,303	0,000	0,000
14,000	-11,761	-11,596	-11,719	-11,644	-11,637	-11,601	-11,579	-11,584	-11,574	-11,558	-11,540	-11,492	-11,409	-11,259	-11,058	0,076	-0,067	0,004	0,054	0,064	0,063	0,083	0,080	0,104	0,131	0,178	0,243	0,303	0,336	0,279	0,000	0,000
15,000	-9,282	-9,388	-9,344	-9,344	-9,313	-9,298	-9,290	-9,279	-9,257	-9,257	-9,234	-9,205	-9,161	-9,084	-9,002	-0,226	-0,066	-0,046	0,027	0,038	0,052	0,063	0,067	0,070	0,091	0,108	0,128	0,153	0,163	0,132	0,000	0,000
	run	18	2022:11:08    11:02:40,432
0,000	-13,910	-14,086	-14,129	-14,259	-14,289	-14,315	-14,322	-14,336	-14,331	-14,343	-14,333	-14,306	-14,259	-14,171	-14,061	-0,488	-0,352	-0,284	-0,178	-0,131	-0,090	-0,055	-0,030	-0,002	0,025	0,064	0,118	0,164	0,184	0,150	0,000	0,000
1,000	-18,599	-18,603	-18,538	-18,315	-18,158	-18,057	-17,992	-17,950	-17,906	-17,877	-17,831	-17,793	-17,749	-17,669	-17,582	-0,252	0,044	0,164	0,309	0,321	0,288	0,267	0,233	0,214	0,192	0,196	0,195	0,194	0,193	0,152	0,000	0,000
2,000	-10,909	-10,486	-10,300	-9,952	-9,791	-9,679	-9,605	-9,558	-9,501	-9,460	-9,395	-9,323	-9,239	-9,116	-8,984	0,843	0,745	0,690	0,565	0,487	0,408	0,372	0,338	0,312	0,300	0,302	0,311	0,305	0,299	0,218	0,000	0,000
3,000	-14,864	-13,684	-13,227	-12,496	-12,227	-12,063	-11,977	-11,922	-11,869	-11,842	-11,814	-11,796	-11,780	-11,748	-11,714	3,824	2,629	2,096	1,323	1,006	0,743	0,598	0,465	0,364	0,279	0,211	0,168	0,136	0,115	0,081	0,000	0,000
4,000	-5,028	-4,742	-4,521	-4,436	-4,383	-4,386	-4,379	-4,367	-4,364	-4,363	-4,338	-4,297	-4,199	-4,036	-3,837	1,919	1,221	0,816	0,414	0,276	0,206	0,172	0,150	0,142	0,174	0,209	0,265	0,327	0,358	0,296	0,000	0,000
5,000	-9,767	-9,376	-9,458	-9,371	-9,337	-9,303	-9,272	-9,274	-9,239	-9,231	-9,190	-9,099	-8,985	-8,763	-8,491	1,337	0,608	0,448	0,268	0,219	0,174	0,183	0,180	0,206	0,226	0,299	0,371	0,446	0,488	0,395	0,000	0,000
6,000	-9,052	-9,031	-8,924	-8,770	-8,661	-8,602	-8,574	-8,542	-8,497	-8,483	-8,423	-8,364	-8,277	-8,137	-7,965	-0,049	0,142	0,190	0,252	0,237	0,211	0,207	0,198	0,200	0,214	0,247	0,289	0,314	0,332	0,261	0,000	0,000
7,000	-6,821	-6,813	-6,790	-6,748	-6,692	-6,675	-6,657	-6,648	-6,630	-6,632	-6,609	-6,594	-6,574	-6,522	-6,476	-0,026	0,029	0,040	0,090	0,092	0,075	0,079	0,071	0,064	0,066	0,076	0,088	0,095	0,097	0,077	0,000	0,000
8,000	-18,942	-19,123	-19,108	-19,175	-19,163	-19,204	-19,242	-19,264	-19,290	-19,338	-19,356	-19,370	-19,372	-19,332	-19,276	-0,252	-0,122	-0,121	-0,094	-0,087	-0,110	-0,113	-0,111	-0,104	-0,093	-0,047	-0,003	0,024	0,072	0,065	0,000	0,000
9,000	-9,078	-9,085	-9,028	-8,922	-8,805	-8,708	-8,650	-8,602	-8,547	-8,509	-8,453	-8,400	-8,323	-8,208	-8,071	0,011	0,084	0,135	0,256	0,280	0,272	0,266	0,250	0,239	0,240	0,251	0,268	0,277	0,278	0,208	0,000	0,000
10,000	-9,213	-9,240	-9,108	-8,989	-8,902	-8,865	-8,844	-8,829	-8,809	-8,809	-8,786	-8,757	-8,696	-8,610	-8,507	-0,062	0,160	0,157	0,191	0,168	0,149	0,130	0,115	0,106	0,115	0,136	0,161	0,187	0,200	0,162	0,000	0,000
11,000	-9,844	-9,751	-9,718	-9,590	-9,514	-9,461	-9,430	-9,411	-9,380	-9,363	-9,328	-9,282	-9,218	-9,117	-9,000	0,138	0,154	0,173	0,198	0,197	0,167	0,161	0,150	0,155	0,162	0,183	0,207	0,228	0,234	0,179	0,000	0,000
12,000	-13,882	-13,890	-13,817	-13,770	-13,708	-13,683	-13,680	-13,668	-13,650	-13,662	-13,629	-13,595	-13,541	-13,428	-13,294	0,050	0,107	0,110	0,115	0,105	0,090	0,091	0,087	0,094	0,101	0,142	0,182	0,215	0,239	0,193	0,000	0,000
13,000	-8,189	-8,190	-8,191	-8,211	-8,202	-8,191	-8,177	-8,165	-8,133	-8,100	-8,059	-7,975	-7,873	-7,715	-7,510	0,005	-0,004	0,000	0,027	0,051	0,082	0,104	0,125	0,153	0,195	0,250	0,304	0,353	0,374	0,300	0,000	0,000
14,000	-11,669	-11,533	-11,618	-11,543	-11,545	-11,519	-11,496	-11,495	-11,483	-11,473	-11,453	-11,404	-11,327	-11,178	-10,973	0,004	-0,067	0,002	0,052	0,059	0,065	0,078	0,085	0,102	0,116	0,172	0,231	0,298	0,329	0,282	0,000	0,000
15,000	-9,282	-9,370	-9,339	-9,340	-9,305	-9,300	-9,289	-9,276	-9,258	-9,257	-9,235	-9,208	-9,158	-9,082	-8,996	-0,211	-0,065	-0,049	0,027	0,036	0,048	0,057	0,066	0,074	0,089	0,112	0,128	0,157	0,166	0,136	0,000	0,000
	run	19	2022:11:08    11:02:40,484
0,000	-13,910	-14,086	-14,129	-14,259	-14,289	-14,315	-14,322	-14,336	-14,331	-14,343	-14,333	-14,306	-14,259	-14,171	-14,061	-0,488	-0,352	-0,284	-0,178	-0,131	-0,090	-0,055	-0,030	-0,002	0,025	0,064	0,118	0,164	0,184	0,150	0,000	0,000
1,000	-18,599	-18,603	-18,538	-18,315	-18,158	-18,057	-17,992	-17,950	-17,906	-17,877	-17,831	-17,793	-17,749	-17,669	-17,582	-0,252	0,044	0,164	0,309	0,321	0,288	0,267	0,233	0,214	0,192	0,196	0,195	0,194	0,193	0,152	0,000	0,000
2,000	-10,909	-10,486	-10,300	-9,952	-9,791	-9,679	-9,605	-9,558	-9,501	-9,460	-9,395	-9,323	-9,239	-9,116	-8,984	0,843	0,745	0,690	0,565	0,487	0,408	0,372	0,338	0,312	0,300	0,302	0,311	0,305	0,299	0,218	0,000	0,000
3,000	-14,864	-13,684	-13,227	-12,496	-12,227	-12,063	-11,977	-11,922	-11,869	-11,842	-11,814	-11,796	-11,780	-11,748	-11,714	3,824	2,629	2,096	1,323	1,006	0,743	0,598	0,465	0,364	0,279	0,211	0,168	0,136	0,115	0,081	0,000	0,000
4,000	-5,028	-4,742	-4,521	-4,436	-4,383	-4,386	-4,379	-4,367	-4,364	-4,363	-4,338	-4,297	-4,199	-4,036	-3,837	1,919	1,221	0,816	0,414	0,276	0,206	0,172	0,150	0,142	0,174	0,209	0,265	0,327	0,358	0,296	0,000	0,000
5,000	-9,767	-9,376	-9,458	-9,371	-9,337	-9,303	-9,272	-9,274	-9,239	-9,231	-9,190	-9,099	-8,985	-8,763	-8,491	1,337	0,608	0,448	0,268	0,219	0,174	0,183	0,180	0,206	0,226	0,299	0,371	0,446	0,488	0,395	0,000	0,000
6,000	-8,972	-8,954	-8,844	-8,706	-8,599	-8,546	-8,514	-8,482	-8,439	-8,425	-8,369	-8,307	-8,221	-8,076	-7,901	-0,070	0,124	0,166	0,234	0,230	0,203	0,206	0,201	0,204	0,210	0,247	0,279	0,318	0,336	0,262	0,000	0,000
7,000	-6,817	-6,814	-6,774	-6,728	-6,683	-6,653	-6,638	-6,629	-6,607	-6,606	-6,588	-6,570	-6,548	-6,494	-6,450	-0,030	0,041	0,050	0,100	0,090	0,076	0,083	0,075	0,074	0,070	0,079	0,090	0,099	0,106	0,083	0,000	0,000
8,000	-19,463	-19,644	-19,648	-19,737	-19,714	-19,765	-19,795	-19,823	-19,854	-19,906	-19,922	-19,946	-19,936	-19,898	-19,841	-0,226	-0,149	-0,130	-0,113	-0,103	-0,124	-0,125	-0,118	-0,111	-0,095	-0,054	-0,013	0,019	0,061	0,060	0,000	0,000
9,000	-9,372	-9,336	-9,282	-9,133	-9,002	-8,892	-8,831	-8,785	-8,726	-8,681	-8,631	-8,571	-8,489	-8,371	-8,233	0,033	0,112	0,175	0,293	0,319	0,299	0,292	0,270	0,261	0,259	0,264	0,281	0,290	0,285	0,216	0,000	0,000
10,000	-9,300	-9,310	-9,179	-9,064	-8,974	-8,935	-8,914	-8,897	-8,882	-8,878	-8,860	-8,830	-8,769	-8,680	-8,569	-0,043	0,168	0,163	0,191	0,171	0,150	0,129	0,122	0,112	0,115	0,140	0,162	0,191	0,205	0,165	0,000	0,000
11,000	-9,763	-9,658	-9,625	-9,494	-9,410	-9,355	-9,328	-9,305	-9,275	-9,260	-9,219	-9,175	-9,110	-9,008	-8,889	0,135	0,157	0,176	0,208	0,201	0,169	0,167	0,156	0,158	0,162	0,184	0,209	0,228	0,241	0,184	0,000	0,000
12,000	-13,991	-14,007	-13,939	-13,894	-13,837	-13,813	-13,809	-13,795	-13,783	-13,790	-13,754	-13,724	-13,668	-13,553	-13,417	0,033	0,103	0,101	0,113	0,103	0,085	0,089	0,088	0,093	0,106	0,140	0,188	0,218	0,248	0,197	0,000	0,000
13,000	-8,196	-8,240	-8,217	-8,236	-8,224	-8,210	-8,202	-8,189	-8,159	-8,129	-8,079	-8,007	-7,903	-7,740	-7,539	-0,022	-0,002	0,005	0,023	0,053	0,083	0,104	0,124	0,156	0,191	0,250	0,301	0,351	0,371	0,300	0,000	0,000
14,000	-11,788	-11,583	-11,704	-11,626	-11,630	-11,592	-11,568	-11,571	-11,561	-11,553	-11,540	-11,487	-11,405	-11,258	-11,060	0,070	-0,062	0,006	0,062	0,061	0,062	0,080	0,083	0,101	0,127	0,176	0,242	0,295	0,340	0,277	0,000	0,000
15,000	-9,211	-9,308	-9,278	-9,276	-9,245	-9,236	-9,230	-9,219	-9,193	-9,193	-9,166	-9,142	-9,093	-9,019	-8,931	-0,206	-0,066	-0,051	0,025	0,033	0,044	0,055	0,063	0,074	0,087	0,111	0,130	0,157	0,163	0,132	0,000	0,000
	run	20	2022:11:08    11:02:40,586
0,000	-13,561	-13,725	-13,778	-13,888	-13,920	-13,938	-13,947	-13,956	-13,952	-13,965	-13,955	-13,930	-13,885	-13,801	-13,691	-0,458	-0,340	-0,267	-0,169	-0,123	-0,076	-0,052	-0,031	-0,002	0,019	0,064	0,111	0,152	0,181	0,147	0,000	0,000
1,000	-17,928	-17,967	-17,898	-17,722	-17,577	-17,480	-17,424	-17,378	-17,332	-17,313	-17,270	-17,229	-17,191	-17,118	-17,031	-0,291	0,015	0,105	0,267	0,290	0,259	0,235	0,215	0,201	0,178	0,183	0,182	0,182	0,179	0,132	0,000	0,000
2,000	-10,433	-10,022	-9,857	-9,539	-9,391	-9,282	-9,224	-9,173	-9,115	-9,072	-9,011	-8,951	-8,872	-8,761	-8,640	0,801	0,690	0,633	0,521	0,458	0,386	0,351	0,315	0,295	0,280	0,275	0,286	0,286	0,273	0,200	0,000	0,000
3,000	-14,080	-13,020	-12,601	-11,973	-11,724	-11,564	-11,482	-11,427	-11,380	-11,351	-11,321	-11,312	-11,290	-11,259	-11,226	3,669	2,438	1,931	1,221	0,937	0,691	0,557	0,439	0,343	0,266	0,201	0,154	0,129	0,109	0,072	0,000	0,000
4,000	-4,930	-4,639	-4,429	-4,347	-4,285	-4,289	-4,290	-4,276	-4,271	-4,279	-4,250	-4,200	-4,116	-3,957	-3,765	1,897	1,206	0,815	0,397	0,273	0,199	0,171	0,148	0,143	0,159	0,201	0,255	0,315	0,346	0,287	0,000	0,000
5,000	-9,453	-9,065	-9,148	-9,063	-9,046	-9,002	-8,971	-8,969	-8,937	-8,921	-8,878	-8,808	-8,688	-8,484	-8,219	1,307	0,576	0,433	0,257	0,206	0,168	0,177	0,173	0,193	0,222	0,280	0,356	0,433	0,473	0,384	0,000	0,000
6,000	-8,777	-8,784	-8,694	-8,559	-8,464	-8,401	-8,370	-8,343	-8,301	-8,283	-8,234	-8,172	-8,082	-7,940	-7,763	-0,083	0,120	0,150	0,220	0,224	0,202	0,200	0,195	0,201	0,209	0,240	0,278	0,315	0,335	0,255	0,000	0,000
7,000	-6,917	-6,893	-6,868	-6,790	-6,743	-6,713	-6,698	-6,690	-6,673	-6,670	-6,652	-6,633	-6,609	-6,551	-6,497	-0,028	0,055	0,076	0,112	0,107	0,086	0,084	0,079	0,076	0,074	0,082	0,092	0,102	0,112	0,087	0,000	0,000
8,000	-19,801	-19,981	-19,984	-20,096	-20,092	-20,139	-20,173	-20,205	-20,236	-20,288	-20,303	-20,319	-20,324	-20,278	-20,224	-0,234	-0,156	-0,154	-0,134	-0,125	-0,137	-0,139	-0,132	-0,118	-0,097	-0,059	-0,016	0,021	0,056	0,063	0,000	0,000
9,000	-9,668	-9,615	-9,550	-9,372	-9,225	-9,106	-9,042	-8,993	-8,937	-8,895	-8,837	-8,773	-8,694	-8,572	-8,427	0,062	0,149	0,222	0,338	0,349	0,321	0,309	0,283	0,264	0,262	0,270	0,288	0,299	0,302	0,225	0,000	0,000
10,000	-9,520	-9,523	-9,380	-9,240	-9,146	-9,106	-9,082	-9,062	-9,044	-9,042	-9,020	-8,989	-8,928	-8,835	-8,726	-0,031	0,182	0,186	0,219	0,187	0,161	0,147	0,131	0,119	0,122	0,144	0,168	0,197	0,209	0,173	0,000	0,000
11,000	-9,951	-9,841	-9,803	-9,660	-9,573	-9,509	-9,484	-9,462	-9,432	-9,413	-9,374	-9,330	-9,257	-9,158	-9,030	0,146	0,180	0,197	0,221	0,216	0,179	0,178	0,165	0,168	0,174	0,196	0,222	0,238	0,246	0,190	0,000	0,000
12,000	-14,236	-14,265	-14,187	-14,137	-14,076	-14,055	-14,045	-14,034	-14,016	-14,032	-13,997	-13,957	-13,900	-13,779	-13,638	0,035	0,104	0,113	0,118	0,109	0,092	0,088	0,088	0,090	0,109	0,147	0,191	0,225	0,252	0,205	0,000	0,000
13,000	-8,349	-8,385	-8,367	-8,381	-8,368	-8,358	-8,344	-8,327	-8,303	-8,268	-8,216	-8,137	-8,033	-7,864	-7,653	-0,015	0,002	0,000	0,030	0,062	0,085	0,111	0,132	0,163	0,203	0,262	0,311	0,363	0,387	0,311	0,000	0,000
14,000	-11,811	-11,651	-11,752	-11,684	-11,678	-11,642	-11,620	-11,625	-11,608	-11,599	-11,580	-11,536	-11,453	-11,313	-11,109	0,068	-0,040	-0,003	0,059	0,065	0,064	0,075	0,081	0,103	0,125	0,169	0,244	0,293	0,328	0,273	0,000	0,000
15,000	-9,182	-9,267	-9,234	-9,236	-9,205	-9,194	-9,184	-9,176	-9,155	-9,150	-9,131	-9,106	-9,056	-8,984	-8,900	-0,208	-0,063	-0,052	0,022	0,029	0,042	0,059	0,062	0,071	0,087	0,106	0,128	0,152	0,159	0,131	0,000	0,000
	run	21	2022:11:08    11:02:40,687
0,000	-13,303	-13,464	-13,517	-13,619	-13,649	-13,660	-13,669	-13,682	-13,679	-13,685	-13,678	-13,658	-13,614	-13,534	-13,435	-0,473	-0,329	-0,253	-0,155	-0,111	-0,075	-0,046	-0,028	-0,000	0,027	0,065	0,100	0,146	0,168	0,137	0,000	0,000
1,000	-17,189	-17,243	-17,184	-17,027	-16,896	-16,808	-16,760	-16,722	-16,674	-16,652	-16,618	-16,586	-16,549	-16,477	-16,399	-0,298	-0,024	0,079	0,229	0,253	0,234	0,223	0,201	0,183	0,165	0,170	0,169	0,166	0,165	0,127	0,000	0,000
2,000	-9,948	-9,546	-9,397	-9,124	-8,994	-8,898	-8,835	-8,786	-8,737	-8,696	-8,640	-8,584	-8,514	-8,408	-8,295	0,754	0,643	0,586	0,473	0,410	0,359	0,327	0,287	0,274	0,258	0,259	0,263	0,265	0,256	0,186	0,000	0,000
3,000	-13,416	-12,397	-12,024	-11,485	-11,267	-11,117	-11,036	-10,987	-10,937	-10,908	-10,885	-10,869	-10,843	-10,812	-10,775	3,555	2,310	1,796	1,114	0,858	0,636	0,521	0,413	0,317	0,248	0,194	0,156	0,128	0,112	0,076	0,000	0,000
4,000	-4,657	-4,378	-4,173	-4,090	-4,036	-4,039	-4,034	-4,022	-4,013	-4,022	-4,003	-3,955	-3,873	-3,736	-3,558	1,854	1,185	0,795	0,395	0,266	0,197	0,164	0,142	0,132	0,149	0,189	0,228	0,291	0,318	0,260	0,000	0,000
5,000	-9,343	-8,960	-9,035	-8,959	-8,937	-8,901	-8,874	-8,870	-8,833	-8,824	-8,785	-8,702	-8,585	-8,378	-8,119	1,311	0,587	0,434	0,263	0,201	0,161	0,172	0,178	0,196	0,216	0,277	0,359	0,426	0,466	0,375	0,000	0,000
6,000	-8,938	-8,942	-8,828	-8,697	-8,595	-8,531	-8,499	-8,471	-8,429	-8,410	-8,362	-8,299	-8,210	-8,064	-7,885	-0,084	0,118	0,162	0,230	0,227	0,201	0,203	0,195	0,202	0,212	0,245	0,291	0,318	0,343	0,262	0,000	0,000
7,000	-6,999	-6,995	-6,945	-6,874	-6,820	-6,793	-6,774	-6,769	-6,746	-6,742	-6,731	-6,705	-6,684	-6,627	-6,572	-0,011	0,068	0,083	0,124	0,104	0,091	0,087	0,081	0,076	0,074	0,081	0,096	0,108	0,109	0,079	0,000	0,000
8,000	-19,959	-20,131	-20,139	-20,260	-20,245	-20,292	-20,331	-20,360	-20,384	-20,441	-20,460	-20,469	-20,471	-20,426	-20,369	-0,256	-0,162	-0,179	-0,136	-0,122	-0,138	-0,131	-0,128	-0,116	-0,097	-0,055	-0,011	0,017	0,072	0,069	0,000	0,000
9,000	-9,680	-9,629	-9,552	-9,377	-9,244	-9,125	-9,056	-9,013	-8,952	-8,907	-8,849	-8,784	-8,704	-8,576	-8,424	0,066	0,143	0,225	0,334	0,345	0,321	0,309	0,286	0,271	0,271	0,277	0,297	0,306	0,306	0,230	0,000	0,000
10,000	-9,732	-9,719	-9,565	-9,396	-9,291	-9,250	-9,222	-9,203	-9,188	-9,187	-9,157	-9,126	-9,068	-8,974	-8,853	-0,013	0,232	0,237	0,253	0,208	0,178	0,151	0,144	0,126	0,130	0,155	0,178	0,200	0,217	0,174	0,000	0,000
11,000	-10,176	-10,044	-10,003	-9,856	-9,765	-9,711	-9,677	-9,657	-9,621	-9,604	-9,565	-9,515	-9,447	-9,336	-9,207	0,177	0,199	0,207	0,236	0,220	0,184	0,183	0,170	0,169	0,170	0,196	0,221	0,245	0,257	0,198	0,000	0,000
12,000	-14,571	-14,585	-14,511	-14,462	-14,405	-14,380	-14,372	-14,357	-14,339	-14,363	-14,321	-14,284	-14,220	-14,096	-13,954	0,034	0,103	0,113	0,113	0,107	0,093	0,086	0,096	0,101	0,113	0,153	0,191	0,236	0,264	0,206	0,000	0,000
13,000	-8,498	-8,511	-8,501	-8,518	-8,495	-8,479	-8,467	-8,453	-8,433	-8,394	-8,339	-8,260	-8,154	-7,980	-7,763	0,009	0,016	0,012	0,046	0,065	0,090	0,122	0,134	0,166	0,208	0,269	0,325	0,372	0,404	0,321	0,000	0,000
14,000	-11,942	-11,746	-11,856	-11,775	-11,775	-11,740	-11,723	-11,724	-11,707	-11,699	-11,677	-11,645	-11,551	-11,410	-11,210	0,026	-0,063	0,002	0,061	0,079	0,071	0,082	0,082	0,098	0,140	0,177	0,233	0,292	0,338	0,278	0,000	0,000
15,000	-9,105	-9,190	-9,165	-9,163	-9,137	-9,125	-9,118	-9,105	-9,089	-9,088	-9,064	-9,041	-8,995	-8,926	-8,846	-0,217	-0,068	-0,046	0,017	0,027	0,039	0,052	0,057	0,067	0,080	0,104	0,123	0,144	0,156	0,129	0,000	0,000
	run	22	2022:11:08    11:02:40,732
0,000	-13,069	-13,212	-13,255	-13,357	-13,383	-13,394	-13,403	-13,408	-13,407	-13,421	-13,406	-13,388	-13,345	-13,265	-13,163	-0,458	-0,323	-0,257	-0,150	-0,101	-0,069	-0,042	-0,025	0,000	0,023	0,057	0,102	0,140	0,164	0,134	0,000	0,000
1,000	-16,974	-17,015	-16,964	-16,822	-16,703	-16,621	-16,566	-16,529	-16,484	-16,460	-16,431	-16,392	-16,351	-16,286	-16,205	-0,328	-0,047	0,057	0,202	0,238	0,217	0,218	0,187	0,178	0,166	0,163	0,162	0,162	0,167	0,126	0,000	0,000
2,000	-9,948	-9,546	-9,397	-9,124	-8,994	-8,898	-8,835	-8,786	-8,737	-8,696	-8,640	-8,584	-8,514	-8,408	-8,295	0,754	0,643	0,586	0,473	0,410	0,359	0,327	0,287	0,274	0,258	0,259	0,263	0,265	0,256	0,186	0,000	0,000
3,000	-13,416	-12,397	-12,024	-11,485	-11,267	-11,117	-11,036	-10,987	-10,937	-10,908	-10,885	-10,869	-10,843	-10,812	-10,775	3,555	2,310	1,796	1,114	0,858	0,636	0,521	0,413	0,317	0,248	0,194	0,156	0,128	0,112	0,076	0,000	0,000
4,000	-4,657	-4,378	-4,173	-4,090	-4,036	-4,039	-4,034	-4,022	-4,013	-4,022	-4,003	-3,955	-3,873	-3,736	-3,558	1,854	1,185	0,795	0,395	0,266	0,197	0,164	0,142	0,132	0,149	0,189	0,228	0,291	0,318	0,260	0,000	0,000
5,000	-9,343	-8,960	-9,035	-8,959	-8,937	-8,901	-8,874	-8,870	-8,833	-8,824	-8,785	-8,702	-8,585	-8,378	-8,119	1,311	0,587	0,434	0,263	0,201	0,161	0,172	0,178	0,196	0,216	0,277	0,359	0,426	0,466	0,375	0,000	0,000
6,000	-8,938	-8,942	-8,828	-8,697	-8,595	-8,531	-8,499	-8,471	-8,429	-8,410	-8,362	-8,299	-8,210	-8,064	-7,885	-0,084	0,118	0,162	0,230	0,227	0,201	0,203	0,195	0,202	0,212	0,245	0,291	0,318	0,343	0,262	0,000	0,000
7,000	-6,999	-6,995	-6,945	-6,874	-6,820	-6,793	-6,774	-6,769	-6,746	-6,742	-6,731	-6,705	-6,684	-6,627	-6,572	-0,011	0,068	0,083	0,124	0,104	0,091	0,087	0,081	0,076	0,074	0,081	0,096	0,108	0,109	0,079	0,000	0,000
8,000	-20,017	-20,202	-20,219	-20,327	-20,320	-20,367	-20,407	-20,430	-20,454	-20,510	-20,529	-20,542	-20,544	-20,491	-20,431	-0,241	-0,163	-0,173	-0,132	-0,125	-0,133	-0,133	-0,122	-0,116	-0,098	-0,053	-0,001	0,032	0,072	0,067	0,000	0,000
9,000	-9,738	-9,684	-9,631	-9,447	-9,317	-9,195	-9,134	-9,076	-9,024	-8,973	-8,921	-8,854	-8,771	-8,644	-8,487	0,058	0,134	0,210	0,331	0,345	0,324	0,314	0,288	0,277	0,271	0,281	0,302	0,312	0,315	0,237	0,000	0,000
10,000	-9,738	-9,713	-9,557	-9,374	-9,265	-9,223	-9,201	-9,179	-9,158	-9,160	-9,132	-9,101	-9,035	-8,938	-8,824	-0,007	0,242	0,255	0,264	0,216	0,180	0,158	0,141	0,132	0,138	0,157	0,180	0,212	0,224	0,184	0,000	0,000
11,000	-10,238	-10,112	-10,054	-9,909	-9,817	-9,761	-9,727	-9,704	-9,673	-9,663	-9,613	-9,565	-9,497	-9,380	-9,245	0,182	0,217	0,222	0,241	0,228	0,189	0,183	0,166	0,172	0,180	0,202	0,233	0,257	0,262	0,206	0,000	0,000
12,000	-14,862	-14,894	-14,817	-14,761	-14,696	-14,678	-14,668	-14,660	-14,644	-14,646	-14,617	-14,577	-14,515	-14,387	-14,245	0,022	0,101	0,106	0,113	0,111	0,090	0,094	0,096	0,098	0,109	0,152	0,206	0,239	0,265	0,214	0,000	0,000
13,000	-8,577	-8,615	-8,585	-8,615	-8,589	-8,580	-8,567	-8,543	-8,517	-8,481	-8,431	-8,346	-8,241	-8,068	-7,842	-0,008	0,013	0,020	0,040	0,066	0,096	0,113	0,137	0,169	0,213	0,265	0,328	0,380	0,408	0,325	0,000	0,000
14,000	-11,898	-11,716	-11,826	-11,732	-11,726	-11,694	-11,671	-11,678	-11,654	-11,659	-11,627	-11,579	-11,498	-11,362	-11,173	0,062	-0,055	0,014	0,056	0,068	0,058	0,078	0,088	0,106	0,122	0,173	0,237	0,284	0,322	0,282	0,000	0,000
15,000	-8,983	-9,075	-9,036	-9,032	-9,011	-9,001	-8,989	-8,983	-8,964	-8,963	-8,948	-8,920	-8,872	-8,803	-8,727	-0,202	-0,056	-0,046	0,020	0,028	0,041	0,050	0,054	0,062	0,080	0,098	0,115	0,145	0,153	0,123	0,000	0,000
	run	23	2022:11:08    11:02:40,840
0,000	-13,042	-13,170	-13,232	-13,328	-13,361	-13,370	-13,378	-13,385	-13,381	-13,397	-13,383	-13,365	-13,323	-13,242	-13,142	-0,443	-0,320	-0,248	-0,144	-0,105	-0,072	-0,044	-0,024	0,001	0,022	0,064	0,100	0,142	0,163	0,135	0,000	0,000
1,000	-17,084	-17,141	-17,082	-16,933	-16,811	-16,726	-16,674	-16,633	-16,592	-16,571	-16,533	-16,497	-16,455	-16,390	-16,308	-0,317	-0,037	0,074	0,225	0,242	0,228	0,211	0,189	0,181	0,165	0,168	0,166	0,167	0,165	0,125	0,000	0,000
2,000	-10,071	-9,675	-9,525	-9,234	-9,092	-8,996	-8,936	-8,886	-8,835	-8,797	-8,739	-8,683	-8,604	-8,506	-8,391	0,771	0,661	0,593	0,489	0,426	0,357	0,335	0,294	0,277	0,262	0,260	0,265	0,264	0,254	0,182	0,000	0,000
3,000	-13,812	-12,769	-12,382	-11,803	-11,561	-11,405	-11,322	-11,266	-11,223	-11,193	-11,167	-11,150	-11,130	-11,097	-11,062	3,582	2,375	1,863	1,168	0,896	0,667	0,539	0,430	0,331	0,257	0,197	0,157	0,129	0,108	0,073	0,000	0,000
4,000	-4,736	-4,478	-4,272	-4,188	-4,133	-4,133	-4,135	-4,122	-4,116	-4,122	-4,096	-4,052	-3,973	-3,826	-3,641	1,879	1,196	0,795	0,396	0,267	0,199	0,161	0,143	0,139	0,156	0,188	0,238	0,301	0,325	0,271	0,000	0,000
5,000	-9,489	-9,115	-9,207	-9,116	-9,091	-9,054	-9,027	-9,019	-8,990	-8,982	-8,944	-8,852	-8,740	-8,528	-8,258	1,343	0,582	0,442	0,266	0,203	0,167	0,181	0,181	0,199	0,224	0,292	0,361	0,438	0,481	0,379	0,000	0,000
6,000	-9,033	-9,027	-8,929	-8,790	-8,680	-8,627	-8,593	-8,562	-8,525	-8,500	-8,448	-8,387	-8,297	-8,144	-7,967	-0,079	0,130	0,164	0,231	0,230	0,205	0,210	0,201	0,204	0,219	0,259	0,291	0,324	0,344	0,268	0,000	0,000
7,000	-7,096	-7,075	-7,035	-6,950	-6,898	-6,871	-6,848	-6,837	-6,822	-6,817	-6,798	-6,778	-6,746	-6,696	-6,639	0,003	0,062	0,097	0,130	0,113	0,095	0,089	0,084	0,080	0,077	0,085	0,099	0,108	0,118	0,087	0,000	0,000
8,000	-20,080	-20,283	-20,284	-20,402	-20,401	-20,445	-20,485	-20,516	-20,541	-20,598	-20,617	-20,626	-20,632	-20,584	-20,522	-0,228	-0,172	-0,183	-0,143	-0,121	-0,140	-0,136	-0,133	-0,108	-0,093	-0,052	-0,005	0,021	0,072	0,061	0,000	0,000
9,000	-9,721	-9,658	-9,591	-9,397	-9,260	-9,145	-9,074	-9,031	-8,966	-8,924	-8,874	-8,806	-8,716	-8,589	-8,435	0,054	0,165	0,240	0,344	0,354	0,328	0,314	0,283	0,275	0,266	0,283	0,305	0,316	0,318	0,237	0,000	0,000
10,000	-9,764	-9,737	-9,571	-9,387	-9,279	-9,237	-9,217	-9,199	-9,176	-9,178	-9,154	-9,120	-9,054	-8,956	-8,842	-0,003	0,249	0,247	0,263	0,213	0,176	0,153	0,144	0,129	0,134	0,156	0,179	0,211	0,220	0,176	0,000	0,000
11,000	-10,174	-10,046	-9,997	-9,845	-9,758	-9,696	-9,668	-9,648	-9,615	-9,592	-9,553	-9,504	-9,435	-9,320	-9,188	0,182	0,207	0,217	0,234	0,222	0,186	0,182	0,166	0,166	0,175	0,204	0,229	0,252	0,265	0,202	0,000	0,000
12,000	-14,734	-14,767	-14,690	-14,643	-14,585	-14,563	-14,553	-14,541	-14,524	-14,538	-14,500	-14,460	-14,400	-14,278	-14,133	0,023	0,100	0,102	0,116	0,108	0,088	0,092	0,092	0,102	0,108	0,152	0,199	0,235	0,262	0,214	0,000	0,000
13,000	-8,486	-8,528	-8,506	-8,525	-8,506	-8,495	-8,480	-8,461	-8,437	-8,408	-8,346	-8,274	-8,161	-7,993	-7,767	0,001	0,010	0,006	0,036	0,064	0,090	0,112	0,138	0,170	0,207	0,264	0,318	0,377	0,400	0,318	0,000	0,000
14,000	-11,672	-11,483	-11,594	-11,512	-11,512	-11,478	-11,459	-11,460	-11,443	-11,431	-11,411	-11,375	-11,291	-11,147	-10,965	0,045	-0,049	0,008	0,061	0,066	0,064	0,076	0,079	0,098	0,116	0,173	0,228	0,291	0,327	0,265	0,000	0,000
15,000	-8,906	-8,999	-8,969	-8,967	-8,933	-8,932	-8,925	-8,912	-8,895	-8,897	-8,876	-8,842	-8,803	-8,734	-8,657	-0,219	-0,071	-0,041	0,015	0,028	0,041	0,048	0,059	0,063	0,077	0,100	0,118	0,142	0,150	0,123	0,000	0,000
	run	24	2022:11:08    11:02:40,883
0,000	-13,042	-13,170	-13,232	-13,328	-13,361	-13,370	-13,378	-13,385	-13,381	-13,397	-13,383	-13,365	-13,323	-13,242	-13,142	-0,443	-0,320	-0,248	-0,144	-0,105	-0,072	-0,044	-0,024	0,001	0,022	0,064	0,100	0,142	0,163	0,135	0,000	0,000
1,000	-17,084	-17,141	-17,082	-16,933	-16,811	-16,726	-16,674	-16,633	-16,592	-16,571	-16,533	-16,497	-16,455	-16,390	-16,308	-0,317	-0,037	0,074	0,225	0,242	0,228	0,211	0,189	0,181	0,165	0,168	0,166	0,167	0,165	0,125	0,000	0,000
2,000	-10,071	-9,675	-9,525	-9,234	-9,092	-8,996	-8,936	-8,886	-8,835	-8,797	-8,739	-8,683	-8,604	-8,506	-8,391	0,771	0,661	0,593	0,489	0,426	0,357	0,335	0,294	0,277	0,262	0,260	0,265	0,264	0,254	0,182	0,000	0,000
3,000	-13,812	-12,769	-12,382	-11,803	-11,561	-11,405	-11,322	-11,266	-11,223	-11,193	-11,167	-11,150	-11,130	-11,097	-11,062	3,582	2,375	1,863	1,168	0,896	0,667	0,539	0,430	0,331	0,257	0,197	0,157	0,129	0,108	0,073	0,000	0,000
4,000	-4,736	-4,478	-4,272	-4,188	-4,133	-4,133	-4,135	-4,122	-4,116	-4,122	-4,096	-4,052	-3,973	-3,826	-3,641	1,879	1,196	0,795	0,396	0,267	0,199	0,161	0,143	0,139	0,156	0,188	0,238	0,301	0,325	0,271	0,000	0,000
5,000	-9,489	-9,115	-9,207	-9,116	-9,091	-9,054	-9,027	-9,019	-8,990	-8,982	-8,944	-8,852	-8,740	-8,528	-8,258	1,343	0,582	0,442	0,266	0,203	0,167	0,181	0,181	0,199	0,224	0,292	0,361	0,438	0,481	0,379	0,000	0,000
6,000	-8,970	-8,958	-8,863	-8,722	-8,618	-8,559	-8,527	-8,497	-8,458	-8,433	-8,384	-8,320	-8,228	-8,085	-7,907	-0,086	0,120	0,158	0,227	0,232	0,202	0,200	0,197	0,202	0,220	0,254	0,287	0,324	0,342	0,262	0,000	0,000
7,000	-7,056	-7,055	-7,005	-6,924	-6,869	-6,837	-6,823	-6,811	-6,792	-6,792	-6,773	-6,746	-6,722	-6,667	-6,614	0,005	0,072	0,111	0,137	0,117	0,096	0,095	0,079	0,074	0,078	0,085	0,100	0,112	0,119	0,087	0,000	0,000
8,000	-20,200	-20,378	-20,430	-20,541	-20,537	-20,587	-20,623	-20,652	-20,680	-20,733	-20,754	-20,767	-20,769	-20,719	-20,658	-0,274	-0,183	-0,188	-0,148	-0,142	-0,146	-0,136	-0,130	-0,115	-0,101	-0,053	-0,012	0,027	0,068	0,065	0,000	0,000
9,000	-9,786	-9,750	-9,673	-9,471	-9,330	-9,213	-9,150	-9,101	-9,041	-8,997	-8,942	-8,873	-8,788	-8,652	-8,506	0,077	0,173	0,256	0,354	0,353	0,326	0,313	0,292	0,273	0,272	0,284	0,302	0,316	0,313	0,240	0,000	0,000
10,000	-9,829	-9,802	-9,636	-9,459	-9,357	-9,315	-9,291	-9,275	-9,250	-9,255	-9,236	-9,196	-9,131	-9,037	-8,923	-0,019	0,236	0,234	0,257	0,211	0,178	0,155	0,140	0,125	0,136	0,157	0,172	0,212	0,225	0,181	0,000	0,000
11,000	-10,207	-10,082	-10,025	-9,877	-9,787	-9,729	-9,700	-9,678	-9,641	-9,627	-9,586	-9,533	-9,471	-9,358	-9,224	0,179	0,205	0,215	0,240	0,226	0,185	0,181	0,167	0,166	0,177	0,199	0,229	0,245	0,254	0,196	0,000	0,000
12,000	-14,461	-14,484	-14,416	-14,362	-14,299	-14,279	-14,269	-14,264	-14,244	-14,256	-14,218	-14,182	-14,122	-14,002	-13,865	0,025	0,100	0,103	0,117	0,105	0,090	0,091	0,086	0,098	0,108	0,154	0,194	0,231	0,254	0,205	0,000	0,000
13,000	-8,360	-8,407	-8,384	-8,401	-8,386	-8,372	-8,362	-8,341	-8,320	-8,287	-8,234	-8,156	-8,047	-7,887	-7,668	0,002	-0,000	0,009	0,036	0,061	0,088	0,110	0,134	0,164	0,203	0,251	0,314	0,366	0,386	0,313	0,000	0,000
14,000	-11,609	-11,441	-11,539	-11,465	-11,463	-11,438	-11,405	-11,404	-11,388	-11,384	-11,358	-11,335	-11,243	-11,101	-10,909	0,054	-0,050	-0,002	0,052	0,067	0,060	0,074	0,080	0,094	0,123	0,182	0,216	0,284	0,320	0,269	0,000	0,000
15,000	-8,967	-9,065	-9,031	-9,030	-8,999	-8,993	-8,982	-8,976	-8,959	-8,957	-8,935	-8,910	-8,867	-8,802	-8,719	-0,213	-0,068	-0,052	0,022	0,032	0,042	0,048	0,060	0,067	0,083	0,105	0,120	0,147	0,153	0,120	0,000	0,000
	run	25	2022:11:08    11:02:40,985
0,000	-13,601	-13,749	-13,790	-13,908	-13,933	-13,955	-13,962	-13,975	-13,972	-13,980	-13,971	-13,948	-13,902	-13,816	-13,708	-0,474	-0,339	-0,274	-0,167	-0,124	-0,080	-0,049	-0,027	-0,004	0,024	0,065	0,104	0,158	0,184	0,146	0,000	0,000
1,000	-18,074	-18,091	-18,026	-17,847	-17,693	-17,593	-17,541	-17,495	-17,449	-17,429	-17,380	-17,351	-17,310	-17,228	-17,141	-0,305	0,004	0,126	0,271	0,293	0,263	0,247	0,217	0,199	0,187	0,188	0,188	0,188	0,184	0,141	0,000	0,000
2,000	-10,636	-10,211	-10,037	-9,709	-9,553	-9,440	-9,376	-9,326	-9,271	-9,231	-9,165	-9,105	-9,018	-8,908	-8,779	0,818	0,710	0,654	0,542	0,471	0,395	0,362	0,324	0,300	0,287	0,288	0,294	0,290	0,278	0,204	0,000	0,000
3,000	-14,439	-13,353	-12,907	-12,237	-11,975	-11,808	-11,723	-11,663	-11,620	-11,591	-11,566	-11,551	-11,530	-11,504	-11,462	3,728	2,516	2,000	1,269	0,964	0,713	0,580	0,460	0,353	0,270	0,208	0,161	0,131	0,108	0,075	0,000	0,000
4,000	-4,849	-4,573	-4,362	-4,274	-4,221	-4,221	-4,222	-4,208	-4,204	-4,206	-4,177	-4,141	-4,053	-3,900	-3,715	1,876	1,202	0,809	0,398	0,274	0,199	0,166	0,146	0,139	0,155	0,194	0,250	0,310	0,331	0,276	0,000	0,000
5,000	-9,484	-9,106	-9,179	-9,092	-9,077	-9,034	-9,011	-9,003	-8,979	-8,960	-8,926	-8,841	-8,718	-8,504	-8,247	1,326	0,586	0,441	0,258	0,209	0,166	0,168	0,173	0,193	0,223	0,283	0,362	0,437	0,472	0,382	0,000	0,000
6,000	-8,878	-8,894	-8,792	-8,661	-8,552	-8,494	-8,462	-8,434	-8,396	-8,371	-8,325	-8,256	-8,167	-8,023	-7,854	-0,082	0,114	0,151	0,229	0,220	0,205	0,198	0,197	0,202	0,213	0,247	0,288	0,318	0,339	0,264	0,000	0,000
7,000	-7,021	-6,998	-6,964	-6,886	-6,838	-6,807	-6,792	-6,782	-6,764	-6,762	-6,747	-6,725	-6,700	-6,650	-6,597	-0,011	0,065	0,085	0,121	0,112	0,091	0,087	0,072	0,071	0,067	0,084	0,096	0,098	0,108	0,077	0,000	0,000
8,000	-20,178	-20,353	-20,363	-20,478	-20,468	-20,520	-20,551	-20,580	-20,605	-20,661	-20,673	-20,692	-20,691	-20,641	-20,583	-0,231	-0,155	-0,172	-0,137	-0,127	-0,138	-0,129	-0,130	-0,110	-0,096	-0,055	-0,013	0,024	0,071	0,070	0,000	0,000
9,000	-9,817	-9,778	-9,704	-9,503	-9,367	-9,248	-9,181	-9,135	-9,074	-9,035	-8,975	-8,908	-8,823	-8,698	-8,542	0,059	0,158	0,231	0,342	0,356	0,324	0,316	0,288	0,275	0,273	0,283	0,298	0,312	0,314	0,228	0,000	0,000
10,000	-9,690	-9,689	-9,532	-9,365	-9,263	-9,219	-9,197	-9,184	-9,159	-9,161	-9,138	-9,104	-9,047	-8,949	-8,837	-0,026	0,221	0,218	0,241	0,206	0,171	0,147	0,136	0,124	0,123	0,146	0,176	0,206	0,214	0,175	0,000	0,000
11,000	-10,053	-9,933	-9,885	-9,739	-9,652	-9,597	-9,561	-9,540	-9,509	-9,492	-9,453	-9,408	-9,341	-9,230	-9,102	0,162	0,184	0,207	0,231	0,219	0,183	0,174	0,164	0,169	0,172	0,191	0,223	0,241	0,250	0,191	0,000	0,000
12,000	-14,234	-14,263	-14,189	-14,137	-14,076	-14,056	-14,044	-14,039	-14,019	-14,030	-14,004	-13,959	-13,904	-13,786	-13,653	0,023	0,100	0,109	0,112	0,108	0,085	0,086	0,086	0,098	0,103	0,143	0,190	0,222	0,246	0,201	0,000	0,000
13,000	-8,257	-8,283	-8,265	-8,283	-8,273	-8,258	-8,244	-8,234	-8,206	-8,179	-8,117	-8,048	-7,939	-7,774	-7,565	-0,002	0,005	0,003	0,028	0,054	0,088	0,105	0,132	0,165	0,201	0,254	0,317	0,361	0,387	0,308	0,000	0,000
14,000	-11,657	-11,496	-11,583	-11,517	-11,508	-11,481	-11,453	-11,454	-11,440	-11,434	-11,407	-11,376	-11,284	-11,149	-10,949	0,049	-0,052	-0,003	0,064	0,066	0,059	0,079	0,086	0,100	0,136	0,175	0,230	0,292	0,332	0,270	0,000	0,000
15,000	-9,120	-9,211	-9,175	-9,175	-9,151	-9,138	-9,130	-9,124	-9,101	-9,100	-9,077	-9,053	-8,999	-8,933	-8,852	-0,222	-0,073	-0,051	0,017	0,028	0,045	0,052	0,062	0,068	0,087	0,108	0,122	0,148	0,155	0,127	0,000	0,000
