Device: PM2003001		2022:11:08    11:06:55,231  (DLL version: 1.20;  Status: HW:v1.02 SW:v1.3 CRC:31ED BATTERY:4154mV ST:0 ERR:0000;  MUX data; S: 92 I:143 R:200.000 C:1.094p F:)
Excitation level, V:	2,00
Voltage Channel Gain:	5
Current Channel Gain:	1
Voltmeter Range, V:	0,6
Ampermeter Range, A:	15,0m
Step Period, ms:	5
R transimp:	200
C transimp:	1,1p
Measurement Table: 	EEPROM  16

Freq, Hz	1,0k	2,0k	3,0k	7,0k	11,0k	17,0k	23,0k	31,0k	43,0k	61,0k	89,0k	127,0k	179,0k	251,0k	349,0k	1,0k	2,0k	3,0k	7,0k	11,0k	17,0k	23,0k	31,0k	43,0k	61,0k	89,0k	127,0k	179,0k	251,0k	349,0k
	run	1	2022:11:08    11:06:55,234
MUX	Re1, ohm	Re2, ohm	Re3, ohm	Re4, ohm	Re5, ohm	Re6, ohm	Re7, ohm	Re8, ohm	Re9, ohm	Re10, ohm	Re11, ohm	Re12, ohm	Re13, ohm	Re14, ohm	Re15, ohm	Im1, ohm	Im2, ohm	Im3, ohm	Im4, ohm	Im5, ohm	Im6, ohm	Im7, ohm	Im8, ohm	Im9, ohm	Im10, ohm	Im11, ohm	Im12, ohm	Im13, ohm	Im14, ohm	Im15, ohm	U, V	I, mA

0,000	-13,389	-13,460	-13,467	-13,560	-13,582	-13,598	-13,606	-13,609	-13,611	-13,620	-13,607	-13,586	-13,547	-13,467	-13,369	-0,234	-0,163	-0,142	-0,103	-0,076	-0,051	-0,031	-0,019	0,010	0,031	0,061	0,109	0,140	0,164	0,133	0,000	0,000
1,000	-17,237	-17,244	-17,196	-17,017	-16,882	-16,782	-16,716	-16,676	-16,628	-16,598	-16,552	-16,516	-16,469	-16,384	-16,286	-0,113	0,077	0,154	0,282	0,304	0,279	0,262	0,231	0,214	0,202	0,197	0,203	0,205	0,203	0,159	0,000	0,000
2,000	-10,378	-10,388	-10,362	-10,235	-10,131	-10,050	-10,009	-9,970	-9,918	-9,884	-9,826	-9,756	-9,659	-9,514	-9,352	0,009	0,080	0,138	0,233	0,244	0,228	0,239	0,227	0,231	0,242	0,275	0,308	0,332	0,333	0,252	0,000	0,000
3,000	-20,452	-20,444	-20,406	-20,092	-19,890	-19,759	-19,693	-19,635	-19,584	-19,568	-19,532	-19,496	-19,444	-19,345	-19,229	0,031	0,204	0,293	0,449	0,438	0,364	0,324	0,277	0,239	0,206	0,205	0,216	0,216	0,231	0,176	0,000	0,000
4,000	-10,997	-11,087	-11,001	-10,988	-10,959	-10,943	-10,949	-10,943	-10,942	-10,925	-10,890	-10,819	-10,686	-10,477	-10,197	-0,296	-0,029	-0,030	0,035	0,041	0,062	0,078	0,093	0,124	0,184	0,264	0,349	0,439	0,487	0,402	0,000	0,000
5,000	-12,465	-12,390	-12,554	-12,582	-12,588	-12,562	-12,549	-12,553	-12,526	-12,522	-12,473	-12,373	-12,246	-12,002	-11,687	-0,019	-0,178	-0,137	-0,024	0,017	0,042	0,081	0,107	0,155	0,198	0,290	0,394	0,479	0,546	0,441	0,000	0,000
6,000	-8,744	-8,740	-8,648	-8,517	-8,409	-8,345	-8,321	-8,286	-8,253	-8,233	-8,180	-8,116	-8,023	-7,878	-7,703	-0,059	0,120	0,172	0,225	0,228	0,205	0,205	0,196	0,204	0,214	0,246	0,286	0,319	0,341	0,268	0,000	0,000
7,000	-7,083	-7,082	-7,037	-6,970	-6,915	-6,882	-6,866	-6,849	-6,840	-6,834	-6,812	-6,790	-6,767	-6,716	-6,655	-0,009	0,037	0,077	0,118	0,111	0,087	0,087	0,083	0,081	0,079	0,089	0,099	0,102	0,115	0,088	0,000	0,000
8,000	-19,894	-20,078	-20,101	-20,204	-20,213	-20,249	-20,286	-20,324	-20,352	-20,404	-20,420	-20,435	-20,439	-20,395	-20,340	-0,314	-0,206	-0,208	-0,147	-0,135	-0,151	-0,145	-0,134	-0,116	-0,104	-0,057	-0,013	0,019	0,067	0,066	0,000	0,000
9,000	-9,608	-9,577	-9,498	-9,335	-9,194	-9,078	-9,013	-8,962	-8,907	-8,864	-8,807	-8,740	-8,659	-8,532	-8,393	0,046	0,137	0,213	0,335	0,345	0,318	0,307	0,285	0,273	0,263	0,276	0,288	0,297	0,301	0,223	0,000	0,000
10,000	-9,600	-9,630	-9,483	-9,345	-9,252	-9,216	-9,193	-9,177	-9,153	-9,154	-9,133	-9,101	-9,040	-8,947	-8,835	-0,082	0,163	0,175	0,214	0,179	0,153	0,136	0,126	0,117	0,123	0,141	0,168	0,205	0,210	0,169	0,000	0,000
11,000	-10,109	-10,019	-9,993	-9,850	-9,775	-9,715	-9,686	-9,664	-9,636	-9,611	-9,576	-9,528	-9,459	-9,356	-9,231	0,088	0,135	0,163	0,201	0,201	0,172	0,168	0,158	0,165	0,167	0,188	0,219	0,239	0,248	0,190	0,000	0,000
12,000	-14,432	-14,569	-14,494	-14,479	-14,416	-14,401	-14,396	-14,388	-14,368	-14,381	-14,357	-14,324	-14,272	-14,160	-14,035	-0,204	-0,027	0,002	0,063	0,070	0,061	0,063	0,068	0,077	0,085	0,130	0,167	0,208	0,228	0,188	0,000	0,000
13,000	-8,450	-8,383	-8,361	-8,343	-8,335	-8,320	-8,305	-8,288	-8,265	-8,237	-8,189	-8,130	-8,054	-7,928	-7,773	0,102	0,091	0,069	0,067	0,072	0,088	0,106	0,117	0,145	0,170	0,211	0,246	0,277	0,287	0,230	0,000	0,000
14,000	-8,992	-8,192	-8,071	-7,773	-7,717	-7,655	-7,622	-7,613	-7,593	-7,577	-7,559	-7,513	-7,445	-7,332	-7,187	2,026	1,216	0,965	0,550	0,395	0,290	0,248	0,201	0,185	0,170	0,189	0,221	0,257	0,277	0,218	0,000	0,000
15,000	-6,828	-6,580	-6,403	-6,284	-6,220	-6,200	-6,183	-6,164	-6,153	-6,151	-6,142	-6,122	-6,089	-6,039	-5,986	1,079	0,766	0,546	0,316	0,230	0,167	0,148	0,124	0,103	0,100	0,097	0,101	0,117	0,120	0,097	0,000	0,000
	run	2	2022:11:08    11:06:55,285
0,000	-13,389	-13,460	-13,467	-13,560	-13,582	-13,598	-13,606	-13,609	-13,611	-13,620	-13,607	-13,586	-13,547	-13,467	-13,369	-0,234	-0,163	-0,142	-0,103	-0,076	-0,051	-0,031	-0,019	0,010	0,031	0,061	0,109	0,140	0,164	0,133	0,000	0,000
1,000	-17,237	-17,244	-17,196	-17,017	-16,882	-16,782	-16,716	-16,676	-16,628	-16,598	-16,552	-16,516	-16,469	-16,384	-16,286	-0,113	0,077	0,154	0,282	0,304	0,279	0,262	0,231	0,214	0,202	0,197	0,203	0,205	0,203	0,159	0,000	0,000
2,000	-10,378	-10,388	-10,362	-10,235	-10,131	-10,050	-10,009	-9,970	-9,918	-9,884	-9,826	-9,756	-9,659	-9,514	-9,352	0,009	0,080	0,138	0,233	0,244	0,228	0,239	0,227	0,231	0,242	0,275	0,308	0,332	0,333	0,252	0,000	0,000
3,000	-20,452	-20,444	-20,406	-20,092	-19,890	-19,759	-19,693	-19,635	-19,584	-19,568	-19,532	-19,496	-19,444	-19,345	-19,229	0,031	0,204	0,293	0,449	0,438	0,364	0,324	0,277	0,239	0,206	0,205	0,216	0,216	0,231	0,176	0,000	0,000
4,000	-10,997	-11,087	-11,001	-10,988	-10,959	-10,943	-10,949	-10,943	-10,942	-10,925	-10,890	-10,819	-10,686	-10,477	-10,197	-0,296	-0,029	-0,030	0,035	0,041	0,062	0,078	0,093	0,124	0,184	0,264	0,349	0,439	0,487	0,402	0,000	0,000
5,000	-12,465	-12,390	-12,554	-12,582	-12,588	-12,562	-12,549	-12,553	-12,526	-12,522	-12,473	-12,373	-12,246	-12,002	-11,687	-0,019	-0,178	-0,137	-0,024	0,017	0,042	0,081	0,107	0,155	0,198	0,290	0,394	0,479	0,546	0,441	0,000	0,000
6,000	-8,698	-8,698	-8,595	-8,463	-8,366	-8,302	-8,270	-8,241	-8,203	-8,178	-8,135	-8,071	-7,982	-7,831	-7,656	-0,043	0,120	0,169	0,230	0,223	0,198	0,201	0,198	0,202	0,213	0,248	0,288	0,320	0,342	0,265	0,000	0,000
7,000	-6,928	-6,899	-6,880	-6,823	-6,773	-6,749	-6,727	-6,718	-6,708	-6,698	-6,680	-6,662	-6,637	-6,583	-6,536	-0,027	0,035	0,051	0,106	0,100	0,084	0,081	0,073	0,074	0,073	0,080	0,095	0,100	0,107	0,084	0,000	0,000
8,000	-19,747	-19,928	-19,946	-20,056	-20,041	-20,096	-20,131	-20,163	-20,191	-20,240	-20,261	-20,272	-20,278	-20,226	-20,178	-0,299	-0,186	-0,179	-0,140	-0,125	-0,139	-0,133	-0,132	-0,113	-0,101	-0,052	-0,009	0,026	0,068	0,064	0,000	0,000
9,000	-9,563	-9,528	-9,483	-9,327	-9,196	-9,076	-9,014	-8,967	-8,904	-8,869	-8,814	-8,744	-8,666	-8,547	-8,403	0,023	0,100	0,182	0,301	0,326	0,307	0,298	0,278	0,265	0,258	0,269	0,284	0,295	0,294	0,220	0,000	0,000
10,000	-9,538	-9,557	-9,423	-9,285	-9,185	-9,153	-9,127	-9,113	-9,092	-9,093	-9,072	-9,042	-8,978	-8,887	-8,779	-0,066	0,160	0,174	0,213	0,178	0,156	0,139	0,123	0,112	0,124	0,142	0,163	0,200	0,210	0,163	0,000	0,000
11,000	-10,076	-9,993	-9,947	-9,817	-9,737	-9,685	-9,652	-9,629	-9,600	-9,578	-9,541	-9,499	-9,427	-9,328	-9,205	0,084	0,133	0,159	0,207	0,203	0,170	0,169	0,156	0,158	0,165	0,186	0,221	0,234	0,242	0,189	0,000	0,000
12,000	-14,310	-14,430	-14,347	-14,343	-14,288	-14,267	-14,265	-14,253	-14,238	-14,255	-14,231	-14,195	-14,137	-14,031	-13,911	-0,198	-0,041	-0,002	0,057	0,066	0,059	0,065	0,066	0,076	0,089	0,123	0,171	0,208	0,230	0,185	0,000	0,000
13,000	-8,406	-8,318	-8,318	-8,304	-8,287	-8,277	-8,259	-8,248	-8,225	-8,193	-8,152	-8,092	-8,018	-7,902	-7,754	0,105	0,080	0,060	0,058	0,070	0,079	0,097	0,112	0,136	0,164	0,202	0,240	0,263	0,284	0,224	0,000	0,000
14,000	-9,167	-8,361	-8,218	-7,931	-7,870	-7,804	-7,775	-7,762	-7,736	-7,725	-7,701	-7,666	-7,596	-7,478	-7,320	2,036	1,234	0,980	0,548	0,402	0,297	0,250	0,214	0,190	0,177	0,190	0,232	0,263	0,277	0,218	0,000	0,000
15,000	-6,932	-6,670	-6,509	-6,375	-6,309	-6,289	-6,278	-6,256	-6,243	-6,245	-6,233	-6,214	-6,179	-6,129	-6,066	1,114	0,775	0,565	0,320	0,235	0,176	0,150	0,124	0,101	0,099	0,096	0,102	0,121	0,124	0,098	0,000	0,000
	run	3	2022:11:08    11:06:55,385
0,000	-13,626	-13,702	-13,724	-13,810	-13,835	-13,851	-13,864	-13,869	-13,872	-13,877	-13,870	-13,847	-13,802	-13,725	-13,614	-0,240	-0,184	-0,165	-0,107	-0,087	-0,063	-0,035	-0,017	0,005	0,029	0,066	0,105	0,146	0,174	0,141	0,000	0,000
1,000	-17,911	-17,933	-17,849	-17,636	-17,473	-17,368	-17,314	-17,262	-17,203	-17,184	-17,138	-17,103	-17,045	-16,961	-16,856	-0,077	0,126	0,207	0,332	0,343	0,302	0,279	0,249	0,224	0,211	0,207	0,212	0,210	0,210	0,157	0,000	0,000
2,000	-10,825	-10,809	-10,775	-10,633	-10,525	-10,445	-10,401	-10,361	-10,310	-10,271	-10,209	-10,136	-10,029	-9,872	-9,695	0,014	0,100	0,160	0,262	0,259	0,241	0,249	0,243	0,250	0,263	0,297	0,332	0,361	0,359	0,274	0,000	0,000
3,000	-21,199	-21,160	-21,084	-20,737	-20,521	-20,380	-20,306	-20,245	-20,190	-20,185	-20,141	-20,105	-20,057	-19,955	-19,827	0,098	0,268	0,383	0,504	0,478	0,393	0,344	0,293	0,253	0,213	0,212	0,220	0,228	0,244	0,184	0,000	0,000
4,000	-11,054	-11,150	-11,060	-11,057	-11,024	-11,022	-11,021	-11,020	-11,019	-10,998	-10,957	-10,888	-10,752	-10,546	-10,268	-0,298	-0,043	-0,039	0,031	0,035	0,062	0,082	0,099	0,121	0,187	0,261	0,353	0,441	0,491	0,404	0,000	0,000
5,000	-12,409	-12,341	-12,500	-12,520	-12,535	-12,502	-12,492	-12,490	-12,464	-12,449	-12,420	-12,322	-12,187	-11,940	-11,632	-0,032	-0,176	-0,124	-0,014	0,015	0,032	0,077	0,107	0,152	0,209	0,291	0,397	0,488	0,543	0,443	0,000	0,000
6,000	-8,666	-8,649	-8,559	-8,422	-8,322	-8,267	-8,233	-8,209	-8,166	-8,146	-8,096	-8,032	-7,943	-7,798	-7,625	-0,060	0,117	0,157	0,226	0,223	0,201	0,201	0,190	0,197	0,205	0,245	0,281	0,316	0,332	0,265	0,000	0,000
7,000	-6,916	-6,891	-6,885	-6,827	-6,782	-6,749	-6,730	-6,725	-6,710	-6,701	-6,682	-6,667	-6,641	-6,592	-6,537	-0,034	0,020	0,052	0,096	0,094	0,081	0,077	0,074	0,072	0,074	0,079	0,092	0,103	0,108	0,084	0,000	0,000
8,000	-19,382	-19,575	-19,579	-19,666	-19,653	-19,703	-19,736	-19,765	-19,798	-19,843	-19,862	-19,879	-19,882	-19,848	-19,784	-0,280	-0,171	-0,176	-0,120	-0,119	-0,129	-0,124	-0,128	-0,114	-0,096	-0,056	-0,017	0,018	0,062	0,059	0,000	0,000
9,000	-9,375	-9,357	-9,301	-9,166	-9,034	-8,928	-8,870	-8,817	-8,762	-8,716	-8,664	-8,599	-8,523	-8,403	-8,268	0,016	0,083	0,157	0,288	0,311	0,294	0,290	0,266	0,261	0,250	0,270	0,277	0,279	0,287	0,215	0,000	0,000
10,000	-9,275	-9,291	-9,170	-9,054	-8,967	-8,937	-8,918	-8,907	-8,882	-8,886	-8,863	-8,831	-8,777	-8,682	-8,578	-0,070	0,138	0,140	0,179	0,159	0,136	0,121	0,119	0,105	0,117	0,136	0,160	0,193	0,203	0,164	0,000	0,000
11,000	-9,868	-9,779	-9,756	-9,635	-9,559	-9,506	-9,479	-9,457	-9,429	-9,405	-9,374	-9,321	-9,259	-9,158	-9,035	0,065	0,116	0,140	0,188	0,190	0,164	0,161	0,155	0,156	0,164	0,185	0,210	0,227	0,238	0,186	0,000	0,000
12,000	-14,320	-14,453	-14,366	-14,360	-14,298	-14,281	-14,275	-14,270	-14,256	-14,271	-14,240	-14,208	-14,154	-14,043	-13,914	-0,197	-0,022	0,015	0,067	0,065	0,063	0,065	0,070	0,076	0,088	0,124	0,169	0,207	0,233	0,184	0,000	0,000
13,000	-8,418	-8,410	-8,357	-8,360	-8,337	-8,319	-8,316	-8,297	-8,278	-8,247	-8,207	-8,151	-8,074	-7,957	-7,810	0,059	0,075	0,054	0,053	0,066	0,083	0,097	0,111	0,133	0,166	0,198	0,235	0,261	0,276	0,218	0,000	0,000
14,000	-9,141	-8,276	-8,221	-7,890	-7,839	-7,767	-7,729	-7,725	-7,702	-7,686	-7,672	-7,633	-7,560	-7,444	-7,285	2,164	1,233	0,985	0,555	0,404	0,279	0,253	0,207	0,187	0,181	0,192	0,228	0,270	0,278	0,225	0,000	0,000
15,000	-6,904	-6,639	-6,475	-6,344	-6,283	-6,259	-6,246	-6,226	-6,216	-6,208	-6,200	-6,178	-6,144	-6,089	-6,029	1,107	0,777	0,567	0,320	0,230	0,179	0,151	0,124	0,107	0,102	0,102	0,108	0,123	0,126	0,100	0,000	0,000
	run	4	2022:11:08    11:06:55,485
0,000	-13,394	-13,466	-13,473	-13,577	-13,599	-13,622	-13,625	-13,628	-13,633	-13,640	-13,628	-13,600	-13,562	-13,477	-13,377	-0,236	-0,178	-0,155	-0,114	-0,083	-0,061	-0,032	-0,017	0,007	0,036	0,070	0,111	0,149	0,172	0,139	0,000	0,000
1,000	-17,720	-17,754	-17,680	-17,469	-17,317	-17,213	-17,153	-17,103	-17,057	-17,029	-16,978	-16,940	-16,888	-16,803	-16,697	-0,088	0,119	0,208	0,332	0,336	0,295	0,278	0,249	0,226	0,204	0,212	0,208	0,210	0,213	0,157	0,000	0,000
2,000	-10,803	-10,772	-10,742	-10,594	-10,482	-10,410	-10,365	-10,327	-10,273	-10,242	-10,171	-10,098	-9,998	-9,841	-9,661	0,035	0,111	0,174	0,252	0,262	0,243	0,251	0,244	0,255	0,265	0,298	0,332	0,359	0,363	0,271	0,000	0,000
3,000	-21,278	-21,216	-21,152	-20,783	-20,565	-20,435	-20,364	-20,306	-20,257	-20,242	-20,212	-20,173	-20,126	-20,019	-19,898	0,125	0,303	0,386	0,515	0,480	0,390	0,339	0,292	0,254	0,211	0,206	0,220	0,229	0,232	0,179	0,000	0,000
4,000	-11,265	-11,365	-11,295	-11,287	-11,264	-11,254	-11,259	-11,254	-11,250	-11,232	-11,188	-11,121	-10,984	-10,756	-10,469	-0,315	-0,036	-0,050	0,023	0,034	0,059	0,080	0,096	0,127	0,192	0,277	0,364	0,458	0,507	0,419	0,000	0,000
5,000	-12,587	-12,490	-12,649	-12,674	-12,670	-12,657	-12,639	-12,638	-12,610	-12,607	-12,560	-12,467	-12,334	-12,082	-11,766	-0,037	-0,181	-0,128	-0,008	0,019	0,038	0,082	0,112	0,157	0,201	0,293	0,394	0,495	0,557	0,450	0,000	0,000
6,000	-8,680	-8,671	-8,580	-8,438	-8,340	-8,284	-8,256	-8,221	-8,183	-8,161	-8,111	-8,052	-7,961	-7,814	-7,637	-0,054	0,119	0,168	0,232	0,227	0,203	0,201	0,189	0,202	0,209	0,246	0,285	0,321	0,341	0,260	0,000	0,000
7,000	-6,871	-6,841	-6,841	-6,790	-6,738	-6,706	-6,696	-6,686	-6,673	-6,665	-6,644	-6,634	-6,607	-6,562	-6,509	-0,027	0,014	0,058	0,090	0,094	0,076	0,077	0,076	0,070	0,063	0,070	0,087	0,095	0,103	0,075	0,000	0,000
8,000	-19,386	-19,552	-19,567	-19,665	-19,648	-19,698	-19,730	-19,769	-19,788	-19,839	-19,853	-19,877	-19,875	-19,832	-19,779	-0,305	-0,186	-0,164	-0,122	-0,106	-0,129	-0,128	-0,124	-0,115	-0,097	-0,061	-0,018	0,016	0,058	0,058	0,000	0,000
9,000	-9,211	-9,181	-9,131	-9,004	-8,880	-8,768	-8,708	-8,657	-8,597	-8,559	-8,508	-8,443	-8,374	-8,257	-8,116	0,010	0,094	0,153	0,280	0,303	0,288	0,279	0,265	0,256	0,248	0,263	0,274	0,278	0,279	0,211	0,000	0,000
10,000	-9,201	-9,225	-9,101	-9,009	-8,921	-8,897	-8,880	-8,860	-8,839	-8,842	-8,819	-8,788	-8,731	-8,643	-8,542	-0,091	0,135	0,124	0,164	0,153	0,131	0,112	0,110	0,104	0,109	0,127	0,154	0,188	0,198	0,160	0,000	0,000
11,000	-9,873	-9,795	-9,767	-9,648	-9,574	-9,522	-9,491	-9,471	-9,442	-9,423	-9,383	-9,340	-9,274	-9,174	-9,054	0,053	0,105	0,135	0,185	0,188	0,162	0,159	0,150	0,157	0,156	0,180	0,210	0,227	0,241	0,181	0,000	0,000
12,000	-14,292	-14,416	-14,336	-14,322	-14,261	-14,244	-14,245	-14,231	-14,222	-14,227	-14,204	-14,176	-14,119	-14,005	-13,877	-0,188	-0,017	0,003	0,056	0,068	0,061	0,064	0,069	0,078	0,092	0,125	0,171	0,211	0,233	0,183	0,000	0,000
13,000	-8,461	-8,418	-8,381	-8,378	-8,362	-8,347	-8,334	-8,319	-8,297	-8,266	-8,222	-8,163	-8,082	-7,968	-7,814	0,090	0,088	0,066	0,063	0,068	0,085	0,099	0,119	0,138	0,168	0,205	0,242	0,269	0,282	0,225	0,000	0,000
14,000	-9,065	-8,232	-8,141	-7,838	-7,774	-7,720	-7,676	-7,670	-7,647	-7,628	-7,623	-7,576	-7,500	-7,384	-7,239	2,086	1,232	0,974	0,553	0,404	0,289	0,246	0,208	0,185	0,182	0,192	0,225	0,262	0,278	0,223	0,000	0,000
15,000	-6,842	-6,586	-6,422	-6,295	-6,227	-6,211	-6,194	-6,182	-6,164	-6,165	-6,146	-6,133	-6,099	-6,039	-5,982	1,100	0,768	0,549	0,319	0,226	0,171	0,149	0,123	0,102	0,098	0,098	0,105	0,125	0,125	0,099	0,000	0,000
	run	5	2022:11:08    11:06:55,534
0,000	-13,186	-13,268	-13,278	-13,365	-13,382	-13,401	-13,412	-13,415	-13,411	-13,420	-13,410	-13,387	-13,347	-13,270	-13,170	-0,239	-0,158	-0,157	-0,107	-0,077	-0,051	-0,026	-0,015	0,008	0,032	0,067	0,110	0,142	0,165	0,133	0,000	0,000
1,000	-17,166	-17,182	-17,138	-16,958	-16,818	-16,721	-16,662	-16,619	-16,574	-16,546	-16,501	-16,457	-16,408	-16,324	-16,226	-0,137	0,069	0,145	0,283	0,300	0,278	0,260	0,227	0,217	0,197	0,206	0,201	0,203	0,205	0,156	0,000	0,000
2,000	-10,803	-10,772	-10,742	-10,594	-10,482	-10,410	-10,365	-10,327	-10,273	-10,242	-10,171	-10,098	-9,998	-9,841	-9,661	0,035	0,111	0,174	0,252	0,262	0,243	0,251	0,244	0,255	0,265	0,298	0,332	0,359	0,363	0,271	0,000	0,000
3,000	-21,278	-21,216	-21,152	-20,783	-20,565	-20,435	-20,364	-20,306	-20,257	-20,242	-20,212	-20,173	-20,126	-20,019	-19,898	0,125	0,303	0,386	0,515	0,480	0,390	0,339	0,292	0,254	0,211	0,206	0,220	0,229	0,232	0,179	0,000	0,000
4,000	-11,265	-11,365	-11,295	-11,287	-11,264	-11,254	-11,259	-11,254	-11,250	-11,232	-11,188	-11,121	-10,984	-10,756	-10,469	-0,315	-0,036	-0,050	0,023	0,034	0,059	0,080	0,096	0,127	0,192	0,277	0,364	0,458	0,507	0,419	0,000	0,000
5,000	-12,587	-12,490	-12,649	-12,674	-12,670	-12,657	-12,639	-12,638	-12,610	-12,607	-12,560	-12,467	-12,334	-12,082	-11,766	-0,037	-0,181	-0,128	-0,008	0,019	0,038	0,082	0,112	0,157	0,201	0,293	0,394	0,495	0,557	0,450	0,000	0,000
6,000	-8,680	-8,671	-8,580	-8,438	-8,340	-8,284	-8,256	-8,221	-8,183	-8,161	-8,111	-8,052	-7,961	-7,814	-7,637	-0,054	0,119	0,168	0,232	0,227	0,203	0,201	0,189	0,202	0,209	0,246	0,285	0,321	0,341	0,260	0,000	0,000
7,000	-6,871	-6,841	-6,841	-6,790	-6,738	-6,706	-6,696	-6,686	-6,673	-6,665	-6,644	-6,634	-6,607	-6,562	-6,509	-0,027	0,014	0,058	0,090	0,094	0,076	0,077	0,076	0,070	0,063	0,070	0,087	0,095	0,103	0,075	0,000	0,000
8,000	-19,425	-19,595	-19,606	-19,691	-19,679	-19,730	-19,762	-19,785	-19,814	-19,867	-19,883	-19,898	-19,903	-19,858	-19,808	-0,272	-0,157	-0,170	-0,118	-0,111	-0,136	-0,125	-0,124	-0,113	-0,095	-0,053	-0,016	0,023	0,066	0,061	0,000	0,000
9,000	-9,430	-9,409	-9,358	-9,222	-9,094	-8,986	-8,922	-8,873	-8,819	-8,776	-8,725	-8,651	-8,579	-8,461	-8,320	0,026	0,095	0,149	0,290	0,308	0,301	0,289	0,269	0,257	0,250	0,266	0,281	0,288	0,292	0,215	0,000	0,000
10,000	-9,469	-9,488	-9,362	-9,232	-9,134	-9,098	-9,075	-9,058	-9,036	-9,039	-9,018	-8,986	-8,925	-8,832	-8,726	-0,077	0,165	0,159	0,205	0,175	0,149	0,133	0,122	0,113	0,122	0,135	0,163	0,198	0,206	0,163	0,000	0,000
11,000	-10,099	-10,014	-9,983	-9,850	-9,776	-9,724	-9,690	-9,667	-9,637	-9,625	-9,572	-9,531	-9,468	-9,366	-9,248	0,085	0,132	0,158	0,199	0,197	0,164	0,164	0,154	0,161	0,159	0,190	0,210	0,228	0,241	0,186	0,000	0,000
12,000	-14,448	-14,571	-14,488	-14,470	-14,412	-14,395	-14,393	-14,384	-14,366	-14,379	-14,348	-14,320	-14,261	-14,157	-14,023	-0,195	-0,021	0,002	0,068	0,071	0,063	0,069	0,068	0,075	0,087	0,126	0,172	0,210	0,238	0,184	0,000	0,000
13,000	-8,410	-8,365	-8,336	-8,328	-8,316	-8,299	-8,285	-8,270	-8,244	-8,214	-8,172	-8,109	-8,033	-7,917	-7,758	0,090	0,078	0,068	0,059	0,071	0,087	0,105	0,118	0,143	0,169	0,208	0,244	0,269	0,288	0,231	0,000	0,000
14,000	-9,025	-8,189	-8,098	-7,796	-7,737	-7,670	-7,635	-7,634	-7,605	-7,593	-7,570	-7,537	-7,473	-7,364	-7,209	2,078	1,223	0,972	0,547	0,392	0,278	0,248	0,205	0,189	0,166	0,187	0,218	0,259	0,273	0,214	0,000	0,000
15,000	-6,765	-6,508	-6,346	-6,229	-6,169	-6,145	-6,128	-6,113	-6,099	-6,096	-6,084	-6,064	-6,032	-5,983	-5,923	1,065	0,748	0,546	0,304	0,224	0,171	0,143	0,121	0,103	0,098	0,095	0,102	0,120	0,119	0,097	0,000	0,000
	run	6	2022:11:08    11:06:55,635
0,000	-13,060	-13,142	-13,150	-13,231	-13,253	-13,271	-13,276	-13,280	-13,276	-13,288	-13,279	-13,254	-13,212	-13,135	-13,045	-0,222	-0,164	-0,138	-0,101	-0,075	-0,048	-0,029	-0,013	0,015	0,032	0,064	0,100	0,136	0,162	0,129	0,000	0,000
1,000	-16,911	-16,946	-16,886	-16,720	-16,593	-16,495	-16,439	-16,397	-16,344	-16,322	-16,274	-16,241	-16,194	-16,112	-16,020	-0,126	0,064	0,151	0,268	0,291	0,263	0,249	0,219	0,210	0,192	0,191	0,192	0,194	0,193	0,149	0,000	0,000
2,000	-10,279	-10,268	-10,252	-10,120	-10,022	-9,946	-9,898	-9,868	-9,813	-9,785	-9,723	-9,656	-9,559	-9,420	-9,257	-0,012	0,073	0,130	0,230	0,243	0,226	0,232	0,225	0,236	0,243	0,276	0,302	0,330	0,329	0,248	0,000	0,000
3,000	-20,430	-20,435	-20,385	-20,096	-19,897	-19,763	-19,696	-19,639	-19,588	-19,575	-19,537	-19,501	-19,453	-19,352	-19,238	0,048	0,196	0,289	0,444	0,432	0,359	0,318	0,272	0,240	0,203	0,199	0,210	0,220	0,228	0,172	0,000	0,000
4,000	-11,064	-11,158	-11,068	-11,064	-11,027	-11,017	-11,028	-11,015	-11,016	-10,999	-10,956	-10,890	-10,762	-10,550	-10,280	-0,298	-0,029	-0,030	0,030	0,041	0,060	0,074	0,093	0,117	0,177	0,262	0,345	0,437	0,483	0,403	0,000	0,000
5,000	-12,564	-12,498	-12,658	-12,687	-12,688	-12,668	-12,648	-12,650	-12,620	-12,614	-12,563	-12,474	-12,332	-12,090	-11,769	-0,045	-0,188	-0,134	-0,018	0,018	0,039	0,078	0,109	0,148	0,207	0,291	0,397	0,495	0,547	0,453	0,000	0,000
6,000	-8,823	-8,806	-8,710	-8,571	-8,471	-8,410	-8,376	-8,347	-8,307	-8,284	-8,233	-8,177	-8,083	-7,933	-7,754	-0,045	0,124	0,166	0,240	0,236	0,202	0,206	0,195	0,208	0,218	0,246	0,293	0,329	0,350	0,266	0,000	0,000
7,000	-7,024	-7,003	-6,974	-6,911	-6,862	-6,829	-6,813	-6,805	-6,787	-6,779	-6,766	-6,745	-6,715	-6,665	-6,602	-0,017	0,038	0,055	0,105	0,103	0,084	0,089	0,075	0,079	0,076	0,087	0,102	0,105	0,115	0,086	0,000	0,000
8,000	-19,829	-20,015	-20,028	-20,134	-20,136	-20,184	-20,216	-20,248	-20,268	-20,324	-20,348	-20,362	-20,363	-20,315	-20,266	-0,295	-0,199	-0,192	-0,147	-0,127	-0,146	-0,140	-0,127	-0,113	-0,097	-0,063	-0,010	0,024	0,065	0,062	0,000	0,000
9,000	-9,607	-9,571	-9,523	-9,339	-9,197	-9,087	-9,022	-8,972	-8,913	-8,875	-8,809	-8,750	-8,669	-8,545	-8,402	0,045	0,139	0,198	0,324	0,342	0,316	0,307	0,279	0,266	0,258	0,270	0,288	0,298	0,300	0,227	0,000	0,000
10,000	-9,639	-9,647	-9,507	-9,360	-9,262	-9,224	-9,205	-9,185	-9,161	-9,163	-9,139	-9,112	-9,049	-8,956	-8,849	-0,070	0,178	0,184	0,219	0,184	0,157	0,138	0,126	0,110	0,123	0,142	0,167	0,200	0,212	0,169	0,000	0,000
11,000	-10,091	-10,004	-9,965	-9,830	-9,745	-9,692	-9,662	-9,639	-9,609	-9,584	-9,555	-9,500	-9,437	-9,334	-9,207	0,097	0,141	0,170	0,211	0,207	0,178	0,165	0,161	0,162	0,165	0,187	0,220	0,233	0,247	0,190	0,000	0,000
12,000	-14,386	-14,509	-14,430	-14,414	-14,356	-14,340	-14,341	-14,327	-14,318	-14,327	-14,304	-14,267	-14,218	-14,102	-13,980	-0,198	-0,032	0,009	0,056	0,068	0,063	0,068	0,067	0,073	0,085	0,122	0,171	0,207	0,230	0,183	0,000	0,000
13,000	-8,379	-8,349	-8,313	-8,302	-8,286	-8,272	-8,261	-8,244	-8,221	-8,194	-8,148	-8,089	-8,008	-7,892	-7,739	0,086	0,087	0,070	0,060	0,072	0,085	0,105	0,120	0,141	0,169	0,203	0,238	0,268	0,286	0,226	0,000	0,000
14,000	-8,942	-8,109	-8,021	-7,721	-7,670	-7,606	-7,572	-7,568	-7,540	-7,536	-7,512	-7,479	-7,409	-7,301	-7,152	2,062	1,208	0,971	0,542	0,382	0,275	0,239	0,198	0,178	0,167	0,187	0,209	0,254	0,276	0,211	0,000	0,000
15,000	-6,664	-6,427	-6,250	-6,139	-6,081	-6,060	-6,047	-6,030	-6,014	-6,016	-6,007	-5,987	-5,953	-5,904	-5,848	1,055	0,749	0,536	0,301	0,221	0,168	0,141	0,121	0,098	0,095	0,096	0,099	0,115	0,116	0,094	0,000	0,000
	run	7	2022:11:08    11:06:55,686
0,000	-13,060	-13,142	-13,150	-13,231	-13,253	-13,271	-13,276	-13,280	-13,276	-13,288	-13,279	-13,254	-13,212	-13,135	-13,045	-0,222	-0,164	-0,138	-0,101	-0,075	-0,048	-0,029	-0,013	0,015	0,032	0,064	0,100	0,136	0,162	0,129	0,000	0,000
1,000	-16,911	-16,946	-16,886	-16,720	-16,593	-16,495	-16,439	-16,397	-16,344	-16,322	-16,274	-16,241	-16,194	-16,112	-16,020	-0,126	0,064	0,151	0,268	0,291	0,263	0,249	0,219	0,210	0,192	0,191	0,192	0,194	0,193	0,149	0,000	0,000
2,000	-10,279	-10,268	-10,252	-10,120	-10,022	-9,946	-9,898	-9,868	-9,813	-9,785	-9,723	-9,656	-9,559	-9,420	-9,257	-0,012	0,073	0,130	0,230	0,243	0,226	0,232	0,225	0,236	0,243	0,276	0,302	0,330	0,329	0,248	0,000	0,000
3,000	-20,430	-20,435	-20,385	-20,096	-19,897	-19,763	-19,696	-19,639	-19,588	-19,575	-19,537	-19,501	-19,453	-19,352	-19,238	0,048	0,196	0,289	0,444	0,432	0,359	0,318	0,272	0,240	0,203	0,199	0,210	0,220	0,228	0,172	0,000	0,000
4,000	-11,064	-11,158	-11,068	-11,064	-11,027	-11,017	-11,028	-11,015	-11,016	-10,999	-10,956	-10,890	-10,762	-10,550	-10,280	-0,298	-0,029	-0,030	0,030	0,041	0,060	0,074	0,093	0,117	0,177	0,262	0,345	0,437	0,483	0,403	0,000	0,000
5,000	-12,564	-12,498	-12,658	-12,687	-12,688	-12,668	-12,648	-12,650	-12,620	-12,614	-12,563	-12,474	-12,332	-12,090	-11,769	-0,045	-0,188	-0,134	-0,018	0,018	0,039	0,078	0,109	0,148	0,207	0,291	0,397	0,495	0,547	0,453	0,000	0,000
6,000	-8,848	-8,847	-8,758	-8,616	-8,512	-8,453	-8,426	-8,396	-8,354	-8,330	-8,283	-8,217	-8,126	-7,972	-7,790	-0,064	0,133	0,173	0,239	0,231	0,206	0,203	0,199	0,203	0,221	0,250	0,299	0,334	0,349	0,271	0,000	0,000
7,000	-7,145	-7,122	-7,078	-6,991	-6,943	-6,916	-6,899	-6,883	-6,865	-6,861	-6,842	-6,825	-6,796	-6,743	-6,685	-0,008	0,055	0,083	0,131	0,109	0,096	0,092	0,085	0,082	0,077	0,087	0,099	0,102	0,112	0,085	0,000	0,000
8,000	-20,211	-20,415	-20,438	-20,575	-20,570	-20,612	-20,650	-20,689	-20,711	-20,772	-20,786	-20,800	-20,805	-20,756	-20,696	-0,331	-0,224	-0,213	-0,166	-0,142	-0,153	-0,147	-0,142	-0,116	-0,103	-0,060	-0,010	0,019	0,068	0,062	0,000	0,000
9,000	-9,733	-9,703	-9,627	-9,447	-9,300	-9,182	-9,114	-9,066	-9,007	-8,969	-8,904	-8,839	-8,761	-8,634	-8,486	0,046	0,149	0,219	0,338	0,354	0,322	0,315	0,289	0,276	0,266	0,275	0,294	0,300	0,305	0,227	0,000	0,000
10,000	-9,567	-9,590	-9,448	-9,303	-9,208	-9,174	-9,151	-9,135	-9,114	-9,113	-9,093	-9,059	-8,997	-8,904	-8,784	-0,062	0,162	0,177	0,217	0,178	0,159	0,136	0,125	0,115	0,125	0,150	0,169	0,207	0,215	0,173	0,000	0,000
11,000	-10,089	-9,987	-9,958	-9,816	-9,734	-9,675	-9,644	-9,624	-9,591	-9,573	-9,535	-9,483	-9,420	-9,314	-9,187	0,086	0,145	0,170	0,209	0,206	0,176	0,173	0,160	0,165	0,163	0,193	0,225	0,239	0,248	0,194	0,000	0,000
12,000	-14,595	-14,723	-14,649	-14,633	-14,579	-14,559	-14,551	-14,542	-14,527	-14,540	-14,510	-14,479	-14,424	-14,307	-14,180	-0,197	-0,035	-0,000	0,061	0,068	0,055	0,070	0,066	0,074	0,092	0,130	0,172	0,213	0,238	0,191	0,000	0,000
13,000	-8,499	-8,466	-8,419	-8,412	-8,392	-8,386	-8,366	-8,352	-8,330	-8,297	-8,254	-8,196	-8,114	-7,988	-7,842	0,099	0,093	0,074	0,067	0,078	0,094	0,106	0,121	0,137	0,166	0,206	0,241	0,271	0,292	0,229	0,000	0,000
14,000	-8,997	-8,135	-8,059	-7,750	-7,695	-7,629	-7,601	-7,595	-7,565	-7,558	-7,545	-7,497	-7,430	-7,323	-7,178	2,096	1,230	0,963	0,544	0,391	0,281	0,237	0,199	0,180	0,173	0,190	0,217	0,251	0,270	0,213	0,000	0,000
15,000	-6,698	-6,449	-6,286	-6,170	-6,109	-6,089	-6,077	-6,058	-6,045	-6,045	-6,035	-6,016	-5,982	-5,927	-5,875	1,061	0,747	0,528	0,301	0,219	0,169	0,144	0,120	0,106	0,096	0,096	0,101	0,114	0,121	0,094	0,000	0,000
	run	8	2022:11:08    11:06:55,786
0,000	-12,976	-13,061	-13,070	-13,161	-13,179	-13,192	-13,202	-13,207	-13,199	-13,206	-13,199	-13,179	-13,144	-13,069	-12,974	-0,241	-0,170	-0,156	-0,105	-0,078	-0,046	-0,031	-0,014	0,009	0,030	0,061	0,099	0,134	0,158	0,122	0,000	0,000
1,000	-16,790	-16,826	-16,788	-16,620	-16,487	-16,399	-16,345	-16,297	-16,255	-16,221	-16,179	-16,150	-16,097	-16,019	-15,935	-0,139	0,057	0,133	0,265	0,285	0,257	0,246	0,215	0,203	0,188	0,185	0,190	0,189	0,188	0,143	0,000	0,000
2,000	-10,103	-10,100	-10,086	-9,968	-9,870	-9,799	-9,754	-9,725	-9,673	-9,644	-9,585	-9,516	-9,426	-9,291	-9,139	-0,010	0,056	0,115	0,217	0,229	0,217	0,225	0,223	0,228	0,233	0,260	0,297	0,311	0,314	0,241	0,000	0,000
3,000	-19,874	-19,892	-19,873	-19,617	-19,433	-19,307	-19,241	-19,184	-19,130	-19,116	-19,084	-19,048	-19,003	-18,902	-18,790	0,022	0,160	0,248	0,399	0,401	0,337	0,304	0,263	0,234	0,197	0,194	0,207	0,217	0,222	0,167	0,000	0,000
4,000	-10,778	-10,867	-10,780	-10,761	-10,724	-10,716	-10,722	-10,714	-10,709	-10,694	-10,664	-10,592	-10,463	-10,261	-9,994	-0,298	-0,024	-0,034	0,038	0,043	0,066	0,081	0,099	0,115	0,175	0,254	0,332	0,424	0,469	0,386	0,000	0,000
5,000	-12,263	-12,203	-12,356	-12,390	-12,398	-12,372	-12,356	-12,356	-12,329	-12,321	-12,271	-12,181	-12,052	-11,811	-11,504	-0,025	-0,187	-0,143	-0,023	0,011	0,041	0,077	0,110	0,151	0,208	0,283	0,388	0,483	0,540	0,433	0,000	0,000
6,000	-8,780	-8,785	-8,692	-8,559	-8,458	-8,405	-8,370	-8,340	-8,301	-8,279	-8,237	-8,165	-8,072	-7,923	-7,746	-0,060	0,119	0,149	0,224	0,227	0,200	0,198	0,197	0,201	0,215	0,252	0,296	0,330	0,349	0,267	0,000	0,000
7,000	-7,210	-7,175	-7,132	-7,050	-6,990	-6,960	-6,943	-6,932	-6,908	-6,909	-6,891	-6,867	-6,842	-6,784	-6,728	0,009	0,062	0,086	0,132	0,113	0,100	0,088	0,085	0,086	0,082	0,089	0,097	0,108	0,117	0,089	0,000	0,000
8,000	-20,317	-20,507	-20,520	-20,671	-20,661	-20,717	-20,759	-20,783	-20,814	-20,875	-20,886	-20,905	-20,910	-20,860	-20,797	-0,340	-0,230	-0,234	-0,173	-0,147	-0,158	-0,153	-0,146	-0,121	-0,103	-0,064	-0,014	0,021	0,073	0,062	0,000	0,000
9,000	-9,794	-9,741	-9,666	-9,469	-9,335	-9,210	-9,143	-9,095	-9,036	-8,992	-8,931	-8,866	-8,782	-8,657	-8,504	0,061	0,152	0,238	0,350	0,364	0,325	0,316	0,296	0,279	0,274	0,282	0,309	0,311	0,313	0,239	0,000	0,000
10,000	-9,733	-9,734	-9,587	-9,433	-9,326	-9,282	-9,263	-9,248	-9,227	-9,229	-9,210	-9,171	-9,108	-9,010	-8,899	-0,058	0,187	0,202	0,239	0,197	0,170	0,149	0,129	0,119	0,131	0,150	0,177	0,210	0,219	0,178	0,000	0,000
11,000	-10,174	-10,077	-10,034	-9,884	-9,802	-9,744	-9,714	-9,695	-9,664	-9,645	-9,606	-9,555	-9,485	-9,376	-9,246	0,109	0,156	0,186	0,222	0,212	0,176	0,176	0,162	0,171	0,172	0,196	0,223	0,246	0,258	0,200	0,000	0,000
12,000	-14,803	-14,923	-14,852	-14,836	-14,769	-14,757	-14,751	-14,743	-14,723	-14,735	-14,714	-14,671	-14,624	-14,506	-14,372	-0,191	-0,035	0,008	0,059	0,073	0,062	0,069	0,073	0,081	0,099	0,130	0,173	0,216	0,245	0,191	0,000	0,000
13,000	-8,598	-8,560	-8,510	-8,508	-8,484	-8,468	-8,461	-8,441	-8,415	-8,388	-8,341	-8,282	-8,197	-8,073	-7,917	0,110	0,094	0,081	0,069	0,077	0,086	0,109	0,126	0,145	0,177	0,208	0,247	0,282	0,296	0,237	0,000	0,000
14,000	-9,037	-8,188	-8,100	-7,784	-7,735	-7,675	-7,635	-7,628	-7,605	-7,599	-7,576	-7,541	-7,470	-7,366	-7,210	2,088	1,232	0,971	0,556	0,401	0,287	0,239	0,213	0,180	0,175	0,191	0,226	0,256	0,270	0,214	0,000	0,000
15,000	-6,712	-6,466	-6,292	-6,187	-6,117	-6,105	-6,089	-6,074	-6,058	-6,055	-6,047	-6,028	-5,997	-5,942	-5,891	1,059	0,755	0,537	0,306	0,224	0,168	0,140	0,118	0,099	0,095	0,094	0,102	0,114	0,119	0,092	0,000	0,000
	run	9	2022:11:08    11:06:55,886
0,000	-13,006	-13,079	-13,087	-13,166	-13,181	-13,199	-13,210	-13,214	-13,212	-13,219	-13,212	-13,191	-13,147	-13,077	-12,986	-0,235	-0,161	-0,145	-0,095	-0,074	-0,052	-0,027	-0,014	0,007	0,030	0,060	0,100	0,133	0,157	0,125	0,000	0,000
1,000	-16,674	-16,710	-16,676	-16,526	-16,399	-16,303	-16,254	-16,208	-16,163	-16,135	-16,097	-16,060	-16,011	-15,929	-15,843	-0,152	0,046	0,116	0,249	0,273	0,256	0,237	0,209	0,195	0,190	0,185	0,196	0,190	0,190	0,148	0,000	0,000
2,000	-10,054	-10,056	-10,029	-9,909	-9,810	-9,737	-9,692	-9,661	-9,612	-9,581	-9,521	-9,455	-9,363	-9,228	-9,080	0,002	0,069	0,122	0,219	0,234	0,218	0,222	0,217	0,230	0,237	0,264	0,292	0,315	0,317	0,240	0,000	0,000
3,000	-19,906	-19,918	-19,894	-19,627	-19,436	-19,307	-19,242	-19,191	-19,138	-19,124	-19,087	-19,056	-19,010	-18,908	-18,801	0,015	0,160	0,254	0,407	0,402	0,337	0,306	0,269	0,232	0,200	0,196	0,207	0,210	0,223	0,165	0,000	0,000
4,000	-10,806	-10,896	-10,798	-10,787	-10,748	-10,742	-10,748	-10,739	-10,739	-10,723	-10,688	-10,623	-10,500	-10,293	-10,038	-0,306	-0,020	-0,018	0,039	0,046	0,060	0,075	0,088	0,114	0,171	0,253	0,325	0,412	0,462	0,381	0,000	0,000
5,000	-12,231	-12,167	-12,320	-12,338	-12,353	-12,327	-12,314	-12,309	-12,281	-12,275	-12,234	-12,142	-12,011	-11,780	-11,474	-0,036	-0,183	-0,134	-0,019	0,011	0,032	0,077	0,103	0,147	0,203	0,282	0,381	0,473	0,534	0,432	0,000	0,000
6,000	-8,613	-8,623	-8,527	-8,397	-8,296	-8,238	-8,210	-8,175	-8,138	-8,113	-8,072	-8,003	-7,914	-7,764	-7,586	-0,075	0,106	0,153	0,224	0,223	0,197	0,202	0,192	0,199	0,210	0,251	0,294	0,323	0,344	0,277	0,000	0,000
7,000	-7,018	-6,988	-6,956	-6,895	-6,836	-6,804	-6,794	-6,780	-6,767	-6,761	-6,744	-6,717	-6,696	-6,640	-6,582	-0,028	0,045	0,069	0,117	0,103	0,090	0,079	0,078	0,077	0,077	0,081	0,098	0,113	0,112	0,086	0,000	0,000
8,000	-20,314	-20,498	-20,533	-20,649	-20,648	-20,698	-20,730	-20,764	-20,787	-20,851	-20,862	-20,879	-20,876	-20,829	-20,771	-0,308	-0,224	-0,213	-0,163	-0,143	-0,151	-0,144	-0,137	-0,116	-0,102	-0,054	-0,010	0,028	0,067	0,062	0,000	0,000
9,000	-9,821	-9,770	-9,698	-9,495	-9,351	-9,234	-9,168	-9,115	-9,060	-9,020	-8,965	-8,889	-8,810	-8,678	-8,526	0,048	0,166	0,234	0,358	0,358	0,327	0,316	0,289	0,276	0,267	0,285	0,303	0,310	0,319	0,236	0,000	0,000
10,000	-9,891	-9,884	-9,715	-9,544	-9,438	-9,402	-9,376	-9,359	-9,341	-9,343	-9,316	-9,280	-9,214	-9,121	-9,005	-0,033	0,228	0,229	0,254	0,207	0,171	0,147	0,137	0,119	0,134	0,153	0,180	0,210	0,224	0,176	0,000	0,000
11,000	-10,312	-10,226	-10,170	-10,017	-9,932	-9,876	-9,849	-9,826	-9,791	-9,772	-9,733	-9,685	-9,614	-9,504	-9,367	0,111	0,169	0,189	0,224	0,218	0,183	0,179	0,168	0,173	0,178	0,204	0,231	0,249	0,264	0,199	0,000	0,000
12,000	-14,939	-15,052	-14,991	-14,975	-14,912	-14,895	-14,896	-14,882	-14,869	-14,885	-14,851	-14,823	-14,763	-14,642	-14,512	-0,214	-0,039	-0,001	0,060	0,069	0,065	0,066	0,069	0,079	0,094	0,132	0,182	0,223	0,244	0,196	0,000	0,000
13,000	-8,674	-8,614	-8,581	-8,567	-8,546	-8,527	-8,513	-8,495	-8,474	-8,446	-8,399	-8,335	-8,255	-8,131	-7,968	0,111	0,098	0,074	0,074	0,081	0,095	0,112	0,130	0,147	0,178	0,216	0,256	0,288	0,296	0,236	0,000	0,000
14,000	-9,160	-8,314	-8,228	-7,912	-7,857	-7,784	-7,749	-7,741	-7,720	-7,707	-7,678	-7,648	-7,578	-7,464	-7,318	2,099	1,260	1,000	0,559	0,408	0,286	0,245	0,211	0,183	0,177	0,190	0,224	0,260	0,270	0,222	0,000	0,000
15,000	-6,744	-6,496	-6,324	-6,202	-6,142	-6,126	-6,110	-6,094	-6,078	-6,078	-6,062	-6,048	-6,019	-5,967	-5,914	1,070	0,745	0,546	0,306	0,225	0,164	0,142	0,117	0,101	0,091	0,092	0,095	0,112	0,113	0,091	0,000	0,000
	run	10	2022:11:08    11:06:55,933
0,000	-13,015	-13,088	-13,106	-13,189	-13,206	-13,227	-13,241	-13,239	-13,237	-13,245	-13,238	-13,216	-13,176	-13,101	-13,011	-0,246	-0,167	-0,139	-0,095	-0,074	-0,052	-0,028	-0,011	0,006	0,032	0,058	0,102	0,133	0,155	0,129	0,000	0,000
1,000	-16,854	-16,893	-16,839	-16,680	-16,546	-16,451	-16,399	-16,351	-16,310	-16,279	-16,240	-16,205	-16,153	-16,078	-15,984	-0,155	0,047	0,147	0,261	0,285	0,257	0,247	0,222	0,202	0,191	0,190	0,193	0,193	0,195	0,144	0,000	0,000
2,000	-10,054	-10,056	-10,029	-9,909	-9,810	-9,737	-9,692	-9,661	-9,612	-9,581	-9,521	-9,455	-9,363	-9,228	-9,080	0,002	0,069	0,122	0,219	0,234	0,218	0,222	0,217	0,230	0,237	0,264	0,292	0,315	0,317	0,240	0,000	0,000
3,000	-19,906	-19,918	-19,894	-19,627	-19,436	-19,307	-19,242	-19,191	-19,138	-19,124	-19,087	-19,056	-19,010	-18,908	-18,801	0,015	0,160	0,254	0,407	0,402	0,337	0,306	0,269	0,232	0,200	0,196	0,207	0,210	0,223	0,165	0,000	0,000
4,000	-10,806	-10,896	-10,798	-10,787	-10,748	-10,742	-10,748	-10,739	-10,739	-10,723	-10,688	-10,623	-10,500	-10,293	-10,038	-0,306	-0,020	-0,018	0,039	0,046	0,060	0,075	0,088	0,114	0,171	0,253	0,325	0,412	0,462	0,381	0,000	0,000
5,000	-12,231	-12,167	-12,320	-12,338	-12,353	-12,327	-12,314	-12,309	-12,281	-12,275	-12,234	-12,142	-12,011	-11,780	-11,474	-0,036	-0,183	-0,134	-0,019	0,011	0,032	0,077	0,103	0,147	0,203	0,282	0,381	0,473	0,534	0,432	0,000	0,000
6,000	-8,613	-8,623	-8,527	-8,397	-8,296	-8,238	-8,210	-8,175	-8,138	-8,113	-8,072	-8,003	-7,914	-7,764	-7,586	-0,075	0,106	0,153	0,224	0,223	0,197	0,202	0,192	0,199	0,210	0,251	0,294	0,323	0,344	0,277	0,000	0,000
7,000	-7,018	-6,988	-6,956	-6,895	-6,836	-6,804	-6,794	-6,780	-6,767	-6,761	-6,744	-6,717	-6,696	-6,640	-6,582	-0,028	0,045	0,069	0,117	0,103	0,090	0,079	0,078	0,077	0,077	0,081	0,098	0,113	0,112	0,086	0,000	0,000
8,000	-20,044	-20,236	-20,256	-20,375	-20,378	-20,428	-20,468	-20,497	-20,515	-20,577	-20,588	-20,610	-20,610	-20,565	-20,502	-0,305	-0,208	-0,203	-0,160	-0,142	-0,151	-0,146	-0,136	-0,115	-0,099	-0,056	-0,013	0,022	0,070	0,063	0,000	0,000
9,000	-9,881	-9,839	-9,765	-9,588	-9,438	-9,322	-9,256	-9,199	-9,142	-9,095	-9,045	-8,979	-8,896	-8,763	-8,613	0,051	0,149	0,225	0,345	0,362	0,330	0,315	0,292	0,281	0,269	0,277	0,301	0,310	0,310	0,231	0,000	0,000
10,000	-9,852	-9,828	-9,672	-9,492	-9,385	-9,344	-9,328	-9,313	-9,292	-9,287	-9,266	-9,230	-9,166	-9,075	-8,959	-0,027	0,219	0,234	0,250	0,206	0,173	0,149	0,138	0,128	0,129	0,153	0,177	0,211	0,222	0,175	0,000	0,000
11,000	-10,353	-10,262	-10,208	-10,058	-9,976	-9,918	-9,884	-9,860	-9,831	-9,808	-9,777	-9,718	-9,653	-9,543	-9,403	0,108	0,167	0,185	0,230	0,212	0,183	0,179	0,170	0,169	0,177	0,199	0,231	0,249	0,261	0,200	0,000	0,000
12,000	-15,068	-15,196	-15,121	-15,103	-15,045	-15,025	-15,021	-15,011	-15,001	-15,007	-14,980	-14,944	-14,884	-14,766	-14,637	-0,217	-0,033	0,001	0,059	0,070	0,064	0,065	0,072	0,080	0,093	0,139	0,182	0,217	0,244	0,197	0,000	0,000
13,000	-8,692	-8,644	-8,602	-8,595	-8,573	-8,555	-8,546	-8,529	-8,506	-8,482	-8,430	-8,368	-8,286	-8,163	-8,006	0,108	0,100	0,070	0,072	0,078	0,096	0,110	0,120	0,145	0,176	0,218	0,253	0,284	0,300	0,240	0,000	0,000
14,000	-9,186	-8,334	-8,235	-7,924	-7,858	-7,800	-7,759	-7,753	-7,729	-7,720	-7,701	-7,664	-7,592	-7,478	-7,331	2,093	1,254	0,977	0,557	0,396	0,284	0,245	0,202	0,189	0,183	0,186	0,220	0,258	0,268	0,216	0,000	0,000
15,000	-6,721	-6,472	-6,309	-6,184	-6,128	-6,107	-6,093	-6,073	-6,059	-6,061	-6,049	-6,035	-5,999	-5,947	-5,892	1,069	0,753	0,542	0,305	0,221	0,165	0,140	0,120	0,099	0,093	0,092	0,098	0,113	0,119	0,092	0,000	0,000
	run	11	2022:11:08    11:06:56,034
0,000	-13,078	-13,156	-13,179	-13,251	-13,281	-13,294	-13,297	-13,308	-13,305	-13,315	-13,305	-13,282	-13,249	-13,168	-13,073	-0,218	-0,172	-0,147	-0,104	-0,080	-0,051	-0,032	-0,011	0,008	0,026	0,060	0,103	0,141	0,156	0,127	0,000	0,000
1,000	-17,250	-17,271	-17,203	-17,025	-16,891	-16,781	-16,730	-16,681	-16,641	-16,609	-16,568	-16,530	-16,477	-16,397	-16,298	-0,148	0,070	0,156	0,292	0,302	0,280	0,261	0,229	0,215	0,198	0,198	0,195	0,199	0,202	0,154	0,000	0,000
2,000	-10,462	-10,469	-10,432	-10,300	-10,192	-10,114	-10,072	-10,037	-9,985	-9,951	-9,896	-9,821	-9,724	-9,575	-9,417	0,011	0,092	0,143	0,241	0,249	0,231	0,243	0,230	0,240	0,248	0,276	0,306	0,334	0,338	0,252	0,000	0,000
3,000	-20,646	-20,630	-20,584	-20,268	-20,060	-19,928	-19,859	-19,798	-19,751	-19,733	-19,697	-19,666	-19,614	-19,519	-19,395	0,060	0,225	0,320	0,461	0,445	0,365	0,324	0,280	0,239	0,209	0,200	0,214	0,222	0,230	0,170	0,000	0,000
4,000	-11,026	-11,126	-11,030	-11,023	-10,992	-10,980	-10,986	-10,978	-10,979	-10,957	-10,924	-10,855	-10,721	-10,516	-10,240	-0,299	-0,034	-0,028	0,030	0,043	0,060	0,075	0,098	0,117	0,175	0,260	0,343	0,434	0,480	0,396	0,000	0,000
5,000	-12,435	-12,369	-12,520	-12,542	-12,545	-12,522	-12,510	-12,505	-12,486	-12,472	-12,432	-12,343	-12,202	-11,954	-11,641	-0,010	-0,184	-0,126	-0,014	0,017	0,039	0,081	0,107	0,152	0,206	0,287	0,395	0,486	0,546	0,443	0,000	0,000
6,000	-8,664	-8,671	-8,571	-8,440	-8,336	-8,280	-8,248	-8,221	-8,179	-8,161	-8,109	-8,048	-7,959	-7,811	-7,636	-0,066	0,122	0,151	0,230	0,223	0,199	0,202	0,193	0,201	0,212	0,246	0,282	0,322	0,334	0,261	0,000	0,000
7,000	-6,996	-6,983	-6,948	-6,887	-6,832	-6,810	-6,792	-6,776	-6,760	-6,755	-6,742	-6,715	-6,697	-6,639	-6,586	-0,025	0,040	0,070	0,115	0,102	0,088	0,083	0,079	0,079	0,077	0,082	0,096	0,103	0,112	0,084	0,000	0,000
8,000	-19,860	-20,029	-20,062	-20,167	-20,163	-20,212	-20,248	-20,278	-20,299	-20,353	-20,373	-20,393	-20,390	-20,347	-20,293	-0,312	-0,200	-0,194	-0,144	-0,129	-0,144	-0,142	-0,134	-0,117	-0,103	-0,053	-0,013	0,022	0,065	0,062	0,000	0,000
9,000	-9,606	-9,571	-9,508	-9,339	-9,207	-9,091	-9,028	-8,979	-8,920	-8,878	-8,818	-8,752	-8,675	-8,554	-8,403	0,033	0,133	0,187	0,324	0,345	0,311	0,305	0,285	0,270	0,265	0,277	0,289	0,298	0,301	0,225	0,000	0,000
10,000	-9,634	-9,645	-9,484	-9,327	-9,225	-9,187	-9,168	-9,144	-9,130	-9,126	-9,105	-9,071	-9,011	-8,916	-8,803	-0,067	0,200	0,203	0,231	0,197	0,164	0,143	0,130	0,119	0,128	0,147	0,170	0,204	0,215	0,171	0,000	0,000
11,000	-10,163	-10,078	-10,040	-9,898	-9,811	-9,753	-9,729	-9,702	-9,675	-9,656	-9,611	-9,573	-9,498	-9,387	-9,262	0,110	0,144	0,174	0,213	0,202	0,173	0,169	0,154	0,164	0,177	0,196	0,226	0,242	0,251	0,195	0,000	0,000
12,000	-14,815	-14,933	-14,854	-14,841	-14,775	-14,759	-14,762	-14,748	-14,734	-14,748	-14,721	-14,681	-14,626	-14,510	-14,377	-0,208	-0,030	0,010	0,063	0,070	0,064	0,070	0,071	0,079	0,090	0,135	0,173	0,221	0,245	0,191	0,000	0,000
13,000	-8,591	-8,563	-8,513	-8,505	-8,484	-8,471	-8,455	-8,442	-8,415	-8,389	-8,339	-8,278	-8,202	-8,076	-7,921	0,102	0,091	0,074	0,067	0,082	0,093	0,106	0,121	0,143	0,174	0,213	0,249	0,279	0,295	0,230	0,000	0,000
14,000	-9,066	-8,201	-8,123	-7,804	-7,743	-7,686	-7,647	-7,642	-7,612	-7,603	-7,578	-7,550	-7,475	-7,366	-7,219	2,102	1,238	0,974	0,555	0,395	0,286	0,243	0,206	0,184	0,173	0,184	0,217	0,259	0,271	0,223	0,000	0,000
15,000	-6,738	-6,498	-6,330	-6,210	-6,146	-6,130	-6,114	-6,098	-6,086	-6,082	-6,068	-6,051	-6,018	-5,962	-5,906	1,071	0,744	0,536	0,303	0,224	0,168	0,142	0,123	0,101	0,096	0,096	0,103	0,117	0,122	0,094	0,000	0,000
	run	12	2022:11:08    11:06:56,087
0,000	-13,078	-13,156	-13,179	-13,251	-13,281	-13,294	-13,297	-13,308	-13,305	-13,315	-13,305	-13,282	-13,249	-13,168	-13,073	-0,218	-0,172	-0,147	-0,104	-0,080	-0,051	-0,032	-0,011	0,008	0,026	0,060	0,103	0,141	0,156	0,127	0,000	0,000
1,000	-17,250	-17,271	-17,203	-17,025	-16,891	-16,781	-16,730	-16,681	-16,641	-16,609	-16,568	-16,530	-16,477	-16,397	-16,298	-0,148	0,070	0,156	0,292	0,302	0,280	0,261	0,229	0,215	0,198	0,198	0,195	0,199	0,202	0,154	0,000	0,000
2,000	-10,462	-10,469	-10,432	-10,300	-10,192	-10,114	-10,072	-10,037	-9,985	-9,951	-9,896	-9,821	-9,724	-9,575	-9,417	0,011	0,092	0,143	0,241	0,249	0,231	0,243	0,230	0,240	0,248	0,276	0,306	0,334	0,338	0,252	0,000	0,000
3,000	-20,646	-20,630	-20,584	-20,268	-20,060	-19,928	-19,859	-19,798	-19,751	-19,733	-19,697	-19,666	-19,614	-19,519	-19,395	0,060	0,225	0,320	0,461	0,445	0,365	0,324	0,280	0,239	0,209	0,200	0,214	0,222	0,230	0,170	0,000	0,000
4,000	-11,026	-11,126	-11,030	-11,023	-10,992	-10,980	-10,986	-10,978	-10,979	-10,957	-10,924	-10,855	-10,721	-10,516	-10,240	-0,299	-0,034	-0,028	0,030	0,043	0,060	0,075	0,098	0,117	0,175	0,260	0,343	0,434	0,480	0,396	0,000	0,000
5,000	-12,435	-12,369	-12,520	-12,542	-12,545	-12,522	-12,510	-12,505	-12,486	-12,472	-12,432	-12,343	-12,202	-11,954	-11,641	-0,010	-0,184	-0,126	-0,014	0,017	0,039	0,081	0,107	0,152	0,206	0,287	0,395	0,486	0,546	0,443	0,000	0,000
6,000	-8,736	-8,730	-8,626	-8,497	-8,404	-8,344	-8,314	-8,283	-8,246	-8,221	-8,178	-8,110	-8,018	-7,877	-7,696	-0,051	0,115	0,167	0,226	0,220	0,201	0,200	0,193	0,204	0,208	0,240	0,289	0,319	0,340	0,264	0,000	0,000
7,000	-7,018	-6,990	-6,967	-6,908	-6,853	-6,826	-6,808	-6,793	-6,778	-6,777	-6,756	-6,731	-6,713	-6,661	-6,609	-0,026	0,042	0,061	0,109	0,104	0,087	0,085	0,077	0,071	0,074	0,087	0,088	0,098	0,108	0,082	0,000	0,000
8,000	-19,770	-19,935	-19,958	-20,053	-20,045	-20,097	-20,137	-20,165	-20,191	-20,242	-20,261	-20,274	-20,280	-20,235	-20,178	-0,306	-0,196	-0,185	-0,142	-0,129	-0,143	-0,137	-0,130	-0,117	-0,095	-0,058	-0,013	0,025	0,062	0,065	0,000	0,000
9,000	-9,473	-9,459	-9,408	-9,253	-9,120	-9,013	-8,949	-8,902	-8,834	-8,798	-8,739	-8,678	-8,597	-8,477	-8,335	0,023	0,109	0,178	0,303	0,327	0,310	0,296	0,276	0,263	0,258	0,272	0,286	0,295	0,298	0,222	0,000	0,000
10,000	-9,429	-9,452	-9,337	-9,205	-9,113	-9,082	-9,057	-9,046	-9,020	-9,024	-8,998	-8,964	-8,907	-8,811	-8,704	-0,077	0,151	0,151	0,202	0,167	0,150	0,130	0,120	0,110	0,123	0,143	0,164	0,198	0,213	0,165	0,000	0,000
11,000	-10,032	-9,950	-9,919	-9,787	-9,711	-9,662	-9,626	-9,603	-9,577	-9,558	-9,521	-9,470	-9,407	-9,305	-9,178	0,079	0,117	0,147	0,203	0,195	0,161	0,162	0,155	0,160	0,160	0,186	0,214	0,232	0,244	0,189	0,000	0,000
12,000	-14,413	-14,538	-14,463	-14,446	-14,389	-14,375	-14,365	-14,357	-14,343	-14,355	-14,332	-14,298	-14,243	-14,129	-14,000	-0,196	-0,030	0,005	0,062	0,071	0,063	0,065	0,071	0,077	0,090	0,130	0,169	0,211	0,234	0,192	0,000	0,000
13,000	-8,442	-8,402	-8,365	-8,357	-8,338	-8,322	-8,313	-8,295	-8,268	-8,243	-8,198	-8,137	-8,055	-7,937	-7,781	0,096	0,084	0,077	0,064	0,076	0,083	0,102	0,118	0,143	0,169	0,207	0,249	0,275	0,287	0,225	0,000	0,000
14,000	-8,967	-8,121	-8,035	-7,731	-7,673	-7,607	-7,577	-7,564	-7,541	-7,533	-7,511	-7,474	-7,404	-7,295	-7,141	2,070	1,229	0,967	0,542	0,394	0,284	0,242	0,202	0,187	0,174	0,187	0,220	0,259	0,270	0,224	0,000	0,000
15,000	-6,784	-6,527	-6,363	-6,239	-6,184	-6,158	-6,146	-6,128	-6,114	-6,111	-6,099	-6,083	-6,049	-5,996	-5,939	1,071	0,755	0,538	0,309	0,223	0,171	0,141	0,124	0,103	0,099	0,097	0,104	0,119	0,121	0,096	0,000	0,000
	run	13	2022:11:08    11:06:56,186
0,000	-13,374	-13,452	-13,470	-13,560	-13,577	-13,597	-13,606	-13,607	-13,607	-13,614	-13,607	-13,586	-13,541	-13,468	-13,370	-0,240	-0,169	-0,152	-0,101	-0,075	-0,046	-0,029	-0,011	0,009	0,029	0,064	0,102	0,143	0,166	0,133	0,000	0,000
1,000	-17,337	-17,371	-17,291	-17,127	-16,975	-16,868	-16,821	-16,773	-16,723	-16,696	-16,653	-16,608	-16,564	-16,473	-16,380	-0,118	0,092	0,169	0,296	0,308	0,277	0,261	0,229	0,217	0,201	0,201	0,207	0,202	0,199	0,153	0,000	0,000
2,000	-10,526	-10,515	-10,491	-10,349	-10,244	-10,162	-10,121	-10,079	-10,031	-10,001	-9,932	-9,862	-9,764	-9,611	-9,438	0,005	0,089	0,146	0,240	0,257	0,234	0,245	0,234	0,242	0,253	0,289	0,320	0,342	0,348	0,266	0,000	0,000
3,000	-20,859	-20,822	-20,765	-20,430	-20,224	-20,092	-20,017	-19,961	-19,912	-19,899	-19,860	-19,824	-19,775	-19,669	-19,549	0,083	0,247	0,337	0,483	0,454	0,379	0,327	0,286	0,250	0,208	0,208	0,220	0,227	0,237	0,179	0,000	0,000
4,000	-11,151	-11,247	-11,138	-11,149	-11,114	-11,106	-11,109	-11,108	-11,102	-11,080	-11,043	-10,979	-10,847	-10,628	-10,347	-0,315	-0,027	-0,027	0,031	0,047	0,058	0,075	0,095	0,124	0,186	0,269	0,352	0,441	0,497	0,407	0,000	0,000
5,000	-12,572	-12,525	-12,680	-12,710	-12,714	-12,688	-12,672	-12,674	-12,643	-12,638	-12,592	-12,497	-12,364	-12,118	-11,801	-0,028	-0,187	-0,143	-0,015	0,017	0,032	0,081	0,112	0,154	0,205	0,290	0,396	0,490	0,553	0,446	0,000	0,000
6,000	-8,818	-8,805	-8,698	-8,560	-8,460	-8,402	-8,371	-8,346	-8,301	-8,281	-8,231	-8,166	-8,077	-7,924	-7,745	-0,058	0,121	0,171	0,234	0,235	0,201	0,205	0,198	0,205	0,215	0,256	0,287	0,328	0,343	0,267	0,000	0,000
7,000	-7,033	-7,018	-6,980	-6,920	-6,873	-6,847	-6,826	-6,814	-6,799	-6,798	-6,778	-6,755	-6,733	-6,681	-6,622	-0,023	0,025	0,049	0,111	0,101	0,086	0,084	0,078	0,078	0,078	0,084	0,094	0,101	0,110	0,086	0,000	0,000
8,000	-19,775	-19,978	-19,988	-20,089	-20,079	-20,137	-20,166	-20,199	-20,222	-20,280	-20,295	-20,318	-20,318	-20,263	-20,214	-0,323	-0,202	-0,192	-0,134	-0,130	-0,150	-0,138	-0,131	-0,122	-0,101	-0,058	-0,009	0,026	0,067	0,066	0,000	0,000
9,000	-9,487	-9,462	-9,404	-9,242	-9,106	-8,992	-8,929	-8,875	-8,813	-8,777	-8,720	-8,654	-8,576	-8,457	-8,315	0,036	0,118	0,185	0,309	0,331	0,315	0,301	0,276	0,265	0,263	0,269	0,285	0,292	0,296	0,220	0,000	0,000
10,000	-9,419	-9,460	-9,318	-9,202	-9,112	-9,079	-9,056	-9,039	-9,022	-9,027	-9,003	-8,976	-8,913	-8,824	-8,716	-0,089	0,141	0,153	0,184	0,162	0,141	0,126	0,118	0,106	0,118	0,140	0,161	0,193	0,202	0,165	0,000	0,000
11,000	-9,947	-9,865	-9,831	-9,707	-9,629	-9,577	-9,543	-9,525	-9,491	-9,478	-9,437	-9,390	-9,328	-9,226	-9,104	0,075	0,115	0,139	0,198	0,187	0,167	0,164	0,153	0,157	0,161	0,182	0,208	0,226	0,239	0,184	0,000	0,000
12,000	-14,119	-14,225	-14,147	-14,138	-14,074	-14,062	-14,054	-14,046	-14,033	-14,045	-14,022	-13,992	-13,939	-13,831	-13,706	-0,184	-0,024	0,014	0,059	0,073	0,064	0,068	0,067	0,079	0,085	0,124	0,164	0,198	0,227	0,177	0,000	0,000
13,000	-8,291	-8,228	-8,219	-8,201	-8,195	-8,176	-8,160	-8,147	-8,130	-8,095	-8,059	-7,999	-7,916	-7,804	-7,649	0,107	0,076	0,062	0,059	0,069	0,080	0,097	0,114	0,138	0,168	0,203	0,240	0,266	0,278	0,223	0,000	0,000
14,000	-9,002	-8,212	-8,071	-7,771	-7,733	-7,667	-7,637	-7,627	-7,604	-7,590	-7,573	-7,531	-7,456	-7,352	-7,201	2,004	1,232	0,966	0,554	0,387	0,280	0,245	0,203	0,181	0,171	0,190	0,218	0,258	0,273	0,219	0,000	0,000
15,000	-6,820	-6,554	-6,391	-6,264	-6,199	-6,177	-6,161	-6,147	-6,135	-6,132	-6,118	-6,101	-6,068	-6,019	-5,958	1,069	0,764	0,552	0,314	0,225	0,173	0,145	0,126	0,105	0,095	0,096	0,102	0,116	0,121	0,098	0,000	0,000
	run	14	2022:11:08    11:06:56,285
0,000	-13,379	-13,439	-13,466	-13,559	-13,578	-13,590	-13,605	-13,606	-13,610	-13,617	-13,609	-13,578	-13,543	-13,457	-13,365	-0,226	-0,166	-0,151	-0,107	-0,080	-0,058	-0,029	-0,016	0,000	0,026	0,063	0,107	0,144	0,167	0,136	0,000	0,000
1,000	-17,629	-17,639	-17,575	-17,380	-17,229	-17,125	-17,063	-17,016	-16,970	-16,940	-16,896	-16,856	-16,800	-16,718	-16,616	-0,095	0,093	0,180	0,311	0,328	0,300	0,272	0,242	0,226	0,211	0,206	0,212	0,209	0,212	0,157	0,000	0,000
2,000	-10,628	-10,621	-10,581	-10,438	-10,331	-10,248	-10,209	-10,168	-10,118	-10,078	-10,020	-9,945	-9,849	-9,693	-9,523	0,008	0,095	0,159	0,257	0,262	0,237	0,247	0,238	0,245	0,261	0,287	0,323	0,349	0,351	0,263	0,000	0,000
3,000	-21,074	-21,041	-20,969	-20,626	-20,413	-20,271	-20,197	-20,142	-20,092	-20,088	-20,041	-20,003	-19,950	-19,847	-19,720	0,088	0,270	0,360	0,495	0,478	0,389	0,346	0,299	0,257	0,220	0,212	0,221	0,233	0,239	0,180	0,000	0,000
4,000	-11,210	-11,305	-11,248	-11,227	-11,204	-11,208	-11,205	-11,199	-11,191	-11,171	-11,138	-11,070	-10,924	-10,706	-10,416	-0,294	-0,048	-0,033	0,019	0,034	0,060	0,077	0,093	0,121	0,191	0,276	0,364	0,452	0,509	0,419	0,000	0,000
5,000	-12,624	-12,559	-12,713	-12,738	-12,745	-12,718	-12,706	-12,706	-12,676	-12,669	-12,617	-12,522	-12,383	-12,132	-11,808	-0,056	-0,199	-0,135	-0,017	0,022	0,043	0,078	0,116	0,156	0,209	0,302	0,407	0,503	0,568	0,463	0,000	0,000
6,000	-8,752	-8,763	-8,664	-8,522	-8,423	-8,366	-8,340	-8,302	-8,268	-8,247	-8,194	-8,136	-8,041	-7,896	-7,716	-0,062	0,126	0,169	0,228	0,227	0,200	0,204	0,196	0,199	0,212	0,255	0,286	0,323	0,341	0,265	0,000	0,000
7,000	-6,986	-6,948	-6,945	-6,870	-6,827	-6,795	-6,781	-6,771	-6,752	-6,749	-6,731	-6,712	-6,688	-6,638	-6,590	-0,033	0,031	0,055	0,106	0,097	0,082	0,081	0,075	0,076	0,070	0,082	0,093	0,099	0,105	0,083	0,000	0,000
8,000	-19,695	-19,874	-19,888	-19,994	-19,995	-20,043	-20,083	-20,113	-20,138	-20,196	-20,216	-20,229	-20,233	-20,188	-20,126	-0,314	-0,196	-0,187	-0,143	-0,130	-0,152	-0,145	-0,132	-0,119	-0,102	-0,067	-0,019	0,020	0,059	0,058	0,000	0,000
9,000	-9,495	-9,469	-9,396	-9,242	-9,105	-8,990	-8,928	-8,873	-8,815	-8,778	-8,719	-8,657	-8,579	-8,459	-8,317	0,027	0,124	0,195	0,326	0,331	0,313	0,302	0,280	0,269	0,255	0,267	0,284	0,294	0,295	0,220	0,000	0,000
10,000	-9,399	-9,426	-9,302	-9,187	-9,099	-9,067	-9,048	-9,026	-9,007	-9,005	-8,987	-8,959	-8,894	-8,806	-8,698	-0,075	0,132	0,147	0,184	0,159	0,141	0,125	0,117	0,108	0,116	0,136	0,163	0,195	0,202	0,162	0,000	0,000
11,000	-9,870	-9,786	-9,755	-9,636	-9,554	-9,501	-9,470	-9,449	-9,420	-9,402	-9,363	-9,318	-9,255	-9,154	-9,031	0,075	0,110	0,149	0,194	0,189	0,165	0,162	0,154	0,160	0,162	0,187	0,208	0,222	0,243	0,184	0,000	0,000
12,000	-14,119	-14,243	-14,159	-14,147	-14,090	-14,074	-14,076	-14,066	-14,050	-14,063	-14,039	-14,003	-13,950	-13,839	-13,717	-0,190	-0,017	0,002	0,064	0,068	0,061	0,065	0,064	0,076	0,087	0,122	0,166	0,200	0,226	0,181	0,000	0,000
13,000	-8,292	-8,262	-8,228	-8,222	-8,210	-8,196	-8,184	-8,170	-8,144	-8,120	-8,074	-8,017	-7,938	-7,823	-7,672	0,077	0,072	0,063	0,054	0,070	0,080	0,099	0,112	0,134	0,165	0,202	0,241	0,261	0,280	0,223	0,000	0,000
14,000	-9,044	-8,197	-8,103	-7,803	-7,749	-7,680	-7,651	-7,639	-7,620	-7,611	-7,588	-7,551	-7,478	-7,368	-7,216	2,076	1,223	0,963	0,542	0,391	0,285	0,245	0,205	0,181	0,177	0,191	0,222	0,263	0,275	0,222	0,000	0,000
15,000	-6,838	-6,573	-6,411	-6,282	-6,226	-6,200	-6,190	-6,168	-6,154	-6,152	-6,143	-6,120	-6,087	-6,035	-5,974	1,095	0,763	0,552	0,320	0,229	0,175	0,148	0,126	0,104	0,098	0,097	0,104	0,118	0,124	0,099	0,000	0,000
	run	15	2022:11:08    11:06:56,334
0,000	-13,406	-13,468	-13,490	-13,581	-13,607	-13,624	-13,636	-13,636	-13,637	-13,643	-13,636	-13,610	-13,570	-13,490	-13,391	-0,239	-0,174	-0,151	-0,117	-0,088	-0,054	-0,032	-0,017	0,006	0,033	0,062	0,111	0,147	0,171	0,135	0,000	0,000
1,000	-17,671	-17,703	-17,621	-17,425	-17,273	-17,177	-17,110	-17,057	-17,012	-16,984	-16,931	-16,901	-16,845	-16,764	-16,662	-0,099	0,116	0,196	0,318	0,333	0,301	0,277	0,247	0,226	0,204	0,206	0,212	0,204	0,211	0,158	0,000	0,000
2,000	-10,628	-10,621	-10,581	-10,438	-10,331	-10,248	-10,209	-10,168	-10,118	-10,078	-10,020	-9,945	-9,849	-9,693	-9,523	0,008	0,095	0,159	0,257	0,262	0,237	0,247	0,238	0,245	0,261	0,287	0,323	0,349	0,351	0,263	0,000	0,000
3,000	-21,074	-21,041	-20,969	-20,626	-20,413	-20,271	-20,197	-20,142	-20,092	-20,088	-20,041	-20,003	-19,950	-19,847	-19,720	0,088	0,270	0,360	0,495	0,478	0,389	0,346	0,299	0,257	0,220	0,212	0,221	0,233	0,239	0,180	0,000	0,000
4,000	-11,210	-11,305	-11,248	-11,227	-11,204	-11,208	-11,205	-11,199	-11,191	-11,171	-11,138	-11,070	-10,924	-10,706	-10,416	-0,294	-0,048	-0,033	0,019	0,034	0,060	0,077	0,093	0,121	0,191	0,276	0,364	0,452	0,509	0,419	0,000	0,000
5,000	-12,624	-12,559	-12,713	-12,738	-12,745	-12,718	-12,706	-12,706	-12,676	-12,669	-12,617	-12,522	-12,383	-12,132	-11,808	-0,056	-0,199	-0,135	-0,017	0,022	0,043	0,078	0,116	0,156	0,209	0,302	0,407	0,503	0,568	0,463	0,000	0,000
6,000	-8,752	-8,763	-8,664	-8,522	-8,423	-8,366	-8,340	-8,302	-8,268	-8,247	-8,194	-8,136	-8,041	-7,896	-7,716	-0,062	0,126	0,169	0,228	0,227	0,200	0,204	0,196	0,199	0,212	0,255	0,286	0,323	0,341	0,265	0,000	0,000
7,000	-6,986	-6,948	-6,945	-6,870	-6,827	-6,795	-6,781	-6,771	-6,752	-6,749	-6,731	-6,712	-6,688	-6,638	-6,590	-0,033	0,031	0,055	0,106	0,097	0,082	0,081	0,075	0,076	0,070	0,082	0,093	0,099	0,105	0,083	0,000	0,000
8,000	-19,650	-19,830	-19,846	-19,945	-19,933	-19,981	-20,021	-20,045	-20,073	-20,130	-20,148	-20,165	-20,166	-20,125	-20,064	-0,306	-0,190	-0,180	-0,127	-0,119	-0,135	-0,138	-0,133	-0,114	-0,098	-0,057	-0,010	0,019	0,063	0,062	0,000	0,000
9,000	-9,453	-9,425	-9,380	-9,229	-9,102	-8,991	-8,927	-8,878	-8,815	-8,783	-8,734	-8,658	-8,585	-8,464	-8,324	0,020	0,098	0,178	0,295	0,320	0,300	0,296	0,265	0,264	0,249	0,267	0,278	0,285	0,292	0,218	0,000	0,000
10,000	-9,319	-9,337	-9,218	-9,096	-9,011	-8,976	-8,960	-8,939	-8,923	-8,920	-8,915	-8,865	-8,809	-8,720	-8,612	-0,078	0,139	0,146	0,189	0,157	0,145	0,129	0,118	0,110	0,122	0,136	0,162	0,193	0,206	0,161	0,000	0,000
11,000	-9,945	-9,848	-9,827	-9,703	-9,618	-9,568	-9,537	-9,514	-9,487	-9,468	-9,434	-9,382	-9,320	-9,214	-9,091	0,077	0,119	0,142	0,196	0,193	0,165	0,164	0,151	0,160	0,163	0,183	0,210	0,231	0,246	0,186	0,000	0,000
12,000	-14,338	-14,458	-14,383	-14,366	-14,319	-14,298	-14,292	-14,283	-14,272	-14,285	-14,261	-14,226	-14,169	-14,060	-13,935	-0,187	-0,021	0,004	0,052	0,072	0,057	0,068	0,066	0,077	0,093	0,125	0,172	0,203	0,228	0,185	0,000	0,000
13,000	-8,413	-8,375	-8,335	-8,331	-8,312	-8,297	-8,289	-8,271	-8,250	-8,218	-8,172	-8,117	-8,041	-7,919	-7,765	0,086	0,083	0,061	0,061	0,076	0,091	0,101	0,115	0,139	0,170	0,205	0,241	0,268	0,281	0,221	0,000	0,000
14,000	-9,001	-8,173	-8,091	-7,773	-7,716	-7,672	-7,629	-7,619	-7,593	-7,589	-7,565	-7,528	-7,457	-7,338	-7,186	2,056	1,219	0,961	0,539	0,388	0,286	0,239	0,208	0,179	0,187	0,191	0,226	0,260	0,276	0,223	0,000	0,000
15,000	-6,798	-6,549	-6,387	-6,257	-6,196	-6,177	-6,160	-6,142	-6,128	-6,127	-6,112	-6,097	-6,061	-6,010	-5,947	1,097	0,762	0,555	0,309	0,227	0,173	0,146	0,124	0,105	0,100	0,098	0,106	0,122	0,125	0,100	0,000	0,000
	run	16	2022:11:08    11:06:56,433
0,000	-13,273	-13,348	-13,376	-13,459	-13,481	-13,496	-13,506	-13,518	-13,512	-13,513	-13,513	-13,488	-13,445	-13,370	-13,272	-0,237	-0,178	-0,148	-0,110	-0,077	-0,056	-0,032	-0,018	0,010	0,028	0,064	0,104	0,143	0,162	0,132	0,000	0,000
1,000	-17,430	-17,424	-17,352	-17,175	-17,020	-16,923	-16,866	-16,818	-16,774	-16,742	-16,700	-16,662	-16,613	-16,523	-16,430	-0,113	0,088	0,167	0,302	0,317	0,286	0,265	0,234	0,215	0,200	0,200	0,205	0,203	0,204	0,152	0,000	0,000
2,000	-10,483	-10,484	-10,458	-10,325	-10,217	-10,139	-10,096	-10,054	-10,001	-9,971	-9,909	-9,837	-9,737	-9,596	-9,425	0,005	0,084	0,137	0,238	0,254	0,231	0,235	0,234	0,243	0,246	0,279	0,313	0,336	0,345	0,260	0,000	0,000
3,000	-20,705	-20,674	-20,635	-20,311	-20,105	-19,973	-19,900	-19,845	-19,791	-19,778	-19,741	-19,708	-19,654	-19,553	-19,434	0,077	0,226	0,318	0,471	0,447	0,374	0,328	0,285	0,248	0,210	0,204	0,211	0,222	0,229	0,176	0,000	0,000
4,000	-11,001	-11,101	-11,009	-11,005	-10,972	-10,967	-10,965	-10,960	-10,955	-10,944	-10,903	-10,835	-10,705	-10,494	-10,218	-0,314	-0,026	-0,034	0,030	0,039	0,059	0,079	0,090	0,119	0,178	0,257	0,345	0,437	0,486	0,399	0,000	0,000
5,000	-12,372	-12,291	-12,458	-12,481	-12,486	-12,458	-12,450	-12,451	-12,421	-12,411	-12,370	-12,281	-12,148	-11,908	-11,600	-0,027	-0,185	-0,126	-0,024	0,011	0,042	0,073	0,106	0,155	0,201	0,291	0,385	0,474	0,538	0,438	0,000	0,000
6,000	-8,666	-8,656	-8,571	-8,422	-8,326	-8,269	-8,239	-8,210	-8,174	-8,149	-8,097	-8,033	-7,947	-7,797	-7,624	-0,060	0,115	0,158	0,232	0,225	0,204	0,200	0,190	0,204	0,207	0,244	0,288	0,322	0,340	0,265	0,000	0,000
7,000	-6,911	-6,891	-6,864	-6,810	-6,760	-6,731	-6,719	-6,711	-6,692	-6,682	-6,667	-6,645	-6,624	-6,582	-6,527	-0,027	0,030	0,052	0,099	0,097	0,081	0,081	0,077	0,074	0,070	0,079	0,092	0,097	0,106	0,075	0,000	0,000
8,000	-19,502	-19,680	-19,695	-19,793	-19,777	-19,830	-19,864	-19,891	-19,917	-19,969	-19,985	-20,008	-20,002	-19,962	-19,915	-0,296	-0,179	-0,169	-0,122	-0,116	-0,138	-0,127	-0,131	-0,114	-0,099	-0,056	-0,017	0,020	0,060	0,063	0,000	0,000
9,000	-9,375	-9,363	-9,310	-9,177	-9,054	-8,936	-8,880	-8,826	-8,772	-8,726	-8,673	-8,603	-8,535	-8,416	-8,274	-0,004	0,094	0,163	0,286	0,310	0,294	0,287	0,264	0,259	0,247	0,259	0,283	0,290	0,293	0,213	0,000	0,000
10,000	-9,428	-9,447	-9,323	-9,199	-9,101	-9,066	-9,039	-9,027	-9,008	-9,007	-8,985	-8,949	-8,892	-8,797	-8,691	-0,066	0,153	0,156	0,198	0,173	0,149	0,133	0,123	0,114	0,121	0,137	0,164	0,195	0,211	0,164	0,000	0,000
11,000	-10,072	-9,992	-9,959	-9,826	-9,750	-9,695	-9,659	-9,642	-9,609	-9,593	-9,551	-9,507	-9,443	-9,337	-9,210	0,087	0,130	0,157	0,198	0,194	0,167	0,168	0,156	0,158	0,160	0,192	0,218	0,234	0,243	0,189	0,000	0,000
12,000	-14,571	-14,701	-14,628	-14,609	-14,548	-14,531	-14,531	-14,516	-14,501	-14,515	-14,485	-14,450	-14,398	-14,288	-14,156	-0,200	-0,029	0,009	0,061	0,067	0,064	0,071	0,073	0,072	0,091	0,127	0,175	0,214	0,238	0,190	0,000	0,000
13,000	-8,530	-8,487	-8,444	-8,435	-8,416	-8,403	-8,391	-8,376	-8,352	-8,323	-8,276	-8,213	-8,134	-8,015	-7,858	0,093	0,096	0,078	0,063	0,074	0,091	0,107	0,120	0,142	0,166	0,209	0,242	0,275	0,292	0,229	0,000	0,000
14,000	-9,064	-8,234	-8,155	-7,826	-7,779	-7,722	-7,688	-7,675	-7,652	-7,632	-7,612	-7,588	-7,514	-7,397	-7,242	2,090	1,253	0,962	0,554	0,403	0,286	0,245	0,205	0,183	0,180	0,194	0,222	0,265	0,274	0,222	0,000	0,000
15,000	-6,821	-6,553	-6,393	-6,267	-6,202	-6,183	-6,169	-6,154	-6,137	-6,132	-6,122	-6,107	-6,075	-6,016	-5,957	1,082	0,761	0,547	0,311	0,227	0,177	0,146	0,123	0,107	0,100	0,092	0,105	0,119	0,121	0,099	0,000	0,000
	run	17	2022:11:08    11:06:56,486
0,000	-13,273	-13,348	-13,376	-13,459	-13,481	-13,496	-13,506	-13,518	-13,512	-13,513	-13,513	-13,488	-13,445	-13,370	-13,272	-0,237	-0,178	-0,148	-0,110	-0,077	-0,056	-0,032	-0,018	0,010	0,028	0,064	0,104	0,143	0,162	0,132	0,000	0,000
1,000	-17,430	-17,424	-17,352	-17,175	-17,020	-16,923	-16,866	-16,818	-16,774	-16,742	-16,700	-16,662	-16,613	-16,523	-16,430	-0,113	0,088	0,167	0,302	0,317	0,286	0,265	0,234	0,215	0,200	0,200	0,205	0,203	0,204	0,152	0,000	0,000
2,000	-10,483	-10,484	-10,458	-10,325	-10,217	-10,139	-10,096	-10,054	-10,001	-9,971	-9,909	-9,837	-9,737	-9,596	-9,425	0,005	0,084	0,137	0,238	0,254	0,231	0,235	0,234	0,243	0,246	0,279	0,313	0,336	0,345	0,260	0,000	0,000
3,000	-20,705	-20,674	-20,635	-20,311	-20,105	-19,973	-19,900	-19,845	-19,791	-19,778	-19,741	-19,708	-19,654	-19,553	-19,434	0,077	0,226	0,318	0,471	0,447	0,374	0,328	0,285	0,248	0,210	0,204	0,211	0,222	0,229	0,176	0,000	0,000
4,000	-11,001	-11,101	-11,009	-11,005	-10,972	-10,967	-10,965	-10,960	-10,955	-10,944	-10,903	-10,835	-10,705	-10,494	-10,218	-0,314	-0,026	-0,034	0,030	0,039	0,059	0,079	0,090	0,119	0,178	0,257	0,345	0,437	0,486	0,399	0,000	0,000
5,000	-12,372	-12,291	-12,458	-12,481	-12,486	-12,458	-12,450	-12,451	-12,421	-12,411	-12,370	-12,281	-12,148	-11,908	-11,600	-0,027	-0,185	-0,126	-0,024	0,011	0,042	0,073	0,106	0,155	0,201	0,291	0,385	0,474	0,538	0,438	0,000	0,000
6,000	-8,629	-8,620	-8,532	-8,390	-8,295	-8,234	-8,197	-8,173	-8,134	-8,115	-8,072	-8,001	-7,916	-7,771	-7,601	-0,060	0,110	0,154	0,219	0,221	0,193	0,197	0,195	0,199	0,205	0,244	0,285	0,314	0,337	0,263	0,000	0,000
7,000	-6,893	-6,881	-6,864	-6,803	-6,753	-6,724	-6,711	-6,698	-6,685	-6,684	-6,667	-6,638	-6,620	-6,567	-6,515	-0,027	0,032	0,050	0,102	0,098	0,074	0,083	0,075	0,074	0,076	0,079	0,088	0,101	0,107	0,079	0,000	0,000
8,000	-19,600	-19,763	-19,782	-19,875	-19,863	-19,912	-19,946	-19,972	-20,002	-20,058	-20,074	-20,091	-20,088	-20,039	-19,987	-0,284	-0,180	-0,169	-0,131	-0,123	-0,133	-0,130	-0,125	-0,110	-0,097	-0,058	-0,007	0,025	0,065	0,061	0,000	0,000
9,000	-9,503	-9,483	-9,423	-9,264	-9,136	-9,018	-8,954	-8,900	-8,841	-8,810	-8,746	-8,689	-8,605	-8,480	-8,339	0,020	0,108	0,179	0,311	0,333	0,310	0,302	0,276	0,264	0,258	0,271	0,291	0,291	0,294	0,221	0,000	0,000
10,000	-9,654	-9,659	-9,510	-9,363	-9,261	-9,221	-9,197	-9,182	-9,163	-9,162	-9,139	-9,104	-9,045	-8,951	-8,842	-0,065	0,178	0,188	0,229	0,185	0,160	0,144	0,129	0,118	0,130	0,147	0,170	0,203	0,209	0,168	0,000	0,000
11,000	-10,189	-10,099	-10,069	-9,925	-9,848	-9,791	-9,761	-9,740	-9,706	-9,690	-9,645	-9,603	-9,535	-9,426	-9,296	0,098	0,140	0,166	0,212	0,206	0,173	0,173	0,158	0,163	0,168	0,191	0,220	0,241	0,256	0,197	0,000	0,000
12,000	-14,695	-14,818	-14,751	-14,735	-14,674	-14,654	-14,653	-14,646	-14,625	-14,637	-14,612	-14,578	-14,522	-14,406	-14,278	-0,194	-0,030	0,007	0,059	0,066	0,062	0,065	0,071	0,084	0,089	0,138	0,177	0,213	0,240	0,195	0,000	0,000
13,000	-8,617	-8,548	-8,524	-8,511	-8,495	-8,480	-8,466	-8,451	-8,427	-8,395	-8,355	-8,289	-8,206	-8,087	-7,928	0,127	0,090	0,079	0,073	0,079	0,089	0,103	0,119	0,147	0,176	0,212	0,250	0,279	0,296	0,231	0,000	0,000
14,000	-9,192	-8,383	-8,253	-7,953	-7,883	-7,822	-7,794	-7,780	-7,758	-7,745	-7,730	-7,691	-7,613	-7,501	-7,349	2,042	1,247	0,975	0,553	0,403	0,295	0,246	0,211	0,190	0,176	0,190	0,224	0,265	0,275	0,221	0,000	0,000
15,000	-6,801	-6,540	-6,380	-6,256	-6,193	-6,176	-6,163	-6,145	-6,133	-6,132	-6,116	-6,100	-6,068	-6,016	-5,962	1,090	0,763	0,552	0,308	0,224	0,171	0,143	0,124	0,103	0,096	0,091	0,103	0,114	0,118	0,092	0,000	0,000
	run	18	2022:11:08    11:06:56,587
0,000	-13,058	-13,145	-13,145	-13,228	-13,243	-13,263	-13,270	-13,271	-13,271	-13,281	-13,272	-13,248	-13,211	-13,133	-13,044	-0,238	-0,159	-0,151	-0,101	-0,074	-0,054	-0,027	-0,012	0,004	0,029	0,062	0,104	0,136	0,157	0,129	0,000	0,000
1,000	-16,805	-16,844	-16,795	-16,639	-16,501	-16,408	-16,356	-16,312	-16,269	-16,245	-16,200	-16,157	-16,109	-16,035	-15,941	-0,153	0,045	0,135	0,257	0,286	0,260	0,246	0,219	0,201	0,189	0,193	0,194	0,196	0,192	0,146	0,000	0,000
2,000	-10,113	-10,113	-10,099	-9,975	-9,882	-9,802	-9,759	-9,725	-9,679	-9,644	-9,589	-9,522	-9,428	-9,288	-9,133	-0,018	0,064	0,123	0,220	0,233	0,223	0,227	0,221	0,227	0,237	0,267	0,301	0,318	0,323	0,244	0,000	0,000
3,000	-19,987	-19,989	-19,939	-19,682	-19,494	-19,372	-19,300	-19,248	-19,203	-19,187	-19,151	-19,114	-19,063	-18,967	-18,857	0,037	0,179	0,263	0,411	0,409	0,345	0,306	0,267	0,234	0,199	0,197	0,209	0,214	0,225	0,165	0,000	0,000
4,000	-10,893	-10,990	-10,904	-10,896	-10,865	-10,852	-10,857	-10,844	-10,851	-10,832	-10,799	-10,729	-10,600	-10,398	-10,132	-0,294	-0,027	-0,026	0,039	0,043	0,059	0,078	0,092	0,118	0,180	0,256	0,340	0,425	0,475	0,390	0,000	0,000
5,000	-12,387	-12,320	-12,479	-12,499	-12,505	-12,478	-12,469	-12,469	-12,440	-12,433	-12,387	-12,298	-12,162	-11,936	-11,621	-0,039	-0,182	-0,146	-0,021	0,010	0,031	0,080	0,107	0,152	0,203	0,285	0,373	0,477	0,537	0,434	0,000	0,000
6,000	-8,705	-8,702	-8,616	-8,468	-8,368	-8,311	-8,280	-8,257	-8,210	-8,191	-8,147	-8,076	-7,989	-7,835	-7,664	-0,058	0,125	0,165	0,222	0,223	0,200	0,198	0,197	0,197	0,216	0,249	0,291	0,325	0,343	0,266	0,000	0,000
7,000	-7,039	-6,998	-6,964	-6,903	-6,844	-6,814	-6,803	-6,788	-6,780	-6,768	-6,753	-6,731	-6,705	-6,653	-6,598	-0,002	0,035	0,073	0,119	0,106	0,085	0,082	0,077	0,073	0,077	0,085	0,099	0,103	0,110	0,087	0,000	0,000
8,000	-20,027	-20,214	-20,241	-20,360	-20,357	-20,407	-20,446	-20,474	-20,496	-20,555	-20,568	-20,585	-20,585	-20,540	-20,478	-0,305	-0,208	-0,194	-0,151	-0,136	-0,150	-0,142	-0,134	-0,118	-0,108	-0,061	-0,014	0,023	0,068	0,064	0,000	0,000
9,000	-9,743	-9,687	-9,627	-9,446	-9,306	-9,191	-9,129	-9,077	-9,016	-8,975	-8,916	-8,850	-8,771	-8,647	-8,499	0,043	0,135	0,210	0,334	0,349	0,320	0,310	0,285	0,275	0,261	0,272	0,295	0,302	0,305	0,230	0,000	0,000
10,000	-9,686	-9,684	-9,537	-9,381	-9,284	-9,243	-9,221	-9,204	-9,182	-9,188	-9,161	-9,123	-9,063	-8,970	-8,856	-0,054	0,188	0,191	0,231	0,192	0,166	0,146	0,130	0,118	0,132	0,149	0,172	0,208	0,218	0,173	0,000	0,000
11,000	-10,173	-10,088	-10,057	-9,913	-9,825	-9,769	-9,741	-9,713	-9,685	-9,665	-9,623	-9,578	-9,509	-9,402	-9,271	0,094	0,147	0,167	0,218	0,205	0,177	0,173	0,165	0,170	0,172	0,197	0,223	0,246	0,254	0,195	0,000	0,000
12,000	-14,781	-14,895	-14,820	-14,805	-14,749	-14,731	-14,722	-14,713	-14,697	-14,714	-14,682	-14,651	-14,590	-14,478	-14,345	-0,197	-0,032	0,010	0,060	0,067	0,061	0,070	0,073	0,078	0,087	0,136	0,182	0,220	0,244	0,192	0,000	0,000
13,000	-8,614	-8,572	-8,528	-8,517	-8,501	-8,486	-8,476	-8,458	-8,439	-8,404	-8,361	-8,301	-8,220	-8,104	-7,952	0,094	0,092	0,068	0,074	0,073	0,087	0,107	0,116	0,138	0,172	0,211	0,246	0,273	0,283	0,227	0,000	0,000
14,000	-9,213	-8,379	-8,275	-7,963	-7,895	-7,840	-7,804	-7,790	-7,763	-7,759	-7,738	-7,704	-7,629	-7,522	-7,363	2,081	1,257	0,984	0,556	0,408	0,294	0,245	0,206	0,188	0,175	0,195	0,223	0,258	0,269	0,218	0,000	0,000
15,000	-6,734	-6,480	-6,322	-6,197	-6,138	-6,115	-6,102	-6,084	-6,072	-6,076	-6,060	-6,046	-6,012	-5,962	-5,909	1,058	0,756	0,538	0,306	0,224	0,168	0,143	0,118	0,101	0,090	0,095	0,098	0,116	0,120	0,092	0,000	0,000
	run	19	2022:11:08    11:06:56,686
0,000	-12,884	-12,977	-12,982	-13,069	-13,086	-13,100	-13,105	-13,116	-13,109	-13,119	-13,109	-13,087	-13,050	-12,974	-12,885	-0,224	-0,169	-0,145	-0,097	-0,078	-0,049	-0,029	-0,016	0,010	0,030	0,060	0,096	0,136	0,155	0,129	0,000	0,000
1,000	-16,865	-16,900	-16,836	-16,682	-16,543	-16,452	-16,397	-16,358	-16,308	-16,284	-16,241	-16,202	-16,157	-16,079	-15,987	-0,149	0,060	0,137	0,265	0,284	0,257	0,244	0,221	0,205	0,191	0,188	0,193	0,189	0,192	0,143	0,000	0,000
2,000	-10,203	-10,187	-10,167	-10,055	-9,948	-9,876	-9,833	-9,797	-9,749	-9,714	-9,650	-9,587	-9,500	-9,360	-9,203	0,005	0,077	0,132	0,232	0,241	0,231	0,226	0,229	0,229	0,236	0,269	0,296	0,319	0,318	0,243	0,000	0,000
3,000	-20,125	-20,124	-20,094	-19,823	-19,627	-19,505	-19,437	-19,375	-19,324	-19,310	-19,272	-19,236	-19,188	-19,090	-18,983	0,020	0,178	0,266	0,418	0,415	0,347	0,313	0,270	0,238	0,203	0,192	0,208	0,213	0,224	0,168	0,000	0,000
4,000	-10,790	-10,907	-10,810	-10,785	-10,752	-10,756	-10,750	-10,748	-10,741	-10,728	-10,698	-10,625	-10,498	-10,294	-10,028	-0,338	-0,027	-0,026	0,040	0,041	0,071	0,074	0,093	0,118	0,179	0,255	0,330	0,426	0,468	0,388	0,000	0,000
5,000	-12,325	-12,236	-12,397	-12,424	-12,442	-12,414	-12,396	-12,398	-12,370	-12,357	-12,320	-12,232	-12,091	-11,851	-11,532	-0,040	-0,190	-0,137	-0,019	0,016	0,034	0,078	0,114	0,159	0,206	0,287	0,388	0,486	0,548	0,448	0,000	0,000
6,000	-8,772	-8,774	-8,688	-8,553	-8,451	-8,397	-8,364	-8,336	-8,296	-8,272	-8,221	-8,161	-8,070	-7,914	-7,733	-0,067	0,110	0,160	0,230	0,224	0,204	0,200	0,196	0,198	0,216	0,254	0,297	0,328	0,348	0,274	0,000	0,000
7,000	-7,202	-7,163	-7,114	-7,032	-6,980	-6,949	-6,936	-6,924	-6,898	-6,893	-6,878	-6,858	-6,824	-6,774	-6,716	-0,007	0,066	0,084	0,127	0,119	0,098	0,092	0,090	0,082	0,084	0,089	0,103	0,111	0,118	0,092	0,000	0,000
8,000	-20,248	-20,435	-20,471	-20,591	-20,587	-20,640	-20,682	-20,718	-20,738	-20,800	-20,812	-20,836	-20,835	-20,791	-20,730	-0,296	-0,234	-0,225	-0,168	-0,147	-0,153	-0,150	-0,146	-0,121	-0,098	-0,061	-0,015	0,026	0,066	0,061	0,000	0,000
9,000	-9,816	-9,773	-9,704	-9,498	-9,361	-9,242	-9,178	-9,126	-9,065	-9,023	-8,962	-8,900	-8,819	-8,689	-8,534	0,073	0,153	0,227	0,349	0,358	0,326	0,316	0,288	0,279	0,272	0,287	0,300	0,312	0,316	0,233	0,000	0,000
10,000	-9,723	-9,712	-9,575	-9,410	-9,310	-9,271	-9,249	-9,226	-9,217	-9,212	-9,187	-9,153	-9,089	-8,992	-8,880	-0,037	0,186	0,199	0,230	0,196	0,162	0,145	0,130	0,119	0,136	0,147	0,174	0,207	0,220	0,175	0,000	0,000
11,000	-10,209	-10,113	-10,068	-9,926	-9,837	-9,786	-9,753	-9,733	-9,701	-9,683	-9,638	-9,591	-9,526	-9,418	-9,285	0,100	0,150	0,178	0,219	0,209	0,180	0,178	0,164	0,168	0,178	0,196	0,221	0,247	0,257	0,199	0,000	0,000
12,000	-14,768	-14,899	-14,816	-14,801	-14,743	-14,732	-14,723	-14,717	-14,697	-14,707	-14,681	-14,650	-14,596	-14,474	-14,338	-0,197	-0,017	0,010	0,066	0,072	0,065	0,069	0,073	0,077	0,090	0,131	0,180	0,217	0,242	0,194	0,000	0,000
13,000	-8,535	-8,515	-8,467	-8,461	-8,438	-8,426	-8,413	-8,398	-8,379	-8,347	-8,301	-8,236	-8,156	-8,028	-7,879	0,090	0,099	0,074	0,060	0,083	0,091	0,105	0,122	0,142	0,174	0,204	0,248	0,277	0,294	0,230	0,000	0,000
14,000	-9,010	-8,147	-8,074	-7,759	-7,707	-7,644	-7,609	-7,598	-7,578	-7,564	-7,543	-7,513	-7,440	-7,333	-7,190	2,085	1,230	0,964	0,546	0,393	0,278	0,236	0,203	0,178	0,168	0,189	0,219	0,254	0,266	0,211	0,000	0,000
15,000	-6,653	-6,409	-6,252	-6,137	-6,073	-6,059	-6,045	-6,027	-6,011	-6,010	-6,001	-5,981	-5,953	-5,899	-5,846	1,055	0,739	0,533	0,303	0,219	0,167	0,138	0,120	0,099	0,095	0,094	0,104	0,117	0,117	0,093	0,000	0,000
	run	20	2022:11:08    11:06:56,734
0,000	-12,847	-12,921	-12,931	-13,017	-13,032	-13,050	-13,056	-13,060	-13,056	-13,069	-13,054	-13,038	-12,997	-12,921	-12,833	-0,231	-0,175	-0,142	-0,099	-0,077	-0,044	-0,024	-0,012	0,012	0,031	0,064	0,097	0,133	0,152	0,128	0,000	0,000
1,000	-16,799	-16,852	-16,799	-16,642	-16,509	-16,416	-16,365	-16,314	-16,272	-16,247	-16,199	-16,165	-16,121	-16,037	-15,947	-0,139	0,052	0,141	0,257	0,281	0,262	0,243	0,221	0,204	0,185	0,190	0,195	0,191	0,195	0,143	0,000	0,000
2,000	-10,203	-10,187	-10,167	-10,055	-9,948	-9,876	-9,833	-9,797	-9,749	-9,714	-9,650	-9,587	-9,500	-9,360	-9,203	0,005	0,077	0,132	0,232	0,241	0,231	0,226	0,229	0,229	0,236	0,269	0,296	0,319	0,318	0,243	0,000	0,000
3,000	-20,125	-20,124	-20,094	-19,823	-19,627	-19,505	-19,437	-19,375	-19,324	-19,310	-19,272	-19,236	-19,188	-19,090	-18,983	0,020	0,178	0,266	0,418	0,415	0,347	0,313	0,270	0,238	0,203	0,192	0,208	0,213	0,224	0,168	0,000	0,000
4,000	-10,790	-10,907	-10,810	-10,785	-10,752	-10,756	-10,750	-10,748	-10,741	-10,728	-10,698	-10,625	-10,498	-10,294	-10,028	-0,338	-0,027	-0,026	0,040	0,041	0,071	0,074	0,093	0,118	0,179	0,255	0,330	0,426	0,468	0,388	0,000	0,000
5,000	-12,325	-12,236	-12,397	-12,424	-12,442	-12,414	-12,396	-12,398	-12,370	-12,357	-12,320	-12,232	-12,091	-11,851	-11,532	-0,040	-0,190	-0,137	-0,019	0,016	0,034	0,078	0,114	0,159	0,206	0,287	0,388	0,486	0,548	0,448	0,000	0,000
6,000	-8,772	-8,774	-8,688	-8,553	-8,451	-8,397	-8,364	-8,336	-8,296	-8,272	-8,221	-8,161	-8,070	-7,914	-7,733	-0,067	0,110	0,160	0,230	0,224	0,204	0,200	0,196	0,198	0,216	0,254	0,297	0,328	0,348	0,274	0,000	0,000
7,000	-7,202	-7,163	-7,114	-7,032	-6,980	-6,949	-6,936	-6,924	-6,898	-6,893	-6,878	-6,858	-6,824	-6,774	-6,716	-0,007	0,066	0,084	0,127	0,119	0,098	0,092	0,090	0,082	0,084	0,089	0,103	0,111	0,118	0,092	0,000	0,000
8,000	-20,462	-20,661	-20,697	-20,830	-20,813	-20,867	-20,912	-20,937	-20,962	-21,023	-21,038	-21,054	-21,050	-21,007	-20,948	-0,333	-0,235	-0,228	-0,179	-0,143	-0,157	-0,148	-0,137	-0,121	-0,109	-0,057	-0,012	0,019	0,072	0,069	0,000	0,000
9,000	-9,819	-9,779	-9,702	-9,501	-9,363	-9,240	-9,172	-9,124	-9,066	-9,019	-8,966	-8,894	-8,810	-8,681	-8,530	0,057	0,169	0,239	0,353	0,359	0,330	0,316	0,289	0,282	0,266	0,287	0,303	0,309	0,313	0,236	0,000	0,000
10,000	-9,846	-9,832	-9,676	-9,509	-9,408	-9,366	-9,350	-9,330	-9,306	-9,313	-9,287	-9,254	-9,190	-9,095	-8,977	-0,046	0,208	0,216	0,243	0,199	0,165	0,141	0,138	0,125	0,132	0,152	0,173	0,215	0,223	0,179	0,000	0,000
11,000	-10,237	-10,126	-10,080	-9,924	-9,845	-9,786	-9,758	-9,738	-9,702	-9,683	-9,639	-9,594	-9,525	-9,416	-9,284	0,107	0,165	0,189	0,226	0,211	0,181	0,175	0,161	0,171	0,173	0,198	0,228	0,246	0,256	0,199	0,000	0,000
12,000	-14,705	-14,824	-14,758	-14,735	-14,680	-14,665	-14,659	-14,645	-14,638	-14,645	-14,622	-14,582	-14,529	-14,417	-14,283	-0,192	-0,032	0,006	0,061	0,067	0,058	0,067	0,068	0,079	0,090	0,128	0,174	0,213	0,245	0,190	0,000	0,000
13,000	-8,497	-8,458	-8,407	-8,418	-8,392	-8,377	-8,364	-8,351	-8,323	-8,292	-8,248	-8,191	-8,109	-7,990	-7,835	0,098	0,095	0,075	0,069	0,078	0,094	0,102	0,122	0,142	0,173	0,209	0,243	0,275	0,290	0,233	0,000	0,000
14,000	-8,870	-8,022	-7,932	-7,631	-7,580	-7,518	-7,484	-7,472	-7,450	-7,434	-7,414	-7,382	-7,321	-7,205	-7,064	2,065	1,224	0,952	0,536	0,384	0,273	0,238	0,206	0,184	0,169	0,188	0,213	0,242	0,260	0,210	0,000	0,000
15,000	-6,640	-6,392	-6,229	-6,118	-6,058	-6,043	-6,028	-6,011	-5,990	-5,996	-5,982	-5,966	-5,939	-5,882	-5,828	1,033	0,737	0,530	0,297	0,219	0,168	0,139	0,116	0,100	0,092	0,091	0,102	0,116	0,116	0,093	0,000	0,000
	run	21	2022:11:08    11:06:56,834
0,000	-12,999	-13,061	-13,078	-13,160	-13,179	-13,196	-13,200	-13,205	-13,209	-13,210	-13,203	-13,182	-13,147	-13,068	-12,973	-0,243	-0,162	-0,141	-0,097	-0,082	-0,047	-0,024	-0,012	0,014	0,031	0,062	0,098	0,137	0,158	0,130	0,000	0,000
1,000	-16,835	-16,869	-16,824	-16,661	-16,525	-16,430	-16,375	-16,334	-16,284	-16,260	-16,216	-16,182	-16,129	-16,054	-15,967	-0,132	0,063	0,134	0,268	0,280	0,260	0,249	0,220	0,211	0,186	0,188	0,194	0,191	0,192	0,144	0,000	0,000
2,000	-10,232	-10,227	-10,205	-10,086	-9,986	-9,906	-9,860	-9,825	-9,779	-9,739	-9,683	-9,615	-9,523	-9,379	-9,214	0,005	0,068	0,130	0,227	0,243	0,230	0,236	0,226	0,232	0,245	0,276	0,305	0,324	0,331	0,252	0,000	0,000
3,000	-20,382	-20,385	-20,341	-20,043	-19,841	-19,708	-19,642	-19,585	-19,539	-19,530	-19,487	-19,450	-19,400	-19,302	-19,187	0,048	0,204	0,286	0,440	0,429	0,361	0,316	0,278	0,237	0,205	0,200	0,215	0,223	0,233	0,175	0,000	0,000
4,000	-10,998	-11,109	-11,018	-11,001	-10,969	-10,973	-10,969	-10,963	-10,960	-10,948	-10,908	-10,839	-10,706	-10,497	-10,225	-0,334	-0,027	-0,036	0,038	0,037	0,067	0,079	0,097	0,117	0,184	0,263	0,336	0,433	0,481	0,399	0,000	0,000
5,000	-12,561	-12,445	-12,617	-12,637	-12,650	-12,621	-12,605	-12,604	-12,576	-12,568	-12,525	-12,436	-12,299	-12,056	-11,737	-0,022	-0,202	-0,129	-0,018	0,016	0,040	0,078	0,110	0,153	0,206	0,292	0,397	0,488	0,554	0,448	0,000	0,000
6,000	-8,733	-8,755	-8,651	-8,517	-8,416	-8,359	-8,327	-8,305	-8,260	-8,236	-8,187	-8,121	-8,033	-7,880	-7,702	-0,071	0,116	0,157	0,223	0,226	0,194	0,200	0,194	0,206	0,216	0,253	0,295	0,333	0,347	0,272	0,000	0,000
7,000	-7,117	-7,090	-7,041	-6,965	-6,911	-6,878	-6,864	-6,856	-6,837	-6,837	-6,817	-6,792	-6,766	-6,711	-6,654	-0,021	0,057	0,083	0,118	0,116	0,093	0,092	0,078	0,079	0,078	0,088	0,100	0,113	0,115	0,092	0,000	0,000
8,000	-20,242	-20,438	-20,457	-20,603	-20,600	-20,646	-20,687	-20,722	-20,738	-20,792	-20,817	-20,828	-20,832	-20,785	-20,721	-0,347	-0,223	-0,222	-0,159	-0,141	-0,156	-0,145	-0,137	-0,119	-0,108	-0,059	-0,010	0,027	0,065	0,070	0,000	0,000
9,000	-9,828	-9,783	-9,716	-9,517	-9,370	-9,252	-9,190	-9,134	-9,076	-9,035	-8,974	-8,909	-8,824	-8,699	-8,543	0,058	0,153	0,242	0,352	0,362	0,330	0,312	0,289	0,277	0,271	0,285	0,300	0,310	0,314	0,235	0,000	0,000
10,000	-9,777	-9,778	-9,628	-9,462	-9,359	-9,323	-9,299	-9,284	-9,265	-9,262	-9,241	-9,208	-9,139	-9,050	-8,933	-0,047	0,209	0,216	0,240	0,200	0,164	0,146	0,134	0,118	0,127	0,150	0,175	0,206	0,222	0,176	0,000	0,000
11,000	-10,221	-10,131	-10,084	-9,936	-9,844	-9,795	-9,766	-9,740	-9,707	-9,689	-9,649	-9,599	-9,536	-9,428	-9,296	0,104	0,164	0,178	0,222	0,213	0,179	0,175	0,163	0,166	0,173	0,195	0,229	0,243	0,255	0,198	0,000	0,000
12,000	-14,729	-14,851	-14,780	-14,764	-14,707	-14,690	-14,684	-14,672	-14,661	-14,668	-14,650	-14,611	-14,552	-14,446	-14,310	-0,190	-0,033	0,003	0,061	0,073	0,066	0,067	0,070	0,076	0,094	0,130	0,177	0,215	0,237	0,195	0,000	0,000
13,000	-8,505	-8,476	-8,419	-8,419	-8,397	-8,383	-8,371	-8,355	-8,330	-8,303	-8,260	-8,201	-8,118	-7,994	-7,836	0,086	0,090	0,079	0,067	0,078	0,090	0,106	0,121	0,141	0,168	0,206	0,250	0,276	0,292	0,228	0,000	0,000
14,000	-8,978	-8,121	-8,044	-7,730	-7,680	-7,617	-7,576	-7,571	-7,547	-7,539	-7,517	-7,478	-7,417	-7,303	-7,157	2,065	1,230	0,965	0,540	0,399	0,279	0,244	0,207	0,184	0,177	0,193	0,216	0,254	0,262	0,215	0,000	0,000
15,000	-6,685	-6,433	-6,270	-6,150	-6,091	-6,070	-6,057	-6,045	-6,034	-6,029	-6,018	-5,999	-5,969	-5,917	-5,859	1,052	0,743	0,540	0,301	0,219	0,164	0,140	0,118	0,100	0,094	0,091	0,102	0,114	0,117	0,093	0,000	0,000
	run	22	2022:11:08    11:06:56,886
0,000	-12,999	-13,061	-13,078	-13,160	-13,179	-13,196	-13,200	-13,205	-13,209	-13,210	-13,203	-13,182	-13,147	-13,068	-12,973	-0,243	-0,162	-0,141	-0,097	-0,082	-0,047	-0,024	-0,012	0,014	0,031	0,062	0,098	0,137	0,158	0,130	0,000	0,000
1,000	-16,835	-16,869	-16,824	-16,661	-16,525	-16,430	-16,375	-16,334	-16,284	-16,260	-16,216	-16,182	-16,129	-16,054	-15,967	-0,132	0,063	0,134	0,268	0,280	0,260	0,249	0,220	0,211	0,186	0,188	0,194	0,191	0,192	0,144	0,000	0,000
2,000	-10,232	-10,227	-10,205	-10,086	-9,986	-9,906	-9,860	-9,825	-9,779	-9,739	-9,683	-9,615	-9,523	-9,379	-9,214	0,005	0,068	0,130	0,227	0,243	0,230	0,236	0,226	0,232	0,245	0,276	0,305	0,324	0,331	0,252	0,000	0,000
3,000	-20,382	-20,385	-20,341	-20,043	-19,841	-19,708	-19,642	-19,585	-19,539	-19,530	-19,487	-19,450	-19,400	-19,302	-19,187	0,048	0,204	0,286	0,440	0,429	0,361	0,316	0,278	0,237	0,205	0,200	0,215	0,223	0,233	0,175	0,000	0,000
4,000	-10,998	-11,109	-11,018	-11,001	-10,969	-10,973	-10,969	-10,963	-10,960	-10,948	-10,908	-10,839	-10,706	-10,497	-10,225	-0,334	-0,027	-0,036	0,038	0,037	0,067	0,079	0,097	0,117	0,184	0,263	0,336	0,433	0,481	0,399	0,000	0,000
5,000	-12,561	-12,445	-12,617	-12,637	-12,650	-12,621	-12,605	-12,604	-12,576	-12,568	-12,525	-12,436	-12,299	-12,056	-11,737	-0,022	-0,202	-0,129	-0,018	0,016	0,040	0,078	0,110	0,153	0,206	0,292	0,397	0,488	0,554	0,448	0,000	0,000
6,000	-8,734	-8,739	-8,638	-8,508	-8,407	-8,346	-8,319	-8,284	-8,245	-8,230	-8,176	-8,114	-8,026	-7,873	-7,696	-0,053	0,123	0,166	0,231	0,227	0,202	0,203	0,197	0,202	0,213	0,252	0,293	0,326	0,347	0,264	0,000	0,000
7,000	-7,035	-7,023	-6,989	-6,929	-6,871	-6,840	-6,818	-6,814	-6,795	-6,794	-6,775	-6,752	-6,720	-6,671	-6,616	-0,013	0,039	0,071	0,113	0,106	0,090	0,084	0,078	0,078	0,080	0,092	0,099	0,108	0,111	0,086	0,000	0,000
8,000	-19,871	-20,083	-20,092	-20,218	-20,203	-20,262	-20,298	-20,330	-20,360	-20,404	-20,428	-20,445	-20,447	-20,394	-20,345	-0,331	-0,210	-0,199	-0,154	-0,136	-0,144	-0,140	-0,134	-0,125	-0,103	-0,050	-0,011	0,027	0,071	0,060	0,000	0,000
9,000	-9,656	-9,622	-9,557	-9,375	-9,244	-9,125	-9,065	-9,010	-8,954	-8,909	-8,855	-8,789	-8,706	-8,580	-8,439	0,038	0,141	0,195	0,329	0,344	0,318	0,307	0,284	0,267	0,266	0,275	0,296	0,300	0,298	0,227	0,000	0,000
10,000	-9,605	-9,620	-9,481	-9,331	-9,233	-9,193	-9,168	-9,154	-9,126	-9,134	-9,106	-9,076	-9,015	-8,920	-8,807	-0,059	0,184	0,185	0,218	0,189	0,159	0,141	0,134	0,119	0,127	0,147	0,168	0,202	0,217	0,174	0,000	0,000
11,000	-10,116	-10,016	-9,979	-9,842	-9,759	-9,707	-9,675	-9,654	-9,621	-9,600	-9,567	-9,514	-9,450	-9,344	-9,210	0,101	0,150	0,173	0,213	0,206	0,177	0,171	0,159	0,162	0,169	0,197	0,227	0,240	0,249	0,196	0,000	0,000
12,000	-14,658	-14,777	-14,715	-14,688	-14,630	-14,616	-14,608	-14,601	-14,591	-14,597	-14,575	-14,543	-14,483	-14,371	-14,243	-0,192	-0,028	-0,002	0,064	0,066	0,057	0,066	0,069	0,079	0,087	0,129	0,178	0,214	0,237	0,187	0,000	0,000
13,000	-8,565	-8,505	-8,481	-8,467	-8,448	-8,439	-8,422	-8,405	-8,381	-8,354	-8,305	-8,238	-8,165	-8,041	-7,886	0,106	0,096	0,070	0,066	0,081	0,094	0,108	0,122	0,146	0,170	0,209	0,246	0,281	0,295	0,230	0,000	0,000
14,000	-9,142	-8,301	-8,199	-7,895	-7,826	-7,769	-7,739	-7,732	-7,701	-7,691	-7,678	-7,632	-7,567	-7,451	-7,300	2,056	1,246	0,983	0,551	0,392	0,285	0,249	0,205	0,186	0,173	0,187	0,223	0,252	0,276	0,214	0,000	0,000
15,000	-6,758	-6,509	-6,345	-6,217	-6,161	-6,144	-6,128	-6,111	-6,096	-6,097	-6,087	-6,062	-6,034	-5,983	-5,929	1,071	0,753	0,547	0,313	0,224	0,170	0,140	0,120	0,100	0,093	0,095	0,100	0,115	0,122	0,089	0,000	0,000
	run	23	2022:11:08    11:06:56,985
0,000	-13,353	-13,432	-13,444	-13,539	-13,564	-13,578	-13,592	-13,591	-13,592	-13,598	-13,594	-13,569	-13,527	-13,451	-13,354	-0,225	-0,175	-0,162	-0,107	-0,087	-0,060	-0,031	-0,015	0,003	0,036	0,065	0,107	0,142	0,168	0,134	0,000	0,000
1,000	-17,527	-17,560	-17,484	-17,298	-17,151	-17,045	-16,987	-16,938	-16,891	-16,862	-16,822	-16,781	-16,731	-16,642	-16,547	-0,107	0,090	0,182	0,299	0,329	0,288	0,271	0,238	0,224	0,206	0,203	0,209	0,209	0,209	0,156	0,000	0,000
2,000	-10,574	-10,582	-10,553	-10,404	-10,305	-10,225	-10,181	-10,144	-10,094	-10,062	-9,997	-9,924	-9,823	-9,676	-9,502	0,009	0,087	0,159	0,244	0,255	0,239	0,243	0,237	0,247	0,256	0,290	0,318	0,343	0,353	0,265	0,000	0,000
3,000	-20,778	-20,747	-20,694	-20,360	-20,155	-20,016	-19,949	-19,890	-19,846	-19,833	-19,789	-19,755	-19,709	-19,604	-19,488	0,077	0,246	0,340	0,479	0,460	0,379	0,327	0,277	0,247	0,202	0,203	0,215	0,221	0,231	0,173	0,000	0,000
4,000	-11,025	-11,166	-11,076	-11,063	-11,032	-11,031	-11,027	-11,024	-11,021	-11,003	-10,966	-10,899	-10,757	-10,548	-10,269	-0,330	-0,040	-0,042	0,026	0,039	0,068	0,077	0,099	0,126	0,184	0,263	0,346	0,438	0,489	0,401	0,000	0,000
5,000	-12,503	-12,405	-12,588	-12,589	-12,613	-12,585	-12,573	-12,571	-12,548	-12,535	-12,482	-12,395	-12,257	-12,014	-11,691	-0,020	-0,187	-0,140	-0,015	0,018	0,039	0,076	0,110	0,157	0,206	0,295	0,389	0,500	0,556	0,456	0,000	0,000
6,000	-8,725	-8,729	-8,625	-8,486	-8,395	-8,330	-8,300	-8,271	-8,229	-8,202	-8,162	-8,098	-8,007	-7,855	-7,686	-0,062	0,115	0,165	0,231	0,229	0,206	0,203	0,197	0,200	0,209	0,244	0,290	0,320	0,338	0,262	0,000	0,000
7,000	-6,960	-6,959	-6,928	-6,874	-6,816	-6,789	-6,774	-6,762	-6,745	-6,741	-6,728	-6,705	-6,677	-6,629	-6,578	-0,055	0,031	0,058	0,107	0,097	0,085	0,080	0,081	0,076	0,072	0,079	0,094	0,100	0,110	0,082	0,000	0,000
8,000	-19,653	-19,839	-19,856	-19,957	-19,942	-19,992	-20,028	-20,059	-20,085	-20,144	-20,159	-20,171	-20,174	-20,132	-20,073	-0,315	-0,187	-0,182	-0,140	-0,124	-0,138	-0,134	-0,124	-0,118	-0,093	-0,053	-0,010	0,027	0,066	0,067	0,000	0,000
9,000	-9,446	-9,428	-9,379	-9,239	-9,111	-8,996	-8,930	-8,889	-8,830	-8,786	-8,725	-8,677	-8,593	-8,470	-8,332	-0,001	0,103	0,175	0,295	0,317	0,297	0,291	0,269	0,262	0,248	0,270	0,285	0,289	0,293	0,218	0,000	0,000
10,000	-9,406	-9,425	-9,298	-9,166	-9,078	-9,037	-9,020	-8,999	-8,978	-8,982	-8,958	-8,924	-8,866	-8,772	-8,664	-0,068	0,140	0,162	0,203	0,171	0,150	0,135	0,121	0,110	0,124	0,145	0,163	0,194	0,208	0,166	0,000	0,000
11,000	-10,018	-9,943	-9,906	-9,781	-9,700	-9,648	-9,615	-9,595	-9,564	-9,542	-9,506	-9,466	-9,395	-9,291	-9,163	0,073	0,127	0,153	0,197	0,197	0,165	0,165	0,154	0,158	0,169	0,187	0,220	0,231	0,245	0,190	0,000	0,000
12,000	-14,504	-14,619	-14,551	-14,532	-14,471	-14,460	-14,452	-14,435	-14,425	-14,438	-14,414	-14,379	-14,325	-14,206	-14,082	-0,182	-0,026	0,006	0,059	0,067	0,062	0,065	0,069	0,083	0,088	0,128	0,169	0,213	0,234	0,192	0,000	0,000
13,000	-8,544	-8,483	-8,457	-8,442	-8,427	-8,408	-8,399	-8,383	-8,359	-8,331	-8,285	-8,226	-8,146	-8,024	-7,867	0,099	0,088	0,072	0,067	0,074	0,091	0,104	0,118	0,142	0,171	0,210	0,249	0,275	0,291	0,230	0,000	0,000
14,000	-9,172	-8,319	-8,221	-7,921	-7,851	-7,796	-7,759	-7,740	-7,723	-7,712	-7,690	-7,650	-7,581	-7,459	-7,315	2,064	1,248	0,990	0,547	0,398	0,291	0,247	0,207	0,193	0,175	0,196	0,227	0,264	0,276	0,220	0,000	0,000
15,000	-6,858	-6,589	-6,425	-6,302	-6,240	-6,213	-6,203	-6,187	-6,171	-6,172	-6,155	-6,141	-6,110	-6,051	-5,994	1,094	0,772	0,555	0,319	0,231	0,175	0,144	0,123	0,105	0,098	0,096	0,103	0,120	0,125	0,097	0,000	0,000
	run	24	2022:11:08    11:06:57,086
0,000	-13,488	-13,589	-13,601	-13,686	-13,714	-13,727	-13,741	-13,745	-13,738	-13,751	-13,742	-13,712	-13,675	-13,594	-13,493	-0,233	-0,172	-0,158	-0,111	-0,083	-0,057	-0,029	-0,019	0,004	0,035	0,068	0,105	0,143	0,172	0,139	0,000	0,000
1,000	-17,675	-17,691	-17,622	-17,417	-17,264	-17,159	-17,100	-17,055	-17,006	-16,983	-16,932	-16,888	-16,840	-16,756	-16,654	-0,103	0,104	0,188	0,319	0,324	0,294	0,273	0,240	0,225	0,210	0,204	0,210	0,209	0,213	0,158	0,000	0,000
2,000	-10,623	-10,611	-10,576	-10,435	-10,339	-10,254	-10,214	-10,176	-10,120	-10,092	-10,025	-9,949	-9,848	-9,703	-9,531	0,012	0,091	0,155	0,248	0,257	0,238	0,243	0,238	0,247	0,254	0,286	0,323	0,340	0,346	0,264	0,000	0,000
3,000	-20,816	-20,791	-20,751	-20,412	-20,201	-20,065	-19,998	-19,936	-19,883	-19,873	-19,832	-19,798	-19,749	-19,644	-19,526	0,090	0,244	0,333	0,475	0,458	0,379	0,337	0,287	0,252	0,211	0,208	0,220	0,231	0,241	0,183	0,000	0,000
4,000	-11,078	-11,197	-11,105	-11,093	-11,056	-11,053	-11,060	-11,054	-11,052	-11,033	-11,000	-10,924	-10,788	-10,575	-10,301	-0,342	-0,035	-0,037	0,030	0,037	0,063	0,078	0,096	0,125	0,184	0,264	0,355	0,440	0,496	0,409	0,000	0,000
5,000	-12,472	-12,389	-12,552	-12,576	-12,575	-12,549	-12,534	-12,540	-12,512	-12,497	-12,453	-12,366	-12,228	-11,984	-11,670	-0,012	-0,182	-0,120	-0,022	0,020	0,037	0,076	0,109	0,154	0,207	0,295	0,396	0,493	0,550	0,450	0,000	0,000
6,000	-8,666	-8,656	-8,559	-8,423	-8,314	-8,266	-8,232	-8,200	-8,163	-8,143	-8,097	-8,026	-7,942	-7,797	-7,628	-0,063	0,118	0,165	0,234	0,226	0,195	0,201	0,192	0,202	0,207	0,248	0,289	0,318	0,337	0,263	0,000	0,000
7,000	-6,899	-6,885	-6,880	-6,819	-6,763	-6,732	-6,721	-6,712	-6,695	-6,686	-6,674	-6,652	-6,625	-6,581	-6,525	-0,026	0,022	0,053	0,099	0,090	0,075	0,080	0,076	0,075	0,066	0,083	0,087	0,096	0,105	0,079	0,000	0,000
8,000	-19,417	-19,610	-19,607	-19,694	-19,684	-19,734	-19,766	-19,802	-19,828	-19,884	-19,898	-19,912	-19,913	-19,866	-19,817	-0,301	-0,187	-0,166	-0,120	-0,116	-0,136	-0,130	-0,123	-0,120	-0,095	-0,053	-0,013	0,019	0,062	0,062	0,000	0,000
9,000	-9,290	-9,281	-9,237	-9,096	-8,976	-8,862	-8,804	-8,760	-8,698	-8,653	-8,604	-8,536	-8,460	-8,343	-8,206	0,014	0,089	0,160	0,283	0,309	0,292	0,284	0,264	0,259	0,252	0,263	0,277	0,286	0,287	0,214	0,000	0,000
10,000	-9,353	-9,383	-9,255	-9,140	-9,051	-9,021	-8,998	-8,982	-8,966	-8,961	-8,946	-8,909	-8,854	-8,759	-8,656	-0,101	0,138	0,150	0,183	0,158	0,143	0,125	0,119	0,113	0,114	0,138	0,161	0,193	0,204	0,165	0,000	0,000
11,000	-10,002	-9,920	-9,885	-9,765	-9,688	-9,635	-9,606	-9,582	-9,557	-9,536	-9,498	-9,456	-9,390	-9,286	-9,165	0,077	0,114	0,147	0,189	0,186	0,157	0,163	0,154	0,155	0,161	0,187	0,214	0,232	0,240	0,186	0,000	0,000
12,000	-14,369	-14,475	-14,407	-14,393	-14,336	-14,318	-14,312	-14,303	-14,289	-14,298	-14,275	-14,240	-14,188	-14,074	-13,946	-0,170	-0,026	0,005	0,059	0,069	0,064	0,066	0,069	0,076	0,084	0,127	0,164	0,210	0,230	0,184	0,000	0,000
13,000	-8,455	-8,392	-8,369	-8,356	-8,344	-8,325	-8,311	-8,296	-8,275	-8,242	-8,202	-8,143	-8,061	-7,945	-7,789	0,099	0,083	0,059	0,059	0,077	0,083	0,100	0,113	0,138	0,167	0,203	0,241	0,269	0,288	0,227	0,000	0,000
14,000	-9,093	-8,287	-8,174	-7,866	-7,803	-7,744	-7,714	-7,704	-7,677	-7,662	-7,649	-7,604	-7,537	-7,419	-7,270	2,039	1,230	0,963	0,546	0,398	0,296	0,242	0,208	0,190	0,175	0,192	0,223	0,266	0,270	0,225	0,000	0,000
15,000	-6,895	-6,618	-6,457	-6,326	-6,263	-6,243	-6,230	-6,209	-6,193	-6,196	-6,183	-6,164	-6,130	-6,074	-6,010	1,098	0,773	0,555	0,318	0,231	0,173	0,145	0,126	0,105	0,100	0,100	0,107	0,121	0,124	0,101	0,000	0,000
	run	25	2022:11:08    11:06:57,134
0,000	-13,446	-13,537	-13,552	-13,639	-13,664	-13,679	-13,687	-13,692	-13,691	-13,700	-13,692	-13,670	-13,629	-13,547	-13,451	-0,217	-0,169	-0,151	-0,104	-0,080	-0,054	-0,032	-0,020	0,008	0,031	0,064	0,104	0,144	0,168	0,133	0,000	0,000
1,000	-17,570	-17,611	-17,525	-17,339	-17,189	-17,085	-17,021	-16,977	-16,930	-16,901	-16,851	-16,817	-16,768	-16,683	-16,580	-0,132	0,094	0,177	0,304	0,320	0,291	0,272	0,243	0,224	0,204	0,209	0,205	0,203	0,212	0,157	0,000	0,000
2,000	-10,623	-10,611	-10,576	-10,435	-10,339	-10,254	-10,214	-10,176	-10,120	-10,092	-10,025	-9,949	-9,848	-9,703	-9,531	0,012	0,091	0,155	0,248	0,257	0,238	0,243	0,238	0,247	0,254	0,286	0,323	0,340	0,346	0,264	0,000	0,000
3,000	-20,816	-20,791	-20,751	-20,412	-20,201	-20,065	-19,998	-19,936	-19,883	-19,873	-19,832	-19,798	-19,749	-19,644	-19,526	0,090	0,244	0,333	0,475	0,458	0,379	0,337	0,287	0,252	0,211	0,208	0,220	0,231	0,241	0,183	0,000	0,000
4,000	-11,078	-11,197	-11,105	-11,093	-11,056	-11,053	-11,060	-11,054	-11,052	-11,033	-11,000	-10,924	-10,788	-10,575	-10,301	-0,342	-0,035	-0,037	0,030	0,037	0,063	0,078	0,096	0,125	0,184	0,264	0,355	0,440	0,496	0,409	0,000	0,000
5,000	-12,472	-12,389	-12,552	-12,576	-12,575	-12,549	-12,534	-12,540	-12,512	-12,497	-12,453	-12,366	-12,228	-11,984	-11,670	-0,012	-0,182	-0,120	-0,022	0,020	0,037	0,076	0,109	0,154	0,207	0,295	0,396	0,493	0,550	0,450	0,000	0,000
6,000	-8,666	-8,656	-8,559	-8,423	-8,314	-8,266	-8,232	-8,200	-8,163	-8,143	-8,097	-8,026	-7,942	-7,797	-7,628	-0,063	0,118	0,165	0,234	0,226	0,195	0,201	0,192	0,202	0,207	0,248	0,289	0,318	0,337	0,263	0,000	0,000
7,000	-6,899	-6,885	-6,880	-6,819	-6,763	-6,732	-6,721	-6,712	-6,695	-6,686	-6,674	-6,652	-6,625	-6,581	-6,525	-0,026	0,022	0,053	0,099	0,090	0,075	0,080	0,076	0,075	0,066	0,083	0,087	0,096	0,105	0,079	0,000	0,000
8,000	-19,561	-19,742	-19,739	-19,844	-19,838	-19,876	-19,921	-19,944	-19,971	-20,026	-20,043	-20,066	-20,064	-20,016	-19,960	-0,280	-0,185	-0,176	-0,139	-0,121	-0,136	-0,130	-0,125	-0,111	-0,097	-0,059	-0,010	0,024	0,061	0,060	0,000	0,000
9,000	-9,444	-9,424	-9,366	-9,215	-9,083	-8,966	-8,908	-8,857	-8,800	-8,762	-8,699	-8,642	-8,563	-8,448	-8,301	0,017	0,100	0,177	0,302	0,321	0,307	0,299	0,276	0,260	0,260	0,267	0,283	0,290	0,289	0,221	0,000	0,000
10,000	-9,456	-9,485	-9,354	-9,221	-9,131	-9,097	-9,079	-9,058	-9,041	-9,042	-9,024	-8,988	-8,927	-8,842	-8,729	-0,077	0,142	0,158	0,190	0,168	0,147	0,133	0,119	0,112	0,122	0,142	0,163	0,197	0,205	0,163	0,000	0,000
11,000	-9,996	-9,914	-9,880	-9,754	-9,673	-9,619	-9,591	-9,567	-9,539	-9,518	-9,482	-9,430	-9,371	-9,271	-9,144	0,081	0,125	0,154	0,199	0,190	0,164	0,164	0,155	0,158	0,166	0,185	0,215	0,231	0,239	0,186	0,000	0,000
12,000	-14,267	-14,382	-14,301	-14,290	-14,235	-14,220	-14,215	-14,201	-14,186	-14,200	-14,174	-14,136	-14,090	-13,979	-13,858	-0,183	-0,029	0,008	0,064	0,067	0,061	0,066	0,070	0,072	0,090	0,129	0,170	0,205	0,231	0,185	0,000	0,000
13,000	-8,373	-8,330	-8,300	-8,294	-8,281	-8,265	-8,257	-8,240	-8,220	-8,188	-8,148	-8,086	-8,009	-7,901	-7,748	0,078	0,078	0,053	0,058	0,068	0,079	0,100	0,114	0,133	0,161	0,206	0,238	0,265	0,281	0,221	0,000	0,000
14,000	-9,058	-8,264	-8,145	-7,853	-7,795	-7,732	-7,701	-7,691	-7,660	-7,650	-7,632	-7,594	-7,522	-7,406	-7,255	2,050	1,221	0,971	0,550	0,390	0,287	0,249	0,212	0,185	0,179	0,192	0,224	0,265	0,279	0,226	0,000	0,000
15,000	-6,853	-6,596	-6,436	-6,304	-6,244	-6,222	-6,208	-6,192	-6,178	-6,176	-6,161	-6,145	-6,115	-6,057	-5,999	1,112	0,776	0,548	0,322	0,231	0,176	0,148	0,121	0,108	0,098	0,100	0,105	0,117	0,125	0,095	0,000	0,000
	run	26	2022:11:08    11:06:57,234
0,000	-13,285	-13,371	-13,390	-13,477	-13,498	-13,511	-13,528	-13,531	-13,531	-13,537	-13,533	-13,508	-13,466	-13,382	-13,288	-0,231	-0,177	-0,152	-0,103	-0,077	-0,051	-0,033	-0,016	0,007	0,032	0,065	0,107	0,143	0,166	0,133	0,000	0,000
1,000	-17,387	-17,431	-17,368	-17,181	-17,032	-16,936	-16,875	-16,833	-16,777	-16,756	-16,710	-16,672	-16,618	-16,542	-16,438	-0,120	0,096	0,183	0,296	0,318	0,284	0,266	0,233	0,220	0,200	0,206	0,205	0,202	0,206	0,155	0,000	0,000
2,000	-10,579	-10,555	-10,526	-10,392	-10,287	-10,207	-10,162	-10,121	-10,073	-10,041	-9,978	-9,905	-9,801	-9,653	-9,485	0,012	0,084	0,144	0,251	0,257	0,241	0,244	0,237	0,241	0,255	0,284	0,316	0,344	0,351	0,266	0,000	0,000
3,000	-20,939	-20,908	-20,857	-20,515	-20,301	-20,172	-20,103	-20,047	-19,991	-19,979	-19,943	-19,906	-19,858	-19,759	-19,639	0,086	0,240	0,348	0,485	0,461	0,378	0,327	0,283	0,246	0,210	0,207	0,212	0,225	0,229	0,179	0,000	0,000
4,000	-11,156	-11,264	-11,180	-11,165	-11,134	-11,134	-11,140	-11,123	-11,128	-11,108	-11,067	-11,002	-10,856	-10,643	-10,365	-0,338	-0,039	-0,038	0,027	0,040	0,065	0,076	0,097	0,124	0,187	0,267	0,355	0,451	0,499	0,411	0,000	0,000
5,000	-12,606	-12,523	-12,686	-12,704	-12,716	-12,683	-12,681	-12,680	-12,648	-12,641	-12,595	-12,502	-12,361	-12,113	-11,788	-0,024	-0,191	-0,131	-0,022	0,014	0,036	0,080	0,112	0,162	0,209	0,293	0,403	0,500	0,565	0,463	0,000	0,000
6,000	-8,719	-8,729	-8,624	-8,488	-8,382	-8,328	-8,295	-8,265	-8,223	-8,205	-8,155	-8,095	-8,001	-7,856	-7,674	-0,064	0,125	0,159	0,229	0,223	0,207	0,202	0,194	0,202	0,213	0,253	0,289	0,321	0,339	0,266	0,000	0,000
7,000	-6,957	-6,954	-6,919	-6,859	-6,812	-6,787	-6,769	-6,763	-6,745	-6,740	-6,718	-6,705	-6,675	-6,624	-6,571	-0,030	0,035	0,052	0,104	0,091	0,082	0,082	0,081	0,072	0,077	0,084	0,099	0,109	0,109	0,086	0,000	0,000
8,000	-19,749	-19,946	-19,956	-20,060	-20,052	-20,112	-20,143	-20,177	-20,203	-20,251	-20,272	-20,293	-20,287	-20,249	-20,189	-0,323	-0,198	-0,175	-0,143	-0,122	-0,146	-0,143	-0,130	-0,113	-0,096	-0,058	-0,013	0,018	0,062	0,056	0,000	0,000
9,000	-9,565	-9,544	-9,486	-9,321	-9,185	-9,069	-9,009	-8,954	-8,899	-8,858	-8,804	-8,739	-8,654	-8,537	-8,397	0,036	0,116	0,183	0,318	0,330	0,309	0,301	0,273	0,267	0,258	0,267	0,293	0,293	0,292	0,219	0,000	0,000
10,000	-9,464	-9,485	-9,351	-9,227	-9,128	-9,094	-9,074	-9,053	-9,037	-9,037	-9,013	-8,978	-8,921	-8,827	-8,721	-0,072	0,143	0,166	0,198	0,172	0,150	0,133	0,120	0,117	0,121	0,144	0,164	0,195	0,207	0,163	0,000	0,000
11,000	-9,994	-9,896	-9,862	-9,738	-9,653	-9,597	-9,569	-9,550	-9,517	-9,495	-9,468	-9,414	-9,349	-9,244	-9,120	0,076	0,129	0,160	0,198	0,197	0,170	0,164	0,161	0,155	0,165	0,187	0,212	0,236	0,242	0,186	0,000	0,000
12,000	-14,316	-14,448	-14,379	-14,362	-14,301	-14,294	-14,284	-14,281	-14,260	-14,271	-14,247	-14,212	-14,155	-14,048	-13,922	-0,181	-0,029	0,015	0,059	0,069	0,063	0,066	0,065	0,075	0,081	0,123	0,168	0,209	0,231	0,186	0,000	0,000
13,000	-8,376	-8,350	-8,308	-8,302	-8,280	-8,268	-8,255	-8,242	-8,222	-8,192	-8,150	-8,085	-8,007	-7,891	-7,740	0,092	0,081	0,061	0,061	0,067	0,085	0,101	0,116	0,137	0,164	0,200	0,238	0,265	0,279	0,225	0,000	0,000
14,000	-9,046	-8,225	-8,144	-7,823	-7,769	-7,710	-7,674	-7,665	-7,643	-7,633	-7,616	-7,570	-7,499	-7,391	-7,237	2,088	1,228	0,967	0,539	0,395	0,281	0,240	0,205	0,185	0,168	0,189	0,223	0,253	0,273	0,213	0,000	0,000
15,000	-6,778	-6,528	-6,359	-6,241	-6,177	-6,157	-6,143	-6,127	-6,110	-6,111	-6,100	-6,077	-6,045	-5,996	-5,941	1,098	0,756	0,547	0,311	0,226	0,174	0,144	0,123	0,104	0,098	0,095	0,102	0,120	0,123	0,098	0,000	0,000
