Device: PM2003001		2022:11:15    09:32:14,735  (DLL version: 1.20;  Status: HW:v1.02 SW:v1.3 CRC:31ED BATTERY:4170mV ST:2 ERR:0010;  MUX data; S: 92 I:143 R:200.000 C:1.094p F:)
Excitation level, V:	1,50
Voltage Channel Gain:	10
Current Channel Gain:	1
Voltmeter Range, V:	0,3
Ampermeter Range, A:	15,0m
Step Period, ms:	5
R transimp:	200
C transimp:	1,1p
Measurement Table: 	EEPROM  16

Freq, Hz	1,0k	2,0k	3,0k	7,0k	11,0k	17,0k	23,0k	31,0k	43,0k	61,0k	89,0k	127,0k	179,0k	251,0k	349,0k	1,0k	2,0k	3,0k	7,0k	11,0k	17,0k	23,0k	31,0k	43,0k	61,0k	89,0k	127,0k	179,0k	251,0k	349,0k
	run	1	2022:11:15    09:32:14,737
MUX	Re1, ohm	Re2, ohm	Re3, ohm	Re4, ohm	Re5, ohm	Re6, ohm	Re7, ohm	Re8, ohm	Re9, ohm	Re10, ohm	Re11, ohm	Re12, ohm	Re13, ohm	Re14, ohm	Re15, ohm	Im1, ohm	Im2, ohm	Im3, ohm	Im4, ohm	Im5, ohm	Im6, ohm	Im7, ohm	Im8, ohm	Im9, ohm	Im10, ohm	Im11, ohm	Im12, ohm	Im13, ohm	Im14, ohm	Im15, ohm	U, V	I, mA

0,000	-3,718	-3,743	-3,753	-3,770	-3,770	-3,773	-3,776	-3,779	-3,775	-3,781	-3,781	-3,781	-3,778	-3,768	-3,756	-0,039	-0,030	-0,027	-0,018	-0,014	-0,010	-0,007	-0,007	-0,004	-0,002	0,003	0,007	0,013	0,018	0,015	0,048	10,818
1,000	-4,129	-4,122	-4,108	-4,060	-4,024	-4,004	-3,994	-3,985	-3,975	-3,973	-3,965	-3,958	-3,949	-3,933	-3,919	0,020	0,040	0,055	0,075	0,075	0,059	0,052	0,046	0,041	0,035	0,037	0,036	0,035	0,036	0,026	0,045	11,206
2,000	-2,637	-2,650	-2,646	-2,638	-2,621	-2,609	-2,594	-2,586	-2,575	-2,567	-2,560	-2,551	-2,546	-2,535	-2,527	-0,009	0,004	0,010	0,031	0,040	0,041	0,043	0,041	0,039	0,036	0,035	0,032	0,027	0,026	0,017	0,035	11,675
3,000	-5,322	-5,310	-5,323	-5,276	-5,247	-5,225	-5,212	-5,210	-5,205	-5,209	-5,205	-5,200	-5,195	-5,179	-5,163	0,029	0,017	0,038	0,064	0,063	0,047	0,041	0,033	0,026	0,020	0,020	0,027	0,026	0,034	0,026	0,075	12,539
4,000	-2,951	-2,991	-2,988	-2,996	-2,990	-2,984	-2,982	-2,977	-2,972	-2,971	-2,963	-2,957	-2,945	-2,924	-2,897	-0,059	-0,039	-0,025	-0,005	0,005	0,014	0,019	0,019	0,021	0,026	0,032	0,039	0,043	0,046	0,037	0,045	12,341
5,000	-3,266	-3,324	-3,344	-3,360	-3,358	-3,360	-3,361	-3,361	-3,360	-3,360	-3,359	-3,353	-3,341	-3,325	-3,300	-0,115	-0,085	-0,065	-0,028	-0,014	-0,008	-0,001	-0,003	0,005	0,010	0,019	0,028	0,035	0,040	0,035	0,050	11,316
6,000	-2,068	-1,710	-1,549	-1,329	-1,266	-1,219	-1,199	-1,181	-1,172	-1,165	-1,156	-1,151	-1,148	-1,151	-1,144	0,659	0,591	0,504	0,323	0,242	0,174	0,142	0,113	0,085	0,061	0,052	0,037	0,025	0,016	0,011	0,018	11,726
7,000	-1,588	-1,274	-1,129	-0,961	-0,919	-0,893	-0,883	-0,878	-0,871	-0,867	-0,867	-0,865	-0,863	-0,862	-0,863	0,602	0,519	0,425	0,249	0,176	0,122	0,095	0,073	0,055	0,039	0,029	0,020	0,012	0,010	0,006	0,030	11,426
8,000	-5,100	-5,129	-5,105	-5,075	-5,053	-5,041	-5,039	-5,038	-5,037	-5,043	-5,043	-5,045	-5,048	-5,045	-5,050	-0,045	0,001	0,025	0,037	0,033	0,022	0,018	0,016	0,007	-0,000	-0,002	-0,001	-0,004	-0,002	0,000	0,061	11,499
9,000	-2,128	-2,180	-2,228	-2,250	-2,250	-2,255	-2,247	-2,249	-2,250	-2,246	-2,243	-2,232	-2,223	-2,206	-2,176	-0,131	-0,123	-0,086	-0,036	-0,016	-0,013	-0,005	0,001	0,013	0,015	0,024	0,028	0,037	0,040	0,032	0,053	13,008
10,000	-1,514	-1,569	-1,560	-1,543	-1,518	-1,502	-1,494	-1,486	-1,484	-1,482	-1,483	-1,480	-1,471	-1,461	-1,449	-0,095	-0,036	-0,015	0,028	0,039	0,033	0,032	0,028	0,018	0,018	0,018	0,020	0,023	0,024	0,019	0,056	13,696
11,000	-2,992	-3,034	-3,040	-3,037	-3,022	-3,011	-3,008	-3,003	-2,994	-2,993	-2,988	-2,981	-2,976	-2,968	-2,959	-0,096	-0,053	-0,029	0,009	0,018	0,019	0,022	0,023	0,021	0,021	0,020	0,022	0,020	0,020	0,013	0,041	13,455
12,000	-4,474	-4,530	-4,532	-4,536	-4,528	-4,524	-4,524	-4,523	-4,521	-4,525	-4,523	-4,517	-4,507	-4,486	-4,460	-0,093	-0,054	-0,036	-0,005	0,003	0,004	0,007	0,007	0,008	0,010	0,020	0,030	0,037	0,043	0,037	0,067	12,847
13,000	-1,934	-1,948	-1,964	-1,957	-1,952	-1,950	-1,944	-1,941	-1,940	-1,940	-1,937	-1,933	-1,922	-1,907	-1,888	-0,044	-0,031	-0,021	0,003	0,008	0,010	0,008	0,014	0,010	0,017	0,021	0,024	0,031	0,033	0,031	0,043	11,646
14,000	-3,341	-3,428	-3,427	-3,449	-3,437	-3,437	-3,433	-3,430	-3,427	-3,432	-3,428	-3,422	-3,416	-3,396	-3,374	-0,132	-0,086	-0,058	-0,020	-0,004	0,001	0,006	0,009	0,010	0,011	0,020	0,026	0,034	0,039	0,031	0,051	11,550
15,000	-2,258	-2,258	-2,278	-2,268	-2,266	-2,264	-2,259	-2,259	-2,260	-2,259	-2,259	-2,257	-2,250	-2,243	-2,233	-0,021	-0,022	-0,016	0,002	0,004	0,003	0,006	0,006	0,006	0,008	0,009	0,013	0,016	0,016	0,016	0,057	12,026
	run	2	2022:11:15    09:32:14,837
0,000	-3,728	-3,757	-3,760	-3,783	-3,782	-3,782	-3,786	-3,787	-3,784	-3,790	-3,790	-3,788	-3,786	-3,776	-3,764	-0,034	-0,031	-0,030	-0,018	-0,015	-0,012	-0,006	-0,005	-0,003	-0,001	0,005	0,009	0,013	0,019	0,014	0,048	10,950
1,000	-4,144	-4,136	-4,120	-4,073	-4,035	-4,015	-4,004	-3,998	-3,985	-3,986	-3,977	-3,969	-3,961	-3,943	-3,930	0,021	0,040	0,056	0,078	0,075	0,060	0,055	0,049	0,043	0,037	0,038	0,038	0,036	0,035	0,026	0,047	11,272
2,000	-2,644	-2,652	-2,650	-2,645	-2,624	-2,609	-2,598	-2,587	-2,576	-2,571	-2,560	-2,555	-2,547	-2,535	-2,526	-0,010	0,002	0,012	0,031	0,041	0,043	0,045	0,042	0,040	0,034	0,034	0,030	0,029	0,025	0,017	0,037	11,653
3,000	-5,370	-5,360	-5,371	-5,332	-5,298	-5,275	-5,265	-5,262	-5,258	-5,263	-5,258	-5,255	-5,251	-5,237	-5,216	0,028	0,020	0,036	0,063	0,060	0,046	0,040	0,031	0,026	0,019	0,020	0,026	0,030	0,037	0,025	0,076	12,517
4,000	-2,929	-2,967	-2,973	-2,979	-2,973	-2,968	-2,967	-2,960	-2,957	-2,954	-2,948	-2,939	-2,926	-2,904	-2,881	-0,062	-0,036	-0,026	-0,005	0,009	0,012	0,015	0,020	0,022	0,026	0,031	0,038	0,044	0,048	0,038	0,045	12,371
5,000	-3,313	-3,371	-3,387	-3,411	-3,409	-3,409	-3,410	-3,413	-3,411	-3,413	-3,411	-3,406	-3,393	-3,375	-3,349	-0,113	-0,086	-0,068	-0,026	-0,018	-0,009	-0,004	-0,001	0,003	0,010	0,018	0,029	0,037	0,043	0,035	0,050	11,265
6,000	-2,103	-1,749	-1,576	-1,357	-1,289	-1,245	-1,222	-1,211	-1,196	-1,184	-1,179	-1,176	-1,171	-1,170	-1,168	0,662	0,586	0,505	0,327	0,248	0,179	0,148	0,114	0,093	0,067	0,047	0,037	0,024	0,014	0,007	0,017	11,638
7,000	-1,613	-1,296	-1,152	-0,984	-0,934	-0,909	-0,900	-0,890	-0,886	-0,881	-0,876	-0,879	-0,878	-0,874	-0,875	0,602	0,520	0,435	0,255	0,184	0,129	0,100	0,076	0,057	0,041	0,029	0,020	0,014	0,010	0,006	0,030	11,287
8,000	-5,107	-5,122	-5,103	-5,073	-5,052	-5,045	-5,039	-5,037	-5,037	-5,047	-5,046	-5,047	-5,049	-5,050	-5,053	-0,025	0,013	0,025	0,040	0,029	0,018	0,015	0,007	0,001	-0,005	-0,003	-0,006	0,002	-0,008	-0,003	0,061	11,411
9,000	-2,057	-2,118	-2,152	-2,171	-2,178	-2,171	-2,172	-2,171	-2,165	-2,165	-2,163	-2,154	-2,141	-2,123	-2,101	-0,132	-0,118	-0,082	-0,028	-0,015	-0,007	-0,004	0,003	0,009	0,013	0,020	0,029	0,034	0,039	0,034	0,052	12,898
10,000	-1,527	-1,581	-1,574	-1,549	-1,526	-1,511	-1,505	-1,494	-1,492	-1,492	-1,489	-1,491	-1,479	-1,471	-1,456	-0,097	-0,032	-0,010	0,033	0,039	0,037	0,032	0,026	0,020	0,018	0,016	0,020	0,027	0,024	0,020	0,056	13,594
11,000	-3,001	-3,041	-3,050	-3,046	-3,033	-3,023	-3,017	-3,013	-3,006	-3,003	-2,998	-2,993	-2,988	-2,979	-2,971	-0,099	-0,056	-0,034	0,007	0,015	0,018	0,021	0,020	0,021	0,019	0,022	0,021	0,019	0,019	0,013	0,040	13,433
12,000	-4,473	-4,524	-4,524	-4,533	-4,523	-4,521	-4,518	-4,519	-4,516	-4,520	-4,518	-4,511	-4,500	-4,481	-4,452	-0,094	-0,058	-0,036	-0,006	0,002	0,005	0,006	0,007	0,007	0,011	0,020	0,028	0,038	0,044	0,036	0,067	12,832
13,000	-1,966	-1,984	-1,998	-1,996	-1,986	-1,986	-1,978	-1,978	-1,971	-1,973	-1,972	-1,968	-1,958	-1,937	-1,919	-0,051	-0,034	-0,026	0,005	0,005	0,007	0,008	0,013	0,012	0,016	0,023	0,026	0,032	0,035	0,030	0,043	11,667
14,000	-3,322	-3,410	-3,407	-3,432	-3,420	-3,418	-3,418	-3,413	-3,410	-3,414	-3,408	-3,403	-3,395	-3,376	-3,354	-0,131	-0,082	-0,062	-0,019	-0,003	0,003	0,006	0,009	0,008	0,010	0,021	0,026	0,032	0,038	0,030	0,050	11,616
15,000	-2,254	-2,254	-2,277	-2,268	-2,267	-2,263	-2,259	-2,259	-2,256	-2,259	-2,257	-2,258	-2,249	-2,242	-2,232	-0,028	-0,023	-0,017	0,002	0,001	0,004	0,006	0,006	0,006	0,007	0,009	0,013	0,016	0,018	0,016	0,057	12,114
	run	3	2022:11:15    09:32:14,885
0,000	-3,651	-3,677	-3,684	-3,702	-3,703	-3,704	-3,707	-3,708	-3,706	-3,712	-3,711	-3,710	-3,708	-3,697	-3,686	-0,033	-0,033	-0,026	-0,019	-0,013	-0,010	-0,006	-0,007	-0,003	-0,003	0,005	0,008	0,013	0,017	0,015	0,048	10,920
1,000	-4,124	-4,117	-4,100	-4,055	-4,018	-3,997	-3,987	-3,978	-3,968	-3,968	-3,959	-3,953	-3,944	-3,927	-3,911	0,016	0,039	0,056	0,076	0,073	0,058	0,055	0,048	0,042	0,037	0,037	0,036	0,035	0,036	0,025	0,047	11,294
2,000	-2,644	-2,652	-2,650	-2,645	-2,624	-2,609	-2,598	-2,587	-2,576	-2,571	-2,560	-2,555	-2,547	-2,535	-2,526	-0,010	0,002	0,012	0,031	0,041	0,043	0,045	0,042	0,040	0,034	0,034	0,030	0,029	0,025	0,017	0,037	11,653
3,000	-5,370	-5,360	-5,371	-5,332	-5,298	-5,275	-5,265	-5,262	-5,258	-5,263	-5,258	-5,255	-5,251	-5,237	-5,216	0,028	0,020	0,036	0,063	0,060	0,046	0,040	0,031	0,026	0,019	0,020	0,026	0,030	0,037	0,025	0,076	12,517
4,000	-2,929	-2,967	-2,973	-2,979	-2,973	-2,968	-2,967	-2,960	-2,957	-2,954	-2,948	-2,939	-2,926	-2,904	-2,881	-0,062	-0,036	-0,026	-0,005	0,009	0,012	0,015	0,020	0,022	0,026	0,031	0,038	0,044	0,048	0,038	0,045	12,371
5,000	-3,313	-3,371	-3,387	-3,411	-3,409	-3,409	-3,410	-3,413	-3,411	-3,413	-3,411	-3,406	-3,393	-3,375	-3,349	-0,113	-0,086	-0,068	-0,026	-0,018	-0,009	-0,004	-0,001	0,003	0,010	0,018	0,029	0,037	0,043	0,035	0,050	11,265
6,000	-2,103	-1,749	-1,576	-1,357	-1,289	-1,245	-1,222	-1,211	-1,196	-1,184	-1,179	-1,176	-1,171	-1,170	-1,168	0,662	0,586	0,505	0,327	0,248	0,179	0,148	0,114	0,093	0,067	0,047	0,037	0,024	0,014	0,007	0,017	11,638
7,000	-1,613	-1,296	-1,152	-0,984	-0,934	-0,909	-0,900	-0,890	-0,886	-0,881	-0,876	-0,879	-0,878	-0,874	-0,875	0,602	0,520	0,435	0,255	0,184	0,129	0,100	0,076	0,057	0,041	0,029	0,020	0,014	0,010	0,006	0,030	11,287
8,000	-5,171	-5,198	-5,170	-5,150	-5,124	-5,116	-5,110	-5,106	-5,109	-5,112	-5,116	-5,116	-5,118	-5,118	-5,123	-0,037	0,013	0,025	0,041	0,031	0,020	0,016	0,012	0,002	-0,000	-0,001	-0,002	-0,003	-0,002	-0,002	0,061	11,338
9,000	-2,153	-2,208	-2,254	-2,269	-2,275	-2,273	-2,266	-2,267	-2,265	-2,264	-2,261	-2,252	-2,240	-2,222	-2,200	-0,124	-0,112	-0,083	-0,033	-0,017	-0,011	-0,001	0,004	0,011	0,016	0,020	0,031	0,042	0,043	0,031	0,052	12,935
10,000	-1,490	-1,544	-1,536	-1,517	-1,495	-1,478	-1,469	-1,463	-1,459	-1,460	-1,459	-1,454	-1,449	-1,439	-1,424	-0,090	-0,030	-0,014	0,033	0,037	0,034	0,028	0,026	0,021	0,017	0,018	0,017	0,022	0,021	0,019	0,055	13,682
11,000	-2,966	-3,003	-3,009	-3,009	-2,995	-2,987	-2,981	-2,975	-2,968	-2,968	-2,960	-2,956	-2,953	-2,942	-2,935	-0,094	-0,058	-0,033	0,006	0,017	0,018	0,020	0,021	0,021	0,019	0,021	0,022	0,020	0,020	0,012	0,040	13,462
12,000	-4,416	-4,472	-4,471	-4,479	-4,468	-4,466	-4,464	-4,465	-4,463	-4,466	-4,462	-4,458	-4,448	-4,428	-4,400	-0,089	-0,054	-0,036	-0,002	0,002	0,002	0,005	0,005	0,006	0,012	0,020	0,027	0,037	0,043	0,036	0,066	12,861
13,000	-1,927	-1,945	-1,962	-1,959	-1,950	-1,949	-1,942	-1,941	-1,936	-1,936	-1,936	-1,931	-1,922	-1,904	-1,885	-0,048	-0,037	-0,022	0,006	0,007	0,007	0,009	0,010	0,014	0,014	0,022	0,027	0,033	0,036	0,030	0,043	11,667
14,000	-3,265	-3,350	-3,350	-3,373	-3,361	-3,358	-3,358	-3,355	-3,350	-3,353	-3,351	-3,344	-3,336	-3,318	-3,299	-0,133	-0,083	-0,060	-0,018	-0,005	0,001	0,006	0,009	0,009	0,011	0,019	0,025	0,033	0,037	0,031	0,050	11,609
15,000	-2,227	-2,224	-2,243	-2,238	-2,232	-2,231	-2,228	-2,229	-2,225	-2,228	-2,227	-2,227	-2,217	-2,209	-2,201	-0,022	-0,022	-0,018	0,003	0,003	0,001	0,006	0,004	0,007	0,007	0,008	0,012	0,016	0,017	0,014	0,058	12,070
	run	4	2022:11:15    09:32:14,986
0,000	-3,664	-3,688	-3,687	-3,710	-3,709	-3,711	-3,713	-3,714	-3,713	-3,717	-3,716	-3,715	-3,714	-3,703	-3,692	-0,030	-0,030	-0,027	-0,017	-0,013	-0,010	-0,007	-0,005	-0,004	-0,002	0,004	0,009	0,013	0,018	0,015	0,048	10,928
1,000	-4,097	-4,090	-4,075	-4,032	-3,997	-3,977	-3,967	-3,960	-3,950	-3,949	-3,941	-3,932	-3,925	-3,909	-3,894	0,018	0,037	0,053	0,071	0,071	0,055	0,050	0,046	0,039	0,034	0,036	0,036	0,036	0,034	0,025	0,046	11,279
2,000	-2,635	-2,650	-2,643	-2,636	-2,616	-2,601	-2,589	-2,578	-2,566	-2,561	-2,549	-2,543	-2,537	-2,528	-2,519	-0,007	0,004	0,014	0,033	0,041	0,044	0,046	0,043	0,041	0,035	0,034	0,029	0,030	0,027	0,016	0,037	11,704
3,000	-5,398	-5,385	-5,397	-5,352	-5,322	-5,298	-5,287	-5,284	-5,277	-5,283	-5,280	-5,277	-5,267	-5,252	-5,235	0,034	0,023	0,040	0,070	0,068	0,050	0,039	0,035	0,028	0,019	0,021	0,024	0,031	0,035	0,027	0,076	12,517
4,000	-2,976	-3,011	-3,013	-3,025	-3,018	-3,013	-3,009	-3,008	-3,002	-3,000	-2,993	-2,984	-2,973	-2,950	-2,925	-0,060	-0,039	-0,024	-0,003	0,007	0,012	0,017	0,017	0,022	0,027	0,032	0,040	0,044	0,046	0,039	0,045	12,334
5,000	-3,369	-3,423	-3,445	-3,464	-3,463	-3,465	-3,464	-3,465	-3,466	-3,467	-3,463	-3,458	-3,449	-3,429	-3,403	-0,110	-0,088	-0,066	-0,028	-0,017	-0,008	-0,005	-0,002	0,002	0,011	0,018	0,029	0,035	0,042	0,035	0,050	11,228
6,000	-2,119	-1,752	-1,585	-1,364	-1,292	-1,249	-1,228	-1,216	-1,199	-1,193	-1,186	-1,182	-1,178	-1,175	-1,173	0,675	0,591	0,513	0,326	0,247	0,182	0,145	0,116	0,090	0,069	0,052	0,038	0,027	0,015	0,008	0,018	11,660
7,000	-1,634	-1,309	-1,164	-0,991	-0,941	-0,917	-0,902	-0,896	-0,889	-0,885	-0,883	-0,884	-0,880	-0,881	-0,879	0,615	0,530	0,440	0,263	0,186	0,129	0,103	0,080	0,058	0,043	0,030	0,022	0,014	0,010	0,004	0,029	11,301
8,000	-5,187	-5,212	-5,188	-5,162	-5,140	-5,130	-5,130	-5,124	-5,125	-5,130	-5,135	-5,134	-5,137	-5,140	-5,139	-0,037	0,009	0,029	0,035	0,035	0,020	0,014	0,005	0,004	-0,003	-0,003	-0,005	-0,006	-0,003	-0,002	0,060	11,301
9,000	-2,181	-2,240	-2,273	-2,295	-2,295	-2,290	-2,290	-2,286	-2,283	-2,285	-2,274	-2,267	-2,257	-2,236	-2,220	-0,128	-0,120	-0,079	-0,029	-0,011	-0,003	0,004	0,008	0,014	0,015	0,027	0,033	0,037	0,043	0,037	0,052	12,825
10,000	-1,515	-1,565	-1,556	-1,539	-1,514	-1,499	-1,491	-1,486	-1,481	-1,483	-1,481	-1,477	-1,469	-1,457	-1,446	-0,094	-0,027	-0,017	0,030	0,037	0,036	0,031	0,025	0,018	0,021	0,017	0,018	0,023	0,023	0,021	0,056	13,601
11,000	-2,984	-3,027	-3,036	-3,033	-3,020	-3,010	-3,004	-2,998	-2,993	-2,988	-2,985	-2,978	-2,975	-2,967	-2,959	-0,094	-0,062	-0,032	0,006	0,016	0,016	0,022	0,019	0,022	0,021	0,019	0,021	0,019	0,018	0,013	0,041	13,433
12,000	-4,416	-4,466	-4,466	-4,473	-4,463	-4,458	-4,460	-4,458	-4,456	-4,460	-4,457	-4,451	-4,441	-4,419	-4,396	-0,093	-0,054	-0,034	-0,004	0,002	0,005	0,007	0,009	0,009	0,012	0,019	0,028	0,036	0,044	0,035	0,067	12,861
13,000	-1,919	-1,937	-1,949	-1,951	-1,941	-1,938	-1,935	-1,932	-1,927	-1,927	-1,929	-1,920	-1,910	-1,895	-1,874	-0,046	-0,033	-0,025	0,001	0,008	0,006	0,010	0,014	0,010	0,015	0,022	0,026	0,032	0,036	0,030	0,043	11,689
14,000	-3,256	-3,340	-3,342	-3,364	-3,354	-3,350	-3,350	-3,347	-3,344	-3,346	-3,342	-3,337	-3,327	-3,309	-3,288	-0,131	-0,079	-0,060	-0,018	-0,004	0,001	0,006	0,007	0,009	0,012	0,018	0,026	0,032	0,038	0,032	0,050	11,667
15,000	-2,215	-2,215	-2,237	-2,231	-2,226	-2,225	-2,221	-2,222	-2,218	-2,220	-2,222	-2,220	-2,213	-2,203	-2,196	-0,025	-0,021	-0,017	0,002	0,003	0,002	0,005	0,005	0,005	0,007	0,008	0,011	0,016	0,017	0,016	0,058	12,129
	run	5	2022:11:15    09:32:15,038
0,000	-3,664	-3,688	-3,687	-3,710	-3,709	-3,711	-3,713	-3,714	-3,713	-3,717	-3,716	-3,715	-3,714	-3,703	-3,692	-0,030	-0,030	-0,027	-0,017	-0,013	-0,010	-0,007	-0,005	-0,004	-0,002	0,004	0,009	0,013	0,018	0,015	0,048	10,928
1,000	-4,097	-4,090	-4,075	-4,032	-3,997	-3,977	-3,967	-3,960	-3,950	-3,949	-3,941	-3,932	-3,925	-3,909	-3,894	0,018	0,037	0,053	0,071	0,071	0,055	0,050	0,046	0,039	0,034	0,036	0,036	0,036	0,034	0,025	0,046	11,279
2,000	-2,635	-2,650	-2,643	-2,636	-2,616	-2,601	-2,589	-2,578	-2,566	-2,561	-2,549	-2,543	-2,537	-2,528	-2,519	-0,007	0,004	0,014	0,033	0,041	0,044	0,046	0,043	0,041	0,035	0,034	0,029	0,030	0,027	0,016	0,037	11,704
3,000	-5,398	-5,385	-5,397	-5,352	-5,322	-5,298	-5,287	-5,284	-5,277	-5,283	-5,280	-5,277	-5,267	-5,252	-5,235	0,034	0,023	0,040	0,070	0,068	0,050	0,039	0,035	0,028	0,019	0,021	0,024	0,031	0,035	0,027	0,076	12,517
4,000	-2,976	-3,011	-3,013	-3,025	-3,018	-3,013	-3,009	-3,008	-3,002	-3,000	-2,993	-2,984	-2,973	-2,950	-2,925	-0,060	-0,039	-0,024	-0,003	0,007	0,012	0,017	0,017	0,022	0,027	0,032	0,040	0,044	0,046	0,039	0,045	12,334
5,000	-3,369	-3,423	-3,445	-3,464	-3,463	-3,465	-3,464	-3,465	-3,466	-3,467	-3,463	-3,458	-3,449	-3,429	-3,403	-0,110	-0,088	-0,066	-0,028	-0,017	-0,008	-0,005	-0,002	0,002	0,011	0,018	0,029	0,035	0,042	0,035	0,050	11,228
6,000	-2,126	-1,760	-1,591	-1,370	-1,297	-1,253	-1,232	-1,215	-1,200	-1,192	-1,187	-1,183	-1,178	-1,178	-1,173	0,681	0,602	0,513	0,337	0,249	0,182	0,151	0,115	0,093	0,069	0,053	0,034	0,023	0,015	0,009	0,018	11,572
7,000	-1,619	-1,302	-1,154	-0,987	-0,934	-0,908	-0,898	-0,890	-0,883	-0,880	-0,878	-0,875	-0,876	-0,872	-0,873	0,611	0,525	0,437	0,257	0,185	0,132	0,101	0,078	0,058	0,042	0,030	0,021	0,015	0,014	0,004	0,030	11,235
8,000	-5,205	-5,229	-5,202	-5,179	-5,154	-5,147	-5,145	-5,144	-5,142	-5,149	-5,148	-5,153	-5,156	-5,153	-5,155	-0,035	0,014	0,027	0,038	0,032	0,024	0,015	0,010	0,003	-0,003	-0,003	-0,008	-0,005	-0,004	-0,004	0,062	11,316
9,000	-2,146	-2,206	-2,240	-2,260	-2,262	-2,255	-2,251	-2,256	-2,241	-2,249	-2,239	-2,227	-2,226	-2,204	-2,181	-0,123	-0,118	-0,083	-0,032	-0,013	-0,011	0,003	0,004	0,013	0,013	0,018	0,027	0,035	0,040	0,033	0,052	12,832
10,000	-1,528	-1,579	-1,571	-1,547	-1,521	-1,509	-1,500	-1,492	-1,487	-1,488	-1,486	-1,485	-1,478	-1,469	-1,455	-0,091	-0,032	-0,007	0,035	0,038	0,034	0,030	0,026	0,026	0,017	0,017	0,017	0,023	0,022	0,022	0,055	13,542
11,000	-2,974	-3,009	-3,020	-3,015	-3,003	-2,994	-2,988	-2,985	-2,978	-2,975	-2,970	-2,963	-2,959	-2,950	-2,942	-0,097	-0,060	-0,031	0,007	0,016	0,016	0,021	0,020	0,021	0,020	0,021	0,021	0,019	0,019	0,013	0,041	13,418
12,000	-4,389	-4,440	-4,440	-4,449	-4,438	-4,440	-4,435	-4,434	-4,430	-4,436	-4,433	-4,428	-4,419	-4,396	-4,372	-0,097	-0,055	-0,038	-0,003	0,002	0,005	0,007	0,006	0,007	0,013	0,021	0,032	0,038	0,042	0,035	0,067	12,847
13,000	-1,906	-1,921	-1,936	-1,937	-1,927	-1,926	-1,918	-1,921	-1,916	-1,916	-1,915	-1,910	-1,901	-1,882	-1,864	-0,049	-0,035	-0,027	0,002	0,004	0,007	0,012	0,013	0,012	0,013	0,020	0,023	0,033	0,034	0,030	0,043	11,719
14,000	-3,233	-3,308	-3,312	-3,334	-3,322	-3,322	-3,319	-3,318	-3,312	-3,318	-3,312	-3,306	-3,298	-3,281	-3,260	-0,130	-0,083	-0,061	-0,019	-0,005	0,000	0,004	0,009	0,010	0,013	0,018	0,025	0,032	0,038	0,031	0,049	11,689
15,000	-2,215	-2,213	-2,237	-2,230	-2,226	-2,223	-2,222	-2,221	-2,217	-2,220	-2,220	-2,219	-2,212	-2,204	-2,195	-0,024	-0,024	-0,018	0,001	0,003	0,002	0,005	0,005	0,005	0,007	0,009	0,014	0,017	0,015	0,016	0,057	12,151
	run	6	2022:11:15    09:32:15,138
0,000	-3,704	-3,726	-3,730	-3,751	-3,751	-3,755	-3,756	-3,758	-3,755	-3,762	-3,761	-3,760	-3,758	-3,747	-3,738	-0,033	-0,031	-0,027	-0,018	-0,013	-0,010	-0,009	-0,004	-0,005	-0,003	0,002	0,008	0,013	0,019	0,015	0,048	10,876
1,000	-4,179	-4,171	-4,152	-4,104	-4,068	-4,047	-4,036	-4,029	-4,018	-4,017	-4,010	-4,001	-3,991	-3,975	-3,960	0,020	0,041	0,056	0,077	0,074	0,058	0,055	0,047	0,041	0,036	0,037	0,037	0,035	0,036	0,026	0,046	11,235
2,000	-2,672	-2,688	-2,680	-2,673	-2,653	-2,637	-2,626	-2,617	-2,604	-2,597	-2,588	-2,582	-2,576	-2,565	-2,553	-0,010	0,002	0,012	0,035	0,043	0,047	0,045	0,044	0,041	0,036	0,034	0,031	0,029	0,026	0,017	0,037	11,646
3,000	-5,416	-5,409	-5,416	-5,369	-5,339	-5,314	-5,306	-5,298	-5,293	-5,299	-5,298	-5,289	-5,286	-5,268	-5,251	0,027	0,021	0,037	0,068	0,066	0,051	0,046	0,036	0,028	0,019	0,025	0,027	0,033	0,032	0,025	0,075	12,480
4,000	-2,977	-3,016	-3,015	-3,029	-3,020	-3,021	-3,013	-3,011	-3,006	-3,004	-2,995	-2,987	-2,977	-2,956	-2,930	-0,062	-0,037	-0,030	-0,003	0,006	0,012	0,015	0,015	0,021	0,027	0,031	0,038	0,042	0,048	0,038	0,045	12,334
5,000	-3,366	-3,427	-3,446	-3,467	-3,466	-3,466	-3,466	-3,468	-3,467	-3,467	-3,466	-3,460	-3,447	-3,428	-3,405	-0,111	-0,090	-0,069	-0,029	-0,014	-0,009	-0,002	-0,001	0,003	0,010	0,016	0,028	0,038	0,043	0,037	0,051	11,235
6,000	-2,116	-1,749	-1,583	-1,367	-1,299	-1,253	-1,231	-1,215	-1,202	-1,193	-1,190	-1,184	-1,179	-1,178	-1,179	0,678	0,590	0,508	0,327	0,244	0,182	0,145	0,119	0,089	0,069	0,050	0,035	0,025	0,018	0,010	0,018	11,616
7,000	-1,627	-1,302	-1,158	-0,991	-0,940	-0,915	-0,906	-0,896	-0,890	-0,887	-0,883	-0,883	-0,881	-0,879	-0,878	0,610	0,525	0,437	0,257	0,184	0,130	0,102	0,078	0,057	0,041	0,029	0,021	0,014	0,011	0,006	0,030	11,301
8,000	-5,164	-5,186	-5,166	-5,138	-5,115	-5,105	-5,102	-5,102	-5,097	-5,107	-5,109	-5,111	-5,112	-5,110	-5,111	-0,034	0,007	0,024	0,037	0,031	0,019	0,011	0,010	0,004	-0,001	0,001	-0,004	-0,004	-0,000	-0,000	0,062	11,375
9,000	-2,173	-2,230	-2,269	-2,295	-2,289	-2,291	-2,291	-2,287	-2,280	-2,286	-2,281	-2,270	-2,257	-2,240	-2,216	-0,123	-0,113	-0,088	-0,035	-0,018	-0,010	0,001	0,004	0,013	0,013	0,021	0,032	0,038	0,041	0,029	0,053	12,935
10,000	-1,499	-1,549	-1,544	-1,522	-1,498	-1,487	-1,476	-1,470	-1,463	-1,467	-1,466	-1,464	-1,457	-1,444	-1,435	-0,093	-0,033	-0,013	0,032	0,035	0,036	0,027	0,023	0,017	0,017	0,015	0,018	0,024	0,024	0,019	0,055	13,682
11,000	-2,979	-3,019	-3,026	-3,025	-3,012	-3,003	-2,997	-2,992	-2,984	-2,982	-2,977	-2,971	-2,967	-2,958	-2,949	-0,100	-0,061	-0,035	0,003	0,016	0,015	0,020	0,020	0,022	0,021	0,021	0,020	0,022	0,021	0,014	0,041	13,462
12,000	-4,391	-4,447	-4,448	-4,452	-4,441	-4,438	-4,438	-4,438	-4,435	-4,439	-4,436	-4,431	-4,421	-4,399	-4,375	-0,091	-0,054	-0,036	-0,002	0,003	0,006	0,007	0,006	0,007	0,011	0,020	0,029	0,039	0,043	0,034	0,066	12,869
13,000	-1,938	-1,951	-1,963	-1,965	-1,955	-1,955	-1,950	-1,946	-1,942	-1,945	-1,944	-1,939	-1,928	-1,910	-1,891	-0,046	-0,031	-0,024	0,003	0,007	0,007	0,010	0,012	0,010	0,016	0,020	0,027	0,033	0,034	0,029	0,043	11,689
14,000	-3,302	-3,384	-3,385	-3,409	-3,397	-3,395	-3,393	-3,390	-3,386	-3,390	-3,385	-3,380	-3,370	-3,352	-3,332	-0,133	-0,080	-0,062	-0,021	-0,005	0,001	0,005	0,008	0,011	0,011	0,021	0,026	0,031	0,038	0,031	0,051	11,624
15,000	-2,260	-2,257	-2,278	-2,271	-2,267	-2,265	-2,263	-2,262	-2,257	-2,260	-2,262	-2,260	-2,252	-2,244	-2,232	-0,026	-0,019	-0,016	0,004	0,003	0,003	0,006	0,004	0,005	0,006	0,009	0,014	0,018	0,017	0,016	0,058	12,070
	run	7	2022:11:15    09:32:15,238
0,000	-3,748	-3,775	-3,779	-3,800	-3,797	-3,802	-3,803	-3,805	-3,806	-3,810	-3,809	-3,809	-3,806	-3,795	-3,787	-0,035	-0,035	-0,028	-0,019	-0,015	-0,012	-0,009	-0,007	-0,004	-0,002	0,002	0,008	0,013	0,018	0,015	0,048	10,847
1,000	-4,178	-4,170	-4,149	-4,101	-4,066	-4,043	-4,031	-4,026	-4,011	-4,012	-4,000	-3,993	-3,985	-3,970	-3,956	0,021	0,041	0,058	0,080	0,078	0,061	0,057	0,050	0,045	0,038	0,037	0,037	0,037	0,037	0,026	0,047	11,191
2,000	-2,679	-2,685	-2,681	-2,676	-2,655	-2,640	-2,629	-2,620	-2,607	-2,602	-2,594	-2,585	-2,580	-2,566	-2,558	-0,007	0,002	0,011	0,034	0,043	0,044	0,045	0,045	0,039	0,036	0,034	0,031	0,027	0,027	0,016	0,038	11,616
3,000	-5,369	-5,365	-5,379	-5,328	-5,297	-5,274	-5,262	-5,261	-5,250	-5,259	-5,256	-5,248	-5,244	-5,231	-5,210	0,028	0,021	0,036	0,069	0,069	0,049	0,045	0,031	0,029	0,019	0,022	0,027	0,027	0,034	0,026	0,076	12,480
4,000	-2,941	-2,977	-2,975	-2,982	-2,979	-2,977	-2,969	-2,968	-2,967	-2,960	-2,954	-2,948	-2,933	-2,914	-2,888	-0,061	-0,036	-0,029	-0,001	0,008	0,012	0,016	0,019	0,022	0,025	0,031	0,038	0,045	0,046	0,039	0,045	12,319
5,000	-3,300	-3,356	-3,375	-3,392	-3,393	-3,393	-3,392	-3,393	-3,392	-3,391	-3,390	-3,384	-3,375	-3,355	-3,331	-0,114	-0,088	-0,066	-0,026	-0,013	-0,007	-0,005	-0,001	0,001	0,011	0,018	0,027	0,034	0,041	0,033	0,049	11,279
6,000	-2,080	-1,721	-1,553	-1,336	-1,271	-1,225	-1,210	-1,191	-1,178	-1,166	-1,163	-1,157	-1,155	-1,153	-1,152	0,660	0,589	0,506	0,323	0,243	0,178	0,148	0,114	0,089	0,068	0,048	0,039	0,025	0,019	0,007	0,017	11,689
7,000	-1,572	-1,261	-1,117	-0,956	-0,907	-0,882	-0,873	-0,865	-0,860	-0,858	-0,857	-0,854	-0,852	-0,852	-0,851	0,586	0,510	0,422	0,245	0,177	0,122	0,096	0,072	0,055	0,039	0,030	0,020	0,016	0,009	0,006	0,030	11,367
8,000	-5,093	-5,119	-5,098	-5,067	-5,046	-5,034	-5,033	-5,030	-5,027	-5,035	-5,036	-5,036	-5,042	-5,043	-5,043	-0,039	0,013	0,028	0,034	0,034	0,021	0,019	0,013	0,004	-0,004	-0,004	-0,004	-0,004	-0,003	-0,002	0,061	11,404
9,000	-2,078	-2,132	-2,179	-2,197	-2,200	-2,199	-2,195	-2,191	-2,190	-2,191	-2,184	-2,178	-2,164	-2,151	-2,127	-0,120	-0,118	-0,089	-0,034	-0,016	-0,009	-0,003	0,004	0,009	0,013	0,022	0,029	0,032	0,041	0,027	0,052	12,949
10,000	-1,493	-1,546	-1,541	-1,522	-1,501	-1,487	-1,477	-1,470	-1,464	-1,468	-1,468	-1,465	-1,460	-1,447	-1,435	-0,089	-0,035	-0,014	0,028	0,034	0,034	0,030	0,028	0,021	0,017	0,015	0,020	0,026	0,025	0,021	0,055	13,667
11,000	-2,962	-3,005	-3,011	-3,008	-2,995	-2,985	-2,979	-2,975	-2,970	-2,966	-2,961	-2,955	-2,950	-2,942	-2,935	-0,096	-0,057	-0,032	0,006	0,016	0,017	0,021	0,021	0,023	0,019	0,020	0,021	0,019	0,020	0,013	0,040	13,484
12,000	-4,470	-4,522	-4,523	-4,532	-4,520	-4,517	-4,516	-4,516	-4,512	-4,516	-4,514	-4,508	-4,497	-4,477	-4,452	-0,091	-0,055	-0,034	-0,005	0,005	0,003	0,007	0,004	0,009	0,013	0,021	0,029	0,038	0,045	0,034	0,067	12,854
13,000	-1,954	-1,970	-1,983	-1,980	-1,971	-1,970	-1,964	-1,965	-1,959	-1,961	-1,962	-1,952	-1,942	-1,926	-1,909	-0,045	-0,033	-0,022	0,005	0,005	0,006	0,010	0,013	0,014	0,015	0,021	0,027	0,033	0,035	0,029	0,044	11,667
14,000	-3,340	-3,424	-3,420	-3,443	-3,432	-3,433	-3,429	-3,427	-3,425	-3,427	-3,422	-3,416	-3,410	-3,389	-3,369	-0,129	-0,082	-0,063	-0,019	-0,004	0,003	0,005	0,007	0,010	0,013	0,020	0,026	0,035	0,038	0,033	0,050	11,580
15,000	-2,275	-2,272	-2,291	-2,286	-2,282	-2,279	-2,276	-2,275	-2,272	-2,275	-2,276	-2,273	-2,267	-2,259	-2,249	-0,021	-0,022	-0,017	0,002	0,003	0,004	0,007	0,006	0,005	0,006	0,009	0,013	0,017	0,019	0,015	0,057	12,085
	run	8	2022:11:15    09:32:15,286
0,000	-3,758	-3,782	-3,791	-3,810	-3,810	-3,810	-3,813	-3,815	-3,813	-3,820	-3,820	-3,819	-3,815	-3,804	-3,795	-0,032	-0,031	-0,029	-0,019	-0,015	-0,013	-0,009	-0,005	-0,003	-0,004	0,003	0,008	0,013	0,019	0,016	0,048	10,869
1,000	-4,190	-4,177	-4,161	-4,113	-4,074	-4,052	-4,041	-4,034	-4,021	-4,019	-4,013	-4,003	-3,995	-3,980	-3,964	0,020	0,040	0,059	0,082	0,078	0,063	0,059	0,051	0,043	0,038	0,037	0,038	0,038	0,038	0,026	0,046	11,228
2,000	-2,679	-2,685	-2,681	-2,676	-2,655	-2,640	-2,629	-2,620	-2,607	-2,602	-2,594	-2,585	-2,580	-2,566	-2,558	-0,007	0,002	0,011	0,034	0,043	0,044	0,045	0,045	0,039	0,036	0,034	0,031	0,027	0,027	0,016	0,038	11,616
3,000	-5,369	-5,365	-5,379	-5,328	-5,297	-5,274	-5,262	-5,261	-5,250	-5,259	-5,256	-5,248	-5,244	-5,231	-5,210	0,028	0,021	0,036	0,069	0,069	0,049	0,045	0,031	0,029	0,019	0,022	0,027	0,027	0,034	0,026	0,076	12,480
4,000	-2,941	-2,977	-2,975	-2,982	-2,979	-2,977	-2,969	-2,968	-2,967	-2,960	-2,954	-2,948	-2,933	-2,914	-2,888	-0,061	-0,036	-0,029	-0,001	0,008	0,012	0,016	0,019	0,022	0,025	0,031	0,038	0,045	0,046	0,039	0,045	12,319
5,000	-3,300	-3,356	-3,375	-3,392	-3,393	-3,393	-3,392	-3,393	-3,392	-3,391	-3,390	-3,384	-3,375	-3,355	-3,331	-0,114	-0,088	-0,066	-0,026	-0,013	-0,007	-0,005	-0,001	0,001	0,011	0,018	0,027	0,034	0,041	0,033	0,049	11,279
6,000	-2,080	-1,721	-1,553	-1,336	-1,271	-1,225	-1,210	-1,191	-1,178	-1,166	-1,163	-1,157	-1,155	-1,153	-1,152	0,660	0,589	0,506	0,323	0,243	0,178	0,148	0,114	0,089	0,068	0,048	0,039	0,025	0,019	0,007	0,017	11,689
7,000	-1,572	-1,261	-1,117	-0,956	-0,907	-0,882	-0,873	-0,865	-0,860	-0,858	-0,857	-0,854	-0,852	-0,852	-0,851	0,586	0,510	0,422	0,245	0,177	0,122	0,096	0,072	0,055	0,039	0,030	0,020	0,016	0,009	0,006	0,030	11,367
8,000	-5,105	-5,135	-5,117	-5,087	-5,068	-5,057	-5,053	-5,055	-5,049	-5,055	-5,059	-5,060	-5,064	-5,060	-5,061	-0,046	0,007	0,025	0,032	0,031	0,020	0,012	0,007	0,003	-0,004	-0,004	-0,005	-0,007	-0,003	-0,001	0,062	11,470
9,000	-2,028	-2,088	-2,124	-2,146	-2,148	-2,145	-2,144	-2,142	-2,139	-2,139	-2,135	-2,126	-2,117	-2,101	-2,076	-0,119	-0,116	-0,082	-0,032	-0,015	-0,007	-0,002	0,003	0,012	0,016	0,024	0,028	0,036	0,037	0,029	0,051	12,979
10,000	-1,506	-1,557	-1,551	-1,535	-1,509	-1,498	-1,487	-1,482	-1,478	-1,477	-1,482	-1,475	-1,470	-1,458	-1,447	-0,096	-0,035	-0,011	0,029	0,036	0,032	0,029	0,024	0,020	0,015	0,017	0,018	0,023	0,022	0,020	0,055	13,652
11,000	-2,964	-3,004	-3,012	-3,011	-2,997	-2,988	-2,981	-2,977	-2,968	-2,968	-2,961	-2,955	-2,954	-2,942	-2,936	-0,097	-0,058	-0,033	0,005	0,015	0,017	0,021	0,021	0,022	0,021	0,020	0,021	0,020	0,020	0,013	0,040	13,491
12,000	-4,431	-4,483	-4,486	-4,490	-4,483	-4,479	-4,476	-4,478	-4,475	-4,478	-4,474	-4,468	-4,459	-4,439	-4,414	-0,093	-0,057	-0,034	-0,004	0,001	0,004	0,005	0,006	0,008	0,011	0,021	0,029	0,037	0,043	0,034	0,067	12,876
13,000	-1,943	-1,961	-1,976	-1,972	-1,965	-1,962	-1,959	-1,956	-1,950	-1,955	-1,950	-1,948	-1,936	-1,918	-1,898	-0,052	-0,034	-0,026	0,004	0,005	0,007	0,012	0,012	0,012	0,016	0,021	0,026	0,032	0,037	0,028	0,044	11,675
14,000	-3,332	-3,414	-3,414	-3,437	-3,428	-3,425	-3,424	-3,421	-3,418	-3,421	-3,416	-3,410	-3,402	-3,383	-3,364	-0,136	-0,086	-0,061	-0,017	-0,005	-0,001	0,006	0,008	0,009	0,012	0,020	0,026	0,034	0,039	0,030	0,050	11,602
15,000	-2,272	-2,273	-2,291	-2,286	-2,281	-2,279	-2,276	-2,276	-2,273	-2,277	-2,273	-2,273	-2,265	-2,258	-2,248	-0,024	-0,022	-0,016	0,003	0,003	0,002	0,005	0,005	0,006	0,007	0,010	0,013	0,017	0,019	0,015	0,058	12,070
	run	9	2022:11:15    09:32:15,386
0,000	-3,727	-3,752	-3,754	-3,780	-3,778	-3,780	-3,781	-3,785	-3,781	-3,789	-3,786	-3,787	-3,784	-3,772	-3,763	-0,034	-0,032	-0,027	-0,020	-0,014	-0,012	-0,008	-0,006	-0,005	-0,003	0,001	0,008	0,013	0,019	0,015	0,048	10,847
1,000	-4,167	-4,156	-4,140	-4,096	-4,058	-4,036	-4,026	-4,020	-4,007	-4,006	-3,997	-3,992	-3,982	-3,965	-3,950	0,020	0,038	0,057	0,079	0,075	0,059	0,056	0,046	0,041	0,036	0,036	0,037	0,037	0,037	0,025	0,047	11,206
2,000	-2,677	-2,689	-2,684	-2,676	-2,654	-2,638	-2,630	-2,618	-2,603	-2,599	-2,591	-2,579	-2,577	-2,569	-2,556	-0,007	0,002	0,014	0,034	0,045	0,045	0,048	0,043	0,040	0,036	0,034	0,032	0,029	0,025	0,018	0,038	11,638
3,000	-5,421	-5,408	-5,420	-5,371	-5,340	-5,315	-5,304	-5,302	-5,291	-5,298	-5,296	-5,290	-5,286	-5,271	-5,252	0,029	0,019	0,038	0,067	0,070	0,051	0,043	0,032	0,028	0,019	0,023	0,026	0,030	0,035	0,026	0,077	12,473
4,000	-2,973	-3,011	-3,012	-3,023	-3,017	-3,014	-3,009	-3,006	-3,000	-2,997	-2,988	-2,981	-2,972	-2,949	-2,925	-0,063	-0,037	-0,027	-0,005	0,005	0,011	0,016	0,019	0,023	0,027	0,031	0,038	0,044	0,046	0,040	0,045	12,297
5,000	-3,331	-3,390	-3,410	-3,429	-3,428	-3,427	-3,428	-3,427	-3,428	-3,426	-3,425	-3,421	-3,409	-3,389	-3,365	-0,114	-0,089	-0,066	-0,025	-0,014	-0,008	-0,002	-0,002	0,004	0,011	0,019	0,028	0,038	0,041	0,034	0,051	11,250
6,000	-2,079	-1,713	-1,548	-1,330	-1,261	-1,216	-1,200	-1,181	-1,168	-1,163	-1,162	-1,151	-1,146	-1,148	-1,145	0,662	0,591	0,503	0,324	0,240	0,180	0,143	0,113	0,089	0,070	0,046	0,035	0,020	0,017	0,011	0,018	11,631
7,000	-1,573	-1,257	-1,111	-0,950	-0,904	-0,880	-0,869	-0,864	-0,856	-0,856	-0,854	-0,851	-0,851	-0,852	-0,849	0,584	0,509	0,422	0,247	0,174	0,122	0,096	0,071	0,052	0,040	0,027	0,019	0,013	0,009	0,004	0,030	11,353
8,000	-5,052	-5,071	-5,050	-5,020	-4,995	-4,986	-4,980	-4,979	-4,976	-4,987	-4,984	-4,988	-4,991	-4,993	-4,992	-0,037	0,015	0,031	0,039	0,035	0,024	0,021	0,012	0,007	-0,001	-0,001	-0,001	-0,004	-0,001	0,000	0,060	11,470
9,000	-2,070	-2,121	-2,167	-2,190	-2,193	-2,191	-2,192	-2,190	-2,186	-2,188	-2,184	-2,178	-2,168	-2,149	-2,128	-0,129	-0,122	-0,089	-0,042	-0,021	-0,016	-0,006	0,001	0,014	0,011	0,022	0,029	0,033	0,042	0,035	0,053	13,037
10,000	-1,492	-1,546	-1,539	-1,518	-1,497	-1,482	-1,472	-1,465	-1,460	-1,462	-1,462	-1,458	-1,453	-1,441	-1,429	-0,090	-0,036	-0,017	0,033	0,035	0,036	0,028	0,027	0,019	0,018	0,018	0,020	0,024	0,024	0,022	0,056	13,726
11,000	-2,962	-3,004	-3,008	-3,007	-2,993	-2,982	-2,978	-2,974	-2,966	-2,966	-2,958	-2,954	-2,949	-2,939	-2,930	-0,098	-0,057	-0,033	0,008	0,017	0,018	0,021	0,019	0,021	0,018	0,021	0,020	0,020	0,018	0,012	0,040	13,469
12,000	-4,422	-4,473	-4,479	-4,481	-4,473	-4,468	-4,470	-4,468	-4,467	-4,468	-4,468	-4,461	-4,449	-4,429	-4,405	-0,091	-0,057	-0,036	-0,005	0,003	0,005	0,006	0,006	0,007	0,011	0,020	0,030	0,037	0,045	0,036	0,067	12,861
13,000	-1,944	-1,960	-1,974	-1,975	-1,966	-1,964	-1,957	-1,956	-1,948	-1,955	-1,952	-1,947	-1,935	-1,918	-1,899	-0,044	-0,036	-0,024	0,004	0,005	0,007	0,010	0,013	0,017	0,013	0,023	0,028	0,033	0,038	0,029	0,043	11,682
14,000	-3,328	-3,402	-3,406	-3,428	-3,417	-3,414	-3,414	-3,410	-3,407	-3,409	-3,405	-3,401	-3,391	-3,372	-3,351	-0,135	-0,083	-0,060	-0,017	-0,003	0,001	0,005	0,009	0,009	0,012	0,020	0,026	0,033	0,040	0,030	0,051	11,624
15,000	-2,278	-2,276	-2,297	-2,289	-2,287	-2,283	-2,280	-2,279	-2,278	-2,278	-2,279	-2,276	-2,269	-2,261	-2,251	-0,023	-0,022	-0,016	0,002	0,004	0,002	0,006	0,005	0,006	0,008	0,011	0,014	0,019	0,018	0,015	0,057	12,056
	run	10	2022:11:15    09:32:15,438
0,000	-3,727	-3,752	-3,754	-3,780	-3,778	-3,780	-3,781	-3,785	-3,781	-3,789	-3,786	-3,787	-3,784	-3,772	-3,763	-0,034	-0,032	-0,027	-0,020	-0,014	-0,012	-0,008	-0,006	-0,005	-0,003	0,001	0,008	0,013	0,019	0,015	0,048	10,847
1,000	-4,167	-4,156	-4,140	-4,096	-4,058	-4,036	-4,026	-4,020	-4,007	-4,006	-3,997	-3,992	-3,982	-3,965	-3,950	0,020	0,038	0,057	0,079	0,075	0,059	0,056	0,046	0,041	0,036	0,036	0,037	0,037	0,037	0,025	0,047	11,206
2,000	-2,677	-2,689	-2,684	-2,676	-2,654	-2,638	-2,630	-2,618	-2,603	-2,599	-2,591	-2,579	-2,577	-2,569	-2,556	-0,007	0,002	0,014	0,034	0,045	0,045	0,048	0,043	0,040	0,036	0,034	0,032	0,029	0,025	0,018	0,038	11,638
3,000	-5,421	-5,408	-5,420	-5,371	-5,340	-5,315	-5,304	-5,302	-5,291	-5,298	-5,296	-5,290	-5,286	-5,271	-5,252	0,029	0,019	0,038	0,067	0,070	0,051	0,043	0,032	0,028	0,019	0,023	0,026	0,030	0,035	0,026	0,077	12,473
4,000	-2,973	-3,011	-3,012	-3,023	-3,017	-3,014	-3,009	-3,006	-3,000	-2,997	-2,988	-2,981	-2,972	-2,949	-2,925	-0,063	-0,037	-0,027	-0,005	0,005	0,011	0,016	0,019	0,023	0,027	0,031	0,038	0,044	0,046	0,040	0,045	12,297
5,000	-3,331	-3,390	-3,410	-3,429	-3,428	-3,427	-3,428	-3,427	-3,428	-3,426	-3,425	-3,421	-3,409	-3,389	-3,365	-0,114	-0,089	-0,066	-0,025	-0,014	-0,008	-0,002	-0,002	0,004	0,011	0,019	0,028	0,038	0,041	0,034	0,051	11,250
6,000	-2,096	-1,733	-1,572	-1,348	-1,282	-1,233	-1,215	-1,198	-1,186	-1,173	-1,172	-1,170	-1,164	-1,160	-1,159	0,667	0,592	0,510	0,325	0,246	0,179	0,144	0,117	0,092	0,065	0,046	0,037	0,023	0,017	0,007	0,019	11,653
7,000	-1,605	-1,281	-1,135	-0,968	-0,923	-0,897	-0,888	-0,878	-0,873	-0,872	-0,868	-0,867	-0,868	-0,863	-0,864	0,597	0,520	0,429	0,250	0,179	0,124	0,097	0,074	0,055	0,041	0,027	0,020	0,015	0,010	0,005	0,029	11,338
8,000	-5,107	-5,138	-5,115	-5,089	-5,069	-5,062	-5,058	-5,058	-5,051	-5,061	-5,064	-5,064	-5,066	-5,065	-5,067	-0,048	0,007	0,023	0,037	0,031	0,024	0,016	0,012	0,004	-0,001	0,001	-0,003	-0,001	-0,003	0,000	0,061	11,426
9,000	-2,104	-2,159	-2,200	-2,219	-2,223	-2,220	-2,215	-2,217	-2,216	-2,214	-2,206	-2,197	-2,191	-2,171	-2,146	-0,120	-0,117	-0,088	-0,035	-0,022	-0,011	-0,002	0,000	0,009	0,015	0,021	0,034	0,034	0,043	0,036	0,052	12,957
10,000	-1,497	-1,552	-1,547	-1,528	-1,502	-1,489	-1,482	-1,475	-1,469	-1,470	-1,470	-1,466	-1,462	-1,450	-1,439	-0,091	-0,038	-0,017	0,030	0,037	0,033	0,028	0,027	0,016	0,015	0,017	0,019	0,024	0,021	0,019	0,055	13,689
11,000	-2,953	-2,992	-3,000	-2,997	-2,985	-2,977	-2,970	-2,964	-2,957	-2,955	-2,950	-2,944	-2,938	-2,932	-2,923	-0,095	-0,057	-0,032	0,006	0,017	0,018	0,021	0,021	0,020	0,020	0,022	0,021	0,020	0,019	0,013	0,040	13,484
12,000	-4,407	-4,460	-4,461	-4,466	-4,459	-4,456	-4,454	-4,454	-4,450	-4,454	-4,453	-4,446	-4,436	-4,415	-4,389	-0,094	-0,053	-0,035	-0,003	0,005	0,005	0,006	0,007	0,007	0,010	0,019	0,028	0,038	0,043	0,037	0,066	12,883
13,000	-1,918	-1,935	-1,950	-1,948	-1,940	-1,937	-1,934	-1,931	-1,923	-1,930	-1,928	-1,922	-1,912	-1,898	-1,874	-0,047	-0,034	-0,023	0,002	0,004	0,005	0,010	0,012	0,014	0,014	0,020	0,025	0,033	0,035	0,031	0,044	11,704
14,000	-3,289	-3,367	-3,369	-3,391	-3,381	-3,378	-3,378	-3,375	-3,373	-3,375	-3,371	-3,366	-3,356	-3,337	-3,316	-0,131	-0,084	-0,061	-0,018	-0,006	0,001	0,004	0,009	0,010	0,012	0,019	0,024	0,032	0,037	0,029	0,050	11,638
15,000	-2,237	-2,237	-2,256	-2,249	-2,247	-2,244	-2,241	-2,241	-2,237	-2,241	-2,242	-2,238	-2,232	-2,221	-2,215	-0,024	-0,023	-0,016	0,002	0,001	0,002	0,006	0,007	0,006	0,007	0,011	0,014	0,017	0,018	0,015	0,057	12,100
	run	11	2022:11:15    09:32:15,538
0,000	-3,709	-3,733	-3,737	-3,758	-3,757	-3,759	-3,761	-3,763	-3,760	-3,766	-3,766	-3,764	-3,762	-3,750	-3,742	-0,034	-0,031	-0,027	-0,017	-0,013	-0,011	-0,006	-0,006	-0,004	-0,003	0,001	0,007	0,014	0,019	0,015	0,049	10,935
1,000	-4,164	-4,154	-4,140	-4,094	-4,056	-4,035	-4,022	-4,016	-4,005	-4,003	-3,996	-3,988	-3,978	-3,964	-3,948	0,018	0,041	0,059	0,078	0,076	0,061	0,055	0,047	0,042	0,037	0,037	0,037	0,036	0,036	0,026	0,047	11,257
2,000	-2,676	-2,686	-2,680	-2,674	-2,653	-2,638	-2,624	-2,616	-2,604	-2,597	-2,589	-2,580	-2,576	-2,565	-2,556	-0,008	-0,001	0,010	0,032	0,042	0,044	0,045	0,042	0,040	0,037	0,033	0,031	0,029	0,024	0,017	0,037	11,660
3,000	-5,450	-5,436	-5,450	-5,401	-5,368	-5,346	-5,333	-5,331	-5,322	-5,327	-5,324	-5,321	-5,316	-5,297	-5,277	0,028	0,021	0,038	0,070	0,069	0,053	0,046	0,036	0,028	0,022	0,024	0,026	0,030	0,035	0,025	0,077	12,510
4,000	-2,990	-3,031	-3,031	-3,046	-3,038	-3,034	-3,030	-3,027	-3,023	-3,022	-3,011	-3,004	-2,993	-2,972	-2,947	-0,060	-0,034	-0,028	-0,007	0,005	0,011	0,019	0,019	0,023	0,026	0,033	0,037	0,044	0,048	0,036	0,045	12,253
5,000	-3,362	-3,422	-3,438	-3,460	-3,461	-3,460	-3,461	-3,460	-3,461	-3,461	-3,458	-3,452	-3,443	-3,424	-3,397	-0,115	-0,089	-0,065	-0,031	-0,013	-0,009	-0,001	-0,001	0,004	0,009	0,020	0,029	0,036	0,044	0,036	0,051	11,199
6,000	-2,117	-1,750	-1,581	-1,359	-1,289	-1,247	-1,225	-1,207	-1,198	-1,190	-1,180	-1,180	-1,178	-1,173	-1,169	0,678	0,596	0,512	0,330	0,248	0,183	0,147	0,118	0,095	0,067	0,050	0,034	0,026	0,019	0,010	0,015	11,587
7,000	-1,614	-1,289	-1,146	-0,976	-0,929	-0,903	-0,892	-0,884	-0,879	-0,874	-0,872	-0,870	-0,871	-0,868	-0,869	0,601	0,519	0,435	0,254	0,181	0,128	0,102	0,077	0,059	0,040	0,028	0,023	0,014	0,010	0,005	0,033	11,257
8,000	-5,141	-5,163	-5,138	-5,113	-5,095	-5,084	-5,080	-5,082	-5,080	-5,085	-5,088	-5,088	-5,092	-5,090	-5,091	-0,027	0,009	0,027	0,037	0,029	0,019	0,014	0,010	0,004	-0,003	-0,006	-0,002	-0,005	-0,004	-0,001	0,061	11,331
9,000	-2,080	-2,133	-2,175	-2,194	-2,196	-2,186	-2,190	-2,189	-2,183	-2,187	-2,178	-2,170	-2,160	-2,147	-2,119	-0,120	-0,114	-0,083	-0,034	-0,015	-0,008	0,002	0,002	0,014	0,016	0,020	0,029	0,038	0,044	0,033	0,052	12,898
10,000	-1,490	-1,539	-1,529	-1,517	-1,493	-1,481	-1,471	-1,463	-1,461	-1,461	-1,458	-1,459	-1,451	-1,440	-1,428	-0,098	-0,035	-0,016	0,027	0,032	0,032	0,028	0,023	0,017	0,016	0,017	0,019	0,023	0,024	0,018	0,056	13,630
11,000	-2,941	-2,982	-2,991	-2,993	-2,981	-2,970	-2,965	-2,962	-2,955	-2,952	-2,946	-2,942	-2,938	-2,928	-2,920	-0,100	-0,064	-0,037	0,004	0,015	0,015	0,020	0,020	0,020	0,016	0,019	0,020	0,019	0,017	0,013	0,040	13,491
12,000	-4,358	-4,409	-4,409	-4,417	-4,408	-4,402	-4,401	-4,401	-4,399	-4,402	-4,400	-4,394	-4,384	-4,364	-4,340	-0,090	-0,052	-0,032	-0,002	0,003	0,005	0,006	0,006	0,009	0,012	0,022	0,027	0,036	0,043	0,034	0,066	12,927
13,000	-1,916	-1,935	-1,953	-1,950	-1,945	-1,944	-1,937	-1,932	-1,927	-1,932	-1,929	-1,928	-1,913	-1,899	-1,878	-0,051	-0,037	-0,026	0,001	0,006	0,007	0,007	0,014	0,010	0,019	0,018	0,025	0,030	0,036	0,027	0,043	11,719
14,000	-3,259	-3,338	-3,339	-3,361	-3,352	-3,348	-3,348	-3,344	-3,339	-3,342	-3,339	-3,332	-3,326	-3,307	-3,287	-0,130	-0,077	-0,058	-0,017	-0,004	-0,000	0,006	0,009	0,011	0,013	0,018	0,026	0,031	0,038	0,031	0,050	11,675
15,000	-2,241	-2,243	-2,263	-2,255	-2,253	-2,251	-2,247	-2,248	-2,243	-2,247	-2,247	-2,244	-2,237	-2,229	-2,221	-0,022	-0,022	-0,018	0,001	0,002	0,003	0,005	0,005	0,006	0,007	0,008	0,014	0,018	0,018	0,014	0,057	12,144
	run	12	2022:11:15    09:32:15,638
0,000	-3,680	-3,708	-3,712	-3,732	-3,731	-3,735	-3,737	-3,737	-3,737	-3,744	-3,744	-3,741	-3,739	-3,728	-3,717	-0,033	-0,027	-0,029	-0,020	-0,012	-0,010	-0,007	-0,003	-0,002	-0,004	0,002	0,010	0,013	0,018	0,014	0,049	10,906
1,000	-4,121	-4,113	-4,096	-4,050	-4,014	-3,992	-3,983	-3,977	-3,966	-3,963	-3,956	-3,948	-3,939	-3,925	-3,910	0,015	0,040	0,054	0,076	0,074	0,057	0,055	0,048	0,042	0,038	0,035	0,036	0,037	0,036	0,025	0,047	11,265
2,000	-2,660	-2,672	-2,667	-2,660	-2,641	-2,625	-2,613	-2,601	-2,591	-2,585	-2,577	-2,567	-2,563	-2,552	-2,541	-0,008	0,002	0,011	0,034	0,044	0,044	0,045	0,044	0,040	0,037	0,034	0,030	0,030	0,025	0,017	0,037	11,675
3,000	-5,417	-5,410	-5,418	-5,370	-5,337	-5,311	-5,300	-5,295	-5,290	-5,296	-5,292	-5,291	-5,284	-5,264	-5,251	0,027	0,018	0,040	0,071	0,070	0,049	0,044	0,036	0,027	0,020	0,023	0,027	0,031	0,034	0,025	0,077	12,480
4,000	-2,986	-3,023	-3,024	-3,033	-3,028	-3,023	-3,021	-3,017	-3,012	-3,006	-3,004	-2,993	-2,983	-2,961	-2,935	-0,063	-0,036	-0,028	-0,005	0,006	0,008	0,017	0,017	0,021	0,024	0,031	0,038	0,043	0,047	0,037	0,045	12,290
5,000	-3,353	-3,415	-3,435	-3,456	-3,454	-3,456	-3,455	-3,456	-3,455	-3,454	-3,453	-3,447	-3,437	-3,417	-3,391	-0,116	-0,092	-0,067	-0,028	-0,015	-0,008	-0,003	0,000	0,003	0,011	0,019	0,029	0,037	0,044	0,036	0,051	11,235
6,000	-2,113	-1,747	-1,579	-1,360	-1,287	-1,241	-1,223	-1,206	-1,197	-1,191	-1,181	-1,176	-1,175	-1,171	-1,166	0,677	0,600	0,512	0,330	0,246	0,185	0,150	0,116	0,085	0,069	0,048	0,035	0,025	0,015	0,012	0,018	11,638
7,000	-1,624	-1,300	-1,151	-0,985	-0,936	-0,911	-0,901	-0,892	-0,885	-0,884	-0,881	-0,879	-0,879	-0,879	-0,875	0,613	0,527	0,438	0,257	0,180	0,130	0,100	0,077	0,058	0,042	0,030	0,022	0,017	0,009	0,005	0,031	11,309
8,000	-5,187	-5,212	-5,186	-5,162	-5,139	-5,127	-5,125	-5,124	-5,121	-5,129	-5,132	-5,128	-5,137	-5,136	-5,140	-0,038	0,009	0,029	0,037	0,033	0,024	0,012	0,012	0,003	-0,004	-0,005	-0,004	-0,002	-0,003	-0,002	0,062	11,331
9,000	-2,130	-2,195	-2,228	-2,245	-2,249	-2,245	-2,247	-2,241	-2,241	-2,241	-2,233	-2,230	-2,217	-2,198	-2,170	-0,129	-0,117	-0,082	-0,028	-0,018	-0,004	0,002	0,003	0,013	0,016	0,027	0,028	0,036	0,042	0,035	0,053	12,883
10,000	-1,515	-1,566	-1,557	-1,539	-1,514	-1,500	-1,489	-1,483	-1,479	-1,479	-1,478	-1,475	-1,471	-1,461	-1,449	-0,096	-0,032	-0,012	0,030	0,036	0,036	0,032	0,025	0,022	0,019	0,018	0,019	0,023	0,025	0,021	0,056	13,594
11,000	-2,954	-2,993	-2,997	-3,000	-2,987	-2,976	-2,970	-2,968	-2,958	-2,956	-2,951	-2,946	-2,940	-2,934	-2,925	-0,096	-0,059	-0,035	0,006	0,014	0,017	0,020	0,022	0,021	0,020	0,020	0,023	0,019	0,020	0,014	0,040	13,447
12,000	-4,385	-4,437	-4,437	-4,442	-4,433	-4,429	-4,430	-4,428	-4,425	-4,429	-4,426	-4,420	-4,412	-4,392	-4,366	-0,091	-0,055	-0,036	-0,004	0,002	0,005	0,004	0,005	0,008	0,013	0,019	0,027	0,039	0,042	0,036	0,066	12,861
13,000	-1,906	-1,923	-1,935	-1,937	-1,932	-1,925	-1,920	-1,919	-1,912	-1,918	-1,915	-1,907	-1,898	-1,883	-1,863	-0,048	-0,033	-0,026	0,001	0,008	0,006	0,009	0,014	0,012	0,013	0,020	0,025	0,036	0,035	0,029	0,043	11,719
14,000	-3,243	-3,333	-3,333	-3,356	-3,347	-3,344	-3,342	-3,341	-3,336	-3,341	-3,335	-3,330	-3,322	-3,303	-3,282	-0,131	-0,082	-0,061	-0,020	-0,004	0,001	0,006	0,008	0,010	0,012	0,020	0,026	0,034	0,036	0,029	0,050	11,675
15,000	-2,225	-2,223	-2,241	-2,235	-2,231	-2,229	-2,228	-2,228	-2,223	-2,225	-2,225	-2,225	-2,218	-2,210	-2,201	-0,024	-0,019	-0,016	0,001	0,004	0,001	0,005	0,005	0,005	0,007	0,009	0,013	0,016	0,018	0,015	0,058	12,100
	run	13	2022:11:15    09:32:15,686
0,000	-3,687	-3,716	-3,721	-3,742	-3,739	-3,744	-3,745	-3,748	-3,745	-3,749	-3,749	-3,750	-3,747	-3,736	-3,725	-0,034	-0,031	-0,028	-0,017	-0,013	-0,010	-0,008	-0,004	-0,002	-0,002	0,005	0,008	0,014	0,018	0,016	0,048	10,920
1,000	-4,128	-4,126	-4,107	-4,058	-4,025	-4,004	-3,993	-3,985	-3,976	-3,975	-3,964	-3,957	-3,949	-3,933	-3,919	0,013	0,038	0,057	0,075	0,073	0,060	0,053	0,048	0,041	0,037	0,036	0,037	0,036	0,036	0,026	0,046	11,265
2,000	-2,660	-2,672	-2,667	-2,660	-2,641	-2,625	-2,613	-2,601	-2,591	-2,585	-2,577	-2,567	-2,563	-2,552	-2,541	-0,008	0,002	0,011	0,034	0,044	0,044	0,045	0,044	0,040	0,037	0,034	0,030	0,030	0,025	0,017	0,037	11,675
3,000	-5,417	-5,410	-5,418	-5,370	-5,337	-5,311	-5,300	-5,295	-5,290	-5,296	-5,292	-5,291	-5,284	-5,264	-5,251	0,027	0,018	0,040	0,071	0,070	0,049	0,044	0,036	0,027	0,020	0,023	0,027	0,031	0,034	0,025	0,077	12,480
4,000	-2,986	-3,023	-3,024	-3,033	-3,028	-3,023	-3,021	-3,017	-3,012	-3,006	-3,004	-2,993	-2,983	-2,961	-2,935	-0,063	-0,036	-0,028	-0,005	0,006	0,008	0,017	0,017	0,021	0,024	0,031	0,038	0,043	0,047	0,037	0,045	12,290
5,000	-3,353	-3,415	-3,435	-3,456	-3,454	-3,456	-3,455	-3,456	-3,455	-3,454	-3,453	-3,447	-3,437	-3,417	-3,391	-0,116	-0,092	-0,067	-0,028	-0,015	-0,008	-0,003	0,000	0,003	0,011	0,019	0,029	0,037	0,044	0,036	0,051	11,235
6,000	-2,113	-1,747	-1,579	-1,360	-1,287	-1,241	-1,223	-1,206	-1,197	-1,191	-1,181	-1,176	-1,175	-1,171	-1,166	0,677	0,600	0,512	0,330	0,246	0,185	0,150	0,116	0,085	0,069	0,048	0,035	0,025	0,015	0,012	0,018	11,638
7,000	-1,624	-1,300	-1,151	-0,985	-0,936	-0,911	-0,901	-0,892	-0,885	-0,884	-0,881	-0,879	-0,879	-0,879	-0,875	0,613	0,527	0,438	0,257	0,180	0,130	0,100	0,077	0,058	0,042	0,030	0,022	0,017	0,009	0,005	0,031	11,309
8,000	-5,157	-5,175	-5,154	-5,123	-5,103	-5,095	-5,090	-5,089	-5,084	-5,091	-5,096	-5,093	-5,101	-5,099	-5,099	-0,033	0,011	0,027	0,038	0,033	0,022	0,018	0,007	0,003	-0,004	-0,003	-0,004	-0,003	-0,004	-0,002	0,062	11,367
9,000	-2,191	-2,246	-2,289	-2,307	-2,315	-2,308	-2,305	-2,306	-2,297	-2,301	-2,297	-2,284	-2,279	-2,258	-2,233	-0,129	-0,119	-0,092	-0,033	-0,018	-0,006	0,000	0,006	0,012	0,018	0,025	0,034	0,041	0,042	0,029	0,054	12,905
10,000	-1,506	-1,555	-1,545	-1,530	-1,503	-1,487	-1,478	-1,471	-1,469	-1,470	-1,465	-1,465	-1,460	-1,447	-1,436	-0,098	-0,033	-0,007	0,032	0,036	0,036	0,029	0,028	0,020	0,018	0,015	0,021	0,023	0,023	0,018	0,056	13,667
11,000	-2,985	-3,025	-3,031	-3,028	-3,017	-3,007	-3,002	-2,997	-2,990	-2,987	-2,979	-2,973	-2,971	-2,960	-2,953	-0,094	-0,058	-0,034	0,006	0,017	0,017	0,021	0,020	0,023	0,021	0,020	0,020	0,019	0,020	0,013	0,041	13,455
12,000	-4,402	-4,458	-4,457	-4,464	-4,453	-4,449	-4,449	-4,448	-4,445	-4,449	-4,445	-4,441	-4,431	-4,410	-4,385	-0,090	-0,056	-0,034	-0,005	0,004	0,005	0,007	0,007	0,007	0,013	0,018	0,030	0,038	0,042	0,035	0,066	12,869
13,000	-1,930	-1,948	-1,961	-1,959	-1,950	-1,948	-1,943	-1,942	-1,940	-1,939	-1,935	-1,933	-1,923	-1,903	-1,884	-0,047	-0,033	-0,023	0,002	0,007	0,006	0,010	0,013	0,013	0,014	0,020	0,026	0,031	0,037	0,028	0,043	11,704
14,000	-3,288	-3,365	-3,367	-3,387	-3,376	-3,377	-3,373	-3,371	-3,369	-3,371	-3,367	-3,362	-3,354	-3,335	-3,314	-0,126	-0,082	-0,057	-0,019	-0,003	0,002	0,004	0,008	0,012	0,012	0,021	0,027	0,034	0,038	0,031	0,051	11,653
15,000	-2,239	-2,240	-2,260	-2,253	-2,249	-2,249	-2,244	-2,242	-2,239	-2,243	-2,243	-2,241	-2,234	-2,225	-2,216	-0,024	-0,023	-0,016	0,003	0,002	0,002	0,005	0,005	0,006	0,007	0,008	0,011	0,018	0,018	0,016	0,057	12,114
	run	14	2022:11:15    09:32:15,785
0,000	-3,707	-3,723	-3,731	-3,751	-3,752	-3,752	-3,754	-3,755	-3,754	-3,759	-3,759	-3,758	-3,755	-3,745	-3,734	-0,032	-0,031	-0,030	-0,017	-0,013	-0,010	-0,006	-0,003	-0,004	-0,004	0,002	0,007	0,013	0,018	0,015	0,048	10,898
1,000	-4,134	-4,125	-4,108	-4,065	-4,028	-4,007	-3,996	-3,989	-3,977	-3,976	-3,969	-3,961	-3,953	-3,938	-3,921	0,016	0,040	0,054	0,075	0,072	0,059	0,056	0,048	0,040	0,035	0,035	0,037	0,036	0,035	0,024	0,046	11,265
2,000	-2,628	-2,639	-2,631	-2,631	-2,611	-2,594	-2,586	-2,576	-2,561	-2,561	-2,550	-2,541	-2,533	-2,524	-2,516	-0,014	-0,002	0,009	0,030	0,039	0,042	0,045	0,041	0,038	0,032	0,033	0,029	0,026	0,026	0,016	0,037	11,682
3,000	-5,331	-5,323	-5,329	-5,289	-5,260	-5,237	-5,231	-5,227	-5,219	-5,225	-5,221	-5,216	-5,214	-5,194	-5,180	0,024	0,018	0,038	0,060	0,061	0,048	0,040	0,032	0,027	0,017	0,021	0,028	0,028	0,031	0,025	0,076	12,546
4,000	-2,917	-2,955	-2,958	-2,964	-2,956	-2,953	-2,950	-2,946	-2,942	-2,939	-2,930	-2,925	-2,912	-2,894	-2,867	-0,061	-0,036	-0,024	-0,004	0,007	0,012	0,018	0,019	0,021	0,025	0,033	0,038	0,042	0,046	0,037	0,045	12,393
5,000	-3,298	-3,353	-3,376	-3,394	-3,395	-3,394	-3,394	-3,396	-3,395	-3,396	-3,391	-3,389	-3,376	-3,358	-3,333	-0,110	-0,089	-0,065	-0,029	-0,016	-0,010	-0,003	-0,003	0,003	0,013	0,020	0,029	0,036	0,042	0,037	0,050	11,316
6,000	-2,098	-1,741	-1,575	-1,346	-1,285	-1,240	-1,217	-1,204	-1,189	-1,183	-1,172	-1,176	-1,169	-1,167	-1,161	0,672	0,591	0,512	0,328	0,246	0,180	0,147	0,115	0,091	0,067	0,048	0,038	0,023	0,013	0,008	0,017	11,624
7,000	-1,603	-1,283	-1,141	-0,975	-0,925	-0,899	-0,891	-0,883	-0,875	-0,874	-0,870	-0,870	-0,868	-0,866	-0,866	0,598	0,520	0,428	0,254	0,181	0,125	0,099	0,075	0,057	0,041	0,029	0,021	0,015	0,010	0,006	0,030	11,301
8,000	-5,151	-5,174	-5,153	-5,121	-5,102	-5,092	-5,089	-5,089	-5,087	-5,094	-5,097	-5,098	-5,100	-5,099	-5,100	-0,029	0,007	0,027	0,039	0,032	0,023	0,016	0,011	0,008	0,003	-0,006	-0,000	-0,007	-0,001	-0,002	0,061	11,367
9,000	-2,107	-2,159	-2,200	-2,217	-2,222	-2,216	-2,213	-2,216	-2,208	-2,209	-2,202	-2,197	-2,182	-2,168	-2,145	-0,127	-0,117	-0,082	-0,029	-0,013	-0,007	-0,000	0,005	0,012	0,017	0,027	0,033	0,039	0,043	0,033	0,053	12,898
10,000	-1,514	-1,566	-1,560	-1,538	-1,512	-1,500	-1,489	-1,484	-1,480	-1,479	-1,479	-1,475	-1,468	-1,458	-1,447	-0,094	-0,035	-0,013	0,031	0,037	0,036	0,030	0,026	0,020	0,021	0,017	0,018	0,023	0,026	0,021	0,056	13,601
11,000	-2,975	-3,017	-3,022	-3,020	-3,008	-2,999	-2,993	-2,988	-2,983	-2,977	-2,973	-2,967	-2,963	-2,953	-2,946	-0,093	-0,058	-0,029	0,008	0,016	0,017	0,021	0,021	0,020	0,020	0,021	0,021	0,020	0,019	0,013	0,041	13,440
12,000	-4,455	-4,509	-4,510	-4,520	-4,509	-4,506	-4,506	-4,504	-4,505	-4,507	-4,503	-4,497	-4,489	-4,467	-4,441	-0,098	-0,056	-0,038	-0,006	0,000	0,004	0,006	0,006	0,007	0,011	0,019	0,030	0,039	0,043	0,034	0,067	12,839
13,000	-1,947	-1,961	-1,974	-1,974	-1,964	-1,960	-1,955	-1,956	-1,948	-1,952	-1,950	-1,943	-1,935	-1,921	-1,899	-0,048	-0,033	-0,024	0,005	0,007	0,006	0,009	0,014	0,013	0,015	0,021	0,030	0,034	0,035	0,031	0,044	11,646
14,000	-3,306	-3,384	-3,386	-3,409	-3,398	-3,393	-3,393	-3,391	-3,388	-3,392	-3,385	-3,379	-3,372	-3,356	-3,332	-0,136	-0,081	-0,059	-0,018	-0,004	-0,000	0,004	0,008	0,010	0,011	0,019	0,025	0,034	0,040	0,032	0,051	11,587
15,000	-2,246	-2,247	-2,266	-2,261	-2,255	-2,254	-2,251	-2,252	-2,247	-2,249	-2,250	-2,249	-2,241	-2,234	-2,223	-0,025	-0,023	-0,018	0,001	0,004	0,003	0,006	0,006	0,005	0,007	0,009	0,013	0,018	0,019	0,015	0,058	12,085
	run	15	2022:11:15    09:32:15,838
0,000	-3,707	-3,723	-3,731	-3,751	-3,752	-3,752	-3,754	-3,755	-3,754	-3,759	-3,759	-3,758	-3,755	-3,745	-3,734	-0,032	-0,031	-0,030	-0,017	-0,013	-0,010	-0,006	-0,003	-0,004	-0,004	0,002	0,007	0,013	0,018	0,015	0,048	10,898
1,000	-4,134	-4,125	-4,108	-4,065	-4,028	-4,007	-3,996	-3,989	-3,977	-3,976	-3,969	-3,961	-3,953	-3,938	-3,921	0,016	0,040	0,054	0,075	0,072	0,059	0,056	0,048	0,040	0,035	0,035	0,037	0,036	0,035	0,024	0,046	11,265
2,000	-2,628	-2,639	-2,631	-2,631	-2,611	-2,594	-2,586	-2,576	-2,561	-2,561	-2,550	-2,541	-2,533	-2,524	-2,516	-0,014	-0,002	0,009	0,030	0,039	0,042	0,045	0,041	0,038	0,032	0,033	0,029	0,026	0,026	0,016	0,037	11,682
3,000	-5,331	-5,323	-5,329	-5,289	-5,260	-5,237	-5,231	-5,227	-5,219	-5,225	-5,221	-5,216	-5,214	-5,194	-5,180	0,024	0,018	0,038	0,060	0,061	0,048	0,040	0,032	0,027	0,017	0,021	0,028	0,028	0,031	0,025	0,076	12,546
4,000	-2,917	-2,955	-2,958	-2,964	-2,956	-2,953	-2,950	-2,946	-2,942	-2,939	-2,930	-2,925	-2,912	-2,894	-2,867	-0,061	-0,036	-0,024	-0,004	0,007	0,012	0,018	0,019	0,021	0,025	0,033	0,038	0,042	0,046	0,037	0,045	12,393
5,000	-3,298	-3,353	-3,376	-3,394	-3,395	-3,394	-3,394	-3,396	-3,395	-3,396	-3,391	-3,389	-3,376	-3,358	-3,333	-0,110	-0,089	-0,065	-0,029	-0,016	-0,010	-0,003	-0,003	0,003	0,013	0,020	0,029	0,036	0,042	0,037	0,050	11,316
6,000	-2,081	-1,723	-1,557	-1,338	-1,276	-1,227	-1,208	-1,191	-1,183	-1,171	-1,167	-1,163	-1,157	-1,157	-1,154	0,652	0,583	0,500	0,323	0,244	0,180	0,145	0,114	0,089	0,065	0,051	0,027	0,023	0,012	0,010	0,016	11,689
7,000	-1,594	-1,281	-1,131	-0,967	-0,918	-0,894	-0,885	-0,876	-0,873	-0,870	-0,866	-0,865	-0,865	-0,861	-0,861	0,593	0,512	0,429	0,250	0,179	0,126	0,099	0,076	0,054	0,043	0,029	0,021	0,014	0,013	0,005	0,031	11,338
8,000	-5,147	-5,168	-5,149	-5,117	-5,097	-5,089	-5,087	-5,086	-5,081	-5,092	-5,092	-5,092	-5,095	-5,097	-5,097	-0,038	0,015	0,027	0,034	0,029	0,021	0,017	0,010	0,004	-0,000	-0,003	-0,002	-0,002	-0,003	-0,004	0,062	11,404
9,000	-2,108	-2,160	-2,205	-2,222	-2,228	-2,220	-2,221	-2,225	-2,216	-2,213	-2,209	-2,204	-2,192	-2,178	-2,152	-0,123	-0,115	-0,086	-0,031	-0,017	-0,007	0,002	0,005	0,007	0,020	0,020	0,032	0,034	0,040	0,027	0,053	12,935
10,000	-1,519	-1,568	-1,564	-1,541	-1,514	-1,500	-1,490	-1,485	-1,479	-1,481	-1,478	-1,479	-1,471	-1,458	-1,444	-0,094	-0,033	-0,013	0,034	0,036	0,035	0,032	0,025	0,024	0,020	0,017	0,020	0,022	0,026	0,020	0,056	13,645
11,000	-3,008	-3,046	-3,050	-3,049	-3,037	-3,026	-3,021	-3,016	-3,008	-3,006	-3,000	-2,995	-2,990	-2,982	-2,971	-0,094	-0,058	-0,030	0,008	0,017	0,018	0,021	0,021	0,022	0,024	0,020	0,021	0,020	0,021	0,013	0,041	13,425
12,000	-4,489	-4,541	-4,543	-4,548	-4,542	-4,538	-4,536	-4,537	-4,534	-4,539	-4,534	-4,528	-4,517	-4,497	-4,473	-0,095	-0,057	-0,036	-0,007	0,000	0,001	0,005	0,008	0,009	0,010	0,019	0,026	0,039	0,043	0,034	0,067	12,839
13,000	-1,971	-1,985	-1,998	-1,998	-1,989	-1,983	-1,984	-1,978	-1,975	-1,979	-1,976	-1,967	-1,958	-1,944	-1,926	-0,045	-0,035	-0,025	0,005	0,007	0,008	0,010	0,016	0,009	0,016	0,018	0,025	0,033	0,038	0,031	0,043	11,631
14,000	-3,350	-3,432	-3,435	-3,453	-3,444	-3,440	-3,443	-3,438	-3,433	-3,437	-3,432	-3,427	-3,419	-3,399	-3,377	-0,129	-0,083	-0,059	-0,018	-0,003	0,001	0,007	0,010	0,010	0,012	0,019	0,027	0,032	0,039	0,031	0,051	11,558
15,000	-2,264	-2,265	-2,283	-2,277	-2,273	-2,270	-2,267	-2,269	-2,264	-2,268	-2,266	-2,264	-2,256	-2,249	-2,240	-0,023	-0,021	-0,015	0,002	0,002	0,004	0,007	0,005	0,007	0,008	0,008	0,013	0,017	0,017	0,015	0,058	12,041
	run	16	2022:11:15    09:32:15,938
0,000	-3,710	-3,735	-3,741	-3,763	-3,760	-3,763	-3,766	-3,767	-3,763	-3,771	-3,771	-3,769	-3,767	-3,755	-3,746	-0,032	-0,032	-0,029	-0,020	-0,013	-0,008	-0,007	-0,008	-0,004	-0,002	0,003	0,008	0,013	0,017	0,016	0,048	10,876
1,000	-4,151	-4,145	-4,127	-4,081	-4,045	-4,024	-4,012	-4,006	-3,997	-3,992	-3,985	-3,977	-3,969	-3,953	-3,937	0,017	0,038	0,056	0,077	0,074	0,060	0,055	0,046	0,041	0,037	0,037	0,036	0,036	0,035	0,025	0,048	11,235
2,000	-2,650	-2,657	-2,652	-2,648	-2,629	-2,612	-2,602	-2,591	-2,580	-2,574	-2,565	-2,557	-2,551	-2,539	-2,533	-0,009	0,001	0,011	0,033	0,041	0,043	0,044	0,044	0,039	0,035	0,033	0,031	0,028	0,024	0,016	0,037	11,660
3,000	-5,351	-5,342	-5,354	-5,312	-5,278	-5,258	-5,246	-5,244	-5,237	-5,239	-5,237	-5,232	-5,232	-5,214	-5,193	0,021	0,020	0,039	0,065	0,063	0,047	0,039	0,032	0,025	0,019	0,021	0,028	0,027	0,033	0,024	0,076	12,532
4,000	-2,925	-2,960	-2,960	-2,968	-2,964	-2,961	-2,957	-2,952	-2,949	-2,943	-2,941	-2,933	-2,918	-2,897	-2,872	-0,060	-0,035	-0,024	-0,005	0,005	0,012	0,019	0,018	0,019	0,027	0,032	0,038	0,042	0,048	0,036	0,044	12,356
5,000	-3,241	-3,305	-3,323	-3,343	-3,344	-3,342	-3,344	-3,345	-3,344	-3,343	-3,341	-3,336	-3,327	-3,307	-3,283	-0,112	-0,090	-0,067	-0,027	-0,016	-0,008	-0,003	-0,001	0,002	0,010	0,018	0,028	0,036	0,043	0,034	0,050	11,331
6,000	-2,077	-1,715	-1,549	-1,329	-1,262	-1,219	-1,194	-1,181	-1,168	-1,162	-1,154	-1,154	-1,145	-1,142	-1,146	0,657	0,590	0,505	0,321	0,242	0,181	0,144	0,111	0,091	0,064	0,049	0,035	0,024	0,018	0,008	0,018	11,697
7,000	-1,590	-1,272	-1,127	-0,961	-0,915	-0,892	-0,881	-0,873	-0,871	-0,864	-0,862	-0,861	-0,860	-0,860	-0,859	0,591	0,519	0,428	0,249	0,176	0,125	0,096	0,075	0,055	0,041	0,027	0,019	0,013	0,010	0,005	0,030	11,375
8,000	-5,094	-5,121	-5,098	-5,068	-5,046	-5,037	-5,035	-5,032	-5,031	-5,037	-5,037	-5,040	-5,043	-5,041	-5,041	-0,029	0,011	0,024	0,033	0,035	0,024	0,017	0,007	0,005	-0,000	-0,003	-0,001	-0,003	-0,003	-0,002	0,061	11,433
9,000	-2,127	-2,181	-2,222	-2,243	-2,242	-2,240	-2,237	-2,239	-2,238	-2,238	-2,233	-2,223	-2,213	-2,193	-2,170	-0,129	-0,116	-0,090	-0,036	-0,017	-0,010	-0,003	0,002	0,012	0,015	0,024	0,032	0,041	0,040	0,029	0,052	12,957
10,000	-1,506	-1,563	-1,550	-1,537	-1,510	-1,492	-1,483	-1,478	-1,471	-1,477	-1,472	-1,470	-1,465	-1,452	-1,438	-0,097	-0,032	-0,014	0,029	0,035	0,037	0,030	0,025	0,021	0,017	0,022	0,020	0,025	0,023	0,021	0,055	13,674
11,000	-3,000	-3,038	-3,045	-3,041	-3,025	-3,019	-3,012	-3,007	-3,000	-2,999	-2,992	-2,988	-2,982	-2,975	-2,966	-0,097	-0,055	-0,031	0,010	0,018	0,017	0,021	0,022	0,022	0,018	0,020	0,020	0,019	0,021	0,013	0,041	13,447
12,000	-4,494	-4,548	-4,552	-4,558	-4,548	-4,544	-4,543	-4,542	-4,541	-4,542	-4,542	-4,534	-4,525	-4,502	-4,478	-0,093	-0,057	-0,036	-0,004	0,002	0,005	0,007	0,007	0,008	0,012	0,018	0,030	0,038	0,045	0,034	0,068	12,839
13,000	-1,955	-1,970	-1,982	-1,979	-1,972	-1,973	-1,966	-1,964	-1,956	-1,963	-1,958	-1,955	-1,945	-1,927	-1,903	-0,044	-0,030	-0,025	0,005	0,004	0,011	0,011	0,011	0,013	0,014	0,019	0,026	0,033	0,037	0,030	0,043	11,660
14,000	-3,328	-3,412	-3,410	-3,434	-3,421	-3,420	-3,418	-3,415	-3,411	-3,414	-3,412	-3,407	-3,398	-3,380	-3,357	-0,131	-0,080	-0,060	-0,018	-0,007	0,001	0,005	0,008	0,011	0,011	0,020	0,025	0,033	0,040	0,030	0,051	11,580
15,000	-2,268	-2,264	-2,286	-2,282	-2,274	-2,273	-2,269	-2,271	-2,266	-2,268	-2,269	-2,267	-2,261	-2,251	-2,243	-0,021	-0,021	-0,015	0,002	0,004	0,004	0,006	0,004	0,005	0,007	0,010	0,014	0,020	0,019	0,014	0,058	12,063
	run	17	2022:11:15    09:32:16,039
0,000	-3,723	-3,745	-3,750	-3,772	-3,771	-3,774	-3,777	-3,776	-3,776	-3,780	-3,780	-3,778	-3,778	-3,765	-3,755	-0,036	-0,034	-0,027	-0,019	-0,013	-0,011	-0,007	-0,006	-0,004	-0,003	0,004	0,007	0,014	0,018	0,014	0,048	10,898
1,000	-4,139	-4,129	-4,112	-4,068	-4,028	-4,006	-3,997	-3,990	-3,979	-3,976	-3,970	-3,963	-3,953	-3,937	-3,922	0,015	0,039	0,054	0,078	0,074	0,059	0,054	0,047	0,045	0,036	0,039	0,036	0,035	0,035	0,025	0,047	11,250
2,000	-2,650	-2,656	-2,652	-2,647	-2,627	-2,610	-2,599	-2,589	-2,573	-2,573	-2,563	-2,557	-2,550	-2,538	-2,530	-0,010	0,003	0,009	0,031	0,042	0,042	0,046	0,041	0,042	0,036	0,033	0,031	0,028	0,024	0,017	0,037	11,660
3,000	-5,386	-5,377	-5,389	-5,345	-5,313	-5,288	-5,280	-5,279	-5,272	-5,273	-5,272	-5,267	-5,261	-5,245	-5,230	0,023	0,021	0,041	0,068	0,066	0,049	0,042	0,033	0,029	0,021	0,023	0,026	0,029	0,034	0,027	0,076	12,510
4,000	-2,954	-2,991	-2,990	-3,002	-2,993	-2,990	-2,986	-2,984	-2,978	-2,975	-2,968	-2,962	-2,951	-2,928	-2,900	-0,065	-0,036	-0,027	-0,005	0,007	0,015	0,017	0,019	0,017	0,027	0,030	0,038	0,045	0,044	0,036	0,045	12,363
5,000	-3,329	-3,389	-3,406	-3,428	-3,426	-3,426	-3,427	-3,428	-3,426	-3,428	-3,425	-3,420	-3,410	-3,389	-3,364	-0,111	-0,083	-0,064	-0,028	-0,014	-0,008	-0,003	-0,004	0,004	0,011	0,019	0,028	0,035	0,044	0,034	0,050	11,250
6,000	-2,094	-1,737	-1,569	-1,350	-1,282	-1,240	-1,217	-1,203	-1,207	-1,185	-1,173	-1,163	-1,170	-1,162	-1,165	0,671	0,587	0,509	0,323	0,248	0,182	0,144	0,117	0,101	0,062	0,056	0,040	0,028	0,019	0,009	0,020	11,624
7,000	-1,619	-1,295	-1,146	-0,978	-0,930	-0,904	-0,893	-0,887	-0,878	-0,877	-0,873	-0,874	-0,872	-0,869	-0,869	0,605	0,521	0,430	0,256	0,182	0,126	0,099	0,076	0,056	0,042	0,028	0,022	0,015	0,011	0,005	0,028	11,301
8,000	-5,140	-5,170	-5,148	-5,120	-5,100	-5,090	-5,084	-5,082	-5,079	-5,089	-5,088	-5,089	-5,093	-5,093	-5,095	-0,034	0,008	0,028	0,032	0,031	0,021	0,015	0,013	0,006	0,000	-0,004	-0,001	-0,004	-0,002	0,002	0,061	11,411
9,000	-2,083	-2,145	-2,187	-2,207	-2,206	-2,205	-2,204	-2,203	-2,198	-2,198	-2,194	-2,185	-2,177	-2,156	-2,133	-0,124	-0,114	-0,082	-0,033	-0,018	-0,009	-0,002	0,003	0,010	0,017	0,020	0,028	0,037	0,039	0,034	0,052	12,920
10,000	-1,524	-1,579	-1,571	-1,548	-1,528	-1,513	-1,502	-1,494	-1,491	-1,494	-1,491	-1,486	-1,481	-1,472	-1,458	-0,092	-0,033	-0,012	0,031	0,036	0,033	0,030	0,023	0,022	0,017	0,015	0,020	0,022	0,025	0,019	0,056	13,594
11,000	-2,984	-3,025	-3,033	-3,031	-3,015	-3,008	-3,002	-2,999	-2,989	-2,988	-2,981	-2,975	-2,973	-2,964	-2,956	-0,099	-0,057	-0,035	0,008	0,019	0,017	0,019	0,020	0,021	0,020	0,021	0,021	0,022	0,020	0,016	0,040	13,425
12,000	-4,417	-4,469	-4,474	-4,479	-4,469	-4,466	-4,465	-4,467	-4,462	-4,464	-4,463	-4,457	-4,448	-4,428	-4,402	-0,096	-0,056	-0,036	-0,004	0,001	0,003	0,005	0,006	0,007	0,012	0,021	0,028	0,037	0,043	0,037	0,067	12,854
13,000	-1,934	-1,948	-1,966	-1,964	-1,954	-1,952	-1,946	-1,948	-1,939	-1,941	-1,939	-1,935	-1,922	-1,904	-1,890	-0,045	-0,031	-0,024	0,002	0,006	0,008	0,010	0,010	0,007	0,013	0,017	0,026	0,031	0,038	0,029	0,044	11,675
14,000	-3,291	-3,377	-3,375	-3,400	-3,390	-3,386	-3,384	-3,381	-3,380	-3,381	-3,378	-3,372	-3,364	-3,345	-3,323	-0,131	-0,082	-0,061	-0,022	-0,005	0,001	0,003	0,008	0,011	0,010	0,018	0,026	0,032	0,040	0,032	0,051	11,646
15,000	-2,246	-2,248	-2,265	-2,259	-2,256	-2,252	-2,248	-2,250	-2,247	-2,250	-2,250	-2,246	-2,239	-2,231	-2,222	-0,024	-0,020	-0,019	0,002	0,004	0,002	0,006	0,005	0,005	0,006	0,009	0,013	0,016	0,017	0,015	0,058	12,100
	run	18	2022:11:15    09:32:16,085
0,000	-3,688	-3,710	-3,715	-3,735	-3,734	-3,738	-3,740	-3,741	-3,739	-3,746	-3,745	-3,744	-3,743	-3,732	-3,719	-0,033	-0,030	-0,028	-0,020	-0,014	-0,011	-0,009	-0,005	-0,002	-0,003	0,003	0,009	0,013	0,019	0,013	0,048	10,906
1,000	-4,150	-4,143	-4,123	-4,076	-4,040	-4,020	-4,009	-4,003	-3,990	-3,989	-3,982	-3,974	-3,964	-3,948	-3,933	0,015	0,038	0,055	0,078	0,075	0,061	0,054	0,049	0,042	0,036	0,036	0,037	0,035	0,036	0,025	0,046	11,257
2,000	-2,650	-2,656	-2,652	-2,647	-2,627	-2,610	-2,599	-2,589	-2,573	-2,573	-2,563	-2,557	-2,550	-2,538	-2,530	-0,010	0,003	0,009	0,031	0,042	0,042	0,046	0,041	0,042	0,036	0,033	0,031	0,028	0,024	0,017	0,037	11,660
3,000	-5,386	-5,377	-5,389	-5,345	-5,313	-5,288	-5,280	-5,279	-5,272	-5,273	-5,272	-5,267	-5,261	-5,245	-5,230	0,023	0,021	0,041	0,068	0,066	0,049	0,042	0,033	0,029	0,021	0,023	0,026	0,029	0,034	0,027	0,076	12,510
4,000	-2,954	-2,991	-2,990	-3,002	-2,993	-2,990	-2,986	-2,984	-2,978	-2,975	-2,968	-2,962	-2,951	-2,928	-2,900	-0,065	-0,036	-0,027	-0,005	0,007	0,015	0,017	0,019	0,017	0,027	0,030	0,038	0,045	0,044	0,036	0,045	12,363
5,000	-3,329	-3,389	-3,406	-3,428	-3,426	-3,426	-3,427	-3,428	-3,426	-3,428	-3,425	-3,420	-3,410	-3,389	-3,364	-0,111	-0,083	-0,064	-0,028	-0,014	-0,008	-0,003	-0,004	0,004	0,011	0,019	0,028	0,035	0,044	0,034	0,050	11,250
6,000	-2,094	-1,737	-1,569	-1,350	-1,282	-1,240	-1,217	-1,203	-1,207	-1,185	-1,173	-1,163	-1,170	-1,162	-1,165	0,671	0,587	0,509	0,323	0,248	0,182	0,144	0,117	0,101	0,062	0,056	0,040	0,028	0,019	0,009	0,020	11,624
7,000	-1,619	-1,295	-1,146	-0,978	-0,930	-0,904	-0,893	-0,887	-0,878	-0,877	-0,873	-0,874	-0,872	-0,869	-0,869	0,605	0,521	0,430	0,256	0,182	0,126	0,099	0,076	0,056	0,042	0,028	0,022	0,015	0,011	0,005	0,028	11,301
8,000	-5,142	-5,159	-5,139	-5,106	-5,084	-5,076	-5,077	-5,073	-5,069	-5,076	-5,074	-5,077	-5,080	-5,085	-5,079	-0,035	0,014	0,033	0,042	0,035	0,023	0,016	0,011	0,002	-0,003	-0,000	-0,002	0,000	-0,002	0,001	0,058	11,360
9,000	-2,145	-2,200	-2,245	-2,267	-2,265	-2,269	-2,263	-2,263	-2,255	-2,255	-2,255	-2,245	-2,236	-2,214	-2,192	-0,127	-0,117	-0,087	-0,034	-0,016	-0,011	-0,003	0,001	0,015	0,016	0,025	0,026	0,041	0,040	0,031	0,054	12,927
10,000	-1,493	-1,550	-1,540	-1,520	-1,498	-1,482	-1,472	-1,467	-1,462	-1,462	-1,467	-1,458	-1,453	-1,442	-1,431	-0,094	-0,033	-0,013	0,032	0,038	0,033	0,032	0,024	0,021	0,018	0,019	0,019	0,021	0,022	0,021	0,056	13,667
11,000	-2,963	-3,004	-3,011	-3,010	-2,997	-2,987	-2,981	-2,978	-2,970	-2,969	-2,964	-2,956	-2,952	-2,943	-2,935	-0,100	-0,057	-0,035	0,005	0,016	0,017	0,022	0,018	0,022	0,020	0,019	0,019	0,020	0,018	0,013	0,040	13,447
12,000	-4,398	-4,446	-4,449	-4,457	-4,446	-4,443	-4,441	-4,441	-4,440	-4,443	-4,436	-4,435	-4,424	-4,404	-4,378	-0,091	-0,053	-0,035	-0,004	0,004	0,007	0,006	0,008	0,007	0,013	0,019	0,029	0,039	0,042	0,036	0,067	12,876
13,000	-1,919	-1,937	-1,956	-1,955	-1,945	-1,943	-1,939	-1,938	-1,930	-1,934	-1,931	-1,927	-1,917	-1,900	-1,881	-0,050	-0,031	-0,024	0,000	0,006	0,003	0,009	0,011	0,013	0,016	0,019	0,025	0,030	0,033	0,028	0,044	11,704
14,000	-3,271	-3,354	-3,353	-3,374	-3,366	-3,361	-3,362	-3,360	-3,354	-3,359	-3,354	-3,348	-3,342	-3,322	-3,301	-0,125	-0,079	-0,060	-0,017	-0,004	0,002	0,005	0,009	0,012	0,011	0,017	0,025	0,033	0,037	0,030	0,050	11,660
15,000	-2,234	-2,238	-2,253	-2,251	-2,246	-2,243	-2,240	-2,240	-2,238	-2,240	-2,241	-2,239	-2,231	-2,226	-2,214	-0,025	-0,021	-0,018	0,005	0,005	0,003	0,004	0,004	0,005	0,007	0,008	0,013	0,016	0,017	0,015	0,057	12,100
	run	19	2022:11:15    09:32:16,186
0,000	-3,693	-3,718	-3,723	-3,746	-3,743	-3,745	-3,749	-3,750	-3,748	-3,753	-3,754	-3,752	-3,749	-3,738	-3,729	-0,030	-0,032	-0,028	-0,020	-0,013	-0,010	-0,008	-0,006	-0,003	-0,003	0,004	0,007	0,015	0,019	0,016	0,048	10,920
1,000	-4,163	-4,155	-4,140	-4,090	-4,051	-4,031	-4,018	-4,011	-4,002	-3,999	-3,990	-3,982	-3,975	-3,960	-3,942	0,021	0,040	0,057	0,081	0,074	0,060	0,055	0,049	0,044	0,037	0,036	0,037	0,036	0,036	0,026	0,046	11,257
2,000	-2,688	-2,699	-2,692	-2,685	-2,664	-2,648	-2,636	-2,628	-2,613	-2,609	-2,600	-2,592	-2,585	-2,575	-2,564	-0,010	0,003	0,010	0,033	0,044	0,047	0,046	0,044	0,041	0,036	0,035	0,031	0,029	0,025	0,017	0,036	11,638
3,000	-5,465	-5,455	-5,463	-5,417	-5,382	-5,356	-5,349	-5,341	-5,333	-5,340	-5,339	-5,336	-5,329	-5,314	-5,293	0,033	0,025	0,040	0,069	0,067	0,052	0,043	0,037	0,028	0,021	0,021	0,027	0,030	0,035	0,027	0,076	12,466
4,000	-2,998	-3,042	-3,040	-3,052	-3,042	-3,043	-3,039	-3,035	-3,031	-3,026	-3,020	-3,016	-3,000	-2,978	-2,953	-0,067	-0,039	-0,029	-0,002	0,005	0,011	0,014	0,020	0,023	0,025	0,031	0,041	0,045	0,048	0,037	0,046	12,275
5,000	-3,385	-3,446	-3,465	-3,484	-3,482	-3,481	-3,480	-3,482	-3,481	-3,482	-3,476	-3,474	-3,463	-3,445	-3,420	-0,115	-0,089	-0,067	-0,025	-0,014	-0,007	-0,003	-0,003	0,002	0,008	0,019	0,030	0,036	0,045	0,035	0,050	11,191
6,000	-2,133	-1,763	-1,597	-1,372	-1,302	-1,257	-1,236	-1,219	-1,216	-1,200	-1,192	-1,187	-1,177	-1,183	-1,179	0,672	0,601	0,514	0,329	0,252	0,181	0,148	0,113	0,097	0,073	0,042	0,037	0,021	0,021	0,010	0,019	11,602
7,000	-1,631	-1,305	-1,157	-0,986	-0,937	-0,911	-0,902	-0,895	-0,889	-0,885	-0,881	-0,880	-0,882	-0,878	-0,878	0,612	0,529	0,435	0,258	0,186	0,131	0,101	0,078	0,057	0,042	0,029	0,020	0,014	0,010	0,003	0,030	11,279
8,000	-5,175	-5,200	-5,177	-5,149	-5,127	-5,115	-5,116	-5,113	-5,113	-5,119	-5,123	-5,116	-5,124	-5,125	-5,125	-0,037	0,008	0,027	0,035	0,030	0,022	0,013	0,006	-0,002	-0,004	-0,005	-0,001	-0,005	-0,005	-0,002	0,060	11,345
9,000	-2,152	-2,207	-2,244	-2,260	-2,264	-2,263	-2,252	-2,252	-2,243	-2,250	-2,245	-2,233	-2,226	-2,207	-2,184	-0,132	-0,118	-0,088	-0,031	-0,015	-0,010	0,001	0,007	0,007	0,013	0,026	0,039	0,036	0,042	0,029	0,054	12,891
10,000	-1,491	-1,550	-1,536	-1,524	-1,499	-1,486	-1,477	-1,472	-1,467	-1,467	-1,466	-1,462	-1,458	-1,445	-1,434	-0,094	-0,038	-0,017	0,026	0,035	0,035	0,027	0,021	0,020	0,018	0,014	0,017	0,021	0,022	0,020	0,055	13,645
11,000	-2,942	-2,988	-2,992	-2,993	-2,979	-2,970	-2,964	-2,961	-2,955	-2,953	-2,948	-2,942	-2,935	-2,925	-2,917	-0,097	-0,063	-0,035	0,006	0,013	0,017	0,021	0,022	0,019	0,019	0,021	0,019	0,020	0,016	0,013	0,040	13,491
12,000	-4,371	-4,425	-4,426	-4,428	-4,419	-4,416	-4,415	-4,416	-4,414	-4,417	-4,411	-4,406	-4,397	-4,375	-4,352	-0,090	-0,053	-0,035	-0,002	0,004	0,004	0,007	0,007	0,007	0,012	0,021	0,029	0,037	0,042	0,033	0,066	12,898
13,000	-1,905	-1,921	-1,936	-1,933	-1,929	-1,924	-1,918	-1,916	-1,910	-1,916	-1,913	-1,908	-1,900	-1,881	-1,862	-0,047	-0,035	-0,025	0,002	0,007	0,008	0,007	0,014	0,011	0,014	0,024	0,025	0,032	0,036	0,032	0,043	11,726
14,000	-3,252	-3,332	-3,334	-3,356	-3,343	-3,343	-3,342	-3,340	-3,336	-3,340	-3,334	-3,329	-3,321	-3,304	-3,282	-0,131	-0,081	-0,058	-0,018	-0,007	0,001	0,005	0,007	0,011	0,012	0,018	0,024	0,031	0,038	0,030	0,050	11,667
15,000	-2,228	-2,226	-2,245	-2,239	-2,235	-2,235	-2,231	-2,233	-2,226	-2,231	-2,230	-2,227	-2,223	-2,214	-2,204	-0,028	-0,022	-0,016	0,003	0,002	0,002	0,004	0,004	0,006	0,006	0,008	0,014	0,017	0,016	0,016	0,058	12,122
	run	20	2022:11:15    09:32:16,241
0,000	-3,693	-3,718	-3,723	-3,746	-3,743	-3,745	-3,749	-3,750	-3,748	-3,753	-3,754	-3,752	-3,749	-3,738	-3,729	-0,030	-0,032	-0,028	-0,020	-0,013	-0,010	-0,008	-0,006	-0,003	-0,003	0,004	0,007	0,015	0,019	0,016	0,048	10,920
1,000	-4,163	-4,155	-4,140	-4,090	-4,051	-4,031	-4,018	-4,011	-4,002	-3,999	-3,990	-3,982	-3,975	-3,960	-3,942	0,021	0,040	0,057	0,081	0,074	0,060	0,055	0,049	0,044	0,037	0,036	0,037	0,036	0,036	0,026	0,046	11,257
2,000	-2,688	-2,699	-2,692	-2,685	-2,664	-2,648	-2,636	-2,628	-2,613	-2,609	-2,600	-2,592	-2,585	-2,575	-2,564	-0,010	0,003	0,010	0,033	0,044	0,047	0,046	0,044	0,041	0,036	0,035	0,031	0,029	0,025	0,017	0,036	11,638
3,000	-5,465	-5,455	-5,463	-5,417	-5,382	-5,356	-5,349	-5,341	-5,333	-5,340	-5,339	-5,336	-5,329	-5,314	-5,293	0,033	0,025	0,040	0,069	0,067	0,052	0,043	0,037	0,028	0,021	0,021	0,027	0,030	0,035	0,027	0,076	12,466
4,000	-2,998	-3,042	-3,040	-3,052	-3,042	-3,043	-3,039	-3,035	-3,031	-3,026	-3,020	-3,016	-3,000	-2,978	-2,953	-0,067	-0,039	-0,029	-0,002	0,005	0,011	0,014	0,020	0,023	0,025	0,031	0,041	0,045	0,048	0,037	0,046	12,275
5,000	-3,385	-3,446	-3,465	-3,484	-3,482	-3,481	-3,480	-3,482	-3,481	-3,482	-3,476	-3,474	-3,463	-3,445	-3,420	-0,115	-0,089	-0,067	-0,025	-0,014	-0,007	-0,003	-0,003	0,002	0,008	0,019	0,030	0,036	0,045	0,035	0,050	11,191
6,000	-2,110	-1,751	-1,586	-1,367	-1,296	-1,252	-1,225	-1,221	-1,203	-1,194	-1,187	-1,181	-1,178	-1,174	-1,170	0,678	0,598	0,513	0,326	0,249	0,179	0,144	0,118	0,088	0,066	0,049	0,040	0,028	0,013	0,009	0,016	11,565
7,000	-1,610	-1,287	-1,146	-0,979	-0,928	-0,905	-0,893	-0,887	-0,880	-0,878	-0,872	-0,870	-0,873	-0,869	-0,870	0,601	0,519	0,431	0,254	0,183	0,130	0,102	0,074	0,059	0,042	0,028	0,023	0,016	0,009	0,006	0,031	11,235
8,000	-5,160	-5,179	-5,151	-5,125	-5,106	-5,098	-5,094	-5,090	-5,094	-5,098	-5,100	-5,103	-5,103	-5,105	-5,108	-0,036	0,014	0,028	0,036	0,031	0,016	0,015	0,007	0,006	-0,004	-0,003	-0,005	-0,007	-0,002	-0,003	0,061	11,338
9,000	-2,078	-2,121	-2,168	-2,179	-2,182	-2,177	-2,182	-2,181	-2,172	-2,172	-2,167	-2,157	-2,150	-2,133	-2,115	-0,129	-0,115	-0,085	-0,032	-0,017	-0,007	0,004	0,004	0,017	0,016	0,017	0,029	0,036	0,038	0,029	0,051	12,898
10,000	-1,493	-1,550	-1,542	-1,525	-1,502	-1,485	-1,476	-1,473	-1,469	-1,472	-1,473	-1,466	-1,463	-1,448	-1,439	-0,089	-0,037	-0,009	0,031	0,036	0,033	0,029	0,024	0,017	0,018	0,015	0,017	0,022	0,022	0,018	0,056	13,608
11,000	-2,941	-2,978	-2,985	-2,985	-2,970	-2,960	-2,958	-2,952	-2,943	-2,943	-2,938	-2,932	-2,929	-2,919	-2,912	-0,095	-0,059	-0,035	0,005	0,016	0,016	0,021	0,019	0,018	0,019	0,020	0,019	0,018	0,018	0,012	0,040	13,477
12,000	-4,358	-4,406	-4,408	-4,416	-4,404	-4,402	-4,402	-4,403	-4,399	-4,401	-4,400	-4,393	-4,385	-4,363	-4,339	-0,087	-0,056	-0,034	-0,004	0,003	0,004	0,007	0,005	0,007	0,012	0,020	0,029	0,038	0,045	0,034	0,066	12,891
13,000	-1,921	-1,941	-1,953	-1,953	-1,947	-1,944	-1,935	-1,938	-1,931	-1,934	-1,932	-1,927	-1,915	-1,903	-1,883	-0,052	-0,037	-0,024	0,004	0,006	0,008	0,008	0,014	0,009	0,014	0,020	0,024	0,034	0,034	0,033	0,043	11,726
14,000	-3,268	-3,346	-3,351	-3,371	-3,359	-3,357	-3,355	-3,351	-3,349	-3,351	-3,348	-3,342	-3,336	-3,315	-3,296	-0,128	-0,083	-0,057	-0,019	-0,006	0,002	0,008	0,010	0,012	0,011	0,019	0,027	0,033	0,039	0,030	0,050	11,675
15,000	-2,244	-2,247	-2,263	-2,259	-2,256	-2,252	-2,249	-2,251	-2,246	-2,248	-2,249	-2,246	-2,240	-2,231	-2,223	-0,028	-0,025	-0,018	-0,002	0,001	0,002	0,007	0,005	0,007	0,007	0,009	0,012	0,017	0,018	0,014	0,057	12,114
	run	21	2022:11:15    09:32:16,337
0,000	-3,720	-3,743	-3,750	-3,769	-3,770	-3,772	-3,775	-3,775	-3,775	-3,781	-3,780	-3,778	-3,778	-3,767	-3,756	-0,033	-0,035	-0,029	-0,021	-0,015	-0,012	-0,008	-0,007	-0,004	-0,002	0,001	0,007	0,014	0,016	0,014	0,048	10,862
1,000	-4,182	-4,172	-4,154	-4,106	-4,066	-4,047	-4,036	-4,026	-4,016	-4,014	-4,006	-3,999	-3,990	-3,973	-3,957	0,017	0,042	0,056	0,079	0,077	0,062	0,056	0,047	0,044	0,037	0,037	0,039	0,037	0,037	0,026	0,046	11,206
2,000	-2,691	-2,701	-2,694	-2,689	-2,668	-2,651	-2,640	-2,631	-2,618	-2,612	-2,603	-2,596	-2,589	-2,576	-2,569	-0,010	0,004	0,012	0,034	0,044	0,046	0,046	0,044	0,041	0,034	0,033	0,030	0,027	0,025	0,018	0,037	11,624
3,000	-5,434	-5,422	-5,431	-5,384	-5,352	-5,323	-5,313	-5,307	-5,303	-5,307	-5,305	-5,302	-5,295	-5,278	-5,263	0,028	0,021	0,043	0,072	0,069	0,048	0,045	0,035	0,028	0,018	0,027	0,026	0,032	0,037	0,027	0,076	12,451
4,000	-2,984	-3,022	-3,025	-3,035	-3,029	-3,024	-3,022	-3,017	-3,016	-3,011	-3,002	-2,994	-2,983	-2,963	-2,937	-0,064	-0,039	-0,028	-0,004	0,005	0,012	0,019	0,018	0,018	0,027	0,031	0,040	0,045	0,045	0,038	0,045	12,290
5,000	-3,355	-3,415	-3,432	-3,454	-3,450	-3,453	-3,451	-3,453	-3,453	-3,452	-3,450	-3,444	-3,433	-3,414	-3,392	-0,116	-0,086	-0,064	-0,030	-0,014	-0,009	-0,004	0,001	0,001	0,010	0,018	0,028	0,035	0,041	0,035	0,050	11,221
6,000	-2,109	-1,742	-1,575	-1,350	-1,281	-1,241	-1,214	-1,203	-1,191	-1,181	-1,180	-1,171	-1,174	-1,167	-1,168	0,670	0,596	0,513	0,330	0,244	0,180	0,144	0,115	0,093	0,067	0,055	0,033	0,027	0,020	0,009	0,017	11,609
7,000	-1,595	-1,279	-1,129	-0,966	-0,919	-0,894	-0,884	-0,877	-0,872	-0,870	-0,866	-0,863	-0,865	-0,863	-0,863	0,597	0,515	0,427	0,250	0,179	0,126	0,097	0,075	0,055	0,037	0,026	0,019	0,014	0,010	0,006	0,031	11,294
8,000	-5,114	-5,132	-5,116	-5,080	-5,065	-5,052	-5,052	-5,048	-5,051	-5,051	-5,055	-5,056	-5,058	-5,057	-5,061	-0,035	0,013	0,026	0,037	0,030	0,024	0,017	0,014	0,005	-0,004	-0,005	-0,003	-0,005	-0,002	-0,005	0,061	11,418
9,000	-2,100	-2,164	-2,208	-2,227	-2,228	-2,226	-2,226	-2,226	-2,219	-2,220	-2,214	-2,206	-2,195	-2,177	-2,159	-0,119	-0,121	-0,082	-0,039	-0,020	-0,013	0,000	0,008	0,010	0,013	0,023	0,034	0,033	0,037	0,027	0,052	12,979
10,000	-1,489	-1,545	-1,537	-1,521	-1,500	-1,481	-1,477	-1,468	-1,462	-1,465	-1,461	-1,462	-1,458	-1,445	-1,428	-0,088	-0,032	-0,014	0,032	0,034	0,032	0,030	0,026	0,020	0,019	0,014	0,018	0,022	0,025	0,017	0,056	13,689
11,000	-2,952	-2,992	-3,001	-3,001	-2,987	-2,976	-2,970	-2,965	-2,960	-2,958	-2,947	-2,946	-2,942	-2,934	-2,925	-0,098	-0,056	-0,033	0,007	0,018	0,018	0,021	0,021	0,021	0,020	0,017	0,019	0,019	0,018	0,013	0,040	13,477
12,000	-4,414	-4,466	-4,467	-4,473	-4,463	-4,460	-4,458	-4,457	-4,455	-4,458	-4,457	-4,452	-4,440	-4,419	-4,394	-0,087	-0,054	-0,036	-0,003	0,006	0,006	0,006	0,006	0,008	0,011	0,019	0,031	0,037	0,043	0,035	0,067	12,876
13,000	-1,919	-1,936	-1,948	-1,949	-1,940	-1,939	-1,930	-1,931	-1,924	-1,930	-1,927	-1,917	-1,911	-1,896	-1,879	-0,049	-0,037	-0,025	0,003	0,007	0,006	0,009	0,011	0,013	0,012	0,019	0,026	0,034	0,038	0,029	0,043	11,711
14,000	-3,301	-3,378	-3,379	-3,403	-3,392	-3,389	-3,391	-3,388	-3,383	-3,387	-3,382	-3,377	-3,367	-3,348	-3,327	-0,132	-0,080	-0,061	-0,018	-0,004	-0,001	0,006	0,009	0,009	0,009	0,020	0,026	0,035	0,040	0,031	0,051	11,638
15,000	-2,257	-2,257	-2,275	-2,269	-2,264	-2,263	-2,258	-2,260	-2,256	-2,258	-2,259	-2,257	-2,250	-2,242	-2,232	-0,025	-0,020	-0,015	0,001	0,004	0,004	0,005	0,006	0,005	0,007	0,009	0,014	0,016	0,017	0,014	0,058	12,100
	run	22	2022:11:15    09:32:16,438
0,000	-3,762	-3,781	-3,786	-3,806	-3,805	-3,808	-3,811	-3,813	-3,813	-3,820	-3,816	-3,816	-3,813	-3,805	-3,791	-0,035	-0,033	-0,028	-0,020	-0,015	-0,013	-0,009	-0,006	-0,004	-0,004	0,003	0,008	0,013	0,018	0,015	0,048	10,854
1,000	-4,186	-4,181	-4,163	-4,114	-4,077	-4,055	-4,042	-4,035	-4,024	-4,021	-4,016	-4,005	-3,998	-3,980	-3,965	0,023	0,041	0,058	0,082	0,077	0,062	0,056	0,050	0,042	0,037	0,039	0,038	0,037	0,037	0,026	0,046	11,199
2,000	-2,674	-2,685	-2,679	-2,673	-2,654	-2,637	-2,628	-2,617	-2,603	-2,597	-2,589	-2,581	-2,575	-2,566	-2,554	-0,008	0,001	0,011	0,031	0,041	0,042	0,046	0,043	0,038	0,032	0,035	0,030	0,028	0,027	0,017	0,036	11,624
3,000	-5,380	-5,371	-5,378	-5,335	-5,302	-5,283	-5,270	-5,267	-5,261	-5,264	-5,264	-5,256	-5,252	-5,237	-5,217	0,026	0,023	0,041	0,066	0,064	0,048	0,039	0,032	0,028	0,020	0,027	0,026	0,030	0,034	0,023	0,076	12,502
4,000	-2,938	-2,976	-2,978	-2,987	-2,976	-2,975	-2,964	-2,968	-2,965	-2,957	-2,953	-2,944	-2,933	-2,912	-2,887	-0,058	-0,039	-0,025	-0,005	0,007	0,013	0,019	0,017	0,020	0,025	0,030	0,037	0,045	0,049	0,038	0,045	12,356
5,000	-3,284	-3,347	-3,361	-3,379	-3,379	-3,380	-3,380	-3,380	-3,379	-3,381	-3,376	-3,373	-3,364	-3,345	-3,319	-0,111	-0,087	-0,065	-0,029	-0,014	-0,007	-0,002	-0,001	0,004	0,009	0,018	0,030	0,036	0,041	0,034	0,050	11,287
6,000	-2,075	-1,720	-1,555	-1,331	-1,267	-1,225	-1,198	-1,189	-1,178	-1,168	-1,163	-1,152	-1,152	-1,150	-1,149	0,653	0,583	0,504	0,322	0,244	0,174	0,143	0,113	0,095	0,066	0,050	0,038	0,025	0,020	0,010	0,019	11,660
7,000	-1,568	-1,255	-1,113	-0,951	-0,905	-0,883	-0,870	-0,862	-0,860	-0,854	-0,851	-0,850	-0,851	-0,847	-0,849	0,582	0,509	0,421	0,247	0,176	0,123	0,094	0,073	0,054	0,040	0,029	0,020	0,015	0,011	0,005	0,030	11,353
8,000	-5,072	-5,092	-5,079	-5,046	-5,023	-5,014	-5,013	-5,011	-5,009	-5,013	-5,010	-5,018	-5,018	-5,016	-5,021	-0,036	0,005	0,029	0,037	0,033	0,023	0,017	0,009	0,002	-0,002	-0,007	-0,003	-0,003	-0,005	0,001	0,061	11,462
9,000	-2,079	-2,143	-2,174	-2,201	-2,207	-2,203	-2,199	-2,202	-2,193	-2,199	-2,184	-2,186	-2,173	-2,156	-2,133	-0,129	-0,114	-0,092	-0,034	-0,023	-0,015	-0,001	0,004	0,009	0,016	0,015	0,024	0,036	0,044	0,028	0,052	12,993
10,000	-1,491	-1,548	-1,539	-1,527	-1,500	-1,487	-1,477	-1,472	-1,471	-1,470	-1,472	-1,464	-1,457	-1,446	-1,436	-0,103	-0,036	-0,014	0,031	0,033	0,029	0,029	0,022	0,018	0,016	0,020	0,018	0,021	0,025	0,017	0,056	13,696
11,000	-2,970	-3,010	-3,016	-3,015	-2,999	-2,991	-2,986	-2,981	-2,972	-2,972	-2,967	-2,959	-2,958	-2,947	-2,938	-0,096	-0,058	-0,032	0,007	0,017	0,016	0,021	0,023	0,021	0,019	0,025	0,021	0,019	0,021	0,013	0,041	13,484
12,000	-4,416	-4,470	-4,472	-4,480	-4,468	-4,468	-4,463	-4,465	-4,460	-4,464	-4,464	-4,456	-4,446	-4,425	-4,400	-0,088	-0,055	-0,034	-0,003	0,003	0,003	0,005	0,008	0,009	0,011	0,020	0,030	0,038	0,042	0,035	0,067	12,869
13,000	-1,952	-1,966	-1,982	-1,981	-1,969	-1,966	-1,958	-1,962	-1,955	-1,958	-1,957	-1,956	-1,939	-1,925	-1,903	-0,046	-0,031	-0,023	0,004	0,005	0,010	0,012	0,012	0,010	0,018	0,019	0,021	0,032	0,034	0,029	0,044	11,675
14,000	-3,329	-3,413	-3,417	-3,438	-3,428	-3,424	-3,423	-3,419	-3,417	-3,419	-3,413	-3,410	-3,402	-3,381	-3,362	-0,130	-0,081	-0,060	-0,020	-0,004	0,003	0,007	0,009	0,011	0,013	0,023	0,026	0,034	0,040	0,031	0,051	11,602
15,000	-2,279	-2,280	-2,297	-2,291	-2,287	-2,284	-2,283	-2,281	-2,276	-2,280	-2,281	-2,278	-2,272	-2,264	-2,252	-0,024	-0,021	-0,016	0,001	0,004	0,005	0,006	0,006	0,007	0,008	0,011	0,013	0,017	0,016	0,016	0,058	12,063
	run	23	2022:11:15    09:32:16,485
0,000	-3,745	-3,771	-3,777	-3,798	-3,797	-3,800	-3,802	-3,803	-3,802	-3,809	-3,807	-3,805	-3,802	-3,793	-3,781	-0,031	-0,030	-0,027	-0,019	-0,014	-0,011	-0,006	-0,006	-0,004	-0,003	0,002	0,009	0,013	0,020	0,017	0,049	10,862
1,000	-4,178	-4,167	-4,151	-4,103	-4,066	-4,043	-4,032	-4,024	-4,013	-4,012	-4,004	-3,996	-3,987	-3,972	-3,957	0,018	0,042	0,059	0,081	0,078	0,062	0,056	0,050	0,043	0,036	0,037	0,036	0,036	0,037	0,027	0,047	11,206
2,000	-2,674	-2,685	-2,679	-2,673	-2,654	-2,637	-2,628	-2,617	-2,603	-2,597	-2,589	-2,581	-2,575	-2,566	-2,554	-0,008	0,001	0,011	0,031	0,041	0,042	0,046	0,043	0,038	0,032	0,035	0,030	0,028	0,027	0,017	0,036	11,624
3,000	-5,380	-5,371	-5,378	-5,335	-5,302	-5,283	-5,270	-5,267	-5,261	-5,264	-5,264	-5,256	-5,252	-5,237	-5,217	0,026	0,023	0,041	0,066	0,064	0,048	0,039	0,032	0,028	0,020	0,027	0,026	0,030	0,034	0,023	0,076	12,502
4,000	-2,938	-2,976	-2,978	-2,987	-2,976	-2,975	-2,964	-2,968	-2,965	-2,957	-2,953	-2,944	-2,933	-2,912	-2,887	-0,058	-0,039	-0,025	-0,005	0,007	0,013	0,019	0,017	0,020	0,025	0,030	0,037	0,045	0,049	0,038	0,045	12,356
5,000	-3,284	-3,347	-3,361	-3,379	-3,379	-3,380	-3,380	-3,380	-3,379	-3,381	-3,376	-3,373	-3,364	-3,345	-3,319	-0,111	-0,087	-0,065	-0,029	-0,014	-0,007	-0,002	-0,001	0,004	0,009	0,018	0,030	0,036	0,041	0,034	0,050	11,287
6,000	-2,075	-1,720	-1,555	-1,331	-1,267	-1,225	-1,198	-1,189	-1,178	-1,168	-1,163	-1,152	-1,152	-1,150	-1,149	0,653	0,583	0,504	0,322	0,244	0,174	0,143	0,113	0,095	0,066	0,050	0,038	0,025	0,020	0,010	0,019	11,660
7,000	-1,568	-1,255	-1,113	-0,951	-0,905	-0,883	-0,870	-0,862	-0,860	-0,854	-0,851	-0,850	-0,851	-0,847	-0,849	0,582	0,509	0,421	0,247	0,176	0,123	0,094	0,073	0,054	0,040	0,029	0,020	0,015	0,011	0,005	0,030	11,353
8,000	-5,099	-5,122	-5,098	-5,067	-5,046	-5,038	-5,038	-5,033	-5,033	-5,039	-5,050	-5,047	-5,045	-5,046	-5,047	-0,029	0,013	0,026	0,043	0,030	0,024	0,017	0,007	0,002	-0,002	0,001	-0,005	-0,003	-0,002	-0,001	0,061	11,448
9,000	-2,027	-2,083	-2,124	-2,141	-2,143	-2,142	-2,141	-2,141	-2,136	-2,137	-2,132	-2,129	-2,118	-2,089	-2,077	-0,119	-0,117	-0,080	-0,033	-0,018	-0,012	0,000	0,002	0,015	0,017	0,016	0,022	0,033	0,038	0,029	0,051	13,000
10,000	-1,502	-1,550	-1,546	-1,533	-1,504	-1,492	-1,481	-1,478	-1,464	-1,476	-1,470	-1,467	-1,462	-1,454	-1,441	-0,093	-0,037	-0,015	0,031	0,036	0,036	0,030	0,024	0,021	0,018	0,018	0,019	0,024	0,026	0,020	0,055	13,645
11,000	-2,957	-2,999	-3,004	-3,002	-2,990	-2,978	-2,976	-2,970	-2,961	-2,962	-2,954	-2,951	-2,945	-2,936	-2,927	-0,095	-0,060	-0,031	0,008	0,016	0,016	0,020	0,020	0,022	0,019	0,021	0,021	0,021	0,019	0,013	0,040	13,477
12,000	-4,454	-4,505	-4,509	-4,516	-4,505	-4,502	-4,500	-4,500	-4,499	-4,501	-4,502	-4,493	-4,482	-4,461	-4,437	-0,090	-0,057	-0,036	-0,004	0,003	0,005	0,004	0,008	0,011	0,014	0,020	0,029	0,037	0,043	0,035	0,068	12,861
13,000	-1,950	-1,967	-1,980	-1,978	-1,974	-1,965	-1,961	-1,961	-1,958	-1,958	-1,958	-1,950	-1,937	-1,926	-1,906	-0,052	-0,034	-0,026	0,004	0,008	0,008	0,010	0,013	0,012	0,013	0,020	0,026	0,032	0,033	0,029	0,044	11,660
14,000	-3,336	-3,420	-3,418	-3,443	-3,430	-3,429	-3,427	-3,424	-3,421	-3,423	-3,420	-3,415	-3,406	-3,386	-3,365	-0,126	-0,083	-0,058	-0,016	-0,004	0,001	0,005	0,008	0,011	0,012	0,019	0,026	0,034	0,038	0,032	0,051	11,594
15,000	-2,269	-2,270	-2,286	-2,281	-2,278	-2,275	-2,272	-2,271	-2,269	-2,271	-2,270	-2,269	-2,261	-2,255	-2,243	-0,024	-0,023	-0,016	0,001	0,005	0,003	0,006	0,006	0,007	0,007	0,011	0,013	0,018	0,018	0,017	0,057	12,070
	run	24	2022:11:15    09:32:16,586
0,000	-3,698	-3,720	-3,726	-3,749	-3,748	-3,751	-3,754	-3,754	-3,753	-3,759	-3,756	-3,758	-3,755	-3,745	-3,732	-0,032	-0,030	-0,027	-0,016	-0,014	-0,010	-0,009	-0,005	-0,004	-0,003	0,003	0,009	0,013	0,019	0,016	0,048	10,884
1,000	-4,134	-4,128	-4,111	-4,067	-4,029	-4,008	-3,996	-3,990	-3,978	-3,978	-3,970	-3,962	-3,954	-3,938	-3,921	0,015	0,038	0,055	0,077	0,074	0,058	0,055	0,047	0,042	0,036	0,036	0,036	0,036	0,036	0,024	0,047	11,243
2,000	-2,650	-2,664	-2,663	-2,654	-2,633	-2,619	-2,607	-2,597	-2,586	-2,579	-2,569	-2,564	-2,557	-2,546	-2,538	-0,009	0,002	0,015	0,033	0,041	0,045	0,044	0,044	0,041	0,035	0,033	0,029	0,028	0,023	0,017	0,037	11,667
3,000	-5,384	-5,370	-5,385	-5,339	-5,304	-5,278	-5,271	-5,267	-5,258	-5,263	-5,265	-5,259	-5,254	-5,236	-5,220	0,027	0,022	0,039	0,066	0,065	0,049	0,041	0,035	0,025	0,019	0,023	0,026	0,031	0,031	0,023	0,076	12,502
4,000	-2,956	-2,998	-2,998	-3,006	-3,000	-2,998	-2,996	-2,990	-2,986	-2,983	-2,976	-2,967	-2,954	-2,934	-2,908	-0,060	-0,035	-0,024	-0,005	0,009	0,013	0,017	0,019	0,021	0,027	0,031	0,039	0,045	0,046	0,038	0,045	12,327
5,000	-3,309	-3,371	-3,391	-3,409	-3,408	-3,408	-3,408	-3,412	-3,408	-3,408	-3,405	-3,402	-3,392	-3,374	-3,348	-0,115	-0,086	-0,068	-0,028	-0,015	-0,009	-0,005	-0,001	0,003	0,011	0,019	0,029	0,037	0,043	0,035	0,050	11,272
6,000	-2,090	-1,721	-1,553	-1,345	-1,273	-1,229	-1,209	-1,193	-1,184	-1,173	-1,162	-1,163	-1,161	-1,160	-1,155	0,661	0,595	0,507	0,327	0,246	0,184	0,144	0,115	0,093	0,066	0,067	0,032	0,025	0,017	0,011	0,018	11,667
7,000	-1,600	-1,276	-1,133	-0,973	-0,921	-0,896	-0,886	-0,877	-0,872	-0,870	-0,867	-0,869	-0,866	-0,863	-0,863	0,591	0,523	0,432	0,251	0,179	0,126	0,097	0,075	0,059	0,040	0,029	0,020	0,014	0,008	0,003	0,030	11,338
8,000	-5,111	-5,137	-5,112	-5,090	-5,064	-5,051	-5,050	-5,047	-5,046	-5,055	-5,057	-5,058	-5,062	-5,061	-5,066	-0,033	0,003	0,025	0,033	0,032	0,019	0,017	0,010	-0,001	-0,008	0,000	-0,002	-0,008	-0,004	-0,006	0,061	11,404
9,000	-2,116	-2,171	-2,215	-2,239	-2,244	-2,240	-2,237	-2,237	-2,231	-2,229	-2,230	-2,217	-2,208	-2,189	-2,166	-0,133	-0,116	-0,087	-0,029	-0,019	-0,009	0,001	0,001	0,014	0,015	0,027	0,031	0,037	0,042	0,030	0,052	12,964
10,000	-1,505	-1,547	-1,542	-1,528	-1,500	-1,488	-1,478	-1,471	-1,469	-1,468	-1,471	-1,467	-1,457	-1,445	-1,436	-0,092	-0,033	-0,012	0,027	0,033	0,033	0,029	0,025	0,023	0,019	0,014	0,016	0,025	0,024	0,021	0,055	13,689
11,000	-2,980	-3,023	-3,031	-3,028	-3,017	-3,005	-3,001	-2,995	-2,987	-2,985	-2,981	-2,975	-2,968	-2,962	-2,954	-0,089	-0,061	-0,034	0,007	0,018	0,019	0,020	0,019	0,018	0,020	0,023	0,020	0,023	0,022	0,013	0,041	13,462
12,000	-4,441	-4,493	-4,495	-4,502	-4,490	-4,487	-4,486	-4,485	-4,482	-4,487	-4,484	-4,478	-4,469	-4,445	-4,422	-0,087	-0,052	-0,039	-0,005	0,004	0,005	0,007	0,006	0,007	0,013	0,021	0,029	0,037	0,045	0,035	0,067	12,869
13,000	-1,941	-1,959	-1,974	-1,969	-1,963	-1,958	-1,954	-1,950	-1,951	-1,949	-1,949	-1,941	-1,935	-1,915	-1,895	-0,051	-0,035	-0,021	0,002	0,006	0,007	0,014	0,012	0,013	0,013	0,018	0,025	0,035	0,035	0,030	0,043	11,682
14,000	-3,313	-3,392	-3,393	-3,417	-3,405	-3,401	-3,401	-3,398	-3,394	-3,399	-3,394	-3,389	-3,380	-3,361	-3,339	-0,127	-0,081	-0,061	-0,018	-0,006	-0,001	0,005	0,008	0,010	0,011	0,020	0,026	0,033	0,039	0,030	0,050	11,609
15,000	-2,260	-2,257	-2,279	-2,269	-2,266	-2,264	-2,260	-2,262	-2,259	-2,260	-2,259	-2,258	-2,251	-2,244	-2,234	-0,025	-0,023	-0,017	0,004	0,002	0,005	0,006	0,006	0,005	0,009	0,008	0,014	0,016	0,017	0,016	0,057	12,085
	run	25	2022:11:15    09:32:16,639
0,000	-3,698	-3,720	-3,726	-3,749	-3,748	-3,751	-3,754	-3,754	-3,753	-3,759	-3,756	-3,758	-3,755	-3,745	-3,732	-0,032	-0,030	-0,027	-0,016	-0,014	-0,010	-0,009	-0,005	-0,004	-0,003	0,003	0,009	0,013	0,019	0,016	0,048	10,884
1,000	-4,134	-4,128	-4,111	-4,067	-4,029	-4,008	-3,996	-3,990	-3,978	-3,978	-3,970	-3,962	-3,954	-3,938	-3,921	0,015	0,038	0,055	0,077	0,074	0,058	0,055	0,047	0,042	0,036	0,036	0,036	0,036	0,036	0,024	0,047	11,243
2,000	-2,650	-2,664	-2,663	-2,654	-2,633	-2,619	-2,607	-2,597	-2,586	-2,579	-2,569	-2,564	-2,557	-2,546	-2,538	-0,009	0,002	0,015	0,033	0,041	0,045	0,044	0,044	0,041	0,035	0,033	0,029	0,028	0,023	0,017	0,037	11,667
3,000	-5,384	-5,370	-5,385	-5,339	-5,304	-5,278	-5,271	-5,267	-5,258	-5,263	-5,265	-5,259	-5,254	-5,236	-5,220	0,027	0,022	0,039	0,066	0,065	0,049	0,041	0,035	0,025	0,019	0,023	0,026	0,031	0,031	0,023	0,076	12,502
4,000	-2,956	-2,998	-2,998	-3,006	-3,000	-2,998	-2,996	-2,990	-2,986	-2,983	-2,976	-2,967	-2,954	-2,934	-2,908	-0,060	-0,035	-0,024	-0,005	0,009	0,013	0,017	0,019	0,021	0,027	0,031	0,039	0,045	0,046	0,038	0,045	12,327
5,000	-3,309	-3,371	-3,391	-3,409	-3,408	-3,408	-3,408	-3,412	-3,408	-3,408	-3,405	-3,402	-3,392	-3,374	-3,348	-0,115	-0,086	-0,068	-0,028	-0,015	-0,009	-0,005	-0,001	0,003	0,011	0,019	0,029	0,037	0,043	0,035	0,050	11,272
6,000	-2,096	-1,737	-1,575	-1,350	-1,281	-1,242	-1,219	-1,198	-1,185	-1,180	-1,182	-1,171	-1,165	-1,163	-1,162	0,666	0,595	0,506	0,328	0,244	0,181	0,145	0,117	0,089	0,070	0,052	0,031	0,025	0,015	0,008	0,017	11,653
7,000	-1,611	-1,291	-1,142	-0,979	-0,929	-0,904	-0,894	-0,885	-0,881	-0,876	-0,874	-0,873	-0,871	-0,872	-0,869	0,601	0,520	0,431	0,253	0,181	0,127	0,098	0,076	0,057	0,040	0,030	0,021	0,016	0,011	0,005	0,030	11,309
8,000	-5,152	-5,178	-5,152	-5,127	-5,103	-5,097	-5,090	-5,090	-5,087	-5,096	-5,096	-5,100	-5,102	-5,099	-5,102	-0,043	0,014	0,028	0,041	0,033	0,021	0,013	0,008	0,008	-0,002	-0,004	-0,005	-0,006	-0,003	-0,004	0,061	11,375
9,000	-2,136	-2,199	-2,241	-2,257	-2,261	-2,260	-2,251	-2,254	-2,251	-2,253	-2,249	-2,236	-2,227	-2,205	-2,182	-0,125	-0,118	-0,087	-0,029	-0,017	-0,012	-0,004	0,005	0,009	0,020	0,023	0,032	0,042	0,046	0,036	0,053	12,891
10,000	-1,511	-1,565	-1,562	-1,541	-1,514	-1,502	-1,491	-1,484	-1,481	-1,482	-1,481	-1,479	-1,468	-1,461	-1,448	-0,095	-0,033	-0,010	0,031	0,034	0,036	0,031	0,026	0,023	0,019	0,019	0,018	0,024	0,024	0,020	0,056	13,608
11,000	-2,979	-3,020	-3,026	-3,021	-3,010	-2,999	-2,995	-2,991	-2,982	-2,981	-2,974	-2,967	-2,965	-2,955	-2,945	-0,097	-0,058	-0,031	0,008	0,017	0,019	0,022	0,022	0,022	0,021	0,023	0,022	0,019	0,019	0,014	0,040	13,433
12,000	-4,421	-4,472	-4,474	-4,480	-4,471	-4,468	-4,468	-4,467	-4,464	-4,467	-4,465	-4,462	-4,451	-4,429	-4,404	-0,088	-0,056	-0,034	-0,004	0,002	0,003	0,006	0,005	0,009	0,012	0,019	0,029	0,037	0,043	0,033	0,067	12,847
13,000	-1,931	-1,944	-1,960	-1,959	-1,950	-1,949	-1,942	-1,942	-1,939	-1,939	-1,936	-1,929	-1,921	-1,905	-1,884	-0,051	-0,036	-0,022	0,003	0,007	0,006	0,009	0,012	0,012	0,014	0,019	0,025	0,033	0,034	0,031	0,043	11,682
14,000	-3,286	-3,367	-3,366	-3,387	-3,380	-3,377	-3,376	-3,371	-3,369	-3,371	-3,368	-3,363	-3,354	-3,336	-3,314	-0,132	-0,079	-0,060	-0,017	-0,003	0,000	0,006	0,009	0,009	0,013	0,020	0,027	0,033	0,036	0,031	0,050	11,631
15,000	-2,234	-2,235	-2,251	-2,244	-2,240	-2,240	-2,237	-2,237	-2,232	-2,235	-2,236	-2,233	-2,226	-2,217	-2,209	-0,025	-0,020	-0,018	0,001	0,003	0,002	0,004	0,006	0,004	0,004	0,009	0,013	0,017	0,016	0,015	0,058	12,129
	run	26	2022:11:15    09:32:16,738
0,000	-3,673	-3,703	-3,705	-3,725	-3,724	-3,731	-3,730	-3,731	-3,728	-3,735	-3,733	-3,733	-3,730	-3,719	-3,709	-0,032	-0,031	-0,025	-0,018	-0,013	-0,009	-0,006	-0,006	-0,004	-0,003	0,005	0,009	0,013	0,019	0,014	0,048	10,979
1,000	-4,112	-4,103	-4,091	-4,045	-4,008	-3,986	-3,976	-3,968	-3,958	-3,957	-3,949	-3,941	-3,933	-3,916	-3,902	0,019	0,038	0,055	0,077	0,075	0,060	0,053	0,049	0,041	0,035	0,036	0,036	0,034	0,038	0,025	0,046	11,309
2,000	-2,654	-2,663	-2,659	-2,651	-2,634	-2,616	-2,606	-2,597	-2,584	-2,579	-2,568	-2,562	-2,552	-2,546	-2,535	-0,009	0,003	0,012	0,031	0,042	0,045	0,044	0,041	0,040	0,036	0,035	0,030	0,028	0,024	0,017	0,036	11,675
3,000	-5,409	-5,398	-5,403	-5,360	-5,326	-5,306	-5,294	-5,292	-5,281	-5,287	-5,284	-5,283	-5,273	-5,259	-5,239	0,024	0,023	0,040	0,068	0,066	0,049	0,043	0,038	0,028	0,019	0,023	0,028	0,029	0,036	0,024	0,075	12,502
4,000	-2,963	-2,997	-2,999	-3,007	-2,998	-2,999	-2,996	-2,988	-2,984	-2,981	-2,975	-2,970	-2,955	-2,935	-2,910	-0,057	-0,038	-0,027	-0,001	0,005	0,010	0,015	0,020	0,020	0,026	0,032	0,036	0,044	0,047	0,038	0,044	12,363
5,000	-3,346	-3,405	-3,423	-3,446	-3,445	-3,445	-3,444	-3,446	-3,444	-3,447	-3,442	-3,438	-3,428	-3,407	-3,382	-0,114	-0,092	-0,066	-0,030	-0,015	-0,009	-0,002	-0,002	0,005	0,008	0,018	0,026	0,036	0,044	0,033	0,051	11,257
6,000	-2,100	-1,746	-1,577	-1,361	-1,293	-1,244	-1,223	-1,212	-1,195	-1,188	-1,182	-1,175	-1,172	-1,168	-1,171	0,674	0,596	0,511	0,327	0,247	0,180	0,145	0,119	0,093	0,068	0,049	0,036	0,026	0,018	0,010	0,019	11,624
7,000	-1,623	-1,297	-1,152	-0,981	-0,933	-0,906	-0,897	-0,887	-0,882	-0,880	-0,876	-0,876	-0,876	-0,871	-0,871	0,604	0,524	0,432	0,258	0,183	0,131	0,100	0,076	0,059	0,041	0,029	0,023	0,015	0,010	0,006	0,029	11,272
8,000	-5,202	-5,225	-5,202	-5,175	-5,153	-5,145	-5,145	-5,140	-5,139	-5,145	-5,146	-5,148	-5,151	-5,150	-5,153	-0,029	0,007	0,028	0,036	0,031	0,021	0,016	0,010	0,004	-0,004	-0,004	-0,005	-0,004	0,001	-0,001	0,061	11,331
9,000	-2,153	-2,203	-2,245	-2,262	-2,261	-2,255	-2,259	-2,253	-2,250	-2,250	-2,242	-2,232	-2,229	-2,202	-2,182	-0,129	-0,113	-0,084	-0,028	-0,013	-0,007	0,001	0,005	0,014	0,015	0,020	0,034	0,041	0,043	0,030	0,053	12,847
10,000	-1,524	-1,571	-1,561	-1,541	-1,518	-1,501	-1,491	-1,486	-1,486	-1,484	-1,484	-1,482	-1,473	-1,463	-1,449	-0,096	-0,032	-0,010	0,034	0,040	0,038	0,032	0,027	0,020	0,020	0,017	0,016	0,025	0,025	0,020	0,056	13,579
11,000	-2,989	-3,028	-3,032	-3,036	-3,022	-3,010	-3,006	-3,002	-2,993	-2,992	-2,985	-2,979	-2,975	-2,969	-2,961	-0,096	-0,060	-0,034	0,005	0,016	0,018	0,023	0,020	0,021	0,021	0,019	0,021	0,021	0,020	0,014	0,041	13,425
12,000	-4,427	-4,478	-4,478	-4,486	-4,473	-4,471	-4,472	-4,471	-4,467	-4,473	-4,468	-4,462	-4,452	-4,431	-4,407	-0,093	-0,056	-0,037	-0,001	0,003	0,003	0,006	0,007	0,009	0,013	0,019	0,030	0,037	0,044	0,036	0,067	12,839
13,000	-1,929	-1,943	-1,956	-1,957	-1,949	-1,947	-1,944	-1,940	-1,933	-1,934	-1,935	-1,929	-1,921	-1,904	-1,883	-0,052	-0,033	-0,025	0,002	0,007	0,004	0,008	0,009	0,016	0,015	0,021	0,029	0,032	0,036	0,030	0,044	11,697
14,000	-3,258	-3,335	-3,336	-3,359	-3,349	-3,345	-3,345	-3,343	-3,339	-3,342	-3,337	-3,330	-3,323	-3,305	-3,284	-0,129	-0,076	-0,057	-0,017	-0,006	0,001	0,006	0,009	0,010	0,012	0,017	0,026	0,033	0,038	0,030	0,050	11,653
15,000	-2,218	-2,216	-2,236	-2,233	-2,228	-2,225	-2,222	-2,222	-2,219	-2,222	-2,222	-2,221	-2,214	-2,205	-2,195	-0,026	-0,023	-0,017	0,003	0,002	0,003	0,004	0,003	0,006	0,006	0,009	0,012	0,016	0,018	0,014	0,057	12,129
