Device: PM2003001		2022:11:15    09:42:32,339  (DLL version: 1.20;  Status: HW:v1.02 SW:v1.3 CRC:31ED BATTERY:4170mV ST:2 ERR:0010;  MUX data; S: 92 I:143 R:200.000 C:1.094p F:)
Excitation level, V:	1,50
Voltage Channel Gain:	10
Current Channel Gain:	1
Voltmeter Range, V:	0,3
Ampermeter Range, A:	15,0m
Step Period, ms:	5
R transimp:	200
C transimp:	1,1p
Measurement Table: 	EEPROM  16

Freq, Hz	1,0k	2,0k	3,0k	7,0k	11,0k	17,0k	23,0k	31,0k	43,0k	61,0k	89,0k	127,0k	179,0k	251,0k	349,0k	1,0k	2,0k	3,0k	7,0k	11,0k	17,0k	23,0k	31,0k	43,0k	61,0k	89,0k	127,0k	179,0k	251,0k	349,0k
	run	1	2022:11:15    09:42:32,342
MUX	Re1, ohm	Re2, ohm	Re3, ohm	Re4, ohm	Re5, ohm	Re6, ohm	Re7, ohm	Re8, ohm	Re9, ohm	Re10, ohm	Re11, ohm	Re12, ohm	Re13, ohm	Re14, ohm	Re15, ohm	Im1, ohm	Im2, ohm	Im3, ohm	Im4, ohm	Im5, ohm	Im6, ohm	Im7, ohm	Im8, ohm	Im9, ohm	Im10, ohm	Im11, ohm	Im12, ohm	Im13, ohm	Im14, ohm	Im15, ohm	U, V	I, mA

0,000	-3,874	-3,877	-3,862	-3,852	-3,840	-3,837	-3,840	-3,839	-3,837	-3,842	-3,843	-3,841	-3,840	-3,831	-3,822	-0,018	0,010	0,019	0,017	0,014	0,007	0,007	0,005	0,003	0,002	0,005	0,009	0,012	0,016	0,014	0,048	10,942
1,000	-4,282	-4,173	-4,102	-3,977	-3,916	-3,884	-3,867	-3,856	-3,843	-3,838	-3,829	-3,820	-3,813	-3,799	-3,788	0,165	0,204	0,207	0,178	0,145	0,113	0,097	0,081	0,067	0,052	0,047	0,042	0,036	0,034	0,022	0,042	11,272
2,000	-2,719	-2,673	-2,633	-2,570	-2,533	-2,505	-2,488	-2,477	-2,463	-2,456	-2,446	-2,437	-2,432	-2,422	-2,415	0,091	0,106	0,113	0,103	0,097	0,082	0,075	0,066	0,057	0,048	0,042	0,036	0,030	0,025	0,017	0,034	11,726
3,000	-5,534	-5,520	-5,505	-5,416	-5,370	-5,344	-5,331	-5,325	-5,317	-5,324	-5,327	-5,322	-5,315	-5,302	-5,286	-0,011	0,043	0,080	0,107	0,093	0,069	0,056	0,046	0,032	0,023	0,019	0,023	0,026	0,028	0,017	0,077	12,612
4,000	-3,075	-3,105	-3,090	-3,063	-3,044	-3,031	-3,027	-3,021	-3,015	-3,011	-3,006	-3,001	-2,989	-2,970	-2,952	-0,081	-0,013	0,005	0,033	0,035	0,033	0,034	0,027	0,030	0,029	0,033	0,036	0,036	0,040	0,031	0,040	12,363
5,000	-3,449	-3,505	-3,515	-3,514	-3,507	-3,502	-3,500	-3,497	-3,493	-3,493	-3,493	-3,484	-3,474	-3,451	-3,426	-0,136	-0,081	-0,046	-0,008	0,006	0,005	0,011	0,009	0,014	0,014	0,024	0,032	0,039	0,048	0,037	0,048	11,279
6,000	-2,083	-2,111	-2,124	-2,114	-2,097	-2,081	-2,074	-2,072	-2,060	-2,057	-2,047	-2,055	-2,040	-2,040	-2,037	-0,076	-0,040	-0,016	0,021	0,030	0,027	0,028	0,028	0,018	0,024	0,020	0,017	0,020	0,014	0,009	0,027	11,602
7,000	-1,619	-1,641	-1,640	-1,650	-1,651	-1,653	-1,657	-1,656	-1,659	-1,664	-1,665	-1,666	-1,665	-1,662	-1,660	-0,036	-0,022	-0,022	-0,011	-0,010	-0,012	-0,009	-0,010	-0,006	-0,008	-0,005	0,002	0,001	0,004	0,006	0,036	10,928
8,000	-5,044	-5,071	-5,066	-5,068	-5,058	-5,055	-5,054	-5,055	-5,050	-5,057	-5,054	-5,054	-5,060	-5,055	-5,057	-0,025	-0,011	-0,010	0,005	0,009	0,002	0,003	0,003	0,000	-0,003	-0,000	-0,000	-0,003	0,001	-0,000	0,058	10,928
9,000	-2,067	-2,061	-2,071	-2,063	-2,058	-2,048	-2,043	-2,044	-2,037	-2,037	-2,027	-2,024	-2,012	-1,992	-1,964	0,021	0,000	0,007	0,018	0,016	0,017	0,023	0,020	0,026	0,026	0,027	0,038	0,044	0,043	0,036	0,047	12,825
10,000	-1,497	-1,504	-1,483	-1,448	-1,422	-1,405	-1,395	-1,392	-1,386	-1,385	-1,387	-1,382	-1,371	-1,361	-1,349	-0,001	0,028	0,038	0,056	0,052	0,046	0,038	0,033	0,025	0,017	0,019	0,022	0,027	0,025	0,019	0,053	13,550
11,000	-2,980	-2,970	-2,955	-2,930	-2,911	-2,898	-2,891	-2,884	-2,877	-2,874	-2,868	-2,863	-2,856	-2,846	-2,839	0,013	0,024	0,031	0,042	0,042	0,039	0,037	0,033	0,030	0,026	0,026	0,026	0,023	0,021	0,016	0,039	13,396
12,000	-4,421	-4,430	-4,419	-4,405	-4,393	-4,385	-4,385	-4,384	-4,381	-4,382	-4,380	-4,372	-4,364	-4,344	-4,315	0,004	0,018	0,020	0,024	0,024	0,020	0,017	0,017	0,015	0,018	0,024	0,033	0,042	0,046	0,039	0,066	12,817
13,000	-1,954	-1,944	-1,953	-1,946	-1,935	-1,932	-1,928	-1,929	-1,924	-1,924	-1,921	-1,915	-1,905	-1,890	-1,870	-0,001	0,002	0,001	0,015	0,013	0,015	0,016	0,012	0,016	0,020	0,020	0,027	0,035	0,037	0,030	0,043	11,689
14,000	-3,334	-3,415	-3,425	-3,449	-3,442	-3,440	-3,439	-3,435	-3,434	-3,437	-3,432	-3,425	-3,418	-3,397	-3,376	-0,131	-0,090	-0,068	-0,021	-0,009	-0,003	0,003	0,007	0,008	0,009	0,018	0,026	0,033	0,038	0,030	0,051	11,594
15,000	-2,306	-2,326	-2,350	-2,346	-2,344	-2,342	-2,339	-2,339	-2,338	-2,340	-2,339	-2,337	-2,332	-2,323	-2,316	-0,062	-0,046	-0,034	-0,007	-0,002	-0,001	0,002	0,004	0,004	0,006	0,008	0,009	0,015	0,015	0,015	0,062	12,063
	run	2	2022:11:15    09:42:32,441
0,000	-3,812	-3,814	-3,799	-3,786	-3,777	-3,774	-3,774	-3,775	-3,775	-3,781	-3,779	-3,779	-3,777	-3,768	-3,760	-0,017	0,008	0,017	0,016	0,011	0,005	0,003	0,003	0,002	0,001	0,003	0,009	0,010	0,014	0,012	0,048	10,876
1,000	-4,325	-4,211	-4,137	-4,010	-3,950	-3,916	-3,900	-3,888	-3,876	-3,872	-3,861	-3,855	-3,846	-3,832	-3,819	0,168	0,211	0,215	0,180	0,148	0,114	0,096	0,081	0,067	0,054	0,048	0,043	0,039	0,035	0,024	0,041	11,221
2,000	-2,772	-2,724	-2,683	-2,613	-2,575	-2,544	-2,525	-2,513	-2,498	-2,491	-2,478	-2,472	-2,464	-2,456	-2,447	0,095	0,112	0,119	0,114	0,106	0,090	0,081	0,072	0,062	0,052	0,045	0,037	0,030	0,026	0,014	0,034	11,711
3,000	-5,642	-5,623	-5,606	-5,521	-5,472	-5,438	-5,427	-5,421	-5,413	-5,418	-5,419	-5,413	-5,412	-5,395	-5,382	-0,003	0,050	0,085	0,114	0,098	0,074	0,060	0,044	0,035	0,026	0,022	0,025	0,026	0,028	0,023	0,077	12,546
4,000	-3,141	-3,174	-3,159	-3,133	-3,109	-3,097	-3,094	-3,090	-3,080	-3,078	-3,070	-3,059	-3,056	-3,037	-3,017	-0,076	-0,018	0,006	0,035	0,035	0,033	0,034	0,031	0,032	0,028	0,032	0,034	0,038	0,040	0,029	0,041	12,290
5,000	-3,410	-3,463	-3,471	-3,469	-3,458	-3,454	-3,450	-3,451	-3,446	-3,446	-3,441	-3,435	-3,424	-3,404	-3,378	-0,133	-0,078	-0,047	-0,004	0,006	0,009	0,013	0,012	0,014	0,019	0,027	0,031	0,042	0,045	0,038	0,049	11,279
6,000	-2,109	-2,138	-2,146	-2,141	-2,128	-2,111	-2,106	-2,101	-2,094	-2,094	-2,089	-2,083	-2,077	-2,070	-2,068	-0,075	-0,047	-0,025	0,016	0,027	0,026	0,030	0,029	0,020	0,019	0,015	0,017	0,016	0,016	0,010	0,027	11,682
7,000	-1,614	-1,644	-1,640	-1,648	-1,651	-1,655	-1,657	-1,658	-1,659	-1,660	-1,663	-1,664	-1,664	-1,659	-1,657	-0,036	-0,024	-0,021	-0,012	-0,012	-0,012	-0,009	-0,008	-0,005	-0,004	-0,004	-0,003	-0,001	0,006	0,004	0,037	11,030
8,000	-5,126	-5,146	-5,139	-5,141	-5,130	-5,122	-5,125	-5,123	-5,119	-5,128	-5,128	-5,125	-5,129	-5,124	-5,120	-0,020	-0,006	-0,005	0,006	0,009	0,007	0,006	0,005	0,003	-0,001	0,000	0,002	0,001	0,005	0,005	0,058	10,942
9,000	-2,112	-2,096	-2,105	-2,106	-2,098	-2,091	-2,091	-2,084	-2,080	-2,078	-2,073	-2,074	-2,052	-2,033	-2,007	0,015	-0,003	-0,000	0,016	0,015	0,014	0,020	0,020	0,024	0,025	0,031	0,031	0,043	0,047	0,033	0,049	12,898
10,000	-1,500	-1,500	-1,480	-1,447	-1,417	-1,401	-1,390	-1,383	-1,379	-1,385	-1,379	-1,377	-1,369	-1,358	-1,345	-0,006	0,032	0,040	0,057	0,056	0,047	0,041	0,029	0,025	0,022	0,020	0,024	0,026	0,026	0,022	0,053	13,572
11,000	-2,964	-2,954	-2,940	-2,920	-2,898	-2,887	-2,879	-2,874	-2,867	-2,862	-2,857	-2,851	-2,846	-2,837	-2,829	0,012	0,023	0,031	0,041	0,042	0,036	0,036	0,032	0,029	0,026	0,027	0,027	0,023	0,023	0,016	0,039	13,374
12,000	-4,417	-4,425	-4,409	-4,400	-4,385	-4,383	-4,380	-4,378	-4,376	-4,377	-4,374	-4,368	-4,360	-4,337	-4,312	0,008	0,017	0,021	0,023	0,022	0,017	0,016	0,017	0,016	0,016	0,023	0,032	0,040	0,048	0,038	0,066	12,832
13,000	-1,922	-1,916	-1,924	-1,917	-1,906	-1,900	-1,896	-1,898	-1,892	-1,897	-1,890	-1,890	-1,874	-1,859	-1,838	0,001	0,000	0,000	0,012	0,013	0,013	0,012	0,013	0,016	0,017	0,022	0,028	0,035	0,037	0,033	0,042	11,653
14,000	-3,344	-3,428	-3,435	-3,460	-3,449	-3,451	-3,448	-3,448	-3,443	-3,449	-3,444	-3,437	-3,429	-3,411	-3,388	-0,129	-0,089	-0,067	-0,022	-0,007	0,000	0,003	0,007	0,009	0,011	0,017	0,026	0,034	0,038	0,029	0,051	11,543
15,000	-2,299	-2,316	-2,339	-2,334	-2,331	-2,330	-2,327	-2,326	-2,324	-2,326	-2,327	-2,326	-2,320	-2,312	-2,305	-0,060	-0,047	-0,036	-0,007	-0,000	-0,001	0,002	0,002	0,005	0,005	0,007	0,010	0,013	0,016	0,012	0,062	12,019
	run	3	2022:11:15    09:42:32,489
0,000	-3,810	-3,813	-3,798	-3,788	-3,777	-3,777	-3,778	-3,779	-3,778	-3,783	-3,784	-3,783	-3,780	-3,772	-3,765	-0,019	0,009	0,020	0,014	0,009	0,003	0,003	0,003	0,002	-0,001	0,003	0,008	0,011	0,015	0,012	0,047	10,920
1,000	-4,323	-4,211	-4,141	-4,010	-3,950	-3,915	-3,898	-3,886	-3,873	-3,869	-3,858	-3,850	-3,843	-3,830	-3,816	0,167	0,212	0,212	0,184	0,151	0,116	0,098	0,083	0,069	0,054	0,048	0,043	0,038	0,034	0,022	0,042	11,243
2,000	-2,772	-2,724	-2,683	-2,613	-2,575	-2,544	-2,525	-2,513	-2,498	-2,491	-2,478	-2,472	-2,464	-2,456	-2,447	0,095	0,112	0,119	0,114	0,106	0,090	0,081	0,072	0,062	0,052	0,045	0,037	0,030	0,026	0,014	0,034	11,711
3,000	-5,642	-5,623	-5,606	-5,521	-5,472	-5,438	-5,427	-5,421	-5,413	-5,418	-5,419	-5,413	-5,412	-5,395	-5,382	-0,003	0,050	0,085	0,114	0,098	0,074	0,060	0,044	0,035	0,026	0,022	0,025	0,026	0,028	0,023	0,077	12,546
4,000	-3,141	-3,174	-3,159	-3,133	-3,109	-3,097	-3,094	-3,090	-3,080	-3,078	-3,070	-3,059	-3,056	-3,037	-3,017	-0,076	-0,018	0,006	0,035	0,035	0,033	0,034	0,031	0,032	0,028	0,032	0,034	0,038	0,040	0,029	0,041	12,290
5,000	-3,410	-3,463	-3,471	-3,469	-3,458	-3,454	-3,450	-3,451	-3,446	-3,446	-3,441	-3,435	-3,424	-3,404	-3,378	-0,133	-0,078	-0,047	-0,004	0,006	0,009	0,013	0,012	0,014	0,019	0,027	0,031	0,042	0,045	0,038	0,049	11,279
6,000	-2,109	-2,138	-2,146	-2,141	-2,128	-2,111	-2,106	-2,101	-2,094	-2,094	-2,089	-2,083	-2,077	-2,070	-2,068	-0,075	-0,047	-0,025	0,016	0,027	0,026	0,030	0,029	0,020	0,019	0,015	0,017	0,016	0,016	0,010	0,027	11,682
7,000	-1,614	-1,644	-1,640	-1,648	-1,651	-1,655	-1,657	-1,658	-1,659	-1,660	-1,663	-1,664	-1,664	-1,659	-1,657	-0,036	-0,024	-0,021	-0,012	-0,012	-0,012	-0,009	-0,008	-0,005	-0,004	-0,004	-0,003	-0,001	0,006	0,004	0,037	11,030
8,000	-5,144	-5,163	-5,160	-5,166	-5,156	-5,150	-5,149	-5,146	-5,147	-5,151	-5,150	-5,151	-5,156	-5,149	-5,146	-0,016	-0,010	-0,007	0,008	0,007	0,005	0,007	-0,001	0,002	-0,002	-0,003	0,003	-0,002	0,002	0,001	0,060	10,950
9,000	-2,118	-2,103	-2,112	-2,102	-2,098	-2,084	-2,083	-2,079	-2,072	-2,073	-2,067	-2,060	-2,044	-2,022	-1,999	0,020	-0,003	-0,002	0,020	0,024	0,019	0,019	0,020	0,024	0,028	0,029	0,035	0,043	0,047	0,033	0,049	12,832
10,000	-1,500	-1,506	-1,485	-1,453	-1,422	-1,409	-1,401	-1,393	-1,387	-1,388	-1,387	-1,386	-1,378	-1,363	-1,352	-0,005	0,035	0,036	0,056	0,054	0,046	0,037	0,034	0,025	0,017	0,019	0,021	0,027	0,026	0,022	0,053	13,513
11,000	-2,962	-2,953	-2,939	-2,917	-2,898	-2,886	-2,879	-2,875	-2,865	-2,863	-2,855	-2,850	-2,845	-2,834	-2,827	0,009	0,024	0,031	0,042	0,040	0,036	0,035	0,032	0,032	0,025	0,028	0,025	0,022	0,022	0,014	0,038	13,396
12,000	-4,407	-4,410	-4,395	-4,387	-4,372	-4,366	-4,363	-4,363	-4,360	-4,363	-4,360	-4,354	-4,342	-4,322	-4,297	0,010	0,019	0,023	0,026	0,024	0,018	0,018	0,016	0,014	0,018	0,023	0,031	0,039	0,045	0,038	0,065	12,847
13,000	-1,921	-1,918	-1,928	-1,919	-1,908	-1,905	-1,900	-1,900	-1,892	-1,898	-1,897	-1,888	-1,877	-1,862	-1,844	0,003	-0,003	-0,000	0,016	0,014	0,012	0,015	0,014	0,015	0,018	0,026	0,026	0,029	0,036	0,028	0,042	11,660
14,000	-3,299	-3,378	-3,388	-3,410	-3,402	-3,400	-3,401	-3,397	-3,395	-3,397	-3,393	-3,388	-3,380	-3,359	-3,339	-0,128	-0,089	-0,068	-0,022	-0,010	-0,002	0,005	0,008	0,009	0,010	0,019	0,026	0,031	0,036	0,031	0,050	11,587
15,000	-2,275	-2,294	-2,319	-2,315	-2,312	-2,309	-2,306	-2,305	-2,303	-2,306	-2,307	-2,305	-2,299	-2,291	-2,286	-0,060	-0,047	-0,035	-0,007	-0,003	-0,003	0,002	0,002	0,002	0,005	0,006	0,009	0,014	0,014	0,014	0,061	12,056
	run	4	2022:11:15    09:42:32,592
0,000	-3,829	-3,837	-3,821	-3,810	-3,801	-3,799	-3,797	-3,799	-3,797	-3,803	-3,802	-3,801	-3,798	-3,790	-3,781	-0,017	0,008	0,016	0,014	0,010	0,007	0,006	0,004	0,001	0,001	0,006	0,009	0,011	0,016	0,012	0,048	11,001
1,000	-4,285	-4,174	-4,103	-3,977	-3,915	-3,882	-3,865	-3,853	-3,842	-3,836	-3,827	-3,818	-3,812	-3,797	-3,784	0,164	0,205	0,209	0,183	0,148	0,115	0,097	0,080	0,067	0,052	0,048	0,043	0,037	0,033	0,023	0,042	11,323
2,000	-2,748	-2,696	-2,660	-2,593	-2,554	-2,526	-2,510	-2,496	-2,482	-2,473	-2,465	-2,457	-2,448	-2,440	-2,431	0,093	0,111	0,117	0,109	0,100	0,086	0,079	0,071	0,060	0,049	0,042	0,037	0,030	0,024	0,017	0,034	11,719
3,000	-5,603	-5,585	-5,571	-5,478	-5,433	-5,400	-5,389	-5,385	-5,376	-5,383	-5,382	-5,379	-5,374	-5,362	-5,348	-0,009	0,048	0,084	0,113	0,101	0,072	0,057	0,044	0,032	0,023	0,023	0,025	0,025	0,027	0,021	0,077	12,576
4,000	-3,123	-3,154	-3,139	-3,114	-3,096	-3,083	-3,079	-3,072	-3,066	-3,062	-3,054	-3,047	-3,037	-3,019	-3,001	-0,079	-0,021	0,004	0,031	0,036	0,031	0,032	0,030	0,030	0,029	0,033	0,036	0,038	0,043	0,031	0,042	12,341
5,000	-3,468	-3,524	-3,535	-3,536	-3,524	-3,519	-3,515	-3,513	-3,513	-3,513	-3,506	-3,500	-3,487	-3,470	-3,441	-0,130	-0,079	-0,047	-0,006	0,006	0,008	0,012	0,012	0,015	0,018	0,025	0,034	0,041	0,046	0,039	0,049	11,228
6,000	-2,111	-2,147	-2,151	-2,142	-2,126	-2,113	-2,106	-2,097	-2,094	-2,092	-2,086	-2,081	-2,081	-2,067	-2,070	-0,070	-0,046	-0,019	0,016	0,029	0,028	0,032	0,027	0,026	0,019	0,017	0,016	0,012	0,014	0,009	0,028	11,602
7,000	-1,637	-1,661	-1,658	-1,668	-1,663	-1,666	-1,671	-1,669	-1,672	-1,677	-1,678	-1,678	-1,678	-1,673	-1,672	-0,035	-0,023	-0,017	-0,011	-0,006	-0,008	-0,008	-0,009	-0,006	-0,007	-0,003	-0,002	0,001	0,003	0,004	0,035	10,891
8,000	-5,123	-5,146	-5,140	-5,147	-5,139	-5,135	-5,135	-5,137	-5,130	-5,136	-5,134	-5,141	-5,142	-5,138	-5,134	-0,016	-0,014	-0,006	0,005	0,004	0,004	0,004	0,003	-0,002	-0,002	-0,006	0,000	-0,002	0,001	0,001	0,058	10,854
9,000	-2,052	-2,047	-2,056	-2,048	-2,041	-2,030	-2,029	-2,024	-2,017	-2,017	-2,009	-2,001	-1,989	-1,963	-1,944	0,019	0,002	0,006	0,024	0,023	0,021	0,025	0,025	0,026	0,025	0,034	0,036	0,043	0,045	0,037	0,047	12,751
10,000	-1,504	-1,506	-1,483	-1,451	-1,424	-1,410	-1,401	-1,392	-1,389	-1,390	-1,390	-1,387	-1,378	-1,367	-1,356	-0,005	0,032	0,039	0,053	0,053	0,044	0,040	0,032	0,022	0,024	0,021	0,021	0,024	0,027	0,021	0,052	13,477
11,000	-2,975	-2,963	-2,948	-2,924	-2,904	-2,895	-2,886	-2,882	-2,873	-2,869	-2,862	-2,857	-2,853	-2,844	-2,837	0,012	0,024	0,032	0,041	0,041	0,036	0,036	0,032	0,029	0,024	0,027	0,025	0,023	0,021	0,015	0,039	13,403
12,000	-4,401	-4,409	-4,395	-4,383	-4,367	-4,362	-4,361	-4,359	-4,357	-4,358	-4,355	-4,351	-4,338	-4,317	-4,292	0,006	0,017	0,021	0,027	0,022	0,020	0,015	0,017	0,016	0,016	0,025	0,031	0,042	0,046	0,035	0,065	12,832
13,000	-1,932	-1,929	-1,936	-1,930	-1,921	-1,916	-1,910	-1,910	-1,908	-1,908	-1,904	-1,902	-1,889	-1,874	-1,852	-0,006	-0,002	0,003	0,012	0,014	0,013	0,013	0,014	0,013	0,018	0,023	0,025	0,036	0,036	0,033	0,042	11,697
14,000	-3,280	-3,365	-3,368	-3,394	-3,385	-3,384	-3,384	-3,381	-3,377	-3,382	-3,376	-3,370	-3,362	-3,344	-3,324	-0,130	-0,088	-0,066	-0,021	-0,010	-0,001	0,004	0,007	0,009	0,011	0,017	0,026	0,033	0,037	0,029	0,050	11,638
15,000	-2,274	-2,292	-2,317	-2,315	-2,312	-2,310	-2,307	-2,308	-2,305	-2,308	-2,307	-2,307	-2,302	-2,293	-2,286	-0,063	-0,049	-0,036	-0,006	-0,003	-0,002	0,002	0,000	0,001	0,004	0,006	0,009	0,013	0,017	0,014	0,061	12,092
	run	5	2022:11:15    09:42:32,641
0,000	-3,829	-3,837	-3,821	-3,810	-3,801	-3,799	-3,797	-3,799	-3,797	-3,803	-3,802	-3,801	-3,798	-3,790	-3,781	-0,017	0,008	0,016	0,014	0,010	0,007	0,006	0,004	0,001	0,001	0,006	0,009	0,011	0,016	0,012	0,048	11,001
1,000	-4,285	-4,174	-4,103	-3,977	-3,915	-3,882	-3,865	-3,853	-3,842	-3,836	-3,827	-3,818	-3,812	-3,797	-3,784	0,164	0,205	0,209	0,183	0,148	0,115	0,097	0,080	0,067	0,052	0,048	0,043	0,037	0,033	0,023	0,042	11,323
2,000	-2,748	-2,696	-2,660	-2,593	-2,554	-2,526	-2,510	-2,496	-2,482	-2,473	-2,465	-2,457	-2,448	-2,440	-2,431	0,093	0,111	0,117	0,109	0,100	0,086	0,079	0,071	0,060	0,049	0,042	0,037	0,030	0,024	0,017	0,034	11,719
3,000	-5,603	-5,585	-5,571	-5,478	-5,433	-5,400	-5,389	-5,385	-5,376	-5,383	-5,382	-5,379	-5,374	-5,362	-5,348	-0,009	0,048	0,084	0,113	0,101	0,072	0,057	0,044	0,032	0,023	0,023	0,025	0,025	0,027	0,021	0,077	12,576
4,000	-3,123	-3,154	-3,139	-3,114	-3,096	-3,083	-3,079	-3,072	-3,066	-3,062	-3,054	-3,047	-3,037	-3,019	-3,001	-0,079	-0,021	0,004	0,031	0,036	0,031	0,032	0,030	0,030	0,029	0,033	0,036	0,038	0,043	0,031	0,042	12,341
5,000	-3,468	-3,524	-3,535	-3,536	-3,524	-3,519	-3,515	-3,513	-3,513	-3,513	-3,506	-3,500	-3,487	-3,470	-3,441	-0,130	-0,079	-0,047	-0,006	0,006	0,008	0,012	0,012	0,015	0,018	0,025	0,034	0,041	0,046	0,039	0,049	11,228
6,000	-2,117	-2,151	-2,158	-2,153	-2,132	-2,125	-2,110	-2,110	-2,099	-2,096	-2,095	-2,086	-2,086	-2,082	-2,070	-0,071	-0,039	-0,018	0,018	0,033	0,026	0,028	0,029	0,023	0,017	0,019	0,020	0,013	0,015	0,008	0,027	11,580
7,000	-1,611	-1,640	-1,637	-1,646	-1,645	-1,647	-1,651	-1,651	-1,654	-1,658	-1,657	-1,660	-1,660	-1,659	-1,654	-0,039	-0,026	-0,017	-0,012	-0,011	-0,009	-0,008	-0,009	-0,006	-0,007	-0,005	-0,000	-0,000	0,004	0,005	0,037	10,935
8,000	-5,130	-5,148	-5,148	-5,151	-5,138	-5,134	-5,135	-5,132	-5,131	-5,137	-5,138	-5,136	-5,138	-5,136	-5,136	-0,014	-0,015	-0,005	0,003	0,012	0,004	0,002	0,001	0,000	-0,002	-0,001	0,005	-0,002	0,005	0,001	0,059	10,920
9,000	-2,113	-2,100	-2,116	-2,107	-2,102	-2,093	-2,095	-2,086	-2,081	-2,081	-2,074	-2,061	-2,053	-2,031	-2,006	0,012	-0,005	0,001	0,014	0,016	0,020	0,019	0,018	0,022	0,026	0,030	0,037	0,041	0,048	0,033	0,048	12,883
10,000	-1,487	-1,498	-1,475	-1,441	-1,412	-1,397	-1,386	-1,379	-1,374	-1,377	-1,374	-1,373	-1,361	-1,351	-1,339	-0,003	0,034	0,042	0,058	0,055	0,044	0,039	0,032	0,026	0,022	0,020	0,021	0,024	0,027	0,020	0,052	13,586
11,000	-2,957	-2,946	-2,933	-2,911	-2,889	-2,878	-2,872	-2,867	-2,857	-2,854	-2,849	-2,841	-2,838	-2,828	-2,818	0,014	0,026	0,032	0,043	0,042	0,036	0,037	0,034	0,029	0,027	0,027	0,025	0,022	0,023	0,015	0,039	13,381
12,000	-4,428	-4,433	-4,417	-4,410	-4,393	-4,389	-4,387	-4,389	-4,383	-4,386	-4,383	-4,378	-4,369	-4,345	-4,320	0,009	0,015	0,023	0,025	0,024	0,020	0,016	0,016	0,016	0,017	0,023	0,032	0,041	0,046	0,035	0,066	12,825
13,000	-1,929	-1,921	-1,931	-1,922	-1,908	-1,906	-1,902	-1,902	-1,894	-1,900	-1,894	-1,891	-1,878	-1,861	-1,842	0,004	0,000	0,002	0,016	0,015	0,013	0,014	0,014	0,013	0,015	0,024	0,024	0,033	0,036	0,029	0,043	11,653
14,000	-3,340	-3,429	-3,433	-3,460	-3,449	-3,448	-3,447	-3,443	-3,440	-3,443	-3,440	-3,434	-3,425	-3,409	-3,388	-0,131	-0,091	-0,069	-0,025	-0,007	-0,001	0,003	0,005	0,008	0,010	0,018	0,025	0,034	0,039	0,028	0,050	11,550
15,000	-2,293	-2,312	-2,336	-2,332	-2,328	-2,327	-2,325	-2,323	-2,321	-2,325	-2,323	-2,322	-2,316	-2,309	-2,301	-0,058	-0,044	-0,033	-0,005	-0,002	-0,001	0,001	0,003	0,003	0,005	0,005	0,009	0,012	0,014	0,014	0,061	12,012
	run	6	2022:11:15    09:42:32,741
0,000	-3,809	-3,818	-3,800	-3,788	-3,778	-3,775	-3,777	-3,780	-3,776	-3,781	-3,781	-3,780	-3,778	-3,769	-3,761	-0,022	0,009	0,019	0,017	0,012	0,006	0,004	0,002	0,002	0,002	0,004	0,008	0,012	0,013	0,013	0,048	10,876
1,000	-4,266	-4,159	-4,086	-3,960	-3,905	-3,870	-3,856	-3,843	-3,831	-3,827	-3,818	-3,809	-3,801	-3,790	-3,777	0,166	0,204	0,206	0,176	0,144	0,110	0,093	0,078	0,066	0,053	0,046	0,042	0,036	0,033	0,023	0,043	11,257
2,000	-2,735	-2,684	-2,644	-2,579	-2,541	-2,512	-2,495	-2,481	-2,468	-2,460	-2,451	-2,442	-2,439	-2,426	-2,420	0,092	0,110	0,114	0,109	0,101	0,084	0,079	0,068	0,060	0,049	0,040	0,036	0,031	0,024	0,015	0,035	11,733
3,000	-5,565	-5,559	-5,542	-5,451	-5,405	-5,373	-5,363	-5,356	-5,347	-5,355	-5,352	-5,348	-5,346	-5,335	-5,322	-0,014	0,046	0,085	0,109	0,099	0,071	0,058	0,045	0,034	0,023	0,021	0,023	0,025	0,026	0,020	0,079	12,598
4,000	-3,138	-3,166	-3,152	-3,127	-3,107	-3,096	-3,091	-3,084	-3,077	-3,076	-3,067	-3,061	-3,051	-3,034	-3,009	-0,077	-0,016	0,008	0,033	0,038	0,035	0,032	0,030	0,029	0,032	0,033	0,035	0,038	0,037	0,032	0,041	12,327
5,000	-3,437	-3,497	-3,505	-3,503	-3,490	-3,487	-3,483	-3,482	-3,479	-3,478	-3,476	-3,469	-3,459	-3,438	-3,409	-0,134	-0,081	-0,047	-0,006	0,009	0,010	0,011	0,011	0,015	0,019	0,024	0,032	0,039	0,047	0,037	0,048	11,287
6,000	-2,106	-2,143	-2,149	-2,147	-2,131	-2,114	-2,111	-2,102	-2,097	-2,096	-2,087	-2,084	-2,085	-2,074	-2,070	-0,077	-0,049	-0,023	0,016	0,030	0,026	0,027	0,027	0,021	0,016	0,019	0,018	0,020	0,020	0,011	0,028	11,646
7,000	-1,614	-1,634	-1,634	-1,647	-1,647	-1,648	-1,652	-1,652	-1,655	-1,660	-1,660	-1,661	-1,661	-1,658	-1,656	-0,032	-0,026	-0,020	-0,015	-0,012	-0,012	-0,012	-0,010	-0,010	-0,006	-0,005	-0,001	0,001	0,003	0,004	0,036	11,016
8,000	-5,103	-5,125	-5,114	-5,123	-5,108	-5,104	-5,108	-5,103	-5,104	-5,106	-5,107	-5,108	-5,111	-5,104	-5,104	-0,017	-0,010	-0,005	0,006	0,006	0,007	0,006	0,002	0,003	0,001	-0,003	-0,001	0,002	0,002	0,001	0,059	10,986
9,000	-2,088	-2,080	-2,087	-2,086	-2,076	-2,073	-2,067	-2,063	-2,058	-2,055	-2,045	-2,043	-2,026	-2,008	-1,983	0,015	-0,004	-0,000	0,017	0,017	0,015	0,019	0,021	0,024	0,024	0,032	0,034	0,042	0,044	0,036	0,047	12,847
10,000	-1,504	-1,507	-1,483	-1,449	-1,423	-1,407	-1,398	-1,392	-1,386	-1,389	-1,384	-1,383	-1,375	-1,363	-1,352	-0,003	0,027	0,040	0,056	0,054	0,047	0,039	0,031	0,025	0,020	0,020	0,020	0,027	0,025	0,022	0,053	13,535
11,000	-2,954	-2,948	-2,934	-2,911	-2,893	-2,881	-2,873	-2,868	-2,858	-2,854	-2,848	-2,844	-2,837	-2,827	-2,819	0,011	0,025	0,031	0,044	0,042	0,037	0,037	0,032	0,030	0,028	0,026	0,023	0,022	0,023	0,014	0,039	13,389
12,000	-4,416	-4,424	-4,412	-4,400	-4,387	-4,382	-4,381	-4,377	-4,376	-4,378	-4,376	-4,371	-4,359	-4,335	-4,312	0,008	0,018	0,023	0,024	0,023	0,017	0,016	0,015	0,016	0,018	0,023	0,033	0,041	0,045	0,037	0,065	12,817
13,000	-1,933	-1,929	-1,941	-1,927	-1,922	-1,916	-1,913	-1,909	-1,904	-1,910	-1,906	-1,900	-1,887	-1,869	-1,850	0,000	0,001	0,001	0,014	0,013	0,012	0,011	0,016	0,015	0,018	0,023	0,023	0,035	0,037	0,028	0,043	11,660
14,000	-3,347	-3,434	-3,439	-3,465	-3,455	-3,454	-3,454	-3,450	-3,445	-3,452	-3,447	-3,441	-3,433	-3,415	-3,392	-0,133	-0,091	-0,068	-0,022	-0,009	-0,001	0,002	0,005	0,007	0,008	0,018	0,025	0,032	0,038	0,030	0,050	11,565
15,000	-2,290	-2,309	-2,335	-2,329	-2,324	-2,324	-2,321	-2,322	-2,317	-2,320	-2,321	-2,319	-2,314	-2,305	-2,300	-0,057	-0,044	-0,031	-0,004	-0,002	-0,001	0,002	0,002	0,001	0,004	0,007	0,010	0,015	0,015	0,014	0,062	12,034
	run	7	2022:11:15    09:42:32,842
0,000	-3,843	-3,845	-3,829	-3,820	-3,811	-3,807	-3,809	-3,808	-3,805	-3,812	-3,813	-3,810	-3,809	-3,800	-3,791	-0,020	0,010	0,017	0,018	0,011	0,004	0,004	0,002	0,003	0,001	0,004	0,009	0,013	0,015	0,013	0,048	10,957
1,000	-4,321	-4,209	-4,138	-4,008	-3,950	-3,913	-3,896	-3,885	-3,871	-3,866	-3,857	-3,849	-3,840	-3,827	-3,815	0,173	0,208	0,213	0,183	0,150	0,115	0,099	0,082	0,069	0,054	0,048	0,043	0,039	0,034	0,023	0,042	11,272
2,000	-2,763	-2,715	-2,673	-2,605	-2,568	-2,539	-2,522	-2,510	-2,494	-2,485	-2,476	-2,470	-2,462	-2,454	-2,445	0,090	0,110	0,115	0,109	0,101	0,087	0,079	0,072	0,059	0,050	0,042	0,037	0,031	0,026	0,015	0,034	11,697
3,000	-5,578	-5,572	-5,552	-5,465	-5,415	-5,388	-5,375	-5,370	-5,363	-5,367	-5,366	-5,365	-5,360	-5,347	-5,332	-0,008	0,045	0,086	0,109	0,095	0,070	0,057	0,044	0,030	0,020	0,019	0,024	0,023	0,027	0,021	0,080	12,568
4,000	-3,090	-3,120	-3,105	-3,080	-3,060	-3,045	-3,042	-3,035	-3,032	-3,029	-3,021	-3,014	-3,004	-2,985	-2,968	-0,083	-0,018	0,007	0,030	0,036	0,033	0,032	0,029	0,029	0,029	0,032	0,034	0,037	0,040	0,030	0,037	12,349
5,000	-3,415	-3,470	-3,485	-3,481	-3,472	-3,468	-3,465	-3,462	-3,460	-3,460	-3,457	-3,452	-3,438	-3,414	-3,391	-0,130	-0,080	-0,047	-0,008	0,005	0,007	0,009	0,011	0,015	0,019	0,025	0,033	0,042	0,047	0,039	0,048	11,279
6,000	-2,101	-2,134	-2,144	-2,132	-2,120	-2,104	-2,099	-2,095	-2,084	-2,086	-2,080	-2,074	-2,073	-2,065	-2,054	-0,076	-0,040	-0,020	0,018	0,027	0,025	0,028	0,026	0,021	0,019	0,017	0,022	0,018	0,017	0,012	0,027	11,638
7,000	-1,620	-1,638	-1,639	-1,650	-1,651	-1,651	-1,657	-1,657	-1,660	-1,665	-1,664	-1,664	-1,665	-1,661	-1,659	-0,040	-0,022	-0,018	-0,014	-0,012	-0,011	-0,009	-0,009	-0,007	-0,007	-0,004	-0,001	-0,000	0,003	0,002	0,036	10,972
8,000	-5,101	-5,123	-5,119	-5,124	-5,119	-5,116	-5,113	-5,110	-5,110	-5,117	-5,113	-5,120	-5,119	-5,115	-5,114	-0,013	-0,008	-0,011	-0,001	0,007	0,003	0,001	-0,000	0,002	-0,008	-0,003	-0,003	-0,000	0,003	0,000	0,058	10,898
9,000	-2,041	-2,030	-2,043	-2,030	-2,027	-2,018	-2,015	-2,014	-2,007	-2,007	-2,001	-1,991	-1,979	-1,958	-1,932	0,024	-0,002	0,006	0,018	0,019	0,014	0,020	0,023	0,023	0,025	0,031	0,038	0,044	0,049	0,035	0,047	12,832
10,000	-1,492	-1,500	-1,478	-1,448	-1,418	-1,400	-1,395	-1,387	-1,382	-1,383	-1,382	-1,378	-1,373	-1,359	-1,348	-0,002	0,031	0,037	0,054	0,052	0,045	0,040	0,030	0,025	0,018	0,021	0,019	0,025	0,025	0,024	0,052	13,542
11,000	-2,973	-2,962	-2,949	-2,925	-2,909	-2,896	-2,888	-2,883	-2,874	-2,871	-2,865	-2,859	-2,856	-2,845	-2,836	0,011	0,025	0,031	0,040	0,042	0,037	0,033	0,032	0,030	0,026	0,025	0,023	0,023	0,019	0,015	0,039	13,403
12,000	-4,421	-4,429	-4,413	-4,401	-4,386	-4,382	-4,380	-4,378	-4,374	-4,378	-4,372	-4,368	-4,358	-4,336	-4,309	0,008	0,019	0,023	0,026	0,025	0,019	0,019	0,014	0,017	0,018	0,024	0,033	0,042	0,046	0,037	0,065	12,847
13,000	-1,952	-1,943	-1,953	-1,942	-1,934	-1,931	-1,926	-1,923	-1,920	-1,922	-1,920	-1,915	-1,901	-1,885	-1,866	-0,002	-0,001	0,001	0,014	0,014	0,013	0,012	0,013	0,015	0,018	0,021	0,026	0,035	0,037	0,031	0,043	11,675
14,000	-3,322	-3,404	-3,414	-3,437	-3,427	-3,427	-3,427	-3,423	-3,419	-3,423	-3,418	-3,412	-3,404	-3,385	-3,364	-0,130	-0,087	-0,068	-0,024	-0,009	-0,000	0,001	0,008	0,009	0,011	0,018	0,027	0,034	0,039	0,030	0,051	11,602
15,000	-2,297	-2,315	-2,339	-2,337	-2,332	-2,331	-2,328	-2,328	-2,324	-2,328	-2,328	-2,327	-2,321	-2,313	-2,305	-0,061	-0,050	-0,036	-0,005	-0,003	-0,002	0,003	0,000	0,003	0,004	0,007	0,010	0,015	0,014	0,014	0,062	12,070
	run	8	2022:11:15    09:42:32,889
0,000	-3,850	-3,849	-3,833	-3,823	-3,813	-3,811	-3,812	-3,811	-3,810	-3,817	-3,817	-3,817	-3,816	-3,805	-3,798	-0,020	0,011	0,015	0,014	0,009	0,005	0,004	0,002	0,001	0,000	0,005	0,009	0,012	0,017	0,014	0,048	10,876
1,000	-4,326	-4,213	-4,141	-4,012	-3,951	-3,917	-3,899	-3,890	-3,874	-3,873	-3,862	-3,855	-3,846	-3,833	-3,820	0,167	0,208	0,214	0,182	0,150	0,116	0,097	0,083	0,067	0,056	0,049	0,042	0,038	0,035	0,025	0,043	11,228
2,000	-2,763	-2,715	-2,673	-2,605	-2,568	-2,539	-2,522	-2,510	-2,494	-2,485	-2,476	-2,470	-2,462	-2,454	-2,445	0,090	0,110	0,115	0,109	0,101	0,087	0,079	0,072	0,059	0,050	0,042	0,037	0,031	0,026	0,015	0,034	11,697
3,000	-5,578	-5,572	-5,552	-5,465	-5,415	-5,388	-5,375	-5,370	-5,363	-5,367	-5,366	-5,365	-5,360	-5,347	-5,332	-0,008	0,045	0,086	0,109	0,095	0,070	0,057	0,044	0,030	0,020	0,019	0,024	0,023	0,027	0,021	0,080	12,568
4,000	-3,090	-3,120	-3,105	-3,080	-3,060	-3,045	-3,042	-3,035	-3,032	-3,029	-3,021	-3,014	-3,004	-2,985	-2,968	-0,083	-0,018	0,007	0,030	0,036	0,033	0,032	0,029	0,029	0,029	0,032	0,034	0,037	0,040	0,030	0,037	12,349
5,000	-3,415	-3,470	-3,485	-3,481	-3,472	-3,468	-3,465	-3,462	-3,460	-3,460	-3,457	-3,452	-3,438	-3,414	-3,391	-0,130	-0,080	-0,047	-0,008	0,005	0,007	0,009	0,011	0,015	0,019	0,025	0,033	0,042	0,047	0,039	0,048	11,279
6,000	-2,101	-2,134	-2,144	-2,132	-2,120	-2,104	-2,099	-2,095	-2,084	-2,086	-2,080	-2,074	-2,073	-2,065	-2,054	-0,076	-0,040	-0,020	0,018	0,027	0,025	0,028	0,026	0,021	0,019	0,017	0,022	0,018	0,017	0,012	0,027	11,638
7,000	-1,620	-1,638	-1,639	-1,650	-1,651	-1,651	-1,657	-1,657	-1,660	-1,665	-1,664	-1,664	-1,665	-1,661	-1,659	-0,040	-0,022	-0,018	-0,014	-0,012	-0,011	-0,009	-0,009	-0,007	-0,007	-0,004	-0,001	-0,000	0,003	0,002	0,036	10,972
8,000	-5,102	-5,119	-5,119	-5,126	-5,111	-5,108	-5,107	-5,111	-5,107	-5,107	-5,109	-5,112	-5,113	-5,106	-5,105	-0,020	-0,011	-0,009	0,008	0,008	0,004	0,007	0,003	0,003	0,001	-0,000	0,002	0,002	0,006	-0,000	0,059	10,928
9,000	-2,087	-2,079	-2,099	-2,087	-2,080	-2,075	-2,073	-2,073	-2,066	-2,063	-2,056	-2,050	-2,040	-2,016	-1,990	0,011	-0,005	0,002	0,016	0,012	0,018	0,019	0,018	0,024	0,025	0,030	0,037	0,044	0,048	0,033	0,048	12,883
10,000	-1,495	-1,498	-1,476	-1,442	-1,414	-1,397	-1,388	-1,380	-1,378	-1,377	-1,377	-1,377	-1,368	-1,353	-1,343	-0,005	0,032	0,039	0,056	0,053	0,047	0,041	0,033	0,025	0,020	0,019	0,023	0,027	0,026	0,020	0,053	13,579
11,000	-2,961	-2,951	-2,936	-2,913	-2,892	-2,881	-2,874	-2,868	-2,860	-2,854	-2,850	-2,844	-2,838	-2,830	-2,821	0,011	0,026	0,030	0,042	0,042	0,037	0,036	0,032	0,032	0,028	0,027	0,025	0,023	0,023	0,015	0,038	13,359
12,000	-4,437	-4,442	-4,431	-4,419	-4,405	-4,398	-4,399	-4,395	-4,393	-4,397	-4,394	-4,389	-4,378	-4,355	-4,330	0,009	0,017	0,022	0,025	0,025	0,017	0,015	0,015	0,015	0,019	0,024	0,032	0,039	0,045	0,035	0,065	12,825
13,000	-1,928	-1,922	-1,932	-1,921	-1,913	-1,911	-1,904	-1,904	-1,899	-1,903	-1,896	-1,894	-1,881	-1,865	-1,844	-0,001	-0,002	-0,001	0,017	0,012	0,013	0,015	0,014	0,017	0,019	0,020	0,024	0,035	0,039	0,029	0,042	11,653
14,000	-3,339	-3,426	-3,430	-3,457	-3,445	-3,448	-3,444	-3,441	-3,437	-3,439	-3,438	-3,431	-3,423	-3,404	-3,384	-0,132	-0,090	-0,066	-0,021	-0,006	-0,002	0,004	0,006	0,008	0,011	0,018	0,026	0,032	0,038	0,032	0,050	11,521
15,000	-2,304	-2,319	-2,344	-2,340	-2,336	-2,333	-2,332	-2,331	-2,326	-2,332	-2,331	-2,330	-2,325	-2,317	-2,308	-0,058	-0,045	-0,034	-0,005	-0,002	-0,001	0,001	0,003	0,004	0,006	0,006	0,010	0,014	0,016	0,014	0,061	12,004
	run	9	2022:11:15    09:42:32,989
0,000	-3,826	-3,831	-3,812	-3,801	-3,792	-3,788	-3,789	-3,790	-3,790	-3,795	-3,795	-3,794	-3,792	-3,783	-3,774	-0,018	0,009	0,020	0,015	0,010	0,005	0,003	0,004	0,002	0,000	0,004	0,009	0,010	0,014	0,012	0,047	10,869
1,000	-4,285	-4,178	-4,107	-3,978	-3,921	-3,886	-3,870	-3,861	-3,845	-3,843	-3,836	-3,825	-3,819	-3,803	-3,792	0,166	0,206	0,209	0,177	0,146	0,109	0,094	0,078	0,065	0,053	0,046	0,041	0,038	0,034	0,021	0,042	11,221
2,000	-2,731	-2,679	-2,643	-2,574	-2,537	-2,508	-2,492	-2,480	-2,464	-2,459	-2,447	-2,440	-2,432	-2,425	-2,417	0,090	0,109	0,117	0,109	0,101	0,086	0,077	0,068	0,060	0,050	0,043	0,037	0,030	0,023	0,016	0,035	11,733
3,000	-5,538	-5,522	-5,511	-5,419	-5,372	-5,344	-5,333	-5,325	-5,318	-5,325	-5,322	-5,320	-5,314	-5,302	-5,291	-0,011	0,044	0,084	0,106	0,097	0,070	0,056	0,045	0,029	0,020	0,024	0,022	0,024	0,026	0,020	0,077	12,605
4,000	-3,099	-3,129	-3,114	-3,092	-3,071	-3,060	-3,054	-3,049	-3,039	-3,041	-3,032	-3,023	-3,015	-2,998	-2,979	-0,083	-0,017	0,004	0,033	0,034	0,032	0,033	0,028	0,030	0,027	0,031	0,036	0,037	0,041	0,029	0,040	12,341
5,000	-3,420	-3,472	-3,485	-3,485	-3,476	-3,471	-3,468	-3,464	-3,460	-3,460	-3,456	-3,453	-3,441	-3,420	-3,394	-0,128	-0,080	-0,051	-0,007	0,002	0,006	0,012	0,012	0,015	0,016	0,026	0,032	0,041	0,047	0,038	0,049	11,294
6,000	-2,092	-2,127	-2,136	-2,129	-2,113	-2,097	-2,089	-2,087	-2,082	-2,077	-2,073	-2,069	-2,061	-2,060	-2,052	-0,078	-0,047	-0,020	0,020	0,024	0,026	0,028	0,024	0,024	0,020	0,020	0,018	0,013	0,013	0,014	0,026	11,697
7,000	-1,600	-1,621	-1,614	-1,630	-1,628	-1,630	-1,632	-1,635	-1,637	-1,640	-1,642	-1,641	-1,643	-1,641	-1,635	-0,033	-0,019	-0,021	-0,016	-0,008	-0,013	-0,009	-0,009	-0,007	-0,005	-0,004	0,001	0,001	0,004	0,004	0,035	11,030
8,000	-5,146	-5,166	-5,160	-5,166	-5,154	-5,150	-5,150	-5,149	-5,145	-5,156	-5,154	-5,151	-5,155	-5,150	-5,149	-0,021	-0,011	-0,007	0,005	0,006	0,005	0,006	-0,001	0,003	-0,002	0,000	-0,000	0,002	0,002	0,002	0,059	10,964
9,000	-2,078	-2,064	-2,079	-2,070	-2,061	-2,053	-2,050	-2,050	-2,043	-2,046	-2,038	-2,026	-2,014	-1,996	-1,971	0,018	-0,004	0,007	0,018	0,018	0,019	0,019	0,018	0,022	0,027	0,033	0,035	0,046	0,046	0,033	0,047	12,817
10,000	-1,519	-1,526	-1,504	-1,468	-1,438	-1,420	-1,413	-1,404	-1,403	-1,404	-1,400	-1,400	-1,388	-1,377	-1,364	-0,004	0,036	0,045	0,061	0,054	0,045	0,041	0,034	0,025	0,021	0,021	0,021	0,027	0,024	0,020	0,052	13,477
11,000	-2,989	-2,973	-2,959	-2,937	-2,916	-2,905	-2,897	-2,891	-2,882	-2,879	-2,874	-2,867	-2,863	-2,852	-2,844	0,012	0,023	0,034	0,044	0,042	0,037	0,037	0,032	0,030	0,026	0,026	0,024	0,023	0,023	0,015	0,038	13,359
12,000	-4,446	-4,450	-4,434	-4,428	-4,414	-4,408	-4,407	-4,405	-4,404	-4,405	-4,403	-4,396	-4,387	-4,365	-4,339	0,006	0,015	0,021	0,024	0,022	0,018	0,015	0,016	0,016	0,018	0,023	0,032	0,040	0,045	0,037	0,065	12,788
13,000	-1,946	-1,935	-1,944	-1,939	-1,928	-1,927	-1,920	-1,920	-1,915	-1,917	-1,915	-1,908	-1,898	-1,878	-1,858	0,004	-0,003	0,002	0,013	0,016	0,012	0,017	0,015	0,018	0,019	0,023	0,024	0,035	0,039	0,035	0,042	11,631
14,000	-3,359	-3,437	-3,444	-3,470	-3,463	-3,462	-3,461	-3,457	-3,454	-3,458	-3,453	-3,446	-3,439	-3,419	-3,399	-0,132	-0,090	-0,070	-0,025	-0,009	-0,002	0,003	0,007	0,008	0,011	0,018	0,026	0,033	0,038	0,029	0,051	11,565
15,000	-2,305	-2,325	-2,348	-2,345	-2,341	-2,339	-2,337	-2,336	-2,334	-2,335	-2,337	-2,335	-2,330	-2,321	-2,315	-0,058	-0,048	-0,033	-0,006	-0,002	-0,001	0,004	0,003	0,004	0,005	0,007	0,010	0,013	0,015	0,012	0,062	12,019
	run	10	2022:11:15    09:42:33,041
0,000	-3,826	-3,831	-3,812	-3,801	-3,792	-3,788	-3,789	-3,790	-3,790	-3,795	-3,795	-3,794	-3,792	-3,783	-3,774	-0,018	0,009	0,020	0,015	0,010	0,005	0,003	0,004	0,002	0,000	0,004	0,009	0,010	0,014	0,012	0,047	10,869
1,000	-4,285	-4,178	-4,107	-3,978	-3,921	-3,886	-3,870	-3,861	-3,845	-3,843	-3,836	-3,825	-3,819	-3,803	-3,792	0,166	0,206	0,209	0,177	0,146	0,109	0,094	0,078	0,065	0,053	0,046	0,041	0,038	0,034	0,021	0,042	11,221
2,000	-2,731	-2,679	-2,643	-2,574	-2,537	-2,508	-2,492	-2,480	-2,464	-2,459	-2,447	-2,440	-2,432	-2,425	-2,417	0,090	0,109	0,117	0,109	0,101	0,086	0,077	0,068	0,060	0,050	0,043	0,037	0,030	0,023	0,016	0,035	11,733
3,000	-5,538	-5,522	-5,511	-5,419	-5,372	-5,344	-5,333	-5,325	-5,318	-5,325	-5,322	-5,320	-5,314	-5,302	-5,291	-0,011	0,044	0,084	0,106	0,097	0,070	0,056	0,045	0,029	0,020	0,024	0,022	0,024	0,026	0,020	0,077	12,605
4,000	-3,099	-3,129	-3,114	-3,092	-3,071	-3,060	-3,054	-3,049	-3,039	-3,041	-3,032	-3,023	-3,015	-2,998	-2,979	-0,083	-0,017	0,004	0,033	0,034	0,032	0,033	0,028	0,030	0,027	0,031	0,036	0,037	0,041	0,029	0,040	12,341
5,000	-3,420	-3,472	-3,485	-3,485	-3,476	-3,471	-3,468	-3,464	-3,460	-3,460	-3,456	-3,453	-3,441	-3,420	-3,394	-0,128	-0,080	-0,051	-0,007	0,002	0,006	0,012	0,012	0,015	0,016	0,026	0,032	0,041	0,047	0,038	0,049	11,294
6,000	-2,089	-2,120	-2,128	-2,122	-2,104	-2,089	-2,081	-2,077	-2,068	-2,068	-2,060	-2,061	-2,061	-2,048	-2,044	-0,066	-0,040	-0,018	0,020	0,030	0,029	0,027	0,025	0,024	0,022	0,019	0,019	0,019	0,017	0,010	0,026	11,616
7,000	-1,624	-1,648	-1,644	-1,654	-1,651	-1,656	-1,658	-1,660	-1,660	-1,666	-1,666	-1,667	-1,668	-1,665	-1,662	-0,042	-0,021	-0,018	-0,011	-0,009	-0,010	-0,007	-0,011	-0,007	-0,007	-0,003	-0,003	0,000	0,002	0,002	0,035	10,957
8,000	-5,105	-5,125	-5,118	-5,123	-5,112	-5,107	-5,108	-5,108	-5,105	-5,110	-5,111	-5,111	-5,112	-5,109	-5,106	-0,023	-0,007	-0,003	0,008	0,008	0,004	0,006	0,002	0,002	-0,003	-0,002	-0,001	0,000	0,001	-0,003	0,057	10,913
9,000	-2,125	-2,110	-2,125	-2,120	-2,109	-2,105	-2,100	-2,093	-2,090	-2,085	-2,081	-2,073	-2,060	-2,039	-2,012	0,019	-0,004	0,003	0,017	0,023	0,024	0,021	0,022	0,025	0,025	0,031	0,039	0,044	0,045	0,035	0,048	12,803
10,000	-1,506	-1,506	-1,487	-1,452	-1,424	-1,404	-1,398	-1,393	-1,384	-1,389	-1,385	-1,383	-1,379	-1,363	-1,351	-0,005	0,035	0,042	0,060	0,054	0,046	0,039	0,031	0,023	0,020	0,022	0,021	0,025	0,026	0,022	0,053	13,535
11,000	-3,011	-2,997	-2,979	-2,957	-2,936	-2,925	-2,916	-2,912	-2,904	-2,901	-2,895	-2,888	-2,885	-2,873	-2,865	0,015	0,029	0,033	0,045	0,042	0,037	0,036	0,034	0,030	0,027	0,027	0,023	0,024	0,022	0,015	0,039	13,367
12,000	-4,452	-4,458	-4,448	-4,435	-4,421	-4,415	-4,412	-4,414	-4,410	-4,412	-4,409	-4,403	-4,392	-4,368	-4,344	0,008	0,016	0,019	0,025	0,025	0,019	0,018	0,017	0,015	0,017	0,023	0,034	0,042	0,047	0,038	0,066	12,795
13,000	-1,943	-1,940	-1,950	-1,938	-1,931	-1,927	-1,922	-1,921	-1,917	-1,917	-1,918	-1,912	-1,900	-1,884	-1,863	0,000	-0,003	0,002	0,014	0,013	0,014	0,011	0,017	0,011	0,016	0,021	0,026	0,033	0,037	0,033	0,044	11,653
14,000	-3,314	-3,398	-3,403	-3,428	-3,420	-3,420	-3,419	-3,417	-3,412	-3,417	-3,411	-3,405	-3,397	-3,377	-3,357	-0,130	-0,088	-0,067	-0,024	-0,010	-0,004	0,003	0,006	0,008	0,011	0,019	0,026	0,033	0,038	0,030	0,051	11,587
15,000	-2,288	-2,310	-2,335	-2,332	-2,327	-2,326	-2,324	-2,323	-2,319	-2,322	-2,322	-2,322	-2,317	-2,307	-2,301	-0,064	-0,048	-0,035	-0,006	-0,002	-0,002	0,002	0,002	0,002	0,005	0,007	0,010	0,013	0,017	0,015	0,061	12,070
	run	11	2022:11:15    09:42:33,141
0,000	-3,796	-3,800	-3,785	-3,773	-3,766	-3,763	-3,762	-3,764	-3,762	-3,769	-3,767	-3,767	-3,764	-3,755	-3,748	-0,018	0,007	0,016	0,012	0,013	0,006	0,004	0,003	0,002	0,000	0,004	0,009	0,011	0,016	0,013	0,048	10,928
1,000	-4,264	-4,160	-4,085	-3,962	-3,902	-3,868	-3,853	-3,842	-3,829	-3,825	-3,815	-3,807	-3,799	-3,787	-3,774	0,160	0,202	0,206	0,176	0,145	0,108	0,094	0,078	0,066	0,053	0,047	0,042	0,037	0,034	0,023	0,042	11,287
2,000	-2,756	-2,705	-2,663	-2,595	-2,558	-2,530	-2,512	-2,498	-2,481	-2,475	-2,467	-2,456	-2,453	-2,442	-2,434	0,092	0,113	0,115	0,112	0,102	0,086	0,079	0,070	0,060	0,050	0,043	0,037	0,031	0,024	0,015	0,034	11,741
3,000	-5,599	-5,586	-5,569	-5,482	-5,435	-5,404	-5,391	-5,388	-5,379	-5,385	-5,382	-5,381	-5,377	-5,364	-5,349	-0,001	0,053	0,085	0,109	0,097	0,072	0,059	0,045	0,033	0,023	0,022	0,024	0,026	0,029	0,020	0,077	12,583
4,000	-3,085	-3,112	-3,099	-3,071	-3,054	-3,041	-3,036	-3,033	-3,020	-3,022	-3,013	-3,006	-2,999	-2,981	-2,962	-0,084	-0,019	0,008	0,032	0,036	0,030	0,033	0,029	0,030	0,028	0,032	0,034	0,038	0,038	0,029	0,040	12,371
5,000	-3,445	-3,500	-3,511	-3,510	-3,499	-3,496	-3,493	-3,489	-3,485	-3,488	-3,483	-3,479	-3,466	-3,445	-3,418	-0,132	-0,076	-0,043	-0,006	0,005	0,007	0,011	0,011	0,015	0,018	0,026	0,034	0,040	0,046	0,038	0,049	11,265
6,000	-2,114	-2,148	-2,155	-2,149	-2,127	-2,113	-2,107	-2,098	-2,094	-2,092	-2,088	-2,081	-2,078	-2,072	-2,068	-0,068	-0,044	-0,019	0,018	0,032	0,027	0,027	0,026	0,022	0,019	0,019	0,014	0,015	0,014	0,009	0,026	11,609
7,000	-1,638	-1,661	-1,655	-1,666	-1,669	-1,667	-1,670	-1,674	-1,675	-1,678	-1,680	-1,681	-1,681	-1,679	-1,675	-0,036	-0,025	-0,018	-0,010	-0,012	-0,011	-0,006	-0,008	-0,006	-0,007	-0,004	-0,001	-0,001	0,003	0,001	0,037	10,942
8,000	-5,113	-5,137	-5,128	-5,139	-5,126	-5,123	-5,122	-5,122	-5,116	-5,126	-5,122	-5,123	-5,125	-5,120	-5,120	-0,019	-0,011	0,001	0,011	0,010	0,006	0,007	0,003	0,002	0,000	-0,001	0,002	-0,002	0,005	0,001	0,058	10,884
9,000	-2,131	-2,117	-2,129	-2,121	-2,115	-2,105	-2,100	-2,099	-2,094	-2,093	-2,086	-2,076	-2,068	-2,044	-2,018	0,018	-0,006	0,004	0,018	0,016	0,016	0,018	0,020	0,023	0,026	0,030	0,037	0,046	0,048	0,037	0,048	12,839
10,000	-1,488	-1,499	-1,479	-1,444	-1,414	-1,400	-1,390	-1,385	-1,381	-1,382	-1,379	-1,374	-1,369	-1,356	-1,344	-0,006	0,035	0,042	0,057	0,055	0,046	0,040	0,032	0,022	0,021	0,022	0,023	0,023	0,027	0,020	0,053	13,572
11,000	-2,959	-2,945	-2,936	-2,910	-2,891	-2,880	-2,873	-2,869	-2,861	-2,855	-2,851	-2,845	-2,840	-2,829	-2,821	0,011	0,022	0,031	0,043	0,041	0,035	0,033	0,033	0,030	0,028	0,026	0,024	0,024	0,023	0,014	0,038	13,367
12,000	-4,420	-4,430	-4,412	-4,404	-4,386	-4,383	-4,383	-4,381	-4,377	-4,381	-4,377	-4,371	-4,362	-4,339	-4,313	0,007	0,016	0,023	0,025	0,025	0,019	0,017	0,016	0,016	0,016	0,023	0,033	0,040	0,048	0,036	0,065	12,825
13,000	-1,921	-1,917	-1,924	-1,914	-1,905	-1,901	-1,897	-1,895	-1,889	-1,894	-1,893	-1,886	-1,878	-1,856	-1,840	0,006	0,004	0,001	0,012	0,013	0,013	0,012	0,016	0,016	0,017	0,021	0,029	0,035	0,035	0,031	0,043	11,667
14,000	-3,325	-3,404	-3,414	-3,435	-3,429	-3,425	-3,426	-3,423	-3,421	-3,423	-3,419	-3,413	-3,405	-3,385	-3,364	-0,132	-0,089	-0,067	-0,023	-0,006	-0,002	0,003	0,006	0,008	0,011	0,018	0,026	0,034	0,038	0,030	0,051	11,558
15,000	-2,266	-2,289	-2,313	-2,308	-2,304	-2,304	-2,302	-2,300	-2,297	-2,302	-2,302	-2,301	-2,294	-2,287	-2,280	-0,060	-0,047	-0,033	-0,007	-0,003	-0,003	0,000	0,000	0,003	0,003	0,007	0,010	0,014	0,016	0,013	0,061	12,078
	run	12	2022:11:15    09:42:33,241
0,000	-3,768	-3,770	-3,755	-3,741	-3,733	-3,733	-3,732	-3,733	-3,733	-3,739	-3,739	-3,738	-3,736	-3,727	-3,720	-0,017	0,011	0,017	0,015	0,011	0,004	0,007	0,002	0,001	-0,000	0,003	0,008	0,010	0,014	0,011	0,045	10,920
1,000	-4,267	-4,162	-4,088	-3,964	-3,906	-3,873	-3,858	-3,849	-3,834	-3,829	-3,820	-3,814	-3,804	-3,790	-3,779	0,162	0,206	0,207	0,173	0,146	0,108	0,093	0,078	0,065	0,052	0,048	0,042	0,038	0,036	0,024	0,043	11,287
2,000	-2,751	-2,700	-2,659	-2,592	-2,553	-2,523	-2,506	-2,492	-2,478	-2,470	-2,459	-2,454	-2,447	-2,437	-2,429	0,096	0,113	0,117	0,111	0,104	0,088	0,080	0,069	0,061	0,048	0,043	0,036	0,030	0,025	0,015	0,034	11,748
3,000	-5,586	-5,582	-5,563	-5,469	-5,421	-5,392	-5,380	-5,374	-5,367	-5,370	-5,371	-5,365	-5,363	-5,350	-5,337	-0,001	0,052	0,085	0,112	0,099	0,070	0,056	0,046	0,034	0,024	0,022	0,024	0,022	0,028	0,022	0,079	12,576
4,000	-3,134	-3,162	-3,152	-3,125	-3,104	-3,092	-3,087	-3,080	-3,073	-3,071	-3,066	-3,054	-3,050	-3,029	-3,010	-0,080	-0,015	0,010	0,034	0,036	0,031	0,033	0,033	0,031	0,028	0,034	0,037	0,037	0,038	0,030	0,040	12,305
5,000	-3,465	-3,516	-3,528	-3,529	-3,519	-3,513	-3,512	-3,509	-3,506	-3,506	-3,502	-3,495	-3,484	-3,464	-3,438	-0,129	-0,079	-0,048	-0,006	0,005	0,006	0,012	0,012	0,013	0,018	0,027	0,035	0,040	0,049	0,038	0,049	11,250
6,000	-2,121	-2,149	-2,158	-2,148	-2,136	-2,121	-2,112	-2,109	-2,094	-2,098	-2,089	-2,088	-2,084	-2,077	-2,071	-0,068	-0,045	-0,022	0,020	0,032	0,028	0,032	0,028	0,021	0,017	0,014	0,016	0,015	0,017	0,009	0,027	11,587
7,000	-1,623	-1,644	-1,638	-1,654	-1,650	-1,655	-1,658	-1,658	-1,657	-1,660	-1,664	-1,666	-1,665	-1,660	-1,658	-0,038	-0,022	-0,018	-0,011	-0,006	-0,009	-0,009	-0,010	-0,005	-0,005	-0,003	-0,001	0,001	0,004	0,004	0,036	10,891
8,000	-5,171	-5,182	-5,185	-5,189	-5,177	-5,174	-5,173	-5,172	-5,167	-5,179	-5,175	-5,177	-5,181	-5,173	-5,171	-0,026	-0,011	-0,012	0,005	0,006	0,005	0,004	0,003	0,003	0,000	-0,002	0,003	0,003	0,004	0,002	0,060	10,928
9,000	-2,058	-2,047	-2,061	-2,050	-2,041	-2,036	-2,031	-2,026	-2,021	-2,022	-2,010	-2,009	-1,993	-1,971	-1,945	0,015	-0,002	0,003	0,014	0,024	0,017	0,021	0,020	0,023	0,025	0,032	0,038	0,040	0,047	0,036	0,048	12,832
10,000	-1,505	-1,515	-1,491	-1,460	-1,433	-1,414	-1,408	-1,401	-1,395	-1,396	-1,394	-1,397	-1,387	-1,372	-1,360	0,002	0,035	0,039	0,055	0,054	0,045	0,037	0,030	0,023	0,018	0,019	0,020	0,023	0,026	0,020	0,053	13,477
11,000	-2,965	-2,957	-2,942	-2,920	-2,902	-2,889	-2,883	-2,878	-2,869	-2,865	-2,858	-2,852	-2,849	-2,839	-2,830	0,011	0,024	0,029	0,041	0,040	0,037	0,036	0,032	0,031	0,025	0,026	0,025	0,022	0,021	0,014	0,039	13,396
12,000	-4,397	-4,403	-4,391	-4,377	-4,365	-4,359	-4,357	-4,356	-4,352	-4,354	-4,353	-4,347	-4,337	-4,315	-4,289	0,008	0,019	0,020	0,026	0,025	0,018	0,017	0,016	0,015	0,018	0,023	0,032	0,039	0,045	0,036	0,065	12,839
13,000	-1,941	-1,931	-1,943	-1,936	-1,924	-1,921	-1,917	-1,915	-1,908	-1,913	-1,909	-1,905	-1,892	-1,875	-1,857	0,004	0,001	0,004	0,018	0,014	0,014	0,016	0,015	0,015	0,017	0,022	0,030	0,036	0,039	0,031	0,042	11,667
14,000	-3,323	-3,404	-3,411	-3,435	-3,427	-3,425	-3,425	-3,423	-3,419	-3,423	-3,415	-3,413	-3,403	-3,383	-3,364	-0,132	-0,087	-0,071	-0,023	-0,009	-0,000	0,002	0,006	0,008	0,010	0,018	0,026	0,034	0,037	0,028	0,050	11,572
15,000	-2,278	-2,295	-2,321	-2,317	-2,313	-2,311	-2,309	-2,308	-2,306	-2,308	-2,309	-2,309	-2,301	-2,295	-2,287	-0,063	-0,046	-0,034	-0,007	-0,001	-0,002	0,001	0,001	0,003	0,004	0,005	0,009	0,014	0,015	0,013	0,061	12,026
	run	13	2022:11:15    09:42:33,289
0,000	-3,827	-3,832	-3,821	-3,808	-3,794	-3,795	-3,795	-3,795	-3,795	-3,798	-3,799	-3,797	-3,798	-3,788	-3,780	-0,019	0,011	0,017	0,014	0,013	0,006	0,004	0,002	0,003	0,001	0,003	0,010	0,012	0,016	0,012	0,047	10,964
1,000	-4,266	-4,158	-4,087	-3,964	-3,908	-3,871	-3,857	-3,843	-3,831	-3,827	-3,820	-3,810	-3,803	-3,788	-3,776	0,162	0,204	0,206	0,176	0,146	0,111	0,095	0,080	0,066	0,053	0,047	0,043	0,035	0,035	0,022	0,041	11,309
2,000	-2,751	-2,700	-2,659	-2,592	-2,553	-2,523	-2,506	-2,492	-2,478	-2,470	-2,459	-2,454	-2,447	-2,437	-2,429	0,096	0,113	0,117	0,111	0,104	0,088	0,080	0,069	0,061	0,048	0,043	0,036	0,030	0,025	0,015	0,034	11,748
3,000	-5,586	-5,582	-5,563	-5,469	-5,421	-5,392	-5,380	-5,374	-5,367	-5,370	-5,371	-5,365	-5,363	-5,350	-5,337	-0,001	0,052	0,085	0,112	0,099	0,070	0,056	0,046	0,034	0,024	0,022	0,024	0,022	0,028	0,022	0,079	12,576
4,000	-3,134	-3,162	-3,152	-3,125	-3,104	-3,092	-3,087	-3,080	-3,073	-3,071	-3,066	-3,054	-3,050	-3,029	-3,010	-0,080	-0,015	0,010	0,034	0,036	0,031	0,033	0,033	0,031	0,028	0,034	0,037	0,037	0,038	0,030	0,040	12,305
5,000	-3,465	-3,516	-3,528	-3,529	-3,519	-3,513	-3,512	-3,509	-3,506	-3,506	-3,502	-3,495	-3,484	-3,464	-3,438	-0,129	-0,079	-0,048	-0,006	0,005	0,006	0,012	0,012	0,013	0,018	0,027	0,035	0,040	0,049	0,038	0,049	11,250
6,000	-2,121	-2,149	-2,158	-2,148	-2,136	-2,121	-2,112	-2,109	-2,094	-2,098	-2,089	-2,088	-2,084	-2,077	-2,071	-0,068	-0,045	-0,022	0,020	0,032	0,028	0,032	0,028	0,021	0,017	0,014	0,016	0,015	0,017	0,009	0,027	11,587
7,000	-1,623	-1,644	-1,638	-1,654	-1,650	-1,655	-1,658	-1,658	-1,657	-1,660	-1,664	-1,666	-1,665	-1,660	-1,658	-0,038	-0,022	-0,018	-0,011	-0,006	-0,009	-0,009	-0,010	-0,005	-0,005	-0,003	-0,001	0,001	0,004	0,004	0,036	10,891
8,000	-5,120	-5,133	-5,134	-5,140	-5,128	-5,128	-5,125	-5,127	-5,123	-5,127	-5,130	-5,135	-5,132	-5,128	-5,129	-0,015	-0,011	-0,006	0,006	0,007	0,002	0,002	0,001	-0,000	-0,005	-0,002	-0,003	0,000	0,002	0,002	0,059	10,876
9,000	-2,065	-2,060	-2,072	-2,064	-2,050	-2,044	-2,039	-2,037	-2,034	-2,036	-2,023	-2,016	-2,007	-1,988	-1,954	0,012	-0,003	0,003	0,020	0,016	0,022	0,025	0,022	0,018	0,028	0,029	0,038	0,044	0,047	0,037	0,047	12,803
10,000	-1,500	-1,502	-1,480	-1,447	-1,420	-1,405	-1,395	-1,388	-1,383	-1,382	-1,381	-1,377	-1,373	-1,360	-1,348	-0,001	0,033	0,037	0,057	0,056	0,045	0,040	0,029	0,027	0,022	0,019	0,021	0,028	0,025	0,022	0,053	13,506
11,000	-2,961	-2,952	-2,942	-2,915	-2,894	-2,884	-2,878	-2,874	-2,864	-2,859	-2,853	-2,846	-2,842	-2,833	-2,825	0,009	0,027	0,033	0,045	0,044	0,035	0,035	0,033	0,030	0,027	0,026	0,023	0,024	0,021	0,016	0,038	13,389
12,000	-4,439	-4,449	-4,434	-4,422	-4,409	-4,404	-4,400	-4,400	-4,396	-4,399	-4,395	-4,389	-4,380	-4,357	-4,332	0,006	0,016	0,020	0,024	0,024	0,019	0,017	0,016	0,016	0,016	0,022	0,032	0,042	0,046	0,037	0,065	12,832
13,000	-1,929	-1,925	-1,935	-1,926	-1,916	-1,912	-1,910	-1,906	-1,902	-1,905	-1,903	-1,900	-1,888	-1,870	-1,851	0,002	-0,003	-0,001	0,016	0,012	0,013	0,013	0,015	0,013	0,019	0,022	0,026	0,031	0,037	0,031	0,042	11,675
14,000	-3,314	-3,392	-3,400	-3,427	-3,419	-3,416	-3,416	-3,413	-3,410	-3,412	-3,408	-3,402	-3,395	-3,376	-3,354	-0,129	-0,085	-0,070	-0,024	-0,010	-0,002	0,002	0,007	0,008	0,012	0,018	0,026	0,032	0,038	0,031	0,051	11,609
15,000	-2,279	-2,301	-2,327	-2,320	-2,319	-2,317	-2,316	-2,314	-2,310	-2,314	-2,313	-2,314	-2,305	-2,299	-2,292	-0,064	-0,049	-0,037	-0,007	-0,004	-0,003	0,001	0,001	0,003	0,004	0,007	0,009	0,016	0,016	0,012	0,061	12,078
	run	14	2022:11:15    09:42:33,391
0,000	-3,835	-3,843	-3,827	-3,814	-3,807	-3,806	-3,804	-3,805	-3,804	-3,810	-3,810	-3,810	-3,807	-3,799	-3,789	-0,021	0,008	0,019	0,015	0,010	0,004	0,003	0,002	0,001	-0,001	0,005	0,007	0,011	0,013	0,012	0,047	10,898
1,000	-4,299	-4,191	-4,116	-3,988	-3,930	-3,896	-3,877	-3,865	-3,854	-3,849	-3,839	-3,834	-3,823	-3,811	-3,799	0,171	0,210	0,213	0,182	0,149	0,113	0,095	0,081	0,066	0,054	0,048	0,044	0,036	0,034	0,024	0,041	11,243
2,000	-2,763	-2,709	-2,672	-2,603	-2,562	-2,536	-2,520	-2,507	-2,490	-2,481	-2,474	-2,465	-2,458	-2,448	-2,442	0,093	0,110	0,116	0,112	0,102	0,088	0,081	0,071	0,062	0,049	0,044	0,038	0,029	0,024	0,016	0,034	11,704
3,000	-5,625	-5,607	-5,589	-5,497	-5,449	-5,420	-5,409	-5,404	-5,394	-5,401	-5,399	-5,397	-5,394	-5,379	-5,365	-0,000	0,051	0,089	0,111	0,099	0,071	0,059	0,041	0,034	0,024	0,021	0,024	0,026	0,030	0,022	0,077	12,583
4,000	-3,127	-3,156	-3,144	-3,122	-3,101	-3,086	-3,081	-3,076	-3,072	-3,066	-3,060	-3,051	-3,039	-3,025	-3,005	-0,079	-0,018	0,008	0,031	0,033	0,033	0,032	0,032	0,029	0,029	0,033	0,037	0,037	0,040	0,031	0,041	12,305
5,000	-3,405	-3,465	-3,477	-3,472	-3,462	-3,456	-3,452	-3,449	-3,448	-3,449	-3,444	-3,438	-3,427	-3,405	-3,380	-0,131	-0,078	-0,047	-0,008	0,008	0,007	0,013	0,012	0,015	0,019	0,026	0,035	0,040	0,045	0,040	0,048	11,272
6,000	-2,118	-2,141	-2,155	-2,142	-2,127	-2,108	-2,107	-2,101	-2,095	-2,092	-2,086	-2,078	-2,077	-2,072	-2,065	-0,072	-0,043	-0,017	0,017	0,027	0,026	0,028	0,028	0,023	0,017	0,020	0,017	0,016	0,017	0,008	0,027	11,587
7,000	-1,632	-1,652	-1,649	-1,663	-1,659	-1,663	-1,665	-1,669	-1,670	-1,674	-1,673	-1,674	-1,675	-1,673	-1,671	-0,036	-0,025	-0,021	-0,012	-0,008	-0,010	-0,010	-0,014	-0,007	-0,007	-0,006	-0,002	0,001	0,004	0,002	0,036	10,950
8,000	-5,096	-5,117	-5,112	-5,112	-5,101	-5,101	-5,098	-5,101	-5,095	-5,106	-5,099	-5,103	-5,104	-5,097	-5,100	-0,024	-0,008	-0,007	0,003	0,011	0,006	0,003	0,003	0,005	-0,002	-0,001	0,004	0,002	0,004	0,003	0,059	10,928
9,000	-2,137	-2,127	-2,141	-2,127	-2,121	-2,115	-2,114	-2,109	-2,104	-2,102	-2,097	-2,084	-2,078	-2,057	-2,029	0,013	-0,007	0,000	0,019	0,017	0,012	0,020	0,021	0,020	0,027	0,030	0,038	0,046	0,049	0,039	0,049	12,861
10,000	-1,491	-1,497	-1,477	-1,440	-1,412	-1,396	-1,387	-1,379	-1,376	-1,379	-1,374	-1,372	-1,365	-1,351	-1,340	-0,001	0,032	0,042	0,060	0,055	0,047	0,040	0,030	0,027	0,020	0,018	0,021	0,025	0,028	0,020	0,053	13,572
11,000	-2,970	-2,958	-2,945	-2,919	-2,902	-2,888	-2,881	-2,877	-2,868	-2,864	-2,858	-2,852	-2,847	-2,837	-2,829	0,013	0,025	0,032	0,042	0,043	0,036	0,036	0,033	0,030	0,025	0,026	0,025	0,022	0,022	0,015	0,038	13,374
12,000	-4,426	-4,433	-4,421	-4,411	-4,394	-4,390	-4,389	-4,387	-4,385	-4,389	-4,384	-4,379	-4,369	-4,345	-4,321	0,010	0,020	0,020	0,025	0,022	0,017	0,016	0,014	0,016	0,017	0,023	0,031	0,040	0,045	0,037	0,065	12,825
13,000	-1,933	-1,924	-1,930	-1,924	-1,915	-1,911	-1,904	-1,906	-1,898	-1,905	-1,899	-1,895	-1,886	-1,870	-1,849	0,002	0,000	0,004	0,014	0,013	0,011	0,012	0,017	0,014	0,021	0,025	0,031	0,033	0,040	0,032	0,043	11,660
14,000	-3,323	-3,406	-3,415	-3,437	-3,431	-3,429	-3,428	-3,426	-3,421	-3,424	-3,419	-3,413	-3,407	-3,389	-3,367	-0,127	-0,091	-0,065	-0,025	-0,007	-0,001	0,003	0,007	0,009	0,012	0,018	0,024	0,032	0,037	0,030	0,051	11,558
15,000	-2,297	-2,317	-2,339	-2,334	-2,332	-2,331	-2,329	-2,329	-2,324	-2,327	-2,328	-2,325	-2,321	-2,312	-2,304	-0,060	-0,049	-0,032	-0,005	-0,002	-0,001	0,001	0,003	0,003	0,005	0,006	0,010	0,014	0,016	0,013	0,061	12,019
	run	15	2022:11:15    09:42:33,442
0,000	-3,835	-3,843	-3,827	-3,814	-3,807	-3,806	-3,804	-3,805	-3,804	-3,810	-3,810	-3,810	-3,807	-3,799	-3,789	-0,021	0,008	0,019	0,015	0,010	0,004	0,003	0,002	0,001	-0,001	0,005	0,007	0,011	0,013	0,012	0,047	10,898
1,000	-4,299	-4,191	-4,116	-3,988	-3,930	-3,896	-3,877	-3,865	-3,854	-3,849	-3,839	-3,834	-3,823	-3,811	-3,799	0,171	0,210	0,213	0,182	0,149	0,113	0,095	0,081	0,066	0,054	0,048	0,044	0,036	0,034	0,024	0,041	11,243
2,000	-2,763	-2,709	-2,672	-2,603	-2,562	-2,536	-2,520	-2,507	-2,490	-2,481	-2,474	-2,465	-2,458	-2,448	-2,442	0,093	0,110	0,116	0,112	0,102	0,088	0,081	0,071	0,062	0,049	0,044	0,038	0,029	0,024	0,016	0,034	11,704
3,000	-5,625	-5,607	-5,589	-5,497	-5,449	-5,420	-5,409	-5,404	-5,394	-5,401	-5,399	-5,397	-5,394	-5,379	-5,365	-0,000	0,051	0,089	0,111	0,099	0,071	0,059	0,041	0,034	0,024	0,021	0,024	0,026	0,030	0,022	0,077	12,583
4,000	-3,127	-3,156	-3,144	-3,122	-3,101	-3,086	-3,081	-3,076	-3,072	-3,066	-3,060	-3,051	-3,039	-3,025	-3,005	-0,079	-0,018	0,008	0,031	0,033	0,033	0,032	0,032	0,029	0,029	0,033	0,037	0,037	0,040	0,031	0,041	12,305
5,000	-3,405	-3,465	-3,477	-3,472	-3,462	-3,456	-3,452	-3,449	-3,448	-3,449	-3,444	-3,438	-3,427	-3,405	-3,380	-0,131	-0,078	-0,047	-0,008	0,008	0,007	0,013	0,012	0,015	0,019	0,026	0,035	0,040	0,045	0,040	0,048	11,272
6,000	-2,088	-2,126	-2,132	-2,129	-2,118	-2,102	-2,093	-2,088	-2,080	-2,077	-2,076	-2,068	-2,068	-2,061	-2,050	-0,072	-0,049	-0,025	0,016	0,026	0,029	0,027	0,028	0,025	0,022	0,021	0,024	0,015	0,015	0,011	0,026	11,682
7,000	-1,600	-1,624	-1,622	-1,633	-1,632	-1,635	-1,638	-1,641	-1,642	-1,644	-1,646	-1,647	-1,647	-1,644	-1,640	-0,035	-0,021	-0,022	-0,015	-0,010	-0,014	-0,012	-0,010	-0,010	-0,008	-0,003	-0,001	0,000	0,004	0,003	0,037	11,038
8,000	-5,124	-5,148	-5,137	-5,140	-5,131	-5,128	-5,127	-5,124	-5,123	-5,127	-5,130	-5,126	-5,129	-5,125	-5,124	-0,011	-0,010	-0,010	0,007	0,013	0,007	0,006	0,000	-0,001	-0,002	-0,001	0,001	-0,001	0,001	0,005	0,059	10,986
9,000	-2,076	-2,062	-2,074	-2,060	-2,058	-2,054	-2,049	-2,056	-2,041	-2,041	-2,032	-2,024	-2,012	-1,996	-1,970	0,014	-0,001	0,003	0,016	0,016	0,014	0,019	0,022	0,021	0,028	0,030	0,035	0,043	0,048	0,037	0,048	12,898
10,000	-1,508	-1,503	-1,484	-1,454	-1,425	-1,407	-1,401	-1,394	-1,389	-1,389	-1,388	-1,386	-1,377	-1,367	-1,355	-0,002	0,032	0,036	0,057	0,052	0,046	0,039	0,033	0,025	0,022	0,019	0,020	0,027	0,026	0,022	0,053	13,528
11,000	-2,966	-2,958	-2,944	-2,919	-2,901	-2,891	-2,883	-2,877	-2,869	-2,866	-2,860	-2,853	-2,846	-2,838	-2,830	0,007	0,025	0,032	0,039	0,041	0,037	0,034	0,031	0,030	0,025	0,026	0,024	0,021	0,020	0,015	0,038	13,389
12,000	-4,407	-4,412	-4,395	-4,385	-4,371	-4,365	-4,366	-4,364	-4,361	-4,362	-4,359	-4,354	-4,343	-4,321	-4,297	0,009	0,018	0,021	0,026	0,025	0,017	0,018	0,016	0,014	0,016	0,023	0,031	0,040	0,045	0,037	0,065	12,839
13,000	-1,939	-1,931	-1,940	-1,929	-1,922	-1,916	-1,912	-1,914	-1,908	-1,907	-1,904	-1,900	-1,890	-1,873	-1,855	0,001	0,002	-0,000	0,016	0,014	0,011	0,015	0,014	0,015	0,018	0,021	0,027	0,035	0,038	0,032	0,044	11,653
14,000	-3,346	-3,428	-3,436	-3,461	-3,451	-3,450	-3,449	-3,445	-3,443	-3,444	-3,442	-3,436	-3,428	-3,409	-3,386	-0,133	-0,090	-0,066	-0,024	-0,008	-0,002	0,004	0,008	0,009	0,010	0,019	0,026	0,034	0,039	0,031	0,051	11,580
15,000	-2,302	-2,324	-2,348	-2,342	-2,340	-2,338	-2,335	-2,333	-2,330	-2,335	-2,335	-2,333	-2,328	-2,319	-2,313	-0,058	-0,048	-0,033	-0,006	-0,002	-0,002	0,002	0,002	0,004	0,004	0,005	0,010	0,014	0,014	0,013	0,061	12,026
	run	16	2022:11:15    09:42:33,541
0,000	-3,883	-3,884	-3,867	-3,857	-3,846	-3,848	-3,847	-3,847	-3,847	-3,850	-3,854	-3,851	-3,850	-3,840	-3,830	-0,018	0,010	0,016	0,013	0,011	0,004	0,003	0,001	0,002	0,001	0,004	0,009	0,012	0,017	0,013	0,047	10,935
1,000	-4,326	-4,210	-4,139	-4,008	-3,948	-3,911	-3,892	-3,880	-3,867	-3,863	-3,853	-3,844	-3,836	-3,824	-3,811	0,173	0,212	0,215	0,186	0,156	0,119	0,101	0,085	0,069	0,057	0,049	0,043	0,038	0,035	0,023	0,041	11,243
2,000	-2,756	-2,708	-2,670	-2,603	-2,564	-2,535	-2,519	-2,507	-2,489	-2,485	-2,475	-2,467	-2,459	-2,452	-2,443	0,094	0,113	0,115	0,110	0,100	0,086	0,079	0,071	0,062	0,048	0,041	0,035	0,028	0,025	0,017	0,034	11,667
3,000	-5,561	-5,549	-5,533	-5,444	-5,393	-5,368	-5,360	-5,350	-5,342	-5,346	-5,346	-5,346	-5,342	-5,327	-5,314	-0,005	0,049	0,086	0,110	0,095	0,068	0,054	0,042	0,032	0,021	0,021	0,026	0,025	0,030	0,020	0,077	12,568
4,000	-3,116	-3,148	-3,137	-3,111	-3,090	-3,078	-3,072	-3,069	-3,060	-3,058	-3,052	-3,045	-3,037	-3,017	-2,994	-0,084	-0,019	0,004	0,035	0,034	0,033	0,032	0,028	0,029	0,027	0,032	0,038	0,037	0,041	0,029	0,041	12,297
5,000	-3,413	-3,467	-3,477	-3,476	-3,468	-3,461	-3,458	-3,458	-3,454	-3,454	-3,452	-3,444	-3,434	-3,413	-3,388	-0,128	-0,084	-0,050	-0,007	0,006	0,006	0,012	0,008	0,015	0,019	0,024	0,030	0,041	0,049	0,037	0,048	11,272
6,000	-2,094	-2,124	-2,135	-2,126	-2,108	-2,096	-2,089	-2,082	-2,075	-2,071	-2,069	-2,065	-2,063	-2,056	-2,051	-0,064	-0,048	-0,020	0,024	0,027	0,026	0,028	0,025	0,022	0,020	0,020	0,017	0,014	0,018	0,012	0,026	11,631
7,000	-1,603	-1,627	-1,626	-1,634	-1,633	-1,634	-1,639	-1,642	-1,642	-1,647	-1,647	-1,647	-1,646	-1,645	-1,641	-0,036	-0,021	-0,018	-0,014	-0,009	-0,010	-0,009	-0,008	-0,006	-0,009	-0,005	0,000	0,001	0,006	0,006	0,036	10,950
8,000	-5,109	-5,130	-5,123	-5,131	-5,119	-5,116	-5,120	-5,115	-5,109	-5,123	-5,121	-5,127	-5,125	-5,121	-5,119	-0,019	-0,007	-0,006	0,005	0,008	0,001	0,001	0,001	-0,000	-0,002	0,000	0,000	0,001	0,006	0,000	0,058	10,920
9,000	-2,043	-2,036	-2,044	-2,036	-2,027	-2,022	-2,012	-2,012	-2,003	-2,006	-1,999	-1,990	-1,982	-1,958	-1,938	0,018	-0,000	0,004	0,022	0,017	0,015	0,021	0,024	0,025	0,023	0,027	0,036	0,044	0,048	0,035	0,047	12,817
10,000	-1,500	-1,510	-1,485	-1,455	-1,426	-1,409	-1,401	-1,398	-1,392	-1,390	-1,391	-1,387	-1,381	-1,369	-1,354	-0,005	0,031	0,040	0,057	0,053	0,046	0,036	0,032	0,026	0,021	0,020	0,022	0,024	0,026	0,020	0,053	13,528
11,000	-2,976	-2,964	-2,952	-2,928	-2,909	-2,895	-2,890	-2,885	-2,873	-2,873	-2,867	-2,861	-2,855	-2,846	-2,839	0,011	0,026	0,030	0,045	0,043	0,037	0,034	0,032	0,030	0,026	0,026	0,024	0,021	0,021	0,016	0,039	13,396
12,000	-4,437	-4,444	-4,431	-4,421	-4,403	-4,397	-4,396	-4,395	-4,393	-4,395	-4,392	-4,386	-4,374	-4,354	-4,328	0,011	0,016	0,022	0,026	0,024	0,018	0,019	0,015	0,016	0,016	0,026	0,032	0,042	0,047	0,038	0,065	12,825
13,000	-1,935	-1,932	-1,940	-1,935	-1,925	-1,917	-1,916	-1,916	-1,910	-1,913	-1,908	-1,906	-1,893	-1,876	-1,855	0,001	-0,001	-0,000	0,014	0,013	0,013	0,016	0,014	0,017	0,018	0,019	0,027	0,031	0,035	0,030	0,043	11,682
14,000	-3,328	-3,412	-3,420	-3,444	-3,437	-3,436	-3,434	-3,430	-3,427	-3,431	-3,425	-3,420	-3,411	-3,392	-3,371	-0,131	-0,090	-0,068	-0,025	-0,010	-0,001	0,003	0,006	0,010	0,011	0,018	0,025	0,033	0,038	0,032	0,051	11,580
15,000	-2,300	-2,320	-2,345	-2,343	-2,338	-2,337	-2,336	-2,333	-2,330	-2,334	-2,333	-2,333	-2,327	-2,318	-2,311	-0,064	-0,046	-0,035	-0,005	-0,003	-0,002	0,002	0,002	0,002	0,004	0,007	0,010	0,016	0,016	0,013	0,061	12,056
	run	17	2022:11:15    09:42:33,641
0,000	-3,836	-3,840	-3,824	-3,812	-3,802	-3,802	-3,801	-3,804	-3,802	-3,808	-3,808	-3,806	-3,806	-3,796	-3,786	-0,022	0,011	0,018	0,015	0,013	0,005	0,003	0,002	0,001	0,001	0,004	0,009	0,013	0,015	0,011	0,047	10,876
1,000	-4,291	-4,182	-4,110	-3,984	-3,926	-3,892	-3,877	-3,866	-3,853	-3,848	-3,840	-3,831	-3,824	-3,809	-3,798	0,167	0,202	0,209	0,175	0,146	0,110	0,094	0,077	0,064	0,053	0,046	0,042	0,038	0,034	0,023	0,043	11,250
2,000	-2,727	-2,679	-2,641	-2,574	-2,538	-2,511	-2,496	-2,479	-2,465	-2,458	-2,447	-2,441	-2,434	-2,424	-2,417	0,092	0,111	0,115	0,108	0,102	0,086	0,078	0,069	0,058	0,051	0,043	0,035	0,029	0,025	0,014	0,035	11,733
3,000	-5,559	-5,550	-5,534	-5,446	-5,398	-5,366	-5,358	-5,353	-5,347	-5,353	-5,350	-5,345	-5,345	-5,328	-5,318	-0,010	0,044	0,082	0,106	0,094	0,062	0,056	0,044	0,033	0,021	0,022	0,023	0,024	0,028	0,018	0,078	12,605
4,000	-3,109	-3,144	-3,129	-3,103	-3,082	-3,072	-3,064	-3,060	-3,054	-3,051	-3,045	-3,036	-3,025	-3,006	-2,988	-0,078	-0,019	0,006	0,032	0,036	0,032	0,031	0,031	0,030	0,029	0,024	0,037	0,036	0,039	0,030	0,040	12,363
5,000	-3,421	-3,472	-3,487	-3,483	-3,474	-3,468	-3,467	-3,465	-3,460	-3,459	-3,455	-3,450	-3,439	-3,418	-3,393	-0,133	-0,078	-0,049	-0,008	0,007	0,008	0,012	0,010	0,016	0,019	0,023	0,033	0,038	0,046	0,036	0,048	11,309
6,000	-2,104	-2,136	-2,144	-2,142	-2,125	-2,112	-2,106	-2,097	-2,090	-2,090	-2,083	-2,082	-2,077	-2,070	-2,064	-0,074	-0,045	-0,023	0,021	0,025	0,025	0,026	0,027	0,029	0,017	0,022	0,024	0,017	0,015	0,010	0,027	11,667
7,000	-1,596	-1,617	-1,617	-1,629	-1,630	-1,632	-1,635	-1,639	-1,640	-1,643	-1,646	-1,645	-1,646	-1,642	-1,640	-0,039	-0,027	-0,018	-0,015	-0,010	-0,013	-0,011	-0,010	-0,010	-0,007	-0,005	-0,000	-0,000	0,002	0,003	0,036	11,008
8,000	-5,090	-5,103	-5,099	-5,109	-5,098	-5,091	-5,091	-5,089	-5,081	-5,093	-5,087	-5,095	-5,098	-5,088	-5,090	-0,014	-0,010	-0,000	0,005	0,007	0,002	0,003	0,004	-0,003	-0,004	0,001	0,004	0,004	0,001	0,000	0,057	10,928
9,000	-2,099	-2,091	-2,104	-2,095	-2,090	-2,080	-2,077	-2,079	-2,080	-2,070	-2,057	-2,053	-2,043	-2,023	-1,996	0,011	-0,012	0,001	0,016	0,015	0,018	0,018	0,016	0,023	0,025	0,033	0,037	0,040	0,049	0,038	0,048	12,876
10,000	-1,483	-1,492	-1,471	-1,442	-1,409	-1,394	-1,388	-1,381	-1,373	-1,374	-1,374	-1,373	-1,365	-1,353	-1,337	-0,009	0,029	0,039	0,055	0,054	0,045	0,036	0,033	0,024	0,021	0,020	0,021	0,022	0,024	0,025	0,053	13,586
11,000	-2,956	-2,947	-2,931	-2,905	-2,890	-2,878	-2,870	-2,867	-2,856	-2,854	-2,848	-2,842	-2,836	-2,826	-2,819	0,008	0,029	0,029	0,042	0,041	0,037	0,036	0,033	0,031	0,026	0,025	0,024	0,023	0,021	0,014	0,038	13,389
12,000	-4,419	-4,422	-4,411	-4,401	-4,385	-4,381	-4,378	-4,378	-4,374	-4,377	-4,376	-4,369	-4,359	-4,337	-4,311	0,005	0,019	0,021	0,026	0,023	0,019	0,015	0,016	0,015	0,017	0,025	0,032	0,041	0,045	0,037	0,065	12,839
13,000	-1,939	-1,928	-1,939	-1,930	-1,922	-1,920	-1,912	-1,913	-1,906	-1,909	-1,913	-1,903	-1,892	-1,873	-1,855	0,005	0,003	-0,002	0,014	0,012	0,017	0,014	0,019	0,013	0,018	0,023	0,029	0,031	0,039	0,032	0,043	11,660
14,000	-3,348	-3,432	-3,437	-3,462	-3,454	-3,451	-3,452	-3,449	-3,445	-3,448	-3,443	-3,438	-3,429	-3,411	-3,388	-0,129	-0,089	-0,069	-0,024	-0,008	-0,002	0,004	0,006	0,007	0,012	0,018	0,026	0,034	0,040	0,031	0,051	11,558
15,000	-2,310	-2,329	-2,351	-2,349	-2,343	-2,341	-2,341	-2,337	-2,335	-2,338	-2,338	-2,338	-2,333	-2,323	-2,315	-0,060	-0,045	-0,034	-0,007	-0,000	-0,001	0,002	0,002	0,002	0,006	0,006	0,009	0,014	0,016	0,014	0,061	12,004
	run	18	2022:11:15    09:42:33,689
0,000	-3,799	-3,800	-3,780	-3,770	-3,760	-3,758	-3,758	-3,760	-3,759	-3,764	-3,764	-3,764	-3,761	-3,752	-3,744	-0,016	0,008	0,017	0,014	0,011	0,003	0,004	0,004	0,003	-0,000	0,003	0,008	0,012	0,015	0,010	0,046	10,876
1,000	-4,271	-4,164	-4,093	-3,966	-3,912	-3,879	-3,865	-3,853	-3,840	-3,835	-3,826	-3,817	-3,809	-3,796	-3,786	0,167	0,205	0,208	0,174	0,144	0,110	0,093	0,079	0,066	0,053	0,046	0,041	0,036	0,035	0,022	0,041	11,265
2,000	-2,727	-2,679	-2,641	-2,574	-2,538	-2,511	-2,496	-2,479	-2,465	-2,458	-2,447	-2,441	-2,434	-2,424	-2,417	0,092	0,111	0,115	0,108	0,102	0,086	0,078	0,069	0,058	0,051	0,043	0,035	0,029	0,025	0,014	0,035	11,733
3,000	-5,559	-5,550	-5,534	-5,446	-5,398	-5,366	-5,358	-5,353	-5,347	-5,353	-5,350	-5,345	-5,345	-5,328	-5,318	-0,010	0,044	0,082	0,106	0,094	0,062	0,056	0,044	0,033	0,021	0,022	0,023	0,024	0,028	0,018	0,078	12,605
4,000	-3,109	-3,144	-3,129	-3,103	-3,082	-3,072	-3,064	-3,060	-3,054	-3,051	-3,045	-3,036	-3,025	-3,006	-2,988	-0,078	-0,019	0,006	0,032	0,036	0,032	0,031	0,031	0,030	0,029	0,024	0,037	0,036	0,039	0,030	0,040	12,363
5,000	-3,421	-3,472	-3,487	-3,483	-3,474	-3,468	-3,467	-3,465	-3,460	-3,459	-3,455	-3,450	-3,439	-3,418	-3,393	-0,133	-0,078	-0,049	-0,008	0,007	0,008	0,012	0,010	0,016	0,019	0,023	0,033	0,038	0,046	0,036	0,048	11,309
6,000	-2,104	-2,136	-2,144	-2,142	-2,125	-2,112	-2,106	-2,097	-2,090	-2,090	-2,083	-2,082	-2,077	-2,070	-2,064	-0,074	-0,045	-0,023	0,021	0,025	0,025	0,026	0,027	0,029	0,017	0,022	0,024	0,017	0,015	0,010	0,027	11,667
7,000	-1,596	-1,617	-1,617	-1,629	-1,630	-1,632	-1,635	-1,639	-1,640	-1,643	-1,646	-1,645	-1,646	-1,642	-1,640	-0,039	-0,027	-0,018	-0,015	-0,010	-0,013	-0,011	-0,010	-0,010	-0,007	-0,005	-0,000	-0,000	0,002	0,003	0,036	11,008
8,000	-5,125	-5,144	-5,140	-5,147	-5,133	-5,131	-5,130	-5,128	-5,124	-5,129	-5,128	-5,128	-5,133	-5,125	-5,124	-0,015	-0,009	-0,008	0,006	0,009	0,008	-0,000	0,008	0,010	-0,001	0,005	-0,005	0,000	0,007	0,003	0,059	10,964
9,000	-2,077	-2,058	-2,077	-2,068	-2,057	-2,048	-2,046	-2,043	-2,040	-2,040	-2,031	-2,024	-2,007	-1,985	-1,959	0,005	-0,013	-0,000	0,010	0,019	0,015	0,020	0,019	0,018	0,026	0,035	0,040	0,046	0,047	0,030	0,048	12,883
10,000	-1,494	-1,502	-1,480	-1,445	-1,420	-1,404	-1,394	-1,387	-1,383	-1,384	-1,390	-1,382	-1,371	-1,359	-1,348	-0,000	0,031	0,040	0,056	0,056	0,043	0,042	0,029	0,021	0,025	0,020	0,025	0,026	0,027	0,022	0,053	13,542
11,000	-2,959	-2,950	-2,932	-2,911	-2,893	-2,881	-2,874	-2,869	-2,861	-2,856	-2,851	-2,843	-2,842	-2,830	-2,820	0,011	0,028	0,031	0,043	0,043	0,033	0,034	0,030	0,030	0,026	0,027	0,025	0,023	0,022	0,017	0,038	13,403
12,000	-4,419	-4,425	-4,410	-4,401	-4,387	-4,382	-4,380	-4,378	-4,376	-4,378	-4,373	-4,371	-4,360	-4,338	-4,311	0,012	0,016	0,021	0,022	0,024	0,019	0,017	0,014	0,014	0,016	0,026	0,032	0,039	0,045	0,036	0,065	12,832
13,000	-1,932	-1,923	-1,936	-1,924	-1,916	-1,912	-1,907	-1,907	-1,902	-1,903	-1,906	-1,893	-1,887	-1,866	-1,847	0,005	0,004	0,002	0,014	0,015	0,012	0,015	0,013	0,014	0,017	0,015	0,029	0,034	0,039	0,032	0,043	11,660
14,000	-3,341	-3,426	-3,434	-3,459	-3,449	-3,449	-3,446	-3,445	-3,442	-3,445	-3,444	-3,435	-3,426	-3,406	-3,386	-0,133	-0,091	-0,073	-0,023	-0,008	-0,001	0,004	0,007	0,010	0,011	0,017	0,026	0,032	0,037	0,031	0,051	11,572
15,000	-2,293	-2,313	-2,339	-2,336	-2,330	-2,330	-2,328	-2,326	-2,322	-2,326	-2,325	-2,325	-2,320	-2,311	-2,304	-0,062	-0,046	-0,032	-0,005	-0,001	-0,001	0,003	0,002	0,003	0,004	0,009	0,010	0,014	0,015	0,013	0,061	12,026
	run	19	2022:11:15    09:42:33,790
0,000	-3,820	-3,821	-3,807	-3,795	-3,788	-3,785	-3,785	-3,785	-3,784	-3,789	-3,789	-3,788	-3,784	-3,776	-3,769	-0,020	0,009	0,015	0,015	0,011	0,006	0,004	0,003	0,004	0,001	0,005	0,010	0,012	0,017	0,013	0,048	10,986
1,000	-4,270	-4,163	-4,091	-3,963	-3,904	-3,870	-3,853	-3,843	-3,829	-3,823	-3,814	-3,808	-3,799	-3,786	-3,773	0,159	0,204	0,209	0,179	0,147	0,112	0,096	0,080	0,067	0,054	0,048	0,044	0,038	0,034	0,022	0,042	11,316
2,000	-2,741	-2,694	-2,655	-2,589	-2,551	-2,523	-2,507	-2,493	-2,478	-2,470	-2,461	-2,450	-2,448	-2,436	-2,430	0,094	0,108	0,115	0,107	0,101	0,086	0,079	0,068	0,061	0,047	0,042	0,036	0,030	0,024	0,015	0,035	11,719
3,000	-5,580	-5,571	-5,552	-5,461	-5,411	-5,384	-5,371	-5,368	-5,361	-5,366	-5,364	-5,363	-5,358	-5,343	-5,331	-0,004	0,044	0,087	0,109	0,097	0,068	0,056	0,046	0,032	0,021	0,021	0,022	0,023	0,029	0,021	0,078	12,590
4,000	-3,093	-3,131	-3,117	-3,087	-3,069	-3,056	-3,053	-3,046	-3,040	-3,038	-3,032	-3,021	-3,014	-2,997	-2,978	-0,081	-0,020	0,008	0,032	0,036	0,030	0,034	0,029	0,028	0,030	0,029	0,038	0,039	0,040	0,032	0,040	12,349
5,000	-3,454	-3,513	-3,522	-3,519	-3,512	-3,503	-3,503	-3,501	-3,499	-3,497	-3,494	-3,489	-3,475	-3,457	-3,430	-0,131	-0,076	-0,047	-0,006	0,005	0,008	0,014	0,010	0,012	0,016	0,028	0,033	0,039	0,047	0,038	0,048	11,250
6,000	-2,113	-2,145	-2,150	-2,146	-2,124	-2,109	-2,103	-2,100	-2,091	-2,086	-2,084	-2,079	-2,077	-2,068	-2,064	-0,067	-0,039	-0,024	0,020	0,028	0,028	0,031	0,026	0,026	0,018	0,018	0,026	0,016	0,015	0,014	0,029	11,587
7,000	-1,629	-1,649	-1,648	-1,654	-1,656	-1,661	-1,663	-1,662	-1,664	-1,669	-1,669	-1,669	-1,670	-1,669	-1,665	-0,036	-0,023	-0,018	-0,012	-0,009	-0,008	-0,009	-0,008	-0,008	-0,006	-0,002	-0,001	0,002	0,002	0,004	0,037	10,928
8,000	-5,110	-5,130	-5,125	-5,127	-5,119	-5,118	-5,119	-5,120	-5,112	-5,119	-5,124	-5,119	-5,122	-5,118	-5,116	-0,019	-0,008	-0,008	0,007	0,006	0,004	0,003	-0,001	0,001	-0,004	-0,007	0,000	0,003	-0,001	-0,004	0,059	10,891
9,000	-2,085	-2,076	-2,087	-2,076	-2,069	-2,062	-2,055	-2,056	-2,043	-2,050	-2,045	-2,032	-2,021	-1,999	-1,977	0,020	-0,003	0,001	0,021	0,020	0,016	0,021	0,022	0,023	0,029	0,032	0,041	0,039	0,045	0,035	0,048	12,788
10,000	-1,500	-1,512	-1,487	-1,453	-1,425	-1,409	-1,401	-1,396	-1,387	-1,392	-1,389	-1,385	-1,381	-1,366	-1,355	-0,003	0,032	0,045	0,057	0,056	0,049	0,038	0,030	0,025	0,024	0,017	0,020	0,023	0,024	0,025	0,053	13,506
11,000	-2,979	-2,970	-2,956	-2,931	-2,911	-2,900	-2,891	-2,888	-2,877	-2,873	-2,868	-2,861	-2,856	-2,848	-2,838	0,014	0,026	0,035	0,043	0,044	0,035	0,038	0,032	0,030	0,028	0,027	0,024	0,022	0,022	0,017	0,039	13,367
12,000	-4,427	-4,432	-4,422	-4,408	-4,393	-4,389	-4,386	-4,387	-4,383	-4,385	-4,380	-4,375	-4,365	-4,344	-4,317	0,008	0,019	0,022	0,025	0,024	0,018	0,017	0,015	0,014	0,018	0,025	0,032	0,041	0,045	0,036	0,065	12,810
13,000	-1,941	-1,936	-1,943	-1,933	-1,927	-1,922	-1,917	-1,913	-1,912	-1,913	-1,913	-1,909	-1,895	-1,879	-1,860	0,002	0,001	0,003	0,016	0,015	0,016	0,013	0,016	0,012	0,012	0,022	0,028	0,029	0,037	0,029	0,043	11,682
14,000	-3,313	-3,392	-3,398	-3,424	-3,418	-3,413	-3,412	-3,412	-3,406	-3,411	-3,405	-3,401	-3,391	-3,374	-3,351	-0,129	-0,088	-0,068	-0,020	-0,008	0,000	0,003	0,006	0,009	0,012	0,021	0,025	0,032	0,038	0,030	0,050	11,594
15,000	-2,266	-2,289	-2,314	-2,311	-2,308	-2,306	-2,305	-2,305	-2,301	-2,303	-2,306	-2,303	-2,298	-2,288	-2,281	-0,062	-0,048	-0,035	-0,008	-0,004	-0,002	0,002	0,001	0,005	0,004	0,006	0,010	0,014	0,016	0,013	0,061	12,063
	run	20	2022:11:15    09:42:33,841
0,000	-3,820	-3,821	-3,807	-3,795	-3,788	-3,785	-3,785	-3,785	-3,784	-3,789	-3,789	-3,788	-3,784	-3,776	-3,769	-0,020	0,009	0,015	0,015	0,011	0,006	0,004	0,003	0,004	0,001	0,005	0,010	0,012	0,017	0,013	0,048	10,986
1,000	-4,270	-4,163	-4,091	-3,963	-3,904	-3,870	-3,853	-3,843	-3,829	-3,823	-3,814	-3,808	-3,799	-3,786	-3,773	0,159	0,204	0,209	0,179	0,147	0,112	0,096	0,080	0,067	0,054	0,048	0,044	0,038	0,034	0,022	0,042	11,316
2,000	-2,741	-2,694	-2,655	-2,589	-2,551	-2,523	-2,507	-2,493	-2,478	-2,470	-2,461	-2,450	-2,448	-2,436	-2,430	0,094	0,108	0,115	0,107	0,101	0,086	0,079	0,068	0,061	0,047	0,042	0,036	0,030	0,024	0,015	0,035	11,719
3,000	-5,580	-5,571	-5,552	-5,461	-5,411	-5,384	-5,371	-5,368	-5,361	-5,366	-5,364	-5,363	-5,358	-5,343	-5,331	-0,004	0,044	0,087	0,109	0,097	0,068	0,056	0,046	0,032	0,021	0,021	0,022	0,023	0,029	0,021	0,078	12,590
4,000	-3,093	-3,131	-3,117	-3,087	-3,069	-3,056	-3,053	-3,046	-3,040	-3,038	-3,032	-3,021	-3,014	-2,997	-2,978	-0,081	-0,020	0,008	0,032	0,036	0,030	0,034	0,029	0,028	0,030	0,029	0,038	0,039	0,040	0,032	0,040	12,349
5,000	-3,454	-3,513	-3,522	-3,519	-3,512	-3,503	-3,503	-3,501	-3,499	-3,497	-3,494	-3,489	-3,475	-3,457	-3,430	-0,131	-0,076	-0,047	-0,006	0,005	0,008	0,014	0,010	0,012	0,016	0,028	0,033	0,039	0,047	0,038	0,048	11,250
6,000	-2,117	-2,150	-2,159	-2,145	-2,127	-2,119	-2,109	-2,104	-2,089	-2,098	-2,092	-2,088	-2,081	-2,074	-2,071	-0,073	-0,048	-0,027	0,017	0,021	0,027	0,026	0,026	0,023	0,015	0,026	0,014	0,017	0,015	0,002	0,026	11,616
7,000	-1,632	-1,651	-1,654	-1,659	-1,659	-1,663	-1,666	-1,668	-1,667	-1,672	-1,674	-1,673	-1,673	-1,671	-1,665	-0,041	-0,021	-0,018	-0,011	-0,010	-0,011	-0,008	-0,009	-0,005	-0,008	-0,002	0,000	0,002	0,005	0,005	0,037	10,935
8,000	-5,143	-5,158	-5,152	-5,158	-5,149	-5,144	-5,144	-5,143	-5,143	-5,150	-5,149	-5,146	-5,149	-5,148	-5,144	-0,020	-0,012	-0,011	0,005	0,008	0,004	0,006	0,001	-0,006	-0,008	-0,006	0,002	0,002	-0,001	0,001	0,059	10,884
9,000	-2,112	-2,096	-2,110	-2,099	-2,097	-2,089	-2,083	-2,081	-2,079	-2,075	-2,063	-2,055	-2,047	-2,026	-2,000	0,011	-0,011	0,007	0,015	0,018	0,019	0,018	0,022	0,021	0,028	0,029	0,033	0,042	0,045	0,038	0,047	12,847
10,000	-1,499	-1,506	-1,481	-1,451	-1,419	-1,404	-1,391	-1,388	-1,388	-1,381	-1,384	-1,377	-1,374	-1,362	-1,350	-0,002	0,032	0,044	0,058	0,056	0,045	0,039	0,034	0,022	0,022	0,017	0,018	0,028	0,030	0,024	0,053	13,535
11,000	-2,968	-2,960	-2,944	-2,921	-2,901	-2,892	-2,885	-2,877	-2,871	-2,866	-2,860	-2,855	-2,850	-2,839	-2,831	0,011	0,022	0,031	0,042	0,042	0,036	0,035	0,031	0,031	0,025	0,025	0,025	0,022	0,021	0,015	0,038	13,367
12,000	-4,434	-4,442	-4,426	-4,416	-4,402	-4,398	-4,397	-4,394	-4,390	-4,391	-4,392	-4,386	-4,374	-4,353	-4,327	0,009	0,017	0,022	0,025	0,023	0,018	0,015	0,015	0,014	0,014	0,022	0,032	0,039	0,046	0,037	0,065	12,810
13,000	-1,933	-1,924	-1,930	-1,924	-1,914	-1,907	-1,903	-1,901	-1,902	-1,900	-1,898	-1,892	-1,884	-1,865	-1,847	0,004	-0,004	0,000	0,016	0,014	0,012	0,015	0,018	0,012	0,018	0,022	0,025	0,035	0,036	0,031	0,042	11,653
14,000	-3,310	-3,395	-3,404	-3,430	-3,421	-3,418	-3,418	-3,413	-3,412	-3,417	-3,411	-3,406	-3,397	-3,379	-3,358	-0,128	-0,091	-0,067	-0,020	-0,008	-0,000	0,004	0,005	0,011	0,010	0,017	0,026	0,033	0,036	0,028	0,050	11,558
15,000	-2,269	-2,289	-2,312	-2,309	-2,306	-2,305	-2,303	-2,302	-2,298	-2,303	-2,303	-2,301	-2,294	-2,289	-2,279	-0,058	-0,048	-0,032	-0,006	-0,003	-0,003	0,001	0,002	0,001	0,003	0,006	0,010	0,013	0,015	0,013	0,061	12,034
	run	21	2022:11:15    09:42:33,942
0,000	-3,787	-3,795	-3,775	-3,764	-3,758	-3,754	-3,756	-3,754	-3,752	-3,759	-3,759	-3,758	-3,756	-3,748	-3,739	-0,022	0,011	0,017	0,017	0,011	0,005	0,005	0,002	0,002	-0,002	0,004	0,009	0,011	0,016	0,011	0,046	10,906
1,000	-4,273	-4,166	-4,090	-3,963	-3,908	-3,875	-3,859	-3,849	-3,836	-3,833	-3,822	-3,814	-3,807	-3,793	-3,783	0,165	0,207	0,209	0,176	0,146	0,111	0,094	0,078	0,065	0,054	0,047	0,042	0,038	0,034	0,023	0,041	11,257
2,000	-2,742	-2,690	-2,652	-2,585	-2,544	-2,517	-2,500	-2,486	-2,472	-2,463	-2,454	-2,446	-2,439	-2,427	-2,423	0,094	0,113	0,116	0,110	0,103	0,089	0,079	0,070	0,061	0,050	0,043	0,035	0,031	0,025	0,017	0,035	11,741
3,000	-5,580	-5,563	-5,546	-5,456	-5,406	-5,379	-5,367	-5,363	-5,356	-5,358	-5,357	-5,355	-5,350	-5,339	-5,321	-0,002	0,049	0,083	0,109	0,099	0,071	0,057	0,043	0,034	0,023	0,023	0,022	0,023	0,027	0,023	0,077	12,583
4,000	-3,118	-3,154	-3,136	-3,113	-3,092	-3,081	-3,078	-3,068	-3,061	-3,058	-3,050	-3,046	-3,039	-3,017	-2,999	-0,080	-0,018	0,008	0,031	0,036	0,032	0,031	0,031	0,028	0,028	0,033	0,034	0,038	0,041	0,031	0,040	12,334
5,000	-3,422	-3,481	-3,486	-3,487	-3,475	-3,473	-3,469	-3,465	-3,465	-3,464	-3,458	-3,453	-3,441	-3,421	-3,395	-0,131	-0,075	-0,044	-0,006	0,006	0,009	0,013	0,009	0,018	0,020	0,025	0,037	0,039	0,046	0,038	0,049	11,279
6,000	-2,108	-2,139	-2,156	-2,148	-2,131	-2,117	-2,110	-2,100	-2,092	-2,094	-2,089	-2,089	-2,082	-2,072	-2,067	-0,079	-0,048	-0,027	0,017	0,029	0,029	0,024	0,025	0,022	0,021	0,019	0,022	0,015	0,014	0,012	0,026	11,660
7,000	-1,620	-1,648	-1,644	-1,657	-1,652	-1,659	-1,659	-1,659	-1,664	-1,666	-1,670	-1,668	-1,668	-1,666	-1,662	-0,037	-0,023	-0,020	-0,011	-0,011	-0,011	-0,008	-0,008	-0,006	-0,006	-0,004	0,001	-0,000	0,003	0,002	0,037	10,986
8,000	-5,150	-5,177	-5,171	-5,176	-5,164	-5,162	-5,158	-5,156	-5,156	-5,162	-5,156	-5,162	-5,163	-5,161	-5,162	-0,023	-0,009	-0,003	0,005	0,009	0,008	0,003	0,001	-0,006	-0,005	-0,002	-0,003	0,003	0,004	0,004	0,059	10,920
9,000	-2,125	-2,109	-2,121	-2,114	-2,107	-2,100	-2,093	-2,094	-2,084	-2,093	-2,081	-2,069	-2,058	-2,040	-2,017	0,010	-0,003	0,002	0,019	0,021	0,018	0,026	0,022	0,020	0,029	0,029	0,036	0,041	0,048	0,031	0,049	12,817
10,000	-1,506	-1,509	-1,489	-1,453	-1,424	-1,411	-1,399	-1,396	-1,389	-1,390	-1,388	-1,387	-1,377	-1,362	-1,351	-0,002	0,035	0,041	0,060	0,058	0,048	0,042	0,029	0,026	0,018	0,019	0,021	0,025	0,028	0,025	0,053	13,506
11,000	-2,982	-2,976	-2,963	-2,938	-2,920	-2,906	-2,900	-2,895	-2,885	-2,883	-2,879	-2,870	-2,863	-2,853	-2,850	0,011	0,025	0,033	0,043	0,041	0,036	0,035	0,032	0,031	0,026	0,027	0,025	0,023	0,020	0,015	0,038	13,374
12,000	-4,430	-4,437	-4,422	-4,412	-4,397	-4,391	-4,393	-4,391	-4,386	-4,388	-4,386	-4,382	-4,370	-4,347	-4,322	0,008	0,019	0,021	0,026	0,025	0,016	0,017	0,014	0,015	0,018	0,022	0,030	0,040	0,047	0,038	0,065	12,817
13,000	-1,934	-1,928	-1,938	-1,926	-1,921	-1,914	-1,913	-1,907	-1,904	-1,903	-1,907	-1,901	-1,888	-1,869	-1,852	0,003	-0,004	-0,000	0,014	0,017	0,013	0,015	0,017	0,011	0,016	0,021	0,025	0,036	0,035	0,033	0,043	11,638
14,000	-3,309	-3,392	-3,400	-3,424	-3,417	-3,414	-3,416	-3,411	-3,409	-3,410	-3,407	-3,402	-3,393	-3,374	-3,353	-0,129	-0,088	-0,066	-0,024	-0,007	-0,003	0,002	0,006	0,009	0,010	0,020	0,026	0,033	0,039	0,031	0,050	11,572
15,000	-2,279	-2,302	-2,323	-2,322	-2,318	-2,317	-2,314	-2,314	-2,310	-2,314	-2,314	-2,313	-2,307	-2,299	-2,293	-0,062	-0,046	-0,034	-0,006	-0,001	-0,003	0,001	0,002	0,004	0,004	0,006	0,009	0,013	0,015	0,013	0,061	12,048
	run	22	2022:11:15    09:42:34,041
0,000	-3,841	-3,841	-3,826	-3,817	-3,803	-3,802	-3,804	-3,804	-3,801	-3,807	-3,808	-3,805	-3,804	-3,795	-3,786	-0,018	0,009	0,017	0,016	0,011	0,008	0,006	0,004	0,003	0,000	0,004	0,010	0,014	0,017	0,012	0,048	10,942
1,000	-4,286	-4,178	-4,108	-3,979	-3,922	-3,887	-3,871	-3,861	-3,846	-3,842	-3,834	-3,825	-3,817	-3,805	-3,791	0,165	0,204	0,210	0,177	0,148	0,112	0,096	0,079	0,066	0,054	0,048	0,044	0,038	0,034	0,024	0,042	11,279
2,000	-2,730	-2,679	-2,638	-2,575	-2,538	-2,509	-2,493	-2,481	-2,468	-2,460	-2,448	-2,440	-2,434	-2,425	-2,418	0,092	0,109	0,111	0,105	0,099	0,083	0,076	0,066	0,059	0,050	0,042	0,035	0,030	0,023	0,015	0,035	11,726
3,000	-5,542	-5,531	-5,517	-5,428	-5,380	-5,354	-5,341	-5,340	-5,328	-5,339	-5,336	-5,330	-5,327	-5,314	-5,301	-0,012	0,045	0,085	0,107	0,095	0,068	0,052	0,043	0,033	0,025	0,021	0,024	0,027	0,024	0,021	0,077	12,612
4,000	-3,079	-3,111	-3,100	-3,073	-3,055	-3,043	-3,035	-3,031	-3,024	-3,020	-3,014	-3,008	-2,999	-2,978	-2,958	-0,085	-0,019	0,007	0,031	0,036	0,031	0,032	0,030	0,031	0,028	0,032	0,034	0,039	0,042	0,030	0,041	12,371
5,000	-3,437	-3,493	-3,506	-3,504	-3,496	-3,489	-3,488	-3,485	-3,484	-3,482	-3,480	-3,471	-3,461	-3,440	-3,415	-0,132	-0,079	-0,049	-0,004	0,007	0,008	0,012	0,009	0,015	0,020	0,028	0,033	0,041	0,049	0,038	0,049	11,287
6,000	-2,108	-2,137	-2,147	-2,133	-2,121	-2,104	-2,101	-2,091	-2,090	-2,087	-2,074	-2,068	-2,069	-2,064	-2,057	-0,072	-0,042	-0,024	0,016	0,024	0,026	0,028	0,026	0,032	0,019	0,022	0,016	0,013	0,016	0,008	0,028	11,624
7,000	-1,618	-1,642	-1,637	-1,649	-1,649	-1,651	-1,654	-1,656	-1,659	-1,661	-1,664	-1,662	-1,660	-1,661	-1,659	-0,039	-0,021	-0,021	-0,013	-0,009	-0,010	-0,008	-0,010	-0,010	-0,008	-0,005	-0,001	-0,000	0,004	0,004	0,037	10,957
8,000	-5,117	-5,142	-5,137	-5,147	-5,137	-5,129	-5,128	-5,129	-5,121	-5,136	-5,141	-5,132	-5,136	-5,133	-5,131	-0,016	-0,008	-0,007	0,004	0,009	0,003	0,004	0,001	0,004	-0,004	0,003	0,002	-0,001	0,006	0,000	0,058	10,891
9,000	-2,086	-2,090	-2,094	-2,086	-2,079	-2,072	-2,065	-2,066	-2,056	-2,058	-2,047	-2,040	-2,028	-2,008	-1,986	0,012	-0,001	0,007	0,018	0,023	0,020	0,018	0,023	0,029	0,031	0,028	0,041	0,044	0,046	0,033	0,048	12,781
10,000	-1,508	-1,511	-1,494	-1,462	-1,430	-1,414	-1,406	-1,398	-1,390	-1,396	-1,392	-1,390	-1,384	-1,374	-1,358	-0,006	0,035	0,039	0,056	0,057	0,047	0,040	0,031	0,029	0,023	0,018	0,025	0,026	0,028	0,021	0,053	13,506
11,000	-2,987	-2,975	-2,960	-2,936	-2,918	-2,905	-2,897	-2,891	-2,885	-2,880	-2,873	-2,868	-2,862	-2,853	-2,844	0,012	0,027	0,034	0,045	0,041	0,039	0,036	0,034	0,030	0,026	0,025	0,024	0,022	0,021	0,014	0,039	13,381
12,000	-4,437	-4,442	-4,432	-4,419	-4,405	-4,400	-4,399	-4,397	-4,396	-4,397	-4,393	-4,387	-4,378	-4,355	-4,328	0,007	0,018	0,020	0,025	0,023	0,019	0,018	0,015	0,015	0,018	0,026	0,033	0,042	0,046	0,037	0,066	12,803
13,000	-1,941	-1,925	-1,938	-1,926	-1,921	-1,916	-1,908	-1,908	-1,908	-1,908	-1,903	-1,900	-1,890	-1,872	-1,851	0,001	-0,000	-0,001	0,014	0,013	0,012	0,016	0,017	0,014	0,016	0,022	0,027	0,032	0,037	0,029	0,044	11,675
14,000	-3,316	-3,397	-3,404	-3,431	-3,421	-3,418	-3,418	-3,416	-3,412	-3,417	-3,412	-3,407	-3,399	-3,379	-3,357	-0,129	-0,086	-0,069	-0,025	-0,009	-0,002	0,003	0,006	0,009	0,010	0,020	0,026	0,033	0,038	0,031	0,051	11,609
15,000	-2,287	-2,307	-2,331	-2,330	-2,323	-2,323	-2,321	-2,321	-2,316	-2,319	-2,321	-2,320	-2,313	-2,305	-2,299	-0,061	-0,048	-0,035	-0,007	-0,003	-0,001	0,002	0,003	0,004	0,004	0,006	0,010	0,014	0,014	0,013	0,061	12,078
	run	23	2022:11:15    09:42:34,092
0,000	-3,834	-3,837	-3,820	-3,810	-3,800	-3,798	-3,798	-3,797	-3,797	-3,803	-3,803	-3,803	-3,801	-3,791	-3,783	-0,021	0,008	0,020	0,016	0,011	0,004	0,003	0,002	0,002	0,000	0,005	0,008	0,012	0,017	0,014	0,047	10,891
1,000	-4,291	-4,184	-4,108	-3,980	-3,923	-3,889	-3,874	-3,860	-3,849	-3,843	-3,834	-3,826	-3,817	-3,804	-3,793	0,168	0,209	0,212	0,178	0,149	0,115	0,096	0,080	0,066	0,055	0,046	0,045	0,037	0,034	0,021	0,041	11,257
2,000	-2,730	-2,679	-2,638	-2,575	-2,538	-2,509	-2,493	-2,481	-2,468	-2,460	-2,448	-2,440	-2,434	-2,425	-2,418	0,092	0,109	0,111	0,105	0,099	0,083	0,076	0,066	0,059	0,050	0,042	0,035	0,030	0,023	0,015	0,035	11,726
3,000	-5,542	-5,531	-5,517	-5,428	-5,380	-5,354	-5,341	-5,340	-5,328	-5,339	-5,336	-5,330	-5,327	-5,314	-5,301	-0,012	0,045	0,085	0,107	0,095	0,068	0,052	0,043	0,033	0,025	0,021	0,024	0,027	0,024	0,021	0,077	12,612
4,000	-3,079	-3,111	-3,100	-3,073	-3,055	-3,043	-3,035	-3,031	-3,024	-3,020	-3,014	-3,008	-2,999	-2,978	-2,958	-0,085	-0,019	0,007	0,031	0,036	0,031	0,032	0,030	0,031	0,028	0,032	0,034	0,039	0,042	0,030	0,041	12,371
5,000	-3,437	-3,493	-3,506	-3,504	-3,496	-3,489	-3,488	-3,485	-3,484	-3,482	-3,480	-3,471	-3,461	-3,440	-3,415	-0,132	-0,079	-0,049	-0,004	0,007	0,008	0,012	0,009	0,015	0,020	0,028	0,033	0,041	0,049	0,038	0,049	11,287
6,000	-2,108	-2,137	-2,147	-2,133	-2,121	-2,104	-2,101	-2,091	-2,090	-2,087	-2,074	-2,068	-2,069	-2,064	-2,057	-0,072	-0,042	-0,024	0,016	0,024	0,026	0,028	0,026	0,032	0,019	0,022	0,016	0,013	0,016	0,008	0,028	11,624
7,000	-1,618	-1,642	-1,637	-1,649	-1,649	-1,651	-1,654	-1,656	-1,659	-1,661	-1,664	-1,662	-1,660	-1,661	-1,659	-0,039	-0,021	-0,021	-0,013	-0,009	-0,010	-0,008	-0,010	-0,010	-0,008	-0,005	-0,001	-0,000	0,004	0,004	0,037	10,957
8,000	-5,116	-5,131	-5,129	-5,137	-5,123	-5,121	-5,118	-5,119	-5,119	-5,123	-5,123	-5,119	-5,124	-5,118	-5,118	-0,011	-0,011	-0,009	0,008	0,009	0,004	0,004	0,005	0,009	-0,002	0,002	-0,001	0,004	0,005	0,003	0,059	10,928
9,000	-2,104	-2,096	-2,110	-2,097	-2,090	-2,081	-2,082	-2,079	-2,068	-2,074	-2,075	-2,051	-2,041	-2,027	-1,998	0,012	-0,003	-0,001	0,015	0,012	0,013	0,017	0,022	0,027	0,027	0,027	0,033	0,042	0,043	0,038	0,048	12,861
10,000	-1,500	-1,513	-1,485	-1,450	-1,419	-1,406	-1,394	-1,391	-1,386	-1,386	-1,384	-1,379	-1,377	-1,360	-1,348	-0,004	0,032	0,039	0,060	0,053	0,044	0,040	0,032	0,023	0,022	0,019	0,022	0,025	0,030	0,021	0,053	13,564
11,000	-2,973	-2,961	-2,950	-2,926	-2,907	-2,895	-2,887	-2,883	-2,872	-2,870	-2,862	-2,858	-2,853	-2,844	-2,836	0,009	0,028	0,031	0,041	0,042	0,037	0,036	0,033	0,031	0,028	0,026	0,022	0,023	0,022	0,016	0,038	13,359
12,000	-4,432	-4,436	-4,425	-4,413	-4,398	-4,393	-4,392	-4,390	-4,389	-4,390	-4,388	-4,381	-4,370	-4,348	-4,325	0,007	0,018	0,021	0,026	0,023	0,016	0,016	0,016	0,012	0,016	0,024	0,033	0,039	0,046	0,036	0,065	12,817
13,000	-1,939	-1,934	-1,943	-1,935	-1,924	-1,917	-1,916	-1,914	-1,907	-1,912	-1,910	-1,905	-1,893	-1,875	-1,856	0,002	0,001	0,005	0,014	0,012	0,015	0,015	0,016	0,012	0,018	0,020	0,026	0,035	0,039	0,034	0,044	11,653
14,000	-3,350	-3,430	-3,438	-3,463	-3,456	-3,452	-3,452	-3,447	-3,445	-3,448	-3,444	-3,438	-3,429	-3,411	-3,388	-0,130	-0,089	-0,069	-0,024	-0,008	-0,001	0,004	0,004	0,010	0,010	0,017	0,027	0,034	0,039	0,032	0,051	11,550
15,000	-2,301	-2,321	-2,344	-2,340	-2,338	-2,336	-2,331	-2,331	-2,331	-2,332	-2,333	-2,332	-2,325	-2,316	-2,311	-0,057	-0,047	-0,033	-0,004	-0,002	-0,001	0,001	0,002	0,004	0,004	0,007	0,010	0,014	0,016	0,013	0,061	12,004
	run	24	2022:11:15    09:42:34,189
0,000	-3,822	-3,824	-3,809	-3,798	-3,787	-3,786	-3,786	-3,785	-3,783	-3,790	-3,790	-3,790	-3,787	-3,778	-3,769	-0,018	0,012	0,018	0,015	0,011	0,005	0,006	0,002	0,001	0,001	0,005	0,009	0,012	0,014	0,013	0,048	10,891
1,000	-4,310	-4,200	-4,131	-4,004	-3,946	-3,910	-3,893	-3,885	-3,868	-3,866	-3,857	-3,851	-3,839	-3,827	-3,813	0,165	0,204	0,211	0,177	0,148	0,112	0,094	0,079	0,066	0,052	0,048	0,044	0,037	0,035	0,024	0,043	11,228
2,000	-2,754	-2,704	-2,663	-2,599	-2,560	-2,530	-2,511	-2,498	-2,484	-2,475	-2,466	-2,456	-2,451	-2,440	-2,434	0,095	0,112	0,117	0,110	0,102	0,086	0,077	0,071	0,061	0,052	0,042	0,036	0,031	0,027	0,015	0,035	11,719
3,000	-5,576	-5,567	-5,553	-5,463	-5,415	-5,383	-5,373	-5,367	-5,362	-5,366	-5,367	-5,361	-5,358	-5,344	-5,328	-0,014	0,045	0,084	0,109	0,098	0,068	0,060	0,043	0,034	0,019	0,021	0,023	0,026	0,030	0,019	0,077	12,576
4,000	-3,107	-3,139	-3,128	-3,096	-3,078	-3,068	-3,061	-3,058	-3,050	-3,047	-3,041	-3,034	-3,022	-3,007	-2,986	-0,085	-0,019	0,008	0,035	0,034	0,030	0,032	0,030	0,031	0,030	0,029	0,036	0,036	0,040	0,029	0,041	12,341
5,000	-3,418	-3,476	-3,488	-3,488	-3,475	-3,472	-3,470	-3,466	-3,463	-3,463	-3,461	-3,455	-3,442	-3,422	-3,396	-0,130	-0,076	-0,049	-0,006	0,006	0,006	0,013	0,008	0,016	0,018	0,027	0,034	0,040	0,045	0,037	0,049	11,287
6,000	-2,101	-2,131	-2,135	-2,129	-2,119	-2,103	-2,096	-2,091	-2,081	-2,082	-2,074	-2,072	-2,073	-2,067	-2,054	-0,070	-0,044	-0,022	0,017	0,026	0,027	0,026	0,027	0,024	0,019	0,018	0,017	0,016	0,018	0,013	0,028	11,675
7,000	-1,609	-1,632	-1,628	-1,641	-1,642	-1,641	-1,646	-1,646	-1,648	-1,655	-1,654	-1,656	-1,656	-1,654	-1,649	-0,040	-0,024	-0,021	-0,013	-0,012	-0,012	-0,009	-0,009	-0,007	-0,006	-0,005	-0,002	0,000	0,004	0,002	0,036	11,001
8,000	-5,112	-5,135	-5,121	-5,130	-5,117	-5,113	-5,115	-5,110	-5,108	-5,117	-5,117	-5,118	-5,119	-5,112	-5,111	-0,015	-0,014	-0,003	0,005	0,009	0,005	0,005	0,003	0,003	-0,003	0,003	0,003	0,004	0,001	0,003	0,058	10,957
9,000	-2,077	-2,065	-2,077	-2,072	-2,067	-2,059	-2,054	-2,051	-2,050	-2,045	-2,045	-2,029	-2,021	-1,997	-1,976	0,016	-0,007	0,006	0,012	0,017	0,018	0,018	0,020	0,021	0,026	0,031	0,033	0,042	0,047	0,033	0,048	12,891
10,000	-1,490	-1,499	-1,477	-1,447	-1,416	-1,402	-1,393	-1,386	-1,379	-1,385	-1,378	-1,380	-1,369	-1,356	-1,346	-0,003	0,031	0,038	0,056	0,055	0,045	0,039	0,032	0,024	0,023	0,019	0,018	0,025	0,025	0,020	0,053	13,550
11,000	-2,963	-2,951	-2,936	-2,915	-2,895	-2,884	-2,875	-2,871	-2,861	-2,858	-2,853	-2,847	-2,843	-2,832	-2,824	0,010	0,025	0,031	0,040	0,042	0,036	0,036	0,031	0,031	0,026	0,027	0,026	0,023	0,022	0,015	0,038	13,411
12,000	-4,425	-4,425	-4,413	-4,402	-4,389	-4,384	-4,380	-4,379	-4,377	-4,381	-4,377	-4,371	-4,362	-4,339	-4,314	0,009	0,021	0,024	0,028	0,024	0,018	0,017	0,015	0,016	0,017	0,025	0,032	0,041	0,046	0,038	0,065	12,847
13,000	-1,938	-1,934	-1,944	-1,932	-1,923	-1,920	-1,913	-1,915	-1,908	-1,911	-1,909	-1,905	-1,892	-1,877	-1,858	-0,001	0,002	-0,001	0,013	0,013	0,013	0,014	0,013	0,014	0,017	0,023	0,028	0,034	0,037	0,032	0,043	11,660
14,000	-3,360	-3,445	-3,450	-3,478	-3,467	-3,468	-3,467	-3,464	-3,459	-3,464	-3,460	-3,453	-3,446	-3,427	-3,404	-0,127	-0,090	-0,068	-0,024	-0,007	0,000	0,005	0,006	0,008	0,011	0,020	0,028	0,034	0,041	0,031	0,051	11,543
15,000	-2,304	-2,323	-2,344	-2,341	-2,339	-2,337	-2,334	-2,334	-2,330	-2,334	-2,332	-2,333	-2,327	-2,319	-2,311	-0,059	-0,046	-0,031	-0,005	-0,002	-0,001	0,003	0,002	0,003	0,005	0,006	0,008	0,014	0,015	0,014	0,061	12,019
	run	25	2022:11:15    09:42:34,242
0,000	-3,822	-3,824	-3,809	-3,798	-3,787	-3,786	-3,786	-3,785	-3,783	-3,790	-3,790	-3,790	-3,787	-3,778	-3,769	-0,018	0,012	0,018	0,015	0,011	0,005	0,006	0,002	0,001	0,001	0,005	0,009	0,012	0,014	0,013	0,048	10,891
1,000	-4,310	-4,200	-4,131	-4,004	-3,946	-3,910	-3,893	-3,885	-3,868	-3,866	-3,857	-3,851	-3,839	-3,827	-3,813	0,165	0,204	0,211	0,177	0,148	0,112	0,094	0,079	0,066	0,052	0,048	0,044	0,037	0,035	0,024	0,043	11,228
2,000	-2,754	-2,704	-2,663	-2,599	-2,560	-2,530	-2,511	-2,498	-2,484	-2,475	-2,466	-2,456	-2,451	-2,440	-2,434	0,095	0,112	0,117	0,110	0,102	0,086	0,077	0,071	0,061	0,052	0,042	0,036	0,031	0,027	0,015	0,035	11,719
3,000	-5,576	-5,567	-5,553	-5,463	-5,415	-5,383	-5,373	-5,367	-5,362	-5,366	-5,367	-5,361	-5,358	-5,344	-5,328	-0,014	0,045	0,084	0,109	0,098	0,068	0,060	0,043	0,034	0,019	0,021	0,023	0,026	0,030	0,019	0,077	12,576
4,000	-3,107	-3,139	-3,128	-3,096	-3,078	-3,068	-3,061	-3,058	-3,050	-3,047	-3,041	-3,034	-3,022	-3,007	-2,986	-0,085	-0,019	0,008	0,035	0,034	0,030	0,032	0,030	0,031	0,030	0,029	0,036	0,036	0,040	0,029	0,041	12,341
5,000	-3,418	-3,476	-3,488	-3,488	-3,475	-3,472	-3,470	-3,466	-3,463	-3,463	-3,461	-3,455	-3,442	-3,422	-3,396	-0,130	-0,076	-0,049	-0,006	0,006	0,006	0,013	0,008	0,016	0,018	0,027	0,034	0,040	0,045	0,037	0,049	11,287
6,000	-2,103	-2,130	-2,138	-2,137	-2,116	-2,099	-2,095	-2,086	-2,081	-2,078	-2,074	-2,072	-2,064	-2,061	-2,055	-0,076	-0,045	-0,026	0,021	0,026	0,025	0,028	0,026	0,022	0,019	0,017	0,020	0,018	0,015	0,008	0,027	11,631
7,000	-1,604	-1,627	-1,624	-1,635	-1,629	-1,632	-1,638	-1,640	-1,641	-1,647	-1,646	-1,646	-1,647	-1,645	-1,642	-0,036	-0,024	-0,017	-0,011	-0,013	-0,011	-0,009	-0,008	-0,008	-0,007	-0,007	-0,001	0,001	0,002	0,003	0,035	10,957
8,000	-5,104	-5,126	-5,121	-5,127	-5,119	-5,117	-5,111	-5,116	-5,110	-5,113	-5,115	-5,115	-5,120	-5,112	-5,116	-0,022	-0,011	-0,007	0,007	0,008	0,005	0,004	0,003	-0,000	-0,006	-0,000	-0,003	0,002	0,005	0,000	0,059	10,950
9,000	-2,035	-2,025	-2,034	-2,025	-2,015	-2,011	-2,006	-2,004	-1,998	-1,996	-1,995	-1,982	-1,970	-1,949	-1,925	0,013	-0,003	0,008	0,015	0,021	0,018	0,018	0,022	0,027	0,022	0,022	0,037	0,044	0,045	0,036	0,048	12,817
10,000	-1,493	-1,505	-1,482	-1,452	-1,417	-1,405	-1,398	-1,391	-1,384	-1,384	-1,384	-1,382	-1,375	-1,361	-1,352	-0,002	0,032	0,039	0,056	0,052	0,043	0,039	0,029	0,029	0,020	0,020	0,020	0,025	0,028	0,021	0,053	13,521
11,000	-2,958	-2,953	-2,937	-2,913	-2,893	-2,881	-2,874	-2,867	-2,859	-2,856	-2,850	-2,845	-2,839	-2,830	-2,821	0,012	0,023	0,032	0,041	0,043	0,034	0,035	0,032	0,031	0,027	0,023	0,024	0,024	0,021	0,015	0,038	13,396
12,000	-4,438	-4,444	-4,432	-4,419	-4,405	-4,398	-4,397	-4,396	-4,392	-4,397	-4,394	-4,387	-4,377	-4,355	-4,330	0,007	0,016	0,021	0,025	0,024	0,016	0,018	0,016	0,016	0,018	0,023	0,033	0,041	0,045	0,036	0,065	12,825
13,000	-1,944	-1,938	-1,943	-1,936	-1,928	-1,924	-1,919	-1,916	-1,914	-1,914	-1,912	-1,906	-1,899	-1,879	-1,860	-0,003	0,000	-0,001	0,017	0,017	0,014	0,014	0,016	0,014	0,014	0,022	0,027	0,034	0,035	0,032	0,043	11,667
14,000	-3,333	-3,415	-3,421	-3,449	-3,439	-3,437	-3,436	-3,433	-3,433	-3,433	-3,430	-3,426	-3,416	-3,397	-3,376	-0,129	-0,090	-0,070	-0,024	-0,008	-0,001	0,003	0,006	0,009	0,010	0,018	0,026	0,034	0,040	0,031	0,051	11,587
15,000	-2,305	-2,321	-2,345	-2,344	-2,339	-2,337	-2,334	-2,334	-2,331	-2,335	-2,334	-2,333	-2,328	-2,321	-2,311	-0,062	-0,049	-0,034	-0,006	-0,002	-0,001	0,002	0,002	0,003	0,004	0,008	0,010	0,015	0,016	0,013	0,062	12,048
	run	26	2022:11:15    09:42:34,341
0,000	-3,837	-3,837	-3,823	-3,812	-3,803	-3,799	-3,800	-3,801	-3,801	-3,804	-3,807	-3,804	-3,802	-3,793	-3,784	-0,018	0,009	0,016	0,014	0,012	0,005	0,003	0,003	0,001	0,000	0,003	0,009	0,011	0,013	0,012	0,048	10,906
1,000	-4,310	-4,201	-4,129	-4,003	-3,942	-3,907	-3,891	-3,879	-3,864	-3,863	-3,853	-3,844	-3,838	-3,822	-3,810	0,164	0,210	0,211	0,181	0,149	0,114	0,097	0,080	0,066	0,053	0,049	0,043	0,039	0,035	0,021	0,042	11,257
2,000	-2,765	-2,713	-2,674	-2,608	-2,570	-2,541	-2,524	-2,509	-2,495	-2,485	-2,476	-2,470	-2,461	-2,453	-2,447	0,093	0,110	0,116	0,110	0,104	0,088	0,082	0,071	0,061	0,051	0,044	0,035	0,030	0,027	0,016	0,035	11,704
3,000	-5,626	-5,608	-5,593	-5,502	-5,452	-5,420	-5,408	-5,404	-5,398	-5,400	-5,403	-5,398	-5,394	-5,380	-5,366	-0,001	0,052	0,088	0,114	0,099	0,071	0,059	0,046	0,034	0,024	0,020	0,024	0,025	0,028	0,021	0,077	12,561
4,000	-3,100	-3,132	-3,120	-3,092	-3,071	-3,061	-3,056	-3,049	-3,041	-3,041	-3,033	-3,024	-3,014	-2,999	-2,979	-0,082	-0,022	0,003	0,031	0,037	0,032	0,033	0,030	0,029	0,028	0,032	0,036	0,038	0,040	0,029	0,040	12,341
5,000	-3,447	-3,504	-3,513	-3,512	-3,500	-3,498	-3,496	-3,492	-3,489	-3,490	-3,486	-3,481	-3,467	-3,447	-3,420	-0,135	-0,077	-0,048	-0,008	0,007	0,008	0,011	0,011	0,015	0,020	0,027	0,035	0,043	0,046	0,038	0,049	11,257
6,000	-2,100	-2,130	-2,137	-2,132	-2,117	-2,101	-2,095	-2,083	-2,081	-2,080	-2,076	-2,071	-2,065	-2,059	-2,051	-0,075	-0,044	-0,019	0,019	0,030	0,030	0,026	0,027	0,024	0,012	0,018	0,020	0,014	0,015	0,010	0,027	11,602
7,000	-1,616	-1,636	-1,635	-1,647	-1,645	-1,650	-1,652	-1,654	-1,656	-1,659	-1,659	-1,660	-1,660	-1,658	-1,657	-0,037	-0,021	-0,021	-0,014	-0,011	-0,010	-0,009	-0,010	-0,008	-0,006	-0,007	-0,003	0,001	0,003	0,004	0,036	10,957
8,000	-5,093	-5,110	-5,103	-5,111	-5,099	-5,095	-5,091	-5,096	-5,086	-5,095	-5,096	-5,097	-5,096	-5,094	-5,090	-0,020	-0,008	-0,005	0,007	0,007	0,007	0,006	0,003	0,001	-0,005	0,002	0,001	-0,000	0,006	0,002	0,058	10,935
9,000	-2,099	-2,084	-2,097	-2,092	-2,087	-2,079	-2,078	-2,078	-2,071	-2,070	-2,058	-2,052	-2,046	-2,022	-1,998	0,014	-0,005	0,003	0,017	0,016	0,017	0,022	0,022	0,024	0,020	0,032	0,037	0,044	0,044	0,037	0,048	12,876
10,000	-1,497	-1,501	-1,480	-1,445	-1,419	-1,401	-1,392	-1,384	-1,379	-1,383	-1,384	-1,376	-1,370	-1,360	-1,346	-0,005	0,032	0,039	0,057	0,057	0,044	0,040	0,032	0,026	0,021	0,016	0,023	0,028	0,028	0,022	0,053	13,586
11,000	-2,968	-2,961	-2,947	-2,923	-2,905	-2,894	-2,885	-2,880	-2,869	-2,868	-2,863	-2,856	-2,852	-2,842	-2,832	0,013	0,025	0,032	0,043	0,043	0,035	0,036	0,032	0,032	0,027	0,027	0,026	0,023	0,022	0,015	0,038	13,381
12,000	-4,417	-4,423	-4,412	-4,399	-4,385	-4,381	-4,377	-4,377	-4,374	-4,377	-4,371	-4,367	-4,357	-4,336	-4,310	0,007	0,017	0,021	0,025	0,023	0,018	0,017	0,015	0,017	0,016	0,025	0,032	0,039	0,044	0,037	0,065	12,832
13,000	-1,928	-1,923	-1,934	-1,927	-1,918	-1,913	-1,907	-1,907	-1,899	-1,898	-1,901	-1,898	-1,888	-1,872	-1,846	-0,001	0,002	-0,001	0,017	0,013	0,014	0,014	0,016	0,013	0,018	0,020	0,024	0,037	0,038	0,031	0,043	11,667
14,000	-3,324	-3,404	-3,413	-3,440	-3,430	-3,428	-3,427	-3,425	-3,419	-3,423	-3,417	-3,415	-3,406	-3,387	-3,365	-0,136	-0,089	-0,067	-0,023	-0,005	-0,003	0,004	0,006	0,009	0,011	0,017	0,027	0,033	0,039	0,031	0,051	11,580
15,000	-2,293	-2,316	-2,339	-2,335	-2,333	-2,328	-2,328	-2,326	-2,323	-2,327	-2,325	-2,325	-2,319	-2,312	-2,303	-0,061	-0,046	-0,035	-0,007	-0,002	-0,000	-0,000	0,002	0,003	0,004	0,007	0,009	0,013	0,014	0,013	0,061	12,056
