Device: PM2003001		2022:11:15    09:43:26,587  (DLL version: 1.20;  Status: HW:v1.02 SW:v1.3 CRC:31ED BATTERY:4170mV ST:2 ERR:0010;  MUX data; S: 92 I:143 R:200.000 C:1.094p F:)
Excitation level, V:	1,50
Voltage Channel Gain:	10
Current Channel Gain:	1
Voltmeter Range, V:	0,3
Ampermeter Range, A:	15,0m
Step Period, ms:	5
R transimp:	200
C transimp:	1,1p
Measurement Table: 	EEPROM  16

Freq, Hz	1,0k	2,0k	3,0k	7,0k	11,0k	17,0k	23,0k	31,0k	43,0k	61,0k	89,0k	127,0k	179,0k	251,0k	349,0k	1,0k	2,0k	3,0k	7,0k	11,0k	17,0k	23,0k	31,0k	43,0k	61,0k	89,0k	127,0k	179,0k	251,0k	349,0k
	run	1	2022:11:15    09:43:26,590
MUX	Re1, ohm	Re2, ohm	Re3, ohm	Re4, ohm	Re5, ohm	Re6, ohm	Re7, ohm	Re8, ohm	Re9, ohm	Re10, ohm	Re11, ohm	Re12, ohm	Re13, ohm	Re14, ohm	Re15, ohm	Im1, ohm	Im2, ohm	Im3, ohm	Im4, ohm	Im5, ohm	Im6, ohm	Im7, ohm	Im8, ohm	Im9, ohm	Im10, ohm	Im11, ohm	Im12, ohm	Im13, ohm	Im14, ohm	Im15, ohm	U, V	I, mA

0,000	-3,737	-3,802	-3,813	-3,844	-3,846	-3,847	-3,851	-3,856	-3,854	-3,860	-3,861	-3,857	-3,854	-3,844	-3,834	-0,116	-0,083	-0,066	-0,039	-0,028	-0,021	-0,015	-0,013	-0,008	-0,005	-0,000	0,007	0,012	0,017	0,015	0,049	10,935
1,000	-4,192	-4,230	-4,233	-4,207	-4,175	-4,156	-4,148	-4,140	-4,130	-4,130	-4,122	-4,114	-4,107	-4,090	-4,077	-0,077	-0,033	-0,005	0,043	0,051	0,043	0,041	0,036	0,034	0,030	0,033	0,033	0,034	0,033	0,025	0,048	11,235
2,000	-2,697	-2,742	-2,744	-2,754	-2,735	-2,722	-2,712	-2,703	-2,689	-2,685	-2,675	-2,669	-2,661	-2,652	-2,641	-0,070	-0,045	-0,026	0,012	0,027	0,035	0,037	0,037	0,037	0,030	0,030	0,028	0,027	0,025	0,017	0,038	11,667
3,000	-5,510	-5,568	-5,581	-5,567	-5,532	-5,514	-5,506	-5,502	-5,498	-5,502	-5,499	-5,499	-5,493	-5,475	-5,459	-0,088	-0,053	-0,023	0,031	0,043	0,033	0,027	0,025	0,020	0,012	0,016	0,024	0,028	0,030	0,025	0,080	12,466
4,000	-3,055	-3,117	-3,128	-3,148	-3,145	-3,140	-3,138	-3,135	-3,131	-3,127	-3,122	-3,115	-3,104	-3,086	-3,062	-0,099	-0,073	-0,054	-0,018	-0,007	0,004	0,010	0,012	0,015	0,021	0,028	0,036	0,039	0,041	0,032	0,043	12,253
5,000	-3,456	-3,487	-3,489	-3,479	-3,467	-3,464	-3,461	-3,460	-3,456	-3,457	-3,452	-3,446	-3,437	-3,414	-3,388	-0,081	-0,039	-0,018	0,007	0,014	0,013	0,013	0,012	0,017	0,017	0,028	0,036	0,039	0,047	0,037	0,049	11,177
6,000	-2,150	-2,150	-2,142	-2,106	-2,081	-2,065	-2,053	-2,052	-2,042	-2,037	-2,028	-2,031	-2,025	-2,014	-2,011	-0,015	0,007	0,026	0,052	0,056	0,044	0,041	0,037	0,030	0,024	0,024	0,022	0,013	0,013	0,011	0,027	11,587
7,000	-1,641	-1,672	-1,675	-1,689	-1,687	-1,692	-1,694	-1,698	-1,696	-1,699	-1,704	-1,703	-1,705	-1,702	-1,699	-0,057	-0,039	-0,034	-0,019	-0,013	-0,014	-0,014	-0,008	-0,009	-0,008	-0,005	-0,000	-0,001	0,001	0,003	0,037	10,964
8,000	-5,151	-5,188	-5,194	-5,205	-5,192	-5,191	-5,189	-5,191	-5,187	-5,195	-5,195	-5,195	-5,195	-5,190	-5,192	-0,047	-0,034	-0,022	-0,006	0,002	-0,003	0,000	0,000	0,001	-0,005	-0,001	0,001	0,007	0,005	0,007	0,059	10,906
9,000	-2,097	-2,095	-2,106	-2,100	-2,093	-2,082	-2,079	-2,080	-2,078	-2,073	-2,065	-2,058	-2,047	-2,026	-2,001	-0,001	-0,016	-0,004	0,011	0,020	0,016	0,015	0,017	0,021	0,029	0,023	0,036	0,047	0,044	0,034	0,047	12,810
10,000	-1,505	-1,513	-1,493	-1,461	-1,434	-1,420	-1,409	-1,403	-1,396	-1,403	-1,399	-1,395	-1,389	-1,376	-1,365	-0,012	0,026	0,030	0,053	0,054	0,045	0,038	0,032	0,024	0,023	0,022	0,020	0,026	0,025	0,021	0,053	13,513
11,000	-2,962	-2,959	-2,952	-2,932	-2,916	-2,904	-2,897	-2,892	-2,883	-2,879	-2,875	-2,867	-2,862	-2,853	-2,844	-0,003	0,011	0,020	0,036	0,038	0,033	0,032	0,031	0,029	0,026	0,024	0,024	0,024	0,020	0,015	0,039	13,374
12,000	-4,403	-4,433	-4,423	-4,422	-4,409	-4,406	-4,405	-4,403	-4,401	-4,403	-4,402	-4,395	-4,384	-4,362	-4,337	-0,028	-0,012	-0,003	0,011	0,013	0,011	0,011	0,010	0,010	0,014	0,022	0,029	0,039	0,045	0,035	0,066	12,832
13,000	-1,936	-1,945	-1,958	-1,959	-1,950	-1,947	-1,940	-1,945	-1,938	-1,941	-1,936	-1,935	-1,923	-1,906	-1,885	-0,035	-0,025	-0,024	0,005	0,007	0,006	0,010	0,014	0,013	0,012	0,017	0,027	0,032	0,034	0,031	0,044	11,682
14,000	-3,301	-3,369	-3,362	-3,378	-3,367	-3,363	-3,361	-3,356	-3,355	-3,356	-3,353	-3,347	-3,339	-3,322	-3,303	-0,095	-0,050	-0,036	-0,007	0,004	0,006	0,009	0,011	0,012	0,012	0,019	0,027	0,034	0,037	0,030	0,050	11,609
15,000	-2,279	-2,267	-2,269	-2,250	-2,240	-2,237	-2,233	-2,232	-2,228	-2,230	-2,230	-2,232	-2,223	-2,218	-2,208	-0,003	0,012	0,013	0,020	0,016	0,011	0,011	0,010	0,009	0,009	0,010	0,012	0,016	0,016	0,013	0,059	12,056
	run	2	2022:11:15    09:43:26,641
0,000	-3,737	-3,802	-3,813	-3,844	-3,846	-3,847	-3,851	-3,856	-3,854	-3,860	-3,861	-3,857	-3,854	-3,844	-3,834	-0,116	-0,083	-0,066	-0,039	-0,028	-0,021	-0,015	-0,013	-0,008	-0,005	-0,000	0,007	0,012	0,017	0,015	0,049	10,935
1,000	-4,192	-4,230	-4,233	-4,207	-4,175	-4,156	-4,148	-4,140	-4,130	-4,130	-4,122	-4,114	-4,107	-4,090	-4,077	-0,077	-0,033	-0,005	0,043	0,051	0,043	0,041	0,036	0,034	0,030	0,033	0,033	0,034	0,033	0,025	0,048	11,235
2,000	-2,697	-2,742	-2,744	-2,754	-2,735	-2,722	-2,712	-2,703	-2,689	-2,685	-2,675	-2,669	-2,661	-2,652	-2,641	-0,070	-0,045	-0,026	0,012	0,027	0,035	0,037	0,037	0,037	0,030	0,030	0,028	0,027	0,025	0,017	0,038	11,667
3,000	-5,510	-5,568	-5,581	-5,567	-5,532	-5,514	-5,506	-5,502	-5,498	-5,502	-5,499	-5,499	-5,493	-5,475	-5,459	-0,088	-0,053	-0,023	0,031	0,043	0,033	0,027	0,025	0,020	0,012	0,016	0,024	0,028	0,030	0,025	0,080	12,466
4,000	-3,055	-3,117	-3,128	-3,148	-3,145	-3,140	-3,138	-3,135	-3,131	-3,127	-3,122	-3,115	-3,104	-3,086	-3,062	-0,099	-0,073	-0,054	-0,018	-0,007	0,004	0,010	0,012	0,015	0,021	0,028	0,036	0,039	0,041	0,032	0,043	12,253
5,000	-3,456	-3,487	-3,489	-3,479	-3,467	-3,464	-3,461	-3,460	-3,456	-3,457	-3,452	-3,446	-3,437	-3,414	-3,388	-0,081	-0,039	-0,018	0,007	0,014	0,013	0,013	0,012	0,017	0,017	0,028	0,036	0,039	0,047	0,037	0,049	11,177
6,000	-2,152	-2,157	-2,145	-2,117	-2,087	-2,070	-2,059	-2,050	-2,041	-2,036	-2,038	-2,034	-2,028	-2,022	-2,016	-0,028	0,010	0,021	0,052	0,055	0,046	0,041	0,042	0,032	0,029	0,023	0,018	0,014	0,018	0,014	0,027	11,580
7,000	-1,635	-1,660	-1,665	-1,680	-1,681	-1,684	-1,686	-1,687	-1,691	-1,694	-1,695	-1,696	-1,696	-1,691	-1,689	-0,057	-0,042	-0,031	-0,020	-0,015	-0,014	-0,010	-0,009	-0,007	-0,005	-0,006	-0,001	0,000	0,002	0,006	0,038	10,972
8,000	-5,155	-5,197	-5,194	-5,209	-5,201	-5,196	-5,195	-5,196	-5,196	-5,196	-5,200	-5,202	-5,205	-5,196	-5,199	-0,049	-0,033	-0,027	-0,003	-0,002	0,001	-0,000	-0,001	-0,006	-0,005	0,001	0,002	-0,001	0,004	0,000	0,059	10,920
9,000	-2,083	-2,079	-2,088	-2,085	-2,075	-2,071	-2,061	-2,062	-2,057	-2,057	-2,054	-2,043	-2,034	-2,011	-1,989	0,011	-0,010	-0,004	0,015	0,017	0,018	0,019	0,019	0,025	0,025	0,030	0,038	0,042	0,046	0,036	0,047	12,810
10,000	-1,497	-1,508	-1,490	-1,459	-1,429	-1,413	-1,406	-1,398	-1,395	-1,396	-1,392	-1,393	-1,383	-1,374	-1,362	-0,012	0,026	0,031	0,053	0,052	0,044	0,037	0,029	0,024	0,022	0,022	0,019	0,022	0,025	0,019	0,053	13,499
11,000	-2,941	-2,940	-2,929	-2,915	-2,894	-2,886	-2,878	-2,872	-2,865	-2,862	-2,856	-2,849	-2,844	-2,836	-2,829	-0,008	0,007	0,020	0,035	0,037	0,033	0,032	0,032	0,027	0,026	0,025	0,023	0,022	0,019	0,013	0,039	13,396
12,000	-4,371	-4,398	-4,391	-4,384	-4,373	-4,371	-4,368	-4,368	-4,364	-4,368	-4,365	-4,358	-4,349	-4,327	-4,302	-0,024	-0,008	-0,000	0,013	0,017	0,013	0,011	0,012	0,011	0,013	0,021	0,031	0,039	0,045	0,035	0,066	12,861
13,000	-1,907	-1,920	-1,930	-1,933	-1,923	-1,924	-1,916	-1,916	-1,911	-1,919	-1,913	-1,909	-1,896	-1,881	-1,864	-0,035	-0,029	-0,021	0,002	0,008	0,006	0,005	0,010	0,012	0,018	0,020	0,022	0,032	0,035	0,030	0,044	11,719
14,000	-3,265	-3,329	-3,318	-3,335	-3,323	-3,321	-3,317	-3,317	-3,315	-3,317	-3,313	-3,305	-3,298	-3,281	-3,261	-0,095	-0,050	-0,037	-0,007	0,003	0,007	0,010	0,010	0,010	0,013	0,019	0,025	0,032	0,036	0,030	0,050	11,653
15,000	-2,275	-2,266	-2,269	-2,250	-2,238	-2,235	-2,233	-2,232	-2,228	-2,233	-2,231	-2,229	-2,224	-2,215	-2,209	-0,004	0,006	0,010	0,019	0,016	0,013	0,012	0,009	0,007	0,009	0,009	0,013	0,017	0,016	0,013	0,059	12,129
	run	3	2022:11:15    09:43:26,742
0,000	-3,845	-3,911	-3,926	-3,957	-3,961	-3,967	-3,971	-3,972	-3,971	-3,978	-3,978	-3,977	-3,974	-3,963	-3,953	-0,111	-0,089	-0,072	-0,042	-0,029	-0,025	-0,017	-0,014	-0,009	-0,007	-0,001	0,007	0,014	0,019	0,015	0,050	10,928
1,000	-4,299	-4,334	-4,335	-4,303	-4,263	-4,243	-4,232	-4,224	-4,211	-4,209	-4,201	-4,193	-4,185	-4,168	-4,154	-0,066	-0,025	0,007	0,058	0,063	0,054	0,050	0,046	0,040	0,036	0,037	0,038	0,037	0,036	0,027	0,047	11,169
2,000	-2,776	-2,825	-2,827	-2,836	-2,816	-2,802	-2,791	-2,780	-2,768	-2,764	-2,755	-2,747	-2,741	-2,728	-2,718	-0,069	-0,043	-0,026	0,015	0,030	0,036	0,038	0,038	0,036	0,035	0,032	0,031	0,028	0,028	0,017	0,038	11,543
3,000	-5,574	-5,622	-5,638	-5,617	-5,583	-5,561	-5,557	-5,551	-5,545	-5,551	-5,551	-5,547	-5,544	-5,523	-5,506	-0,081	-0,046	-0,017	0,039	0,047	0,040	0,032	0,025	0,020	0,016	0,015	0,020	0,028	0,032	0,023	0,079	12,371
4,000	-3,061	-3,121	-3,131	-3,151	-3,147	-3,145	-3,142	-3,139	-3,135	-3,134	-3,129	-3,119	-3,110	-3,088	-3,068	-0,104	-0,074	-0,055	-0,020	-0,005	0,002	0,007	0,010	0,018	0,021	0,027	0,032	0,037	0,042	0,034	0,043	12,209
5,000	-3,468	-3,501	-3,504	-3,496	-3,484	-3,482	-3,477	-3,475	-3,473	-3,473	-3,469	-3,463	-3,453	-3,434	-3,405	-0,081	-0,038	-0,019	0,004	0,013	0,012	0,013	0,014	0,014	0,019	0,026	0,033	0,040	0,044	0,037	0,049	11,133
6,000	-2,155	-2,158	-2,142	-2,110	-2,084	-2,063	-2,060	-2,051	-2,042	-2,035	-2,034	-2,029	-2,022	-2,016	-2,013	-0,018	0,008	0,027	0,056	0,049	0,044	0,045	0,036	0,034	0,025	0,023	0,019	0,019	0,015	0,011	0,026	11,550
7,000	-1,644	-1,670	-1,672	-1,683	-1,687	-1,691	-1,695	-1,694	-1,696	-1,699	-1,702	-1,701	-1,701	-1,700	-1,696	-0,053	-0,038	-0,033	-0,019	-0,014	-0,012	-0,011	-0,009	-0,008	-0,009	-0,005	-0,002	0,001	0,002	0,002	0,038	10,964
8,000	-5,127	-5,162	-5,168	-5,180	-5,169	-5,168	-5,165	-5,166	-5,166	-5,172	-5,173	-5,170	-5,173	-5,169	-5,168	-0,042	-0,031	-0,025	-0,001	0,001	0,002	0,000	-0,001	-0,003	-0,007	-0,001	-0,001	0,003	0,004	0,003	0,059	10,906
9,000	-2,108	-2,103	-2,120	-2,111	-2,102	-2,095	-2,090	-2,090	-2,085	-2,084	-2,079	-2,067	-2,056	-2,037	-2,013	0,013	-0,009	0,000	0,014	0,016	0,016	0,017	0,021	0,026	0,023	0,031	0,035	0,048	0,047	0,037	0,048	12,810
10,000	-1,482	-1,491	-1,476	-1,445	-1,418	-1,401	-1,391	-1,385	-1,378	-1,381	-1,380	-1,379	-1,370	-1,359	-1,346	-0,017	0,027	0,029	0,053	0,051	0,042	0,037	0,030	0,025	0,020	0,018	0,020	0,024	0,027	0,019	0,053	13,557
11,000	-2,948	-2,949	-2,940	-2,922	-2,903	-2,893	-2,887	-2,883	-2,875	-2,871	-2,864	-2,859	-2,855	-2,844	-2,837	-0,008	0,007	0,020	0,037	0,034	0,033	0,033	0,029	0,028	0,025	0,024	0,023	0,021	0,021	0,015	0,039	13,418
12,000	-4,354	-4,378	-4,371	-4,368	-4,354	-4,351	-4,350	-4,350	-4,347	-4,351	-4,346	-4,338	-4,330	-4,310	-4,284	-0,027	-0,012	0,001	0,013	0,014	0,012	0,012	0,011	0,013	0,014	0,023	0,030	0,038	0,043	0,036	0,066	12,869
13,000	-1,912	-1,920	-1,941	-1,938	-1,933	-1,930	-1,925	-1,922	-1,915	-1,922	-1,919	-1,916	-1,906	-1,889	-1,872	-0,033	-0,025	-0,022	0,004	0,003	0,008	0,008	0,010	0,008	0,011	0,016	0,023	0,033	0,034	0,031	0,044	11,719
14,000	-3,268	-3,335	-3,326	-3,341	-3,329	-3,327	-3,324	-3,321	-3,321	-3,319	-3,316	-3,310	-3,303	-3,285	-3,265	-0,092	-0,050	-0,038	-0,006	0,003	0,007	0,009	0,012	0,012	0,016	0,021	0,025	0,033	0,037	0,028	0,049	11,667
15,000	-2,287	-2,278	-2,280	-2,263	-2,251	-2,249	-2,245	-2,244	-2,239	-2,243	-2,244	-2,241	-2,235	-2,226	-2,219	-0,003	0,009	0,009	0,021	0,016	0,012	0,013	0,011	0,009	0,009	0,010	0,012	0,017	0,017	0,015	0,059	12,129
	run	4	2022:11:15    09:43:26,841
0,000	-3,837	-3,901	-3,912	-3,945	-3,947	-3,952	-3,956	-3,957	-3,955	-3,962	-3,964	-3,962	-3,959	-3,949	-3,939	-0,112	-0,084	-0,067	-0,041	-0,030	-0,025	-0,019	-0,014	-0,009	-0,008	-0,001	0,007	0,013	0,019	0,015	0,049	10,847
1,000	-4,318	-4,349	-4,353	-4,321	-4,284	-4,264	-4,254	-4,244	-4,232	-4,233	-4,223	-4,215	-4,208	-4,190	-4,175	-0,067	-0,026	0,005	0,055	0,059	0,051	0,049	0,044	0,039	0,034	0,035	0,036	0,034	0,036	0,027	0,047	11,133
2,000	-2,751	-2,798	-2,798	-2,809	-2,788	-2,774	-2,763	-2,754	-2,742	-2,737	-2,726	-2,721	-2,712	-2,702	-2,692	-0,066	-0,043	-0,026	0,014	0,032	0,036	0,041	0,038	0,037	0,032	0,032	0,030	0,027	0,029	0,017	0,038	11,587
3,000	-5,560	-5,620	-5,629	-5,613	-5,580	-5,559	-5,550	-5,548	-5,539	-5,548	-5,547	-5,543	-5,536	-5,520	-5,504	-0,085	-0,048	-0,021	0,035	0,042	0,035	0,029	0,027	0,020	0,015	0,017	0,026	0,026	0,033	0,025	0,080	12,400
4,000	-3,056	-3,113	-3,127	-3,148	-3,143	-3,140	-3,136	-3,137	-3,128	-3,128	-3,123	-3,117	-3,104	-3,086	-3,059	-0,099	-0,071	-0,057	-0,021	-0,002	0,000	0,010	0,011	0,024	0,021	0,024	0,036	0,040	0,042	0,031	0,043	12,217
5,000	-3,417	-3,447	-3,448	-3,438	-3,427	-3,426	-3,424	-3,420	-3,418	-3,417	-3,415	-3,408	-3,397	-3,377	-3,350	-0,081	-0,042	-0,019	0,005	0,012	0,012	0,015	0,013	0,015	0,019	0,023	0,033	0,041	0,045	0,037	0,048	11,177
6,000	-2,103	-2,111	-2,102	-2,071	-2,042	-2,027	-2,021	-2,009	-2,001	-2,000	-1,994	-1,994	-1,989	-1,981	-1,978	-0,023	0,001	0,027	0,050	0,049	0,043	0,044	0,037	0,033	0,027	0,022	0,025	0,018	0,014	0,011	0,027	11,631
7,000	-1,582	-1,615	-1,620	-1,632	-1,633	-1,639	-1,642	-1,645	-1,644	-1,650	-1,651	-1,651	-1,654	-1,651	-1,648	-0,057	-0,041	-0,033	-0,023	-0,017	-0,017	-0,013	-0,014	-0,008	-0,007	-0,007	-0,003	-0,001	0,002	0,002	0,037	11,045
8,000	-5,087	-5,120	-5,119	-5,134	-5,121	-5,120	-5,120	-5,118	-5,116	-5,122	-5,122	-5,123	-5,124	-5,119	-5,118	-0,056	-0,031	-0,026	-0,006	-0,001	0,000	-0,003	0,005	0,004	-0,006	-0,002	0,001	-0,001	0,003	0,002	0,058	10,979
9,000	-2,052	-2,046	-2,061	-2,054	-2,048	-2,040	-2,040	-2,039	-2,033	-2,029	-2,023	-2,015	-2,009	-1,984	-1,963	0,004	-0,014	-0,003	0,009	0,014	0,014	0,014	0,019	0,022	0,023	0,032	0,034	0,039	0,045	0,035	0,047	12,891
10,000	-1,483	-1,487	-1,478	-1,445	-1,418	-1,403	-1,395	-1,385	-1,383	-1,385	-1,386	-1,382	-1,372	-1,362	-1,349	-0,013	0,024	0,029	0,052	0,051	0,043	0,038	0,027	0,021	0,020	0,018	0,019	0,023	0,022	0,020	0,053	13,579
11,000	-2,940	-2,935	-2,924	-2,908	-2,888	-2,878	-2,870	-2,868	-2,857	-2,855	-2,849	-2,842	-2,838	-2,830	-2,823	-0,006	0,009	0,017	0,037	0,036	0,033	0,033	0,032	0,027	0,025	0,024	0,023	0,021	0,021	0,013	0,039	13,433
12,000	-4,392	-4,411	-4,406	-4,404	-4,391	-4,387	-4,385	-4,384	-4,382	-4,387	-4,382	-4,376	-4,366	-4,345	-4,319	-0,027	-0,012	-0,000	0,012	0,013	0,012	0,012	0,012	0,012	0,016	0,022	0,030	0,039	0,044	0,038	0,066	12,854
13,000	-1,933	-1,942	-1,959	-1,956	-1,949	-1,944	-1,942	-1,944	-1,934	-1,937	-1,936	-1,934	-1,923	-1,906	-1,885	-0,033	-0,027	-0,020	0,002	0,005	0,008	0,010	0,011	0,012	0,015	0,019	0,024	0,033	0,037	0,030	0,044	11,682
14,000	-3,328	-3,395	-3,388	-3,402	-3,391	-3,386	-3,387	-3,384	-3,378	-3,381	-3,379	-3,371	-3,364	-3,346	-3,324	-0,093	-0,051	-0,038	-0,005	0,004	0,008	0,011	0,013	0,014	0,013	0,020	0,027	0,034	0,039	0,031	0,050	11,616
15,000	-2,329	-2,313	-2,316	-2,297	-2,287	-2,283	-2,280	-2,280	-2,276	-2,277	-2,277	-2,275	-2,271	-2,260	-2,253	-0,003	0,010	0,014	0,021	0,018	0,012	0,012	0,010	0,010	0,009	0,012	0,012	0,015	0,017	0,013	0,059	12,048
	run	5	2022:11:15    09:43:26,889
0,000	-3,848	-3,911	-3,921	-3,953	-3,956	-3,963	-3,963	-3,968	-3,965	-3,973	-3,973	-3,974	-3,970	-3,959	-3,950	-0,109	-0,085	-0,068	-0,042	-0,031	-0,025	-0,020	-0,015	-0,009	-0,007	-0,001	0,006	0,011	0,017	0,015	0,049	10,847
1,000	-4,275	-4,311	-4,314	-4,283	-4,248	-4,227	-4,217	-4,208	-4,198	-4,198	-4,187	-4,179	-4,172	-4,155	-4,139	-0,062	-0,029	0,007	0,053	0,058	0,051	0,046	0,044	0,040	0,034	0,034	0,035	0,036	0,036	0,026	0,046	11,140
2,000	-2,751	-2,798	-2,798	-2,809	-2,788	-2,774	-2,763	-2,754	-2,742	-2,737	-2,726	-2,721	-2,712	-2,702	-2,692	-0,066	-0,043	-0,026	0,014	0,032	0,036	0,041	0,038	0,037	0,032	0,032	0,030	0,027	0,029	0,017	0,038	11,587
3,000	-5,560	-5,620	-5,629	-5,613	-5,580	-5,559	-5,550	-5,548	-5,539	-5,548	-5,547	-5,543	-5,536	-5,520	-5,504	-0,085	-0,048	-0,021	0,035	0,042	0,035	0,029	0,027	0,020	0,015	0,017	0,026	0,026	0,033	0,025	0,080	12,400
4,000	-3,056	-3,113	-3,127	-3,148	-3,143	-3,140	-3,136	-3,137	-3,128	-3,128	-3,123	-3,117	-3,104	-3,086	-3,059	-0,099	-0,071	-0,057	-0,021	-0,002	0,000	0,010	0,011	0,024	0,021	0,024	0,036	0,040	0,042	0,031	0,043	12,217
5,000	-3,417	-3,447	-3,448	-3,438	-3,427	-3,426	-3,424	-3,420	-3,418	-3,417	-3,415	-3,408	-3,397	-3,377	-3,350	-0,081	-0,042	-0,019	0,005	0,012	0,012	0,015	0,013	0,015	0,019	0,023	0,033	0,041	0,045	0,037	0,048	11,177
6,000	-2,103	-2,111	-2,102	-2,071	-2,042	-2,027	-2,021	-2,009	-2,001	-2,000	-1,994	-1,994	-1,989	-1,981	-1,978	-0,023	0,001	0,027	0,050	0,049	0,043	0,044	0,037	0,033	0,027	0,022	0,025	0,018	0,014	0,011	0,027	11,631
7,000	-1,582	-1,615	-1,620	-1,632	-1,633	-1,639	-1,642	-1,645	-1,644	-1,650	-1,651	-1,651	-1,654	-1,651	-1,648	-0,057	-0,041	-0,033	-0,023	-0,017	-0,017	-0,013	-0,014	-0,008	-0,007	-0,007	-0,003	-0,001	0,002	0,002	0,037	11,045
8,000	-5,064	-5,101	-5,096	-5,107	-5,097	-5,095	-5,095	-5,096	-5,089	-5,096	-5,098	-5,100	-5,099	-5,095	-5,087	-0,048	-0,029	-0,028	-0,002	0,002	0,004	0,003	0,001	-0,003	-0,003	-0,001	0,000	0,002	0,003	0,002	0,058	11,030
9,000	-2,010	-2,006	-2,017	-2,015	-2,009	-2,010	-2,006	-2,001	-1,993	-1,997	-1,988	-1,978	-1,969	-1,949	-1,927	0,008	-0,019	-0,006	0,009	0,013	0,009	0,016	0,018	0,024	0,024	0,029	0,033	0,042	0,045	0,034	0,047	12,935
10,000	-1,492	-1,500	-1,483	-1,454	-1,426	-1,409	-1,404	-1,394	-1,392	-1,392	-1,389	-1,390	-1,382	-1,368	-1,356	-0,014	0,024	0,029	0,051	0,048	0,040	0,037	0,031	0,026	0,022	0,020	0,018	0,027	0,027	0,021	0,053	13,579
11,000	-2,954	-2,954	-2,945	-2,926	-2,909	-2,895	-2,888	-2,886	-2,875	-2,873	-2,867	-2,860	-2,857	-2,847	-2,837	-0,006	0,012	0,021	0,036	0,038	0,030	0,033	0,029	0,027	0,028	0,025	0,023	0,022	0,020	0,015	0,039	13,433
12,000	-4,419	-4,442	-4,434	-4,430	-4,417	-4,415	-4,414	-4,413	-4,410	-4,413	-4,411	-4,404	-4,395	-4,373	-4,347	-0,029	-0,009	-0,002	0,015	0,015	0,013	0,010	0,012	0,011	0,014	0,023	0,033	0,040	0,046	0,036	0,066	12,847
13,000	-1,946	-1,956	-1,972	-1,971	-1,962	-1,961	-1,955	-1,955	-1,950	-1,954	-1,948	-1,947	-1,935	-1,918	-1,898	-0,028	-0,025	-0,020	0,003	0,005	0,007	0,008	0,013	0,011	0,015	0,019	0,026	0,033	0,031	0,032	0,045	11,675
14,000	-3,370	-3,441	-3,426	-3,447	-3,432	-3,431	-3,427	-3,426	-3,423	-3,425	-3,421	-3,414	-3,405	-3,387	-3,367	-0,098	-0,053	-0,037	-0,008	0,005	0,006	0,009	0,011	0,013	0,013	0,020	0,026	0,034	0,038	0,032	0,051	11,565
15,000	-2,339	-2,325	-2,327	-2,307	-2,297	-2,292	-2,289	-2,288	-2,284	-2,287	-2,285	-2,285	-2,279	-2,271	-2,263	-0,004	0,011	0,013	0,023	0,018	0,013	0,015	0,013	0,009	0,008	0,009	0,013	0,017	0,017	0,014	0,059	12,034
	run	6	2022:11:15    09:43:26,990
0,000	-3,841	-3,898	-3,914	-3,944	-3,945	-3,950	-3,953	-3,957	-3,957	-3,962	-3,963	-3,962	-3,958	-3,950	-3,936	-0,113	-0,086	-0,069	-0,040	-0,030	-0,023	-0,018	-0,014	-0,009	-0,006	-0,001	0,007	0,011	0,017	0,016	0,049	10,876
1,000	-4,264	-4,298	-4,304	-4,271	-4,238	-4,216	-4,206	-4,197	-4,187	-4,185	-4,177	-4,168	-4,162	-4,146	-4,129	-0,065	-0,029	0,002	0,050	0,058	0,049	0,045	0,040	0,038	0,033	0,034	0,034	0,036	0,034	0,025	0,047	11,184
2,000	-2,714	-2,758	-2,762	-2,770	-2,754	-2,740	-2,731	-2,721	-2,711	-2,703	-2,692	-2,687	-2,679	-2,670	-2,662	-0,068	-0,046	-0,029	0,011	0,027	0,035	0,038	0,036	0,035	0,034	0,030	0,028	0,026	0,025	0,018	0,037	11,602
3,000	-5,454	-5,508	-5,525	-5,508	-5,479	-5,461	-5,454	-5,451	-5,446	-5,449	-5,450	-5,446	-5,442	-5,422	-5,408	-0,084	-0,051	-0,024	0,029	0,042	0,032	0,026	0,025	0,018	0,012	0,013	0,023	0,029	0,031	0,025	0,080	12,458
4,000	-3,002	-3,059	-3,074	-3,089	-3,087	-3,083	-3,078	-3,075	-3,071	-3,073	-3,066	-3,057	-3,045	-3,028	-3,006	-0,103	-0,072	-0,053	-0,017	-0,004	0,003	0,012	0,012	0,015	0,020	0,028	0,031	0,035	0,039	0,034	0,041	12,305
5,000	-3,389	-3,426	-3,424	-3,416	-3,408	-3,405	-3,401	-3,400	-3,396	-3,397	-3,392	-3,387	-3,379	-3,357	-3,332	-0,085	-0,039	-0,022	0,005	0,011	0,011	0,014	0,012	0,013	0,019	0,024	0,032	0,040	0,047	0,039	0,049	11,243
6,000	-2,098	-2,105	-2,099	-2,066	-2,040	-2,027	-2,014	-2,007	-1,999	-1,996	-1,990	-1,986	-1,979	-1,977	-1,971	-0,023	0,009	0,025	0,046	0,051	0,048	0,041	0,035	0,034	0,027	0,022	0,017	0,016	0,016	0,013	0,026	11,631
7,000	-1,577	-1,605	-1,614	-1,627	-1,631	-1,634	-1,636	-1,638	-1,641	-1,646	-1,645	-1,646	-1,647	-1,643	-1,645	-0,055	-0,040	-0,032	-0,019	-0,015	-0,015	-0,014	-0,012	-0,010	-0,009	-0,006	-0,004	0,002	0,002	0,002	0,037	11,030
8,000	-5,053	-5,096	-5,089	-5,108	-5,095	-5,095	-5,093	-5,094	-5,086	-5,098	-5,098	-5,097	-5,099	-5,092	-5,091	-0,052	-0,030	-0,024	-0,005	0,003	0,001	-0,002	0,000	-0,000	0,002	0,001	0,002	-0,000	0,004	0,001	0,058	11,008
9,000	-2,003	-1,995	-2,016	-2,014	-2,006	-1,999	-2,000	-1,997	-1,990	-1,987	-1,985	-1,974	-1,965	-1,946	-1,921	0,001	-0,015	-0,003	0,010	0,012	0,011	0,015	0,019	0,021	0,021	0,029	0,033	0,041	0,043	0,037	0,047	12,927
10,000	-1,488	-1,495	-1,476	-1,447	-1,422	-1,403	-1,397	-1,393	-1,388	-1,392	-1,384	-1,385	-1,377	-1,364	-1,352	-0,015	0,023	0,028	0,050	0,050	0,044	0,036	0,030	0,024	0,023	0,022	0,021	0,026	0,027	0,022	0,053	13,594
11,000	-2,954	-2,954	-2,946	-2,927	-2,905	-2,897	-2,887	-2,885	-2,876	-2,873	-2,868	-2,860	-2,855	-2,846	-2,839	-0,004	0,008	0,019	0,037	0,038	0,032	0,032	0,033	0,030	0,025	0,024	0,024	0,021	0,021	0,014	0,039	13,425
12,000	-4,443	-4,467	-4,457	-4,455	-4,440	-4,439	-4,436	-4,436	-4,433	-4,435	-4,434	-4,427	-4,415	-4,395	-4,369	-0,031	-0,008	-0,001	0,013	0,017	0,012	0,013	0,012	0,014	0,014	0,021	0,032	0,041	0,046	0,038	0,067	12,847
13,000	-1,957	-1,970	-1,986	-1,981	-1,975	-1,972	-1,968	-1,969	-1,960	-1,959	-1,962	-1,954	-1,946	-1,932	-1,913	-0,033	-0,025	-0,019	0,003	0,005	0,009	0,011	0,010	0,012	0,016	0,021	0,026	0,034	0,036	0,030	0,044	11,660
14,000	-3,379	-3,440	-3,437	-3,453	-3,438	-3,435	-3,433	-3,432	-3,427	-3,431	-3,426	-3,421	-3,411	-3,393	-3,372	-0,091	-0,047	-0,036	-0,006	0,006	0,007	0,009	0,010	0,014	0,014	0,020	0,025	0,035	0,040	0,029	0,050	11,572
15,000	-2,324	-2,312	-2,314	-2,298	-2,284	-2,281	-2,276	-2,276	-2,271	-2,273	-2,274	-2,272	-2,266	-2,259	-2,250	-0,003	0,010	0,014	0,021	0,017	0,012	0,013	0,012	0,009	0,009	0,010	0,013	0,016	0,018	0,014	0,059	12,034
	run	7	2022:11:15    09:43:27,041
0,000	-3,841	-3,898	-3,914	-3,944	-3,945	-3,950	-3,953	-3,957	-3,957	-3,962	-3,963	-3,962	-3,958	-3,950	-3,936	-0,113	-0,086	-0,069	-0,040	-0,030	-0,023	-0,018	-0,014	-0,009	-0,006	-0,001	0,007	0,011	0,017	0,016	0,049	10,876
1,000	-4,264	-4,298	-4,304	-4,271	-4,238	-4,216	-4,206	-4,197	-4,187	-4,185	-4,177	-4,168	-4,162	-4,146	-4,129	-0,065	-0,029	0,002	0,050	0,058	0,049	0,045	0,040	0,038	0,033	0,034	0,034	0,036	0,034	0,025	0,047	11,184
2,000	-2,714	-2,758	-2,762	-2,770	-2,754	-2,740	-2,731	-2,721	-2,711	-2,703	-2,692	-2,687	-2,679	-2,670	-2,662	-0,068	-0,046	-0,029	0,011	0,027	0,035	0,038	0,036	0,035	0,034	0,030	0,028	0,026	0,025	0,018	0,037	11,602
3,000	-5,454	-5,508	-5,525	-5,508	-5,479	-5,461	-5,454	-5,451	-5,446	-5,449	-5,450	-5,446	-5,442	-5,422	-5,408	-0,084	-0,051	-0,024	0,029	0,042	0,032	0,026	0,025	0,018	0,012	0,013	0,023	0,029	0,031	0,025	0,080	12,458
4,000	-3,002	-3,059	-3,074	-3,089	-3,087	-3,083	-3,078	-3,075	-3,071	-3,073	-3,066	-3,057	-3,045	-3,028	-3,006	-0,103	-0,072	-0,053	-0,017	-0,004	0,003	0,012	0,012	0,015	0,020	0,028	0,031	0,035	0,039	0,034	0,041	12,305
5,000	-3,389	-3,426	-3,424	-3,416	-3,408	-3,405	-3,401	-3,400	-3,396	-3,397	-3,392	-3,387	-3,379	-3,357	-3,332	-0,085	-0,039	-0,022	0,005	0,011	0,011	0,014	0,012	0,013	0,019	0,024	0,032	0,040	0,047	0,039	0,049	11,243
6,000	-2,111	-2,112	-2,106	-2,071	-2,050	-2,029	-2,022	-2,012	-2,012	-2,003	-1,988	-1,987	-1,993	-1,985	-1,977	-0,023	0,008	0,029	0,052	0,051	0,043	0,043	0,035	0,022	0,025	0,013	0,016	0,021	0,019	0,013	0,026	11,631
7,000	-1,606	-1,636	-1,640	-1,657	-1,658	-1,663	-1,665	-1,668	-1,667	-1,673	-1,673	-1,673	-1,676	-1,672	-1,667	-0,056	-0,039	-0,035	-0,019	-0,017	-0,014	-0,010	-0,012	-0,012	-0,009	-0,007	-0,002	0,001	0,004	0,003	0,037	11,008
8,000	-5,088	-5,121	-5,123	-5,138	-5,128	-5,122	-5,123	-5,118	-5,126	-5,129	-5,127	-5,127	-5,126	-5,121	-5,119	-0,049	-0,031	-0,026	-0,005	0,000	-0,002	0,004	-0,001	-0,002	0,001	0,001	0,001	0,001	0,006	-0,000	0,059	10,972
9,000	-2,056	-2,043	-2,060	-2,060	-2,051	-2,044	-2,041	-2,044	-2,039	-2,034	-2,022	-2,025	-2,010	-1,992	-1,965	0,003	-0,015	-0,000	0,013	0,015	0,013	0,017	0,018	0,024	0,024	0,026	0,035	0,039	0,041	0,032	0,047	12,883
10,000	-1,489	-1,503	-1,482	-1,454	-1,430	-1,412	-1,402	-1,396	-1,386	-1,391	-1,385	-1,388	-1,381	-1,369	-1,358	-0,017	0,021	0,029	0,049	0,053	0,041	0,038	0,031	0,026	0,020	0,021	0,023	0,025	0,025	0,018	0,053	13,550
11,000	-2,957	-2,960	-2,945	-2,924	-2,907	-2,897	-2,890	-2,886	-2,877	-2,874	-2,865	-2,860	-2,855	-2,847	-2,837	-0,007	0,011	0,020	0,038	0,037	0,034	0,033	0,032	0,030	0,027	0,025	0,024	0,022	0,021	0,014	0,039	13,396
12,000	-4,434	-4,464	-4,456	-4,452	-4,441	-4,437	-4,436	-4,437	-4,434	-4,435	-4,434	-4,427	-4,418	-4,395	-4,370	-0,030	-0,012	-0,004	0,013	0,014	0,013	0,011	0,010	0,013	0,014	0,022	0,029	0,041	0,046	0,036	0,066	12,832
13,000	-1,959	-1,965	-1,984	-1,981	-1,973	-1,969	-1,965	-1,964	-1,958	-1,964	-1,959	-1,956	-1,946	-1,927	-1,907	-0,032	-0,025	-0,020	0,003	0,008	0,007	0,009	0,012	0,014	0,014	0,020	0,024	0,031	0,035	0,028	0,044	11,660
14,000	-3,350	-3,416	-3,406	-3,423	-3,411	-3,407	-3,404	-3,401	-3,397	-3,400	-3,397	-3,391	-3,384	-3,364	-3,344	-0,092	-0,052	-0,038	-0,006	0,005	0,007	0,013	0,011	0,013	0,014	0,018	0,027	0,032	0,038	0,030	0,050	11,565
15,000	-2,309	-2,297	-2,297	-2,279	-2,268	-2,266	-2,260	-2,258	-2,256	-2,259	-2,258	-2,256	-2,252	-2,242	-2,235	-0,000	0,012	0,014	0,021	0,019	0,012	0,013	0,011	0,009	0,008	0,009	0,013	0,016	0,016	0,015	0,059	12,034
	run	8	2022:11:15    09:43:27,142
0,000	-3,754	-3,813	-3,829	-3,858	-3,858	-3,864	-3,866	-3,868	-3,868	-3,873	-3,872	-3,871	-3,869	-3,859	-3,848	-0,114	-0,084	-0,068	-0,040	-0,028	-0,022	-0,017	-0,013	-0,008	-0,006	0,000	0,007	0,013	0,015	0,013	0,049	10,950
1,000	-4,175	-4,215	-4,220	-4,194	-4,162	-4,144	-4,135	-4,125	-4,115	-4,116	-4,108	-4,101	-4,092	-4,076	-4,062	-0,070	-0,033	-0,003	0,045	0,052	0,041	0,041	0,036	0,035	0,031	0,032	0,033	0,034	0,034	0,025	0,047	11,243
2,000	-2,670	-2,713	-2,719	-2,730	-2,713	-2,699	-2,690	-2,682	-2,667	-2,662	-2,656	-2,648	-2,641	-2,629	-2,621	-0,065	-0,044	-0,027	0,011	0,028	0,032	0,035	0,036	0,038	0,032	0,030	0,029	0,026	0,026	0,017	0,037	11,689
3,000	-5,421	-5,473	-5,486	-5,472	-5,444	-5,427	-5,419	-5,414	-5,408	-5,419	-5,415	-5,413	-5,406	-5,392	-5,374	-0,090	-0,053	-0,025	0,030	0,040	0,030	0,026	0,023	0,016	0,014	0,014	0,021	0,025	0,032	0,025	0,078	12,510
4,000	-3,004	-3,063	-3,074	-3,094	-3,084	-3,084	-3,079	-3,078	-3,077	-3,071	-3,066	-3,060	-3,047	-3,029	-3,006	-0,106	-0,074	-0,055	-0,015	-0,004	0,003	0,010	0,013	0,016	0,019	0,022	0,034	0,038	0,044	0,032	0,043	12,312
5,000	-3,391	-3,425	-3,426	-3,417	-3,407	-3,404	-3,401	-3,399	-3,396	-3,398	-3,390	-3,386	-3,376	-3,355	-3,328	-0,079	-0,042	-0,018	0,004	0,011	0,010	0,012	0,011	0,013	0,018	0,026	0,033	0,042	0,047	0,037	0,049	11,257
6,000	-2,131	-2,134	-2,126	-2,094	-2,067	-2,056	-2,043	-2,032	-2,026	-2,022	-2,023	-2,014	-2,010	-2,004	-2,000	-0,027	0,007	0,028	0,050	0,048	0,043	0,039	0,034	0,031	0,025	0,021	0,017	0,019	0,014	0,013	0,028	11,660
7,000	-1,635	-1,664	-1,669	-1,677	-1,681	-1,685	-1,689	-1,688	-1,690	-1,695	-1,698	-1,696	-1,697	-1,695	-1,688	-0,058	-0,042	-0,031	-0,021	-0,015	-0,010	-0,009	-0,009	-0,009	-0,009	-0,005	-0,002	-0,001	0,002	0,004	0,038	11,016
8,000	-5,167	-5,201	-5,203	-5,214	-5,209	-5,204	-5,203	-5,204	-5,208	-5,205	-5,203	-5,209	-5,207	-5,200	-5,202	-0,045	-0,031	-0,027	-0,003	0,000	0,001	-0,000	-0,001	-0,006	-0,007	-0,013	0,002	-0,005	0,006	0,003	0,060	10,906
9,000	-2,125	-2,111	-2,133	-2,126	-2,120	-2,108	-2,107	-2,108	-2,101	-2,099	-2,090	-2,081	-2,074	-2,047	-2,021	0,004	-0,009	-0,003	0,013	0,016	0,015	0,020	0,018	0,021	0,021	0,027	0,041	0,040	0,042	0,035	0,047	12,810
10,000	-1,502	-1,511	-1,491	-1,460	-1,432	-1,415	-1,407	-1,401	-1,399	-1,395	-1,396	-1,393	-1,385	-1,370	-1,363	-0,011	0,027	0,037	0,054	0,054	0,043	0,037	0,032	0,023	0,020	0,015	0,026	0,024	0,029	0,021	0,053	13,506
11,000	-2,992	-2,990	-2,977	-2,959	-2,940	-2,928	-2,921	-2,913	-2,907	-2,905	-2,899	-2,892	-2,886	-2,877	-2,869	-0,004	0,011	0,020	0,036	0,037	0,034	0,034	0,031	0,028	0,025	0,026	0,025	0,024	0,021	0,013	0,039	13,345
12,000	-4,455	-4,481	-4,474	-4,473	-4,460	-4,457	-4,454	-4,454	-4,453	-4,453	-4,450	-4,447	-4,437	-4,415	-4,390	-0,031	-0,008	-0,003	0,012	0,013	0,012	0,012	0,010	0,012	0,014	0,019	0,031	0,038	0,045	0,036	0,066	12,803
13,000	-1,938	-1,954	-1,962	-1,958	-1,956	-1,951	-1,947	-1,944	-1,941	-1,944	-1,943	-1,937	-1,926	-1,907	-1,894	-0,036	-0,033	-0,019	0,004	0,007	0,008	0,007	0,013	0,013	0,015	0,022	0,023	0,032	0,035	0,033	0,042	11,653
14,000	-3,313	-3,375	-3,370	-3,386	-3,371	-3,367	-3,370	-3,366	-3,361	-3,365	-3,358	-3,353	-3,347	-3,327	-3,309	-0,089	-0,050	-0,038	-0,006	0,004	0,008	0,009	0,011	0,012	0,013	0,017	0,026	0,031	0,037	0,029	0,049	11,580
15,000	-2,273	-2,268	-2,266	-2,250	-2,238	-2,236	-2,232	-2,231	-2,228	-2,229	-2,230	-2,228	-2,222	-2,217	-2,207	-0,007	0,007	0,010	0,018	0,015	0,011	0,011	0,010	0,010	0,009	0,010	0,012	0,015	0,017	0,012	0,058	12,092
	run	9	2022:11:15    09:43:27,242
0,000	-3,725	-3,787	-3,799	-3,832	-3,833	-3,836	-3,837	-3,841	-3,839	-3,845	-3,846	-3,844	-3,842	-3,831	-3,822	-0,111	-0,084	-0,068	-0,037	-0,028	-0,019	-0,014	-0,012	-0,006	-0,007	0,001	0,006	0,014	0,016	0,013	0,049	10,994
1,000	-4,156	-4,194	-4,199	-4,172	-4,143	-4,123	-4,113	-4,106	-4,097	-4,096	-4,089	-4,081	-4,073	-4,059	-4,043	-0,074	-0,036	-0,004	0,044	0,050	0,042	0,043	0,038	0,033	0,030	0,033	0,033	0,032	0,033	0,023	0,048	11,294
2,000	-2,658	-2,706	-2,711	-2,723	-2,706	-2,694	-2,682	-2,672	-2,658	-2,655	-2,647	-2,640	-2,633	-2,622	-2,613	-0,068	-0,042	-0,028	0,011	0,025	0,033	0,037	0,037	0,031	0,031	0,031	0,029	0,027	0,023	0,018	0,038	11,689
3,000	-5,425	-5,489	-5,500	-5,489	-5,456	-5,440	-5,433	-5,431	-5,427	-5,432	-5,425	-5,427	-5,420	-5,403	-5,388	-0,083	-0,055	-0,028	0,027	0,037	0,029	0,027	0,021	0,016	0,013	0,014	0,019	0,023	0,031	0,024	0,079	12,502
4,000	-3,011	-3,066	-3,083	-3,101	-3,094	-3,093	-3,088	-3,088	-3,081	-3,079	-3,071	-3,069	-3,058	-3,039	-3,012	-0,104	-0,076	-0,053	-0,018	-0,000	0,004	0,010	0,012	0,014	0,019	0,029	0,036	0,040	0,043	0,030	0,043	12,334
5,000	-3,429	-3,462	-3,468	-3,459	-3,447	-3,444	-3,439	-3,440	-3,437	-3,438	-3,435	-3,428	-3,416	-3,398	-3,371	-0,080	-0,041	-0,019	0,004	0,012	0,011	0,015	0,012	0,013	0,018	0,025	0,033	0,041	0,048	0,037	0,048	11,221
6,000	-2,153	-2,148	-2,140	-2,105	-2,082	-2,069	-2,057	-2,050	-2,050	-2,036	-2,035	-2,029	-2,025	-2,008	-2,010	-0,025	0,006	0,026	0,050	0,057	0,049	0,045	0,035	0,034	0,027	0,011	0,021	0,019	0,022	0,013	0,027	11,580
7,000	-1,665	-1,702	-1,703	-1,715	-1,717	-1,719	-1,720	-1,721	-1,723	-1,727	-1,728	-1,729	-1,729	-1,726	-1,722	-0,053	-0,039	-0,033	-0,016	-0,014	-0,012	-0,010	-0,009	-0,011	-0,008	-0,004	-0,003	0,003	0,004	0,005	0,039	10,964
8,000	-5,192	-5,223	-5,228	-5,243	-5,232	-5,230	-5,231	-5,229	-5,231	-5,232	-5,232	-5,233	-5,236	-5,232	-5,230	-0,048	-0,031	-0,026	-0,008	-0,000	-0,005	-0,004	-0,000	0,000	-0,005	-0,000	-0,005	-0,004	0,004	0,000	0,060	10,854
9,000	-2,177	-2,165	-2,176	-2,168	-2,159	-2,152	-2,148	-2,155	-2,147	-2,142	-2,134	-2,124	-2,105	-2,087	-2,059	0,010	-0,010	-0,002	0,018	0,022	0,021	0,020	0,019	0,016	0,029	0,034	0,038	0,046	0,047	0,041	0,049	12,722
10,000	-1,526	-1,535	-1,512	-1,480	-1,450	-1,431	-1,425	-1,419	-1,409	-1,414	-1,412	-1,407	-1,403	-1,389	-1,374	-0,011	0,030	0,035	0,056	0,055	0,044	0,037	0,034	0,026	0,024	0,019	0,019	0,026	0,028	0,020	0,055	13,447
11,000	-3,015	-3,011	-3,003	-2,985	-2,966	-2,955	-2,946	-2,942	-2,931	-2,932	-2,923	-2,920	-2,914	-2,902	-2,895	0,000	0,012	0,021	0,039	0,039	0,033	0,034	0,030	0,029	0,027	0,028	0,024	0,021	0,021	0,015	0,039	13,315
12,000	-4,441	-4,471	-4,463	-4,462	-4,451	-4,446	-4,444	-4,444	-4,441	-4,445	-4,441	-4,436	-4,425	-4,402	-4,379	-0,030	-0,015	-0,002	0,011	0,012	0,011	0,010	0,012	0,012	0,016	0,021	0,031	0,039	0,045	0,036	0,067	12,795
13,000	-1,936	-1,946	-1,960	-1,959	-1,954	-1,949	-1,947	-1,945	-1,940	-1,947	-1,935	-1,937	-1,920	-1,912	-1,889	-0,036	-0,025	-0,022	0,008	0,006	0,006	0,012	0,010	0,014	0,015	0,021	0,025	0,031	0,035	0,027	0,044	11,667
14,000	-3,264	-3,327	-3,318	-3,334	-3,321	-3,320	-3,317	-3,315	-3,312	-3,314	-3,310	-3,303	-3,298	-3,278	-3,260	-0,088	-0,050	-0,036	-0,007	0,006	0,006	0,008	0,009	0,011	0,013	0,019	0,026	0,032	0,038	0,030	0,049	11,624
15,000	-2,253	-2,241	-2,246	-2,226	-2,217	-2,213	-2,209	-2,209	-2,207	-2,208	-2,208	-2,208	-2,201	-2,194	-2,187	-0,007	0,007	0,010	0,019	0,017	0,010	0,010	0,009	0,008	0,009	0,010	0,010	0,016	0,015	0,013	0,059	12,122
	run	10	2022:11:15    09:43:27,289
0,000	-3,705	-3,768	-3,782	-3,813	-3,812	-3,816	-3,820	-3,820	-3,821	-3,825	-3,826	-3,824	-3,821	-3,810	-3,801	-0,111	-0,083	-0,067	-0,037	-0,028	-0,020	-0,016	-0,012	-0,008	-0,007	0,001	0,006	0,012	0,017	0,013	0,049	10,979
1,000	-4,147	-4,185	-4,190	-4,165	-4,133	-4,115	-4,105	-4,099	-4,089	-4,088	-4,081	-4,073	-4,064	-4,050	-4,034	-0,070	-0,035	-0,006	0,043	0,051	0,042	0,043	0,037	0,034	0,029	0,033	0,034	0,032	0,034	0,025	0,048	11,294
2,000	-2,658	-2,706	-2,711	-2,723	-2,706	-2,694	-2,682	-2,672	-2,658	-2,655	-2,647	-2,640	-2,633	-2,622	-2,613	-0,068	-0,042	-0,028	0,011	0,025	0,033	0,037	0,037	0,031	0,031	0,031	0,029	0,027	0,023	0,018	0,038	11,689
3,000	-5,425	-5,489	-5,500	-5,489	-5,456	-5,440	-5,433	-5,431	-5,427	-5,432	-5,425	-5,427	-5,420	-5,403	-5,388	-0,083	-0,055	-0,028	0,027	0,037	0,029	0,027	0,021	0,016	0,013	0,014	0,019	0,023	0,031	0,024	0,079	12,502
4,000	-3,011	-3,066	-3,083	-3,101	-3,094	-3,093	-3,088	-3,088	-3,081	-3,079	-3,071	-3,069	-3,058	-3,039	-3,012	-0,104	-0,076	-0,053	-0,018	-0,000	0,004	0,010	0,012	0,014	0,019	0,029	0,036	0,040	0,043	0,030	0,043	12,334
5,000	-3,429	-3,462	-3,468	-3,459	-3,447	-3,444	-3,439	-3,440	-3,437	-3,438	-3,435	-3,428	-3,416	-3,398	-3,371	-0,080	-0,041	-0,019	0,004	0,012	0,011	0,015	0,012	0,013	0,018	0,025	0,033	0,041	0,048	0,037	0,048	11,221
6,000	-2,153	-2,148	-2,140	-2,105	-2,082	-2,069	-2,057	-2,050	-2,050	-2,036	-2,035	-2,029	-2,025	-2,008	-2,010	-0,025	0,006	0,026	0,050	0,057	0,049	0,045	0,035	0,034	0,027	0,011	0,021	0,019	0,022	0,013	0,027	11,580
7,000	-1,665	-1,702	-1,703	-1,715	-1,717	-1,719	-1,720	-1,721	-1,723	-1,727	-1,728	-1,729	-1,729	-1,726	-1,722	-0,053	-0,039	-0,033	-0,016	-0,014	-0,012	-0,010	-0,009	-0,011	-0,008	-0,004	-0,003	0,003	0,004	0,005	0,039	10,964
8,000	-5,202	-5,231	-5,237	-5,252	-5,237	-5,238	-5,239	-5,233	-5,234	-5,239	-5,236	-5,243	-5,240	-5,239	-5,237	-0,044	-0,028	-0,028	-0,009	0,001	0,000	0,000	0,001	-0,004	-0,001	-0,008	-0,000	-0,003	0,002	0,002	0,060	10,862
9,000	-2,182	-2,173	-2,188	-2,181	-2,171	-2,165	-2,157	-2,159	-2,152	-2,147	-2,138	-2,131	-2,120	-2,096	-2,072	0,006	-0,005	0,001	0,016	0,024	0,020	0,019	0,028	0,026	0,027	0,033	0,046	0,048	0,053	0,036	0,048	12,729
10,000	-1,525	-1,534	-1,515	-1,478	-1,451	-1,433	-1,421	-1,418	-1,404	-1,413	-1,411	-1,411	-1,400	-1,394	-1,379	-0,011	0,029	0,039	0,058	0,057	0,046	0,037	0,032	0,014	0,020	0,017	0,026	0,024	0,026	0,026	0,053	13,469
11,000	-3,017	-3,015	-3,006	-2,985	-2,966	-2,956	-2,948	-2,943	-2,936	-2,932	-2,924	-2,918	-2,913	-2,906	-2,896	-0,000	0,011	0,022	0,037	0,039	0,031	0,032	0,029	0,028	0,027	0,026	0,022	0,022	0,022	0,014	0,039	13,330
12,000	-4,439	-4,469	-4,460	-4,459	-4,447	-4,443	-4,442	-4,442	-4,439	-4,440	-4,438	-4,431	-4,425	-4,400	-4,375	-0,031	-0,015	-0,003	0,012	0,013	0,011	0,010	0,011	0,013	0,015	0,021	0,030	0,041	0,044	0,037	0,066	12,781
13,000	-1,939	-1,947	-1,962	-1,962	-1,954	-1,950	-1,950	-1,950	-1,946	-1,946	-1,940	-1,935	-1,930	-1,914	-1,894	-0,029	-0,024	-0,019	0,005	0,004	0,004	0,008	0,013	0,010	0,015	0,015	0,019	0,031	0,037	0,028	0,044	11,653
14,000	-3,278	-3,339	-3,335	-3,349	-3,336	-3,330	-3,330	-3,327	-3,323	-3,326	-3,321	-3,314	-3,309	-3,289	-3,272	-0,093	-0,052	-0,037	-0,006	0,006	0,009	0,011	0,012	0,013	0,013	0,019	0,026	0,032	0,038	0,028	0,050	11,594
15,000	-2,246	-2,237	-2,239	-2,220	-2,211	-2,208	-2,205	-2,204	-2,200	-2,204	-2,204	-2,202	-2,197	-2,189	-2,181	-0,002	0,007	0,010	0,019	0,014	0,011	0,011	0,010	0,007	0,008	0,008	0,012	0,015	0,016	0,014	0,059	12,085
	run	11	2022:11:15    09:43:27,389
0,000	-3,732	-3,797	-3,808	-3,840	-3,840	-3,844	-3,846	-3,849	-3,847	-3,852	-3,853	-3,851	-3,849	-3,840	-3,828	-0,113	-0,086	-0,066	-0,035	-0,028	-0,021	-0,015	-0,012	-0,008	-0,005	-0,000	0,005	0,013	0,019	0,014	0,049	10,964
1,000	-4,166	-4,204	-4,207	-4,181	-4,152	-4,134	-4,123	-4,117	-4,106	-4,106	-4,099	-4,088	-4,082	-4,066	-4,052	-0,074	-0,034	-0,005	0,042	0,049	0,043	0,040	0,036	0,035	0,029	0,034	0,033	0,034	0,034	0,023	0,047	11,279
2,000	-2,674	-2,717	-2,716	-2,729	-2,709	-2,699	-2,687	-2,676	-2,669	-2,662	-2,654	-2,647	-2,640	-2,628	-2,620	-0,065	-0,044	-0,027	0,012	0,026	0,034	0,038	0,036	0,033	0,030	0,030	0,028	0,027	0,025	0,015	0,038	11,689
3,000	-5,420	-5,474	-5,487	-5,475	-5,448	-5,428	-5,423	-5,416	-5,413	-5,417	-5,415	-5,414	-5,409	-5,392	-5,375	-0,084	-0,052	-0,028	0,029	0,037	0,031	0,027	0,021	0,017	0,012	0,016	0,023	0,025	0,032	0,023	0,078	12,495
4,000	-2,999	-3,052	-3,067	-3,083	-3,075	-3,074	-3,070	-3,070	-3,063	-3,062	-3,055	-3,048	-3,040	-3,017	-2,997	-0,099	-0,069	-0,055	-0,018	-0,002	0,006	0,009	0,013	0,015	0,021	0,029	0,034	0,038	0,041	0,033	0,042	12,334
5,000	-3,410	-3,440	-3,441	-3,436	-3,428	-3,423	-3,420	-3,421	-3,417	-3,416	-3,408	-3,407	-3,396	-3,376	-3,350	-0,082	-0,040	-0,023	0,004	0,011	0,010	0,011	0,011	0,015	0,018	0,021	0,033	0,040	0,046	0,038	0,049	11,250
6,000	-2,146	-2,149	-2,138	-2,108	-2,083	-2,065	-2,057	-2,047	-2,041	-2,036	-2,033	-2,030	-2,028	-2,015	-2,018	-0,021	0,009	0,028	0,049	0,056	0,044	0,045	0,039	0,032	0,023	0,020	0,025	0,021	0,013	0,012	0,028	11,653
7,000	-1,644	-1,684	-1,684	-1,696	-1,695	-1,700	-1,701	-1,703	-1,703	-1,709	-1,708	-1,710	-1,708	-1,707	-1,703	-0,055	-0,040	-0,031	-0,017	-0,014	-0,010	-0,009	-0,007	-0,007	-0,007	-0,003	-0,001	0,002	0,005	0,004	0,038	10,994
8,000	-5,192	-5,219	-5,218	-5,237	-5,223	-5,224	-5,222	-5,218	-5,217	-5,227	-5,221	-5,227	-5,228	-5,222	-5,221	-0,040	-0,036	-0,026	-0,005	0,001	-0,004	0,001	-0,001	-0,005	-0,004	-0,002	0,001	-0,001	0,007	0,003	0,060	10,884
9,000	-2,144	-2,145	-2,165	-2,153	-2,144	-2,138	-2,135	-2,132	-2,131	-2,127	-2,119	-2,112	-2,100	-2,072	-2,048	0,005	-0,012	-0,005	0,015	0,017	0,018	0,016	0,021	0,023	0,024	0,033	0,032	0,050	0,047	0,036	0,048	12,759
10,000	-1,509	-1,521	-1,505	-1,466	-1,440	-1,426	-1,415	-1,409	-1,402	-1,404	-1,402	-1,400	-1,393	-1,381	-1,367	-0,007	0,028	0,039	0,058	0,054	0,041	0,040	0,030	0,025	0,021	0,017	0,020	0,025	0,028	0,021	0,054	13,499
11,000	-3,004	-2,998	-2,987	-2,970	-2,952	-2,941	-2,931	-2,929	-2,920	-2,916	-2,910	-2,904	-2,899	-2,887	-2,881	-0,004	0,013	0,022	0,038	0,039	0,033	0,033	0,030	0,028	0,025	0,026	0,024	0,024	0,021	0,016	0,039	13,337
12,000	-4,465	-4,490	-4,483	-4,480	-4,468	-4,466	-4,462	-4,465	-4,461	-4,464	-4,460	-4,455	-4,445	-4,424	-4,396	-0,027	-0,012	-0,002	0,012	0,014	0,011	0,012	0,009	0,010	0,015	0,021	0,030	0,040	0,045	0,037	0,066	12,803
13,000	-1,946	-1,960	-1,971	-1,970	-1,966	-1,961	-1,958	-1,955	-1,947	-1,956	-1,951	-1,943	-1,935	-1,919	-1,902	-0,032	-0,024	-0,017	0,007	0,006	0,010	0,009	0,011	0,008	0,015	0,018	0,022	0,032	0,037	0,029	0,044	11,631
14,000	-3,320	-3,384	-3,374	-3,393	-3,380	-3,375	-3,375	-3,374	-3,367	-3,370	-3,366	-3,361	-3,354	-3,334	-3,313	-0,094	-0,052	-0,036	-0,005	0,005	0,008	0,010	0,012	0,013	0,014	0,018	0,025	0,032	0,040	0,030	0,050	11,558
15,000	-2,269	-2,260	-2,265	-2,242	-2,235	-2,229	-2,226	-2,226	-2,221	-2,225	-2,225	-2,222	-2,217	-2,208	-2,202	-0,005	0,007	0,012	0,021	0,016	0,012	0,011	0,010	0,008	0,009	0,010	0,012	0,016	0,017	0,013	0,060	12,078
	run	12	2022:11:15    09:43:27,442
0,000	-3,732	-3,797	-3,808	-3,840	-3,840	-3,844	-3,846	-3,849	-3,847	-3,852	-3,853	-3,851	-3,849	-3,840	-3,828	-0,113	-0,086	-0,066	-0,035	-0,028	-0,021	-0,015	-0,012	-0,008	-0,005	-0,000	0,005	0,013	0,019	0,014	0,049	10,964
1,000	-4,166	-4,204	-4,207	-4,181	-4,152	-4,134	-4,123	-4,117	-4,106	-4,106	-4,099	-4,088	-4,082	-4,066	-4,052	-0,074	-0,034	-0,005	0,042	0,049	0,043	0,040	0,036	0,035	0,029	0,034	0,033	0,034	0,034	0,023	0,047	11,279
2,000	-2,674	-2,717	-2,716	-2,729	-2,709	-2,699	-2,687	-2,676	-2,669	-2,662	-2,654	-2,647	-2,640	-2,628	-2,620	-0,065	-0,044	-0,027	0,012	0,026	0,034	0,038	0,036	0,033	0,030	0,030	0,028	0,027	0,025	0,015	0,038	11,689
3,000	-5,420	-5,474	-5,487	-5,475	-5,448	-5,428	-5,423	-5,416	-5,413	-5,417	-5,415	-5,414	-5,409	-5,392	-5,375	-0,084	-0,052	-0,028	0,029	0,037	0,031	0,027	0,021	0,017	0,012	0,016	0,023	0,025	0,032	0,023	0,078	12,495
4,000	-2,999	-3,052	-3,067	-3,083	-3,075	-3,074	-3,070	-3,070	-3,063	-3,062	-3,055	-3,048	-3,040	-3,017	-2,997	-0,099	-0,069	-0,055	-0,018	-0,002	0,006	0,009	0,013	0,015	0,021	0,029	0,034	0,038	0,041	0,033	0,042	12,334
5,000	-3,410	-3,440	-3,441	-3,436	-3,428	-3,423	-3,420	-3,421	-3,417	-3,416	-3,408	-3,407	-3,396	-3,376	-3,350	-0,082	-0,040	-0,023	0,004	0,011	0,010	0,011	0,011	0,015	0,018	0,021	0,033	0,040	0,046	0,038	0,049	11,250
6,000	-2,134	-2,131	-2,129	-2,089	-2,067	-2,049	-2,040	-2,031	-2,018	-2,021	-2,019	-2,006	-2,006	-2,006	-1,996	-0,022	0,007	0,030	0,050	0,052	0,049	0,044	0,038	0,028	0,023	0,027	0,023	0,021	0,012	0,011	0,027	11,631
7,000	-1,627	-1,658	-1,663	-1,676	-1,677	-1,679	-1,682	-1,681	-1,687	-1,690	-1,690	-1,690	-1,691	-1,687	-1,683	-0,051	-0,042	-0,031	-0,016	-0,014	-0,010	-0,007	-0,010	-0,009	-0,007	-0,006	-0,001	0,000	0,004	0,003	0,038	10,972
8,000	-5,125	-5,167	-5,172	-5,184	-5,173	-5,171	-5,175	-5,172	-5,166	-5,175	-5,175	-5,178	-5,179	-5,172	-5,172	-0,050	-0,034	-0,022	-0,005	-0,001	-0,001	0,000	0,002	-0,009	-0,006	-0,001	0,002	0,002	0,003	0,002	0,060	10,913
9,000	-2,071	-2,067	-2,081	-2,073	-2,069	-2,061	-2,053	-2,052	-2,043	-2,047	-2,041	-2,032	-2,018	-2,001	-1,975	-0,000	-0,012	0,001	0,014	0,015	0,013	0,017	0,022	0,016	0,020	0,026	0,044	0,042	0,042	0,035	0,047	12,810
10,000	-1,500	-1,512	-1,493	-1,463	-1,432	-1,416	-1,410	-1,401	-1,399	-1,399	-1,396	-1,395	-1,390	-1,378	-1,361	-0,008	0,027	0,029	0,054	0,054	0,043	0,038	0,032	0,025	0,023	0,019	0,020	0,027	0,027	0,022	0,054	13,513
11,000	-2,989	-2,983	-2,973	-2,953	-2,936	-2,922	-2,917	-2,909	-2,902	-2,901	-2,893	-2,889	-2,882	-2,873	-2,864	-0,005	0,014	0,020	0,038	0,039	0,033	0,034	0,029	0,028	0,026	0,025	0,026	0,023	0,020	0,015	0,039	13,381
12,000	-4,470	-4,498	-4,491	-4,489	-4,477	-4,471	-4,472	-4,470	-4,467	-4,470	-4,469	-4,462	-4,453	-4,430	-4,403	-0,029	-0,011	-0,002	0,013	0,015	0,013	0,014	0,011	0,010	0,013	0,025	0,031	0,040	0,045	0,035	0,066	12,810
13,000	-1,961	-1,968	-1,988	-1,984	-1,977	-1,974	-1,969	-1,971	-1,962	-1,967	-1,964	-1,960	-1,950	-1,933	-1,911	-0,031	-0,025	-0,018	0,003	0,009	0,008	0,010	0,013	0,011	0,015	0,021	0,023	0,034	0,035	0,030	0,044	11,638
14,000	-3,343	-3,412	-3,400	-3,418	-3,406	-3,400	-3,399	-3,396	-3,394	-3,396	-3,392	-3,386	-3,376	-3,358	-3,338	-0,097	-0,048	-0,035	-0,006	0,005	0,008	0,009	0,012	0,013	0,013	0,021	0,026	0,033	0,037	0,029	0,051	11,565
15,000	-2,299	-2,290	-2,298	-2,275	-2,265	-2,261	-2,258	-2,257	-2,254	-2,254	-2,254	-2,255	-2,248	-2,240	-2,233	-0,002	0,010	0,010	0,021	0,017	0,013	0,012	0,010	0,008	0,010	0,008	0,012	0,017	0,017	0,014	0,060	12,056
	run	13	2022:11:15    09:43:27,543
0,000	-3,834	-3,894	-3,906	-3,939	-3,939	-3,946	-3,948	-3,953	-3,950	-3,957	-3,958	-3,956	-3,954	-3,944	-3,930	-0,116	-0,086	-0,070	-0,040	-0,028	-0,021	-0,015	-0,014	-0,010	-0,007	-0,000	0,007	0,011	0,016	0,014	0,050	10,862
1,000	-4,261	-4,293	-4,299	-4,271	-4,236	-4,215	-4,205	-4,197	-4,187	-4,187	-4,175	-4,171	-4,161	-4,146	-4,130	-0,063	-0,030	0,001	0,052	0,054	0,048	0,045	0,041	0,039	0,034	0,034	0,036	0,035	0,037	0,025	0,047	11,155
2,000	-2,714	-2,759	-2,759	-2,771	-2,754	-2,741	-2,730	-2,719	-2,710	-2,702	-2,693	-2,686	-2,680	-2,669	-2,659	-0,067	-0,045	-0,027	0,011	0,028	0,035	0,038	0,038	0,035	0,031	0,032	0,029	0,025	0,025	0,019	0,038	11,602
3,000	-5,466	-5,521	-5,533	-5,519	-5,490	-5,470	-5,464	-5,456	-5,452	-5,463	-5,458	-5,453	-5,450	-5,433	-5,416	-0,086	-0,049	-0,025	0,031	0,041	0,033	0,029	0,023	0,018	0,014	0,017	0,024	0,028	0,032	0,024	0,079	12,444
4,000	-2,989	-3,055	-3,064	-3,082	-3,076	-3,074	-3,071	-3,067	-3,064	-3,062	-3,056	-3,048	-3,039	-3,019	-2,998	-0,107	-0,073	-0,051	-0,019	-0,003	0,003	0,011	0,013	0,017	0,021	0,026	0,038	0,037	0,041	0,034	0,043	12,341
5,000	-3,393	-3,427	-3,428	-3,422	-3,411	-3,408	-3,402	-3,402	-3,401	-3,401	-3,395	-3,395	-3,380	-3,360	-3,335	-0,085	-0,043	-0,024	0,006	0,011	0,010	0,012	0,011	0,014	0,018	0,024	0,035	0,040	0,042	0,038	0,049	11,250
6,000	-2,113	-2,109	-2,115	-2,078	-2,051	-2,035	-2,027	-2,024	-2,010	-2,006	-1,997	-1,997	-1,995	-1,990	-1,977	-0,023	0,011	0,025	0,045	0,053	0,044	0,039	0,032	0,029	0,025	0,022	0,020	0,017	0,017	0,006	0,029	11,616
7,000	-1,608	-1,638	-1,641	-1,659	-1,660	-1,661	-1,664	-1,665	-1,668	-1,672	-1,673	-1,676	-1,674	-1,673	-1,668	-0,052	-0,041	-0,032	-0,021	-0,019	-0,016	-0,011	-0,012	-0,009	-0,007	-0,007	-0,001	-0,000	0,003	0,004	0,039	11,008
8,000	-5,092	-5,120	-5,125	-5,135	-5,130	-5,122	-5,124	-5,124	-5,120	-5,128	-5,126	-5,126	-5,125	-5,126	-5,122	-0,048	-0,030	-0,026	-0,002	0,003	0,002	0,002	-0,001	0,001	-0,001	-0,003	-0,001	-0,003	0,000	0,002	0,061	10,972
9,000	-2,066	-2,065	-2,074	-2,069	-2,066	-2,060	-2,056	-2,047	-2,050	-2,047	-2,044	-2,036	-2,022	-2,004	-1,975	0,003	-0,020	-0,007	0,008	0,013	0,013	0,015	0,019	0,018	0,023	0,031	0,036	0,038	0,046	0,034	0,047	12,883
10,000	-1,498	-1,505	-1,490	-1,457	-1,431	-1,416	-1,402	-1,399	-1,395	-1,393	-1,390	-1,390	-1,382	-1,372	-1,358	-0,010	0,019	0,034	0,052	0,057	0,043	0,038	0,030	0,022	0,021	0,020	0,019	0,026	0,027	0,020	0,053	13,572
11,000	-2,972	-2,972	-2,960	-2,940	-2,924	-2,911	-2,905	-2,899	-2,892	-2,888	-2,882	-2,877	-2,870	-2,862	-2,854	-0,005	0,011	0,021	0,037	0,037	0,031	0,034	0,032	0,029	0,025	0,027	0,024	0,023	0,021	0,013	0,039	13,396
12,000	-4,447	-4,475	-4,466	-4,464	-4,451	-4,451	-4,446	-4,448	-4,444	-4,447	-4,443	-4,436	-4,426	-4,407	-4,380	-0,030	-0,010	-0,003	0,014	0,013	0,012	0,013	0,012	0,011	0,015	0,022	0,032	0,038	0,046	0,036	0,066	12,810
13,000	-1,957	-1,969	-1,980	-1,984	-1,974	-1,970	-1,967	-1,967	-1,961	-1,962	-1,962	-1,954	-1,947	-1,928	-1,905	-0,032	-0,030	-0,016	0,002	0,005	0,007	0,007	0,014	0,016	0,017	0,020	0,026	0,035	0,037	0,028	0,043	11,653
14,000	-3,371	-3,431	-3,426	-3,445	-3,431	-3,426	-3,427	-3,423	-3,420	-3,422	-3,417	-3,411	-3,404	-3,384	-3,365	-0,094	-0,052	-0,039	-0,007	0,004	0,008	0,010	0,012	0,011	0,012	0,019	0,026	0,033	0,038	0,028	0,050	11,565
15,000	-2,328	-2,318	-2,319	-2,299	-2,287	-2,284	-2,281	-2,280	-2,277	-2,279	-2,278	-2,276	-2,271	-2,262	-2,254	-0,000	0,010	0,013	0,022	0,018	0,014	0,013	0,012	0,009	0,009	0,009	0,012	0,016	0,017	0,014	0,059	12,026
	run	14	2022:11:15    09:43:27,644
0,000	-3,842	-3,902	-3,915	-3,948	-3,949	-3,955	-3,959	-3,962	-3,961	-3,967	-3,970	-3,968	-3,963	-3,953	-3,942	-0,111	-0,085	-0,069	-0,042	-0,029	-0,025	-0,018	-0,014	-0,010	-0,008	-0,001	0,007	0,011	0,017	0,015	0,050	10,847
1,000	-4,304	-4,338	-4,342	-4,309	-4,273	-4,252	-4,241	-4,233	-4,222	-4,220	-4,213	-4,205	-4,196	-4,179	-4,163	-0,067	-0,028	0,004	0,054	0,059	0,050	0,048	0,043	0,039	0,034	0,034	0,036	0,037	0,034	0,025	0,048	11,125
2,000	-2,751	-2,795	-2,798	-2,808	-2,789	-2,774	-2,763	-2,757	-2,743	-2,736	-2,727	-2,721	-2,716	-2,704	-2,694	-0,066	-0,042	-0,027	0,013	0,030	0,036	0,038	0,038	0,035	0,032	0,031	0,029	0,027	0,027	0,018	0,038	11,572
3,000	-5,521	-5,577	-5,587	-5,571	-5,538	-5,519	-5,512	-5,507	-5,500	-5,506	-5,505	-5,501	-5,498	-5,478	-5,461	-0,083	-0,051	-0,020	0,034	0,044	0,035	0,029	0,026	0,021	0,016	0,016	0,024	0,028	0,032	0,022	0,079	12,422
4,000	-3,023	-3,089	-3,098	-3,117	-3,111	-3,109	-3,106	-3,102	-3,099	-3,098	-3,093	-3,085	-3,074	-3,054	-3,034	-0,104	-0,073	-0,056	-0,017	-0,005	-0,000	0,009	0,012	0,018	0,020	0,027	0,033	0,038	0,042	0,032	0,042	12,231
5,000	-3,399	-3,431	-3,433	-3,424	-3,413	-3,409	-3,404	-3,404	-3,403	-3,401	-3,398	-3,394	-3,379	-3,360	-3,335	-0,082	-0,042	-0,024	0,008	0,011	0,010	0,013	0,013	0,015	0,020	0,027	0,034	0,041	0,048	0,039	0,050	11,199
6,000	-2,103	-2,108	-2,097	-2,067	-2,041	-2,022	-2,014	-2,002	-2,000	-1,994	-1,993	-1,978	-1,984	-1,976	-1,971	-0,024	0,002	0,024	0,051	0,049	0,043	0,043	0,037	0,029	0,024	0,021	0,008	0,015	0,016	0,014	0,028	11,616
7,000	-1,599	-1,635	-1,636	-1,649	-1,651	-1,657	-1,659	-1,661	-1,663	-1,666	-1,669	-1,670	-1,670	-1,666	-1,666	-0,053	-0,040	-0,034	-0,019	-0,016	-0,016	-0,012	-0,010	-0,010	-0,009	-0,004	-0,001	0,000	0,005	0,003	0,037	11,008
8,000	-5,086	-5,124	-5,125	-5,138	-5,128	-5,123	-5,124	-5,119	-5,122	-5,125	-5,127	-5,125	-5,131	-5,123	-5,125	-0,042	-0,034	-0,029	-0,004	-0,000	0,002	0,004	0,005	0,003	-0,004	-0,002	0,001	0,001	0,001	0,003	0,060	11,016
9,000	-2,054	-2,046	-2,063	-2,059	-2,054	-2,056	-2,048	-2,051	-2,040	-2,041	-2,033	-2,031	-2,016	-1,996	-1,972	0,001	-0,013	-0,006	0,010	0,013	0,012	0,015	0,017	0,022	0,021	0,030	0,036	0,042	0,042	0,033	0,047	12,905
10,000	-1,492	-1,502	-1,483	-1,454	-1,427	-1,409	-1,403	-1,398	-1,391	-1,392	-1,391	-1,387	-1,382	-1,370	-1,359	-0,015	0,025	0,032	0,056	0,052	0,043	0,038	0,031	0,024	0,022	0,016	0,022	0,026	0,028	0,021	0,053	13,564
11,000	-2,966	-2,966	-2,952	-2,934	-2,916	-2,903	-2,898	-2,891	-2,884	-2,883	-2,874	-2,869	-2,864	-2,853	-2,846	-0,006	0,009	0,020	0,037	0,037	0,031	0,031	0,031	0,029	0,026	0,025	0,023	0,022	0,021	0,013	0,039	13,396
12,000	-4,425	-4,453	-4,441	-4,438	-4,428	-4,423	-4,423	-4,422	-4,419	-4,423	-4,421	-4,411	-4,402	-4,382	-4,356	-0,030	-0,012	-0,003	0,012	0,016	0,012	0,012	0,011	0,013	0,015	0,022	0,030	0,039	0,045	0,036	0,066	12,832
13,000	-1,940	-1,952	-1,969	-1,966	-1,960	-1,956	-1,950	-1,951	-1,946	-1,947	-1,945	-1,943	-1,933	-1,913	-1,896	-0,032	-0,022	-0,021	0,008	0,007	0,008	0,009	0,013	0,012	0,016	0,018	0,024	0,032	0,035	0,029	0,044	11,675
14,000	-3,357	-3,425	-3,415	-3,432	-3,419	-3,413	-3,413	-3,411	-3,408	-3,410	-3,405	-3,400	-3,392	-3,372	-3,352	-0,096	-0,050	-0,040	-0,007	0,005	0,006	0,011	0,015	0,012	0,013	0,019	0,027	0,033	0,038	0,029	0,051	11,587
15,000	-2,335	-2,318	-2,321	-2,303	-2,292	-2,288	-2,284	-2,281	-2,278	-2,280	-2,280	-2,278	-2,272	-2,265	-2,256	0,002	0,009	0,015	0,020	0,018	0,013	0,013	0,011	0,011	0,011	0,011	0,013	0,016	0,016	0,014	0,060	12,034
	run	15	2022:11:15    09:43:27,689
0,000	-3,852	-3,917	-3,927	-3,958	-3,959	-3,966	-3,969	-3,972	-3,972	-3,977	-3,976	-3,976	-3,975	-3,962	-3,951	-0,115	-0,084	-0,072	-0,040	-0,028	-0,023	-0,017	-0,014	-0,009	-0,006	-0,000	0,008	0,013	0,017	0,015	0,050	10,891
1,000	-4,314	-4,343	-4,349	-4,313	-4,280	-4,255	-4,245	-4,237	-4,226	-4,224	-4,217	-4,209	-4,200	-4,183	-4,168	-0,063	-0,029	0,006	0,056	0,061	0,053	0,050	0,043	0,041	0,034	0,036	0,036	0,036	0,036	0,027	0,047	11,147
2,000	-2,751	-2,795	-2,798	-2,808	-2,789	-2,774	-2,763	-2,757	-2,743	-2,736	-2,727	-2,721	-2,716	-2,704	-2,694	-0,066	-0,042	-0,027	0,013	0,030	0,036	0,038	0,038	0,035	0,032	0,031	0,029	0,027	0,027	0,018	0,038	11,572
3,000	-5,521	-5,577	-5,587	-5,571	-5,538	-5,519	-5,512	-5,507	-5,500	-5,506	-5,505	-5,501	-5,498	-5,478	-5,461	-0,083	-0,051	-0,020	0,034	0,044	0,035	0,029	0,026	0,021	0,016	0,016	0,024	0,028	0,032	0,022	0,079	12,422
4,000	-3,023	-3,089	-3,098	-3,117	-3,111	-3,109	-3,106	-3,102	-3,099	-3,098	-3,093	-3,085	-3,074	-3,054	-3,034	-0,104	-0,073	-0,056	-0,017	-0,005	-0,000	0,009	0,012	0,018	0,020	0,027	0,033	0,038	0,042	0,032	0,042	12,231
5,000	-3,399	-3,431	-3,433	-3,424	-3,413	-3,409	-3,404	-3,404	-3,403	-3,401	-3,398	-3,394	-3,379	-3,360	-3,335	-0,082	-0,042	-0,024	0,008	0,011	0,010	0,013	0,013	0,015	0,020	0,027	0,034	0,041	0,048	0,039	0,050	11,199
6,000	-2,103	-2,108	-2,097	-2,067	-2,041	-2,022	-2,014	-2,002	-2,000	-1,994	-1,993	-1,978	-1,984	-1,976	-1,971	-0,024	0,002	0,024	0,051	0,049	0,043	0,043	0,037	0,029	0,024	0,021	0,008	0,015	0,016	0,014	0,028	11,616
7,000	-1,599	-1,635	-1,636	-1,649	-1,651	-1,657	-1,659	-1,661	-1,663	-1,666	-1,669	-1,670	-1,670	-1,666	-1,666	-0,053	-0,040	-0,034	-0,019	-0,016	-0,016	-0,012	-0,010	-0,010	-0,009	-0,004	-0,001	0,000	0,005	0,003	0,037	11,008
8,000	-5,085	-5,119	-5,121	-5,132	-5,126	-5,121	-5,118	-5,119	-5,116	-5,122	-5,123	-5,121	-5,123	-5,122	-5,118	-0,052	-0,032	-0,030	-0,006	0,003	0,000	0,004	0,004	0,002	-0,005	-0,000	-0,003	0,003	0,001	0,002	0,059	10,972
9,000	-2,047	-2,037	-2,053	-2,043	-2,036	-2,031	-2,031	-2,021	-2,019	-2,022	-2,020	-2,010	-1,995	-1,972	-1,954	0,005	-0,012	-0,001	0,012	0,012	0,014	0,017	0,020	0,020	0,024	0,022	0,036	0,042	0,042	0,036	0,047	12,876
10,000	-1,489	-1,501	-1,481	-1,454	-1,428	-1,413	-1,405	-1,394	-1,392	-1,394	-1,392	-1,389	-1,383	-1,369	-1,360	-0,016	0,022	0,029	0,052	0,049	0,041	0,038	0,029	0,023	0,022	0,016	0,020	0,024	0,027	0,022	0,054	13,542
11,000	-2,955	-2,950	-2,941	-2,923	-2,905	-2,894	-2,888	-2,883	-2,875	-2,873	-2,863	-2,859	-2,854	-2,847	-2,836	-0,011	0,010	0,018	0,035	0,036	0,032	0,033	0,029	0,028	0,025	0,024	0,024	0,022	0,021	0,015	0,039	13,447
12,000	-4,399	-4,423	-4,419	-4,414	-4,401	-4,396	-4,396	-4,395	-4,391	-4,392	-4,392	-4,386	-4,375	-4,354	-4,330	-0,026	-0,013	-0,002	0,014	0,015	0,015	0,012	0,013	0,013	0,014	0,021	0,031	0,040	0,044	0,037	0,066	12,861
13,000	-1,932	-1,944	-1,960	-1,958	-1,954	-1,946	-1,943	-1,949	-1,937	-1,941	-1,941	-1,936	-1,925	-1,908	-1,888	-0,035	-0,027	-0,019	0,005	0,008	0,008	0,009	0,010	0,011	0,014	0,017	0,024	0,032	0,034	0,031	0,044	11,704
14,000	-3,319	-3,384	-3,377	-3,393	-3,383	-3,378	-3,376	-3,371	-3,370	-3,371	-3,369	-3,363	-3,353	-3,333	-3,314	-0,093	-0,050	-0,037	-0,006	0,003	0,006	0,009	0,011	0,014	0,012	0,019	0,027	0,034	0,038	0,029	0,050	11,624
15,000	-2,310	-2,303	-2,306	-2,287	-2,275	-2,272	-2,268	-2,267	-2,263	-2,265	-2,265	-2,263	-2,256	-2,250	-2,242	-0,001	0,008	0,010	0,021	0,016	0,011	0,014	0,011	0,009	0,009	0,012	0,012	0,016	0,017	0,014	0,060	12,078
	run	16	2022:11:15    09:43:27,791
0,000	-3,809	-3,870	-3,885	-3,918	-3,917	-3,927	-3,928	-3,930	-3,930	-3,936	-3,937	-3,934	-3,934	-3,922	-3,910	-0,113	-0,086	-0,066	-0,041	-0,028	-0,024	-0,017	-0,013	-0,009	-0,007	-0,000	0,006	0,010	0,018	0,013	0,048	10,898
1,000	-4,257	-4,295	-4,298	-4,268	-4,231	-4,208	-4,200	-4,191	-4,182	-4,179	-4,172	-4,165	-4,156	-4,138	-4,124	-0,066	-0,026	0,007	0,053	0,059	0,050	0,048	0,043	0,039	0,035	0,034	0,036	0,036	0,036	0,025	0,047	11,177
2,000	-2,744	-2,792	-2,793	-2,802	-2,782	-2,769	-2,759	-2,749	-2,738	-2,730	-2,724	-2,717	-2,709	-2,697	-2,688	-0,071	-0,039	-0,025	0,014	0,029	0,036	0,038	0,037	0,035	0,032	0,031	0,031	0,028	0,026	0,017	0,038	11,594
3,000	-5,561	-5,619	-5,628	-5,611	-5,578	-5,558	-5,548	-5,547	-5,540	-5,545	-5,547	-5,539	-5,534	-5,519	-5,502	-0,084	-0,048	-0,018	0,038	0,047	0,038	0,031	0,024	0,019	0,013	0,018	0,026	0,030	0,032	0,023	0,080	12,400
4,000	-3,069	-3,132	-3,145	-3,167	-3,162	-3,156	-3,155	-3,152	-3,148	-3,145	-3,143	-3,131	-3,123	-3,101	-3,080	-0,101	-0,076	-0,056	-0,018	-0,006	0,002	0,007	0,011	0,016	0,021	0,028	0,032	0,038	0,045	0,033	0,043	12,202
5,000	-3,470	-3,505	-3,506	-3,495	-3,487	-3,480	-3,476	-3,474	-3,472	-3,474	-3,469	-3,465	-3,451	-3,432	-3,404	-0,084	-0,042	-0,021	0,005	0,014	0,014	0,015	0,014	0,015	0,018	0,026	0,036	0,042	0,047	0,038	0,049	11,140
6,000	-2,128	-2,131	-2,124	-2,092	-2,065	-2,050	-2,036	-2,033	-2,023	-2,020	-2,015	-2,010	-2,006	-2,000	-1,997	-0,024	0,009	0,027	0,052	0,048	0,043	0,042	0,037	0,032	0,025	0,022	0,018	0,016	0,017	0,009	0,027	11,572
7,000	-1,613	-1,645	-1,647	-1,661	-1,660	-1,666	-1,670	-1,670	-1,673	-1,678	-1,678	-1,679	-1,679	-1,676	-1,672	-0,055	-0,039	-0,031	-0,020	-0,017	-0,015	-0,013	-0,011	-0,010	-0,010	-0,004	-0,003	0,001	0,004	0,003	0,037	10,994
8,000	-5,094	-5,137	-5,139	-5,150	-5,140	-5,136	-5,136	-5,134	-5,130	-5,140	-5,138	-5,139	-5,142	-5,135	-5,131	-0,041	-0,029	-0,028	-0,009	0,003	-0,002	0,001	0,000	0,000	-0,007	-0,003	0,001	-0,002	0,006	-0,000	0,058	10,950
9,000	-2,064	-2,064	-2,071	-2,070	-2,065	-2,056	-2,054	-2,051	-2,045	-2,050	-2,038	-2,030	-2,020	-1,998	-1,974	0,003	-0,015	-0,004	0,015	0,012	0,016	0,017	0,020	0,021	0,021	0,029	0,037	0,040	0,049	0,031	0,047	12,876
10,000	-1,482	-1,494	-1,471	-1,443	-1,415	-1,399	-1,393	-1,385	-1,381	-1,384	-1,382	-1,375	-1,373	-1,362	-1,348	-0,013	0,024	0,029	0,051	0,048	0,040	0,036	0,027	0,023	0,018	0,018	0,018	0,024	0,028	0,020	0,053	13,586
11,000	-2,938	-2,942	-2,932	-2,914	-2,896	-2,883	-2,878	-2,875	-2,865	-2,862	-2,856	-2,850	-2,846	-2,836	-2,830	-0,009	0,008	0,019	0,035	0,035	0,033	0,033	0,031	0,028	0,023	0,025	0,022	0,022	0,021	0,015	0,039	13,403
12,000	-4,368	-4,391	-4,386	-4,381	-4,370	-4,364	-4,363	-4,363	-4,360	-4,364	-4,359	-4,356	-4,343	-4,323	-4,298	-0,027	-0,009	0,001	0,015	0,015	0,012	0,013	0,011	0,013	0,016	0,021	0,030	0,037	0,044	0,036	0,065	12,861
13,000	-1,922	-1,931	-1,945	-1,947	-1,937	-1,935	-1,931	-1,933	-1,926	-1,928	-1,927	-1,922	-1,910	-1,895	-1,874	-0,032	-0,026	-0,020	0,001	0,008	0,005	0,012	0,011	0,010	0,012	0,019	0,028	0,032	0,036	0,028	0,043	11,719
14,000	-3,295	-3,364	-3,353	-3,370	-3,358	-3,356	-3,355	-3,350	-3,348	-3,349	-3,345	-3,340	-3,333	-3,314	-3,293	-0,096	-0,051	-0,037	-0,005	0,002	0,007	0,010	0,012	0,014	0,014	0,019	0,026	0,032	0,041	0,029	0,050	11,646
15,000	-2,294	-2,287	-2,292	-2,270	-2,260	-2,258	-2,252	-2,252	-2,249	-2,251	-2,251	-2,247	-2,243	-2,235	-2,227	-0,004	0,008	0,010	0,021	0,017	0,012	0,012	0,011	0,007	0,009	0,010	0,013	0,016	0,018	0,013	0,060	12,085
	run	17	2022:11:15    09:43:27,842
0,000	-3,809	-3,870	-3,885	-3,918	-3,917	-3,927	-3,928	-3,930	-3,930	-3,936	-3,937	-3,934	-3,934	-3,922	-3,910	-0,113	-0,086	-0,066	-0,041	-0,028	-0,024	-0,017	-0,013	-0,009	-0,007	-0,000	0,006	0,010	0,018	0,013	0,048	10,898
1,000	-4,257	-4,295	-4,298	-4,268	-4,231	-4,208	-4,200	-4,191	-4,182	-4,179	-4,172	-4,165	-4,156	-4,138	-4,124	-0,066	-0,026	0,007	0,053	0,059	0,050	0,048	0,043	0,039	0,035	0,034	0,036	0,036	0,036	0,025	0,047	11,177
2,000	-2,744	-2,792	-2,793	-2,802	-2,782	-2,769	-2,759	-2,749	-2,738	-2,730	-2,724	-2,717	-2,709	-2,697	-2,688	-0,071	-0,039	-0,025	0,014	0,029	0,036	0,038	0,037	0,035	0,032	0,031	0,031	0,028	0,026	0,017	0,038	11,594
3,000	-5,561	-5,619	-5,628	-5,611	-5,578	-5,558	-5,548	-5,547	-5,540	-5,545	-5,547	-5,539	-5,534	-5,519	-5,502	-0,084	-0,048	-0,018	0,038	0,047	0,038	0,031	0,024	0,019	0,013	0,018	0,026	0,030	0,032	0,023	0,080	12,400
4,000	-3,069	-3,132	-3,145	-3,167	-3,162	-3,156	-3,155	-3,152	-3,148	-3,145	-3,143	-3,131	-3,123	-3,101	-3,080	-0,101	-0,076	-0,056	-0,018	-0,006	0,002	0,007	0,011	0,016	0,021	0,028	0,032	0,038	0,045	0,033	0,043	12,202
5,000	-3,470	-3,505	-3,506	-3,495	-3,487	-3,480	-3,476	-3,474	-3,472	-3,474	-3,469	-3,465	-3,451	-3,432	-3,404	-0,084	-0,042	-0,021	0,005	0,014	0,014	0,015	0,014	0,015	0,018	0,026	0,036	0,042	0,047	0,038	0,049	11,140
6,000	-2,150	-2,153	-2,150	-2,109	-2,082	-2,067	-2,056	-2,045	-2,040	-2,038	-2,031	-2,030	-2,028	-2,019	-2,010	-0,020	0,009	0,031	0,051	0,058	0,044	0,045	0,034	0,033	0,024	0,025	0,018	0,022	0,013	0,011	0,027	11,550
7,000	-1,618	-1,658	-1,657	-1,672	-1,671	-1,677	-1,680	-1,681	-1,684	-1,687	-1,688	-1,689	-1,688	-1,685	-1,684	-0,054	-0,041	-0,032	-0,019	-0,017	-0,015	-0,011	-0,010	-0,009	-0,006	-0,007	-0,003	0,000	0,003	0,002	0,038	10,979
8,000	-5,102	-5,147	-5,148	-5,160	-5,153	-5,147	-5,148	-5,150	-5,148	-5,150	-5,155	-5,154	-5,154	-5,151	-5,147	-0,048	-0,036	-0,024	-0,008	0,001	0,003	-0,001	-0,001	-0,001	-0,005	-0,002	0,002	-0,000	0,005	0,002	0,059	10,942
9,000	-2,065	-2,060	-2,069	-2,070	-2,063	-2,054	-2,053	-2,051	-2,043	-2,044	-2,034	-2,030	-2,017	-2,001	-1,973	0,003	-0,016	-0,004	0,009	0,010	0,013	0,019	0,016	0,024	0,023	0,032	0,036	0,041	0,042	0,034	0,047	12,861
10,000	-1,492	-1,496	-1,482	-1,449	-1,423	-1,408	-1,397	-1,395	-1,388	-1,388	-1,385	-1,385	-1,380	-1,369	-1,354	-0,015	0,025	0,034	0,052	0,052	0,042	0,034	0,029	0,023	0,018	0,020	0,022	0,027	0,026	0,020	0,053	13,542
11,000	-2,940	-2,935	-2,927	-2,909	-2,892	-2,882	-2,874	-2,869	-2,857	-2,858	-2,850	-2,844	-2,842	-2,832	-2,824	-0,005	0,007	0,017	0,034	0,035	0,032	0,033	0,030	0,028	0,027	0,024	0,025	0,022	0,020	0,014	0,039	13,411
12,000	-4,371	-4,395	-4,388	-4,386	-4,372	-4,367	-4,367	-4,365	-4,363	-4,365	-4,363	-4,357	-4,347	-4,326	-4,302	-0,030	-0,008	-0,001	0,014	0,015	0,012	0,011	0,010	0,013	0,015	0,024	0,031	0,038	0,043	0,035	0,065	12,869
13,000	-1,922	-1,929	-1,943	-1,944	-1,936	-1,931	-1,930	-1,926	-1,926	-1,924	-1,924	-1,917	-1,910	-1,894	-1,877	-0,035	-0,025	-0,019	0,001	0,006	0,006	0,008	0,011	0,013	0,013	0,020	0,023	0,032	0,035	0,028	0,043	11,704
14,000	-3,291	-3,358	-3,347	-3,363	-3,352	-3,348	-3,347	-3,347	-3,340	-3,345	-3,341	-3,333	-3,328	-3,309	-3,288	-0,094	-0,050	-0,038	-0,008	0,003	0,007	0,008	0,011	0,014	0,014	0,018	0,025	0,033	0,037	0,028	0,050	11,638
15,000	-2,278	-2,270	-2,274	-2,254	-2,243	-2,241	-2,238	-2,236	-2,232	-2,234	-2,233	-2,232	-2,228	-2,219	-2,212	-0,004	0,007	0,009	0,018	0,015	0,011	0,011	0,011	0,008	0,010	0,009	0,011	0,016	0,017	0,014	0,059	12,085
	run	18	2022:11:15    09:43:27,942
0,000	-3,768	-3,830	-3,848	-3,877	-3,881	-3,882	-3,885	-3,887	-3,888	-3,894	-3,895	-3,891	-3,890	-3,879	-3,869	-0,114	-0,083	-0,067	-0,040	-0,028	-0,022	-0,017	-0,011	-0,008	-0,007	0,001	0,007	0,012	0,017	0,013	0,049	10,957
1,000	-4,205	-4,242	-4,246	-4,216	-4,185	-4,164	-4,154	-4,148	-4,137	-4,135	-4,129	-4,119	-4,112	-4,094	-4,080	-0,071	-0,032	-0,001	0,050	0,055	0,046	0,045	0,040	0,039	0,032	0,035	0,035	0,035	0,034	0,025	0,046	11,243
2,000	-2,702	-2,752	-2,754	-2,767	-2,746	-2,731	-2,722	-2,712	-2,703	-2,696	-2,688	-2,681	-2,674	-2,662	-2,654	-0,073	-0,045	-0,027	0,011	0,027	0,033	0,038	0,037	0,034	0,033	0,033	0,031	0,028	0,027	0,020	0,038	11,646
3,000	-5,486	-5,539	-5,552	-5,536	-5,506	-5,487	-5,479	-5,476	-5,469	-5,476	-5,470	-5,472	-5,466	-5,450	-5,431	-0,083	-0,050	-0,021	0,033	0,040	0,034	0,030	0,025	0,017	0,011	0,017	0,024	0,028	0,030	0,025	0,080	12,444
4,000	-3,069	-3,129	-3,138	-3,159	-3,155	-3,153	-3,151	-3,147	-3,141	-3,143	-3,133	-3,126	-3,117	-3,097	-3,073	-0,101	-0,072	-0,060	-0,020	-0,005	0,002	0,009	0,012	0,019	0,022	0,030	0,035	0,041	0,044	0,033	0,044	12,231
5,000	-3,474	-3,508	-3,513	-3,504	-3,493	-3,484	-3,484	-3,484	-3,480	-3,480	-3,474	-3,469	-3,458	-3,437	-3,410	-0,084	-0,042	-0,018	0,008	0,012	0,012	0,013	0,011	0,014	0,019	0,026	0,035	0,040	0,048	0,040	0,050	11,162
6,000	-2,157	-2,157	-2,149	-2,111	-2,087	-2,068	-2,055	-2,051	-2,043	-2,042	-2,034	-2,030	-2,027	-2,022	-2,014	-0,015	0,016	0,033	0,054	0,056	0,047	0,046	0,035	0,029	0,024	0,026	0,017	0,020	0,015	0,010	0,028	11,550
7,000	-1,623	-1,656	-1,659	-1,673	-1,672	-1,676	-1,680	-1,683	-1,682	-1,687	-1,688	-1,688	-1,689	-1,687	-1,682	-0,060	-0,037	-0,034	-0,019	-0,015	-0,014	-0,010	-0,012	-0,010	-0,006	-0,004	-0,001	-0,001	0,002	0,004	0,037	10,935
8,000	-5,130	-5,164	-5,161	-5,179	-5,170	-5,168	-5,166	-5,168	-5,168	-5,174	-5,173	-5,172	-5,175	-5,170	-5,168	-0,052	-0,032	-0,025	-0,007	-0,003	-0,000	0,002	-0,002	-0,003	-0,004	-0,001	-0,000	0,001	0,002	0,001	0,059	10,913
9,000	-2,060	-2,054	-2,070	-2,067	-2,052	-2,051	-2,040	-2,044	-2,035	-2,039	-2,029	-2,024	-2,006	-1,988	-1,965	0,001	-0,009	0,000	0,012	0,017	0,014	0,018	0,018	0,025	0,026	0,033	0,039	0,043	0,047	0,035	0,047	12,817
10,000	-1,496	-1,503	-1,488	-1,453	-1,427	-1,410	-1,401	-1,395	-1,391	-1,394	-1,390	-1,390	-1,384	-1,370	-1,357	-0,008	0,023	0,029	0,050	0,051	0,044	0,037	0,031	0,023	0,024	0,016	0,021	0,028	0,028	0,019	0,053	13,521
11,000	-2,954	-2,951	-2,943	-2,923	-2,905	-2,894	-2,888	-2,882	-2,873	-2,870	-2,863	-2,858	-2,854	-2,845	-2,837	-0,007	0,007	0,020	0,037	0,036	0,033	0,032	0,028	0,028	0,025	0,025	0,023	0,023	0,019	0,016	0,039	13,381
12,000	-4,403	-4,427	-4,418	-4,416	-4,404	-4,401	-4,399	-4,399	-4,396	-4,398	-4,395	-4,390	-4,380	-4,357	-4,333	-0,028	-0,009	-0,001	0,014	0,015	0,013	0,013	0,011	0,012	0,015	0,025	0,030	0,040	0,046	0,035	0,066	12,847
13,000	-1,929	-1,940	-1,957	-1,956	-1,948	-1,946	-1,941	-1,939	-1,936	-1,940	-1,935	-1,930	-1,923	-1,904	-1,889	-0,030	-0,027	-0,018	0,000	0,006	0,006	0,009	0,009	0,013	0,014	0,020	0,021	0,032	0,034	0,026	0,044	11,697
14,000	-3,295	-3,357	-3,350	-3,369	-3,355	-3,351	-3,350	-3,346	-3,342	-3,347	-3,343	-3,338	-3,329	-3,311	-3,290	-0,092	-0,052	-0,038	-0,008	0,003	0,008	0,009	0,011	0,014	0,013	0,018	0,026	0,032	0,037	0,029	0,050	11,616
15,000	-2,272	-2,263	-2,266	-2,248	-2,237	-2,234	-2,230	-2,228	-2,224	-2,229	-2,228	-2,227	-2,221	-2,214	-2,203	-0,006	0,007	0,009	0,019	0,015	0,011	0,012	0,008	0,009	0,008	0,009	0,011	0,015	0,017	0,014	0,059	12,092
	run	19	2022:11:15    09:43:28,045
0,000	-3,766	-3,827	-3,840	-3,871	-3,873	-3,878	-3,880	-3,882	-3,883	-3,887	-3,887	-3,887	-3,883	-3,874	-3,863	-0,111	-0,087	-0,067	-0,040	-0,027	-0,020	-0,016	-0,011	-0,009	-0,007	-0,003	0,006	0,013	0,020	0,014	0,050	10,942
1,000	-4,201	-4,236	-4,242	-4,210	-4,180	-4,162	-4,152	-4,144	-4,133	-4,133	-4,126	-4,116	-4,109	-4,092	-4,078	-0,070	-0,033	-0,003	0,047	0,052	0,046	0,044	0,039	0,034	0,028	0,032	0,034	0,034	0,034	0,025	0,048	11,235
2,000	-2,690	-2,733	-2,735	-2,746	-2,730	-2,717	-2,706	-2,697	-2,684	-2,678	-2,670	-2,663	-2,656	-2,645	-2,638	-0,071	-0,043	-0,028	0,011	0,027	0,034	0,037	0,038	0,035	0,032	0,030	0,031	0,027	0,026	0,018	0,038	11,653
3,000	-5,436	-5,496	-5,511	-5,500	-5,468	-5,451	-5,442	-5,441	-5,432	-5,438	-5,438	-5,435	-5,429	-5,414	-5,396	-0,085	-0,052	-0,023	0,028	0,038	0,032	0,026	0,024	0,019	0,013	0,015	0,023	0,026	0,029	0,023	0,079	12,473
4,000	-2,996	-3,056	-3,066	-3,087	-3,079	-3,080	-3,078	-3,071	-3,067	-3,064	-3,058	-3,052	-3,042	-3,022	-3,001	-0,105	-0,073	-0,056	-0,019	-0,002	0,004	0,009	0,010	0,015	0,020	0,028	0,034	0,038	0,044	0,033	0,042	12,312
5,000	-3,385	-3,416	-3,417	-3,410	-3,399	-3,396	-3,394	-3,391	-3,390	-3,390	-3,384	-3,379	-3,369	-3,348	-3,324	-0,079	-0,039	-0,019	0,006	0,011	0,010	0,013	0,013	0,013	0,018	0,026	0,033	0,041	0,047	0,038	0,048	11,257
6,000	-2,126	-2,126	-2,116	-2,084	-2,060	-2,048	-2,036	-2,025	-2,018	-2,014	-2,009	-2,006	-2,001	-1,995	-1,993	-0,018	0,003	0,026	0,047	0,053	0,043	0,043	0,035	0,029	0,024	0,020	0,025	0,020	0,016	0,008	0,026	11,646
7,000	-1,634	-1,661	-1,667	-1,678	-1,677	-1,681	-1,683	-1,684	-1,685	-1,690	-1,691	-1,690	-1,692	-1,688	-1,684	-0,058	-0,040	-0,030	-0,017	-0,017	-0,013	-0,009	-0,010	-0,010	-0,006	-0,006	-0,001	0,001	0,002	0,004	0,038	11,008
8,000	-5,132	-5,167	-5,171	-5,185	-5,179	-5,173	-5,172	-5,172	-5,167	-5,174	-5,175	-5,173	-5,182	-5,175	-5,175	-0,043	-0,035	-0,024	-0,004	-0,000	0,001	0,003	-0,002	0,000	-0,004	-0,005	-0,006	0,001	0,002	0,002	0,061	10,898
9,000	-2,127	-2,118	-2,128	-2,125	-2,113	-2,109	-2,110	-2,104	-2,098	-2,100	-2,092	-2,082	-2,071	-2,047	-2,022	-0,003	-0,013	-0,006	0,012	0,016	0,014	0,022	0,022	0,023	0,022	0,034	0,037	0,042	0,046	0,038	0,051	12,817
10,000	-1,494	-1,501	-1,485	-1,452	-1,423	-1,405	-1,401	-1,392	-1,391	-1,390	-1,390	-1,386	-1,377	-1,370	-1,355	-0,014	0,023	0,030	0,053	0,053	0,043	0,038	0,029	0,025	0,021	0,020	0,022	0,028	0,026	0,021	0,054	13,550
11,000	-2,975	-2,978	-2,967	-2,948	-2,929	-2,918	-2,909	-2,905	-2,895	-2,892	-2,886	-2,881	-2,875	-2,866	-2,856	-0,004	0,008	0,023	0,037	0,037	0,033	0,034	0,031	0,028	0,027	0,025	0,024	0,023	0,022	0,015	0,040	13,337
12,000	-4,445	-4,466	-4,461	-4,455	-4,444	-4,440	-4,440	-4,437	-4,436	-4,439	-4,436	-4,431	-4,420	-4,397	-4,373	-0,028	-0,014	-0,002	0,014	0,016	0,011	0,011	0,013	0,011	0,015	0,020	0,030	0,039	0,045	0,036	0,067	12,810
13,000	-1,946	-1,957	-1,975	-1,969	-1,961	-1,959	-1,955	-1,953	-1,950	-1,950	-1,948	-1,945	-1,933	-1,918	-1,900	-0,030	-0,026	-0,022	0,003	0,005	0,008	0,011	0,012	0,012	0,015	0,022	0,025	0,032	0,035	0,029	0,044	11,653
14,000	-3,314	-3,383	-3,371	-3,390	-3,377	-3,376	-3,370	-3,369	-3,364	-3,369	-3,364	-3,358	-3,351	-3,331	-3,311	-0,098	-0,051	-0,040	-0,009	0,004	0,006	0,009	0,012	0,013	0,013	0,017	0,025	0,033	0,038	0,029	0,050	11,580
15,000	-2,279	-2,271	-2,274	-2,252	-2,245	-2,242	-2,236	-2,236	-2,232	-2,236	-2,235	-2,234	-2,227	-2,220	-2,212	-0,002	0,006	0,011	0,020	0,017	0,012	0,011	0,010	0,009	0,009	0,010	0,012	0,016	0,016	0,015	0,060	12,078
	run	20	2022:11:15    09:43:28,090
0,000	-3,766	-3,828	-3,841	-3,871	-3,871	-3,876	-3,881	-3,883	-3,881	-3,888	-3,886	-3,886	-3,883	-3,873	-3,863	-0,110	-0,085	-0,069	-0,038	-0,027	-0,019	-0,016	-0,010	-0,008	-0,007	-0,001	0,009	0,013	0,018	0,014	0,050	10,906
1,000	-4,196	-4,232	-4,237	-4,210	-4,177	-4,160	-4,150	-4,142	-4,133	-4,132	-4,124	-4,117	-4,109	-4,094	-4,078	-0,068	-0,034	-0,005	0,045	0,052	0,042	0,041	0,037	0,036	0,031	0,034	0,033	0,032	0,034	0,025	0,048	11,206
2,000	-2,690	-2,733	-2,735	-2,746	-2,730	-2,717	-2,706	-2,697	-2,684	-2,678	-2,670	-2,663	-2,656	-2,645	-2,638	-0,071	-0,043	-0,028	0,011	0,027	0,034	0,037	0,038	0,035	0,032	0,030	0,031	0,027	0,026	0,018	0,038	11,653
3,000	-5,436	-5,496	-5,511	-5,500	-5,468	-5,451	-5,442	-5,441	-5,432	-5,438	-5,438	-5,435	-5,429	-5,414	-5,396	-0,085	-0,052	-0,023	0,028	0,038	0,032	0,026	0,024	0,019	0,013	0,015	0,023	0,026	0,029	0,023	0,079	12,473
4,000	-2,996	-3,056	-3,066	-3,087	-3,079	-3,080	-3,078	-3,071	-3,067	-3,064	-3,058	-3,052	-3,042	-3,022	-3,001	-0,105	-0,073	-0,056	-0,019	-0,002	0,004	0,009	0,010	0,015	0,020	0,028	0,034	0,038	0,044	0,033	0,042	12,312
5,000	-3,385	-3,416	-3,417	-3,410	-3,399	-3,396	-3,394	-3,391	-3,390	-3,390	-3,384	-3,379	-3,369	-3,348	-3,324	-0,079	-0,039	-0,019	0,006	0,011	0,010	0,013	0,013	0,013	0,018	0,026	0,033	0,041	0,047	0,038	0,048	11,257
6,000	-2,126	-2,126	-2,116	-2,084	-2,060	-2,048	-2,036	-2,025	-2,018	-2,014	-2,009	-2,006	-2,001	-1,995	-1,993	-0,018	0,003	0,026	0,047	0,053	0,043	0,043	0,035	0,029	0,024	0,020	0,025	0,020	0,016	0,008	0,026	11,646
7,000	-1,634	-1,661	-1,667	-1,678	-1,677	-1,681	-1,683	-1,684	-1,685	-1,690	-1,691	-1,690	-1,692	-1,688	-1,684	-0,058	-0,040	-0,030	-0,017	-0,017	-0,013	-0,009	-0,010	-0,010	-0,006	-0,006	-0,001	0,001	0,002	0,004	0,038	11,008
8,000	-5,157	-5,195	-5,191	-5,207	-5,199	-5,197	-5,196	-5,197	-5,192	-5,201	-5,203	-5,204	-5,198	-5,200	-5,196	-0,047	-0,037	-0,025	-0,007	0,002	0,003	-0,003	-0,000	-0,002	-0,007	-0,003	-0,002	-0,000	0,003	0,002	0,061	10,913
9,000	-2,117	-2,119	-2,127	-2,124	-2,115	-2,107	-2,108	-2,098	-2,096	-2,095	-2,086	-2,079	-2,067	-2,046	-2,021	-0,000	-0,010	-0,001	0,013	0,017	0,018	0,015	0,018	0,023	0,027	0,030	0,037	0,045	0,046	0,033	0,049	12,788
10,000	-1,519	-1,524	-1,504	-1,472	-1,447	-1,427	-1,419	-1,412	-1,409	-1,408	-1,405	-1,404	-1,395	-1,384	-1,373	-0,010	0,030	0,034	0,056	0,055	0,045	0,039	0,032	0,022	0,023	0,020	0,019	0,026	0,027	0,023	0,054	13,491
11,000	-3,005	-2,998	-2,988	-2,970	-2,951	-2,940	-2,933	-2,928	-2,921	-2,919	-2,911	-2,903	-2,899	-2,889	-2,881	-0,007	0,013	0,021	0,037	0,038	0,034	0,034	0,031	0,028	0,026	0,026	0,024	0,023	0,022	0,015	0,040	13,337
12,000	-4,471	-4,500	-4,491	-4,488	-4,477	-4,473	-4,473	-4,473	-4,472	-4,473	-4,470	-4,464	-4,452	-4,432	-4,408	-0,032	-0,015	-0,001	0,011	0,014	0,012	0,013	0,012	0,012	0,015	0,024	0,031	0,038	0,047	0,036	0,067	12,788
13,000	-1,959	-1,970	-1,982	-1,979	-1,972	-1,970	-1,967	-1,965	-1,963	-1,964	-1,960	-1,951	-1,941	-1,927	-1,907	-0,035	-0,022	-0,018	0,004	0,006	0,008	0,009	0,011	0,010	0,014	0,021	0,027	0,031	0,036	0,030	0,044	11,631
14,000	-3,336	-3,406	-3,394	-3,409	-3,396	-3,394	-3,392	-3,389	-3,386	-3,388	-3,382	-3,377	-3,370	-3,352	-3,332	-0,091	-0,051	-0,038	-0,005	0,005	0,009	0,012	0,012	0,012	0,012	0,020	0,025	0,032	0,037	0,027	0,049	11,558
15,000	-2,298	-2,288	-2,291	-2,271	-2,259	-2,257	-2,252	-2,253	-2,247	-2,249	-2,250	-2,248	-2,244	-2,235	-2,228	-0,000	0,012	0,012	0,019	0,019	0,014	0,011	0,010	0,007	0,008	0,011	0,011	0,016	0,016	0,014	0,059	12,041
	run	21	2022:11:15    09:43:28,190
0,000	-3,793	-3,855	-3,865	-3,898	-3,899	-3,903	-3,904	-3,908	-3,907	-3,915	-3,914	-3,913	-3,911	-3,898	-3,889	-0,116	-0,083	-0,068	-0,039	-0,027	-0,020	-0,017	-0,012	-0,010	-0,006	-0,000	0,008	0,012	0,017	0,013	0,050	10,906
1,000	-4,204	-4,238	-4,244	-4,215	-4,183	-4,165	-4,153	-4,147	-4,136	-4,134	-4,127	-4,120	-4,113	-4,096	-4,081	-0,073	-0,031	-0,005	0,046	0,053	0,044	0,044	0,039	0,035	0,031	0,034	0,032	0,034	0,035	0,024	0,048	11,199
2,000	-2,662	-2,704	-2,707	-2,719	-2,701	-2,689	-2,679	-2,668	-2,660	-2,654	-2,646	-2,637	-2,632	-2,620	-2,613	-0,070	-0,044	-0,028	0,011	0,025	0,032	0,037	0,035	0,036	0,032	0,033	0,029	0,026	0,023	0,017	0,039	11,653
3,000	-5,347	-5,408	-5,421	-5,414	-5,387	-5,367	-5,364	-5,359	-5,355	-5,361	-5,358	-5,354	-5,351	-5,332	-5,317	-0,086	-0,057	-0,030	0,025	0,032	0,027	0,023	0,020	0,019	0,009	0,015	0,023	0,026	0,030	0,022	0,078	12,510
4,000	-2,951	-3,010	-3,021	-3,039	-3,035	-3,029	-3,028	-3,024	-3,018	-3,017	-3,011	-3,007	-2,995	-2,975	-2,954	-0,103	-0,071	-0,052	-0,015	-0,004	0,003	0,010	0,014	0,016	0,019	0,025	0,031	0,036	0,041	0,032	0,041	12,371
5,000	-3,353	-3,387	-3,386	-3,383	-3,373	-3,368	-3,365	-3,364	-3,361	-3,363	-3,358	-3,354	-3,342	-3,321	-3,297	-0,084	-0,044	-0,025	0,006	0,010	0,013	0,012	0,010	0,015	0,017	0,026	0,033	0,040	0,047	0,036	0,049	11,309
6,000	-2,107	-2,107	-2,101	-2,062	-2,042	-2,025	-2,020	-2,005	-2,002	-1,992	-1,991	-1,987	-1,986	-1,978	-1,972	-0,018	0,006	0,021	0,049	0,052	0,044	0,041	0,040	0,031	0,027	0,021	0,018	0,017	0,015	0,010	0,027	11,689
7,000	-1,625	-1,656	-1,659	-1,672	-1,675	-1,678	-1,682	-1,684	-1,684	-1,687	-1,690	-1,689	-1,688	-1,686	-1,684	-0,051	-0,042	-0,031	-0,015	-0,014	-0,015	-0,011	-0,011	-0,009	-0,007	-0,004	-0,005	0,002	0,003	0,002	0,038	11,016
8,000	-5,143	-5,179	-5,181	-5,196	-5,187	-5,181	-5,180	-5,180	-5,179	-5,183	-5,183	-5,184	-5,185	-5,180	-5,183	-0,049	-0,034	-0,028	-0,005	0,001	-0,001	0,004	-0,001	-0,001	-0,005	-0,005	-0,001	-0,000	0,003	0,004	0,061	10,942
9,000	-2,122	-2,122	-2,136	-2,125	-2,117	-2,112	-2,109	-2,104	-2,100	-2,095	-2,090	-2,082	-2,072	-2,050	-2,023	-0,002	-0,022	-0,003	0,018	0,015	0,016	0,016	0,025	0,024	0,021	0,032	0,042	0,045	0,050	0,034	0,048	12,817
10,000	-1,524	-1,533	-1,515	-1,480	-1,450	-1,435	-1,420	-1,418	-1,413	-1,412	-1,411	-1,411	-1,402	-1,390	-1,377	-0,012	0,025	0,036	0,058	0,056	0,045	0,036	0,032	0,023	0,019	0,019	0,021	0,026	0,026	0,022	0,054	13,499
11,000	-3,025	-3,023	-3,011	-2,992	-2,972	-2,961	-2,954	-2,949	-2,939	-2,936	-2,931	-2,925	-2,921	-2,910	-2,902	-0,002	0,015	0,024	0,035	0,039	0,036	0,033	0,031	0,029	0,026	0,024	0,025	0,023	0,021	0,016	0,040	13,345
12,000	-4,505	-4,528	-4,523	-4,518	-4,508	-4,503	-4,502	-4,501	-4,499	-4,502	-4,497	-4,492	-4,483	-4,459	-4,435	-0,027	-0,012	-0,006	0,012	0,015	0,010	0,013	0,012	0,013	0,015	0,023	0,030	0,043	0,046	0,037	0,067	12,788
13,000	-1,965	-1,978	-1,990	-1,991	-1,982	-1,981	-1,973	-1,970	-1,966	-1,967	-1,968	-1,965	-1,950	-1,938	-1,915	-0,030	-0,023	-0,020	0,006	0,007	0,005	0,010	0,011	0,014	0,021	0,021	0,027	0,034	0,036	0,027	0,043	11,616
14,000	-3,357	-3,426	-3,415	-3,432	-3,419	-3,414	-3,413	-3,411	-3,407	-3,409	-3,405	-3,399	-3,391	-3,372	-3,352	-0,091	-0,049	-0,038	-0,005	0,004	0,009	0,011	0,013	0,012	0,013	0,020	0,025	0,034	0,037	0,030	0,049	11,536
15,000	-2,307	-2,293	-2,296	-2,277	-2,266	-2,263	-2,259	-2,257	-2,254	-2,257	-2,255	-2,255	-2,250	-2,240	-2,231	-0,003	0,010	0,010	0,019	0,016	0,012	0,012	0,011	0,010	0,008	0,010	0,013	0,018	0,016	0,014	0,059	12,056
	run	22	2022:11:15    09:43:28,241
0,000	-3,793	-3,855	-3,865	-3,898	-3,899	-3,903	-3,904	-3,908	-3,907	-3,915	-3,914	-3,913	-3,911	-3,898	-3,889	-0,116	-0,083	-0,068	-0,039	-0,027	-0,020	-0,017	-0,012	-0,010	-0,006	-0,000	0,008	0,012	0,017	0,013	0,050	10,906
1,000	-4,204	-4,238	-4,244	-4,215	-4,183	-4,165	-4,153	-4,147	-4,136	-4,134	-4,127	-4,120	-4,113	-4,096	-4,081	-0,073	-0,031	-0,005	0,046	0,053	0,044	0,044	0,039	0,035	0,031	0,034	0,032	0,034	0,035	0,024	0,048	11,199
2,000	-2,662	-2,704	-2,707	-2,719	-2,701	-2,689	-2,679	-2,668	-2,660	-2,654	-2,646	-2,637	-2,632	-2,620	-2,613	-0,070	-0,044	-0,028	0,011	0,025	0,032	0,037	0,035	0,036	0,032	0,033	0,029	0,026	0,023	0,017	0,039	11,653
3,000	-5,347	-5,408	-5,421	-5,414	-5,387	-5,367	-5,364	-5,359	-5,355	-5,361	-5,358	-5,354	-5,351	-5,332	-5,317	-0,086	-0,057	-0,030	0,025	0,032	0,027	0,023	0,020	0,019	0,009	0,015	0,023	0,026	0,030	0,022	0,078	12,510
4,000	-2,951	-3,010	-3,021	-3,039	-3,035	-3,029	-3,028	-3,024	-3,018	-3,017	-3,011	-3,007	-2,995	-2,975	-2,954	-0,103	-0,071	-0,052	-0,015	-0,004	0,003	0,010	0,014	0,016	0,019	0,025	0,031	0,036	0,041	0,032	0,041	12,371
5,000	-3,353	-3,387	-3,386	-3,383	-3,373	-3,368	-3,365	-3,364	-3,361	-3,363	-3,358	-3,354	-3,342	-3,321	-3,297	-0,084	-0,044	-0,025	0,006	0,010	0,013	0,012	0,010	0,015	0,017	0,026	0,033	0,040	0,047	0,036	0,049	11,309
6,000	-2,103	-2,110	-2,102	-2,072	-2,046	-2,030	-2,017	-2,014	-2,002	-2,000	-1,998	-1,986	-1,990	-1,982	-1,976	-0,017	0,005	0,025	0,048	0,051	0,045	0,042	0,036	0,031	0,028	0,025	0,020	0,017	0,015	0,014	0,027	11,667
7,000	-1,619	-1,655	-1,662	-1,672	-1,676	-1,677	-1,680	-1,682	-1,684	-1,687	-1,690	-1,691	-1,689	-1,686	-1,685	-0,056	-0,041	-0,031	-0,018	-0,015	-0,012	-0,010	-0,011	-0,008	-0,008	-0,006	-0,002	0,000	0,003	0,003	0,038	11,016
8,000	-5,123	-5,163	-5,163	-5,176	-5,168	-5,166	-5,157	-5,161	-5,160	-5,170	-5,169	-5,166	-5,165	-5,166	-5,164	-0,050	-0,031	-0,022	-0,005	0,002	0,001	-0,000	-0,001	-0,001	-0,001	-0,002	-0,001	0,001	0,001	0,001	0,060	10,928
9,000	-2,134	-2,125	-2,146	-2,137	-2,126	-2,123	-2,115	-2,114	-2,106	-2,108	-2,103	-2,092	-2,076	-2,062	-2,037	-0,001	-0,013	-0,002	0,014	0,020	0,013	0,018	0,015	0,027	0,026	0,032	0,039	0,040	0,044	0,036	0,048	12,817
10,000	-1,513	-1,528	-1,503	-1,470	-1,442	-1,429	-1,416	-1,412	-1,406	-1,404	-1,404	-1,407	-1,394	-1,385	-1,369	-0,009	0,029	0,035	0,055	0,054	0,045	0,037	0,031	0,026	0,018	0,022	0,019	0,025	0,027	0,020	0,053	13,528
11,000	-3,018	-3,017	-3,005	-2,985	-2,968	-2,956	-2,948	-2,943	-2,934	-2,932	-2,926	-2,919	-2,913	-2,905	-2,897	-0,001	0,016	0,023	0,039	0,038	0,033	0,033	0,032	0,029	0,027	0,025	0,024	0,022	0,022	0,015	0,040	13,352
12,000	-4,495	-4,521	-4,518	-4,513	-4,501	-4,497	-4,496	-4,495	-4,494	-4,495	-4,492	-4,488	-4,475	-4,455	-4,428	-0,030	-0,012	-0,003	0,011	0,015	0,012	0,011	0,013	0,012	0,016	0,022	0,031	0,039	0,046	0,037	0,067	12,781
13,000	-1,962	-1,977	-1,990	-1,991	-1,983	-1,980	-1,976	-1,974	-1,967	-1,969	-1,967	-1,961	-1,951	-1,937	-1,916	-0,034	-0,025	-0,021	0,005	0,006	0,009	0,011	0,017	0,010	0,017	0,021	0,028	0,032	0,036	0,030	0,044	11,624
14,000	-3,353	-3,419	-3,409	-3,426	-3,413	-3,409	-3,407	-3,403	-3,401	-3,404	-3,399	-3,395	-3,387	-3,369	-3,348	-0,094	-0,050	-0,037	-0,005	0,005	0,008	0,010	0,011	0,012	0,013	0,019	0,026	0,032	0,037	0,030	0,049	11,550
15,000	-2,301	-2,293	-2,291	-2,275	-2,263	-2,258	-2,255	-2,254	-2,250	-2,254	-2,253	-2,252	-2,246	-2,239	-2,229	-0,001	0,010	0,012	0,022	0,017	0,012	0,012	0,011	0,010	0,010	0,010	0,011	0,016	0,015	0,013	0,059	12,056
	run	23	2022:11:15    09:43:28,341
0,000	-3,759	-3,819	-3,831	-3,864	-3,863	-3,868	-3,871	-3,872	-3,872	-3,879	-3,877	-3,876	-3,873	-3,864	-3,854	-0,109	-0,084	-0,068	-0,038	-0,026	-0,022	-0,017	-0,013	-0,009	-0,005	0,000	0,007	0,012	0,016	0,013	0,048	10,913
1,000	-4,196	-4,235	-4,237	-4,210	-4,180	-4,158	-4,148	-4,144	-4,131	-4,133	-4,125	-4,117	-4,108	-4,091	-4,078	-0,068	-0,034	-0,002	0,046	0,052	0,043	0,041	0,039	0,036	0,031	0,033	0,034	0,036	0,034	0,023	0,047	11,235
2,000	-2,689	-2,737	-2,738	-2,748	-2,729	-2,717	-2,705	-2,697	-2,684	-2,679	-2,669	-2,663	-2,658	-2,645	-2,635	-0,070	-0,041	-0,028	0,012	0,028	0,034	0,037	0,034	0,035	0,032	0,030	0,030	0,027	0,024	0,017	0,039	11,667
3,000	-5,462	-5,526	-5,537	-5,523	-5,495	-5,475	-5,468	-5,464	-5,458	-5,466	-5,464	-5,460	-5,456	-5,437	-5,421	-0,083	-0,055	-0,024	0,028	0,040	0,034	0,028	0,023	0,018	0,016	0,016	0,023	0,025	0,030	0,026	0,080	12,466
4,000	-2,984	-3,035	-3,052	-3,070	-3,064	-3,062	-3,060	-3,056	-3,051	-3,051	-3,044	-3,037	-3,029	-3,007	-2,985	-0,101	-0,071	-0,055	-0,018	-0,004	0,004	0,011	0,012	0,015	0,022	0,025	0,034	0,037	0,039	0,035	0,042	12,349
5,000	-3,379	-3,410	-3,411	-3,407	-3,394	-3,394	-3,388	-3,389	-3,385	-3,386	-3,384	-3,377	-3,365	-3,345	-3,318	-0,081	-0,044	-0,021	0,003	0,012	0,012	0,013	0,011	0,014	0,019	0,026	0,035	0,040	0,045	0,038	0,050	11,272
6,000	-2,115	-2,125	-2,113	-2,083	-2,060	-2,037	-2,028	-2,029	-2,018	-2,013	-2,007	-2,001	-1,998	-1,999	-1,986	-0,021	0,005	0,023	0,053	0,045	0,046	0,044	0,036	0,031	0,023	0,021	0,022	0,016	0,016	0,015	0,028	11,653
7,000	-1,627	-1,659	-1,665	-1,674	-1,676	-1,679	-1,684	-1,683	-1,686	-1,690	-1,691	-1,693	-1,692	-1,689	-1,686	-0,058	-0,042	-0,033	-0,019	-0,016	-0,013	-0,013	-0,009	-0,009	-0,007	-0,004	-0,003	-0,001	0,003	0,002	0,038	11,001
8,000	-5,136	-5,177	-5,178	-5,193	-5,179	-5,180	-5,177	-5,176	-5,178	-5,179	-5,186	-5,181	-5,186	-5,179	-5,176	-0,040	-0,031	-0,024	-0,006	0,004	-0,001	-0,000	-0,001	-0,000	-0,003	-0,004	0,004	-0,003	0,004	0,000	0,060	10,935
9,000	-2,098	-2,089	-2,101	-2,095	-2,093	-2,084	-2,080	-2,075	-2,071	-2,070	-2,065	-2,055	-2,045	-2,019	-2,001	-0,002	-0,008	-0,007	0,012	0,016	0,015	0,017	0,021	0,022	0,023	0,035	0,038	0,045	0,045	0,036	0,047	12,825
10,000	-1,504	-1,519	-1,499	-1,469	-1,439	-1,420	-1,411	-1,408	-1,404	-1,401	-1,398	-1,397	-1,389	-1,379	-1,366	-0,011	0,026	0,032	0,055	0,052	0,041	0,039	0,030	0,027	0,023	0,021	0,023	0,025	0,025	0,022	0,054	13,513
11,000	-2,985	-2,984	-2,973	-2,951	-2,933	-2,922	-2,914	-2,908	-2,901	-2,898	-2,891	-2,886	-2,880	-2,871	-2,862	-0,005	0,013	0,020	0,037	0,037	0,033	0,033	0,032	0,030	0,027	0,025	0,025	0,025	0,020	0,015	0,039	13,374
12,000	-4,450	-4,474	-4,467	-4,464	-4,452	-4,449	-4,448	-4,448	-4,445	-4,448	-4,444	-4,439	-4,428	-4,406	-4,381	-0,034	-0,010	-0,004	0,011	0,015	0,012	0,011	0,012	0,011	0,014	0,019	0,029	0,040	0,045	0,036	0,067	12,810
13,000	-1,953	-1,967	-1,973	-1,974	-1,968	-1,966	-1,961	-1,959	-1,954	-1,955	-1,957	-1,948	-1,938	-1,925	-1,905	-0,035	-0,024	-0,016	0,008	0,007	0,008	0,012	0,010	0,017	0,016	0,020	0,022	0,033	0,037	0,030	0,044	11,653
14,000	-3,335	-3,399	-3,391	-3,405	-3,395	-3,391	-3,390	-3,386	-3,381	-3,385	-3,380	-3,374	-3,366	-3,350	-3,329	-0,094	-0,055	-0,034	-0,006	0,005	0,006	0,010	0,013	0,012	0,013	0,020	0,025	0,033	0,038	0,028	0,049	11,565
15,000	-2,290	-2,280	-2,281	-2,262	-2,252	-2,248	-2,245	-2,243	-2,240	-2,242	-2,243	-2,241	-2,236	-2,228	-2,220	0,001	0,010	0,013	0,020	0,017	0,012	0,011	0,010	0,007	0,008	0,010	0,011	0,016	0,017	0,015	0,059	12,048
	run	24	2022:11:15    09:43:28,441
0,000	-3,774	-3,835	-3,847	-3,879	-3,880	-3,882	-3,886	-3,889	-3,888	-3,895	-3,893	-3,894	-3,892	-3,880	-3,870	-0,114	-0,084	-0,067	-0,039	-0,028	-0,021	-0,017	-0,012	-0,009	-0,005	0,000	0,007	0,013	0,018	0,015	0,049	10,935
1,000	-4,212	-4,249	-4,252	-4,221	-4,190	-4,172	-4,160	-4,154	-4,144	-4,144	-4,134	-4,125	-4,120	-4,101	-4,088	-0,064	-0,031	-0,000	0,047	0,054	0,047	0,042	0,040	0,036	0,032	0,033	0,034	0,035	0,035	0,025	0,047	11,228
2,000	-2,711	-2,759	-2,757	-2,769	-2,751	-2,735	-2,726	-2,716	-2,704	-2,700	-2,691	-2,683	-2,677	-2,665	-2,657	-0,067	-0,044	-0,026	0,010	0,029	0,035	0,037	0,037	0,036	0,031	0,031	0,028	0,027	0,025	0,017	0,038	11,638
3,000	-5,503	-5,560	-5,573	-5,553	-5,522	-5,504	-5,496	-5,491	-5,488	-5,492	-5,491	-5,489	-5,482	-5,464	-5,447	-0,084	-0,045	-0,024	0,034	0,042	0,034	0,029	0,025	0,018	0,015	0,018	0,025	0,026	0,031	0,024	0,078	12,444
4,000	-3,047	-3,107	-3,117	-3,138	-3,135	-3,131	-3,129	-3,124	-3,122	-3,117	-3,112	-3,106	-3,097	-3,074	-3,053	-0,103	-0,073	-0,054	-0,022	-0,008	0,003	0,010	0,013	0,015	0,020	0,026	0,035	0,038	0,041	0,032	0,043	12,253
5,000	-3,457	-3,488	-3,494	-3,484	-3,475	-3,469	-3,466	-3,466	-3,465	-3,462	-3,460	-3,455	-3,442	-3,421	-3,397	-0,084	-0,043	-0,018	0,007	0,012	0,011	0,014	0,012	0,015	0,020	0,026	0,034	0,042	0,046	0,041	0,050	11,169
6,000	-2,139	-2,147	-2,142	-2,105	-2,079	-2,065	-2,056	-2,043	-2,040	-2,041	-2,031	-2,022	-2,021	-2,017	-2,013	-0,020	0,006	0,026	0,050	0,057	0,046	0,039	0,037	0,030	0,023	0,021	0,024	0,023	0,020	0,012	0,027	11,558
7,000	-1,631	-1,665	-1,664	-1,680	-1,681	-1,686	-1,689	-1,688	-1,691	-1,695	-1,697	-1,696	-1,699	-1,691	-1,690	-0,056	-0,037	-0,035	-0,018	-0,015	-0,014	-0,011	-0,012	-0,011	-0,009	-0,007	-0,001	0,000	0,004	0,003	0,039	10,964
8,000	-5,141	-5,176	-5,179	-5,190	-5,182	-5,178	-5,178	-5,176	-5,171	-5,181	-5,179	-5,183	-5,186	-5,176	-5,177	-0,039	-0,032	-0,021	-0,007	-0,001	-0,000	0,001	0,005	-0,005	-0,003	-0,003	0,001	0,002	0,001	0,005	0,060	10,928
9,000	-2,081	-2,079	-2,090	-2,088	-2,076	-2,073	-2,065	-2,065	-2,061	-2,055	-2,051	-2,039	-2,029	-2,010	-1,983	0,004	-0,015	-0,004	0,016	0,017	0,014	0,015	0,020	0,021	0,026	0,032	0,037	0,043	0,042	0,037	0,048	12,832
10,000	-1,499	-1,511	-1,492	-1,460	-1,432	-1,417	-1,408	-1,397	-1,396	-1,398	-1,396	-1,391	-1,384	-1,374	-1,362	-0,013	0,024	0,033	0,052	0,052	0,045	0,041	0,029	0,026	0,021	0,018	0,020	0,026	0,027	0,022	0,054	13,521
11,000	-2,969	-2,968	-2,959	-2,940	-2,922	-2,910	-2,903	-2,897	-2,890	-2,886	-2,880	-2,874	-2,868	-2,859	-2,853	-0,004	0,012	0,021	0,035	0,037	0,034	0,034	0,032	0,028	0,026	0,024	0,024	0,023	0,023	0,014	0,039	13,389
12,000	-4,424	-4,445	-4,438	-4,436	-4,425	-4,419	-4,420	-4,417	-4,415	-4,419	-4,414	-4,410	-4,400	-4,378	-4,353	-0,027	-0,010	-0,001	0,015	0,016	0,013	0,013	0,012	0,013	0,013	0,021	0,031	0,038	0,045	0,038	0,066	12,832
13,000	-1,934	-1,947	-1,959	-1,957	-1,952	-1,947	-1,947	-1,945	-1,938	-1,940	-1,940	-1,936	-1,924	-1,908	-1,892	-0,031	-0,023	-0,021	0,005	0,007	0,006	0,010	0,013	0,009	0,015	0,020	0,023	0,034	0,034	0,028	0,043	11,675
14,000	-3,308	-3,372	-3,366	-3,380	-3,369	-3,362	-3,364	-3,359	-3,357	-3,357	-3,357	-3,349	-3,341	-3,322	-3,302	-0,094	-0,051	-0,039	-0,007	0,006	0,009	0,009	0,010	0,013	0,011	0,017	0,025	0,032	0,038	0,029	0,050	11,609
15,000	-2,275	-2,267	-2,270	-2,251	-2,240	-2,238	-2,234	-2,233	-2,229	-2,232	-2,232	-2,231	-2,225	-2,214	-2,210	-0,004	0,007	0,010	0,020	0,015	0,011	0,010	0,012	0,010	0,008	0,008	0,013	0,016	0,016	0,014	0,059	12,100
	run	25	2022:11:15    09:43:28,489
0,000	-3,781	-3,845	-3,859	-3,892	-3,892	-3,897	-3,902	-3,902	-3,902	-3,908	-3,908	-3,908	-3,905	-3,894	-3,881	-0,110	-0,085	-0,068	-0,040	-0,030	-0,022	-0,016	-0,014	-0,009	-0,007	0,002	0,006	0,014	0,018	0,014	0,049	10,950
1,000	-4,246	-4,282	-4,283	-4,251	-4,220	-4,199	-4,188	-4,179	-4,168	-4,167	-4,159	-4,151	-4,143	-4,129	-4,114	-0,066	-0,029	0,001	0,050	0,056	0,048	0,046	0,040	0,037	0,034	0,035	0,034	0,036	0,036	0,025	0,048	11,213
2,000	-2,711	-2,759	-2,757	-2,769	-2,751	-2,735	-2,726	-2,716	-2,704	-2,700	-2,691	-2,683	-2,677	-2,665	-2,657	-0,067	-0,044	-0,026	0,010	0,029	0,035	0,037	0,037	0,036	0,031	0,031	0,028	0,027	0,025	0,017	0,038	11,638
3,000	-5,503	-5,560	-5,573	-5,553	-5,522	-5,504	-5,496	-5,491	-5,488	-5,492	-5,491	-5,489	-5,482	-5,464	-5,447	-0,084	-0,045	-0,024	0,034	0,042	0,034	0,029	0,025	0,018	0,015	0,018	0,025	0,026	0,031	0,024	0,078	12,444
4,000	-3,047	-3,107	-3,117	-3,138	-3,135	-3,131	-3,129	-3,124	-3,122	-3,117	-3,112	-3,106	-3,097	-3,074	-3,053	-0,103	-0,073	-0,054	-0,022	-0,008	0,003	0,010	0,013	0,015	0,020	0,026	0,035	0,038	0,041	0,032	0,043	12,253
5,000	-3,457	-3,488	-3,494	-3,484	-3,475	-3,469	-3,466	-3,466	-3,465	-3,462	-3,460	-3,455	-3,442	-3,421	-3,397	-0,084	-0,043	-0,018	0,007	0,012	0,011	0,014	0,012	0,015	0,020	0,026	0,034	0,042	0,046	0,041	0,050	11,169
6,000	-2,139	-2,147	-2,142	-2,105	-2,079	-2,065	-2,056	-2,043	-2,040	-2,041	-2,031	-2,022	-2,021	-2,017	-2,013	-0,020	0,006	0,026	0,050	0,057	0,046	0,039	0,037	0,030	0,023	0,021	0,024	0,023	0,020	0,012	0,027	11,558
7,000	-1,631	-1,665	-1,664	-1,680	-1,681	-1,686	-1,689	-1,688	-1,691	-1,695	-1,697	-1,696	-1,699	-1,691	-1,690	-0,056	-0,037	-0,035	-0,018	-0,015	-0,014	-0,011	-0,012	-0,011	-0,009	-0,007	-0,001	0,000	0,004	0,003	0,039	10,964
8,000	-5,119	-5,161	-5,163	-5,174	-5,164	-5,162	-5,164	-5,163	-5,159	-5,168	-5,167	-5,167	-5,169	-5,163	-5,161	-0,043	-0,034	-0,025	-0,006	-0,001	-0,001	-0,003	0,000	-0,000	-0,005	-0,001	0,003	0,001	0,002	0,002	0,060	10,913
9,000	-2,100	-2,095	-2,108	-2,100	-2,093	-2,087	-2,086	-2,083	-2,076	-2,076	-2,068	-2,061	-2,051	-2,026	-2,005	-0,001	-0,012	-0,005	0,013	0,017	0,012	0,012	0,020	0,022	0,023	0,033	0,035	0,042	0,046	0,035	0,047	12,825
10,000	-1,496	-1,502	-1,487	-1,454	-1,423	-1,408	-1,401	-1,393	-1,390	-1,391	-1,390	-1,386	-1,379	-1,365	-1,356	-0,011	0,024	0,036	0,052	0,051	0,045	0,037	0,030	0,021	0,020	0,019	0,021	0,025	0,029	0,021	0,053	13,550
11,000	-2,958	-2,958	-2,948	-2,932	-2,911	-2,902	-2,894	-2,889	-2,881	-2,878	-2,873	-2,864	-2,859	-2,850	-2,842	-0,009	0,006	0,023	0,037	0,037	0,035	0,034	0,030	0,030	0,028	0,027	0,023	0,022	0,019	0,014	0,039	13,396
12,000	-4,395	-4,418	-4,409	-4,407	-4,395	-4,390	-4,389	-4,386	-4,385	-4,389	-4,384	-4,381	-4,372	-4,348	-4,323	-0,027	-0,012	-0,000	0,012	0,015	0,011	0,011	0,010	0,012	0,015	0,023	0,029	0,039	0,043	0,035	0,066	12,839
13,000	-1,918	-1,931	-1,946	-1,945	-1,937	-1,936	-1,931	-1,932	-1,927	-1,929	-1,924	-1,921	-1,910	-1,895	-1,878	-0,035	-0,025	-0,020	0,001	0,001	0,005	0,009	0,012	0,016	0,011	0,017	0,022	0,032	0,033	0,034	0,043	11,704
14,000	-3,278	-3,342	-3,333	-3,350	-3,337	-3,334	-3,332	-3,330	-3,326	-3,327	-3,324	-3,318	-3,310	-3,291	-3,273	-0,096	-0,051	-0,039	-0,009	0,002	0,008	0,009	0,011	0,012	0,015	0,018	0,026	0,032	0,036	0,029	0,050	11,653
15,000	-2,278	-2,269	-2,272	-2,254	-2,241	-2,239	-2,237	-2,236	-2,232	-2,234	-2,233	-2,232	-2,228	-2,218	-2,211	-0,006	0,007	0,008	0,019	0,017	0,011	0,010	0,011	0,007	0,009	0,008	0,011	0,016	0,016	0,013	0,059	12,114
	run	26	2022:11:15    09:43:28,589
0,000	-3,796	-3,861	-3,876	-3,904	-3,907	-3,912	-3,915	-3,918	-3,917	-3,924	-3,926	-3,922	-3,919	-3,910	-3,899	-0,109	-0,089	-0,067	-0,040	-0,029	-0,024	-0,017	-0,013	-0,009	-0,007	0,001	0,006	0,013	0,017	0,014	0,049	10,906
1,000	-4,268	-4,303	-4,310	-4,276	-4,242	-4,221	-4,212	-4,202	-4,192	-4,191	-4,183	-4,175	-4,167	-4,151	-4,135	-0,065	-0,030	0,004	0,050	0,058	0,046	0,046	0,041	0,038	0,032	0,035	0,037	0,036	0,036	0,026	0,048	11,169
2,000	-2,750	-2,792	-2,795	-2,805	-2,788	-2,773	-2,762	-2,751	-2,740	-2,735	-2,723	-2,717	-2,710	-2,700	-2,690	-0,066	-0,043	-0,025	0,013	0,029	0,035	0,039	0,039	0,036	0,031	0,033	0,031	0,030	0,027	0,018	0,038	11,602
3,000	-5,567	-5,617	-5,626	-5,607	-5,578	-5,557	-5,548	-5,544	-5,540	-5,543	-5,540	-5,537	-5,534	-5,517	-5,500	-0,084	-0,050	-0,017	0,037	0,043	0,035	0,031	0,025	0,021	0,017	0,020	0,023	0,029	0,034	0,026	0,079	12,393
4,000	-3,058	-3,116	-3,130	-3,148	-3,148	-3,142	-3,140	-3,138	-3,133	-3,131	-3,123	-3,116	-3,106	-3,085	-3,065	-0,102	-0,073	-0,055	-0,020	-0,006	0,002	0,009	0,012	0,015	0,020	0,026	0,032	0,038	0,043	0,033	0,042	12,209
5,000	-3,439	-3,471	-3,471	-3,464	-3,453	-3,447	-3,443	-3,442	-3,440	-3,439	-3,436	-3,430	-3,419	-3,398	-3,371	-0,085	-0,041	-0,021	0,007	0,015	0,012	0,014	0,012	0,015	0,018	0,024	0,035	0,041	0,046	0,040	0,050	11,162
6,000	-2,148	-2,150	-2,146	-2,110	-2,083	-2,068	-2,060	-2,047	-2,037	-2,034	-2,043	-2,028	-2,016	-2,016	-2,013	-0,023	0,011	0,030	0,049	0,053	0,042	0,043	0,038	0,032	0,028	0,020	0,015	0,018	0,015	0,009	0,027	11,550
7,000	-1,632	-1,667	-1,669	-1,680	-1,682	-1,685	-1,688	-1,689	-1,693	-1,694	-1,699	-1,698	-1,696	-1,694	-1,691	-0,054	-0,039	-0,033	-0,018	-0,017	-0,014	-0,013	-0,010	-0,009	-0,007	-0,007	-0,001	-0,003	0,005	0,003	0,039	10,964
8,000	-5,123	-5,161	-5,160	-5,172	-5,163	-5,161	-5,163	-5,164	-5,159	-5,166	-5,166	-5,166	-5,169	-5,162	-5,165	-0,045	-0,034	-0,028	-0,005	0,001	-0,000	0,000	-0,002	-0,001	-0,004	-0,001	-0,001	-0,003	0,006	-0,003	0,060	10,928
9,000	-2,093	-2,084	-2,101	-2,092	-2,093	-2,077	-2,079	-2,073	-2,073	-2,063	-2,062	-2,048	-2,041	-2,026	-1,999	0,005	-0,012	0,000	0,012	0,014	0,018	0,018	0,021	0,028	0,026	0,032	0,043	0,038	0,048	0,041	0,047	12,832
10,000	-1,487	-1,497	-1,483	-1,449	-1,419	-1,408	-1,399	-1,394	-1,393	-1,390	-1,387	-1,386	-1,375	-1,368	-1,353	-0,015	0,026	0,031	0,050	0,050	0,042	0,037	0,029	0,023	0,020	0,020	0,018	0,025	0,030	0,020	0,053	13,535
11,000	-2,942	-2,946	-2,937	-2,918	-2,899	-2,889	-2,883	-2,878	-2,870	-2,867	-2,858	-2,852	-2,849	-2,839	-2,831	-0,007	0,009	0,020	0,035	0,038	0,033	0,034	0,030	0,029	0,024	0,026	0,024	0,023	0,019	0,014	0,039	13,403
12,000	-4,370	-4,392	-4,383	-4,381	-4,370	-4,366	-4,364	-4,362	-4,360	-4,364	-4,360	-4,355	-4,346	-4,325	-4,297	-0,027	-0,011	-0,003	0,013	0,016	0,013	0,012	0,010	0,012	0,014	0,022	0,030	0,040	0,043	0,035	0,066	12,854
13,000	-1,919	-1,930	-1,947	-1,945	-1,939	-1,938	-1,933	-1,931	-1,924	-1,927	-1,928	-1,918	-1,911	-1,895	-1,878	-0,038	-0,025	-0,018	0,001	0,006	0,006	0,006	0,010	0,011	0,015	0,025	0,022	0,032	0,036	0,031	0,043	11,704
14,000	-3,281	-3,351	-3,339	-3,357	-3,346	-3,340	-3,339	-3,337	-3,334	-3,337	-3,333	-3,327	-3,320	-3,301	-3,280	-0,095	-0,049	-0,036	-0,006	0,002	0,007	0,009	0,012	0,014	0,016	0,019	0,027	0,031	0,039	0,028	0,049	11,646
15,000	-2,289	-2,278	-2,282	-2,265	-2,252	-2,249	-2,245	-2,245	-2,240	-2,244	-2,244	-2,243	-2,235	-2,227	-2,220	-0,006	0,008	0,011	0,022	0,016	0,012	0,012	0,011	0,009	0,010	0,010	0,011	0,017	0,017	0,014	0,059	12,092
