Device: PM2003001		2022:11:08    11:19:19,389  (DLL version: 1.20;  Status: HW:v1.02 SW:v1.3 CRC:31ED BATTERY:4154mV ST:0 ERR:0000;  MUX data; S: 92 I:143 R:200.000 C:1.094p F:)
Excitation level, V:	2,00
Voltage Channel Gain:	5
Current Channel Gain:	1
Voltmeter Range, V:	0,6
Ampermeter Range, A:	15,0m
Step Period, ms:	5
R transimp:	200
C transimp:	1,1p
Measurement Table: 	EEPROM  16

Freq, Hz	1,0k	2,0k	3,0k	7,0k	11,0k	17,0k	23,0k	31,0k	43,0k	61,0k	89,0k	127,0k	179,0k	251,0k	349,0k	1,0k	2,0k	3,0k	7,0k	11,0k	17,0k	23,0k	31,0k	43,0k	61,0k	89,0k	127,0k	179,0k	251,0k	349,0k
	run	1	2022:11:08    11:19:19,392
MUX	Re1, ohm	Re2, ohm	Re3, ohm	Re4, ohm	Re5, ohm	Re6, ohm	Re7, ohm	Re8, ohm	Re9, ohm	Re10, ohm	Re11, ohm	Re12, ohm	Re13, ohm	Re14, ohm	Re15, ohm	Im1, ohm	Im2, ohm	Im3, ohm	Im4, ohm	Im5, ohm	Im6, ohm	Im7, ohm	Im8, ohm	Im9, ohm	Im10, ohm	Im11, ohm	Im12, ohm	Im13, ohm	Im14, ohm	Im15, ohm	U, V	I, mA

0,000	-13,362	-13,425	-13,438	-13,522	-13,543	-13,561	-13,563	-13,568	-13,575	-13,574	-13,561	-13,528	-13,470	-13,374	-13,253	-0,162	-0,125	-0,127	-0,086	-0,067	-0,034	-0,014	0,004	0,025	0,054	0,090	0,139	0,185	0,214	0,174	0,000	0,000
1,000	-17,200	-17,166	-17,068	-16,863	-16,711	-16,602	-16,543	-16,491	-16,446	-16,410	-16,360	-16,312	-16,246	-16,144	-16,024	0,053	0,209	0,261	0,351	0,362	0,321	0,298	0,263	0,248	0,235	0,235	0,241	0,245	0,246	0,191	0,000	0,000
2,000	-10,502	-10,474	-10,432	-10,272	-10,169	-10,089	-10,045	-10,001	-9,945	-9,916	-9,844	-9,769	-9,664	-9,498	-9,319	0,110	0,154	0,198	0,274	0,270	0,250	0,255	0,255	0,261	0,273	0,307	0,337	0,369	0,378	0,285	0,000	0,000
3,000	-21,089	-21,005	-20,919	-20,535	-20,325	-20,192	-20,114	-20,062	-20,007	-19,993	-19,961	-19,920	-19,863	-19,750	-19,609	0,160	0,360	0,427	0,533	0,492	0,400	0,354	0,300	0,257	0,222	0,226	0,239	0,247	0,266	0,200	0,000	0,000
4,000	-11,422	-11,521	-11,449	-11,444	-11,418	-11,414	-11,412	-11,404	-11,400	-11,369	-11,325	-11,240	-11,092	-10,852	-10,517	-0,275	-0,020	-0,033	0,028	0,044	0,074	0,094	0,111	0,147	0,216	0,316	0,410	0,512	0,571	0,479	0,000	0,000
5,000	-12,708	-12,655	-12,831	-12,853	-12,842	-12,825	-12,812	-12,816	-12,782	-12,784	-12,739	-12,649	-12,509	-12,252	-11,929	-0,062	-0,208	-0,148	-0,017	0,018	0,030	0,073	0,104	0,149	0,198	0,297	0,400	0,502	0,568	0,459	0,000	0,000
6,000	-7,596	-7,370	-7,216	-7,013	-6,906	-6,836	-6,796	-6,771	-6,727	-6,701	-6,660	-6,616	-6,562	-6,467	-6,361	0,630	0,547	0,479	0,378	0,323	0,264	0,235	0,217	0,209	0,192	0,200	0,209	0,220	0,218	0,167	0,000	0,000
7,000	-3,992	-3,462	-3,346	-3,181	-3,125	-3,092	-3,068	-3,062	-3,043	-3,040	-3,033	-3,018	-3,004	-2,984	-2,961	1,680	1,000	0,748	0,406	0,287	0,198	0,161	0,128	0,108	0,092	0,070	0,068	0,064	0,063	0,043	0,000	0,000
8,000	-15,470	-14,960	-14,710	-14,540	-14,473	-14,471	-14,483	-14,495	-14,521	-14,556	-14,573	-14,593	-14,607	-14,600	-14,578	1,809	1,221	0,872	0,420	0,263	0,132	0,075	0,027	-0,011	-0,025	-0,020	-0,018	-0,002	0,022	0,027	0,000	0,000
9,000	-9,228	-9,221	-9,187	-9,080	-8,967	-8,872	-8,811	-8,764	-8,704	-8,678	-8,634	-8,590	-8,539	-8,458	-8,375	-0,087	0,035	0,111	0,234	0,259	0,253	0,245	0,225	0,215	0,196	0,196	0,201	0,195	0,190	0,137	0,000	0,000
10,000	-9,593	-9,660	-9,557	-9,478	-9,402	-9,371	-9,357	-9,342	-9,322	-9,318	-9,294	-9,266	-9,217	-9,147	-9,063	-0,317	-0,018	0,032	0,122	0,112	0,103	0,098	0,097	0,091	0,101	0,120	0,132	0,155	0,164	0,129	0,000	0,000
11,000	-10,282	-10,215	-10,206	-10,088	-10,005	-9,958	-9,927	-9,908	-9,872	-9,860	-9,817	-9,780	-9,718	-9,623	-9,516	-0,055	0,039	0,093	0,165	0,168	0,150	0,150	0,148	0,148	0,150	0,172	0,193	0,212	0,218	0,167	0,000	0,000
12,000	-14,674	-14,747	-14,684	-14,653	-14,607	-14,590	-14,592	-14,579	-14,565	-14,579	-14,552	-14,520	-14,472	-14,368	-14,243	-0,171	-0,021	0,011	0,056	0,057	0,055	0,057	0,061	0,066	0,095	0,118	0,154	0,191	0,222	0,178	0,000	0,000
13,000	-8,785	-8,690	-8,764	-8,743	-8,741	-8,713	-8,698	-8,684	-8,649	-8,617	-8,571	-8,500	-8,391	-8,237	-8,040	-0,027	-0,041	-0,029	0,035	0,061	0,085	0,113	0,127	0,164	0,203	0,250	0,300	0,350	0,371	0,297	0,000	0,000
14,000	-12,057	-11,934	-12,014	-11,938	-11,940	-11,907	-11,888	-11,893	-11,879	-11,855	-11,844	-11,805	-11,729	-11,556	-11,356	-0,013	-0,070	0,003	0,060	0,061	0,056	0,082	0,076	0,089	0,126	0,184	0,230	0,303	0,346	0,288	0,000	0,000
15,000	-9,115	-9,223	-9,125	-9,135	-9,092	-9,094	-9,081	-9,064	-9,045	-9,037	-9,017	-8,982	-8,932	-8,858	-8,766	-0,178	0,023	0,001	0,049	0,054	0,065	0,066	0,078	0,087	0,099	0,117	0,141	0,162	0,176	0,141	0,000	0,000
	run	2	2022:11:08    11:19:19,492
0,000	-13,068	-13,138	-13,155	-13,230	-13,242	-13,261	-13,254	-13,270	-13,265	-13,270	-13,256	-13,226	-13,182	-13,085	-12,973	-0,145	-0,121	-0,113	-0,080	-0,055	-0,030	-0,012	0,001	0,026	0,044	0,090	0,133	0,176	0,195	0,153	0,000	0,000
1,000	-16,699	-16,693	-16,598	-16,436	-16,288	-16,184	-16,125	-16,080	-16,033	-15,996	-15,943	-15,905	-15,851	-15,754	-15,640	0,016	0,166	0,221	0,316	0,325	0,294	0,278	0,247	0,227	0,222	0,221	0,226	0,233	0,234	0,171	0,000	0,000
2,000	-10,327	-10,306	-10,291	-10,143	-10,023	-9,951	-9,906	-9,863	-9,813	-9,777	-9,714	-9,636	-9,537	-9,380	-9,209	0,093	0,126	0,176	0,261	0,264	0,247	0,256	0,249	0,255	0,264	0,294	0,327	0,350	0,356	0,270	0,000	0,000
3,000	-20,577	-20,559	-20,481	-20,158	-19,950	-19,823	-19,750	-19,699	-19,647	-19,634	-19,596	-19,560	-19,509	-19,406	-19,280	0,111	0,299	0,364	0,476	0,453	0,377	0,332	0,283	0,242	0,210	0,208	0,224	0,232	0,242	0,186	0,000	0,000
4,000	-10,852	-10,941	-10,854	-10,839	-10,812	-10,809	-10,804	-10,802	-10,799	-10,776	-10,736	-10,658	-10,520	-10,298	-10,004	-0,254	-0,003	-0,011	0,037	0,051	0,074	0,087	0,104	0,133	0,200	0,281	0,363	0,466	0,518	0,426	0,000	0,000
5,000	-12,230	-12,183	-12,349	-12,372	-12,377	-12,353	-12,340	-12,346	-12,319	-12,313	-12,268	-12,184	-12,057	-11,817	-11,512	-0,062	-0,196	-0,146	-0,025	0,010	0,028	0,068	0,093	0,143	0,191	0,277	0,374	0,467	0,532	0,431	0,000	0,000
6,000	-7,518	-7,319	-7,178	-6,991	-6,888	-6,819	-6,785	-6,758	-6,720	-6,698	-6,653	-6,603	-6,549	-6,453	-6,340	0,596	0,512	0,440	0,352	0,300	0,249	0,232	0,213	0,199	0,196	0,203	0,214	0,222	0,226	0,169	0,000	0,000
7,000	-4,137	-3,616	-3,485	-3,278	-3,218	-3,178	-3,156	-3,151	-3,128	-3,127	-3,117	-3,101	-3,084	-3,061	-3,036	1,668	1,016	0,780	0,427	0,305	0,217	0,179	0,145	0,117	0,091	0,085	0,074	0,072	0,065	0,045	0,000	0,000
8,000	-15,557	-15,071	-14,814	-14,655	-14,583	-14,577	-14,596	-14,608	-14,631	-14,666	-14,681	-14,705	-14,715	-14,706	-14,686	1,791	1,196	0,857	0,416	0,258	0,139	0,083	0,032	-0,009	-0,021	-0,018	-0,012	0,002	0,024	0,030	0,000	0,000
9,000	-9,695	-9,710	-9,660	-9,557	-9,452	-9,350	-9,289	-9,248	-9,193	-9,154	-9,108	-9,065	-9,007	-8,921	-8,829	-0,074	0,027	0,106	0,227	0,266	0,251	0,253	0,237	0,222	0,205	0,206	0,210	0,209	0,202	0,148	0,000	0,000
10,000	-10,132	-10,147	-10,026	-9,873	-9,769	-9,732	-9,709	-9,692	-9,671	-9,664	-9,647	-9,608	-9,557	-9,482	-9,390	-0,250	0,057	0,128	0,201	0,175	0,145	0,127	0,128	0,116	0,119	0,138	0,146	0,170	0,182	0,140	0,000	0,000
11,000	-10,861	-10,803	-10,776	-10,648	-10,574	-10,516	-10,488	-10,468	-10,431	-10,419	-10,378	-10,331	-10,273	-10,171	-10,053	-0,042	0,059	0,108	0,183	0,183	0,157	0,159	0,156	0,153	0,160	0,183	0,205	0,223	0,235	0,174	0,000	0,000
12,000	-15,170	-15,243	-15,174	-15,141	-15,085	-15,068	-15,068	-15,062	-15,044	-15,059	-15,032	-14,994	-14,944	-14,831	-14,700	-0,177	-0,009	0,014	0,064	0,070	0,060	0,066	0,070	0,077	0,089	0,119	0,167	0,203	0,236	0,192	0,000	0,000
13,000	-8,896	-8,864	-8,895	-8,898	-8,888	-8,862	-8,845	-8,829	-8,804	-8,767	-8,713	-8,643	-8,538	-8,377	-8,175	-0,064	-0,046	-0,026	0,031	0,061	0,089	0,113	0,130	0,165	0,206	0,255	0,302	0,354	0,373	0,299	0,000	0,000
14,000	-12,107	-11,914	-12,035	-11,962	-11,953	-11,927	-11,905	-11,907	-11,892	-11,885	-11,859	-11,823	-11,748	-11,594	-11,389	0,058	-0,083	0,007	0,055	0,057	0,057	0,071	0,076	0,098	0,122	0,181	0,230	0,301	0,347	0,285	0,000	0,000
15,000	-8,807	-8,918	-8,832	-8,835	-8,791	-8,784	-8,781	-8,764	-8,744	-8,746	-8,720	-8,692	-8,643	-8,570	-8,482	-0,160	0,027	0,003	0,046	0,049	0,059	0,062	0,070	0,077	0,094	0,111	0,131	0,156	0,165	0,134	0,000	0,000
	run	3	2022:11:08    11:19:19,539
0,000	-12,462	-12,533	-12,550	-12,615	-12,632	-12,648	-12,650	-12,651	-12,651	-12,657	-12,642	-12,614	-12,573	-12,480	-12,374	-0,144	-0,107	-0,105	-0,067	-0,055	-0,029	-0,009	0,004	0,017	0,049	0,077	0,126	0,164	0,187	0,150	0,000	0,000
1,000	-16,375	-16,387	-16,304	-16,150	-16,025	-15,927	-15,871	-15,823	-15,780	-15,752	-15,702	-15,667	-15,604	-15,517	-15,408	0,018	0,131	0,191	0,289	0,302	0,283	0,258	0,234	0,215	0,209	0,211	0,219	0,224	0,226	0,171	0,000	0,000
2,000	-10,327	-10,306	-10,291	-10,143	-10,023	-9,951	-9,906	-9,863	-9,813	-9,777	-9,714	-9,636	-9,537	-9,380	-9,209	0,093	0,126	0,176	0,261	0,264	0,247	0,256	0,249	0,255	0,264	0,294	0,327	0,350	0,356	0,270	0,000	0,000
3,000	-20,577	-20,559	-20,481	-20,158	-19,950	-19,823	-19,750	-19,699	-19,647	-19,634	-19,596	-19,560	-19,509	-19,406	-19,280	0,111	0,299	0,364	0,476	0,453	0,377	0,332	0,283	0,242	0,210	0,208	0,224	0,232	0,242	0,186	0,000	0,000
4,000	-10,852	-10,941	-10,854	-10,839	-10,812	-10,809	-10,804	-10,802	-10,799	-10,776	-10,736	-10,658	-10,520	-10,298	-10,004	-0,254	-0,003	-0,011	0,037	0,051	0,074	0,087	0,104	0,133	0,200	0,281	0,363	0,466	0,518	0,426	0,000	0,000
5,000	-12,230	-12,183	-12,349	-12,372	-12,377	-12,353	-12,340	-12,346	-12,319	-12,313	-12,268	-12,184	-12,057	-11,817	-11,512	-0,062	-0,196	-0,146	-0,025	0,010	0,028	0,068	0,093	0,143	0,191	0,277	0,374	0,467	0,532	0,431	0,000	0,000
6,000	-7,518	-7,319	-7,178	-6,991	-6,888	-6,819	-6,785	-6,758	-6,720	-6,698	-6,653	-6,603	-6,549	-6,453	-6,340	0,596	0,512	0,440	0,352	0,300	0,249	0,232	0,213	0,199	0,196	0,203	0,214	0,222	0,226	0,169	0,000	0,000
7,000	-4,137	-3,616	-3,485	-3,278	-3,218	-3,178	-3,156	-3,151	-3,128	-3,127	-3,117	-3,101	-3,084	-3,061	-3,036	1,668	1,016	0,780	0,427	0,305	0,217	0,179	0,145	0,117	0,091	0,085	0,074	0,072	0,065	0,045	0,000	0,000
8,000	-16,666	-16,183	-15,941	-15,808	-15,749	-15,756	-15,774	-15,789	-15,814	-15,849	-15,868	-15,893	-15,910	-15,903	-15,880	1,800	1,173	0,837	0,384	0,234	0,116	0,056	0,013	-0,023	-0,033	-0,027	-0,027	-0,013	0,018	0,024	0,000	0,000
9,000	-10,205	-10,160	-10,100	-9,913	-9,773	-9,654	-9,584	-9,531	-9,472	-9,442	-9,382	-9,333	-9,279	-9,183	-9,080	-0,017	0,120	0,201	0,330	0,344	0,324	0,297	0,275	0,253	0,237	0,223	0,231	0,231	0,220	0,161	0,000	0,000
10,000	-10,266	-10,293	-10,169	-10,015	-9,925	-9,888	-9,865	-9,851	-9,831	-9,825	-9,805	-9,774	-9,722	-9,640	-9,543	-0,252	0,071	0,126	0,195	0,168	0,138	0,118	0,114	0,111	0,117	0,134	0,151	0,175	0,183	0,143	0,000	0,000
11,000	-10,760	-10,701	-10,672	-10,536	-10,446	-10,394	-10,362	-10,337	-10,307	-10,285	-10,251	-10,207	-10,144	-10,035	-9,916	-0,033	0,074	0,116	0,197	0,189	0,166	0,165	0,158	0,162	0,166	0,186	0,213	0,233	0,239	0,183	0,000	0,000
12,000	-15,161	-15,214	-15,154	-15,121	-15,066	-15,051	-15,049	-15,041	-15,025	-15,040	-14,992	-14,970	-14,922	-14,806	-14,673	-0,165	-0,012	0,024	0,066	0,064	0,059	0,067	0,065	0,077	0,091	0,121	0,170	0,215	0,241	0,195	0,000	0,000
13,000	-8,989	-8,930	-8,977	-8,968	-8,957	-8,940	-8,917	-8,907	-8,874	-8,838	-8,787	-8,717	-8,604	-8,445	-8,236	-0,051	-0,037	-0,024	0,033	0,062	0,088	0,117	0,137	0,168	0,208	0,254	0,307	0,362	0,387	0,308	0,000	0,000
14,000	-12,125	-11,947	-12,070	-11,982	-11,978	-11,946	-11,925	-11,922	-11,912	-11,902	-11,893	-11,842	-11,767	-11,618	-11,411	0,054	-0,064	0,008	0,050	0,059	0,054	0,073	0,081	0,093	0,125	0,173	0,232	0,300	0,347	0,284	0,000	0,000
15,000	-8,831	-8,957	-8,847	-8,862	-8,818	-8,824	-8,812	-8,795	-8,785	-8,781	-8,757	-8,730	-8,683	-8,608	-8,522	-0,192	0,017	0,004	0,046	0,041	0,059	0,060	0,071	0,076	0,091	0,105	0,131	0,157	0,166	0,131	0,000	0,000
	run	4	2022:11:08    11:19:19,639
0,000	-12,612	-12,670	-12,671	-12,740	-12,756	-12,760	-12,773	-12,773	-12,772	-12,772	-12,771	-12,736	-12,689	-12,604	-12,491	-0,151	-0,116	-0,091	-0,072	-0,048	-0,026	-0,008	0,008	0,023	0,046	0,079	0,120	0,160	0,186	0,150	0,000	0,000
1,000	-15,732	-15,749	-15,671	-15,537	-15,417	-15,328	-15,277	-15,236	-15,194	-15,158	-15,114	-15,080	-15,026	-14,938	-14,840	-0,010	0,122	0,164	0,254	0,272	0,253	0,242	0,214	0,203	0,190	0,200	0,199	0,205	0,209	0,161	0,000	0,000
2,000	-9,444	-9,448	-9,428	-9,323	-9,240	-9,170	-9,133	-9,095	-9,051	-9,024	-8,958	-8,897	-8,818	-8,685	-8,541	0,064	0,080	0,125	0,207	0,217	0,208	0,213	0,209	0,219	0,226	0,248	0,278	0,292	0,298	0,229	0,000	0,000
3,000	-18,460	-18,494	-18,463	-18,268	-18,101	-18,000	-17,938	-17,886	-17,839	-17,823	-17,790	-17,755	-17,704	-17,610	-17,494	-0,017	0,146	0,199	0,341	0,349	0,305	0,275	0,237	0,212	0,186	0,190	0,201	0,212	0,222	0,171	0,000	0,000
4,000	-10,205	-10,264	-10,176	-10,154	-10,114	-10,112	-10,105	-10,101	-10,098	-10,083	-10,041	-9,978	-9,850	-9,649	-9,382	-0,242	0,020	0,003	0,055	0,057	0,076	0,084	0,103	0,122	0,180	0,258	0,335	0,422	0,470	0,385	0,000	0,000
5,000	-12,153	-12,129	-12,297	-12,337	-12,340	-12,320	-12,306	-12,301	-12,276	-12,272	-12,219	-12,140	-12,003	-11,760	-11,453	-0,089	-0,224	-0,170	-0,036	0,002	0,030	0,080	0,110	0,153	0,199	0,286	0,390	0,481	0,537	0,438	0,000	0,000
6,000	-7,655	-7,461	-7,319	-7,124	-7,018	-6,948	-6,916	-6,886	-6,846	-6,826	-6,780	-6,729	-6,665	-6,562	-6,452	0,591	0,508	0,441	0,356	0,309	0,256	0,236	0,220	0,204	0,199	0,212	0,226	0,238	0,242	0,185	0,000	0,000
7,000	-4,418	-3,847	-3,684	-3,465	-3,399	-3,352	-3,333	-3,320	-3,297	-3,290	-3,275	-3,263	-3,245	-3,205	-3,174	1,794	1,118	0,847	0,472	0,343	0,244	0,199	0,162	0,129	0,107	0,096	0,091	0,088	0,085	0,060	0,000	0,000
8,000	-17,789	-17,280	-17,047	-16,917	-16,858	-16,864	-16,883	-16,904	-16,933	-16,969	-16,995	-17,027	-17,039	-17,042	-17,024	1,862	1,204	0,845	0,389	0,238	0,113	0,053	0,001	-0,030	-0,051	-0,048	-0,033	-0,023	0,008	0,013	0,000	0,000
9,000	-10,849	-10,760	-10,643	-10,397	-10,246	-10,121	-10,048	-9,998	-9,937	-9,905	-9,849	-9,798	-9,731	-9,636	-9,525	0,108	0,238	0,317	0,394	0,395	0,345	0,323	0,290	0,274	0,247	0,241	0,242	0,244	0,239	0,176	0,000	0,000
10,000	-10,530	-10,565	-10,423	-10,264	-10,171	-10,132	-10,107	-10,093	-10,072	-10,068	-10,043	-10,015	-9,960	-9,880	-9,782	-0,245	0,079	0,139	0,202	0,170	0,143	0,126	0,122	0,112	0,116	0,136	0,156	0,180	0,190	0,149	0,000	0,000
11,000	-10,708	-10,628	-10,595	-10,446	-10,355	-10,302	-10,267	-10,247	-10,210	-10,195	-10,156	-10,104	-10,042	-9,933	-9,809	-0,026	0,086	0,140	0,208	0,204	0,178	0,173	0,170	0,168	0,173	0,191	0,217	0,239	0,243	0,187	0,000	0,000
12,000	-15,071	-15,128	-15,082	-15,041	-14,986	-14,976	-14,968	-14,965	-14,946	-14,964	-14,932	-14,903	-14,850	-14,737	-14,598	-0,158	-0,014	0,025	0,068	0,069	0,058	0,064	0,063	0,078	0,093	0,125	0,171	0,212	0,239	0,190	0,000	0,000
13,000	-8,920	-8,861	-8,913	-8,898	-8,884	-8,863	-8,850	-8,828	-8,802	-8,771	-8,718	-8,637	-8,530	-8,369	-8,156	-0,063	-0,042	-0,021	0,034	0,064	0,089	0,112	0,133	0,170	0,207	0,257	0,319	0,368	0,388	0,306	0,000	0,000
14,000	-12,052	-11,872	-11,982	-11,888	-11,885	-11,854	-11,842	-11,837	-11,829	-11,815	-11,790	-11,751	-11,673	-11,536	-11,330	0,024	-0,068	0,002	0,061	0,064	0,060	0,072	0,080	0,098	0,118	0,170	0,225	0,296	0,328	0,274	0,000	0,000
15,000	-8,775	-8,906	-8,805	-8,809	-8,765	-8,762	-8,754	-8,742	-8,728	-8,726	-8,704	-8,676	-8,630	-8,558	-8,474	-0,189	0,019	-0,007	0,035	0,042	0,056	0,061	0,068	0,068	0,087	0,106	0,125	0,148	0,164	0,129	0,000	0,000
	run	5	2022:11:08    11:19:19,691
0,000	-12,612	-12,670	-12,671	-12,740	-12,756	-12,760	-12,773	-12,773	-12,772	-12,772	-12,771	-12,736	-12,689	-12,604	-12,491	-0,151	-0,116	-0,091	-0,072	-0,048	-0,026	-0,008	0,008	0,023	0,046	0,079	0,120	0,160	0,186	0,150	0,000	0,000
1,000	-15,732	-15,749	-15,671	-15,537	-15,417	-15,328	-15,277	-15,236	-15,194	-15,158	-15,114	-15,080	-15,026	-14,938	-14,840	-0,010	0,122	0,164	0,254	0,272	0,253	0,242	0,214	0,203	0,190	0,200	0,199	0,205	0,209	0,161	0,000	0,000
2,000	-9,444	-9,448	-9,428	-9,323	-9,240	-9,170	-9,133	-9,095	-9,051	-9,024	-8,958	-8,897	-8,818	-8,685	-8,541	0,064	0,080	0,125	0,207	0,217	0,208	0,213	0,209	0,219	0,226	0,248	0,278	0,292	0,298	0,229	0,000	0,000
3,000	-18,460	-18,494	-18,463	-18,268	-18,101	-18,000	-17,938	-17,886	-17,839	-17,823	-17,790	-17,755	-17,704	-17,610	-17,494	-0,017	0,146	0,199	0,341	0,349	0,305	0,275	0,237	0,212	0,186	0,190	0,201	0,212	0,222	0,171	0,000	0,000
4,000	-10,205	-10,264	-10,176	-10,154	-10,114	-10,112	-10,105	-10,101	-10,098	-10,083	-10,041	-9,978	-9,850	-9,649	-9,382	-0,242	0,020	0,003	0,055	0,057	0,076	0,084	0,103	0,122	0,180	0,258	0,335	0,422	0,470	0,385	0,000	0,000
5,000	-12,153	-12,129	-12,297	-12,337	-12,340	-12,320	-12,306	-12,301	-12,276	-12,272	-12,219	-12,140	-12,003	-11,760	-11,453	-0,089	-0,224	-0,170	-0,036	0,002	0,030	0,080	0,110	0,153	0,199	0,286	0,390	0,481	0,537	0,438	0,000	0,000
6,000	-7,907	-7,676	-7,527	-7,318	-7,204	-7,140	-7,106	-7,077	-7,029	-7,007	-6,961	-6,906	-6,840	-6,729	-6,606	0,602	0,528	0,465	0,376	0,320	0,261	0,246	0,231	0,216	0,212	0,224	0,242	0,259	0,257	0,195	0,000	0,000
7,000	-4,503	-3,912	-3,733	-3,512	-3,436	-3,394	-3,368	-3,360	-3,341	-3,335	-3,317	-3,306	-3,284	-3,250	-3,214	1,844	1,159	0,873	0,489	0,344	0,245	0,201	0,161	0,133	0,104	0,093	0,095	0,090	0,087	0,060	0,000	0,000
8,000	-18,399	-17,895	-17,650	-17,529	-17,451	-17,464	-17,474	-17,493	-17,519	-17,557	-17,584	-17,612	-17,637	-17,624	-17,614	1,886	1,231	0,859	0,405	0,246	0,119	0,064	0,008	-0,024	-0,042	-0,041	-0,031	-0,023	0,007	0,020	0,000	0,000
9,000	-10,948	-10,830	-10,728	-10,489	-10,331	-10,212	-10,140	-10,085	-10,034	-9,994	-9,943	-9,879	-9,818	-9,707	-9,597	0,130	0,247	0,328	0,402	0,395	0,348	0,323	0,297	0,273	0,250	0,250	0,254	0,256	0,250	0,182	0,000	0,000
10,000	-10,800	-10,793	-10,638	-10,465	-10,362	-10,328	-10,302	-10,292	-10,264	-10,266	-10,237	-10,206	-10,153	-10,068	-9,967	-0,207	0,121	0,164	0,224	0,181	0,155	0,135	0,128	0,112	0,118	0,139	0,161	0,186	0,198	0,153	0,000	0,000
11,000	-10,863	-10,760	-10,728	-10,572	-10,474	-10,416	-10,386	-10,363	-10,328	-10,312	-10,272	-10,221	-10,155	-10,050	-9,920	-0,015	0,091	0,151	0,215	0,206	0,180	0,180	0,166	0,171	0,171	0,198	0,223	0,241	0,251	0,190	0,000	0,000
12,000	-15,049	-15,109	-15,064	-15,023	-14,976	-14,961	-14,953	-14,953	-14,940	-14,948	-14,919	-14,890	-14,843	-14,730	-14,598	-0,173	-0,030	0,011	0,063	0,064	0,052	0,055	0,058	0,067	0,084	0,122	0,162	0,207	0,234	0,188	0,000	0,000
13,000	-8,707	-8,655	-8,703	-8,692	-8,684	-8,664	-8,644	-8,631	-8,601	-8,567	-8,515	-8,447	-8,337	-8,172	-7,963	-0,051	-0,037	-0,024	0,030	0,061	0,083	0,115	0,131	0,172	0,206	0,257	0,313	0,359	0,381	0,302	0,000	0,000
14,000	-11,750	-11,583	-11,698	-11,621	-11,622	-11,587	-11,576	-11,575	-11,559	-11,551	-11,517	-11,493	-11,408	-11,272	-11,074	0,027	-0,074	-0,000	0,060	0,056	0,056	0,071	0,074	0,094	0,118	0,171	0,221	0,284	0,330	0,271	0,000	0,000
15,000	-8,664	-8,789	-8,687	-8,699	-8,647	-8,647	-8,642	-8,624	-8,609	-8,610	-8,590	-8,562	-8,518	-8,448	-8,374	-0,192	0,017	0,003	0,039	0,046	0,055	0,060	0,060	0,071	0,084	0,103	0,118	0,140	0,154	0,120	0,000	0,000
	run	6	2022:11:08    11:19:19,792
0,000	-12,372	-12,421	-12,443	-12,503	-12,522	-12,523	-12,532	-12,535	-12,530	-12,538	-12,525	-12,499	-12,453	-12,370	-12,264	-0,145	-0,115	-0,087	-0,066	-0,053	-0,030	-0,011	0,004	0,018	0,040	0,077	0,123	0,158	0,186	0,145	0,000	0,000
1,000	-16,313	-16,329	-16,243	-16,100	-15,967	-15,873	-15,816	-15,773	-15,725	-15,692	-15,643	-15,606	-15,547	-15,457	-15,354	0,007	0,133	0,181	0,283	0,303	0,274	0,259	0,231	0,219	0,210	0,209	0,213	0,219	0,223	0,172	0,000	0,000
2,000	-10,226	-10,211	-10,171	-10,018	-9,908	-9,834	-9,786	-9,751	-9,697	-9,662	-9,602	-9,523	-9,433	-9,282	-9,110	0,070	0,140	0,197	0,270	0,270	0,250	0,253	0,245	0,251	0,257	0,286	0,317	0,335	0,346	0,261	0,000	0,000
3,000	-20,482	-20,451	-20,377	-20,061	-19,848	-19,716	-19,647	-19,585	-19,534	-19,529	-19,487	-19,448	-19,398	-19,296	-19,176	0,091	0,288	0,356	0,485	0,454	0,378	0,332	0,284	0,249	0,210	0,208	0,222	0,227	0,243	0,184	0,000	0,000
4,000	-10,501	-10,574	-10,485	-10,462	-10,425	-10,412	-10,418	-10,409	-10,404	-10,386	-10,356	-10,282	-10,157	-9,946	-9,674	-0,231	0,018	-0,004	0,051	0,057	0,069	0,089	0,097	0,125	0,184	0,260	0,342	0,429	0,481	0,391	0,000	0,000
5,000	-12,319	-12,281	-12,437	-12,488	-12,488	-12,466	-12,454	-12,446	-12,416	-12,417	-12,375	-12,285	-12,146	-11,899	-11,588	-0,062	-0,220	-0,161	-0,041	0,004	0,025	0,076	0,101	0,150	0,199	0,287	0,388	0,482	0,551	0,444	0,000	0,000
6,000	-7,864	-7,644	-7,492	-7,295	-7,182	-7,113	-7,073	-7,041	-7,001	-6,977	-6,927	-6,876	-6,816	-6,705	-6,584	0,616	0,528	0,459	0,377	0,319	0,266	0,243	0,227	0,209	0,210	0,223	0,242	0,254	0,259	0,188	0,000	0,000
7,000	-4,427	-3,834	-3,672	-3,455	-3,384	-3,339	-3,319	-3,307	-3,294	-3,285	-3,270	-3,258	-3,243	-3,210	-3,177	1,812	1,139	0,860	0,478	0,338	0,234	0,186	0,156	0,125	0,103	0,090	0,085	0,079	0,070	0,054	0,000	0,000
8,000	-18,027	-17,521	-17,284	-17,147	-17,074	-17,077	-17,092	-17,105	-17,133	-17,173	-17,191	-17,225	-17,240	-17,230	-17,212	1,888	1,211	0,864	0,404	0,254	0,127	0,067	0,016	-0,018	-0,038	-0,033	-0,024	-0,011	0,018	0,024	0,000	0,000
9,000	-10,705	-10,588	-10,478	-10,253	-10,097	-9,976	-9,909	-9,859	-9,796	-9,758	-9,712	-9,649	-9,587	-9,488	-9,369	0,089	0,234	0,312	0,389	0,377	0,345	0,322	0,292	0,266	0,249	0,245	0,248	0,254	0,248	0,180	0,000	0,000
10,000	-10,685	-10,691	-10,548	-10,373	-10,269	-10,237	-10,213	-10,194	-10,170	-10,167	-10,146	-10,108	-10,058	-9,975	-9,869	-0,198	0,126	0,175	0,226	0,186	0,153	0,136	0,129	0,119	0,121	0,141	0,159	0,185	0,198	0,150	0,000	0,000
11,000	-10,900	-10,817	-10,783	-10,628	-10,538	-10,479	-10,447	-10,423	-10,389	-10,373	-10,328	-10,286	-10,213	-10,106	-9,982	-0,019	0,095	0,144	0,211	0,211	0,178	0,181	0,168	0,170	0,170	0,200	0,224	0,242	0,252	0,192	0,000	0,000
12,000	-15,257	-15,340	-15,275	-15,239	-15,196	-15,177	-15,178	-15,171	-15,156	-15,167	-15,149	-15,103	-15,058	-14,950	-14,816	-0,180	-0,033	0,010	0,066	0,064	0,052	0,057	0,058	0,068	0,082	0,124	0,159	0,204	0,236	0,191	0,000	0,000
13,000	-8,813	-8,778	-8,819	-8,806	-8,794	-8,777	-8,758	-8,739	-8,712	-8,673	-8,623	-8,554	-8,445	-8,285	-8,073	-0,052	-0,041	-0,022	0,035	0,066	0,089	0,111	0,139	0,167	0,206	0,253	0,304	0,357	0,381	0,302	0,000	0,000
14,000	-11,616	-11,405	-11,523	-11,444	-11,448	-11,413	-11,398	-11,394	-11,382	-11,374	-11,357	-11,311	-11,240	-11,103	-10,907	0,056	-0,076	0,005	0,053	0,067	0,059	0,071	0,072	0,097	0,119	0,167	0,215	0,281	0,324	0,271	0,000	0,000
15,000	-8,609	-8,743	-8,638	-8,658	-8,612	-8,612	-8,604	-8,590	-8,575	-8,570	-8,551	-8,525	-8,483	-8,411	-8,323	-0,202	0,021	-0,004	0,038	0,042	0,050	0,056	0,068	0,072	0,084	0,101	0,123	0,148	0,157	0,127	0,000	0,000
	run	7	2022:11:08    11:19:19,893
0,000	-12,820	-12,874	-12,894	-12,974	-12,994	-13,007	-13,019	-13,021	-13,014	-13,015	-13,005	-12,974	-12,922	-12,826	-12,707	-0,163	-0,126	-0,116	-0,088	-0,065	-0,030	-0,016	0,006	0,023	0,052	0,088	0,138	0,179	0,206	0,168	0,000	0,000
1,000	-17,054	-17,054	-16,946	-16,743	-16,581	-16,478	-16,417	-16,367	-16,316	-16,284	-16,235	-16,189	-16,133	-16,030	-15,922	0,053	0,206	0,274	0,353	0,359	0,320	0,294	0,259	0,242	0,223	0,229	0,235	0,237	0,239	0,184	0,000	0,000
2,000	-10,633	-10,590	-10,556	-10,397	-10,298	-10,213	-10,166	-10,127	-10,074	-10,041	-9,967	-9,893	-9,787	-9,625	-9,444	0,107	0,163	0,199	0,270	0,276	0,254	0,258	0,253	0,260	0,272	0,309	0,344	0,364	0,374	0,285	0,000	0,000
3,000	-21,153	-21,062	-20,981	-20,611	-20,392	-20,261	-20,189	-20,130	-20,081	-20,065	-20,029	-19,996	-19,940	-19,825	-19,705	0,170	0,348	0,436	0,526	0,491	0,400	0,346	0,294	0,254	0,221	0,214	0,226	0,242	0,251	0,198	0,000	0,000
4,000	-10,958	-11,066	-10,984	-10,986	-10,954	-10,944	-10,954	-10,937	-10,939	-10,918	-10,871	-10,798	-10,653	-10,421	-10,116	-0,274	-0,017	-0,022	0,032	0,043	0,070	0,088	0,105	0,142	0,204	0,290	0,379	0,474	0,537	0,441	0,000	0,000
5,000	-12,454	-12,407	-12,564	-12,598	-12,601	-12,582	-12,564	-12,571	-12,546	-12,543	-12,500	-12,412	-12,273	-12,032	-11,713	-0,065	-0,203	-0,147	-0,018	0,012	0,029	0,073	0,102	0,155	0,192	0,283	0,389	0,487	0,550	0,446	0,000	0,000
6,000	-7,467	-7,261	-7,113	-6,914	-6,810	-6,743	-6,709	-6,678	-6,638	-6,621	-6,576	-6,525	-6,473	-6,379	-6,278	0,612	0,520	0,457	0,368	0,311	0,254	0,233	0,213	0,201	0,197	0,202	0,210	0,220	0,215	0,164	0,000	0,000
7,000	-4,088	-3,573	-3,436	-3,255	-3,190	-3,155	-3,136	-3,123	-3,105	-3,102	-3,089	-3,080	-3,063	-3,038	-3,016	1,695	1,028	0,766	0,417	0,301	0,210	0,173	0,142	0,113	0,092	0,081	0,072	0,070	0,058	0,045	0,000	0,000
8,000	-16,955	-16,416	-16,194	-16,041	-15,986	-15,981	-15,993	-16,013	-16,040	-16,073	-16,099	-16,120	-16,135	-16,121	-16,094	1,860	1,202	0,846	0,405	0,246	0,125	0,061	0,018	-0,022	-0,039	-0,022	-0,020	0,002	0,028	0,033	0,000	0,000
9,000	-10,262	-10,202	-10,120	-9,917	-9,770	-9,642	-9,574	-9,524	-9,465	-9,426	-9,379	-9,332	-9,269	-9,175	-9,077	0,011	0,136	0,234	0,356	0,357	0,326	0,304	0,286	0,257	0,234	0,231	0,231	0,232	0,221	0,163	0,000	0,000
10,000	-10,285	-10,295	-10,160	-9,986	-9,891	-9,858	-9,837	-9,822	-9,798	-9,792	-9,772	-9,736	-9,685	-9,605	-9,509	-0,222	0,101	0,156	0,215	0,178	0,142	0,126	0,123	0,116	0,117	0,138	0,152	0,178	0,187	0,144	0,000	0,000
11,000	-10,609	-10,524	-10,503	-10,349	-10,269	-10,211	-10,174	-10,157	-10,125	-10,109	-10,065	-10,025	-9,952	-9,846	-9,724	-0,030	0,076	0,124	0,200	0,202	0,170	0,165	0,165	0,158	0,166	0,192	0,216	0,236	0,242	0,189	0,000	0,000
12,000	-15,307	-15,366	-15,309	-15,283	-15,232	-15,217	-15,211	-15,204	-15,195	-15,208	-15,176	-15,145	-15,098	-14,986	-14,855	-0,170	-0,019	0,014	0,066	0,068	0,052	0,057	0,064	0,071	0,088	0,129	0,164	0,204	0,233	0,189	0,000	0,000
13,000	-8,911	-8,873	-8,919	-8,902	-8,893	-8,870	-8,853	-8,839	-8,808	-8,770	-8,720	-8,651	-8,542	-8,377	-8,169	-0,051	-0,040	-0,017	0,037	0,063	0,091	0,115	0,135	0,169	0,206	0,261	0,313	0,358	0,384	0,300	0,000	0,000
14,000	-11,745	-11,533	-11,648	-11,563	-11,566	-11,528	-11,508	-11,512	-11,492	-11,486	-11,478	-11,423	-11,344	-11,203	-11,009	0,053	-0,063	0,010	0,058	0,070	0,057	0,077	0,077	0,092	0,127	0,173	0,216	0,284	0,338	0,267	0,000	0,000
15,000	-8,704	-8,846	-8,738	-8,760	-8,717	-8,710	-8,704	-8,691	-8,673	-8,671	-8,649	-8,622	-8,568	-8,494	-8,405	-0,211	0,017	-0,003	0,036	0,044	0,053	0,058	0,071	0,072	0,090	0,110	0,130	0,161	0,167	0,140	0,000	0,000
	run	8	2022:11:08    11:19:19,940
0,000	-13,276	-13,346	-13,363	-13,429	-13,455	-13,466	-13,469	-13,474	-13,473	-13,475	-13,462	-13,428	-13,381	-13,280	-13,161	-0,151	-0,124	-0,118	-0,079	-0,058	-0,034	-0,017	0,004	0,028	0,052	0,091	0,137	0,186	0,207	0,172	0,000	0,000
1,000	-16,887	-16,886	-16,801	-16,602	-16,459	-16,355	-16,293	-16,253	-16,197	-16,169	-16,119	-16,068	-16,013	-15,912	-15,794	0,038	0,181	0,236	0,331	0,335	0,305	0,286	0,250	0,235	0,225	0,226	0,239	0,240	0,241	0,185	0,000	0,000
2,000	-10,633	-10,590	-10,556	-10,397	-10,298	-10,213	-10,166	-10,127	-10,074	-10,041	-9,967	-9,893	-9,787	-9,625	-9,444	0,107	0,163	0,199	0,270	0,276	0,254	0,258	0,253	0,260	0,272	0,309	0,344	0,364	0,374	0,285	0,000	0,000
3,000	-21,153	-21,062	-20,981	-20,611	-20,392	-20,261	-20,189	-20,130	-20,081	-20,065	-20,029	-19,996	-19,940	-19,825	-19,705	0,170	0,348	0,436	0,526	0,491	0,400	0,346	0,294	0,254	0,221	0,214	0,226	0,242	0,251	0,198	0,000	0,000
4,000	-10,958	-11,066	-10,984	-10,986	-10,954	-10,944	-10,954	-10,937	-10,939	-10,918	-10,871	-10,798	-10,653	-10,421	-10,116	-0,274	-0,017	-0,022	0,032	0,043	0,070	0,088	0,105	0,142	0,204	0,290	0,379	0,474	0,537	0,441	0,000	0,000
5,000	-12,454	-12,407	-12,564	-12,598	-12,601	-12,582	-12,564	-12,571	-12,546	-12,543	-12,500	-12,412	-12,273	-12,032	-11,713	-0,065	-0,203	-0,147	-0,018	0,012	0,029	0,073	0,102	0,155	0,192	0,283	0,389	0,487	0,550	0,446	0,000	0,000
6,000	-7,467	-7,261	-7,113	-6,914	-6,810	-6,743	-6,709	-6,678	-6,638	-6,621	-6,576	-6,525	-6,473	-6,379	-6,278	0,612	0,520	0,457	0,368	0,311	0,254	0,233	0,213	0,201	0,197	0,202	0,210	0,220	0,215	0,164	0,000	0,000
7,000	-4,088	-3,573	-3,436	-3,255	-3,190	-3,155	-3,136	-3,123	-3,105	-3,102	-3,089	-3,080	-3,063	-3,038	-3,016	1,695	1,028	0,766	0,417	0,301	0,210	0,173	0,142	0,113	0,092	0,081	0,072	0,070	0,058	0,045	0,000	0,000
8,000	-16,017	-15,519	-15,266	-15,120	-15,064	-15,066	-15,079	-15,091	-15,118	-15,157	-15,172	-15,199	-15,213	-15,200	-15,178	1,812	1,206	0,857	0,402	0,249	0,124	0,068	0,015	-0,018	-0,033	-0,026	-0,022	-0,006	0,022	0,022	0,000	0,000
9,000	-9,641	-9,611	-9,570	-9,436	-9,312	-9,212	-9,147	-9,097	-9,045	-9,007	-8,962	-8,913	-8,858	-8,773	-8,681	-0,056	0,059	0,133	0,265	0,297	0,279	0,270	0,249	0,231	0,211	0,215	0,211	0,212	0,204	0,147	0,000	0,000
10,000	-9,741	-9,809	-9,690	-9,587	-9,497	-9,465	-9,443	-9,427	-9,407	-9,402	-9,381	-9,349	-9,299	-9,225	-9,136	-0,308	0,018	0,065	0,153	0,138	0,122	0,112	0,109	0,101	0,111	0,130	0,147	0,166	0,172	0,137	0,000	0,000
11,000	-10,422	-10,365	-10,351	-10,230	-10,149	-10,095	-10,067	-10,041	-10,012	-9,996	-9,959	-9,912	-9,857	-9,756	-9,642	-0,058	0,037	0,087	0,171	0,176	0,156	0,156	0,146	0,151	0,158	0,180	0,202	0,213	0,226	0,174	0,000	0,000
12,000	-14,923	-14,958	-14,926	-14,887	-14,832	-14,830	-14,813	-14,805	-14,800	-14,808	-14,786	-14,745	-14,703	-14,597	-14,477	-0,160	-0,018	0,016	0,065	0,072	0,037	0,070	0,060	0,068	0,079	0,115	0,157	0,197	0,223	0,176	0,000	0,000
13,000	-8,818	-8,770	-8,821	-8,806	-8,796	-8,779	-8,758	-8,740	-8,703	-8,682	-8,622	-8,552	-8,442	-8,279	-8,075	-0,052	-0,046	-0,021	0,037	0,061	0,085	0,111	0,133	0,167	0,204	0,253	0,311	0,361	0,383	0,304	0,000	0,000
14,000	-11,981	-11,812	-11,913	-11,838	-11,831	-11,804	-11,778	-11,777	-11,765	-11,754	-11,725	-11,691	-11,611	-11,463	-11,253	0,012	-0,070	-0,000	0,056	0,068	0,057	0,077	0,083	0,106	0,135	0,186	0,244	0,300	0,345	0,286	0,000	0,000
15,000	-9,076	-9,206	-9,101	-9,115	-9,069	-9,067	-9,057	-9,039	-9,021	-9,012	-8,992	-8,958	-8,914	-8,839	-8,751	-0,195	0,024	0,001	0,049	0,055	0,062	0,067	0,077	0,080	0,095	0,117	0,138	0,158	0,170	0,138	0,000	0,000
	run	9	2022:11:08    11:19:20,039
0,000	-13,543	-13,604	-13,618	-13,690	-13,710	-13,721	-13,729	-13,741	-13,733	-13,744	-13,733	-13,700	-13,646	-13,549	-13,427	-0,132	-0,128	-0,106	-0,080	-0,069	-0,035	-0,024	0,000	0,019	0,047	0,093	0,138	0,176	0,205	0,165	0,000	0,000
1,000	-17,219	-17,219	-17,127	-16,941	-16,784	-16,684	-16,619	-16,572	-16,521	-16,487	-16,433	-16,388	-16,326	-16,230	-16,105	0,035	0,192	0,236	0,335	0,342	0,311	0,295	0,259	0,242	0,229	0,235	0,237	0,242	0,247	0,187	0,000	0,000
2,000	-10,357	-10,335	-10,300	-10,144	-10,032	-9,957	-9,912	-9,869	-9,822	-9,783	-9,717	-9,636	-9,541	-9,379	-9,199	0,079	0,145	0,184	0,268	0,270	0,248	0,252	0,249	0,261	0,267	0,298	0,333	0,362	0,366	0,275	0,000	0,000
3,000	-20,466	-20,431	-20,358	-20,033	-19,809	-19,680	-19,604	-19,543	-19,493	-19,484	-19,443	-19,399	-19,344	-19,227	-19,100	0,110	0,284	0,365	0,494	0,472	0,388	0,345	0,297	0,263	0,221	0,220	0,237	0,248	0,261	0,198	0,000	0,000
4,000	-10,959	-11,045	-10,971	-10,953	-10,924	-10,923	-10,918	-10,915	-10,909	-10,890	-10,842	-10,767	-10,624	-10,394	-10,084	-0,234	-0,003	-0,011	0,042	0,044	0,074	0,084	0,106	0,134	0,210	0,295	0,377	0,477	0,542	0,447	0,000	0,000
5,000	-12,544	-12,502	-12,662	-12,691	-12,694	-12,667	-12,654	-12,661	-12,630	-12,623	-12,565	-12,479	-12,346	-12,093	-11,767	-0,062	-0,209	-0,144	-0,019	0,014	0,033	0,079	0,111	0,158	0,201	0,294	0,401	0,501	0,559	0,456	0,000	0,000
6,000	-7,605	-7,364	-7,215	-7,014	-6,909	-6,843	-6,802	-6,772	-6,735	-6,715	-6,671	-6,622	-6,568	-6,472	-6,367	0,634	0,543	0,467	0,370	0,315	0,256	0,239	0,216	0,201	0,191	0,202	0,203	0,219	0,224	0,167	0,000	0,000
7,000	-4,024	-3,517	-3,392	-3,217	-3,153	-3,123	-3,104	-3,097	-3,076	-3,077	-3,069	-3,053	-3,045	-3,020	-3,002	1,654	0,989	0,744	0,410	0,288	0,197	0,165	0,133	0,113	0,089	0,071	0,063	0,052	0,054	0,039	0,000	0,000
8,000	-15,782	-15,269	-15,017	-14,863	-14,804	-14,797	-14,810	-14,823	-14,853	-14,882	-14,905	-14,934	-14,939	-14,929	-14,907	1,759	1,165	0,839	0,396	0,249	0,124	0,067	0,025	-0,015	-0,031	-0,017	-0,022	-0,003	0,021	0,027	0,000	0,000
9,000	-9,453	-9,428	-9,402	-9,300	-9,201	-9,102	-9,043	-8,999	-8,946	-8,914	-8,869	-8,829	-8,776	-8,692	-8,608	-0,072	0,033	0,086	0,220	0,251	0,237	0,240	0,222	0,212	0,196	0,197	0,202	0,199	0,192	0,142	0,000	0,000
10,000	-9,395	-9,458	-9,368	-9,290	-9,216	-9,187	-9,170	-9,155	-9,137	-9,139	-9,116	-9,088	-9,042	-8,971	-8,885	-0,306	-0,012	0,031	0,111	0,108	0,100	0,096	0,097	0,091	0,102	0,114	0,131	0,154	0,161	0,125	0,000	0,000
11,000	-10,156	-10,109	-10,110	-10,006	-9,935	-9,886	-9,858	-9,839	-9,808	-9,793	-9,758	-9,716	-9,662	-9,567	-9,459	-0,091	0,010	0,062	0,142	0,161	0,135	0,142	0,133	0,141	0,143	0,166	0,189	0,203	0,210	0,163	0,000	0,000
12,000	-14,177	-14,225	-14,178	-14,141	-14,089	-14,083	-14,072	-14,063	-14,054	-14,068	-14,046	-14,011	-13,970	-13,861	-13,747	-0,144	-0,004	0,020	0,065	0,065	0,050	0,057	0,058	0,070	0,076	0,114	0,149	0,187	0,216	0,172	0,000	0,000
13,000	-8,630	-8,541	-8,613	-8,601	-8,598	-8,575	-8,553	-8,546	-8,514	-8,482	-8,434	-8,363	-8,257	-8,098	-7,902	-0,043	-0,059	-0,037	0,031	0,056	0,076	0,104	0,125	0,163	0,206	0,253	0,306	0,349	0,368	0,300	0,000	0,000
14,000	-12,382	-12,259	-12,334	-12,254	-12,246	-12,218	-12,193	-12,200	-12,183	-12,171	-12,160	-12,109	-12,014	-11,862	-11,649	-0,045	-0,062	0,009	0,059	0,071	0,075	0,087	0,086	0,103	0,127	0,183	0,244	0,318	0,361	0,298	0,000	0,000
15,000	-9,282	-9,403	-9,302	-9,318	-9,272	-9,273	-9,266	-9,249	-9,232	-9,224	-9,207	-9,172	-9,130	-9,054	-8,965	-0,188	0,023	0,000	0,042	0,055	0,056	0,060	0,076	0,078	0,096	0,112	0,133	0,159	0,172	0,139	0,000	0,000
	run	10	2022:11:08    11:19:20,092
0,000	-13,543	-13,604	-13,618	-13,690	-13,710	-13,721	-13,729	-13,741	-13,733	-13,744	-13,733	-13,700	-13,646	-13,549	-13,427	-0,132	-0,128	-0,106	-0,080	-0,069	-0,035	-0,024	0,000	0,019	0,047	0,093	0,138	0,176	0,205	0,165	0,000	0,000
1,000	-17,219	-17,219	-17,127	-16,941	-16,784	-16,684	-16,619	-16,572	-16,521	-16,487	-16,433	-16,388	-16,326	-16,230	-16,105	0,035	0,192	0,236	0,335	0,342	0,311	0,295	0,259	0,242	0,229	0,235	0,237	0,242	0,247	0,187	0,000	0,000
2,000	-10,357	-10,335	-10,300	-10,144	-10,032	-9,957	-9,912	-9,869	-9,822	-9,783	-9,717	-9,636	-9,541	-9,379	-9,199	0,079	0,145	0,184	0,268	0,270	0,248	0,252	0,249	0,261	0,267	0,298	0,333	0,362	0,366	0,275	0,000	0,000
3,000	-20,466	-20,431	-20,358	-20,033	-19,809	-19,680	-19,604	-19,543	-19,493	-19,484	-19,443	-19,399	-19,344	-19,227	-19,100	0,110	0,284	0,365	0,494	0,472	0,388	0,345	0,297	0,263	0,221	0,220	0,237	0,248	0,261	0,198	0,000	0,000
4,000	-10,959	-11,045	-10,971	-10,953	-10,924	-10,923	-10,918	-10,915	-10,909	-10,890	-10,842	-10,767	-10,624	-10,394	-10,084	-0,234	-0,003	-0,011	0,042	0,044	0,074	0,084	0,106	0,134	0,210	0,295	0,377	0,477	0,542	0,447	0,000	0,000
5,000	-12,544	-12,502	-12,662	-12,691	-12,694	-12,667	-12,654	-12,661	-12,630	-12,623	-12,565	-12,479	-12,346	-12,093	-11,767	-0,062	-0,209	-0,144	-0,019	0,014	0,033	0,079	0,111	0,158	0,201	0,294	0,401	0,501	0,559	0,456	0,000	0,000
6,000	-7,748	-7,518	-7,362	-7,161	-7,051	-6,984	-6,951	-6,912	-6,883	-6,856	-6,807	-6,762	-6,711	-6,618	-6,510	0,635	0,548	0,474	0,375	0,322	0,262	0,239	0,216	0,203	0,195	0,203	0,214	0,221	0,221	0,168	0,000	0,000
7,000	-4,116	-3,585	-3,451	-3,274	-3,215	-3,179	-3,160	-3,146	-3,136	-3,130	-3,115	-3,102	-3,095	-3,074	-3,049	1,705	1,023	0,768	0,421	0,294	0,205	0,168	0,137	0,111	0,085	0,076	0,065	0,058	0,056	0,040	0,000	0,000
8,000	-15,840	-15,334	-15,075	-14,925	-14,860	-14,859	-14,872	-14,887	-14,918	-14,946	-14,968	-14,991	-15,004	-14,995	-14,979	1,793	1,217	0,857	0,403	0,255	0,127	0,067	0,022	-0,012	-0,023	-0,019	-0,022	-0,003	0,020	0,027	0,000	0,000
9,000	-9,358	-9,352	-9,308	-9,197	-9,088	-8,983	-8,932	-8,879	-8,829	-8,795	-8,750	-8,705	-8,651	-8,572	-8,480	-0,062	0,024	0,114	0,238	0,269	0,265	0,252	0,233	0,219	0,205	0,194	0,204	0,202	0,197	0,140	0,000	0,000
10,000	-9,362	-9,443	-9,355	-9,295	-9,230	-9,208	-9,193	-9,181	-9,162	-9,161	-9,138	-9,110	-9,073	-9,004	-8,923	-0,307	-0,027	0,010	0,093	0,086	0,085	0,081	0,076	0,079	0,089	0,109	0,122	0,144	0,157	0,121	0,000	0,000
11,000	-9,941	-9,898	-9,900	-9,812	-9,748	-9,699	-9,672	-9,656	-9,623	-9,607	-9,570	-9,527	-9,478	-9,386	-9,279	-0,114	-0,012	0,042	0,129	0,145	0,128	0,134	0,133	0,137	0,143	0,162	0,183	0,199	0,205	0,155	0,000	0,000
12,000	-13,851	-13,904	-13,840	-13,807	-13,752	-13,739	-13,739	-13,727	-13,719	-13,731	-13,700	-13,672	-13,629	-13,528	-13,408	-0,137	0,003	0,027	0,067	0,065	0,054	0,056	0,062	0,071	0,076	0,110	0,147	0,188	0,218	0,178	0,000	0,000
13,000	-8,473	-8,390	-8,473	-8,464	-8,452	-8,439	-8,419	-8,414	-8,382	-8,354	-8,305	-8,241	-8,140	-7,996	-7,811	-0,052	-0,060	-0,049	0,024	0,050	0,067	0,097	0,114	0,154	0,188	0,237	0,284	0,323	0,339	0,271	0,000	0,000
14,000	-12,229	-12,089	-12,179	-12,108	-12,095	-12,068	-12,048	-12,037	-12,031	-12,018	-12,003	-11,954	-11,866	-11,713	-11,498	-0,036	-0,066	0,009	0,055	0,075	0,074	0,080	0,083	0,105	0,127	0,179	0,240	0,310	0,363	0,298	0,000	0,000
15,000	-9,259	-9,369	-9,269	-9,283	-9,237	-9,239	-9,232	-9,215	-9,196	-9,193	-9,169	-9,132	-9,082	-9,002	-8,900	-0,178	0,025	0,002	0,048	0,047	0,062	0,069	0,075	0,085	0,105	0,120	0,143	0,174	0,185	0,151	0,000	0,000
	run	11	2022:11:08    11:19:20,192
0,000	-13,357	-13,425	-13,440	-13,528	-13,546	-13,564	-13,571	-13,575	-13,578	-13,584	-13,568	-13,541	-13,483	-13,384	-13,259	-0,154	-0,141	-0,126	-0,093	-0,067	-0,041	-0,018	-0,004	0,024	0,050	0,089	0,139	0,182	0,211	0,171	0,000	0,000
1,000	-17,629	-17,591	-17,502	-17,265	-17,103	-16,996	-16,929	-16,883	-16,834	-16,802	-16,750	-16,704	-16,643	-16,538	-16,419	0,118	0,237	0,292	0,383	0,378	0,327	0,304	0,275	0,251	0,239	0,237	0,247	0,248	0,248	0,185	0,000	0,000
2,000	-10,865	-10,811	-10,781	-10,617	-10,507	-10,423	-10,382	-10,338	-10,288	-10,249	-10,175	-10,093	-9,989	-9,818	-9,626	0,117	0,165	0,219	0,281	0,279	0,256	0,266	0,260	0,273	0,284	0,324	0,353	0,383	0,392	0,294	0,000	0,000
3,000	-21,363	-21,299	-21,177	-20,798	-20,569	-20,429	-20,361	-20,297	-20,250	-20,233	-20,192	-20,155	-20,106	-19,991	-19,852	0,212	0,388	0,466	0,555	0,509	0,416	0,359	0,305	0,271	0,230	0,225	0,237	0,249	0,259	0,199	0,000	0,000
4,000	-10,941	-11,040	-10,949	-10,949	-10,917	-10,904	-10,914	-10,903	-10,902	-10,882	-10,838	-10,751	-10,610	-10,371	-10,060	-0,236	-0,001	-0,014	0,036	0,036	0,065	0,089	0,104	0,139	0,203	0,294	0,391	0,496	0,551	0,451	0,000	0,000
5,000	-12,626	-12,589	-12,771	-12,789	-12,779	-12,772	-12,746	-12,749	-12,726	-12,719	-12,670	-12,585	-12,442	-12,192	-11,861	-0,076	-0,210	-0,151	-0,026	0,016	0,036	0,079	0,114	0,159	0,200	0,299	0,406	0,510	0,566	0,458	0,000	0,000
6,000	-7,753	-7,535	-7,371	-7,168	-7,053	-6,993	-6,956	-6,925	-6,883	-6,866	-6,817	-6,769	-6,713	-6,616	-6,511	0,619	0,544	0,472	0,381	0,325	0,260	0,239	0,218	0,205	0,191	0,212	0,211	0,223	0,227	0,167	0,000	0,000
7,000	-4,204	-3,668	-3,541	-3,342	-3,280	-3,236	-3,218	-3,207	-3,190	-3,179	-3,172	-3,159	-3,147	-3,123	-3,099	1,731	1,049	0,795	0,442	0,317	0,224	0,180	0,144	0,119	0,095	0,080	0,071	0,068	0,063	0,040	0,000	0,000
8,000	-16,226	-15,739	-15,489	-15,340	-15,277	-15,287	-15,301	-15,320	-15,347	-15,384	-15,400	-15,429	-15,446	-15,444	-15,418	1,800	1,189	0,851	0,401	0,239	0,111	0,061	0,008	-0,020	-0,043	-0,033	-0,033	-0,011	0,017	0,022	0,000	0,000
9,000	-9,716	-9,689	-9,632	-9,498	-9,372	-9,250	-9,185	-9,137	-9,081	-9,044	-8,996	-8,946	-8,897	-8,807	-8,720	-0,049	0,067	0,153	0,286	0,308	0,292	0,279	0,255	0,239	0,215	0,218	0,214	0,214	0,207	0,147	0,000	0,000
10,000	-9,467	-9,544	-9,465	-9,397	-9,339	-9,322	-9,303	-9,295	-9,276	-9,275	-9,254	-9,231	-9,184	-9,117	-9,037	-0,301	-0,038	0,004	0,081	0,078	0,081	0,078	0,075	0,076	0,091	0,104	0,116	0,146	0,159	0,125	0,000	0,000
11,000	-10,055	-10,017	-9,999	-9,909	-9,836	-9,793	-9,763	-9,744	-9,711	-9,693	-9,663	-9,615	-9,563	-9,472	-9,368	-0,107	-0,004	0,047	0,132	0,148	0,137	0,139	0,137	0,141	0,143	0,165	0,187	0,203	0,210	0,159	0,000	0,000
12,000	-14,023	-14,074	-14,004	-13,976	-13,922	-13,909	-13,906	-13,899	-13,888	-13,896	-13,872	-13,839	-13,797	-13,695	-13,574	-0,135	0,005	0,028	0,073	0,068	0,061	0,057	0,059	0,069	0,085	0,122	0,149	0,184	0,216	0,170	0,000	0,000
13,000	-8,454	-8,438	-8,466	-8,479	-8,466	-8,453	-8,430	-8,419	-8,391	-8,358	-8,310	-8,248	-8,148	-7,994	-7,806	-0,090	-0,057	-0,046	0,018	0,050	0,073	0,104	0,124	0,154	0,192	0,236	0,282	0,327	0,351	0,277	0,000	0,000
14,000	-11,787	-11,561	-11,685	-11,605	-11,605	-11,577	-11,555	-11,562	-11,548	-11,545	-11,522	-11,477	-11,398	-11,242	-11,033	0,056	-0,068	-0,001	0,058	0,063	0,062	0,070	0,074	0,094	0,120	0,151	0,231	0,305	0,354	0,279	0,000	0,000
15,000	-9,016	-9,142	-9,051	-9,053	-9,008	-9,009	-8,995	-8,979	-8,963	-8,954	-8,932	-8,894	-8,846	-8,765	-8,674	-0,193	0,019	0,002	0,051	0,057	0,069	0,072	0,080	0,088	0,100	0,122	0,147	0,172	0,182	0,145	0,000	0,000
	run	12	2022:11:08    11:19:20,293
0,000	-12,817	-12,898	-12,923	-12,989	-13,006	-13,017	-13,026	-13,024	-13,020	-13,031	-13,024	-12,985	-12,940	-12,841	-12,734	-0,142	-0,119	-0,107	-0,076	-0,059	-0,035	-0,017	0,005	0,026	0,044	0,091	0,133	0,171	0,199	0,158	0,000	0,000
1,000	-16,762	-16,776	-16,701	-16,519	-16,370	-16,272	-16,208	-16,169	-16,118	-16,086	-16,031	-15,989	-15,930	-15,831	-15,719	0,052	0,164	0,225	0,323	0,331	0,295	0,279	0,251	0,233	0,223	0,227	0,231	0,235	0,239	0,181	0,000	0,000
2,000	-10,460	-10,425	-10,398	-10,218	-10,110	-10,035	-9,989	-9,951	-9,894	-9,859	-9,791	-9,714	-9,615	-9,451	-9,272	0,098	0,152	0,199	0,283	0,276	0,257	0,260	0,248	0,258	0,270	0,303	0,336	0,362	0,361	0,274	0,000	0,000
3,000	-21,122	-21,080	-20,997	-20,642	-20,422	-20,287	-20,226	-20,161	-20,114	-20,103	-20,060	-20,024	-19,970	-19,862	-19,726	0,168	0,348	0,416	0,521	0,485	0,392	0,347	0,297	0,257	0,220	0,219	0,233	0,245	0,262	0,196	0,000	0,000
4,000	-11,299	-11,398	-11,305	-11,322	-11,289	-11,278	-11,280	-11,273	-11,273	-11,253	-11,207	-11,131	-10,985	-10,752	-10,443	-0,260	-0,025	-0,033	0,031	0,037	0,064	0,090	0,106	0,137	0,209	0,302	0,381	0,486	0,539	0,446	0,000	0,000
5,000	-12,727	-12,658	-12,816	-12,841	-12,845	-12,824	-12,803	-12,814	-12,782	-12,781	-12,733	-12,651	-12,506	-12,255	-11,931	-0,066	-0,207	-0,141	-0,017	0,013	0,033	0,073	0,103	0,149	0,196	0,295	0,398	0,502	0,556	0,452	0,000	0,000
6,000	-7,643	-7,428	-7,268	-7,082	-6,975	-6,907	-6,869	-6,837	-6,795	-6,778	-6,728	-6,684	-6,625	-6,530	-6,412	0,618	0,531	0,456	0,367	0,313	0,258	0,240	0,219	0,201	0,194	0,210	0,218	0,229	0,233	0,175	0,000	0,000
7,000	-4,187	-3,648	-3,494	-3,308	-3,240	-3,203	-3,187	-3,173	-3,153	-3,153	-3,138	-3,123	-3,107	-3,075	-3,051	1,712	1,046	0,788	0,441	0,312	0,220	0,181	0,144	0,119	0,102	0,088	0,081	0,078	0,069	0,048	0,000	0,000
8,000	-16,673	-16,163	-15,933	-15,798	-15,728	-15,736	-15,755	-15,773	-15,800	-15,833	-15,856	-15,888	-15,899	-15,901	-15,882	1,834	1,197	0,843	0,394	0,240	0,113	0,061	0,010	-0,025	-0,040	-0,042	-0,035	-0,021	0,006	0,010	0,000	0,000
9,000	-10,023	-9,983	-9,923	-9,734	-9,596	-9,476	-9,410	-9,359	-9,302	-9,263	-9,213	-9,168	-9,105	-9,023	-8,925	-0,020	0,116	0,194	0,332	0,339	0,314	0,301	0,267	0,250	0,227	0,228	0,225	0,224	0,216	0,158	0,000	0,000
10,000	-9,979	-10,049	-9,945	-9,837	-9,754	-9,727	-9,700	-9,685	-9,663	-9,666	-9,642	-9,612	-9,562	-9,491	-9,401	-0,295	0,002	0,060	0,145	0,127	0,115	0,107	0,107	0,096	0,106	0,120	0,136	0,158	0,170	0,132	0,000	0,000
11,000	-10,523	-10,474	-10,457	-10,331	-10,246	-10,189	-10,162	-10,142	-10,110	-10,088	-10,055	-10,012	-9,953	-9,853	-9,740	-0,066	0,044	0,092	0,178	0,178	0,157	0,159	0,150	0,153	0,157	0,175	0,203	0,217	0,224	0,174	0,000	0,000
12,000	-14,460	-14,523	-14,465	-14,436	-14,380	-14,369	-14,364	-14,355	-14,348	-14,360	-14,331	-14,301	-14,254	-14,148	-14,029	-0,167	-0,013	0,018	0,065	0,062	0,051	0,057	0,061	0,068	0,079	0,109	0,156	0,193	0,222	0,176	0,000	0,000
13,000	-8,559	-8,522	-8,569	-8,565	-8,556	-8,532	-8,515	-8,500	-8,471	-8,440	-8,389	-8,325	-8,217	-8,064	-7,869	-0,062	-0,047	-0,031	0,025	0,058	0,083	0,107	0,128	0,157	0,194	0,241	0,293	0,337	0,361	0,286	0,000	0,000
14,000	-11,623	-11,455	-11,579	-11,494	-11,491	-11,464	-11,441	-11,440	-11,436	-11,426	-11,403	-11,372	-11,284	-11,147	-10,947	0,035	-0,082	0,000	0,051	0,049	0,057	0,071	0,074	0,093	0,118	0,170	0,220	0,287	0,330	0,272	0,000	0,000
15,000	-8,728	-8,848	-8,745	-8,760	-8,716	-8,713	-8,704	-8,691	-8,670	-8,672	-8,650	-8,624	-8,572	-8,497	-8,414	-0,195	0,022	0,005	0,044	0,048	0,059	0,063	0,071	0,078	0,090	0,110	0,128	0,155	0,167	0,129	0,000	0,000
	run	13	2022:11:08    11:19:20,353
0,000	-12,559	-12,616	-12,637	-12,694	-12,710	-12,723	-12,727	-12,730	-12,727	-12,735	-12,720	-12,692	-12,642	-12,557	-12,445	-0,151	-0,117	-0,112	-0,066	-0,052	-0,029	-0,004	0,003	0,022	0,047	0,081	0,126	0,168	0,188	0,152	0,000	0,000
1,000	-15,991	-16,026	-15,934	-15,797	-15,674	-15,572	-15,518	-15,473	-15,435	-15,400	-15,352	-15,312	-15,260	-15,169	-15,063	-0,024	0,140	0,179	0,267	0,286	0,272	0,257	0,225	0,212	0,202	0,209	0,214	0,218	0,223	0,171	0,000	0,000
2,000	-10,460	-10,425	-10,398	-10,218	-10,110	-10,035	-9,989	-9,951	-9,894	-9,859	-9,791	-9,714	-9,615	-9,451	-9,272	0,098	0,152	0,199	0,283	0,276	0,257	0,260	0,248	0,258	0,270	0,303	0,336	0,362	0,361	0,274	0,000	0,000
3,000	-21,122	-21,080	-20,997	-20,642	-20,422	-20,287	-20,226	-20,161	-20,114	-20,103	-20,060	-20,024	-19,970	-19,862	-19,726	0,168	0,348	0,416	0,521	0,485	0,392	0,347	0,297	0,257	0,220	0,219	0,233	0,245	0,262	0,196	0,000	0,000
4,000	-11,299	-11,398	-11,305	-11,322	-11,289	-11,278	-11,280	-11,273	-11,273	-11,253	-11,207	-11,131	-10,985	-10,752	-10,443	-0,260	-0,025	-0,033	0,031	0,037	0,064	0,090	0,106	0,137	0,209	0,302	0,381	0,486	0,539	0,446	0,000	0,000
5,000	-12,727	-12,658	-12,816	-12,841	-12,845	-12,824	-12,803	-12,814	-12,782	-12,781	-12,733	-12,651	-12,506	-12,255	-11,931	-0,066	-0,207	-0,141	-0,017	0,013	0,033	0,073	0,103	0,149	0,196	0,295	0,398	0,502	0,556	0,452	0,000	0,000
6,000	-7,643	-7,428	-7,268	-7,082	-6,975	-6,907	-6,869	-6,837	-6,795	-6,778	-6,728	-6,684	-6,625	-6,530	-6,412	0,618	0,531	0,456	0,367	0,313	0,258	0,240	0,219	0,201	0,194	0,210	0,218	0,229	0,233	0,175	0,000	0,000
7,000	-4,187	-3,648	-3,494	-3,308	-3,240	-3,203	-3,187	-3,173	-3,153	-3,153	-3,138	-3,123	-3,107	-3,075	-3,051	1,712	1,046	0,788	0,441	0,312	0,220	0,181	0,144	0,119	0,102	0,088	0,081	0,078	0,069	0,048	0,000	0,000
8,000	-16,673	-16,162	-15,912	-15,779	-15,714	-15,716	-15,740	-15,756	-15,783	-15,812	-15,837	-15,863	-15,880	-15,872	-15,852	1,860	1,210	0,862	0,397	0,242	0,117	0,062	0,016	-0,020	-0,038	-0,032	-0,029	-0,014	0,017	0,021	0,000	0,000
9,000	-10,271	-10,215	-10,134	-9,919	-9,770	-9,646	-9,578	-9,522	-9,468	-9,429	-9,381	-9,329	-9,271	-9,173	-9,072	0,008	0,145	0,237	0,358	0,367	0,331	0,310	0,284	0,259	0,234	0,229	0,236	0,231	0,224	0,158	0,000	0,000
10,000	-10,495	-10,498	-10,352	-10,189	-10,097	-10,063	-10,039	-10,023	-10,002	-10,000	-9,976	-9,945	-9,895	-9,817	-9,713	-0,228	0,099	0,151	0,207	0,172	0,141	0,125	0,123	0,111	0,118	0,133	0,148	0,175	0,185	0,146	0,000	0,000
11,000	-10,832	-10,750	-10,719	-10,568	-10,484	-10,429	-10,397	-10,376	-10,346	-10,328	-10,290	-10,243	-10,179	-10,076	-9,953	-0,021	0,085	0,135	0,201	0,198	0,172	0,167	0,161	0,164	0,164	0,184	0,207	0,230	0,240	0,180	0,000	0,000
12,000	-15,143	-15,202	-15,145	-15,115	-15,049	-15,042	-15,038	-15,026	-15,013	-15,027	-15,007	-14,964	-14,915	-14,803	-14,677	-0,167	-0,018	0,020	0,066	0,068	0,057	0,064	0,063	0,069	0,083	0,122	0,165	0,206	0,235	0,188	0,000	0,000
13,000	-8,800	-8,756	-8,797	-8,787	-8,776	-8,757	-8,737	-8,721	-8,692	-8,651	-8,608	-8,538	-8,432	-8,274	-8,063	-0,058	-0,038	-0,022	0,030	0,064	0,085	0,113	0,136	0,169	0,203	0,253	0,304	0,352	0,377	0,296	0,000	0,000
14,000	-11,773	-11,614	-11,726	-11,638	-11,649	-11,612	-11,589	-11,600	-11,584	-11,583	-11,560	-11,519	-11,440	-11,305	-11,110	0,025	-0,071	-0,002	0,046	0,048	0,057	0,068	0,070	0,089	0,122	0,165	0,218	0,287	0,328	0,269	0,000	0,000
15,000	-8,634	-8,777	-8,661	-8,685	-8,641	-8,638	-8,629	-8,614	-8,594	-8,595	-8,575	-8,546	-8,498	-8,430	-8,347	-0,199	0,020	-0,005	0,041	0,045	0,059	0,061	0,072	0,073	0,086	0,106	0,124	0,150	0,161	0,132	0,000	0,000
	run	14	2022:11:08    11:19:20,438
0,000	-12,409	-12,492	-12,506	-12,569	-12,575	-12,589	-12,593	-12,598	-12,595	-12,599	-12,588	-12,555	-12,514	-12,429	-12,322	-0,151	-0,120	-0,105	-0,067	-0,054	-0,025	-0,008	0,004	0,024	0,049	0,077	0,120	0,162	0,186	0,144	0,000	0,000
1,000	-15,840	-15,856	-15,776	-15,641	-15,528	-15,439	-15,378	-15,341	-15,298	-15,267	-15,224	-15,182	-15,132	-15,046	-14,937	-0,027	0,125	0,172	0,252	0,279	0,258	0,247	0,219	0,205	0,198	0,197	0,205	0,211	0,217	0,165	0,000	0,000
2,000	-9,678	-9,677	-9,649	-9,532	-9,436	-9,366	-9,321	-9,289	-9,238	-9,206	-9,153	-9,082	-8,994	-8,864	-8,710	0,066	0,110	0,151	0,224	0,234	0,222	0,225	0,218	0,230	0,235	0,264	0,284	0,306	0,311	0,231	0,000	0,000
3,000	-19,076	-19,087	-19,055	-18,836	-18,654	-18,541	-18,478	-18,426	-18,372	-18,365	-18,321	-18,284	-18,242	-18,138	-18,023	0,023	0,164	0,221	0,366	0,375	0,323	0,289	0,254	0,222	0,199	0,195	0,208	0,218	0,229	0,175	0,000	0,000
4,000	-10,408	-10,471	-10,382	-10,351	-10,314	-10,305	-10,304	-10,299	-10,299	-10,280	-10,240	-10,177	-10,050	-9,839	-9,567	-0,233	0,016	0,008	0,064	0,059	0,076	0,086	0,099	0,124	0,184	0,256	0,338	0,419	0,476	0,392	0,000	0,000
5,000	-12,018	-11,976	-12,142	-12,182	-12,183	-12,159	-12,145	-12,150	-12,117	-12,118	-12,070	-11,981	-11,852	-11,616	-11,316	-0,057	-0,215	-0,161	-0,036	0,012	0,028	0,076	0,098	0,149	0,196	0,286	0,372	0,474	0,527	0,432	0,000	0,000
6,000	-7,715	-7,498	-7,343	-7,140	-7,027	-6,963	-6,935	-6,900	-6,856	-6,837	-6,790	-6,739	-6,684	-6,580	-6,471	0,608	0,537	0,467	0,371	0,317	0,258	0,242	0,216	0,208	0,195	0,208	0,221	0,231	0,235	0,171	0,000	0,000
7,000	-4,240	-3,727	-3,570	-3,366	-3,295	-3,260	-3,237	-3,228	-3,206	-3,197	-3,190	-3,169	-3,159	-3,127	-3,098	1,746	1,073	0,805	0,446	0,324	0,230	0,187	0,156	0,121	0,101	0,092	0,084	0,080	0,077	0,053	0,000	0,000
8,000	-16,967	-16,471	-16,222	-16,083	-16,022	-16,033	-16,043	-16,062	-16,086	-16,123	-16,147	-16,171	-16,190	-16,179	-16,159	1,840	1,213	0,856	0,400	0,240	0,125	0,071	0,009	-0,019	-0,034	-0,030	-0,024	-0,012	0,020	0,028	0,000	0,000
9,000	-10,357	-10,304	-10,233	-10,008	-9,862	-9,737	-9,669	-9,616	-9,558	-9,526	-9,474	-9,420	-9,356	-9,266	-9,158	0,014	0,155	0,244	0,359	0,368	0,329	0,310	0,281	0,258	0,242	0,236	0,240	0,234	0,232	0,166	0,000	0,000
10,000	-10,402	-10,400	-10,268	-10,098	-10,000	-9,972	-9,953	-9,927	-9,907	-9,900	-9,882	-9,846	-9,799	-9,715	-9,615	-0,210	0,109	0,161	0,214	0,178	0,145	0,128	0,122	0,112	0,121	0,137	0,156	0,174	0,188	0,146	0,000	0,000
11,000	-10,739	-10,688	-10,642	-10,495	-10,406	-10,354	-10,318	-10,297	-10,266	-10,246	-10,208	-10,159	-10,090	-9,987	-9,862	-0,027	0,075	0,137	0,203	0,199	0,171	0,173	0,163	0,166	0,169	0,192	0,218	0,240	0,250	0,188	0,000	0,000
12,000	-15,314	-15,358	-15,323	-15,284	-15,230	-15,218	-15,211	-15,208	-15,196	-15,205	-15,184	-15,151	-15,093	-14,983	-14,850	-0,160	-0,026	0,010	0,065	0,067	0,056	0,064	0,063	0,070	0,082	0,129	0,166	0,213	0,243	0,193	0,000	0,000
13,000	-9,030	-8,988	-9,029	-9,019	-9,015	-8,990	-8,969	-8,955	-8,928	-8,891	-8,841	-8,767	-8,656	-8,499	-8,286	-0,060	-0,048	-0,024	0,030	0,068	0,092	0,119	0,139	0,167	0,207	0,257	0,307	0,364	0,387	0,305	0,000	0,000
14,000	-12,133	-11,974	-12,067	-11,984	-11,981	-11,948	-11,936	-11,928	-11,922	-11,917	-11,897	-11,845	-11,775	-11,628	-11,429	0,018	-0,062	-0,004	0,062	0,061	0,063	0,079	0,073	0,093	0,120	0,172	0,227	0,295	0,340	0,273	0,000	0,000
15,000	-8,696	-8,831	-8,716	-8,737	-8,688	-8,694	-8,683	-8,670	-8,653	-8,652	-8,631	-8,604	-8,559	-8,487	-8,402	-0,194	0,024	-0,001	0,038	0,046	0,058	0,058	0,069	0,068	0,089	0,104	0,126	0,151	0,163	0,132	0,000	0,000
	run	15	2022:11:08    11:19:20,492
0,000	-12,409	-12,492	-12,506	-12,569	-12,575	-12,589	-12,593	-12,598	-12,595	-12,599	-12,588	-12,555	-12,514	-12,429	-12,322	-0,151	-0,120	-0,105	-0,067	-0,054	-0,025	-0,008	0,004	0,024	0,049	0,077	0,120	0,162	0,186	0,144	0,000	0,000
1,000	-15,840	-15,856	-15,776	-15,641	-15,528	-15,439	-15,378	-15,341	-15,298	-15,267	-15,224	-15,182	-15,132	-15,046	-14,937	-0,027	0,125	0,172	0,252	0,279	0,258	0,247	0,219	0,205	0,198	0,197	0,205	0,211	0,217	0,165	0,000	0,000
2,000	-9,678	-9,677	-9,649	-9,532	-9,436	-9,366	-9,321	-9,289	-9,238	-9,206	-9,153	-9,082	-8,994	-8,864	-8,710	0,066	0,110	0,151	0,224	0,234	0,222	0,225	0,218	0,230	0,235	0,264	0,284	0,306	0,311	0,231	0,000	0,000
3,000	-19,076	-19,087	-19,055	-18,836	-18,654	-18,541	-18,478	-18,426	-18,372	-18,365	-18,321	-18,284	-18,242	-18,138	-18,023	0,023	0,164	0,221	0,366	0,375	0,323	0,289	0,254	0,222	0,199	0,195	0,208	0,218	0,229	0,175	0,000	0,000
4,000	-10,408	-10,471	-10,382	-10,351	-10,314	-10,305	-10,304	-10,299	-10,299	-10,280	-10,240	-10,177	-10,050	-9,839	-9,567	-0,233	0,016	0,008	0,064	0,059	0,076	0,086	0,099	0,124	0,184	0,256	0,338	0,419	0,476	0,392	0,000	0,000
5,000	-12,018	-11,976	-12,142	-12,182	-12,183	-12,159	-12,145	-12,150	-12,117	-12,118	-12,070	-11,981	-11,852	-11,616	-11,316	-0,057	-0,215	-0,161	-0,036	0,012	0,028	0,076	0,098	0,149	0,196	0,286	0,372	0,474	0,527	0,432	0,000	0,000
6,000	-7,742	-7,530	-7,379	-7,197	-7,074	-7,017	-6,985	-6,951	-6,909	-6,887	-6,842	-6,790	-6,730	-6,631	-6,516	0,588	0,517	0,457	0,364	0,311	0,256	0,244	0,218	0,205	0,196	0,208	0,223	0,233	0,239	0,183	0,000	0,000
7,000	-4,326	-3,779	-3,616	-3,407	-3,332	-3,290	-3,272	-3,259	-3,245	-3,234	-3,221	-3,208	-3,193	-3,169	-3,141	1,753	1,088	0,826	0,465	0,331	0,235	0,190	0,154	0,123	0,100	0,086	0,083	0,074	0,076	0,046	0,000	0,000
8,000	-17,215	-16,714	-16,474	-16,347	-16,287	-16,286	-16,309	-16,325	-16,351	-16,388	-16,406	-16,438	-16,449	-16,441	-16,417	1,824	1,201	0,843	0,385	0,237	0,114	0,060	0,005	-0,022	-0,038	-0,035	-0,023	-0,012	0,019	0,027	0,000	0,000
9,000	-10,401	-10,334	-10,240	-10,032	-9,872	-9,752	-9,680	-9,628	-9,575	-9,533	-9,485	-9,431	-9,372	-9,274	-9,173	0,039	0,174	0,256	0,368	0,367	0,331	0,311	0,278	0,259	0,241	0,241	0,241	0,239	0,233	0,166	0,000	0,000
10,000	-10,255	-10,285	-10,140	-9,981	-9,881	-9,850	-9,825	-9,812	-9,786	-9,785	-9,756	-9,723	-9,673	-9,589	-9,491	-0,241	0,095	0,147	0,209	0,176	0,150	0,134	0,122	0,112	0,127	0,142	0,160	0,185	0,195	0,147	0,000	0,000
11,000	-10,658	-10,584	-10,563	-10,411	-10,319	-10,263	-10,234	-10,208	-10,175	-10,154	-10,111	-10,069	-10,001	-9,894	-9,768	-0,038	0,091	0,128	0,202	0,204	0,175	0,173	0,155	0,164	0,173	0,196	0,225	0,240	0,248	0,191	0,000	0,000
12,000	-15,556	-15,600	-15,552	-15,509	-15,458	-15,441	-15,437	-15,430	-15,421	-15,435	-15,395	-15,362	-15,315	-15,196	-15,058	-0,161	-0,015	0,018	0,063	0,073	0,057	0,063	0,070	0,073	0,091	0,132	0,173	0,220	0,248	0,196	0,000	0,000
13,000	-9,096	-9,037	-9,093	-9,079	-9,070	-9,046	-9,027	-9,012	-8,981	-8,946	-8,891	-8,811	-8,699	-8,530	-8,314	-0,046	-0,040	-0,016	0,044	0,068	0,089	0,118	0,140	0,179	0,218	0,274	0,324	0,381	0,402	0,320	0,000	0,000
14,000	-12,252	-12,083	-12,182	-12,100	-12,096	-12,063	-12,046	-12,041	-12,033	-12,034	-12,007	-11,957	-11,867	-11,723	-11,516	0,034	-0,055	0,001	0,058	0,064	0,065	0,081	0,086	0,104	0,133	0,185	0,244	0,302	0,347	0,292	0,000	0,000
15,000	-8,888	-9,026	-8,918	-8,932	-8,876	-8,880	-8,870	-8,862	-8,842	-8,839	-8,821	-8,789	-8,743	-8,675	-8,592	-0,199	0,026	0,002	0,040	0,046	0,060	0,057	0,068	0,074	0,087	0,104	0,126	0,147	0,162	0,128	0,000	0,000
	run	16	2022:11:08    11:19:20,592
0,000	-12,941	-12,986	-13,015	-13,077	-13,084	-13,100	-13,110	-13,110	-13,106	-13,115	-13,105	-13,080	-13,028	-12,940	-12,833	-0,138	-0,111	-0,108	-0,070	-0,052	-0,036	-0,013	0,001	0,023	0,041	0,083	0,128	0,168	0,187	0,149	0,000	0,000
1,000	-16,374	-16,360	-16,278	-16,115	-15,988	-15,889	-15,834	-15,792	-15,746	-15,711	-15,665	-15,626	-15,567	-15,482	-15,376	0,015	0,147	0,202	0,289	0,306	0,283	0,264	0,237	0,213	0,206	0,205	0,218	0,221	0,218	0,170	0,000	0,000
2,000	-9,870	-9,874	-9,836	-9,728	-9,627	-9,556	-9,507	-9,478	-9,426	-9,395	-9,335	-9,262	-9,172	-9,031	-8,871	0,073	0,112	0,155	0,230	0,242	0,225	0,230	0,227	0,234	0,238	0,269	0,298	0,314	0,325	0,240	0,000	0,000
3,000	-19,495	-19,488	-19,451	-19,187	-18,996	-18,869	-18,812	-18,761	-18,706	-18,690	-18,659	-18,619	-18,571	-18,472	-18,355	0,042	0,213	0,262	0,409	0,399	0,343	0,304	0,264	0,229	0,199	0,197	0,210	0,218	0,229	0,174	0,000	0,000
4,000	-10,113	-10,193	-10,110	-10,075	-10,036	-10,033	-10,033	-10,028	-10,018	-10,011	-9,969	-9,900	-9,777	-9,580	-9,318	-0,227	0,008	0,002	0,059	0,062	0,079	0,080	0,095	0,115	0,179	0,250	0,326	0,410	0,458	0,383	0,000	0,000
5,000	-11,809	-11,751	-11,917	-11,944	-11,957	-11,924	-11,917	-11,914	-11,889	-11,886	-11,835	-11,763	-11,624	-11,394	-11,092	-0,075	-0,207	-0,150	-0,038	0,003	0,032	0,076	0,095	0,140	0,192	0,279	0,371	0,465	0,523	0,418	0,000	0,000
6,000	-7,624	-7,423	-7,278	-7,092	-6,977	-6,916	-6,881	-6,856	-6,815	-6,790	-6,750	-6,692	-6,635	-6,534	-6,425	0,560	0,516	0,437	0,354	0,304	0,251	0,238	0,214	0,205	0,198	0,210	0,219	0,235	0,237	0,176	0,000	0,000
7,000	-4,324	-3,786	-3,629	-3,413	-3,341	-3,303	-3,285	-3,266	-3,248	-3,241	-3,233	-3,214	-3,197	-3,174	-3,134	1,781	1,107	0,833	0,465	0,333	0,232	0,189	0,154	0,127	0,103	0,088	0,089	0,082	0,076	0,053	0,000	0,000
8,000	-17,413	-16,907	-16,663	-16,540	-16,482	-16,484	-16,505	-16,520	-16,544	-16,583	-16,608	-16,638	-16,652	-16,648	-16,632	1,854	1,200	0,845	0,391	0,234	0,120	0,062	0,010	-0,021	-0,044	-0,039	-0,031	-0,021	0,014	0,014	0,000	0,000
9,000	-10,517	-10,424	-10,340	-10,095	-9,944	-9,827	-9,754	-9,703	-9,645	-9,607	-9,555	-9,511	-9,441	-9,348	-9,235	0,055	0,194	0,285	0,378	0,374	0,335	0,316	0,286	0,259	0,243	0,241	0,244	0,242	0,237	0,170	0,000	0,000
10,000	-10,527	-10,541	-10,410	-10,231	-10,133	-10,098	-10,077	-10,059	-10,035	-10,031	-10,008	-9,971	-9,921	-9,840	-9,733	-0,236	0,096	0,144	0,223	0,175	0,150	0,135	0,126	0,117	0,130	0,140	0,156	0,184	0,189	0,152	0,000	0,000
11,000	-10,819	-10,737	-10,706	-10,557	-10,472	-10,408	-10,380	-10,352	-10,322	-10,303	-10,258	-10,216	-10,150	-10,042	-9,916	-0,035	0,088	0,135	0,202	0,204	0,171	0,172	0,167	0,167	0,171	0,193	0,224	0,237	0,251	0,188	0,000	0,000
12,000	-15,298	-15,362	-15,309	-15,283	-15,226	-15,211	-15,204	-15,203	-15,187	-15,201	-15,183	-15,141	-15,093	-14,975	-14,841	-0,172	-0,029	0,010	0,063	0,071	0,059	0,057	0,066	0,078	0,088	0,130	0,161	0,210	0,238	0,189	0,000	0,000
13,000	-8,963	-8,895	-8,949	-8,933	-8,919	-8,899	-8,886	-8,865	-8,832	-8,801	-8,749	-8,681	-8,564	-8,395	-8,180	-0,041	-0,034	-0,022	0,042	0,073	0,087	0,119	0,136	0,173	0,209	0,266	0,322	0,369	0,400	0,316	0,000	0,000
14,000	-12,055	-11,885	-12,002	-11,918	-11,913	-11,883	-11,852	-11,862	-11,847	-11,841	-11,812	-11,769	-11,698	-11,547	-11,338	0,027	-0,075	0,002	0,062	0,067	0,058	0,077	0,079	0,095	0,121	0,172	0,239	0,300	0,349	0,285	0,000	0,000
15,000	-8,927	-9,056	-8,947	-8,962	-8,918	-8,913	-8,907	-8,890	-8,877	-8,872	-8,852	-8,820	-8,774	-8,702	-8,616	-0,196	0,023	0,001	0,044	0,045	0,061	0,060	0,066	0,076	0,090	0,110	0,131	0,155	0,163	0,135	0,000	0,000
	run	17	2022:11:08    11:19:20,692
0,000	-12,943	-13,009	-13,015	-13,092	-13,107	-13,119	-13,121	-13,131	-13,126	-13,134	-13,123	-13,092	-13,044	-12,951	-12,837	-0,150	-0,118	-0,104	-0,076	-0,065	-0,032	-0,014	-0,001	0,018	0,047	0,085	0,128	0,170	0,194	0,157	0,000	0,000
1,000	-16,878	-16,852	-16,770	-16,588	-16,453	-16,350	-16,294	-16,243	-16,197	-16,164	-16,113	-16,069	-16,007	-15,917	-15,802	0,005	0,163	0,217	0,315	0,327	0,294	0,282	0,245	0,234	0,219	0,221	0,232	0,238	0,240	0,184	0,000	0,000
2,000	-10,340	-10,333	-10,300	-10,150	-10,035	-9,956	-9,912	-9,872	-9,816	-9,785	-9,715	-9,644	-9,548	-9,394	-9,222	0,097	0,141	0,185	0,271	0,273	0,247	0,254	0,250	0,256	0,262	0,293	0,328	0,349	0,350	0,267	0,000	0,000
3,000	-20,657	-20,658	-20,565	-20,234	-20,025	-19,891	-19,816	-19,759	-19,705	-19,691	-19,650	-19,616	-19,560	-19,448	-19,323	0,111	0,298	0,376	0,495	0,473	0,394	0,344	0,293	0,256	0,223	0,217	0,233	0,244	0,251	0,187	0,000	0,000
4,000	-11,049	-11,128	-11,041	-11,030	-11,008	-10,994	-11,002	-11,000	-10,997	-10,969	-10,930	-10,854	-10,714	-10,493	-10,194	-0,253	0,001	-0,013	0,039	0,046	0,066	0,084	0,102	0,131	0,202	0,288	0,369	0,463	0,520	0,430	0,000	0,000
5,000	-12,349	-12,292	-12,441	-12,473	-12,473	-12,446	-12,442	-12,441	-12,410	-12,409	-12,365	-12,280	-12,147	-11,901	-11,591	-0,071	-0,204	-0,140	-0,026	0,013	0,034	0,069	0,104	0,149	0,197	0,278	0,388	0,482	0,540	0,437	0,000	0,000
6,000	-7,500	-7,292	-7,137	-6,958	-6,853	-6,785	-6,752	-6,714	-6,682	-6,658	-6,612	-6,566	-6,506	-6,409	-6,300	0,595	0,509	0,444	0,354	0,310	0,254	0,239	0,215	0,199	0,195	0,199	0,213	0,225	0,228	0,169	0,000	0,000
7,000	-4,135	-3,614	-3,485	-3,282	-3,220	-3,181	-3,163	-3,151	-3,139	-3,134	-3,122	-3,103	-3,093	-3,065	-3,033	1,701	1,039	0,780	0,431	0,302	0,215	0,181	0,144	0,116	0,096	0,081	0,081	0,076	0,071	0,047	0,000	0,000
8,000	-17,138	-16,653	-16,394	-16,257	-16,201	-16,207	-16,213	-16,236	-16,259	-16,296	-16,317	-16,346	-16,362	-16,351	-16,336	1,861	1,214	0,861	0,399	0,247	0,123	0,070	0,010	-0,019	-0,037	-0,038	-0,025	-0,011	0,013	0,025	0,000	0,000
9,000	-10,476	-10,394	-10,311	-10,072	-9,919	-9,796	-9,718	-9,674	-9,613	-9,575	-9,523	-9,477	-9,410	-9,316	-9,207	0,049	0,185	0,273	0,379	0,376	0,341	0,317	0,288	0,260	0,246	0,244	0,239	0,241	0,233	0,169	0,000	0,000
10,000	-10,595	-10,590	-10,454	-10,287	-10,183	-10,154	-10,133	-10,111	-10,096	-10,087	-10,066	-10,033	-9,984	-9,902	-9,804	-0,214	0,120	0,158	0,222	0,176	0,148	0,126	0,119	0,111	0,118	0,135	0,150	0,178	0,184	0,149	0,000	0,000
11,000	-10,859	-10,780	-10,746	-10,591	-10,509	-10,449	-10,412	-10,385	-10,358	-10,341	-10,305	-10,255	-10,187	-10,085	-9,961	-0,022	0,091	0,136	0,211	0,200	0,167	0,170	0,160	0,161	0,167	0,195	0,218	0,236	0,243	0,185	0,000	0,000
12,000	-15,048	-15,106	-15,056	-15,020	-14,970	-14,955	-14,952	-14,942	-14,928	-14,941	-14,921	-14,885	-14,837	-14,726	-14,596	-0,175	-0,022	0,012	0,059	0,062	0,056	0,057	0,059	0,068	0,087	0,119	0,162	0,201	0,232	0,183	0,000	0,000
13,000	-8,773	-8,712	-8,773	-8,758	-8,748	-8,729	-8,704	-8,693	-8,662	-8,630	-8,579	-8,503	-8,397	-8,236	-8,033	-0,054	-0,035	-0,024	0,032	0,062	0,087	0,115	0,138	0,163	0,204	0,252	0,309	0,358	0,381	0,304	0,000	0,000
14,000	-11,907	-11,717	-11,840	-11,759	-11,753	-11,726	-11,698	-11,699	-11,689	-11,682	-11,658	-11,611	-11,537	-11,396	-11,187	0,028	-0,083	-0,005	0,064	0,061	0,064	0,074	0,080	0,104	0,125	0,172	0,226	0,295	0,341	0,273	0,000	0,000
15,000	-8,928	-9,058	-8,961	-8,969	-8,922	-8,925	-8,917	-8,900	-8,881	-8,876	-8,859	-8,827	-8,781	-8,703	-8,618	-0,201	0,015	0,002	0,043	0,047	0,062	0,062	0,077	0,079	0,093	0,109	0,135	0,154	0,164	0,132	0,000	0,000
	run	18	2022:11:08    11:19:20,739
0,000	-13,012	-13,097	-13,109	-13,185	-13,203	-13,222	-13,224	-13,228	-13,227	-13,234	-13,220	-13,184	-13,137	-13,035	-12,925	-0,145	-0,119	-0,121	-0,084	-0,062	-0,039	-0,009	0,005	0,021	0,051	0,092	0,138	0,180	0,205	0,164	0,000	0,000
1,000	-17,118	-17,111	-17,008	-16,808	-16,648	-16,539	-16,487	-16,433	-16,378	-16,348	-16,297	-16,249	-16,194	-16,096	-15,978	0,056	0,215	0,260	0,355	0,358	0,312	0,294	0,260	0,244	0,232	0,236	0,234	0,242	0,239	0,180	0,000	0,000
2,000	-10,340	-10,333	-10,300	-10,150	-10,035	-9,956	-9,912	-9,872	-9,816	-9,785	-9,715	-9,644	-9,548	-9,394	-9,222	0,097	0,141	0,185	0,271	0,273	0,247	0,254	0,250	0,256	0,262	0,293	0,328	0,349	0,350	0,267	0,000	0,000
3,000	-20,657	-20,658	-20,565	-20,234	-20,025	-19,891	-19,816	-19,759	-19,705	-19,691	-19,650	-19,616	-19,560	-19,448	-19,323	0,111	0,298	0,376	0,495	0,473	0,394	0,344	0,293	0,256	0,223	0,217	0,233	0,244	0,251	0,187	0,000	0,000
4,000	-11,049	-11,128	-11,041	-11,030	-11,008	-10,994	-11,002	-11,000	-10,997	-10,969	-10,930	-10,854	-10,714	-10,493	-10,194	-0,253	0,001	-0,013	0,039	0,046	0,066	0,084	0,102	0,131	0,202	0,288	0,369	0,463	0,520	0,430	0,000	0,000
5,000	-12,349	-12,292	-12,441	-12,473	-12,473	-12,446	-12,442	-12,441	-12,410	-12,409	-12,365	-12,280	-12,147	-11,901	-11,591	-0,071	-0,204	-0,140	-0,026	0,013	0,034	0,069	0,104	0,149	0,197	0,278	0,388	0,482	0,540	0,437	0,000	0,000
6,000	-7,500	-7,292	-7,137	-6,958	-6,853	-6,785	-6,752	-6,714	-6,682	-6,658	-6,612	-6,566	-6,506	-6,409	-6,300	0,595	0,509	0,444	0,354	0,310	0,254	0,239	0,215	0,199	0,195	0,199	0,213	0,225	0,228	0,169	0,000	0,000
7,000	-4,135	-3,614	-3,485	-3,282	-3,220	-3,181	-3,163	-3,151	-3,139	-3,134	-3,122	-3,103	-3,093	-3,065	-3,033	1,701	1,039	0,780	0,431	0,302	0,215	0,181	0,144	0,116	0,096	0,081	0,081	0,076	0,071	0,047	0,000	0,000
8,000	-16,617	-16,106	-15,893	-15,736	-15,678	-15,677	-15,696	-15,707	-15,735	-15,777	-15,799	-15,816	-15,838	-15,823	-15,799	1,853	1,210	0,858	0,396	0,246	0,117	0,064	0,012	-0,017	-0,036	-0,030	-0,021	-0,007	0,021	0,023	0,000	0,000
9,000	-10,115	-10,062	-9,989	-9,796	-9,645	-9,531	-9,458	-9,411	-9,352	-9,316	-9,269	-9,218	-9,158	-9,070	-8,966	-0,026	0,127	0,202	0,346	0,355	0,316	0,301	0,271	0,251	0,228	0,228	0,228	0,222	0,217	0,160	0,000	0,000
10,000	-10,198	-10,220	-10,098	-9,943	-9,856	-9,820	-9,801	-9,782	-9,767	-9,758	-9,742	-9,703	-9,656	-9,579	-9,484	-0,248	0,067	0,126	0,191	0,162	0,131	0,124	0,111	0,107	0,108	0,124	0,147	0,169	0,175	0,139	0,000	0,000
11,000	-10,526	-10,465	-10,450	-10,307	-10,226	-10,173	-10,141	-10,119	-10,083	-10,066	-10,028	-9,986	-9,925	-9,824	-9,709	-0,045	0,060	0,113	0,184	0,189	0,162	0,159	0,153	0,157	0,157	0,182	0,204	0,222	0,230	0,174	0,000	0,000
12,000	-14,864	-14,919	-14,872	-14,836	-14,784	-14,772	-14,767	-14,763	-14,750	-14,753	-14,735	-14,704	-14,661	-14,543	-14,422	-0,162	-0,020	0,017	0,067	0,067	0,054	0,058	0,056	0,069	0,096	0,115	0,157	0,195	0,226	0,181	0,000	0,000
13,000	-8,685	-8,643	-8,690	-8,684	-8,672	-8,656	-8,633	-8,622	-8,586	-8,560	-8,507	-8,440	-8,333	-8,177	-7,975	-0,067	-0,043	-0,025	0,028	0,063	0,087	0,108	0,130	0,165	0,196	0,248	0,301	0,350	0,371	0,292	0,000	0,000
14,000	-11,685	-11,509	-11,608	-11,538	-11,533	-11,505	-11,490	-11,489	-11,480	-11,473	-11,457	-11,414	-11,332	-11,178	-10,981	0,054	-0,065	0,002	0,045	0,063	0,052	0,073	0,076	0,097	0,120	0,192	0,217	0,296	0,334	0,279	0,000	0,000
15,000	-8,803	-8,936	-8,826	-8,841	-8,799	-8,796	-8,785	-8,771	-8,755	-8,750	-8,728	-8,694	-8,647	-8,574	-8,484	-0,198	0,026	0,006	0,045	0,049	0,060	0,066	0,075	0,079	0,093	0,112	0,136	0,156	0,170	0,136	0,000	0,000
	run	19	2022:11:08    11:19:20,839
0,000	-13,036	-13,106	-13,132	-13,196	-13,223	-13,237	-13,240	-13,243	-13,239	-13,249	-13,237	-13,198	-13,156	-13,059	-12,931	-0,155	-0,125	-0,121	-0,084	-0,070	-0,035	-0,014	-0,001	0,021	0,050	0,091	0,139	0,184	0,204	0,166	0,000	0,000
1,000	-17,138	-17,142	-17,051	-16,829	-16,680	-16,568	-16,507	-16,457	-16,410	-16,372	-16,326	-16,276	-16,213	-16,113	-15,994	0,060	0,207	0,265	0,352	0,356	0,323	0,299	0,261	0,243	0,232	0,235	0,237	0,246	0,248	0,185	0,000	0,000
2,000	-10,729	-10,697	-10,659	-10,485	-10,374	-10,299	-10,248	-10,208	-10,151	-10,122	-10,043	-9,964	-9,856	-9,685	-9,501	0,116	0,166	0,216	0,286	0,284	0,258	0,263	0,259	0,271	0,281	0,322	0,350	0,372	0,384	0,294	0,000	0,000
3,000	-21,364	-21,256	-21,158	-20,782	-20,567	-20,437	-20,365	-20,308	-20,260	-20,249	-20,210	-20,173	-20,119	-20,001	-19,869	0,211	0,398	0,455	0,536	0,494	0,398	0,343	0,290	0,258	0,219	0,214	0,236	0,244	0,266	0,196	0,000	0,000
4,000	-11,306	-11,408	-11,328	-11,325	-11,297	-11,297	-11,295	-11,290	-11,284	-11,260	-11,206	-11,130	-10,979	-10,725	-10,402	-0,242	-0,029	-0,027	0,028	0,041	0,077	0,084	0,113	0,144	0,220	0,322	0,404	0,509	0,577	0,473	0,000	0,000
5,000	-12,982	-12,944	-13,114	-13,143	-13,137	-13,110	-13,095	-13,099	-13,067	-13,059	-13,012	-12,919	-12,772	-12,505	-12,159	-0,079	-0,216	-0,149	-0,014	0,018	0,033	0,081	0,116	0,159	0,222	0,313	0,425	0,535	0,597	0,491	0,000	0,000
6,000	-7,722	-7,480	-7,333	-7,126	-7,016	-6,950	-6,918	-6,878	-6,842	-6,820	-6,780	-6,725	-6,669	-6,574	-6,464	0,631	0,543	0,472	0,374	0,318	0,269	0,240	0,219	0,207	0,199	0,209	0,216	0,223	0,230	0,169	0,000	0,000
7,000	-4,214	-3,663	-3,533	-3,343	-3,280	-3,238	-3,223	-3,210	-3,192	-3,187	-3,178	-3,165	-3,155	-3,131	-3,109	1,737	1,043	0,781	0,432	0,302	0,212	0,175	0,145	0,109	0,091	0,080	0,071	0,067	0,057	0,040	0,000	0,000
8,000	-16,279	-15,782	-15,546	-15,395	-15,337	-15,344	-15,353	-15,372	-15,402	-15,434	-15,452	-15,480	-15,499	-15,488	-15,477	1,776	1,167	0,842	0,398	0,241	0,113	0,060	0,015	-0,017	-0,037	-0,030	-0,031	-0,009	0,018	0,025	0,000	0,000
9,000	-9,700	-9,673	-9,633	-9,508	-9,389	-9,280	-9,219	-9,166	-9,119	-9,077	-9,029	-8,985	-8,924	-8,840	-8,749	-0,068	0,048	0,131	0,262	0,287	0,279	0,269	0,247	0,231	0,209	0,213	0,215	0,209	0,204	0,149	0,000	0,000
10,000	-9,482	-9,563	-9,464	-9,396	-9,334	-9,308	-9,285	-9,278	-9,256	-9,255	-9,229	-9,208	-9,157	-9,090	-9,004	-0,309	-0,026	0,008	0,104	0,097	0,092	0,088	0,086	0,088	0,096	0,112	0,129	0,158	0,159	0,131	0,000	0,000
11,000	-10,218	-10,180	-10,169	-10,063	-9,990	-9,939	-9,911	-9,891	-9,859	-9,846	-9,807	-9,766	-9,707	-9,615	-9,506	-0,093	0,007	0,059	0,143	0,154	0,142	0,140	0,140	0,142	0,149	0,167	0,190	0,209	0,216	0,163	0,000	0,000
12,000	-14,220	-14,269	-14,215	-14,184	-14,129	-14,119	-14,109	-14,104	-14,094	-14,109	-14,079	-14,049	-14,005	-13,907	-13,785	-0,151	-0,007	0,026	0,059	0,068	0,052	0,060	0,060	0,067	0,080	0,112	0,152	0,187	0,216	0,175	0,000	0,000
13,000	-8,529	-8,489	-8,535	-8,530	-8,521	-8,505	-8,482	-8,470	-8,444	-8,411	-8,359	-8,287	-8,186	-8,036	-7,841	-0,072	-0,048	-0,035	0,028	0,058	0,077	0,105	0,126	0,159	0,194	0,248	0,294	0,341	0,361	0,284	0,000	0,000
14,000	-11,627	-11,456	-11,560	-11,485	-11,487	-11,453	-11,434	-11,433	-11,419	-11,411	-11,398	-11,351	-11,271	-11,134	-10,929	0,054	-0,077	0,002	0,055	0,060	0,053	0,081	0,083	0,097	0,117	0,164	0,225	0,292	0,333	0,276	0,000	0,000
15,000	-8,855	-8,988	-8,882	-8,894	-8,847	-8,847	-8,843	-8,823	-8,809	-8,799	-8,780	-8,746	-8,698	-8,622	-8,530	-0,215	0,024	-0,004	0,044	0,050	0,060	0,058	0,078	0,079	0,094	0,113	0,141	0,162	0,174	0,142	0,000	0,000
	run	20	2022:11:08    11:19:20,892
0,000	-13,036	-13,106	-13,132	-13,196	-13,223	-13,237	-13,240	-13,243	-13,239	-13,249	-13,237	-13,198	-13,156	-13,059	-12,931	-0,155	-0,125	-0,121	-0,084	-0,070	-0,035	-0,014	-0,001	0,021	0,050	0,091	0,139	0,184	0,204	0,166	0,000	0,000
1,000	-17,138	-17,142	-17,051	-16,829	-16,680	-16,568	-16,507	-16,457	-16,410	-16,372	-16,326	-16,276	-16,213	-16,113	-15,994	0,060	0,207	0,265	0,352	0,356	0,323	0,299	0,261	0,243	0,232	0,235	0,237	0,246	0,248	0,185	0,000	0,000
2,000	-10,729	-10,697	-10,659	-10,485	-10,374	-10,299	-10,248	-10,208	-10,151	-10,122	-10,043	-9,964	-9,856	-9,685	-9,501	0,116	0,166	0,216	0,286	0,284	0,258	0,263	0,259	0,271	0,281	0,322	0,350	0,372	0,384	0,294	0,000	0,000
3,000	-21,364	-21,256	-21,158	-20,782	-20,567	-20,437	-20,365	-20,308	-20,260	-20,249	-20,210	-20,173	-20,119	-20,001	-19,869	0,211	0,398	0,455	0,536	0,494	0,398	0,343	0,290	0,258	0,219	0,214	0,236	0,244	0,266	0,196	0,000	0,000
4,000	-11,306	-11,408	-11,328	-11,325	-11,297	-11,297	-11,295	-11,290	-11,284	-11,260	-11,206	-11,130	-10,979	-10,725	-10,402	-0,242	-0,029	-0,027	0,028	0,041	0,077	0,084	0,113	0,144	0,220	0,322	0,404	0,509	0,577	0,473	0,000	0,000
5,000	-12,982	-12,944	-13,114	-13,143	-13,137	-13,110	-13,095	-13,099	-13,067	-13,059	-13,012	-12,919	-12,772	-12,505	-12,159	-0,079	-0,216	-0,149	-0,014	0,018	0,033	0,081	0,116	0,159	0,222	0,313	0,425	0,535	0,597	0,491	0,000	0,000
6,000	-7,933	-7,694	-7,521	-7,317	-7,202	-7,129	-7,096	-7,069	-7,025	-7,001	-6,960	-6,908	-6,852	-6,756	-6,642	0,652	0,573	0,494	0,390	0,324	0,268	0,245	0,221	0,212	0,198	0,214	0,218	0,229	0,228	0,170	0,000	0,000
7,000	-4,181	-3,633	-3,504	-3,313	-3,256	-3,212	-3,189	-3,174	-3,162	-3,159	-3,147	-3,141	-3,122	-3,104	-3,085	1,707	1,029	0,777	0,426	0,312	0,213	0,180	0,141	0,112	0,088	0,079	0,065	0,060	0,053	0,033	0,000	0,000
8,000	-15,959	-15,463	-15,207	-15,064	-15,000	-15,008	-15,021	-15,041	-15,064	-15,097	-15,118	-15,141	-15,150	-15,148	-15,126	1,813	1,198	0,857	0,403	0,248	0,122	0,072	0,019	-0,014	-0,033	-0,029	-0,019	-0,006	0,022	0,025	0,000	0,000
9,000	-9,255	-9,255	-9,218	-9,097	-8,991	-8,885	-8,821	-8,776	-8,726	-8,689	-8,641	-8,598	-8,546	-8,467	-8,375	-0,074	0,040	0,111	0,239	0,269	0,257	0,256	0,232	0,219	0,203	0,207	0,206	0,202	0,199	0,143	0,000	0,000
10,000	-9,430	-9,518	-9,437	-9,371	-9,306	-9,279	-9,267	-9,256	-9,238	-9,237	-9,216	-9,190	-9,146	-9,077	-8,998	-0,305	-0,036	0,007	0,094	0,089	0,083	0,084	0,081	0,081	0,095	0,104	0,119	0,148	0,157	0,125	0,000	0,000
11,000	-10,075	-10,025	-10,028	-9,934	-9,859	-9,824	-9,796	-9,775	-9,745	-9,726	-9,694	-9,652	-9,601	-9,511	-9,402	-0,116	-0,001	0,040	0,133	0,147	0,132	0,138	0,135	0,133	0,140	0,167	0,184	0,200	0,206	0,156	0,000	0,000
12,000	-13,935	-13,987	-13,938	-13,900	-13,851	-13,832	-13,830	-13,820	-13,813	-13,822	-13,796	-13,768	-13,725	-13,626	-13,504	-0,149	-0,010	0,024	0,067	0,066	0,056	0,060	0,058	0,068	0,082	0,114	0,148	0,189	0,214	0,175	0,000	0,000
13,000	-8,467	-8,405	-8,471	-8,461	-8,454	-8,437	-8,416	-8,406	-8,376	-8,342	-8,296	-8,217	-8,122	-7,965	-7,768	-0,056	-0,056	-0,038	0,025	0,055	0,076	0,101	0,124	0,160	0,196	0,242	0,295	0,346	0,368	0,289	0,000	0,000
14,000	-11,912	-11,796	-11,865	-11,804	-11,797	-11,764	-11,749	-11,747	-11,734	-11,722	-11,701	-11,666	-11,576	-11,428	-11,227	0,008	-0,063	0,000	0,052	0,060	0,062	0,078	0,087	0,096	0,136	0,174	0,231	0,297	0,345	0,291	0,000	0,000
15,000	-9,096	-9,228	-9,123	-9,139	-9,091	-9,089	-9,079	-9,062	-9,046	-9,042	-9,018	-8,985	-8,939	-8,865	-8,774	-0,196	0,031	0,005	0,050	0,056	0,058	0,064	0,077	0,087	0,097	0,116	0,134	0,159	0,168	0,136	0,000	0,000
	run	21	2022:11:08    11:19:20,996
0,000	-13,487	-13,544	-13,581	-13,643	-13,663	-13,684	-13,684	-13,689	-13,689	-13,696	-13,685	-13,650	-13,599	-13,499	-13,378	-0,126	-0,122	-0,115	-0,084	-0,062	-0,040	-0,015	-0,000	0,022	0,049	0,088	0,137	0,184	0,207	0,166	0,000	0,000
1,000	-17,205	-17,192	-17,104	-16,890	-16,736	-16,629	-16,564	-16,516	-16,466	-16,429	-16,381	-16,336	-16,276	-16,183	-16,069	0,068	0,206	0,273	0,349	0,360	0,321	0,299	0,264	0,246	0,224	0,231	0,239	0,244	0,240	0,187	0,000	0,000
2,000	-10,446	-10,436	-10,403	-10,241	-10,135	-10,058	-10,015	-9,975	-9,920	-9,885	-9,821	-9,740	-9,641	-9,480	-9,304	0,087	0,137	0,189	0,268	0,268	0,248	0,253	0,250	0,259	0,268	0,299	0,338	0,358	0,362	0,277	0,000	0,000
3,000	-20,552	-20,532	-20,441	-20,119	-19,893	-19,764	-19,691	-19,633	-19,582	-19,568	-19,523	-19,495	-19,434	-19,323	-19,191	0,111	0,293	0,379	0,494	0,475	0,390	0,344	0,293	0,257	0,225	0,220	0,233	0,247	0,260	0,197	0,000	0,000
4,000	-11,221	-11,281	-11,221	-11,203	-11,172	-11,171	-11,174	-11,163	-11,165	-11,141	-11,097	-11,014	-10,868	-10,629	-10,313	-0,240	-0,004	-0,023	0,026	0,040	0,075	0,089	0,106	0,141	0,215	0,300	0,394	0,490	0,559	0,454	0,000	0,000
5,000	-12,901	-12,859	-13,041	-13,059	-13,060	-13,030	-13,014	-13,015	-12,987	-12,991	-12,934	-12,836	-12,697	-12,433	-12,098	-0,077	-0,224	-0,142	-0,020	0,018	0,036	0,085	0,111	0,164	0,217	0,309	0,417	0,523	0,584	0,467	0,000	0,000
6,000	-7,918	-7,686	-7,517	-7,306	-7,186	-7,124	-7,090	-7,054	-7,020	-6,994	-6,954	-6,902	-6,841	-6,746	-6,643	0,630	0,564	0,490	0,385	0,331	0,267	0,243	0,224	0,204	0,196	0,209	0,216	0,223	0,223	0,170	0,000	0,000
7,000	-4,183	-3,652	-3,511	-3,325	-3,263	-3,222	-3,205	-3,193	-3,174	-3,172	-3,158	-3,145	-3,136	-3,113	-3,091	1,729	1,044	0,778	0,431	0,307	0,213	0,177	0,136	0,112	0,093	0,073	0,073	0,064	0,062	0,041	0,000	0,000
8,000	-15,948	-15,448	-15,193	-15,041	-14,983	-14,978	-14,992	-15,013	-15,037	-15,065	-15,089	-15,115	-15,128	-15,118	-15,102	1,827	1,201	0,860	0,408	0,251	0,123	0,066	0,018	-0,011	-0,034	-0,032	-0,019	-0,009	0,019	0,021	0,000	0,000
9,000	-9,515	-9,507	-9,451	-9,334	-9,216	-9,111	-9,050	-9,000	-8,942	-8,910	-8,865	-8,818	-8,764	-8,678	-8,589	-0,074	0,048	0,115	0,254	0,281	0,267	0,263	0,240	0,222	0,213	0,208	0,215	0,208	0,201	0,145	0,000	0,000
10,000	-9,553	-9,626	-9,541	-9,469	-9,410	-9,377	-9,360	-9,353	-9,332	-9,334	-9,314	-9,290	-9,244	-9,172	-9,091	-0,305	-0,023	0,011	0,096	0,089	0,087	0,089	0,082	0,083	0,095	0,107	0,126	0,147	0,157	0,123	0,000	0,000
11,000	-10,139	-10,115	-10,110	-10,013	-9,940	-9,890	-9,864	-9,842	-9,810	-9,796	-9,761	-9,720	-9,667	-9,571	-9,466	-0,097	0,003	0,052	0,139	0,154	0,132	0,139	0,133	0,141	0,146	0,164	0,190	0,203	0,208	0,162	0,000	0,000
12,000	-13,976	-14,019	-13,968	-13,932	-13,873	-13,863	-13,859	-13,855	-13,841	-13,855	-13,825	-13,794	-13,754	-13,648	-13,528	-0,138	-0,012	0,029	0,068	0,070	0,050	0,059	0,059	0,072	0,079	0,115	0,153	0,188	0,217	0,172	0,000	0,000
13,000	-8,517	-8,440	-8,514	-8,512	-8,499	-8,484	-8,462	-8,443	-8,421	-8,388	-8,336	-8,276	-8,174	-8,022	-7,838	-0,059	-0,062	-0,044	0,021	0,052	0,070	0,105	0,121	0,156	0,190	0,244	0,288	0,330	0,350	0,280	0,000	0,000
14,000	-12,132	-12,029	-12,098	-12,020	-12,024	-11,988	-11,978	-11,960	-11,955	-11,941	-11,916	-11,870	-11,798	-11,649	-11,435	-0,031	-0,063	0,009	0,058	0,064	0,068	0,084	0,088	0,099	0,138	0,187	0,237	0,308	0,349	0,293	0,000	0,000
15,000	-9,074	-9,210	-9,101	-9,114	-9,072	-9,075	-9,070	-9,050	-9,038	-9,027	-9,009	-8,976	-8,930	-8,849	-8,765	-0,197	0,020	0,000	0,041	0,048	0,061	0,060	0,074	0,081	0,094	0,111	0,139	0,162	0,175	0,142	0,000	0,000
	run	22	2022:11:08    11:19:21,091
0,000	-13,278	-13,357	-13,363	-13,447	-13,473	-13,494	-13,495	-13,503	-13,498	-13,507	-13,492	-13,461	-13,413	-13,309	-13,188	-0,159	-0,126	-0,127	-0,089	-0,069	-0,040	-0,023	0,002	0,023	0,048	0,088	0,141	0,181	0,205	0,168	0,000	0,000
1,000	-17,436	-17,411	-17,317	-17,100	-16,942	-16,832	-16,770	-16,720	-16,669	-16,639	-16,585	-16,544	-16,480	-16,382	-16,261	0,086	0,220	0,277	0,357	0,368	0,326	0,302	0,261	0,243	0,232	0,234	0,235	0,245	0,242	0,186	0,000	0,000
2,000	-10,645	-10,605	-10,562	-10,409	-10,297	-10,221	-10,179	-10,134	-10,084	-10,044	-9,976	-9,895	-9,795	-9,641	-9,452	0,103	0,155	0,198	0,275	0,276	0,253	0,258	0,250	0,261	0,274	0,308	0,339	0,363	0,372	0,280	0,000	0,000
3,000	-20,824	-20,814	-20,703	-20,363	-20,142	-20,009	-19,937	-19,879	-19,831	-19,820	-19,778	-19,740	-19,689	-19,585	-19,456	0,134	0,320	0,402	0,511	0,485	0,397	0,342	0,290	0,248	0,216	0,215	0,227	0,240	0,247	0,192	0,000	0,000
4,000	-10,848	-10,964	-10,874	-10,865	-10,827	-10,821	-10,823	-10,816	-10,813	-10,792	-10,756	-10,674	-10,534	-10,318	-10,014	-0,267	-0,005	-0,010	0,038	0,050	0,076	0,094	0,104	0,136	0,196	0,282	0,374	0,464	0,521	0,426	0,000	0,000
5,000	-12,085	-12,048	-12,205	-12,223	-12,231	-12,204	-12,190	-12,187	-12,165	-12,164	-12,124	-12,031	-11,898	-11,672	-11,367	-0,070	-0,196	-0,133	-0,015	0,013	0,027	0,071	0,100	0,145	0,194	0,282	0,380	0,464	0,534	0,426	0,000	0,000
6,000	-7,416	-7,205	-7,075	-6,893	-6,785	-6,722	-6,685	-6,655	-6,620	-6,596	-6,550	-6,510	-6,450	-6,352	-6,251	0,581	0,500	0,424	0,347	0,306	0,251	0,233	0,209	0,199	0,184	0,202	0,208	0,222	0,225	0,163	0,000	0,000
7,000	-4,119	-3,584	-3,441	-3,258	-3,193	-3,155	-3,135	-3,132	-3,110	-3,100	-3,087	-3,073	-3,064	-3,035	-3,011	1,691	1,027	0,771	0,429	0,300	0,209	0,176	0,142	0,116	0,092	0,083	0,075	0,071	0,066	0,045	0,000	0,000
8,000	-16,318	-15,797	-15,561	-15,424	-15,362	-15,374	-15,385	-15,400	-15,427	-15,466	-15,483	-15,511	-15,529	-15,524	-15,505	1,826	1,185	0,852	0,399	0,244	0,124	0,055	0,009	-0,018	-0,039	-0,034	-0,028	-0,018	0,008	0,018	0,000	0,000
9,000	-9,867	-9,843	-9,791	-9,631	-9,502	-9,388	-9,324	-9,269	-9,213	-9,172	-9,128	-9,075	-9,021	-8,933	-8,841	-0,045	0,081	0,161	0,297	0,314	0,300	0,284	0,263	0,241	0,225	0,221	0,222	0,218	0,211	0,150	0,000	0,000
10,000	-9,719	-9,793	-9,688	-9,594	-9,516	-9,492	-9,469	-9,453	-9,438	-9,435	-9,412	-9,385	-9,340	-9,260	-9,176	-0,303	0,003	0,048	0,132	0,120	0,108	0,104	0,099	0,094	0,102	0,116	0,131	0,157	0,169	0,130	0,000	0,000
11,000	-10,279	-10,228	-10,216	-10,100	-10,027	-9,966	-9,937	-9,916	-9,888	-9,867	-9,831	-9,791	-9,727	-9,630	-9,516	-0,090	0,026	0,079	0,161	0,174	0,154	0,153	0,148	0,153	0,149	0,173	0,196	0,216	0,221	0,168	0,000	0,000
12,000	-14,497	-14,555	-14,494	-14,466	-14,416	-14,397	-14,391	-14,386	-14,380	-14,390	-14,365	-14,330	-14,287	-14,173	-14,057	-0,152	-0,011	0,026	0,060	0,069	0,056	0,062	0,060	0,067	0,084	0,124	0,160	0,194	0,219	0,176	0,000	0,000
13,000	-8,618	-8,636	-8,628	-8,647	-8,639	-8,617	-8,602	-8,588	-8,561	-8,529	-8,474	-8,408	-8,309	-8,162	-7,965	-0,113	-0,052	-0,043	0,021	0,058	0,078	0,111	0,121	0,160	0,198	0,241	0,293	0,336	0,357	0,278	0,000	0,000
14,000	-12,017	-11,817	-11,973	-11,865	-11,870	-11,842	-11,813	-11,820	-11,805	-11,790	-11,772	-11,728	-11,650	-11,500	-11,296	0,111	-0,077	0,013	0,058	0,058	0,057	0,076	0,077	0,103	0,145	0,186	0,221	0,304	0,346	0,289	0,000	0,000
15,000	-9,069	-9,198	-9,101	-9,107	-9,059	-9,056	-9,044	-9,033	-9,013	-9,003	-8,983	-8,950	-8,899	-8,825	-8,727	-0,184	0,034	0,004	0,047	0,062	0,065	0,070	0,079	0,090	0,099	0,120	0,146	0,168	0,180	0,148	0,000	0,000
	run	23	2022:11:08    11:19:21,140
0,000	-12,935	-13,019	-13,032	-13,103	-13,127	-13,138	-13,144	-13,153	-13,146	-13,151	-13,136	-13,114	-13,060	-12,964	-12,849	-0,160	-0,129	-0,117	-0,084	-0,060	-0,035	-0,016	-0,003	0,025	0,046	0,086	0,134	0,176	0,196	0,161	0,000	0,000
1,000	-16,954	-16,940	-16,851	-16,659	-16,512	-16,409	-16,347	-16,299	-16,264	-16,223	-16,171	-16,123	-16,068	-15,969	-15,859	0,041	0,179	0,230	0,329	0,341	0,302	0,285	0,252	0,237	0,225	0,229	0,231	0,232	0,235	0,182	0,000	0,000
2,000	-10,645	-10,605	-10,562	-10,409	-10,297	-10,221	-10,179	-10,134	-10,084	-10,044	-9,976	-9,895	-9,795	-9,641	-9,452	0,103	0,155	0,198	0,275	0,276	0,253	0,258	0,250	0,261	0,274	0,308	0,339	0,363	0,372	0,280	0,000	0,000
3,000	-20,824	-20,814	-20,703	-20,363	-20,142	-20,009	-19,937	-19,879	-19,831	-19,820	-19,778	-19,740	-19,689	-19,585	-19,456	0,134	0,320	0,402	0,511	0,485	0,397	0,342	0,290	0,248	0,216	0,215	0,227	0,240	0,247	0,192	0,000	0,000
4,000	-10,848	-10,964	-10,874	-10,865	-10,827	-10,821	-10,823	-10,816	-10,813	-10,792	-10,756	-10,674	-10,534	-10,318	-10,014	-0,267	-0,005	-0,010	0,038	0,050	0,076	0,094	0,104	0,136	0,196	0,282	0,374	0,464	0,521	0,426	0,000	0,000
5,000	-12,085	-12,048	-12,205	-12,223	-12,231	-12,204	-12,190	-12,187	-12,165	-12,164	-12,124	-12,031	-11,898	-11,672	-11,367	-0,070	-0,196	-0,133	-0,015	0,013	0,027	0,071	0,100	0,145	0,194	0,282	0,380	0,464	0,534	0,426	0,000	0,000
6,000	-7,416	-7,205	-7,075	-6,893	-6,785	-6,722	-6,685	-6,655	-6,620	-6,596	-6,550	-6,510	-6,450	-6,352	-6,251	0,581	0,500	0,424	0,347	0,306	0,251	0,233	0,209	0,199	0,184	0,202	0,208	0,222	0,225	0,163	0,000	0,000
7,000	-4,119	-3,584	-3,441	-3,258	-3,193	-3,155	-3,135	-3,132	-3,110	-3,100	-3,087	-3,073	-3,064	-3,035	-3,011	1,691	1,027	0,771	0,429	0,300	0,209	0,176	0,142	0,116	0,092	0,083	0,075	0,071	0,066	0,045	0,000	0,000
8,000	-16,569	-16,073	-15,819	-15,676	-15,612	-15,617	-15,635	-15,652	-15,677	-15,718	-15,737	-15,764	-15,779	-15,776	-15,751	1,862	1,212	0,871	0,405	0,246	0,118	0,066	0,010	-0,014	-0,036	-0,032	-0,031	-0,014	0,016	0,024	0,000	0,000
9,000	-10,074	-10,008	-9,945	-9,739	-9,597	-9,479	-9,410	-9,356	-9,298	-9,265	-9,208	-9,167	-9,106	-9,016	-8,919	-0,012	0,117	0,216	0,342	0,352	0,317	0,303	0,272	0,250	0,230	0,227	0,225	0,226	0,218	0,160	0,000	0,000
10,000	-10,176	-10,212	-10,087	-9,934	-9,848	-9,803	-9,786	-9,770	-9,748	-9,741	-9,718	-9,693	-9,640	-9,560	-9,463	-0,247	0,064	0,123	0,188	0,167	0,138	0,126	0,115	0,110	0,119	0,133	0,149	0,179	0,182	0,143	0,000	0,000
11,000	-10,583	-10,505	-10,472	-10,326	-10,247	-10,186	-10,155	-10,131	-10,097	-10,078	-10,040	-9,988	-9,933	-9,831	-9,709	-0,036	0,069	0,120	0,199	0,195	0,170	0,167	0,160	0,162	0,164	0,185	0,217	0,223	0,238	0,181	0,000	0,000
12,000	-15,147	-15,209	-15,159	-15,127	-15,073	-15,060	-15,050	-15,042	-15,029	-15,037	-15,024	-14,968	-14,935	-14,827	-14,691	-0,168	-0,023	0,009	0,060	0,068	0,049	0,059	0,061	0,068	0,090	0,127	0,165	0,204	0,233	0,186	0,000	0,000
13,000	-8,902	-8,859	-8,905	-8,893	-8,877	-8,858	-8,842	-8,828	-8,795	-8,763	-8,708	-8,640	-8,534	-8,369	-8,166	-0,052	-0,035	-0,029	0,032	0,065	0,085	0,114	0,134	0,169	0,203	0,250	0,310	0,357	0,378	0,300	0,000	0,000
14,000	-11,959	-11,781	-11,882	-11,802	-11,806	-11,773	-11,749	-11,763	-11,744	-11,737	-11,727	-11,679	-11,588	-11,433	-11,237	0,026	-0,061	-0,000	0,058	0,056	0,056	0,068	0,074	0,103	0,141	0,174	0,229	0,287	0,345	0,282	0,000	0,000
15,000	-8,920	-9,055	-8,942	-8,958	-8,907	-8,909	-8,897	-8,882	-8,863	-8,862	-8,834	-8,808	-8,759	-8,682	-8,595	-0,182	0,029	-0,006	0,041	0,053	0,062	0,066	0,075	0,081	0,093	0,114	0,137	0,161	0,171	0,137	0,000	0,000
	run	24	2022:11:08    11:19:21,240
0,000	-12,684	-12,734	-12,758	-12,823	-12,836	-12,853	-12,851	-12,850	-12,853	-12,854	-12,847	-12,812	-12,767	-12,680	-12,572	-0,145	-0,112	-0,104	-0,070	-0,054	-0,033	-0,010	0,002	0,019	0,048	0,081	0,120	0,166	0,183	0,149	0,000	0,000
1,000	-16,017	-16,031	-15,953	-15,810	-15,691	-15,596	-15,544	-15,499	-15,454	-15,422	-15,373	-15,335	-15,276	-15,193	-15,083	-0,009	0,143	0,170	0,264	0,284	0,267	0,255	0,224	0,213	0,204	0,205	0,217	0,217	0,220	0,172	0,000	0,000
2,000	-9,811	-9,775	-9,761	-9,626	-9,535	-9,457	-9,414	-9,385	-9,332	-9,303	-9,240	-9,171	-9,082	-8,940	-8,785	0,088	0,115	0,154	0,228	0,246	0,225	0,230	0,226	0,233	0,237	0,267	0,293	0,315	0,322	0,241	0,000	0,000
3,000	-19,469	-19,500	-19,437	-19,199	-19,011	-18,888	-18,823	-18,772	-18,718	-18,704	-18,670	-18,631	-18,581	-18,487	-18,366	0,027	0,191	0,261	0,398	0,399	0,337	0,304	0,263	0,225	0,203	0,197	0,212	0,222	0,234	0,180	0,000	0,000
4,000	-10,591	-10,675	-10,580	-10,562	-10,529	-10,517	-10,516	-10,508	-10,515	-10,491	-10,445	-10,381	-10,252	-10,035	-9,764	-0,242	0,015	-0,003	0,051	0,055	0,072	0,089	0,097	0,121	0,185	0,271	0,345	0,434	0,492	0,402	0,000	0,000
5,000	-12,341	-12,305	-12,473	-12,507	-12,513	-12,488	-12,479	-12,483	-12,451	-12,451	-12,403	-12,312	-12,179	-11,941	-11,637	-0,075	-0,227	-0,155	-0,029	0,006	0,029	0,070	0,099	0,144	0,194	0,282	0,384	0,471	0,535	0,431	0,000	0,000
6,000	-7,434	-7,240	-7,096	-6,926	-6,814	-6,751	-6,721	-6,683	-6,644	-6,625	-6,585	-6,534	-6,477	-6,378	-6,270	0,583	0,502	0,435	0,349	0,304	0,249	0,232	0,204	0,203	0,189	0,201	0,216	0,219	0,228	0,169	0,000	0,000
7,000	-4,210	-3,660	-3,520	-3,322	-3,262	-3,221	-3,201	-3,185	-3,174	-3,165	-3,155	-3,143	-3,126	-3,095	-3,064	1,726	1,052	0,798	0,439	0,319	0,218	0,184	0,146	0,121	0,096	0,088	0,082	0,076	0,073	0,051	0,000	0,000
8,000	-16,815	-16,321	-16,065	-15,932	-15,872	-15,874	-15,892	-15,904	-15,928	-15,969	-15,989	-16,021	-16,033	-16,029	-16,002	1,825	1,199	0,850	0,390	0,240	0,121	0,065	0,011	-0,021	-0,037	-0,030	-0,024	-0,017	0,012	0,018	0,000	0,000
9,000	-10,386	-10,336	-10,262	-10,045	-9,891	-9,771	-9,707	-9,656	-9,592	-9,554	-9,506	-9,452	-9,392	-9,294	-9,193	-0,018	0,141	0,230	0,356	0,368	0,331	0,312	0,281	0,263	0,239	0,237	0,239	0,237	0,229	0,171	0,000	0,000
10,000	-10,425	-10,416	-10,279	-10,101	-10,004	-9,968	-9,942	-9,929	-9,905	-9,898	-9,879	-9,842	-9,792	-9,714	-9,612	-0,209	0,119	0,172	0,221	0,180	0,153	0,132	0,126	0,112	0,121	0,137	0,157	0,180	0,187	0,145	0,000	0,000
11,000	-10,848	-10,770	-10,743	-10,596	-10,509	-10,452	-10,415	-10,398	-10,361	-10,341	-10,297	-10,258	-10,190	-10,083	-9,955	-0,024	0,085	0,132	0,205	0,202	0,172	0,173	0,164	0,166	0,170	0,192	0,222	0,239	0,247	0,189	0,000	0,000
12,000	-15,430	-15,484	-15,439	-15,396	-15,348	-15,327	-15,329	-15,322	-15,305	-15,317	-15,293	-15,256	-15,207	-15,089	-14,957	-0,170	-0,020	0,009	0,070	0,068	0,057	0,061	0,063	0,074	0,088	0,131	0,165	0,213	0,239	0,193	0,000	0,000
13,000	-8,974	-8,931	-8,975	-8,963	-8,960	-8,931	-8,908	-8,896	-8,864	-8,828	-8,778	-8,701	-8,590	-8,421	-8,210	-0,048	-0,032	-0,015	0,036	0,069	0,093	0,122	0,137	0,177	0,212	0,262	0,319	0,371	0,391	0,312	0,000	0,000
14,000	-12,055	-11,825	-11,976	-11,874	-11,884	-11,853	-11,828	-11,829	-11,810	-11,802	-11,783	-11,743	-11,662	-11,512	-11,320	0,109	-0,068	0,013	0,063	0,064	0,054	0,067	0,079	0,092	0,116	0,165	0,227	0,297	0,339	0,275	0,000	0,000
15,000	-8,724	-8,870	-8,752	-8,773	-8,719	-8,722	-8,718	-8,702	-8,683	-8,682	-8,660	-8,632	-8,586	-8,516	-8,432	-0,204	0,030	-0,009	0,040	0,045	0,062	0,063	0,068	0,072	0,086	0,108	0,124	0,148	0,160	0,128	0,000	0,000
	run	25	2022:11:08    11:19:21,293
0,000	-12,684	-12,734	-12,758	-12,823	-12,836	-12,853	-12,851	-12,850	-12,853	-12,854	-12,847	-12,812	-12,767	-12,680	-12,572	-0,145	-0,112	-0,104	-0,070	-0,054	-0,033	-0,010	0,002	0,019	0,048	0,081	0,120	0,166	0,183	0,149	0,000	0,000
1,000	-16,017	-16,031	-15,953	-15,810	-15,691	-15,596	-15,544	-15,499	-15,454	-15,422	-15,373	-15,335	-15,276	-15,193	-15,083	-0,009	0,143	0,170	0,264	0,284	0,267	0,255	0,224	0,213	0,204	0,205	0,217	0,217	0,220	0,172	0,000	0,000
2,000	-9,811	-9,775	-9,761	-9,626	-9,535	-9,457	-9,414	-9,385	-9,332	-9,303	-9,240	-9,171	-9,082	-8,940	-8,785	0,088	0,115	0,154	0,228	0,246	0,225	0,230	0,226	0,233	0,237	0,267	0,293	0,315	0,322	0,241	0,000	0,000
3,000	-19,469	-19,500	-19,437	-19,199	-19,011	-18,888	-18,823	-18,772	-18,718	-18,704	-18,670	-18,631	-18,581	-18,487	-18,366	0,027	0,191	0,261	0,398	0,399	0,337	0,304	0,263	0,225	0,203	0,197	0,212	0,222	0,234	0,180	0,000	0,000
4,000	-10,591	-10,675	-10,580	-10,562	-10,529	-10,517	-10,516	-10,508	-10,515	-10,491	-10,445	-10,381	-10,252	-10,035	-9,764	-0,242	0,015	-0,003	0,051	0,055	0,072	0,089	0,097	0,121	0,185	0,271	0,345	0,434	0,492	0,402	0,000	0,000
5,000	-12,341	-12,305	-12,473	-12,507	-12,513	-12,488	-12,479	-12,483	-12,451	-12,451	-12,403	-12,312	-12,179	-11,941	-11,637	-0,075	-0,227	-0,155	-0,029	0,006	0,029	0,070	0,099	0,144	0,194	0,282	0,384	0,471	0,535	0,431	0,000	0,000
6,000	-7,746	-7,521	-7,362	-7,172	-7,060	-6,989	-6,954	-6,925	-6,879	-6,858	-6,812	-6,767	-6,705	-6,599	-6,489	0,619	0,535	0,461	0,374	0,322	0,260	0,243	0,216	0,208	0,197	0,211	0,223	0,233	0,236	0,178	0,000	0,000
7,000	-4,249	-3,731	-3,571	-3,359	-3,287	-3,252	-3,229	-3,221	-3,202	-3,192	-3,179	-3,170	-3,151	-3,122	-3,091	1,727	1,070	0,814	0,450	0,322	0,222	0,182	0,154	0,129	0,103	0,089	0,085	0,079	0,077	0,053	0,000	0,000
8,000	-17,133	-16,624	-16,382	-16,253	-16,190	-16,193	-16,207	-16,230	-16,253	-16,293	-16,318	-16,341	-16,353	-16,345	-16,316	1,820	1,185	0,845	0,387	0,238	0,117	0,061	0,008	-0,016	-0,043	-0,030	-0,023	-0,011	0,023	0,027	0,000	0,000
9,000	-10,431	-10,347	-10,273	-10,037	-9,891	-9,765	-9,693	-9,651	-9,584	-9,545	-9,502	-9,446	-9,380	-9,282	-9,179	0,024	0,171	0,260	0,379	0,373	0,333	0,311	0,280	0,265	0,237	0,238	0,242	0,242	0,231	0,167	0,000	0,000
10,000	-10,508	-10,510	-10,367	-10,195	-10,101	-10,070	-10,037	-10,023	-10,005	-9,999	-9,976	-9,939	-9,890	-9,810	-9,712	-0,216	0,118	0,173	0,223	0,184	0,149	0,133	0,127	0,119	0,124	0,135	0,151	0,182	0,188	0,152	0,000	0,000
11,000	-10,873	-10,779	-10,743	-10,600	-10,511	-10,449	-10,424	-10,398	-10,361	-10,348	-10,304	-10,260	-10,195	-10,080	-9,954	-0,022	0,096	0,140	0,206	0,202	0,173	0,172	0,165	0,168	0,169	0,197	0,219	0,243	0,253	0,192	0,000	0,000
12,000	-15,414	-15,460	-15,415	-15,378	-15,329	-15,311	-15,308	-15,303	-15,290	-15,302	-15,273	-15,240	-15,181	-15,072	-14,939	-0,163	-0,014	0,016	0,066	0,071	0,056	0,062	0,063	0,076	0,085	0,124	0,166	0,212	0,241	0,187	0,000	0,000
13,000	-8,926	-8,883	-8,929	-8,922	-8,910	-8,885	-8,870	-8,853	-8,824	-8,794	-8,736	-8,663	-8,552	-8,384	-8,170	-0,057	-0,033	-0,022	0,039	0,065	0,090	0,117	0,138	0,168	0,207	0,260	0,315	0,365	0,398	0,312	0,000	0,000
14,000	-11,987	-11,790	-11,915	-11,831	-11,826	-11,795	-11,779	-11,774	-11,758	-11,759	-11,728	-11,693	-11,615	-11,472	-11,271	0,041	-0,066	0,008	0,055	0,067	0,065	0,078	0,075	0,098	0,120	0,169	0,216	0,290	0,336	0,278	0,000	0,000
15,000	-8,713	-8,843	-8,732	-8,754	-8,707	-8,708	-8,705	-8,682	-8,664	-8,666	-8,643	-8,618	-8,574	-8,503	-8,419	-0,201	0,025	0,001	0,041	0,047	0,058	0,062	0,068	0,073	0,087	0,102	0,123	0,146	0,153	0,124	0,000	0,000
	run	26	2022:11:08    11:19:21,393
0,000	-12,437	-12,490	-12,501	-12,566	-12,575	-12,585	-12,596	-12,594	-12,587	-12,597	-12,590	-12,558	-12,516	-12,426	-12,323	-0,151	-0,118	-0,097	-0,070	-0,051	-0,029	-0,009	0,005	0,017	0,045	0,078	0,123	0,162	0,181	0,142	0,000	0,000
1,000	-15,965	-15,974	-15,903	-15,763	-15,637	-15,543	-15,498	-15,449	-15,406	-15,381	-15,332	-15,289	-15,235	-15,147	-15,042	-0,006	0,123	0,171	0,264	0,281	0,264	0,248	0,223	0,211	0,201	0,201	0,211	0,213	0,217	0,165	0,000	0,000
2,000	-9,852	-9,835	-9,816	-9,690	-9,589	-9,516	-9,469	-9,438	-9,387	-9,356	-9,292	-9,227	-9,133	-8,997	-8,841	0,090	0,117	0,160	0,234	0,245	0,231	0,234	0,225	0,236	0,241	0,266	0,300	0,318	0,318	0,246	0,000	0,000
3,000	-19,603	-19,620	-19,555	-19,306	-19,119	-19,000	-18,928	-18,871	-18,823	-18,813	-18,773	-18,739	-18,688	-18,581	-18,468	0,034	0,213	0,262	0,406	0,403	0,343	0,305	0,263	0,234	0,201	0,201	0,212	0,218	0,234	0,175	0,000	0,000
4,000	-10,522	-10,600	-10,513	-10,488	-10,446	-10,449	-10,446	-10,443	-10,437	-10,421	-10,371	-10,310	-10,182	-9,972	-9,696	-0,233	0,015	-0,002	0,055	0,053	0,075	0,084	0,101	0,125	0,186	0,265	0,345	0,432	0,487	0,399	0,000	0,000
5,000	-12,342	-12,317	-12,469	-12,507	-12,516	-12,496	-12,474	-12,478	-12,451	-12,451	-12,390	-12,307	-12,167	-11,924	-11,608	-0,078	-0,218	-0,162	-0,033	0,011	0,027	0,074	0,108	0,153	0,198	0,285	0,394	0,493	0,552	0,441	0,000	0,000
6,000	-7,852	-7,630	-7,487	-7,283	-7,173	-7,101	-7,072	-7,038	-6,996	-6,972	-6,932	-6,871	-6,820	-6,714	-6,605	0,609	0,535	0,463	0,380	0,317	0,263	0,240	0,219	0,210	0,205	0,212	0,224	0,237	0,237	0,181	0,000	0,000
7,000	-4,376	-3,829	-3,661	-3,447	-3,378	-3,333	-3,314	-3,299	-3,276	-3,276	-3,262	-3,248	-3,227	-3,195	-3,165	1,771	1,115	0,833	0,467	0,335	0,231	0,197	0,154	0,134	0,107	0,094	0,085	0,077	0,083	0,053	0,000	0,000
8,000	-17,401	-16,889	-16,644	-16,507	-16,448	-16,457	-16,472	-16,487	-16,512	-16,547	-16,571	-16,599	-16,619	-16,612	-16,586	1,862	1,206	0,856	0,386	0,242	0,118	0,068	0,013	-0,020	-0,041	-0,038	-0,030	-0,019	0,014	0,025	0,000	0,000
9,000	-10,465	-10,396	-10,299	-10,066	-9,916	-9,796	-9,726	-9,675	-9,613	-9,582	-9,531	-9,477	-9,412	-9,320	-9,214	0,033	0,191	0,269	0,378	0,374	0,335	0,317	0,284	0,263	0,237	0,236	0,245	0,243	0,236	0,176	0,000	0,000
10,000	-10,410	-10,417	-10,279	-10,123	-10,021	-9,992	-9,969	-9,951	-9,931	-9,929	-9,898	-9,868	-9,821	-9,739	-9,638	-0,213	0,091	0,142	0,212	0,180	0,144	0,127	0,126	0,116	0,114	0,137	0,158	0,179	0,192	0,148	0,000	0,000
11,000	-10,672	-10,596	-10,561	-10,410	-10,333	-10,269	-10,241	-10,216	-10,183	-10,167	-10,122	-10,078	-10,014	-9,905	-9,784	-0,024	0,083	0,133	0,201	0,203	0,172	0,171	0,163	0,165	0,170	0,190	0,219	0,239	0,248	0,190	0,000	0,000
12,000	-15,087	-15,137	-15,091	-15,058	-15,004	-14,989	-14,984	-14,975	-14,966	-14,988	-14,961	-14,920	-14,870	-14,756	-14,623	-0,175	-0,026	0,012	0,062	0,065	0,053	0,058	0,059	0,075	0,073	0,124	0,166	0,204	0,237	0,190	0,000	0,000
13,000	-8,905	-8,859	-8,905	-8,892	-8,886	-8,859	-8,840	-8,822	-8,793	-8,761	-8,709	-8,629	-8,529	-8,353	-8,144	-0,045	-0,038	-0,019	0,038	0,065	0,091	0,117	0,139	0,172	0,206	0,261	0,318	0,367	0,391	0,310	0,000	0,000
14,000	-11,890	-11,703	-11,818	-11,728	-11,734	-11,697	-11,676	-11,678	-11,658	-11,649	-11,629	-11,589	-11,511	-11,371	-11,176	0,028	-0,061	0,012	0,061	0,060	0,061	0,075	0,081	0,090	0,121	0,173	0,227	0,290	0,318	0,275	0,000	0,000
15,000	-8,672	-8,802	-8,692	-8,707	-8,665	-8,664	-8,657	-8,640	-8,632	-8,626	-8,601	-8,579	-8,529	-8,458	-8,378	-0,204	0,017	-0,006	0,036	0,043	0,058	0,055	0,069	0,068	0,087	0,104	0,124	0,145	0,156	0,129	0,000	0,000
