Device: PM2003001		2022:11:15    09:42:08,340  (DLL version: 1.20;  Status: HW:v1.02 SW:v1.3 CRC:31ED BATTERY:4170mV ST:2 ERR:0010;  MUX data; S: 92 I:143 R:200.000 C:1.094p F:)
Excitation level, V:	1,50
Voltage Channel Gain:	10
Current Channel Gain:	1
Voltmeter Range, V:	0,3
Ampermeter Range, A:	15,0m
Step Period, ms:	5
R transimp:	200
C transimp:	1,1p
Measurement Table: 	EEPROM  16

Freq, Hz	1,0k	2,0k	3,0k	7,0k	11,0k	17,0k	23,0k	31,0k	43,0k	61,0k	89,0k	127,0k	179,0k	251,0k	349,0k	1,0k	2,0k	3,0k	7,0k	11,0k	17,0k	23,0k	31,0k	43,0k	61,0k	89,0k	127,0k	179,0k	251,0k	349,0k
	run	1	2022:11:15    09:42:08,342
MUX	Re1, ohm	Re2, ohm	Re3, ohm	Re4, ohm	Re5, ohm	Re6, ohm	Re7, ohm	Re8, ohm	Re9, ohm	Re10, ohm	Re11, ohm	Re12, ohm	Re13, ohm	Re14, ohm	Re15, ohm	Im1, ohm	Im2, ohm	Im3, ohm	Im4, ohm	Im5, ohm	Im6, ohm	Im7, ohm	Im8, ohm	Im9, ohm	Im10, ohm	Im11, ohm	Im12, ohm	Im13, ohm	Im14, ohm	Im15, ohm	U, V	I, mA

0,000	-3,822	-3,818	-3,787	-3,763	-3,748	-3,744	-3,741	-3,742	-3,742	-3,746	-3,747	-3,748	-3,745	-3,739	-3,732	0,002	0,035	0,044	0,037	0,025	0,015	0,009	0,007	0,003	0,001	0,003	0,007	0,010	0,012	0,007	0,046	10,869
1,000	-4,265	-3,728	-3,484	-3,161	-3,062	-3,005	-2,981	-2,962	-2,945	-2,936	-2,926	-2,916	-2,909	-2,898	-2,891	0,969	0,867	0,747	0,471	0,347	0,251	0,200	0,158	0,124	0,095	0,074	0,059	0,047	0,036	0,022	0,030	11,265
2,000	-2,681	-2,209	-1,997	-1,733	-1,646	-1,596	-1,570	-1,550	-1,532	-1,520	-1,509	-1,502	-1,495	-1,489	-1,485	0,892	0,777	0,656	0,408	0,307	0,226	0,186	0,149	0,117	0,091	0,068	0,052	0,038	0,030	0,015	0,023	11,895
3,000	-5,678	-5,363	-5,165	-4,865	-4,761	-4,699	-4,675	-4,662	-4,647	-4,647	-4,643	-4,640	-4,634	-4,623	-4,614	0,525	0,578	0,554	0,398	0,305	0,216	0,169	0,131	0,096	0,068	0,054	0,044	0,037	0,032	0,021	0,064	12,905
4,000	-3,147	-3,177	-3,156	-3,101	-3,075	-3,057	-3,049	-3,039	-3,033	-3,029	-3,021	-3,015	-3,007	-2,988	-2,967	-0,104	-0,011	0,026	0,058	0,055	0,047	0,044	0,043	0,036	0,038	0,037	0,039	0,038	0,041	0,031	0,042	12,473
5,000	-3,384	-3,477	-3,507	-3,526	-3,521	-3,519	-3,519	-3,518	-3,516	-3,518	-3,512	-3,506	-3,495	-3,474	-3,450	-0,204	-0,140	-0,100	-0,038	-0,016	-0,008	-0,001	-0,002	0,005	0,013	0,021	0,031	0,039	0,046	0,037	0,050	11,353
6,000	-2,091	-2,118	-2,128	-2,121	-2,106	-2,094	-2,086	-2,075	-2,072	-2,069	-2,067	-2,065	-2,057	-2,049	-2,047	-0,078	-0,043	-0,024	0,016	0,027	0,027	0,027	0,022	0,022	0,019	0,021	0,016	0,014	0,017	0,015	0,028	11,675
7,000	-1,613	-1,634	-1,627	-1,637	-1,639	-1,639	-1,642	-1,645	-1,645	-1,649	-1,652	-1,652	-1,651	-1,648	-1,645	-0,029	-0,018	-0,017	-0,011	-0,008	-0,010	-0,008	-0,008	-0,009	-0,007	-0,002	-0,002	-0,001	0,003	0,003	0,036	11,023
8,000	-5,119	-5,132	-5,134	-5,130	-5,122	-5,117	-5,117	-5,119	-5,114	-5,123	-5,118	-5,121	-5,117	-5,114	-5,115	-0,017	-0,008	-0,002	0,009	0,009	0,007	0,007	0,005	0,001	-0,003	-0,001	0,000	0,002	0,002	0,004	0,059	10,957
9,000	-2,112	-2,102	-2,108	-2,099	-2,096	-2,088	-2,085	-2,081	-2,073	-2,072	-2,071	-2,057	-2,048	-2,028	-2,003	0,017	0,001	0,002	0,017	0,019	0,019	0,021	0,019	0,021	0,027	0,035	0,038	0,042	0,049	0,035	0,048	12,839
10,000	-1,509	-1,509	-1,492	-1,457	-1,430	-1,411	-1,403	-1,392	-1,390	-1,392	-1,386	-1,387	-1,381	-1,369	-1,357	-0,002	0,033	0,041	0,060	0,056	0,046	0,039	0,032	0,024	0,018	0,020	0,022	0,026	0,027	0,020	0,053	13,535
11,000	-2,993	-2,982	-2,969	-2,942	-2,922	-2,912	-2,904	-2,898	-2,889	-2,885	-2,882	-2,874	-2,868	-2,860	-2,849	0,016	0,027	0,035	0,045	0,043	0,038	0,037	0,032	0,032	0,027	0,027	0,024	0,023	0,023	0,014	0,039	13,367
12,000	-4,438	-4,444	-4,428	-4,419	-4,403	-4,397	-4,395	-4,395	-4,392	-4,395	-4,391	-4,386	-4,375	-4,352	-4,328	0,011	0,017	0,021	0,026	0,025	0,020	0,018	0,016	0,016	0,016	0,024	0,032	0,040	0,046	0,035	0,065	12,817
13,000	-1,949	-1,935	-1,943	-1,932	-1,923	-1,918	-1,913	-1,912	-1,907	-1,906	-1,907	-1,902	-1,888	-1,872	-1,852	0,011	0,007	0,006	0,018	0,018	0,011	0,015	0,013	0,014	0,019	0,020	0,028	0,034	0,039	0,033	0,042	11,646
14,000	-3,342	-3,427	-3,428	-3,450	-3,443	-3,438	-3,438	-3,436	-3,432	-3,435	-3,431	-3,426	-3,416	-3,398	-3,376	-0,123	-0,083	-0,060	-0,020	-0,005	0,001	0,004	0,008	0,011	0,011	0,018	0,027	0,037	0,038	0,031	0,051	11,543
15,000	-2,312	-2,359	-2,385	-2,393	-2,389	-2,391	-2,390	-2,391	-2,387	-2,390	-2,389	-2,389	-2,383	-2,375	-2,367	-0,112	-0,082	-0,062	-0,022	-0,012	-0,010	-0,003	-0,003	0,001	0,003	0,004	0,010	0,012	0,015	0,013	0,063	12,012
	run	2	2022:11:15    09:42:08,441
0,000	-3,853	-3,850	-3,819	-3,796	-3,778	-3,775	-3,774	-3,775	-3,773	-3,777	-3,778	-3,779	-3,777	-3,768	-3,762	0,007	0,035	0,047	0,035	0,027	0,015	0,010	0,008	0,004	0,002	0,005	0,008	0,011	0,014	0,011	0,047	10,913
1,000	-4,250	-3,717	-3,471	-3,149	-3,049	-2,991	-2,966	-2,947	-2,932	-2,921	-2,910	-2,901	-2,893	-2,883	-2,875	0,966	0,868	0,746	0,471	0,348	0,252	0,201	0,159	0,127	0,095	0,075	0,060	0,046	0,038	0,022	0,030	11,301
2,000	-2,668	-2,204	-1,989	-1,724	-1,643	-1,591	-1,565	-1,545	-1,529	-1,518	-1,504	-1,499	-1,493	-1,486	-1,482	0,882	0,775	0,653	0,405	0,303	0,225	0,184	0,147	0,117	0,090	0,068	0,052	0,037	0,027	0,014	0,026	11,887
3,000	-5,659	-5,337	-5,147	-4,838	-4,734	-4,673	-4,648	-4,637	-4,625	-4,625	-4,619	-4,615	-4,609	-4,601	-4,591	0,521	0,578	0,554	0,399	0,303	0,215	0,169	0,129	0,096	0,068	0,052	0,044	0,037	0,034	0,022	0,067	12,913
4,000	-3,133	-3,162	-3,141	-3,091	-3,063	-3,044	-3,037	-3,031	-3,023	-3,018	-3,012	-3,005	-2,992	-2,976	-2,957	-0,107	-0,012	0,027	0,057	0,053	0,045	0,044	0,040	0,037	0,031	0,037	0,037	0,039	0,040	0,030	0,042	12,480
5,000	-3,408	-3,502	-3,532	-3,551	-3,545	-3,545	-3,545	-3,543	-3,543	-3,542	-3,537	-3,531	-3,522	-3,501	-3,474	-0,204	-0,140	-0,101	-0,036	-0,019	-0,009	-0,003	-0,000	0,006	0,013	0,020	0,032	0,039	0,046	0,035	0,050	11,345
6,000	-2,100	-2,129	-2,139	-2,130	-2,113	-2,101	-2,093	-2,087	-2,079	-2,080	-2,073	-2,068	-2,063	-2,057	-2,054	-0,072	-0,046	-0,019	0,018	0,027	0,027	0,025	0,022	0,024	0,017	0,015	0,017	0,016	0,012	0,013	0,028	11,646
7,000	-1,629	-1,643	-1,642	-1,651	-1,647	-1,652	-1,653	-1,655	-1,656	-1,661	-1,661	-1,663	-1,661	-1,658	-1,657	-0,028	-0,019	-0,015	-0,007	-0,007	-0,010	-0,007	-0,007	-0,004	-0,004	-0,006	-0,001	0,000	0,003	0,002	0,036	10,957
8,000	-5,140	-5,155	-5,150	-5,153	-5,142	-5,139	-5,140	-5,138	-5,135	-5,143	-5,145	-5,146	-5,141	-5,141	-5,137	-0,015	-0,005	-0,005	0,007	0,011	0,002	0,003	0,003	0,004	-0,002	0,000	-0,000	0,002	0,003	0,003	0,059	10,898
9,000	-2,077	-2,070	-2,076	-2,066	-2,057	-2,053	-2,050	-2,044	-2,038	-2,039	-2,032	-2,027	-2,008	-1,992	-1,961	0,021	0,002	0,008	0,022	0,018	0,016	0,022	0,022	0,022	0,028	0,030	0,040	0,044	0,047	0,036	0,047	12,795
10,000	-1,511	-1,519	-1,498	-1,459	-1,431	-1,413	-1,406	-1,401	-1,394	-1,394	-1,395	-1,391	-1,383	-1,371	-1,359	-0,001	0,035	0,041	0,057	0,058	0,047	0,039	0,031	0,026	0,023	0,020	0,021	0,028	0,027	0,021	0,053	13,499
11,000	-2,987	-2,970	-2,956	-2,930	-2,913	-2,900	-2,893	-2,885	-2,880	-2,876	-2,870	-2,864	-2,859	-2,850	-2,840	0,011	0,025	0,031	0,044	0,043	0,037	0,036	0,031	0,031	0,024	0,026	0,026	0,024	0,023	0,015	0,038	13,367
12,000	-4,467	-4,473	-4,458	-4,446	-4,431	-4,426	-4,423	-4,424	-4,421	-4,423	-4,420	-4,414	-4,404	-4,382	-4,357	0,011	0,018	0,024	0,024	0,023	0,018	0,019	0,015	0,015	0,019	0,023	0,032	0,041	0,046	0,038	0,065	12,795
13,000	-1,935	-1,926	-1,937	-1,927	-1,916	-1,914	-1,908	-1,904	-1,899	-1,904	-1,902	-1,898	-1,884	-1,870	-1,850	0,011	0,008	0,006	0,017	0,017	0,015	0,017	0,017	0,017	0,018	0,023	0,028	0,037	0,040	0,032	0,042	11,653
14,000	-3,340	-3,420	-3,425	-3,444	-3,434	-3,433	-3,432	-3,430	-3,425	-3,429	-3,425	-3,419	-3,411	-3,393	-3,370	-0,124	-0,080	-0,060	-0,018	-0,006	-0,000	0,005	0,008	0,010	0,013	0,020	0,027	0,035	0,040	0,030	0,051	11,565
15,000	-2,308	-2,355	-2,385	-2,391	-2,388	-2,388	-2,387	-2,386	-2,383	-2,387	-2,388	-2,386	-2,380	-2,370	-2,364	-0,117	-0,086	-0,064	-0,023	-0,014	-0,007	-0,004	-0,002	0,000	0,003	0,005	0,009	0,014	0,016	0,013	0,063	12,048
	run	3	2022:11:15    09:42:08,489
0,000	-3,825	-3,818	-3,794	-3,766	-3,750	-3,747	-3,746	-3,744	-3,743	-3,749	-3,751	-3,749	-3,748	-3,742	-3,733	0,006	0,035	0,042	0,035	0,026	0,014	0,011	0,009	0,006	0,001	0,004	0,007	0,011	0,012	0,012	0,046	10,891
1,000	-4,243	-3,713	-3,467	-3,149	-3,049	-2,992	-2,967	-2,947	-2,934	-2,922	-2,912	-2,904	-2,895	-2,885	-2,876	0,962	0,861	0,743	0,467	0,344	0,248	0,201	0,158	0,123	0,094	0,075	0,059	0,046	0,038	0,022	0,030	11,309
2,000	-2,668	-2,204	-1,989	-1,724	-1,643	-1,591	-1,565	-1,545	-1,529	-1,518	-1,504	-1,499	-1,493	-1,486	-1,482	0,882	0,775	0,653	0,405	0,303	0,225	0,184	0,147	0,117	0,090	0,068	0,052	0,037	0,027	0,014	0,026	11,887
3,000	-5,659	-5,337	-5,147	-4,838	-4,734	-4,673	-4,648	-4,637	-4,625	-4,625	-4,619	-4,615	-4,609	-4,601	-4,591	0,521	0,578	0,554	0,399	0,303	0,215	0,169	0,129	0,096	0,068	0,052	0,044	0,037	0,034	0,022	0,067	12,913
4,000	-3,133	-3,162	-3,141	-3,091	-3,063	-3,044	-3,037	-3,031	-3,023	-3,018	-3,012	-3,005	-2,992	-2,976	-2,957	-0,107	-0,012	0,027	0,057	0,053	0,045	0,044	0,040	0,037	0,031	0,037	0,037	0,039	0,040	0,030	0,042	12,480
5,000	-3,408	-3,502	-3,532	-3,551	-3,545	-3,545	-3,545	-3,543	-3,543	-3,542	-3,537	-3,531	-3,522	-3,501	-3,474	-0,204	-0,140	-0,101	-0,036	-0,019	-0,009	-0,003	-0,000	0,006	0,013	0,020	0,032	0,039	0,046	0,035	0,050	11,345
6,000	-2,100	-2,129	-2,139	-2,130	-2,113	-2,101	-2,093	-2,087	-2,079	-2,080	-2,073	-2,068	-2,063	-2,057	-2,054	-0,072	-0,046	-0,019	0,018	0,027	0,027	0,025	0,022	0,024	0,017	0,015	0,017	0,016	0,012	0,013	0,028	11,646
7,000	-1,629	-1,643	-1,642	-1,651	-1,647	-1,652	-1,653	-1,655	-1,656	-1,661	-1,661	-1,663	-1,661	-1,658	-1,657	-0,028	-0,019	-0,015	-0,007	-0,007	-0,010	-0,007	-0,007	-0,004	-0,004	-0,006	-0,001	0,000	0,003	0,002	0,036	10,957
8,000	-5,116	-5,134	-5,130	-5,136	-5,125	-5,124	-5,118	-5,121	-5,114	-5,118	-5,125	-5,120	-5,122	-5,121	-5,119	-0,015	-0,010	-0,002	0,008	0,008	0,003	0,006	0,002	0,003	-0,001	-0,002	0,004	0,002	0,002	-0,001	0,059	10,898
9,000	-2,132	-2,112	-2,126	-2,119	-2,113	-2,104	-2,099	-2,091	-2,093	-2,093	-2,084	-2,070	-2,064	-2,034	-2,017	0,007	-0,005	0,002	0,018	0,017	0,015	0,021	0,017	0,030	0,025	0,032	0,038	0,045	0,045	0,034	0,048	12,839
10,000	-1,500	-1,507	-1,483	-1,453	-1,419	-1,405	-1,396	-1,386	-1,383	-1,385	-1,382	-1,380	-1,374	-1,360	-1,346	-0,002	0,033	0,043	0,058	0,052	0,047	0,040	0,034	0,024	0,022	0,020	0,023	0,025	0,029	0,019	0,053	13,542
11,000	-2,988	-2,977	-2,962	-2,939	-2,921	-2,907	-2,900	-2,893	-2,886	-2,882	-2,876	-2,870	-2,863	-2,854	-2,847	0,015	0,026	0,036	0,042	0,043	0,036	0,038	0,033	0,031	0,028	0,028	0,025	0,025	0,021	0,014	0,039	13,381
12,000	-4,429	-4,430	-4,417	-4,407	-4,391	-4,387	-4,385	-4,384	-4,381	-4,382	-4,380	-4,374	-4,365	-4,344	-4,316	0,009	0,020	0,026	0,026	0,025	0,021	0,017	0,015	0,015	0,017	0,025	0,032	0,040	0,047	0,035	0,065	12,817
13,000	-1,944	-1,933	-1,944	-1,933	-1,922	-1,917	-1,911	-1,910	-1,906	-1,911	-1,905	-1,902	-1,891	-1,872	-1,852	0,009	0,003	0,006	0,019	0,015	0,017	0,016	0,016	0,020	0,019	0,021	0,029	0,037	0,040	0,033	0,042	11,646
14,000	-3,332	-3,410	-3,412	-3,438	-3,427	-3,426	-3,423	-3,423	-3,417	-3,422	-3,417	-3,412	-3,402	-3,384	-3,362	-0,123	-0,081	-0,060	-0,019	-0,003	0,001	0,005	0,009	0,011	0,011	0,021	0,026	0,031	0,039	0,031	0,051	11,565
15,000	-2,303	-2,354	-2,379	-2,388	-2,385	-2,385	-2,383	-2,383	-2,381	-2,383	-2,383	-2,382	-2,376	-2,367	-2,361	-0,114	-0,085	-0,064	-0,021	-0,012	-0,010	-0,004	-0,004	-0,001	0,002	0,004	0,007	0,013	0,014	0,013	0,062	12,019
	run	4	2022:11:15    09:42:08,591
0,000	-3,796	-3,793	-3,764	-3,738	-3,722	-3,718	-3,718	-3,717	-3,717	-3,722	-3,722	-3,722	-3,721	-3,713	-3,706	-0,001	0,032	0,042	0,034	0,024	0,014	0,011	0,009	0,004	0,001	0,003	0,007	0,009	0,013	0,007	0,046	10,906
1,000	-4,231	-3,700	-3,454	-3,136	-3,038	-2,980	-2,957	-2,939	-2,923	-2,914	-2,901	-2,893	-2,887	-2,875	-2,868	0,960	0,862	0,739	0,463	0,341	0,246	0,198	0,157	0,123	0,094	0,074	0,060	0,046	0,037	0,021	0,030	11,309
2,000	-2,683	-2,216	-2,000	-1,730	-1,651	-1,598	-1,572	-1,551	-1,535	-1,521	-1,511	-1,504	-1,500	-1,491	-1,487	0,892	0,777	0,656	0,410	0,309	0,228	0,185	0,149	0,119	0,091	0,068	0,052	0,039	0,027	0,015	0,025	11,917
3,000	-5,742	-5,418	-5,222	-4,913	-4,806	-4,744	-4,717	-4,704	-4,689	-4,686	-4,685	-4,682	-4,675	-4,665	-4,655	0,537	0,592	0,561	0,408	0,312	0,222	0,173	0,135	0,097	0,070	0,054	0,045	0,035	0,032	0,023	0,067	12,883
4,000	-3,199	-3,238	-3,213	-3,164	-3,135	-3,117	-3,111	-3,102	-3,095	-3,091	-3,083	-3,079	-3,067	-3,048	-3,028	-0,106	-0,012	0,027	0,057	0,053	0,047	0,044	0,041	0,039	0,033	0,036	0,038	0,039	0,042	0,030	0,042	12,393
5,000	-3,449	-3,543	-3,573	-3,594	-3,587	-3,587	-3,584	-3,583	-3,583	-3,580	-3,578	-3,573	-3,560	-3,540	-3,514	-0,201	-0,141	-0,100	-0,036	-0,017	-0,008	-0,001	-0,000	0,007	0,011	0,022	0,030	0,038	0,048	0,038	0,050	11,294
6,000	-2,103	-2,134	-2,141	-2,137	-2,120	-2,107	-2,101	-2,094	-2,084	-2,084	-2,081	-2,078	-2,071	-2,064	-2,061	-0,074	-0,044	-0,018	0,012	0,029	0,031	0,027	0,026	0,022	0,020	0,015	0,015	0,015	0,013	0,011	0,028	11,653
7,000	-1,624	-1,639	-1,636	-1,647	-1,643	-1,648	-1,650	-1,653	-1,652	-1,659	-1,658	-1,660	-1,662	-1,655	-1,653	-0,031	-0,017	-0,012	-0,011	-0,008	-0,012	-0,009	-0,009	-0,005	-0,006	-0,004	0,000	0,002	0,005	0,003	0,036	11,008
8,000	-5,119	-5,144	-5,137	-5,142	-5,131	-5,126	-5,121	-5,121	-5,122	-5,128	-5,128	-5,128	-5,131	-5,124	-5,125	-0,022	-0,002	-0,006	0,007	0,011	0,004	0,004	0,002	0,002	-0,002	-0,003	0,002	0,005	0,004	0,001	0,059	10,950
9,000	-2,108	-2,092	-2,110	-2,093	-2,090	-2,083	-2,080	-2,077	-2,071	-2,068	-2,062	-2,051	-2,043	-2,016	-1,994	0,022	0,003	0,005	0,021	0,017	0,017	0,015	0,019	0,028	0,030	0,035	0,043	0,046	0,046	0,039	0,048	12,847
10,000	-1,503	-1,509	-1,488	-1,449	-1,421	-1,405	-1,396	-1,391	-1,384	-1,386	-1,386	-1,382	-1,375	-1,363	-1,351	-0,005	0,035	0,041	0,058	0,055	0,048	0,039	0,031	0,027	0,023	0,022	0,021	0,023	0,026	0,023	0,053	13,535
11,000	-2,970	-2,954	-2,939	-2,915	-2,895	-2,884	-2,876	-2,871	-2,863	-2,860	-2,853	-2,847	-2,843	-2,833	-2,824	0,015	0,029	0,033	0,044	0,040	0,036	0,036	0,033	0,032	0,026	0,027	0,024	0,023	0,022	0,015	0,038	13,367
12,000	-4,421	-4,431	-4,413	-4,403	-4,389	-4,383	-4,380	-4,381	-4,377	-4,381	-4,376	-4,370	-4,361	-4,338	-4,312	0,008	0,021	0,022	0,026	0,023	0,020	0,017	0,016	0,016	0,017	0,023	0,033	0,041	0,044	0,037	0,066	12,810
13,000	-1,923	-1,915	-1,922	-1,910	-1,903	-1,900	-1,896	-1,891	-1,888	-1,891	-1,889	-1,882	-1,868	-1,857	-1,836	0,007	0,004	0,006	0,017	0,013	0,014	0,017	0,016	0,012	0,015	0,021	0,026	0,036	0,036	0,033	0,043	11,667
14,000	-3,329	-3,406	-3,408	-3,431	-3,422	-3,419	-3,418	-3,416	-3,413	-3,415	-3,413	-3,406	-3,398	-3,378	-3,356	-0,122	-0,080	-0,061	-0,021	-0,005	0,000	0,003	0,007	0,010	0,010	0,019	0,027	0,036	0,039	0,031	0,051	11,565
15,000	-2,290	-2,339	-2,368	-2,375	-2,372	-2,371	-2,368	-2,369	-2,366	-2,370	-2,370	-2,368	-2,366	-2,356	-2,348	-0,112	-0,082	-0,063	-0,021	-0,015	-0,008	-0,004	-0,004	-0,001	0,002	0,006	0,007	0,013	0,016	0,013	0,063	12,019
	run	5	2022:11:15    09:42:08,641
0,000	-3,796	-3,793	-3,764	-3,738	-3,722	-3,718	-3,718	-3,717	-3,717	-3,722	-3,722	-3,722	-3,721	-3,713	-3,706	-0,001	0,032	0,042	0,034	0,024	0,014	0,011	0,009	0,004	0,001	0,003	0,007	0,009	0,013	0,007	0,046	10,906
1,000	-4,231	-3,700	-3,454	-3,136	-3,038	-2,980	-2,957	-2,939	-2,923	-2,914	-2,901	-2,893	-2,887	-2,875	-2,868	0,960	0,862	0,739	0,463	0,341	0,246	0,198	0,157	0,123	0,094	0,074	0,060	0,046	0,037	0,021	0,030	11,309
2,000	-2,683	-2,216	-2,000	-1,730	-1,651	-1,598	-1,572	-1,551	-1,535	-1,521	-1,511	-1,504	-1,500	-1,491	-1,487	0,892	0,777	0,656	0,410	0,309	0,228	0,185	0,149	0,119	0,091	0,068	0,052	0,039	0,027	0,015	0,025	11,917
3,000	-5,742	-5,418	-5,222	-4,913	-4,806	-4,744	-4,717	-4,704	-4,689	-4,686	-4,685	-4,682	-4,675	-4,665	-4,655	0,537	0,592	0,561	0,408	0,312	0,222	0,173	0,135	0,097	0,070	0,054	0,045	0,035	0,032	0,023	0,067	12,883
4,000	-3,199	-3,238	-3,213	-3,164	-3,135	-3,117	-3,111	-3,102	-3,095	-3,091	-3,083	-3,079	-3,067	-3,048	-3,028	-0,106	-0,012	0,027	0,057	0,053	0,047	0,044	0,041	0,039	0,033	0,036	0,038	0,039	0,042	0,030	0,042	12,393
5,000	-3,449	-3,543	-3,573	-3,594	-3,587	-3,587	-3,584	-3,583	-3,583	-3,580	-3,578	-3,573	-3,560	-3,540	-3,514	-0,201	-0,141	-0,100	-0,036	-0,017	-0,008	-0,001	-0,000	0,007	0,011	0,022	0,030	0,038	0,048	0,038	0,050	11,294
6,000	-2,114	-2,139	-2,153	-2,142	-2,126	-2,111	-2,103	-2,103	-2,091	-2,084	-2,086	-2,078	-2,079	-2,071	-2,064	-0,072	-0,037	-0,025	0,016	0,026	0,026	0,029	0,019	0,021	0,017	0,021	0,019	0,013	0,013	0,010	0,027	11,609
7,000	-1,615	-1,633	-1,631	-1,637	-1,637	-1,640	-1,643	-1,643	-1,646	-1,650	-1,650	-1,651	-1,648	-1,648	-1,644	-0,029	-0,018	-0,017	-0,009	-0,010	-0,009	-0,007	-0,010	-0,006	-0,005	-0,002	-0,001	0,002	0,004	0,005	0,037	10,928
8,000	-5,111	-5,128	-5,131	-5,133	-5,123	-5,121	-5,119	-5,121	-5,114	-5,121	-5,118	-5,119	-5,122	-5,119	-5,117	-0,010	-0,010	-0,004	0,004	0,008	0,003	0,004	0,001	0,000	-0,000	-0,001	0,003	-0,004	0,000	0,006	0,059	10,964
9,000	-2,068	-2,058	-2,073	-2,062	-2,052	-2,048	-2,042	-2,044	-2,033	-2,033	-2,031	-2,018	-2,009	-1,985	-1,956	0,018	-0,004	0,004	0,021	0,021	0,020	0,016	0,021	0,020	0,023	0,032	0,040	0,039	0,046	0,036	0,048	12,825
10,000	-1,505	-1,509	-1,490	-1,454	-1,428	-1,412	-1,400	-1,395	-1,390	-1,390	-1,393	-1,387	-1,379	-1,368	-1,353	0,001	0,035	0,041	0,056	0,055	0,046	0,040	0,032	0,027	0,023	0,019	0,021	0,022	0,026	0,019	0,053	13,535
11,000	-2,970	-2,964	-2,952	-2,926	-2,908	-2,895	-2,888	-2,881	-2,874	-2,872	-2,864	-2,856	-2,854	-2,842	-2,833	0,014	0,026	0,032	0,040	0,044	0,037	0,035	0,034	0,029	0,027	0,026	0,025	0,024	0,021	0,016	0,038	13,389
12,000	-4,416	-4,422	-4,403	-4,394	-4,378	-4,373	-4,372	-4,369	-4,366	-4,370	-4,366	-4,362	-4,351	-4,327	-4,304	0,011	0,020	0,025	0,027	0,026	0,020	0,016	0,015	0,019	0,019	0,024	0,031	0,041	0,046	0,039	0,065	12,832
13,000	-1,932	-1,923	-1,931	-1,921	-1,910	-1,906	-1,904	-1,903	-1,897	-1,897	-1,894	-1,890	-1,879	-1,862	-1,846	0,005	0,006	0,004	0,016	0,016	0,014	0,012	0,014	0,012	0,020	0,022	0,028	0,032	0,041	0,032	0,042	11,675
14,000	-3,307	-3,385	-3,388	-3,410	-3,401	-3,399	-3,399	-3,395	-3,393	-3,395	-3,392	-3,386	-3,377	-3,358	-3,335	-0,127	-0,078	-0,061	-0,019	-0,005	-0,000	0,005	0,007	0,011	0,011	0,016	0,026	0,036	0,040	0,031	0,051	11,602
15,000	-2,286	-2,333	-2,360	-2,368	-2,367	-2,370	-2,367	-2,366	-2,364	-2,365	-2,366	-2,366	-2,359	-2,353	-2,343	-0,116	-0,086	-0,064	-0,024	-0,015	-0,010	-0,004	-0,003	-0,001	0,001	0,005	0,009	0,013	0,016	0,012	0,062	12,078
	run	6	2022:11:15    09:42:08,741
0,000	-3,838	-3,833	-3,807	-3,779	-3,764	-3,761	-3,760	-3,762	-3,760	-3,764	-3,766	-3,765	-3,763	-3,754	-3,750	-0,002	0,033	0,043	0,034	0,024	0,015	0,012	0,007	0,005	0,002	0,004	0,007	0,009	0,014	0,008	0,046	10,928
1,000	-4,258	-3,732	-3,484	-3,161	-3,060	-3,004	-2,976	-2,957	-2,942	-2,931	-2,920	-2,912	-2,904	-2,891	-2,885	0,959	0,866	0,743	0,474	0,350	0,252	0,202	0,162	0,128	0,098	0,076	0,060	0,046	0,037	0,022	0,030	11,309
2,000	-2,701	-2,233	-2,012	-1,747	-1,665	-1,613	-1,585	-1,563	-1,547	-1,533	-1,523	-1,519	-1,511	-1,503	-1,500	0,900	0,777	0,658	0,412	0,311	0,230	0,187	0,151	0,117	0,091	0,067	0,054	0,039	0,029	0,015	0,025	11,873
3,000	-5,778	-5,456	-5,258	-4,945	-4,836	-4,772	-4,751	-4,734	-4,723	-4,721	-4,718	-4,713	-4,709	-4,696	-4,688	0,544	0,594	0,567	0,409	0,313	0,224	0,176	0,134	0,099	0,071	0,054	0,042	0,036	0,033	0,023	0,068	12,861
4,000	-3,199	-3,227	-3,202	-3,155	-3,127	-3,110	-3,099	-3,094	-3,087	-3,084	-3,077	-3,070	-3,060	-3,041	-3,019	-0,105	-0,011	0,026	0,055	0,054	0,047	0,043	0,040	0,038	0,034	0,036	0,040	0,040	0,042	0,033	0,042	12,378
5,000	-3,473	-3,566	-3,595	-3,613	-3,609	-3,608	-3,605	-3,605	-3,603	-3,604	-3,600	-3,596	-3,581	-3,562	-3,535	-0,204	-0,139	-0,099	-0,037	-0,019	-0,009	-0,002	-0,001	0,006	0,013	0,023	0,032	0,041	0,046	0,039	0,051	11,250
6,000	-2,115	-2,142	-2,153	-2,143	-2,126	-2,114	-2,105	-2,102	-2,092	-2,095	-2,083	-2,084	-2,079	-2,075	-2,066	-0,074	-0,039	-0,019	0,018	0,028	0,028	0,028	0,023	0,022	0,021	0,021	0,022	0,020	0,020	0,010	0,027	11,565
7,000	-1,623	-1,641	-1,640	-1,644	-1,647	-1,648	-1,652	-1,652	-1,656	-1,660	-1,660	-1,659	-1,662	-1,655	-1,653	-0,032	-0,019	-0,017	-0,011	-0,010	-0,008	-0,006	-0,006	-0,009	-0,005	-0,005	-0,000	0,001	0,004	0,002	0,036	10,928
8,000	-5,101	-5,116	-5,110	-5,114	-5,106	-5,097	-5,097	-5,095	-5,094	-5,100	-5,101	-5,100	-5,104	-5,098	-5,097	-0,016	-0,011	-0,003	0,010	0,011	0,006	0,003	0,000	0,004	-0,005	-0,002	0,003	0,003	0,002	0,000	0,059	10,913
9,000	-2,080	-2,064	-2,076	-2,066	-2,060	-2,054	-2,049	-2,048	-2,043	-2,042	-2,034	-2,022	-2,017	-1,992	-1,968	0,023	-0,008	-0,000	0,019	0,019	0,019	0,019	0,020	0,025	0,019	0,032	0,036	0,044	0,044	0,034	0,048	12,847
10,000	-1,484	-1,491	-1,470	-1,435	-1,410	-1,392	-1,383	-1,377	-1,369	-1,374	-1,370	-1,372	-1,364	-1,351	-1,338	0,001	0,033	0,040	0,056	0,052	0,045	0,038	0,033	0,025	0,022	0,021	0,020	0,023	0,028	0,025	0,053	13,579
11,000	-2,951	-2,940	-2,927	-2,903	-2,883	-2,872	-2,867	-2,860	-2,851	-2,848	-2,842	-2,838	-2,833	-2,823	-2,812	0,013	0,026	0,035	0,044	0,042	0,034	0,036	0,032	0,030	0,026	0,025	0,025	0,022	0,020	0,016	0,038	13,411
12,000	-4,403	-4,411	-4,393	-4,381	-4,369	-4,361	-4,360	-4,359	-4,356	-4,359	-4,356	-4,348	-4,340	-4,318	-4,293	0,012	0,022	0,026	0,028	0,025	0,021	0,020	0,017	0,017	0,018	0,023	0,030	0,041	0,046	0,037	0,065	12,847
13,000	-1,926	-1,915	-1,924	-1,917	-1,904	-1,899	-1,898	-1,898	-1,892	-1,895	-1,890	-1,886	-1,874	-1,858	-1,841	0,008	0,008	0,005	0,018	0,016	0,014	0,014	0,017	0,015	0,020	0,021	0,027	0,035	0,036	0,031	0,043	11,682
14,000	-3,315	-3,390	-3,393	-3,417	-3,408	-3,404	-3,404	-3,402	-3,397	-3,400	-3,397	-3,391	-3,382	-3,364	-3,343	-0,119	-0,077	-0,060	-0,020	-0,006	-0,001	0,004	0,007	0,010	0,010	0,019	0,027	0,034	0,039	0,030	0,050	11,594
15,000	-2,293	-2,340	-2,369	-2,377	-2,376	-2,374	-2,374	-2,373	-2,371	-2,375	-2,375	-2,373	-2,367	-2,359	-2,351	-0,114	-0,083	-0,064	-0,022	-0,013	-0,010	-0,004	-0,004	-0,001	0,001	0,005	0,010	0,014	0,016	0,012	0,063	12,048
	run	7	2022:11:15    09:42:08,841
0,000	-3,826	-3,823	-3,795	-3,769	-3,754	-3,751	-3,748	-3,749	-3,747	-3,752	-3,754	-3,754	-3,753	-3,747	-3,738	0,008	0,035	0,046	0,032	0,022	0,014	0,012	0,008	0,005	0,002	0,003	0,007	0,009	0,011	0,009	0,045	10,876
1,000	-4,271	-3,735	-3,487	-3,161	-3,062	-3,007	-2,981	-2,963	-2,945	-2,937	-2,924	-2,917	-2,908	-2,897	-2,888	0,962	0,872	0,749	0,472	0,350	0,251	0,200	0,161	0,126	0,098	0,076	0,059	0,045	0,036	0,022	0,030	11,250
2,000	-2,695	-2,231	-2,012	-1,745	-1,661	-1,607	-1,581	-1,560	-1,544	-1,533	-1,521	-1,512	-1,506	-1,500	-1,496	0,895	0,776	0,658	0,413	0,310	0,230	0,186	0,150	0,119	0,093	0,069	0,053	0,039	0,028	0,017	0,025	11,887
3,000	-5,761	-5,434	-5,241	-4,931	-4,821	-4,759	-4,737	-4,719	-4,708	-4,707	-4,701	-4,698	-4,694	-4,683	-4,673	0,541	0,592	0,560	0,407	0,312	0,220	0,174	0,134	0,098	0,070	0,055	0,044	0,038	0,034	0,020	0,068	12,869
4,000	-3,202	-3,234	-3,215	-3,162	-3,133	-3,117	-3,110	-3,103	-3,094	-3,092	-3,082	-3,077	-3,064	-3,047	-3,025	-0,103	-0,011	0,025	0,055	0,054	0,048	0,043	0,037	0,036	0,035	0,038	0,039	0,042	0,043	0,032	0,043	12,393
5,000	-3,433	-3,527	-3,554	-3,574	-3,571	-3,568	-3,567	-3,566	-3,564	-3,566	-3,561	-3,555	-3,545	-3,523	-3,499	-0,208	-0,141	-0,099	-0,037	-0,016	-0,010	-0,001	-0,002	0,005	0,012	0,023	0,031	0,037	0,045	0,035	0,050	11,301
6,000	-2,097	-2,128	-2,137	-2,132	-2,116	-2,100	-2,094	-2,085	-2,081	-2,077	-2,075	-2,070	-2,067	-2,061	-2,053	-0,069	-0,046	-0,019	0,014	0,024	0,030	0,028	0,023	0,023	0,020	0,015	0,018	0,018	0,017	0,011	0,028	11,624
7,000	-1,618	-1,630	-1,627	-1,635	-1,633	-1,637	-1,640	-1,642	-1,642	-1,646	-1,647	-1,648	-1,647	-1,645	-1,642	-0,027	-0,018	-0,013	-0,008	-0,009	-0,010	-0,009	-0,008	-0,006	-0,003	-0,004	-0,002	-0,000	0,004	0,004	0,036	10,972
8,000	-5,119	-5,134	-5,126	-5,134	-5,123	-5,121	-5,119	-5,118	-5,116	-5,123	-5,120	-5,123	-5,125	-5,123	-5,121	-0,011	-0,008	0,000	0,007	0,009	0,006	0,006	0,007	0,002	-0,004	-0,005	0,000	0,002	0,004	-0,001	0,059	10,942
9,000	-2,082	-2,064	-2,076	-2,072	-2,061	-2,052	-2,046	-2,049	-2,044	-2,040	-2,033	-2,023	-2,011	-1,996	-1,966	0,023	-0,005	0,007	0,015	0,019	0,015	0,018	0,022	0,025	0,026	0,028	0,036	0,043	0,046	0,033	0,048	12,839
10,000	-1,495	-1,502	-1,479	-1,446	-1,420	-1,407	-1,396	-1,388	-1,384	-1,384	-1,383	-1,380	-1,372	-1,361	-1,348	-0,005	0,031	0,036	0,058	0,053	0,043	0,039	0,030	0,024	0,023	0,019	0,023	0,024	0,028	0,022	0,053	13,535
11,000	-2,951	-2,940	-2,926	-2,902	-2,882	-2,871	-2,865	-2,860	-2,850	-2,847	-2,843	-2,836	-2,829	-2,820	-2,810	0,013	0,023	0,033	0,045	0,042	0,033	0,036	0,034	0,030	0,027	0,026	0,024	0,023	0,021	0,016	0,039	13,396
12,000	-4,400	-4,401	-4,387	-4,373	-4,361	-4,356	-4,354	-4,351	-4,349	-4,351	-4,347	-4,341	-4,332	-4,310	-4,285	0,013	0,022	0,022	0,028	0,027	0,019	0,016	0,017	0,015	0,016	0,024	0,032	0,038	0,044	0,036	0,065	12,839
13,000	-1,922	-1,913	-1,920	-1,911	-1,900	-1,896	-1,892	-1,889	-1,886	-1,889	-1,884	-1,881	-1,870	-1,853	-1,830	0,009	0,004	0,007	0,017	0,013	0,016	0,017	0,015	0,015	0,019	0,023	0,027	0,036	0,035	0,032	0,042	11,667
14,000	-3,325	-3,403	-3,407	-3,431	-3,421	-3,418	-3,416	-3,414	-3,411	-3,413	-3,409	-3,405	-3,395	-3,378	-3,355	-0,127	-0,084	-0,058	-0,018	-0,006	0,002	0,003	0,008	0,008	0,012	0,019	0,027	0,035	0,039	0,030	0,050	11,587
15,000	-2,304	-2,351	-2,378	-2,386	-2,383	-2,384	-2,383	-2,381	-2,380	-2,382	-2,383	-2,383	-2,375	-2,367	-2,361	-0,114	-0,084	-0,062	-0,022	-0,011	-0,007	-0,005	-0,004	-0,000	0,002	0,004	0,010	0,013	0,015	0,012	0,062	12,034
	run	8	2022:11:15    09:42:08,889
0,000	-3,857	-3,854	-3,826	-3,798	-3,783	-3,779	-3,779	-3,778	-3,776	-3,782	-3,783	-3,780	-3,781	-3,773	-3,767	0,001	0,039	0,045	0,033	0,026	0,013	0,012	0,008	0,004	0,002	0,003	0,007	0,009	0,013	0,009	0,046	10,884
1,000	-4,281	-3,744	-3,499	-3,175	-3,074	-3,017	-2,990	-2,972	-2,955	-2,945	-2,934	-2,925	-2,917	-2,906	-2,899	0,974	0,871	0,748	0,475	0,350	0,252	0,203	0,161	0,126	0,095	0,076	0,062	0,047	0,039	0,022	0,030	11,265
2,000	-2,695	-2,231	-2,012	-1,745	-1,661	-1,607	-1,581	-1,560	-1,544	-1,533	-1,521	-1,512	-1,506	-1,500	-1,496	0,895	0,776	0,658	0,413	0,310	0,230	0,186	0,150	0,119	0,093	0,069	0,053	0,039	0,028	0,017	0,025	11,887
3,000	-5,761	-5,434	-5,241	-4,931	-4,821	-4,759	-4,737	-4,719	-4,708	-4,707	-4,701	-4,698	-4,694	-4,683	-4,673	0,541	0,592	0,560	0,407	0,312	0,220	0,174	0,134	0,098	0,070	0,055	0,044	0,038	0,034	0,020	0,068	12,869
4,000	-3,202	-3,234	-3,215	-3,162	-3,133	-3,117	-3,110	-3,103	-3,094	-3,092	-3,082	-3,077	-3,064	-3,047	-3,025	-0,103	-0,011	0,025	0,055	0,054	0,048	0,043	0,037	0,036	0,035	0,038	0,039	0,042	0,043	0,032	0,043	12,393
5,000	-3,433	-3,527	-3,554	-3,574	-3,571	-3,568	-3,567	-3,566	-3,564	-3,566	-3,561	-3,555	-3,545	-3,523	-3,499	-0,208	-0,141	-0,099	-0,037	-0,016	-0,010	-0,001	-0,002	0,005	0,012	0,023	0,031	0,037	0,045	0,035	0,050	11,301
6,000	-2,097	-2,128	-2,137	-2,132	-2,116	-2,100	-2,094	-2,085	-2,081	-2,077	-2,075	-2,070	-2,067	-2,061	-2,053	-0,069	-0,046	-0,019	0,014	0,024	0,030	0,028	0,023	0,023	0,020	0,015	0,018	0,018	0,017	0,011	0,028	11,624
7,000	-1,618	-1,630	-1,627	-1,635	-1,633	-1,637	-1,640	-1,642	-1,642	-1,646	-1,647	-1,648	-1,647	-1,645	-1,642	-0,027	-0,018	-0,013	-0,008	-0,009	-0,010	-0,009	-0,008	-0,006	-0,003	-0,004	-0,002	-0,000	0,004	0,004	0,036	10,972
8,000	-5,097	-5,123	-5,115	-5,123	-5,107	-5,106	-5,102	-5,104	-5,101	-5,108	-5,108	-5,108	-5,109	-5,108	-5,105	-0,017	-0,008	-0,003	0,011	0,009	0,005	0,002	0,005	-0,001	-0,002	-0,004	0,002	0,004	0,004	0,004	0,058	10,942
9,000	-2,071	-2,059	-2,073	-2,067	-2,057	-2,050	-2,047	-2,046	-2,038	-2,038	-2,037	-2,024	-2,013	-1,991	-1,969	0,016	-0,004	0,008	0,015	0,017	0,022	0,020	0,022	0,026	0,024	0,028	0,037	0,041	0,048	0,033	0,049	12,847
10,000	-1,496	-1,501	-1,481	-1,446	-1,421	-1,401	-1,390	-1,387	-1,380	-1,382	-1,381	-1,377	-1,372	-1,357	-1,350	-0,002	0,033	0,040	0,058	0,056	0,047	0,039	0,032	0,025	0,020	0,021	0,021	0,024	0,025	0,021	0,053	13,535
11,000	-2,968	-2,957	-2,942	-2,918	-2,899	-2,887	-2,881	-2,876	-2,865	-2,862	-2,857	-2,850	-2,847	-2,836	-2,827	0,012	0,029	0,030	0,044	0,043	0,035	0,038	0,033	0,031	0,027	0,026	0,024	0,021	0,023	0,013	0,038	13,396
12,000	-4,406	-4,413	-4,397	-4,384	-4,371	-4,366	-4,365	-4,362	-4,360	-4,363	-4,357	-4,356	-4,344	-4,322	-4,296	0,012	0,022	0,022	0,025	0,025	0,019	0,019	0,014	0,016	0,017	0,024	0,032	0,040	0,047	0,036	0,065	12,832
13,000	-1,937	-1,925	-1,934	-1,921	-1,911	-1,908	-1,907	-1,904	-1,897	-1,901	-1,899	-1,892	-1,881	-1,862	-1,848	0,007	0,005	0,003	0,014	0,015	0,016	0,015	0,015	0,015	0,017	0,023	0,027	0,035	0,036	0,035	0,042	11,675
14,000	-3,334	-3,412	-3,414	-3,436	-3,427	-3,427	-3,426	-3,422	-3,418	-3,422	-3,418	-3,413	-3,403	-3,383	-3,363	-0,125	-0,082	-0,061	-0,022	-0,007	-0,000	0,004	0,009	0,009	0,012	0,019	0,026	0,035	0,040	0,031	0,051	11,602
15,000	-2,318	-2,370	-2,395	-2,405	-2,401	-2,400	-2,400	-2,401	-2,396	-2,399	-2,401	-2,399	-2,393	-2,384	-2,379	-0,114	-0,084	-0,066	-0,023	-0,013	-0,008	-0,004	-0,003	-0,000	0,002	0,004	0,007	0,013	0,016	0,013	0,063	12,048
	run	9	2022:11:15    09:42:08,989
0,000	-3,874	-3,874	-3,845	-3,815	-3,802	-3,800	-3,798	-3,798	-3,798	-3,803	-3,804	-3,803	-3,801	-3,793	-3,786	0,004	0,036	0,047	0,035	0,026	0,015	0,009	0,008	0,005	0,001	0,005	0,008	0,011	0,013	0,010	0,047	10,898
1,000	-4,270	-3,735	-3,488	-3,163	-3,061	-3,004	-2,977	-2,958	-2,940	-2,931	-2,918	-2,911	-2,903	-2,892	-2,884	0,968	0,869	0,750	0,474	0,352	0,254	0,203	0,162	0,127	0,099	0,076	0,060	0,047	0,037	0,022	0,029	11,279
2,000	-2,685	-2,220	-2,004	-1,741	-1,658	-1,603	-1,578	-1,558	-1,540	-1,530	-1,516	-1,511	-1,504	-1,498	-1,494	0,888	0,775	0,658	0,410	0,305	0,228	0,186	0,149	0,119	0,091	0,068	0,052	0,039	0,029	0,017	0,026	11,851
3,000	-5,697	-5,374	-5,181	-4,874	-4,772	-4,709	-4,682	-4,668	-4,658	-4,657	-4,653	-4,649	-4,647	-4,635	-4,622	0,526	0,584	0,555	0,401	0,305	0,219	0,168	0,130	0,099	0,070	0,052	0,045	0,037	0,034	0,024	0,068	12,891
4,000	-3,145	-3,179	-3,153	-3,104	-3,072	-3,059	-3,049	-3,043	-3,034	-3,031	-3,025	-3,016	-3,007	-2,988	-2,968	-0,102	-0,009	0,026	0,056	0,054	0,046	0,043	0,037	0,034	0,032	0,036	0,039	0,039	0,042	0,030	0,042	12,451
5,000	-3,401	-3,496	-3,525	-3,544	-3,541	-3,536	-3,537	-3,538	-3,534	-3,534	-3,532	-3,527	-3,515	-3,494	-3,470	-0,205	-0,138	-0,101	-0,039	-0,015	-0,009	-0,000	0,000	0,008	0,012	0,019	0,031	0,039	0,048	0,038	0,050	11,338
6,000	-2,099	-2,123	-2,129	-2,119	-2,106	-2,096	-2,085	-2,080	-2,081	-2,068	-2,067	-2,067	-2,059	-2,054	-2,050	-0,066	-0,039	-0,023	0,016	0,029	0,026	0,028	0,026	0,018	0,019	0,027	0,011	0,018	0,015	0,011	0,029	11,624
7,000	-1,612	-1,628	-1,630	-1,636	-1,636	-1,639	-1,638	-1,643	-1,645	-1,646	-1,647	-1,650	-1,648	-1,646	-1,645	-0,031	-0,015	-0,014	-0,012	-0,009	-0,010	-0,009	-0,008	-0,004	-0,009	-0,004	0,001	-0,000	0,003	0,003	0,036	10,972
8,000	-5,090	-5,106	-5,104	-5,105	-5,095	-5,095	-5,092	-5,089	-5,086	-5,095	-5,087	-5,101	-5,097	-5,093	-5,092	-0,015	-0,007	-0,003	0,009	0,007	0,006	0,008	0,005	0,003	-0,002	-0,013	0,001	0,006	0,003	0,001	0,059	10,935
9,000	-2,087	-2,082	-2,089	-2,081	-2,073	-2,064	-2,058	-2,061	-2,053	-2,051	-2,047	-2,036	-2,023	-2,005	-1,977	0,017	0,004	-0,004	0,020	0,014	0,016	0,019	0,021	0,018	0,028	0,034	0,043	0,040	0,051	0,040	0,049	12,854
10,000	-1,496	-1,502	-1,484	-1,448	-1,418	-1,404	-1,394	-1,385	-1,382	-1,384	-1,383	-1,381	-1,369	-1,357	-1,347	0,003	0,037	0,040	0,059	0,051	0,045	0,038	0,034	0,022	0,023	0,018	0,020	0,028	0,026	0,022	0,054	13,579
11,000	-2,969	-2,958	-2,939	-2,918	-2,898	-2,885	-2,881	-2,875	-2,866	-2,863	-2,856	-2,849	-2,844	-2,834	-2,827	0,011	0,029	0,031	0,043	0,044	0,036	0,035	0,032	0,030	0,026	0,026	0,025	0,021	0,020	0,015	0,038	13,396
12,000	-4,442	-4,442	-4,429	-4,418	-4,402	-4,398	-4,395	-4,393	-4,390	-4,393	-4,389	-4,385	-4,375	-4,350	-4,327	0,009	0,019	0,022	0,028	0,027	0,017	0,019	0,015	0,018	0,017	0,024	0,033	0,043	0,044	0,037	0,065	12,825
13,000	-1,937	-1,924	-1,933	-1,924	-1,915	-1,913	-1,904	-1,907	-1,898	-1,902	-1,897	-1,893	-1,880	-1,864	-1,846	0,008	0,005	0,008	0,018	0,014	0,016	0,016	0,017	0,014	0,016	0,021	0,028	0,032	0,039	0,032	0,042	11,667
14,000	-3,345	-3,424	-3,430	-3,449	-3,440	-3,438	-3,437	-3,435	-3,432	-3,432	-3,431	-3,424	-3,415	-3,396	-3,373	-0,122	-0,079	-0,060	-0,020	-0,006	-0,001	0,005	0,010	0,011	0,012	0,021	0,027	0,033	0,037	0,031	0,051	11,572
15,000	-2,316	-2,364	-2,389	-2,397	-2,395	-2,397	-2,393	-2,394	-2,390	-2,394	-2,394	-2,393	-2,386	-2,379	-2,369	-0,116	-0,082	-0,063	-0,020	-0,012	-0,009	-0,004	-0,003	-0,001	0,002	0,006	0,009	0,013	0,016	0,014	0,062	12,026
	run	10	2022:11:15    09:42:09,057
0,000	-3,874	-3,874	-3,845	-3,815	-3,802	-3,800	-3,798	-3,798	-3,798	-3,803	-3,804	-3,803	-3,801	-3,793	-3,786	0,004	0,036	0,047	0,035	0,026	0,015	0,009	0,008	0,005	0,001	0,005	0,008	0,011	0,013	0,010	0,047	10,898
1,000	-4,270	-3,735	-3,488	-3,163	-3,061	-3,004	-2,977	-2,958	-2,940	-2,931	-2,918	-2,911	-2,903	-2,892	-2,884	0,968	0,869	0,750	0,474	0,352	0,254	0,203	0,162	0,127	0,099	0,076	0,060	0,047	0,037	0,022	0,029	11,279
2,000	-2,685	-2,220	-2,004	-1,741	-1,658	-1,603	-1,578	-1,558	-1,540	-1,530	-1,516	-1,511	-1,504	-1,498	-1,494	0,888	0,775	0,658	0,410	0,305	0,228	0,186	0,149	0,119	0,091	0,068	0,052	0,039	0,029	0,017	0,026	11,851
3,000	-5,697	-5,374	-5,181	-4,874	-4,772	-4,709	-4,682	-4,668	-4,658	-4,657	-4,653	-4,649	-4,647	-4,635	-4,622	0,526	0,584	0,555	0,401	0,305	0,219	0,168	0,130	0,099	0,070	0,052	0,045	0,037	0,034	0,024	0,068	12,891
4,000	-3,145	-3,179	-3,153	-3,104	-3,072	-3,059	-3,049	-3,043	-3,034	-3,031	-3,025	-3,016	-3,007	-2,988	-2,968	-0,102	-0,009	0,026	0,056	0,054	0,046	0,043	0,037	0,034	0,032	0,036	0,039	0,039	0,042	0,030	0,042	12,451
5,000	-3,401	-3,496	-3,525	-3,544	-3,541	-3,536	-3,537	-3,538	-3,534	-3,534	-3,532	-3,527	-3,515	-3,494	-3,470	-0,205	-0,138	-0,101	-0,039	-0,015	-0,009	-0,000	0,000	0,008	0,012	0,019	0,031	0,039	0,048	0,038	0,050	11,338
6,000	-2,089	-2,126	-2,136	-2,130	-2,116	-2,097	-2,089	-2,086	-2,078	-2,077	-2,075	-2,068	-2,068	-2,057	-2,053	-0,057	-0,045	-0,027	0,007	0,028	0,028	0,025	0,023	0,017	0,019	0,020	0,014	0,020	0,019	0,012	0,026	11,675
7,000	-1,617	-1,629	-1,629	-1,637	-1,638	-1,641	-1,645	-1,644	-1,648	-1,649	-1,652	-1,651	-1,652	-1,646	-1,647	-0,027	-0,020	-0,016	-0,009	-0,009	-0,012	-0,008	-0,008	-0,007	-0,006	-0,006	-0,000	0,000	0,002	0,003	0,037	10,979
8,000	-5,099	-5,121	-5,120	-5,122	-5,111	-5,104	-5,110	-5,104	-5,102	-5,108	-5,104	-5,113	-5,110	-5,102	-5,106	-0,015	-0,012	-0,000	0,010	0,012	0,005	0,005	0,001	0,001	-0,001	0,002	0,001	-0,002	0,004	0,001	0,059	10,950
9,000	-2,087	-2,072	-2,083	-2,075	-2,068	-2,062	-2,061	-2,058	-2,055	-2,049	-2,037	-2,045	-2,021	-2,004	-1,975	0,028	-0,010	0,000	0,022	0,017	0,021	0,020	0,019	0,020	0,024	0,027	0,041	0,041	0,047	0,038	0,049	12,847
10,000	-1,495	-1,499	-1,480	-1,444	-1,418	-1,402	-1,395	-1,388	-1,385	-1,383	-1,384	-1,378	-1,378	-1,361	-1,350	0,001	0,035	0,041	0,056	0,053	0,046	0,038	0,034	0,024	0,021	0,022	0,022	0,029	0,023	0,022	0,054	13,550
11,000	-2,968	-2,959	-2,945	-2,921	-2,903	-2,891	-2,882	-2,877	-2,872	-2,866	-2,858	-2,853	-2,848	-2,838	-2,829	0,011	0,027	0,032	0,041	0,042	0,036	0,036	0,033	0,030	0,028	0,024	0,025	0,023	0,022	0,015	0,038	13,381
12,000	-4,416	-4,422	-4,408	-4,398	-4,384	-4,378	-4,376	-4,374	-4,373	-4,374	-4,373	-4,364	-4,353	-4,335	-4,308	0,008	0,022	0,023	0,028	0,024	0,018	0,018	0,015	0,014	0,016	0,022	0,030	0,042	0,047	0,039	0,064	12,825
13,000	-1,948	-1,935	-1,944	-1,932	-1,923	-1,915	-1,914	-1,913	-1,908	-1,910	-1,904	-1,897	-1,891	-1,873	-1,852	0,006	0,008	0,006	0,020	0,014	0,014	0,015	0,016	0,017	0,019	0,026	0,028	0,038	0,035	0,030	0,042	11,646
14,000	-3,350	-3,429	-3,432	-3,458	-3,446	-3,444	-3,443	-3,441	-3,438	-3,440	-3,436	-3,430	-3,421	-3,401	-3,380	-0,124	-0,080	-0,062	-0,019	-0,004	0,001	0,005	0,008	0,010	0,011	0,018	0,026	0,032	0,038	0,032	0,050	11,550
15,000	-2,315	-2,358	-2,386	-2,392	-2,392	-2,392	-2,391	-2,390	-2,386	-2,391	-2,391	-2,388	-2,384	-2,377	-2,368	-0,113	-0,084	-0,062	-0,020	-0,012	-0,009	-0,004	-0,002	-0,000	0,001	0,005	0,010	0,014	0,015	0,013	0,063	11,997
	run	11	2022:11:15    09:42:09,141
0,000	-3,809	-3,805	-3,778	-3,754	-3,737	-3,733	-3,731	-3,730	-3,728	-3,734	-3,736	-3,733	-3,733	-3,726	-3,720	0,003	0,034	0,044	0,035	0,024	0,014	0,014	0,007	0,006	0,003	0,003	0,007	0,010	0,014	0,010	0,046	10,913
1,000	-4,228	-3,695	-3,451	-3,134	-3,034	-2,982	-2,954	-2,936	-2,921	-2,912	-2,901	-2,894	-2,884	-2,874	-2,867	0,953	0,862	0,738	0,464	0,342	0,245	0,198	0,157	0,124	0,094	0,074	0,059	0,046	0,037	0,023	0,030	11,309
2,000	-2,660	-2,199	-1,984	-1,720	-1,638	-1,589	-1,560	-1,541	-1,521	-1,513	-1,501	-1,495	-1,488	-1,482	-1,478	0,883	0,768	0,652	0,405	0,304	0,224	0,184	0,148	0,117	0,090	0,068	0,053	0,039	0,028	0,014	0,024	11,917
3,000	-5,680	-5,365	-5,170	-4,861	-4,755	-4,696	-4,670	-4,657	-4,645	-4,642	-4,637	-4,637	-4,633	-4,621	-4,612	0,530	0,584	0,558	0,398	0,306	0,216	0,171	0,128	0,097	0,069	0,053	0,043	0,036	0,032	0,022	0,067	12,913
4,000	-3,172	-3,203	-3,180	-3,129	-3,101	-3,082	-3,076	-3,070	-3,058	-3,060	-3,053	-3,045	-3,031	-3,015	-2,995	-0,105	-0,008	0,024	0,056	0,054	0,048	0,044	0,039	0,038	0,032	0,037	0,038	0,039	0,039	0,029	0,042	12,444
5,000	-3,408	-3,503	-3,526	-3,548	-3,548	-3,543	-3,542	-3,543	-3,540	-3,540	-3,533	-3,532	-3,518	-3,497	-3,473	-0,206	-0,141	-0,104	-0,037	-0,017	-0,009	-0,002	0,000	0,007	0,014	0,022	0,032	0,038	0,045	0,037	0,051	11,353
6,000	-2,094	-2,127	-2,138	-2,134	-2,110	-2,098	-2,089	-2,084	-2,078	-2,078	-2,071	-2,069	-2,064	-2,055	-2,055	-0,070	-0,041	-0,021	0,016	0,020	0,024	0,023	0,023	0,011	0,016	0,005	0,020	0,014	0,010	0,013	0,027	11,660
7,000	-1,606	-1,626	-1,626	-1,632	-1,629	-1,633	-1,636	-1,638	-1,635	-1,641	-1,645	-1,645	-1,643	-1,640	-1,636	-0,029	-0,024	-0,014	-0,010	-0,009	-0,008	-0,006	-0,007	-0,006	-0,005	-0,003	-0,000	0,001	0,004	0,004	0,037	10,964
8,000	-5,126	-5,151	-5,143	-5,151	-5,138	-5,133	-5,133	-5,133	-5,136	-5,138	-5,138	-5,139	-5,141	-5,135	-5,133	-0,014	-0,003	-0,002	0,009	0,008	0,004	0,004	0,002	0,001	-0,003	-0,003	0,000	-0,003	0,001	0,003	0,059	10,920
9,000	-2,062	-2,060	-2,068	-2,052	-2,046	-2,043	-2,038	-2,036	-2,035	-2,028	-2,018	-2,015	-2,005	-1,979	-1,957	0,014	0,002	0,008	0,019	0,020	0,017	0,017	0,023	0,021	0,026	0,027	0,043	0,045	0,042	0,036	0,047	12,825
10,000	-1,506	-1,510	-1,489	-1,458	-1,428	-1,411	-1,404	-1,394	-1,388	-1,392	-1,387	-1,382	-1,381	-1,368	-1,355	-0,002	0,033	0,042	0,058	0,054	0,045	0,041	0,032	0,027	0,023	0,024	0,021	0,026	0,026	0,023	0,053	13,499
11,000	-2,980	-2,970	-2,950	-2,929	-2,910	-2,898	-2,892	-2,887	-2,875	-2,873	-2,868	-2,862	-2,854	-2,846	-2,837	0,013	0,029	0,037	0,043	0,043	0,035	0,037	0,034	0,032	0,028	0,025	0,027	0,024	0,021	0,016	0,038	13,374
12,000	-4,463	-4,470	-4,453	-4,442	-4,425	-4,423	-4,419	-4,418	-4,412	-4,419	-4,414	-4,408	-4,397	-4,375	-4,351	0,008	0,020	0,023	0,027	0,025	0,018	0,018	0,015	0,014	0,017	0,023	0,031	0,042	0,046	0,038	0,066	12,795
13,000	-1,942	-1,933	-1,939	-1,926	-1,919	-1,915	-1,910	-1,910	-1,904	-1,904	-1,899	-1,899	-1,890	-1,870	-1,850	0,013	0,006	0,005	0,019	0,019	0,013	0,014	0,014	0,014	0,018	0,021	0,027	0,032	0,037	0,033	0,043	11,638
14,000	-3,339	-3,420	-3,420	-3,445	-3,436	-3,434	-3,431	-3,429	-3,426	-3,429	-3,422	-3,418	-3,411	-3,390	-3,368	-0,130	-0,079	-0,060	-0,020	-0,004	0,001	0,005	0,007	0,010	0,012	0,019	0,027	0,032	0,040	0,031	0,051	11,558
15,000	-2,299	-2,347	-2,374	-2,384	-2,381	-2,382	-2,378	-2,378	-2,375	-2,379	-2,379	-2,378	-2,371	-2,364	-2,357	-0,112	-0,085	-0,064	-0,022	-0,013	-0,010	-0,003	-0,002	0,000	0,003	0,004	0,010	0,012	0,014	0,012	0,062	12,041
	run	12	2022:11:15    09:42:09,241
0,000	-3,813	-3,809	-3,781	-3,757	-3,741	-3,736	-3,735	-3,734	-3,733	-3,739	-3,740	-3,739	-3,738	-3,731	-3,724	-0,000	0,036	0,043	0,034	0,025	0,015	0,013	0,007	0,007	0,003	0,004	0,006	0,007	0,014	0,010	0,046	10,950
1,000	-4,212	-3,684	-3,442	-3,123	-3,023	-2,967	-2,942	-2,926	-2,907	-2,900	-2,888	-2,880	-2,874	-2,863	-2,856	0,946	0,854	0,739	0,462	0,342	0,245	0,197	0,156	0,123	0,095	0,073	0,059	0,046	0,037	0,022	0,030	11,353
2,000	-2,662	-2,198	-1,987	-1,719	-1,640	-1,588	-1,561	-1,541	-1,525	-1,514	-1,504	-1,495	-1,489	-1,482	-1,479	0,885	0,768	0,652	0,407	0,304	0,225	0,183	0,147	0,116	0,089	0,068	0,052	0,038	0,028	0,015	0,024	11,917
3,000	-5,703	-5,381	-5,187	-4,878	-4,773	-4,712	-4,688	-4,673	-4,660	-4,659	-4,657	-4,655	-4,649	-4,637	-4,626	0,537	0,586	0,560	0,407	0,304	0,217	0,173	0,128	0,095	0,070	0,049	0,043	0,037	0,032	0,022	0,067	12,927
4,000	-3,164	-3,198	-3,172	-3,123	-3,095	-3,077	-3,069	-3,061	-3,056	-3,052	-3,044	-3,037	-3,025	-3,010	-2,988	-0,103	-0,010	0,024	0,056	0,056	0,047	0,044	0,039	0,035	0,035	0,033	0,038	0,039	0,043	0,030	0,042	12,451
5,000	-3,437	-3,533	-3,559	-3,579	-3,575	-3,574	-3,572	-3,571	-3,571	-3,571	-3,565	-3,563	-3,549	-3,530	-3,501	-0,204	-0,140	-0,102	-0,039	-0,018	-0,009	-0,002	0,001	0,009	0,012	0,022	0,031	0,039	0,045	0,039	0,051	11,309
6,000	-2,113	-2,141	-2,145	-2,139	-2,122	-2,110	-2,102	-2,100	-2,097	-2,086	-2,075	-2,073	-2,077	-2,068	-2,062	-0,067	-0,041	-0,024	0,018	0,027	0,025	0,031	0,027	0,037	0,023	0,026	0,017	0,012	0,017	0,008	0,029	11,631
7,000	-1,639	-1,649	-1,647	-1,656	-1,656	-1,659	-1,659	-1,661	-1,663	-1,665	-1,667	-1,668	-1,670	-1,666	-1,664	-0,030	-0,020	-0,015	-0,010	-0,009	-0,010	-0,008	-0,007	-0,009	-0,007	-0,000	0,001	0,002	0,003	0,003	0,036	10,972
8,000	-5,105	-5,121	-5,122	-5,125	-5,117	-5,112	-5,110	-5,108	-5,108	-5,113	-5,115	-5,114	-5,116	-5,107	-5,110	-0,016	-0,014	-0,001	0,006	0,009	0,005	0,007	0,005	-0,001	-0,004	0,002	-0,001	-0,002	0,005	0,004	0,058	10,898
9,000	-2,126	-2,118	-2,131	-2,122	-2,117	-2,104	-2,104	-2,101	-2,094	-2,093	-2,087	-2,078	-2,064	-2,042	-2,016	0,014	-0,005	0,004	0,023	0,016	0,018	0,020	0,022	0,023	0,024	0,022	0,043	0,048	0,051	0,033	0,048	12,810
10,000	-1,506	-1,508	-1,489	-1,454	-1,425	-1,410	-1,401	-1,394	-1,388	-1,389	-1,390	-1,388	-1,377	-1,367	-1,354	-0,005	0,035	0,040	0,062	0,055	0,048	0,040	0,033	0,027	0,021	0,017	0,024	0,025	0,026	0,022	0,054	13,542
11,000	-2,996	-2,985	-2,971	-2,944	-2,928	-2,916	-2,908	-2,901	-2,896	-2,889	-2,885	-2,878	-2,871	-2,862	-2,854	0,014	0,028	0,036	0,043	0,043	0,037	0,034	0,034	0,032	0,028	0,025	0,025	0,023	0,023	0,015	0,039	13,359
12,000	-4,449	-4,456	-4,440	-4,427	-4,415	-4,410	-4,406	-4,408	-4,402	-4,409	-4,403	-4,397	-4,385	-4,363	-4,338	0,008	0,020	0,021	0,025	0,026	0,021	0,017	0,015	0,014	0,018	0,024	0,033	0,040	0,046	0,038	0,066	12,795
13,000	-1,938	-1,930	-1,937	-1,927	-1,918	-1,911	-1,908	-1,908	-1,901	-1,904	-1,903	-1,896	-1,885	-1,865	-1,849	0,009	0,005	0,005	0,019	0,015	0,013	0,015	0,013	0,017	0,020	0,020	0,025	0,035	0,033	0,033	0,043	11,660
14,000	-3,314	-3,391	-3,392	-3,417	-3,408	-3,407	-3,404	-3,404	-3,397	-3,401	-3,398	-3,391	-3,383	-3,365	-3,341	-0,124	-0,080	-0,058	-0,020	-0,006	-0,001	0,004	0,007	0,009	0,011	0,018	0,029	0,033	0,038	0,032	0,051	11,580
15,000	-2,279	-2,325	-2,355	-2,361	-2,361	-2,359	-2,359	-2,358	-2,357	-2,360	-2,360	-2,360	-2,352	-2,345	-2,337	-0,114	-0,084	-0,063	-0,022	-0,014	-0,008	-0,005	-0,004	-0,001	0,003	0,006	0,009	0,014	0,015	0,012	0,063	12,041
	run	13	2022:11:15    09:42:09,289
0,000	-3,770	-3,768	-3,741	-3,716	-3,702	-3,699	-3,697	-3,697	-3,695	-3,701	-3,701	-3,700	-3,698	-3,691	-3,686	0,002	0,034	0,038	0,032	0,025	0,014	0,012	0,009	0,006	0,004	0,002	0,007	0,009	0,013	0,010	0,046	10,935
1,000	-4,234	-3,706	-3,457	-3,139	-3,040	-2,988	-2,959	-2,943	-2,927	-2,916	-2,906	-2,899	-2,890	-2,880	-2,869	0,954	0,858	0,738	0,462	0,341	0,245	0,198	0,157	0,123	0,095	0,075	0,059	0,047	0,037	0,023	0,030	11,331
2,000	-2,662	-2,198	-1,987	-1,719	-1,640	-1,588	-1,561	-1,541	-1,525	-1,514	-1,504	-1,495	-1,489	-1,482	-1,479	0,885	0,768	0,652	0,407	0,304	0,225	0,183	0,147	0,116	0,089	0,068	0,052	0,038	0,028	0,015	0,024	11,917
3,000	-5,703	-5,381	-5,187	-4,878	-4,773	-4,712	-4,688	-4,673	-4,660	-4,659	-4,657	-4,655	-4,649	-4,637	-4,626	0,537	0,586	0,560	0,407	0,304	0,217	0,173	0,128	0,095	0,070	0,049	0,043	0,037	0,032	0,022	0,067	12,927
4,000	-3,164	-3,198	-3,172	-3,123	-3,095	-3,077	-3,069	-3,061	-3,056	-3,052	-3,044	-3,037	-3,025	-3,010	-2,988	-0,103	-0,010	0,024	0,056	0,056	0,047	0,044	0,039	0,035	0,035	0,033	0,038	0,039	0,043	0,030	0,042	12,451
5,000	-3,437	-3,533	-3,559	-3,579	-3,575	-3,574	-3,572	-3,571	-3,571	-3,571	-3,565	-3,563	-3,549	-3,530	-3,501	-0,204	-0,140	-0,102	-0,039	-0,018	-0,009	-0,002	0,001	0,009	0,012	0,022	0,031	0,039	0,045	0,039	0,051	11,309
6,000	-2,113	-2,141	-2,145	-2,139	-2,122	-2,110	-2,102	-2,100	-2,097	-2,086	-2,075	-2,073	-2,077	-2,068	-2,062	-0,067	-0,041	-0,024	0,018	0,027	0,025	0,031	0,027	0,037	0,023	0,026	0,017	0,012	0,017	0,008	0,029	11,631
7,000	-1,639	-1,649	-1,647	-1,656	-1,656	-1,659	-1,659	-1,661	-1,663	-1,665	-1,667	-1,668	-1,670	-1,666	-1,664	-0,030	-0,020	-0,015	-0,010	-0,009	-0,010	-0,008	-0,007	-0,009	-0,007	-0,000	0,001	0,002	0,003	0,003	0,036	10,972
8,000	-5,131	-5,156	-5,147	-5,154	-5,142	-5,139	-5,137	-5,136	-5,133	-5,139	-5,136	-5,139	-5,140	-5,137	-5,135	-0,013	-0,005	-0,004	0,007	0,007	0,003	0,006	0,004	0,001	-0,002	-0,000	0,000	0,001	0,004	0,001	0,059	10,920
9,000	-2,129	-2,114	-2,126	-2,118	-2,105	-2,101	-2,097	-2,095	-2,091	-2,088	-2,085	-2,077	-2,063	-2,041	-2,016	0,021	-0,005	0,006	0,013	0,025	0,016	0,022	0,024	0,020	0,025	0,029	0,036	0,045	0,045	0,035	0,049	12,825
10,000	-1,506	-1,514	-1,490	-1,453	-1,428	-1,410	-1,401	-1,392	-1,386	-1,390	-1,386	-1,387	-1,376	-1,365	-1,355	-0,002	0,035	0,039	0,060	0,055	0,046	0,040	0,030	0,024	0,022	0,020	0,023	0,026	0,026	0,024	0,053	13,521
11,000	-2,983	-2,970	-2,955	-2,929	-2,913	-2,903	-2,895	-2,889	-2,877	-2,874	-2,869	-2,863	-2,858	-2,848	-2,840	0,012	0,026	0,030	0,046	0,043	0,037	0,036	0,033	0,031	0,026	0,027	0,024	0,022	0,022	0,015	0,038	13,359
12,000	-4,423	-4,431	-4,416	-4,405	-4,390	-4,384	-4,382	-4,380	-4,378	-4,381	-4,379	-4,372	-4,362	-4,341	-4,316	0,010	0,019	0,022	0,025	0,025	0,017	0,016	0,016	0,015	0,017	0,025	0,030	0,040	0,047	0,037	0,065	12,810
13,000	-1,930	-1,922	-1,930	-1,915	-1,910	-1,901	-1,899	-1,894	-1,886	-1,895	-1,894	-1,886	-1,879	-1,862	-1,841	0,011	0,007	0,005	0,016	0,017	0,014	0,015	0,017	0,018	0,017	0,024	0,025	0,038	0,035	0,032	0,043	11,653
14,000	-3,310	-3,387	-3,389	-3,412	-3,403	-3,402	-3,400	-3,398	-3,394	-3,397	-3,393	-3,386	-3,378	-3,358	-3,339	-0,121	-0,078	-0,057	-0,020	-0,005	-0,001	0,005	0,008	0,010	0,013	0,018	0,027	0,033	0,040	0,030	0,051	11,587
15,000	-2,282	-2,327	-2,358	-2,363	-2,362	-2,362	-2,360	-2,359	-2,355	-2,360	-2,362	-2,359	-2,354	-2,346	-2,339	-0,111	-0,085	-0,065	-0,022	-0,013	-0,009	-0,004	-0,002	-0,000	0,003	0,005	0,008	0,012	0,015	0,013	0,063	12,048
	run	14	2022:11:15    09:42:09,389
0,000	-3,807	-3,803	-3,775	-3,750	-3,736	-3,730	-3,729	-3,728	-3,727	-3,733	-3,732	-3,733	-3,731	-3,723	-3,718	0,001	0,035	0,042	0,034	0,022	0,015	0,012	0,007	0,005	0,002	0,005	0,007	0,009	0,012	0,009	0,045	10,920
1,000	-4,234	-3,703	-3,459	-3,138	-3,038	-2,982	-2,958	-2,941	-2,924	-2,913	-2,903	-2,893	-2,887	-2,874	-2,867	0,958	0,863	0,742	0,467	0,345	0,249	0,198	0,159	0,125	0,096	0,074	0,059	0,046	0,035	0,022	0,030	11,309
2,000	-2,680	-2,214	-1,997	-1,732	-1,648	-1,598	-1,571	-1,551	-1,531	-1,523	-1,510	-1,505	-1,497	-1,491	-1,486	0,890	0,773	0,655	0,410	0,307	0,227	0,184	0,150	0,115	0,091	0,067	0,049	0,039	0,026	0,015	0,025	11,895
3,000	-5,731	-5,409	-5,212	-4,901	-4,794	-4,733	-4,707	-4,692	-4,680	-4,681	-4,673	-4,670	-4,667	-4,661	-4,648	0,540	0,591	0,564	0,407	0,311	0,221	0,170	0,132	0,095	0,072	0,053	0,041	0,035	0,029	0,019	0,068	12,891
4,000	-3,166	-3,200	-3,177	-3,128	-3,097	-3,083	-3,076	-3,066	-3,063	-3,058	-3,049	-3,041	-3,031	-3,011	-2,994	-0,102	-0,012	0,027	0,055	0,057	0,046	0,040	0,038	0,039	0,037	0,039	0,040	0,041	0,042	0,032	0,042	12,422
5,000	-3,449	-3,542	-3,572	-3,592	-3,587	-3,587	-3,584	-3,586	-3,583	-3,583	-3,578	-3,576	-3,564	-3,540	-3,515	-0,205	-0,142	-0,102	-0,039	-0,015	-0,009	-0,000	-0,003	0,006	0,012	0,022	0,033	0,040	0,047	0,038	0,050	11,294
6,000	-2,113	-2,146	-2,155	-2,150	-2,136	-2,121	-2,111	-2,107	-2,102	-2,097	-2,090	-2,087	-2,083	-2,071	-2,072	-0,065	-0,044	-0,024	0,019	0,028	0,030	0,024	0,020	0,026	0,017	0,020	0,023	0,020	0,020	0,013	0,028	11,638
7,000	-1,626	-1,641	-1,639	-1,647	-1,645	-1,647	-1,652	-1,652	-1,652	-1,655	-1,658	-1,658	-1,655	-1,656	-1,654	-0,033	-0,018	-0,014	-0,007	-0,006	-0,007	-0,007	-0,005	-0,007	-0,004	-0,004	-0,001	0,003	0,001	0,004	0,036	10,942
8,000	-5,157	-5,176	-5,178	-5,178	-5,164	-5,166	-5,163	-5,163	-5,160	-5,161	-5,166	-5,168	-5,166	-5,161	-5,164	-0,011	-0,013	-0,006	0,004	0,006	0,006	0,001	0,005	0,002	-0,004	-0,001	0,002	-0,005	0,003	0,001	0,059	10,884
9,000	-2,098	-2,085	-2,094	-2,087	-2,077	-2,072	-2,069	-2,061	-2,060	-2,060	-2,054	-2,041	-2,029	-2,007	-1,981	0,024	0,003	0,004	0,024	0,020	0,021	0,024	0,025	0,029	0,028	0,037	0,037	0,048	0,048	0,041	0,048	12,795
10,000	-1,507	-1,513	-1,496	-1,459	-1,429	-1,413	-1,404	-1,395	-1,392	-1,390	-1,392	-1,385	-1,376	-1,369	-1,355	0,000	0,032	0,035	0,061	0,053	0,046	0,040	0,029	0,024	0,022	0,021	0,022	0,026	0,029	0,022	0,054	13,499
11,000	-2,977	-2,965	-2,952	-2,931	-2,908	-2,896	-2,890	-2,884	-2,877	-2,872	-2,867	-2,860	-2,857	-2,844	-2,838	0,009	0,022	0,031	0,042	0,044	0,035	0,035	0,031	0,031	0,026	0,026	0,026	0,022	0,021	0,016	0,038	13,374
12,000	-4,423	-4,425	-4,411	-4,401	-4,386	-4,382	-4,380	-4,378	-4,376	-4,378	-4,374	-4,368	-4,359	-4,335	-4,312	0,008	0,022	0,023	0,027	0,024	0,021	0,017	0,016	0,015	0,018	0,025	0,031	0,041	0,045	0,037	0,066	12,825
13,000	-1,936	-1,919	-1,928	-1,917	-1,910	-1,905	-1,901	-1,899	-1,894	-1,894	-1,892	-1,890	-1,877	-1,860	-1,841	0,011	0,004	0,006	0,016	0,015	0,016	0,012	0,015	0,019	0,017	0,024	0,026	0,038	0,038	0,030	0,043	11,675
14,000	-3,311	-3,389	-3,391	-3,412	-3,402	-3,401	-3,402	-3,398	-3,395	-3,397	-3,390	-3,389	-3,378	-3,360	-3,338	-0,123	-0,083	-0,062	-0,022	-0,004	0,000	0,005	0,010	0,010	0,013	0,017	0,027	0,033	0,039	0,030	0,051	11,587
15,000	-2,279	-2,333	-2,360	-2,368	-2,369	-2,367	-2,364	-2,365	-2,362	-2,366	-2,365	-2,363	-2,358	-2,351	-2,344	-0,116	-0,085	-0,063	-0,021	-0,013	-0,009	-0,003	-0,004	0,001	0,002	0,005	0,009	0,014	0,017	0,013	0,062	12,063
	run	15	2022:11:15    09:42:09,441
0,000	-3,807	-3,803	-3,775	-3,750	-3,736	-3,730	-3,729	-3,728	-3,727	-3,733	-3,732	-3,733	-3,731	-3,723	-3,718	0,001	0,035	0,042	0,034	0,022	0,015	0,012	0,007	0,005	0,002	0,005	0,007	0,009	0,012	0,009	0,045	10,920
1,000	-4,234	-3,703	-3,459	-3,138	-3,038	-2,982	-2,958	-2,941	-2,924	-2,913	-2,903	-2,893	-2,887	-2,874	-2,867	0,958	0,863	0,742	0,467	0,345	0,249	0,198	0,159	0,125	0,096	0,074	0,059	0,046	0,035	0,022	0,030	11,309
2,000	-2,680	-2,214	-1,997	-1,732	-1,648	-1,598	-1,571	-1,551	-1,531	-1,523	-1,510	-1,505	-1,497	-1,491	-1,486	0,890	0,773	0,655	0,410	0,307	0,227	0,184	0,150	0,115	0,091	0,067	0,049	0,039	0,026	0,015	0,025	11,895
3,000	-5,731	-5,409	-5,212	-4,901	-4,794	-4,733	-4,707	-4,692	-4,680	-4,681	-4,673	-4,670	-4,667	-4,661	-4,648	0,540	0,591	0,564	0,407	0,311	0,221	0,170	0,132	0,095	0,072	0,053	0,041	0,035	0,029	0,019	0,068	12,891
4,000	-3,166	-3,200	-3,177	-3,128	-3,097	-3,083	-3,076	-3,066	-3,063	-3,058	-3,049	-3,041	-3,031	-3,011	-2,994	-0,102	-0,012	0,027	0,055	0,057	0,046	0,040	0,038	0,039	0,037	0,039	0,040	0,041	0,042	0,032	0,042	12,422
5,000	-3,449	-3,542	-3,572	-3,592	-3,587	-3,587	-3,584	-3,586	-3,583	-3,583	-3,578	-3,576	-3,564	-3,540	-3,515	-0,205	-0,142	-0,102	-0,039	-0,015	-0,009	-0,000	-0,003	0,006	0,012	0,022	0,033	0,040	0,047	0,038	0,050	11,294
6,000	-2,106	-2,145	-2,151	-2,144	-2,128	-2,111	-2,104	-2,097	-2,087	-2,089	-2,080	-2,080	-2,084	-2,074	-2,066	-0,067	-0,047	-0,026	0,018	0,029	0,026	0,026	0,025	0,012	0,018	0,010	0,015	0,013	0,019	0,011	0,028	11,609
7,000	-1,635	-1,655	-1,650	-1,660	-1,658	-1,662	-1,664	-1,665	-1,667	-1,671	-1,672	-1,672	-1,672	-1,670	-1,669	-0,031	-0,016	-0,015	-0,010	-0,008	-0,010	-0,009	-0,007	-0,006	-0,006	-0,004	-0,002	-0,001	0,005	0,003	0,036	10,928
8,000	-5,113	-5,127	-5,122	-5,128	-5,120	-5,112	-5,110	-5,113	-5,109	-5,115	-5,118	-5,116	-5,119	-5,108	-5,111	-0,008	-0,009	-0,004	0,006	0,009	0,006	-0,001	0,003	-0,009	-0,004	-0,006	-0,003	0,006	0,002	0,001	0,058	10,898
9,000	-2,100	-2,094	-2,110	-2,101	-2,092	-2,086	-2,078	-2,077	-2,078	-2,072	-2,066	-2,061	-2,045	-2,024	-1,999	0,019	-0,002	0,008	0,021	0,021	0,015	0,019	0,020	0,028	0,025	0,027	0,037	0,045	0,046	0,035	0,048	12,825
10,000	-1,495	-1,498	-1,478	-1,445	-1,417	-1,400	-1,393	-1,385	-1,377	-1,378	-1,380	-1,377	-1,368	-1,358	-1,347	-0,006	0,035	0,039	0,057	0,053	0,044	0,042	0,031	0,021	0,021	0,018	0,022	0,026	0,027	0,025	0,054	13,550
11,000	-2,967	-2,960	-2,944	-2,918	-2,903	-2,890	-2,883	-2,876	-2,869	-2,865	-2,859	-2,854	-2,847	-2,839	-2,830	0,010	0,029	0,032	0,043	0,043	0,036	0,034	0,034	0,029	0,027	0,023	0,023	0,025	0,023	0,015	0,038	13,389
12,000	-4,419	-4,420	-4,406	-4,399	-4,383	-4,376	-4,375	-4,372	-4,370	-4,372	-4,372	-4,363	-4,353	-4,332	-4,305	0,014	0,022	0,024	0,028	0,027	0,018	0,017	0,015	0,016	0,013	0,025	0,032	0,041	0,044	0,038	0,065	12,832
13,000	-1,938	-1,919	-1,931	-1,919	-1,909	-1,905	-1,899	-1,898	-1,892	-1,898	-1,897	-1,887	-1,880	-1,861	-1,843	0,009	0,007	0,006	0,017	0,018	0,012	0,015	0,015	0,016	0,016	0,019	0,024	0,034	0,037	0,027	0,043	11,675
14,000	-3,323	-3,401	-3,403	-3,428	-3,419	-3,417	-3,415	-3,412	-3,410	-3,413	-3,408	-3,402	-3,394	-3,373	-3,352	-0,125	-0,080	-0,061	-0,021	-0,005	-0,001	0,006	0,009	0,010	0,011	0,018	0,027	0,035	0,038	0,032	0,051	11,594
15,000	-2,301	-2,351	-2,377	-2,386	-2,384	-2,384	-2,380	-2,381	-2,376	-2,381	-2,384	-2,382	-2,375	-2,369	-2,360	-0,112	-0,084	-0,066	-0,025	-0,013	-0,008	-0,004	-0,002	0,000	0,002	0,005	0,008	0,013	0,014	0,014	0,063	12,041
	run	16	2022:11:15    09:42:09,542
0,000	-3,839	-3,836	-3,810	-3,784	-3,769	-3,763	-3,763	-3,762	-3,763	-3,767	-3,769	-3,768	-3,768	-3,758	-3,754	0,005	0,035	0,044	0,033	0,026	0,014	0,011	0,006	0,006	0,003	0,003	0,007	0,009	0,013	0,009	0,046	10,869
1,000	-4,271	-3,736	-3,491	-3,166	-3,066	-3,009	-2,985	-2,965	-2,948	-2,937	-2,928	-2,920	-2,913	-2,900	-2,891	0,966	0,873	0,749	0,470	0,350	0,250	0,202	0,163	0,127	0,097	0,076	0,060	0,047	0,037	0,022	0,030	11,257
2,000	-2,691	-2,227	-2,011	-1,742	-1,659	-1,606	-1,579	-1,560	-1,543	-1,531	-1,519	-1,512	-1,506	-1,498	-1,496	0,892	0,776	0,658	0,410	0,309	0,229	0,187	0,150	0,118	0,090	0,069	0,053	0,039	0,028	0,016	0,024	11,880
3,000	-5,729	-5,409	-5,214	-4,906	-4,799	-4,737	-4,712	-4,697	-4,684	-4,687	-4,680	-4,677	-4,673	-4,661	-4,653	0,534	0,589	0,561	0,405	0,309	0,219	0,172	0,133	0,098	0,071	0,054	0,044	0,038	0,031	0,023	0,067	12,869
4,000	-3,173	-3,202	-3,176	-3,128	-3,096	-3,086	-3,077	-3,068	-3,057	-3,056	-3,049	-3,039	-3,030	-3,014	-2,993	-0,109	-0,009	0,026	0,054	0,054	0,044	0,045	0,039	0,038	0,033	0,034	0,037	0,041	0,040	0,030	0,042	12,444
5,000	-3,433	-3,527	-3,559	-3,577	-3,573	-3,572	-3,569	-3,568	-3,567	-3,567	-3,565	-3,562	-3,545	-3,527	-3,501	-0,207	-0,141	-0,100	-0,040	-0,017	-0,009	-0,002	0,001	0,006	0,014	0,024	0,032	0,040	0,046	0,037	0,050	11,309
6,000	-2,094	-2,133	-2,141	-2,135	-2,116	-2,105	-2,096	-2,090	-2,084	-2,082	-2,080	-2,077	-2,069	-2,062	-2,053	-0,070	-0,046	-0,022	0,015	0,027	0,028	0,029	0,026	0,026	0,017	0,017	0,021	0,020	0,016	0,012	0,028	11,624
7,000	-1,611	-1,627	-1,624	-1,636	-1,633	-1,636	-1,637	-1,641	-1,640	-1,646	-1,647	-1,649	-1,649	-1,646	-1,643	-0,032	-0,018	-0,016	-0,010	-0,009	-0,009	-0,006	-0,009	-0,006	-0,005	-0,004	-0,003	-0,001	0,003	0,002	0,036	10,972
8,000	-5,114	-5,127	-5,125	-5,127	-5,115	-5,112	-5,110	-5,110	-5,105	-5,111	-5,112	-5,111	-5,114	-5,113	-5,108	-0,021	-0,010	-0,004	0,007	0,010	0,006	0,003	0,002	0,001	-0,000	-0,003	-0,001	0,000	0,001	0,001	0,058	10,942
9,000	-2,073	-2,066	-2,076	-2,072	-2,063	-2,059	-2,053	-2,054	-2,043	-2,044	-2,034	-2,028	-2,020	-1,998	-1,974	0,019	-0,004	0,000	0,014	0,020	0,016	0,019	0,020	0,021	0,023	0,032	0,041	0,047	0,046	0,034	0,048	12,869
10,000	-1,496	-1,498	-1,481	-1,446	-1,416	-1,402	-1,391	-1,387	-1,378	-1,382	-1,382	-1,379	-1,371	-1,360	-1,345	-0,003	0,034	0,041	0,057	0,053	0,048	0,040	0,030	0,026	0,024	0,024	0,020	0,026	0,024	0,021	0,053	13,557
11,000	-2,956	-2,945	-2,930	-2,907	-2,888	-2,876	-2,870	-2,863	-2,856	-2,850	-2,846	-2,841	-2,834	-2,826	-2,817	0,013	0,027	0,033	0,043	0,042	0,035	0,036	0,032	0,031	0,025	0,027	0,024	0,022	0,021	0,014	0,038	13,389
12,000	-4,417	-4,420	-4,402	-4,393	-4,380	-4,375	-4,371	-4,368	-4,367	-4,371	-4,366	-4,361	-4,351	-4,330	-4,303	0,013	0,022	0,024	0,028	0,023	0,019	0,016	0,015	0,017	0,018	0,025	0,032	0,040	0,046	0,038	0,064	12,832
13,000	-1,935	-1,921	-1,932	-1,917	-1,909	-1,905	-1,901	-1,897	-1,893	-1,896	-1,894	-1,892	-1,878	-1,860	-1,842	0,005	0,004	0,006	0,016	0,015	0,013	0,012	0,017	0,014	0,015	0,020	0,027	0,038	0,036	0,031	0,042	11,667
14,000	-3,338	-3,416	-3,417	-3,442	-3,436	-3,431	-3,429	-3,428	-3,426	-3,428	-3,424	-3,418	-3,409	-3,390	-3,368	-0,126	-0,082	-0,062	-0,019	-0,004	-0,000	0,004	0,008	0,011	0,013	0,019	0,026	0,034	0,040	0,030	0,051	11,580
15,000	-2,314	-2,363	-2,391	-2,397	-2,397	-2,396	-2,394	-2,393	-2,392	-2,394	-2,394	-2,393	-2,387	-2,378	-2,373	-0,111	-0,084	-0,064	-0,022	-0,012	-0,007	-0,004	-0,001	-0,001	0,003	0,005	0,010	0,013	0,016	0,014	0,063	12,026
	run	17	2022:11:15    09:42:09,641
0,000	-3,859	-3,854	-3,826	-3,799	-3,785	-3,781	-3,780	-3,781	-3,780	-3,785	-3,785	-3,784	-3,782	-3,776	-3,767	0,002	0,037	0,045	0,034	0,025	0,014	0,012	0,007	0,005	0,001	0,004	0,008	0,011	0,014	0,010	0,046	10,847
1,000	-4,290	-3,749	-3,502	-3,179	-3,077	-3,020	-2,991	-2,974	-2,957	-2,946	-2,934	-2,926	-2,919	-2,908	-2,899	0,974	0,872	0,751	0,476	0,351	0,254	0,203	0,163	0,128	0,099	0,077	0,060	0,047	0,038	0,022	0,030	11,243
2,000	-2,693	-2,232	-2,012	-1,744	-1,663	-1,608	-1,583	-1,561	-1,544	-1,532	-1,521	-1,514	-1,507	-1,500	-1,497	0,897	0,777	0,658	0,409	0,310	0,229	0,186	0,149	0,117	0,093	0,069	0,055	0,040	0,030	0,014	0,026	11,858
3,000	-5,745	-5,422	-5,227	-4,917	-4,813	-4,751	-4,724	-4,708	-4,696	-4,696	-4,694	-4,686	-4,683	-4,672	-4,663	0,539	0,584	0,560	0,407	0,310	0,222	0,173	0,132	0,099	0,071	0,053	0,043	0,039	0,034	0,022	0,068	12,861
4,000	-3,167	-3,199	-3,177	-3,128	-3,101	-3,083	-3,076	-3,066	-3,060	-3,059	-3,048	-3,043	-3,032	-3,014	-2,993	-0,108	-0,010	0,025	0,057	0,052	0,044	0,042	0,038	0,035	0,035	0,035	0,038	0,040	0,042	0,032	0,041	12,415
5,000	-3,431	-3,521	-3,548	-3,571	-3,567	-3,565	-3,562	-3,564	-3,559	-3,560	-3,557	-3,552	-3,541	-3,520	-3,494	-0,209	-0,139	-0,099	-0,039	-0,017	-0,008	-0,002	-0,001	0,007	0,012	0,023	0,032	0,039	0,044	0,037	0,050	11,301
6,000	-2,079	-2,113	-2,126	-2,117	-2,098	-2,085	-2,077	-2,074	-2,061	-2,062	-2,062	-2,057	-2,055	-2,046	-2,040	-0,075	-0,041	-0,021	0,014	0,025	0,027	0,025	0,021	0,024	0,020	0,016	0,014	0,014	0,014	0,011	0,026	11,631
7,000	-1,609	-1,614	-1,620	-1,626	-1,626	-1,629	-1,631	-1,632	-1,635	-1,638	-1,638	-1,641	-1,643	-1,639	-1,634	-0,025	-0,016	-0,016	-0,014	-0,007	-0,010	-0,010	-0,010	-0,008	-0,007	-0,002	-0,003	-0,000	0,002	0,004	0,037	10,972
8,000	-5,088	-5,101	-5,107	-5,108	-5,097	-5,091	-5,090	-5,091	-5,086	-5,094	-5,095	-5,097	-5,095	-5,095	-5,087	-0,011	-0,008	-0,002	0,007	0,006	0,005	0,004	0,005	-0,001	-0,004	-0,003	-0,003	0,000	0,004	0,002	0,059	10,964
9,000	-2,065	-2,045	-2,058	-2,053	-2,044	-2,039	-2,032	-2,034	-2,025	-2,026	-2,019	-2,012	-1,995	-1,975	-1,953	0,008	0,001	0,004	0,016	0,016	0,019	0,020	0,019	0,022	0,023	0,028	0,037	0,042	0,048	0,035	0,048	12,861
10,000	-1,492	-1,502	-1,483	-1,450	-1,420	-1,402	-1,394	-1,388	-1,384	-1,382	-1,383	-1,380	-1,372	-1,360	-1,349	-0,004	0,029	0,038	0,059	0,055	0,046	0,038	0,030	0,025	0,022	0,020	0,021	0,028	0,026	0,022	0,054	13,550
11,000	-2,964	-2,955	-2,940	-2,916	-2,898	-2,887	-2,877	-2,872	-2,865	-2,858	-2,855	-2,848	-2,841	-2,833	-2,825	0,014	0,027	0,033	0,044	0,043	0,036	0,037	0,032	0,032	0,026	0,027	0,026	0,022	0,021	0,014	0,038	13,403
12,000	-4,409	-4,418	-4,401	-4,390	-4,378	-4,369	-4,368	-4,364	-4,363	-4,367	-4,365	-4,357	-4,347	-4,325	-4,300	0,013	0,022	0,021	0,026	0,024	0,017	0,019	0,015	0,015	0,016	0,024	0,034	0,041	0,046	0,037	0,065	12,839
13,000	-1,937	-1,927	-1,935	-1,924	-1,917	-1,909	-1,904	-1,904	-1,896	-1,903	-1,899	-1,897	-1,885	-1,865	-1,846	0,011	0,005	0,005	0,020	0,014	0,015	0,016	0,018	0,016	0,015	0,022	0,029	0,035	0,038	0,032	0,043	11,667
14,000	-3,349	-3,424	-3,429	-3,453	-3,444	-3,443	-3,439	-3,438	-3,434	-3,437	-3,434	-3,429	-3,417	-3,400	-3,377	-0,121	-0,080	-0,061	-0,020	-0,005	0,001	0,004	0,007	0,010	0,011	0,020	0,027	0,035	0,040	0,032	0,051	11,572
15,000	-2,324	-2,370	-2,398	-2,408	-2,404	-2,403	-2,400	-2,400	-2,397	-2,400	-2,401	-2,399	-2,394	-2,387	-2,377	-0,115	-0,083	-0,061	-0,022	-0,013	-0,008	-0,002	-0,001	0,001	0,003	0,005	0,009	0,013	0,017	0,013	0,063	12,034
	run	18	2022:11:15    09:42:09,690
0,000	-3,871	-3,868	-3,842	-3,814	-3,797	-3,795	-3,794	-3,793	-3,794	-3,798	-3,800	-3,798	-3,797	-3,791	-3,781	0,003	0,036	0,046	0,033	0,025	0,014	0,011	0,009	0,004	0,002	0,005	0,005	0,010	0,014	0,011	0,047	10,884
1,000	-4,278	-3,748	-3,501	-3,176	-3,073	-3,015	-2,989	-2,971	-2,953	-2,942	-2,932	-2,923	-2,914	-2,903	-2,895	0,969	0,873	0,749	0,476	0,351	0,255	0,204	0,163	0,126	0,098	0,077	0,062	0,046	0,037	0,023	0,030	11,265
2,000	-2,693	-2,232	-2,012	-1,744	-1,663	-1,608	-1,583	-1,561	-1,544	-1,532	-1,521	-1,514	-1,507	-1,500	-1,497	0,897	0,777	0,658	0,409	0,310	0,229	0,186	0,149	0,117	0,093	0,069	0,055	0,040	0,030	0,014	0,026	11,858
3,000	-5,745	-5,422	-5,227	-4,917	-4,813	-4,751	-4,724	-4,708	-4,696	-4,696	-4,694	-4,686	-4,683	-4,672	-4,663	0,539	0,584	0,560	0,407	0,310	0,222	0,173	0,132	0,099	0,071	0,053	0,043	0,039	0,034	0,022	0,068	12,861
4,000	-3,167	-3,199	-3,177	-3,128	-3,101	-3,083	-3,076	-3,066	-3,060	-3,059	-3,048	-3,043	-3,032	-3,014	-2,993	-0,108	-0,010	0,025	0,057	0,052	0,044	0,042	0,038	0,035	0,035	0,035	0,038	0,040	0,042	0,032	0,041	12,415
5,000	-3,431	-3,521	-3,548	-3,571	-3,567	-3,565	-3,562	-3,564	-3,559	-3,560	-3,557	-3,552	-3,541	-3,520	-3,494	-0,209	-0,139	-0,099	-0,039	-0,017	-0,008	-0,002	-0,001	0,007	0,012	0,023	0,032	0,039	0,044	0,037	0,050	11,301
6,000	-2,079	-2,113	-2,126	-2,117	-2,098	-2,085	-2,077	-2,074	-2,061	-2,062	-2,062	-2,057	-2,055	-2,046	-2,040	-0,075	-0,041	-0,021	0,014	0,025	0,027	0,025	0,021	0,024	0,020	0,016	0,014	0,014	0,014	0,011	0,026	11,631
7,000	-1,609	-1,614	-1,620	-1,626	-1,626	-1,629	-1,631	-1,632	-1,635	-1,638	-1,638	-1,641	-1,643	-1,639	-1,634	-0,025	-0,016	-0,016	-0,014	-0,007	-0,010	-0,010	-0,010	-0,008	-0,007	-0,002	-0,003	-0,000	0,002	0,004	0,037	10,972
8,000	-5,070	-5,090	-5,086	-5,089	-5,077	-5,073	-5,071	-5,071	-5,068	-5,077	-5,074	-5,075	-5,077	-5,072	-5,070	-0,017	-0,007	-0,001	0,010	0,010	0,005	0,004	0,001	0,000	-0,006	-0,002	0,001	0,002	0,003	0,001	0,059	10,964
9,000	-2,045	-2,031	-2,048	-2,039	-2,032	-2,025	-2,025	-2,021	-2,016	-2,013	-2,013	-1,998	-1,991	-1,967	-1,944	0,013	-0,001	0,003	0,014	0,017	0,017	0,017	0,021	0,020	0,024	0,028	0,035	0,043	0,047	0,033	0,047	12,883
10,000	-1,491	-1,493	-1,475	-1,443	-1,415	-1,398	-1,391	-1,383	-1,377	-1,377	-1,377	-1,375	-1,367	-1,354	-1,343	-0,001	0,031	0,036	0,054	0,054	0,047	0,040	0,031	0,023	0,024	0,019	0,022	0,027	0,027	0,021	0,053	13,572
11,000	-2,958	-2,945	-2,931	-2,905	-2,887	-2,875	-2,869	-2,865	-2,854	-2,852	-2,844	-2,839	-2,834	-2,826	-2,818	0,014	0,025	0,033	0,043	0,041	0,035	0,037	0,033	0,030	0,025	0,026	0,024	0,024	0,020	0,016	0,038	13,418
12,000	-4,436	-4,443	-4,425	-4,416	-4,400	-4,392	-4,395	-4,392	-4,388	-4,392	-4,389	-4,382	-4,374	-4,351	-4,325	0,011	0,024	0,024	0,027	0,023	0,019	0,017	0,015	0,015	0,016	0,022	0,033	0,041	0,047	0,038	0,065	12,825
13,000	-1,943	-1,934	-1,937	-1,930	-1,922	-1,914	-1,911	-1,910	-1,901	-1,905	-1,904	-1,895	-1,885	-1,870	-1,852	0,011	0,006	0,008	0,017	0,016	0,017	0,019	0,016	0,018	0,019	0,023	0,026	0,034	0,036	0,033	0,043	11,660
14,000	-3,353	-3,434	-3,434	-3,456	-3,449	-3,447	-3,446	-3,444	-3,440	-3,444	-3,436	-3,432	-3,424	-3,403	-3,382	-0,125	-0,081	-0,063	-0,020	-0,004	-0,000	0,004	0,009	0,011	0,010	0,019	0,028	0,037	0,041	0,030	0,052	11,558
15,000	-2,321	-2,370	-2,396	-2,405	-2,403	-2,403	-2,401	-2,401	-2,397	-2,400	-2,401	-2,399	-2,393	-2,384	-2,378	-0,117	-0,084	-0,065	-0,022	-0,014	-0,009	-0,004	-0,001	0,001	0,004	0,005	0,010	0,014	0,017	0,012	0,063	12,019
	run	19	2022:11:15    09:42:09,789
0,000	-3,839	-3,831	-3,805	-3,779	-3,764	-3,760	-3,757	-3,759	-3,757	-3,765	-3,766	-3,764	-3,762	-3,754	-3,749	0,001	0,036	0,046	0,033	0,025	0,013	0,011	0,008	0,004	0,002	0,005	0,007	0,009	0,014	0,011	0,046	10,891
1,000	-4,265	-3,732	-3,487	-3,165	-3,064	-3,005	-2,979	-2,960	-2,944	-2,935	-2,924	-2,915	-2,906	-2,894	-2,887	0,971	0,864	0,747	0,472	0,351	0,253	0,202	0,160	0,126	0,096	0,074	0,061	0,047	0,037	0,022	0,029	11,279
2,000	-2,688	-2,228	-2,006	-1,741	-1,658	-1,605	-1,576	-1,558	-1,540	-1,532	-1,517	-1,510	-1,505	-1,495	-1,493	0,896	0,776	0,659	0,410	0,308	0,228	0,188	0,147	0,119	0,091	0,070	0,053	0,040	0,026	0,017	0,024	11,887
3,000	-5,741	-5,421	-5,221	-4,912	-4,805	-4,744	-4,718	-4,703	-4,690	-4,690	-4,687	-4,682	-4,680	-4,667	-4,655	0,540	0,587	0,561	0,406	0,309	0,222	0,171	0,134	0,099	0,069	0,055	0,044	0,034	0,034	0,022	0,066	12,876
4,000	-3,192	-3,218	-3,194	-3,147	-3,115	-3,099	-3,091	-3,084	-3,075	-3,074	-3,067	-3,059	-3,047	-3,029	-3,009	-0,101	-0,015	0,027	0,055	0,054	0,046	0,044	0,040	0,034	0,035	0,036	0,040	0,039	0,041	0,032	0,041	12,451
5,000	-3,433	-3,528	-3,553	-3,573	-3,568	-3,568	-3,564	-3,564	-3,563	-3,562	-3,560	-3,556	-3,541	-3,522	-3,495	-0,205	-0,140	-0,100	-0,039	-0,016	-0,007	-0,002	0,000	0,005	0,013	0,022	0,031	0,038	0,045	0,038	0,051	11,309
6,000	-2,099	-2,134	-2,140	-2,132	-2,115	-2,101	-2,096	-2,087	-2,081	-2,083	-2,074	-2,072	-2,069	-2,060	-2,054	-0,073	-0,041	-0,024	0,014	0,028	0,023	0,027	0,022	0,025	0,018	0,019	0,016	0,016	0,013	0,011	0,027	11,624
7,000	-1,608	-1,622	-1,619	-1,629	-1,627	-1,632	-1,635	-1,637	-1,637	-1,642	-1,643	-1,643	-1,642	-1,639	-1,638	-0,031	-0,022	-0,016	-0,010	-0,008	-0,010	-0,010	-0,006	-0,007	-0,007	-0,002	-0,001	-0,000	0,004	0,001	0,036	10,972
8,000	-5,100	-5,118	-5,114	-5,115	-5,104	-5,100	-5,100	-5,100	-5,096	-5,104	-5,102	-5,102	-5,103	-5,100	-5,100	-0,010	-0,007	-0,005	0,009	0,007	0,005	0,002	0,001	0,000	-0,004	-0,003	0,002	0,001	0,003	-0,001	0,059	10,942
9,000	-2,073	-2,062	-2,077	-2,068	-2,061	-2,053	-2,050	-2,048	-2,041	-2,041	-2,036	-2,027	-2,014	-1,992	-1,969	0,006	-0,004	0,002	0,015	0,020	0,012	0,017	0,019	0,019	0,025	0,030	0,038	0,042	0,045	0,035	0,049	12,876
10,000	-1,498	-1,498	-1,477	-1,447	-1,417	-1,403	-1,391	-1,386	-1,380	-1,383	-1,382	-1,378	-1,372	-1,358	-1,346	0,001	0,033	0,040	0,058	0,055	0,046	0,038	0,032	0,025	0,020	0,020	0,020	0,025	0,028	0,019	0,053	13,564
11,000	-2,969	-2,954	-2,943	-2,919	-2,901	-2,887	-2,881	-2,876	-2,868	-2,862	-2,857	-2,850	-2,847	-2,837	-2,828	0,015	0,026	0,033	0,044	0,042	0,036	0,037	0,032	0,030	0,027	0,026	0,025	0,024	0,021	0,015	0,038	13,396
12,000	-4,418	-4,421	-4,406	-4,395	-4,380	-4,376	-4,373	-4,372	-4,369	-4,373	-4,369	-4,364	-4,353	-4,332	-4,307	0,009	0,019	0,022	0,027	0,023	0,018	0,018	0,016	0,013	0,017	0,023	0,032	0,041	0,045	0,037	0,065	12,839
13,000	-1,936	-1,925	-1,933	-1,925	-1,913	-1,907	-1,905	-1,899	-1,896	-1,899	-1,896	-1,895	-1,881	-1,865	-1,845	0,011	0,006	0,006	0,021	0,017	0,013	0,015	0,018	0,019	0,019	0,020	0,029	0,036	0,035	0,033	0,042	11,660
14,000	-3,338	-3,416	-3,417	-3,441	-3,431	-3,428	-3,428	-3,425	-3,421	-3,426	-3,422	-3,414	-3,406	-3,386	-3,365	-0,121	-0,083	-0,062	-0,020	-0,004	0,002	0,004	0,008	0,008	0,011	0,019	0,026	0,035	0,040	0,031	0,050	11,572
15,000	-2,304	-2,354	-2,382	-2,387	-2,387	-2,386	-2,387	-2,385	-2,382	-2,386	-2,385	-2,383	-2,378	-2,371	-2,364	-0,116	-0,084	-0,063	-0,023	-0,013	-0,010	-0,002	-0,002	0,002	0,002	0,005	0,009	0,014	0,015	0,014	0,062	12,034
	run	20	2022:11:15    09:42:09,841
0,000	-3,839	-3,831	-3,805	-3,779	-3,764	-3,760	-3,757	-3,759	-3,757	-3,765	-3,766	-3,764	-3,762	-3,754	-3,749	0,001	0,036	0,046	0,033	0,025	0,013	0,011	0,008	0,004	0,002	0,005	0,007	0,009	0,014	0,011	0,046	10,891
1,000	-4,265	-3,732	-3,487	-3,165	-3,064	-3,005	-2,979	-2,960	-2,944	-2,935	-2,924	-2,915	-2,906	-2,894	-2,887	0,971	0,864	0,747	0,472	0,351	0,253	0,202	0,160	0,126	0,096	0,074	0,061	0,047	0,037	0,022	0,029	11,279
2,000	-2,688	-2,228	-2,006	-1,741	-1,658	-1,605	-1,576	-1,558	-1,540	-1,532	-1,517	-1,510	-1,505	-1,495	-1,493	0,896	0,776	0,659	0,410	0,308	0,228	0,188	0,147	0,119	0,091	0,070	0,053	0,040	0,026	0,017	0,024	11,887
3,000	-5,741	-5,421	-5,221	-4,912	-4,805	-4,744	-4,718	-4,703	-4,690	-4,690	-4,687	-4,682	-4,680	-4,667	-4,655	0,540	0,587	0,561	0,406	0,309	0,222	0,171	0,134	0,099	0,069	0,055	0,044	0,034	0,034	0,022	0,066	12,876
4,000	-3,192	-3,218	-3,194	-3,147	-3,115	-3,099	-3,091	-3,084	-3,075	-3,074	-3,067	-3,059	-3,047	-3,029	-3,009	-0,101	-0,015	0,027	0,055	0,054	0,046	0,044	0,040	0,034	0,035	0,036	0,040	0,039	0,041	0,032	0,041	12,451
5,000	-3,433	-3,528	-3,553	-3,573	-3,568	-3,568	-3,564	-3,564	-3,563	-3,562	-3,560	-3,556	-3,541	-3,522	-3,495	-0,205	-0,140	-0,100	-0,039	-0,016	-0,007	-0,002	0,000	0,005	0,013	0,022	0,031	0,038	0,045	0,038	0,051	11,309
6,000	-2,097	-2,136	-2,145	-2,133	-2,118	-2,106	-2,097	-2,095	-2,085	-2,084	-2,077	-2,070	-2,072	-2,062	-2,057	-0,075	-0,038	-0,021	0,016	0,028	0,027	0,030	0,025	0,024	0,020	0,016	0,019	0,015	0,016	0,011	0,026	11,631
7,000	-1,623	-1,634	-1,638	-1,643	-1,642	-1,643	-1,649	-1,649	-1,651	-1,653	-1,656	-1,656	-1,657	-1,653	-1,648	-0,027	-0,017	-0,013	-0,011	-0,008	-0,011	-0,007	-0,009	-0,007	-0,006	-0,002	-0,000	0,000	0,004	0,005	0,037	10,964
8,000	-5,120	-5,137	-5,133	-5,140	-5,125	-5,124	-5,120	-5,117	-5,114	-5,124	-5,125	-5,124	-5,121	-5,121	-5,120	-0,014	-0,005	-0,005	0,002	0,007	0,004	0,003	0,002	0,002	-0,005	0,001	-0,001	-0,001	0,005	0,003	0,059	10,928
9,000	-2,087	-2,079	-2,087	-2,077	-2,073	-2,064	-2,058	-2,060	-2,052	-2,052	-2,046	-2,035	-2,024	-2,004	-1,977	0,014	-0,003	0,004	0,015	0,017	0,019	0,017	0,023	0,023	0,026	0,029	0,037	0,042	0,047	0,035	0,048	12,839
10,000	-1,500	-1,504	-1,483	-1,449	-1,424	-1,403	-1,396	-1,389	-1,383	-1,386	-1,383	-1,377	-1,374	-1,363	-1,349	-0,002	0,033	0,040	0,057	0,055	0,047	0,040	0,031	0,025	0,022	0,018	0,023	0,027	0,028	0,021	0,053	13,528
11,000	-2,966	-2,956	-2,942	-2,917	-2,896	-2,885	-2,879	-2,874	-2,864	-2,862	-2,855	-2,849	-2,844	-2,836	-2,826	0,014	0,026	0,033	0,043	0,041	0,037	0,036	0,033	0,030	0,028	0,025	0,024	0,021	0,022	0,014	0,039	13,381
12,000	-4,416	-4,423	-4,406	-4,398	-4,383	-4,379	-4,376	-4,374	-4,372	-4,375	-4,370	-4,365	-4,354	-4,333	-4,308	0,008	0,021	0,023	0,029	0,025	0,020	0,017	0,015	0,016	0,019	0,023	0,031	0,041	0,045	0,036	0,065	12,817
13,000	-1,924	-1,917	-1,926	-1,917	-1,907	-1,902	-1,898	-1,896	-1,891	-1,891	-1,891	-1,885	-1,873	-1,855	-1,840	0,010	0,003	0,005	0,013	0,017	0,017	0,015	0,015	0,018	0,017	0,020	0,031	0,032	0,038	0,032	0,042	11,667
14,000	-3,314	-3,390	-3,392	-3,416	-3,406	-3,405	-3,403	-3,403	-3,399	-3,400	-3,398	-3,392	-3,383	-3,364	-3,342	-0,122	-0,080	-0,059	-0,020	-0,007	0,002	0,004	0,008	0,010	0,012	0,020	0,027	0,033	0,040	0,031	0,050	11,602
15,000	-2,295	-2,341	-2,370	-2,376	-2,374	-2,374	-2,373	-2,374	-2,370	-2,373	-2,375	-2,372	-2,368	-2,357	-2,351	-0,113	-0,084	-0,064	-0,023	-0,012	-0,009	-0,004	-0,003	-0,000	0,002	0,005	0,008	0,014	0,017	0,014	0,063	12,056
	run	21	2022:11:15    09:42:09,941
0,000	-3,806	-3,801	-3,772	-3,747	-3,731	-3,728	-3,726	-3,727	-3,727	-3,730	-3,731	-3,730	-3,729	-3,722	-3,716	-0,003	0,034	0,041	0,033	0,025	0,016	0,012	0,009	0,005	0,003	0,004	0,008	0,010	0,013	0,009	0,046	10,942
1,000	-4,220	-3,692	-3,450	-3,129	-3,030	-2,973	-2,950	-2,932	-2,916	-2,904	-2,895	-2,887	-2,878	-2,869	-2,859	0,951	0,856	0,738	0,465	0,343	0,247	0,198	0,157	0,124	0,094	0,072	0,060	0,047	0,038	0,022	0,029	11,338
2,000	-2,669	-2,207	-1,989	-1,725	-1,643	-1,591	-1,567	-1,545	-1,527	-1,517	-1,505	-1,499	-1,492	-1,485	-1,482	0,888	0,772	0,655	0,408	0,304	0,226	0,183	0,147	0,116	0,088	0,068	0,053	0,038	0,030	0,016	0,025	11,902
3,000	-5,721	-5,389	-5,197	-4,889	-4,784	-4,722	-4,696	-4,681	-4,668	-4,669	-4,662	-4,660	-4,657	-4,647	-4,637	0,539	0,590	0,559	0,402	0,306	0,218	0,170	0,131	0,099	0,068	0,052	0,046	0,035	0,032	0,022	0,067	12,905
4,000	-3,175	-3,206	-3,186	-3,135	-3,107	-3,088	-3,080	-3,074	-3,068	-3,063	-3,058	-3,053	-3,039	-3,020	-2,999	-0,103	-0,010	0,028	0,055	0,052	0,045	0,044	0,038	0,039	0,034	0,037	0,037	0,041	0,041	0,032	0,043	12,415
5,000	-3,450	-3,540	-3,572	-3,592	-3,587	-3,586	-3,582	-3,582	-3,580	-3,583	-3,575	-3,572	-3,561	-3,541	-3,514	-0,205	-0,142	-0,099	-0,039	-0,018	-0,009	-0,003	0,001	0,006	0,015	0,022	0,031	0,037	0,045	0,038	0,050	11,294
6,000	-2,114	-2,144	-2,151	-2,144	-2,125	-2,112	-2,102	-2,103	-2,094	-2,090	-2,088	-2,083	-2,077	-2,074	-2,069	-0,074	-0,043	-0,019	0,019	0,029	0,022	0,026	0,022	0,023	0,019	0,021	0,017	0,018	0,014	0,014	0,026	11,616
7,000	-1,632	-1,649	-1,646	-1,654	-1,652	-1,655	-1,659	-1,660	-1,659	-1,663	-1,664	-1,664	-1,666	-1,661	-1,660	-0,028	-0,016	-0,017	-0,009	-0,007	-0,009	-0,007	-0,008	-0,006	-0,006	-0,003	0,001	-0,001	0,003	0,004	0,036	10,935
8,000	-5,137	-5,149	-5,144	-5,153	-5,139	-5,135	-5,139	-5,133	-5,130	-5,138	-5,142	-5,131	-5,144	-5,133	-5,140	-0,014	-0,008	-0,006	0,004	0,007	0,003	0,002	0,002	-0,010	-0,003	-0,005	-0,001	0,002	0,006	0,004	0,060	10,898
9,000	-2,117	-2,100	-2,115	-2,103	-2,096	-2,090	-2,080	-2,082	-2,076	-2,072	-2,065	-2,054	-2,050	-2,025	-1,998	0,024	-0,010	0,008	0,024	0,021	0,016	0,022	0,024	0,023	0,025	0,035	0,034	0,045	0,047	0,042	0,050	12,817
10,000	-1,509	-1,517	-1,492	-1,457	-1,426	-1,411	-1,403	-1,396	-1,390	-1,392	-1,387	-1,388	-1,379	-1,367	-1,355	-0,001	0,035	0,040	0,056	0,054	0,044	0,040	0,031	0,022	0,022	0,018	0,024	0,024	0,025	0,021	0,053	13,513
11,000	-2,982	-2,965	-2,954	-2,930	-2,910	-2,899	-2,890	-2,884	-2,878	-2,872	-2,868	-2,858	-2,856	-2,845	-2,840	0,013	0,027	0,034	0,041	0,044	0,037	0,033	0,032	0,028	0,026	0,026	0,024	0,024	0,021	0,015	0,038	13,367
12,000	-4,413	-4,416	-4,403	-4,393	-4,378	-4,374	-4,372	-4,369	-4,366	-4,371	-4,367	-4,361	-4,350	-4,328	-4,302	0,012	0,020	0,023	0,028	0,023	0,017	0,017	0,015	0,017	0,018	0,024	0,034	0,040	0,046	0,035	0,064	12,810
13,000	-1,926	-1,918	-1,925	-1,913	-1,903	-1,900	-1,897	-1,894	-1,891	-1,891	-1,891	-1,883	-1,872	-1,856	-1,839	0,006	0,003	0,004	0,016	0,016	0,014	0,015	0,016	0,015	0,020	0,022	0,029	0,032	0,039	0,031	0,042	11,682
14,000	-3,302	-3,381	-3,386	-3,407	-3,397	-3,396	-3,395	-3,393	-3,388	-3,388	-3,387	-3,383	-3,373	-3,354	-3,333	-0,120	-0,080	-0,061	-0,019	-0,005	0,002	0,006	0,008	0,010	0,011	0,018	0,028	0,033	0,037	0,030	0,050	11,609
15,000	-2,279	-2,327	-2,358	-2,361	-2,363	-2,363	-2,361	-2,361	-2,357	-2,360	-2,361	-2,359	-2,354	-2,348	-2,338	-0,116	-0,084	-0,064	-0,022	-0,013	-0,009	-0,005	-0,002	0,000	0,001	0,003	0,008	0,014	0,016	0,013	0,062	12,048
	run	22	2022:11:15    09:42:10,041
0,000	-3,787	-3,789	-3,761	-3,735	-3,718	-3,713	-3,714	-3,714	-3,713	-3,717	-3,718	-3,716	-3,716	-3,708	-3,703	-0,002	0,033	0,044	0,032	0,024	0,016	0,011	0,008	0,007	0,002	0,005	0,007	0,009	0,011	0,008	0,046	10,920
1,000	-4,227	-3,697	-3,452	-3,132	-3,035	-2,979	-2,955	-2,937	-2,920	-2,911	-2,900	-2,891	-2,886	-2,873	-2,865	0,952	0,858	0,735	0,464	0,343	0,247	0,198	0,157	0,123	0,094	0,073	0,060	0,047	0,036	0,021	0,030	11,338
2,000	-2,668	-2,206	-1,991	-1,728	-1,643	-1,591	-1,564	-1,545	-1,528	-1,514	-1,506	-1,497	-1,491	-1,485	-1,480	0,891	0,776	0,654	0,408	0,306	0,226	0,184	0,147	0,117	0,090	0,067	0,053	0,038	0,029	0,015	0,026	11,924
3,000	-5,712	-5,390	-5,196	-4,891	-4,785	-4,724	-4,696	-4,682	-4,671	-4,671	-4,665	-4,664	-4,658	-4,648	-4,639	0,532	0,587	0,559	0,403	0,307	0,218	0,172	0,132	0,101	0,072	0,055	0,043	0,036	0,030	0,025	0,068	12,898
4,000	-3,174	-3,207	-3,183	-3,136	-3,104	-3,087	-3,080	-3,074	-3,061	-3,058	-3,053	-3,047	-3,035	-3,019	-2,997	-0,102	-0,007	0,027	0,055	0,054	0,047	0,044	0,040	0,039	0,035	0,036	0,038	0,038	0,041	0,033	0,041	12,437
5,000	-3,433	-3,527	-3,555	-3,579	-3,571	-3,570	-3,569	-3,567	-3,566	-3,567	-3,561	-3,557	-3,548	-3,526	-3,498	-0,208	-0,141	-0,101	-0,037	-0,017	-0,008	-0,000	0,001	0,007	0,013	0,024	0,031	0,039	0,045	0,037	0,051	11,323
6,000	-2,104	-2,139	-2,152	-2,146	-2,127	-2,113	-2,103	-2,100	-2,095	-2,095	-2,086	-2,080	-2,073	-2,072	-2,066	-0,068	-0,044	-0,023	0,017	0,026	0,026	0,029	0,021	0,026	0,021	0,024	0,020	0,015	0,013	0,015	0,026	11,624
7,000	-1,629	-1,646	-1,641	-1,647	-1,648	-1,652	-1,653	-1,655	-1,656	-1,659	-1,659	-1,660	-1,660	-1,658	-1,655	-0,030	-0,018	-0,015	-0,008	-0,006	-0,009	-0,007	-0,006	-0,007	-0,006	-0,002	-0,000	-0,000	0,005	0,002	0,036	10,950
8,000	-5,141	-5,155	-5,154	-5,162	-5,147	-5,144	-5,143	-5,139	-5,140	-5,146	-5,146	-5,144	-5,148	-5,145	-5,142	-0,019	-0,006	-0,005	0,010	0,008	0,007	0,006	0,001	-0,002	-0,001	-0,002	0,001	0,001	0,000	0,000	0,060	10,891
9,000	-2,130	-2,117	-2,132	-2,122	-2,119	-2,108	-2,103	-2,096	-2,095	-2,096	-2,088	-2,074	-2,064	-2,043	-2,020	0,018	-0,001	-0,000	0,019	0,020	0,015	0,018	0,017	0,027	0,019	0,033	0,037	0,044	0,048	0,039	0,049	12,825
10,000	-1,498	-1,503	-1,483	-1,443	-1,418	-1,401	-1,391	-1,385	-1,379	-1,377	-1,380	-1,377	-1,368	-1,357	-1,345	-0,002	0,034	0,040	0,060	0,056	0,047	0,039	0,029	0,022	0,024	0,020	0,018	0,027	0,027	0,020	0,053	13,542
11,000	-2,974	-2,963	-2,950	-2,927	-2,908	-2,895	-2,890	-2,881	-2,875	-2,872	-2,865	-2,858	-2,854	-2,845	-2,837	0,009	0,026	0,033	0,042	0,041	0,036	0,034	0,035	0,031	0,028	0,026	0,025	0,024	0,023	0,017	0,038	13,367
12,000	-4,422	-4,432	-4,414	-4,403	-4,388	-4,382	-4,381	-4,380	-4,377	-4,380	-4,375	-4,372	-4,360	-4,340	-4,313	0,009	0,021	0,022	0,026	0,027	0,019	0,017	0,016	0,016	0,017	0,024	0,033	0,041	0,045	0,037	0,065	12,839
13,000	-1,936	-1,924	-1,931	-1,921	-1,909	-1,910	-1,900	-1,904	-1,897	-1,899	-1,899	-1,893	-1,882	-1,867	-1,846	0,011	0,005	0,007	0,018	0,017	0,015	0,013	0,017	0,017	0,017	0,019	0,029	0,033	0,034	0,031	0,043	11,646
14,000	-3,320	-3,397	-3,396	-3,420	-3,412	-3,410	-3,410	-3,406	-3,402	-3,406	-3,403	-3,395	-3,387	-3,367	-3,346	-0,123	-0,079	-0,061	-0,018	-0,004	0,003	0,004	0,008	0,010	0,012	0,020	0,026	0,035	0,040	0,030	0,051	11,572
15,000	-2,282	-2,331	-2,360	-2,368	-2,365	-2,363	-2,363	-2,362	-2,360	-2,363	-2,362	-2,362	-2,357	-2,349	-2,342	-0,114	-0,083	-0,063	-0,020	-0,014	-0,009	-0,005	-0,004	-0,001	0,003	0,004	0,010	0,014	0,016	0,014	0,062	12,048
	run	23	2022:11:15    09:42:10,089
0,000	-3,798	-3,796	-3,771	-3,742	-3,728	-3,724	-3,723	-3,722	-3,724	-3,728	-3,728	-3,727	-3,725	-3,718	-3,713	0,000	0,035	0,045	0,033	0,024	0,016	0,011	0,009	0,005	0,004	0,003	0,007	0,009	0,014	0,011	0,046	10,928
1,000	-4,227	-3,698	-3,451	-3,134	-3,035	-2,980	-2,955	-2,938	-2,919	-2,911	-2,900	-2,891	-2,884	-2,874	-2,865	0,957	0,860	0,740	0,466	0,341	0,246	0,197	0,156	0,122	0,095	0,074	0,058	0,047	0,034	0,022	0,030	11,316
2,000	-2,668	-2,206	-1,991	-1,728	-1,643	-1,591	-1,564	-1,545	-1,528	-1,514	-1,506	-1,497	-1,491	-1,485	-1,480	0,891	0,776	0,654	0,408	0,306	0,226	0,184	0,147	0,117	0,090	0,067	0,053	0,038	0,029	0,015	0,026	11,924
3,000	-5,712	-5,390	-5,196	-4,891	-4,785	-4,724	-4,696	-4,682	-4,671	-4,671	-4,665	-4,664	-4,658	-4,648	-4,639	0,532	0,587	0,559	0,403	0,307	0,218	0,172	0,132	0,101	0,072	0,055	0,043	0,036	0,030	0,025	0,068	12,898
4,000	-3,174	-3,207	-3,183	-3,136	-3,104	-3,087	-3,080	-3,074	-3,061	-3,058	-3,053	-3,047	-3,035	-3,019	-2,997	-0,102	-0,007	0,027	0,055	0,054	0,047	0,044	0,040	0,039	0,035	0,036	0,038	0,038	0,041	0,033	0,041	12,437
5,000	-3,433	-3,527	-3,555	-3,579	-3,571	-3,570	-3,569	-3,567	-3,566	-3,567	-3,561	-3,557	-3,548	-3,526	-3,498	-0,208	-0,141	-0,101	-0,037	-0,017	-0,008	-0,000	0,001	0,007	0,013	0,024	0,031	0,039	0,045	0,037	0,051	11,323
6,000	-2,104	-2,139	-2,152	-2,146	-2,127	-2,113	-2,103	-2,100	-2,095	-2,095	-2,086	-2,080	-2,073	-2,072	-2,066	-0,068	-0,044	-0,023	0,017	0,026	0,026	0,029	0,021	0,026	0,021	0,024	0,020	0,015	0,013	0,015	0,026	11,624
7,000	-1,629	-1,646	-1,641	-1,647	-1,648	-1,652	-1,653	-1,655	-1,656	-1,659	-1,659	-1,660	-1,660	-1,658	-1,655	-0,030	-0,018	-0,015	-0,008	-0,006	-0,009	-0,007	-0,006	-0,007	-0,006	-0,002	-0,000	-0,000	0,005	0,002	0,036	10,950
8,000	-5,137	-5,157	-5,155	-5,156	-5,150	-5,143	-5,141	-5,140	-5,140	-5,146	-5,146	-5,147	-5,152	-5,144	-5,144	-0,018	-0,009	-0,009	0,003	0,007	0,003	0,003	0,006	-0,001	0,004	-0,008	0,001	-0,002	0,003	0,002	0,059	10,898
9,000	-2,094	-2,086	-2,095	-2,085	-2,079	-2,074	-2,072	-2,069	-2,060	-2,058	-2,051	-2,040	-2,030	-2,011	-1,986	0,009	-0,004	0,007	0,019	0,021	0,018	0,021	0,022	0,026	0,023	0,029	0,039	0,044	0,046	0,035	0,047	12,795
10,000	-1,510	-1,513	-1,491	-1,455	-1,426	-1,412	-1,406	-1,399	-1,391	-1,390	-1,391	-1,392	-1,382	-1,369	-1,356	-0,003	0,035	0,041	0,061	0,055	0,046	0,038	0,034	0,029	0,022	0,020	0,024	0,029	0,024	0,023	0,052	13,506
11,000	-2,978	-2,965	-2,953	-2,927	-2,910	-2,898	-2,892	-2,885	-2,876	-2,871	-2,869	-2,860	-2,855	-2,845	-2,838	0,018	0,026	0,033	0,041	0,043	0,036	0,037	0,034	0,031	0,028	0,027	0,026	0,023	0,022	0,017	0,039	13,374
12,000	-4,448	-4,454	-4,438	-4,429	-4,413	-4,405	-4,405	-4,403	-4,400	-4,404	-4,403	-4,393	-4,385	-4,363	-4,335	0,012	0,019	0,023	0,029	0,024	0,017	0,017	0,012	0,017	0,014	0,026	0,032	0,042	0,045	0,035	0,064	12,803
13,000	-1,938	-1,926	-1,940	-1,924	-1,918	-1,913	-1,912	-1,909	-1,900	-1,904	-1,899	-1,898	-1,882	-1,865	-1,848	0,005	0,005	0,005	0,020	0,014	0,017	0,016	0,020	0,017	0,019	0,023	0,029	0,033	0,037	0,031	0,041	11,653
14,000	-3,323	-3,405	-3,408	-3,429	-3,422	-3,418	-3,417	-3,414	-3,411	-3,413	-3,409	-3,403	-3,397	-3,376	-3,354	-0,124	-0,080	-0,059	-0,021	-0,005	0,001	0,005	0,008	0,010	0,013	0,018	0,026	0,035	0,040	0,032	0,050	11,565
15,000	-2,290	-2,336	-2,366	-2,373	-2,371	-2,371	-2,368	-2,370	-2,365	-2,369	-2,371	-2,367	-2,363	-2,353	-2,346	-0,114	-0,085	-0,064	-0,023	-0,013	-0,009	-0,004	-0,002	-0,000	0,002	0,005	0,010	0,013	0,015	0,013	0,063	12,034
	run	24	2022:11:15    09:42:10,189
0,000	-3,828	-3,826	-3,797	-3,773	-3,756	-3,754	-3,751	-3,752	-3,750	-3,755	-3,758	-3,756	-3,754	-3,748	-3,740	0,006	0,037	0,043	0,034	0,025	0,016	0,012	0,008	0,006	0,002	0,004	0,007	0,010	0,014	0,009	0,046	10,906
1,000	-4,247	-3,712	-3,469	-3,149	-3,046	-2,991	-2,966	-2,948	-2,930	-2,923	-2,910	-2,902	-2,894	-2,883	-2,875	0,961	0,861	0,742	0,469	0,344	0,249	0,200	0,159	0,124	0,096	0,074	0,061	0,046	0,036	0,023	0,030	11,301
2,000	-2,670	-2,204	-1,992	-1,726	-1,642	-1,592	-1,566	-1,546	-1,529	-1,517	-1,505	-1,502	-1,494	-1,486	-1,484	0,889	0,773	0,655	0,408	0,305	0,226	0,185	0,148	0,117	0,090	0,069	0,051	0,038	0,028	0,014	0,025	11,895
3,000	-5,690	-5,370	-5,177	-4,871	-4,766	-4,706	-4,681	-4,666	-4,649	-4,654	-4,649	-4,647	-4,641	-4,631	-4,618	0,531	0,581	0,557	0,400	0,306	0,218	0,169	0,131	0,096	0,070	0,051	0,044	0,037	0,033	0,022	0,067	12,905
4,000	-3,153	-3,187	-3,161	-3,111	-3,083	-3,065	-3,058	-3,051	-3,043	-3,039	-3,031	-3,025	-3,014	-2,996	-2,978	-0,108	-0,011	0,025	0,058	0,051	0,048	0,044	0,043	0,036	0,036	0,034	0,039	0,039	0,041	0,032	0,042	12,451
5,000	-3,408	-3,502	-3,531	-3,553	-3,548	-3,544	-3,544	-3,543	-3,542	-3,543	-3,540	-3,534	-3,523	-3,501	-3,475	-0,207	-0,144	-0,100	-0,037	-0,019	-0,009	-0,002	0,002	0,007	0,013	0,020	0,031	0,038	0,047	0,037	0,050	11,338
6,000	-2,100	-2,128	-2,141	-2,137	-2,119	-2,110	-2,098	-2,089	-2,080	-2,080	-2,076	-2,071	-2,065	-2,061	-2,055	-0,064	-0,047	-0,021	0,017	0,025	0,033	0,025	0,026	0,023	0,016	0,019	0,015	0,016	0,018	0,010	0,027	11,638
7,000	-1,621	-1,637	-1,632	-1,643	-1,639	-1,645	-1,647	-1,648	-1,649	-1,653	-1,655	-1,656	-1,655	-1,651	-1,650	-0,030	-0,020	-0,015	-0,010	-0,008	-0,010	-0,008	-0,007	-0,007	-0,007	-0,002	0,000	0,001	0,006	0,002	0,036	10,972
8,000	-5,115	-5,135	-5,130	-5,132	-5,122	-5,117	-5,117	-5,118	-5,112	-5,121	-5,120	-5,123	-5,123	-5,117	-5,114	-0,013	-0,005	0,000	0,008	0,007	0,007	0,003	0,002	0,005	-0,003	-0,003	0,002	0,001	0,002	0,002	0,058	10,928
9,000	-2,094	-2,085	-2,098	-2,085	-2,078	-2,069	-2,066	-2,065	-2,058	-2,058	-2,053	-2,039	-2,029	-2,005	-1,986	0,024	0,003	0,003	0,013	0,018	0,018	0,021	0,022	0,023	0,026	0,033	0,040	0,043	0,047	0,037	0,048	12,832
10,000	-1,507	-1,515	-1,492	-1,456	-1,426	-1,409	-1,403	-1,394	-1,388	-1,391	-1,390	-1,385	-1,378	-1,366	-1,357	-0,001	0,034	0,043	0,060	0,058	0,048	0,039	0,031	0,025	0,021	0,020	0,023	0,024	0,027	0,021	0,053	13,535
11,000	-2,990	-2,978	-2,963	-2,939	-2,920	-2,907	-2,900	-2,895	-2,887	-2,884	-2,877	-2,871	-2,866	-2,856	-2,848	0,014	0,031	0,035	0,045	0,045	0,038	0,037	0,033	0,031	0,025	0,026	0,024	0,024	0,022	0,016	0,039	13,359
12,000	-4,438	-4,450	-4,435	-4,424	-4,408	-4,402	-4,402	-4,400	-4,397	-4,402	-4,398	-4,392	-4,380	-4,358	-4,334	0,010	0,019	0,021	0,024	0,024	0,019	0,017	0,016	0,015	0,018	0,024	0,032	0,039	0,047	0,037	0,065	12,795
13,000	-1,945	-1,938	-1,945	-1,934	-1,921	-1,919	-1,913	-1,913	-1,905	-1,910	-1,908	-1,906	-1,893	-1,872	-1,852	0,006	0,007	0,006	0,017	0,016	0,016	0,016	0,016	0,014	0,019	0,022	0,028	0,035	0,036	0,031	0,042	11,646
14,000	-3,333	-3,417	-3,421	-3,442	-3,433	-3,430	-3,430	-3,429	-3,423	-3,427	-3,423	-3,416	-3,407	-3,388	-3,366	-0,126	-0,079	-0,062	-0,019	-0,006	0,002	0,006	0,007	0,010	0,012	0,020	0,027	0,035	0,038	0,033	0,051	11,558
15,000	-2,301	-2,349	-2,380	-2,387	-2,386	-2,383	-2,382	-2,382	-2,380	-2,384	-2,382	-2,383	-2,376	-2,369	-2,359	-0,113	-0,082	-0,062	-0,023	-0,011	-0,007	-0,004	-0,002	-0,000	0,001	0,005	0,008	0,015	0,015	0,012	0,063	12,034
	run	25	2022:11:15    09:42:10,241
0,000	-3,828	-3,826	-3,797	-3,773	-3,756	-3,754	-3,751	-3,752	-3,750	-3,755	-3,758	-3,756	-3,754	-3,748	-3,740	0,006	0,037	0,043	0,034	0,025	0,016	0,012	0,008	0,006	0,002	0,004	0,007	0,010	0,014	0,009	0,046	10,906
1,000	-4,247	-3,712	-3,469	-3,149	-3,046	-2,991	-2,966	-2,948	-2,930	-2,923	-2,910	-2,902	-2,894	-2,883	-2,875	0,961	0,861	0,742	0,469	0,344	0,249	0,200	0,159	0,124	0,096	0,074	0,061	0,046	0,036	0,023	0,030	11,301
2,000	-2,670	-2,204	-1,992	-1,726	-1,642	-1,592	-1,566	-1,546	-1,529	-1,517	-1,505	-1,502	-1,494	-1,486	-1,484	0,889	0,773	0,655	0,408	0,305	0,226	0,185	0,148	0,117	0,090	0,069	0,051	0,038	0,028	0,014	0,025	11,895
3,000	-5,690	-5,370	-5,177	-4,871	-4,766	-4,706	-4,681	-4,666	-4,649	-4,654	-4,649	-4,647	-4,641	-4,631	-4,618	0,531	0,581	0,557	0,400	0,306	0,218	0,169	0,131	0,096	0,070	0,051	0,044	0,037	0,033	0,022	0,067	12,905
4,000	-3,153	-3,187	-3,161	-3,111	-3,083	-3,065	-3,058	-3,051	-3,043	-3,039	-3,031	-3,025	-3,014	-2,996	-2,978	-0,108	-0,011	0,025	0,058	0,051	0,048	0,044	0,043	0,036	0,036	0,034	0,039	0,039	0,041	0,032	0,042	12,451
5,000	-3,408	-3,502	-3,531	-3,553	-3,548	-3,544	-3,544	-3,543	-3,542	-3,543	-3,540	-3,534	-3,523	-3,501	-3,475	-0,207	-0,144	-0,100	-0,037	-0,019	-0,009	-0,002	0,002	0,007	0,013	0,020	0,031	0,038	0,047	0,037	0,050	11,338
6,000	-2,088	-2,121	-2,128	-2,117	-2,102	-2,090	-2,083	-2,076	-2,071	-2,066	-2,063	-2,061	-2,054	-2,050	-2,041	-0,072	-0,039	-0,025	0,018	0,026	0,024	0,023	0,021	0,025	0,018	0,015	0,028	0,015	0,014	0,012	0,027	11,653
7,000	-1,610	-1,627	-1,626	-1,633	-1,633	-1,636	-1,640	-1,640	-1,640	-1,645	-1,645	-1,645	-1,646	-1,645	-1,642	-0,031	-0,019	-0,015	-0,012	-0,009	-0,012	-0,006	-0,008	-0,009	-0,006	-0,003	-0,001	0,002	0,003	0,004	0,037	10,986
8,000	-5,089	-5,107	-5,106	-5,111	-5,100	-5,095	-5,096	-5,090	-5,088	-5,096	-5,096	-5,095	-5,096	-5,092	-5,092	-0,018	-0,008	-0,002	0,008	0,010	0,005	0,006	0,004	0,003	-0,002	0,000	0,003	0,004	0,004	0,001	0,058	10,964
9,000	-2,086	-2,088	-2,097	-2,091	-2,081	-2,077	-2,072	-2,071	-2,066	-2,065	-2,058	-2,048	-2,034	-2,016	-1,992	0,008	0,002	0,003	0,019	0,016	0,019	0,017	0,020	0,024	0,023	0,034	0,038	0,043	0,047	0,036	0,049	12,869
10,000	-1,502	-1,505	-1,485	-1,450	-1,422	-1,404	-1,398	-1,389	-1,384	-1,385	-1,386	-1,380	-1,372	-1,362	-1,350	-0,001	0,035	0,038	0,061	0,053	0,047	0,039	0,032	0,023	0,022	0,020	0,021	0,026	0,026	0,021	0,054	13,564
11,000	-2,983	-2,970	-2,957	-2,931	-2,914	-2,900	-2,893	-2,889	-2,880	-2,875	-2,869	-2,865	-2,859	-2,849	-2,840	0,019	0,026	0,035	0,044	0,043	0,037	0,036	0,032	0,031	0,028	0,025	0,023	0,022	0,020	0,014	0,039	13,374
12,000	-4,457	-4,464	-4,448	-4,438	-4,423	-4,417	-4,415	-4,416	-4,412	-4,415	-4,411	-4,406	-4,396	-4,374	-4,346	0,014	0,020	0,025	0,026	0,025	0,016	0,017	0,015	0,016	0,017	0,025	0,034	0,041	0,047	0,037	0,066	12,803
13,000	-1,944	-1,933	-1,942	-1,930	-1,918	-1,915	-1,910	-1,909	-1,905	-1,904	-1,903	-1,900	-1,888	-1,869	-1,847	0,006	0,008	0,004	0,016	0,018	0,013	0,014	0,012	0,016	0,017	0,023	0,029	0,038	0,037	0,032	0,042	11,638
14,000	-3,346	-3,426	-3,428	-3,454	-3,443	-3,442	-3,438	-3,439	-3,436	-3,438	-3,433	-3,427	-3,419	-3,398	-3,377	-0,122	-0,081	-0,059	-0,020	-0,007	0,001	0,006	0,009	0,009	0,012	0,019	0,027	0,034	0,041	0,032	0,051	11,572
15,000	-2,316	-2,363	-2,389	-2,397	-2,396	-2,396	-2,393	-2,392	-2,391	-2,395	-2,395	-2,393	-2,388	-2,378	-2,370	-0,112	-0,084	-0,061	-0,023	-0,013	-0,008	-0,006	-0,000	-0,000	0,003	0,006	0,009	0,015	0,015	0,014	0,064	12,019
