Device: PM2003001		2022:11:08    10:54:11,226  (DLL version: 1.20;  Status: HW:v1.02 SW:v1.3 CRC:31ED BATTERY:4154mV ST:0 ERR:0000;  MUX data; S: 92 I:143 R:200.000 C:1.094p F:)
Excitation level, V:	2,00
Voltage Channel Gain:	5
Current Channel Gain:	1
Voltmeter Range, V:	0,6
Ampermeter Range, A:	15,0m
Step Period, ms:	5
R transimp:	200
C transimp:	1,1p
Measurement Table: 	EEPROM  16

Freq, Hz	1,0k	2,0k	3,0k	7,0k	11,0k	17,0k	23,0k	31,0k	43,0k	61,0k	89,0k	127,0k	179,0k	251,0k	349,0k	1,0k	2,0k	3,0k	7,0k	11,0k	17,0k	23,0k	31,0k	43,0k	61,0k	89,0k	127,0k	179,0k	251,0k	349,0k
	run	1	2022:11:08    10:54:11,230
MUX	Re1, ohm	Re2, ohm	Re3, ohm	Re4, ohm	Re5, ohm	Re6, ohm	Re7, ohm	Re8, ohm	Re9, ohm	Re10, ohm	Re11, ohm	Re12, ohm	Re13, ohm	Re14, ohm	Re15, ohm	Im1, ohm	Im2, ohm	Im3, ohm	Im4, ohm	Im5, ohm	Im6, ohm	Im7, ohm	Im8, ohm	Im9, ohm	Im10, ohm	Im11, ohm	Im12, ohm	Im13, ohm	Im14, ohm	Im15, ohm	U, V	I, mA

0,000	-13,694	-13,860	-13,862	-13,993	-14,020	-14,034	-14,046	-14,050	-14,050	-14,062	-14,053	-14,022	-13,973	-13,874	-13,755	-0,404	-0,259	-0,234	-0,142	-0,104	-0,065	-0,043	-0,021	0,005	0,040	0,079	0,129	0,175	0,199	0,159	0,000	0,000
1,000	-18,122	-18,095	-18,015	-17,789	-17,613	-17,510	-17,445	-17,399	-17,346	-17,315	-17,270	-17,231	-17,178	-17,081	-16,970	-0,009	0,183	0,256	0,359	0,367	0,318	0,292	0,256	0,232	0,220	0,215	0,223	0,223	0,233	0,177	0,000	0,000
2,000	-11,265	-11,243	-11,227	-11,070	-10,969	-10,895	-10,843	-10,812	-10,759	-10,723	-10,658	-10,578	-10,460	-10,289	-10,081	-0,049	0,057	0,147	0,241	0,257	0,242	0,251	0,243	0,253	0,272	0,310	0,355	0,397	0,407	0,317	0,000	0,000
3,000	-22,300	-22,226	-22,115	-21,742	-21,525	-21,386	-21,317	-21,263	-21,210	-21,201	-21,169	-21,132	-21,077	-20,961	-20,850	0,049	0,311	0,402	0,527	0,482	0,390	0,345	0,291	0,248	0,210	0,209	0,221	0,235	0,243	0,190	0,000	0,000
4,000	-11,748	-11,911	-11,803	-11,823	-11,790	-11,805	-11,801	-11,799	-11,794	-11,781	-11,751	-11,685	-11,558	-11,370	-11,107	-0,371	-0,042	-0,059	-0,005	0,014	0,048	0,061	0,078	0,109	0,160	0,244	0,319	0,401	0,451	0,374	0,000	0,000
5,000	-11,115	-10,696	-10,799	-10,712	-10,697	-10,659	-10,638	-10,642	-10,609	-10,596	-10,555	-10,484	-10,370	-10,157	-9,890	1,023	0,423	0,320	0,213	0,167	0,131	0,146	0,160	0,179	0,206	0,273	0,349	0,430	0,472	0,379	0,000	0,000
6,000	-7,290	-7,090	-6,934	-6,732	-6,617	-6,549	-6,517	-6,483	-6,444	-6,421	-6,377	-6,321	-6,243	-6,117	-5,966	0,688	0,564	0,492	0,383	0,331	0,266	0,247	0,223	0,217	0,221	0,239	0,263	0,290	0,300	0,234	0,000	0,000
7,000	-6,805	-6,797	-6,788	-6,742	-6,707	-6,677	-6,666	-6,657	-6,647	-6,641	-6,627	-6,616	-6,597	-6,554	-6,512	-0,016	-0,004	0,037	0,079	0,078	0,065	0,063	0,062	0,056	0,057	0,062	0,077	0,082	0,083	0,063	0,000	0,000
8,000	-19,082	-19,229	-19,246	-19,300	-19,293	-19,331	-19,363	-19,390	-19,411	-19,467	-19,480	-19,496	-19,501	-19,465	-19,420	-0,274	-0,160	-0,139	-0,102	-0,096	-0,119	-0,119	-0,118	-0,105	-0,101	-0,055	-0,011	0,010	0,049	0,052	0,000	0,000
9,000	-9,072	-9,058	-9,019	-8,917	-8,801	-8,696	-8,641	-8,594	-8,538	-8,500	-8,451	-8,396	-8,328	-8,216	-8,089	0,012	0,051	0,134	0,243	0,276	0,267	0,264	0,243	0,235	0,232	0,248	0,258	0,263	0,262	0,199	0,000	0,000
10,000	-9,105	-9,115	-8,992	-8,888	-8,809	-8,774	-8,767	-8,742	-8,730	-8,732	-8,713	-8,687	-8,634	-8,549	-8,455	-0,072	0,142	0,144	0,167	0,147	0,127	0,112	0,098	0,097	0,102	0,122	0,139	0,173	0,184	0,151	0,000	0,000
11,000	-9,713	-9,621	-9,600	-9,485	-9,409	-9,362	-9,333	-9,311	-9,280	-9,261	-9,232	-9,188	-9,128	-9,027	-8,916	0,097	0,126	0,146	0,181	0,181	0,156	0,154	0,145	0,148	0,150	0,172	0,194	0,210	0,224	0,169	0,000	0,000
12,000	-13,861	-13,947	-13,836	-13,809	-13,743	-13,726	-13,722	-13,711	-13,695	-13,707	-13,681	-13,649	-13,598	-13,483	-13,357	-0,047	0,081	0,079	0,101	0,091	0,089	0,081	0,084	0,084	0,094	0,131	0,168	0,207	0,233	0,182	0,000	0,000
13,000	-8,282	-8,365	-8,335	-8,373	-8,356	-8,350	-8,340	-8,319	-8,296	-8,265	-8,215	-8,149	-8,049	-7,897	-7,703	-0,091	-0,042	-0,036	0,013	0,044	0,073	0,097	0,121	0,149	0,184	0,238	0,285	0,333	0,358	0,286	0,000	0,000
14,000	-11,847	-11,704	-11,827	-11,755	-11,749	-11,721	-11,697	-11,697	-11,688	-11,672	-11,664	-11,627	-11,548	-11,409	-11,219	-0,017	-0,123	-0,027	0,042	0,056	0,055	0,067	0,066	0,093	0,110	0,157	0,221	0,279	0,323	0,265	0,000	0,000
15,000	-9,265	-9,396	-9,328	-9,341	-9,300	-9,296	-9,285	-9,279	-9,255	-9,253	-9,230	-9,193	-9,146	-9,069	-8,975	-0,275	-0,056	-0,046	0,021	0,033	0,054	0,060	0,070	0,078	0,096	0,115	0,133	0,162	0,171	0,139	0,000	0,000
	run	2	2022:11:08    10:54:11,279
0,000	-13,694	-13,860	-13,862	-13,993	-14,020	-14,034	-14,046	-14,050	-14,050	-14,062	-14,053	-14,022	-13,973	-13,874	-13,755	-0,404	-0,259	-0,234	-0,142	-0,104	-0,065	-0,043	-0,021	0,005	0,040	0,079	0,129	0,175	0,199	0,159	0,000	0,000
1,000	-18,122	-18,095	-18,015	-17,789	-17,613	-17,510	-17,445	-17,399	-17,346	-17,315	-17,270	-17,231	-17,178	-17,081	-16,970	-0,009	0,183	0,256	0,359	0,367	0,318	0,292	0,256	0,232	0,220	0,215	0,223	0,223	0,233	0,177	0,000	0,000
2,000	-11,265	-11,243	-11,227	-11,070	-10,969	-10,895	-10,843	-10,812	-10,759	-10,723	-10,658	-10,578	-10,460	-10,289	-10,081	-0,049	0,057	0,147	0,241	0,257	0,242	0,251	0,243	0,253	0,272	0,310	0,355	0,397	0,407	0,317	0,000	0,000
3,000	-22,300	-22,226	-22,115	-21,742	-21,525	-21,386	-21,317	-21,263	-21,210	-21,201	-21,169	-21,132	-21,077	-20,961	-20,850	0,049	0,311	0,402	0,527	0,482	0,390	0,345	0,291	0,248	0,210	0,209	0,221	0,235	0,243	0,190	0,000	0,000
4,000	-11,748	-11,911	-11,803	-11,823	-11,790	-11,805	-11,801	-11,799	-11,794	-11,781	-11,751	-11,685	-11,558	-11,370	-11,107	-0,371	-0,042	-0,059	-0,005	0,014	0,048	0,061	0,078	0,109	0,160	0,244	0,319	0,401	0,451	0,374	0,000	0,000
5,000	-11,115	-10,696	-10,799	-10,712	-10,697	-10,659	-10,638	-10,642	-10,609	-10,596	-10,555	-10,484	-10,370	-10,157	-9,890	1,023	0,423	0,320	0,213	0,167	0,131	0,146	0,160	0,179	0,206	0,273	0,349	0,430	0,472	0,379	0,000	0,000
6,000	-7,284	-7,091	-6,929	-6,728	-6,615	-6,550	-6,517	-6,482	-6,448	-6,423	-6,379	-6,323	-6,244	-6,117	-5,965	0,651	0,559	0,485	0,384	0,329	0,270	0,249	0,226	0,223	0,217	0,241	0,270	0,294	0,302	0,235	0,000	0,000
7,000	-6,892	-6,850	-6,847	-6,786	-6,742	-6,720	-6,700	-6,698	-6,679	-6,678	-6,665	-6,645	-6,625	-6,582	-6,545	-0,026	0,008	0,046	0,090	0,086	0,074	0,067	0,065	0,065	0,063	0,063	0,073	0,082	0,090	0,070	0,000	0,000
8,000	-19,336	-19,493	-19,511	-19,593	-19,577	-19,624	-19,654	-19,681	-19,707	-19,762	-19,782	-19,801	-19,805	-19,774	-19,725	-0,259	-0,189	-0,168	-0,109	-0,106	-0,126	-0,128	-0,124	-0,110	-0,100	-0,068	-0,029	0,005	0,042	0,048	0,000	0,000
9,000	-9,194	-9,184	-9,148	-9,031	-8,927	-8,820	-8,761	-8,716	-8,658	-8,623	-8,561	-8,506	-8,434	-8,323	-8,196	0,008	0,057	0,124	0,254	0,278	0,272	0,270	0,247	0,236	0,236	0,240	0,263	0,271	0,269	0,202	0,000	0,000
10,000	-9,123	-9,150	-9,021	-8,924	-8,837	-8,809	-8,800	-8,773	-8,761	-8,768	-8,748	-8,716	-8,665	-8,580	-8,483	-0,081	0,136	0,135	0,169	0,146	0,129	0,116	0,105	0,096	0,105	0,120	0,144	0,178	0,184	0,149	0,000	0,000
11,000	-9,792	-9,706	-9,673	-9,558	-9,486	-9,434	-9,405	-9,390	-9,353	-9,344	-9,303	-9,262	-9,206	-9,105	-8,992	0,105	0,123	0,149	0,186	0,182	0,158	0,156	0,146	0,147	0,154	0,175	0,191	0,214	0,220	0,169	0,000	0,000
12,000	-13,677	-13,776	-13,656	-13,633	-13,570	-13,559	-13,551	-13,542	-13,524	-13,534	-13,511	-13,480	-13,418	-13,315	-13,192	-0,054	0,075	0,086	0,097	0,095	0,085	0,078	0,084	0,085	0,093	0,122	0,165	0,201	0,227	0,183	0,000	0,000
13,000	-8,143	-8,211	-8,218	-8,241	-8,228	-8,217	-8,202	-8,189	-8,167	-8,136	-8,088	-8,022	-7,917	-7,774	-7,580	-0,098	-0,060	-0,047	0,003	0,038	0,066	0,092	0,115	0,146	0,182	0,240	0,281	0,331	0,353	0,282	0,000	0,000
14,000	-11,700	-11,575	-11,704	-11,615	-11,620	-11,597	-11,584	-11,569	-11,561	-11,554	-11,542	-11,501	-11,421	-11,279	-11,087	-0,061	-0,128	-0,031	0,036	0,049	0,046	0,065	0,070	0,091	0,115	0,162	0,226	0,281	0,326	0,268	0,000	0,000
15,000	-9,279	-9,411	-9,340	-9,352	-9,313	-9,302	-9,293	-9,282	-9,261	-9,260	-9,235	-9,206	-9,159	-9,085	-8,998	-0,275	-0,050	-0,046	0,025	0,038	0,051	0,062	0,069	0,078	0,096	0,113	0,132	0,155	0,167	0,136	0,000	0,000
	run	3	2022:11:08    10:54:11,379
0,000	-13,502	-13,655	-13,669	-13,779	-13,799	-13,816	-13,826	-13,829	-13,828	-13,839	-13,832	-13,802	-13,762	-13,667	-13,555	-0,369	-0,242	-0,201	-0,132	-0,098	-0,062	-0,040	-0,020	0,005	0,027	0,074	0,121	0,161	0,193	0,151	0,000	0,000
1,000	-17,575	-17,569	-17,516	-17,312	-17,158	-17,061	-17,000	-16,963	-16,912	-16,887	-16,839	-16,807	-16,752	-16,658	-16,559	-0,050	0,114	0,196	0,315	0,329	0,290	0,268	0,236	0,216	0,202	0,199	0,209	0,214	0,225	0,169	0,000	0,000
2,000	-10,533	-10,535	-10,510	-10,388	-10,289	-10,213	-10,169	-10,127	-10,087	-10,058	-10,000	-9,930	-9,830	-9,685	-9,512	-0,059	0,031	0,101	0,223	0,232	0,221	0,227	0,222	0,226	0,239	0,271	0,313	0,335	0,345	0,262	0,000	0,000
3,000	-20,805	-20,858	-20,825	-20,526	-20,320	-20,194	-20,119	-20,060	-20,011	-19,994	-19,959	-19,920	-19,868	-19,770	-19,654	-0,112	0,129	0,245	0,424	0,429	0,357	0,319	0,284	0,241	0,206	0,204	0,215	0,224	0,230	0,173	0,000	0,000
4,000	-11,302	-11,414	-11,312	-11,309	-11,284	-11,294	-11,292	-11,288	-11,292	-11,272	-11,243	-11,192	-11,071	-10,889	-10,651	-0,332	-0,014	-0,037	0,019	0,019	0,050	0,057	0,070	0,096	0,150	0,223	0,295	0,374	0,423	0,351	0,000	0,000
5,000	-10,543	-10,138	-10,250	-10,163	-10,157	-10,121	-10,095	-10,097	-10,068	-10,055	-10,014	-9,948	-9,834	-9,638	-9,383	0,997	0,420	0,315	0,201	0,154	0,118	0,143	0,152	0,171	0,199	0,257	0,334	0,406	0,450	0,363	0,000	0,000
6,000	-7,048	-6,875	-6,735	-6,558	-6,457	-6,388	-6,355	-6,324	-6,285	-6,266	-6,222	-6,169	-6,089	-5,965	-5,815	0,650	0,523	0,446	0,360	0,305	0,257	0,236	0,216	0,211	0,208	0,232	0,256	0,283	0,295	0,229	0,000	0,000
7,000	-6,834	-6,797	-6,786	-6,725	-6,681	-6,655	-6,644	-6,633	-6,616	-6,612	-6,604	-6,587	-6,565	-6,522	-6,470	-0,027	0,016	0,040	0,092	0,077	0,069	0,069	0,065	0,062	0,061	0,065	0,080	0,090	0,090	0,076	0,000	0,000
8,000	-19,577	-19,763	-19,770	-19,851	-19,834	-19,879	-19,918	-19,942	-19,966	-20,020	-20,037	-20,056	-20,058	-20,014	-19,963	-0,278	-0,198	-0,165	-0,109	-0,108	-0,137	-0,127	-0,118	-0,106	-0,096	-0,055	-0,015	0,013	0,053	0,056	0,000	0,000
9,000	-9,421	-9,406	-9,365	-9,234	-9,113	-9,002	-8,943	-8,896	-8,835	-8,799	-8,748	-8,679	-8,610	-8,490	-8,357	0,003	0,087	0,147	0,276	0,302	0,285	0,279	0,260	0,249	0,246	0,251	0,276	0,281	0,280	0,209	0,000	0,000
10,000	-9,468	-9,468	-9,345	-9,194	-9,097	-9,059	-9,036	-9,018	-8,997	-8,998	-8,979	-8,949	-8,898	-8,808	-8,707	-0,040	0,184	0,179	0,218	0,181	0,158	0,137	0,119	0,113	0,118	0,129	0,157	0,184	0,200	0,159	0,000	0,000
11,000	-9,933	-9,824	-9,798	-9,667	-9,586	-9,527	-9,501	-9,480	-9,446	-9,432	-9,394	-9,351	-9,291	-9,193	-9,072	0,127	0,150	0,162	0,209	0,199	0,165	0,162	0,151	0,153	0,160	0,177	0,205	0,221	0,229	0,177	0,000	0,000
12,000	-14,038	-14,124	-14,014	-13,986	-13,922	-13,905	-13,899	-13,879	-13,872	-13,883	-13,861	-13,822	-13,764	-13,653	-13,527	-0,051	0,075	0,088	0,101	0,097	0,086	0,079	0,080	0,085	0,095	0,128	0,176	0,207	0,237	0,191	0,000	0,000
13,000	-8,325	-8,348	-8,349	-8,373	-8,366	-8,350	-8,339	-8,323	-8,299	-8,268	-8,212	-8,144	-8,048	-7,890	-7,693	-0,071	-0,040	-0,030	0,013	0,044	0,073	0,097	0,116	0,151	0,188	0,239	0,290	0,341	0,363	0,287	0,000	0,000
14,000	-12,058	-11,947	-12,026	-11,975	-11,971	-11,934	-11,919	-11,921	-11,909	-11,900	-11,889	-11,850	-11,765	-11,623	-11,424	-0,065	-0,115	-0,032	0,033	0,050	0,052	0,070	0,068	0,090	0,108	0,165	0,217	0,291	0,330	0,273	0,000	0,000
15,000	-9,307	-9,441	-9,368	-9,372	-9,333	-9,325	-9,314	-9,307	-9,287	-9,289	-9,261	-9,236	-9,191	-9,112	-9,030	-0,267	-0,046	-0,047	0,026	0,036	0,054	0,058	0,069	0,072	0,092	0,109	0,128	0,154	0,159	0,129	0,000	0,000
	run	4	2022:11:08    10:54:11,481
0,000	-13,178	-13,335	-13,341	-13,454	-13,470	-13,491	-13,490	-13,495	-13,502	-13,506	-13,498	-13,470	-13,424	-13,339	-13,233	-0,373	-0,241	-0,202	-0,126	-0,094	-0,054	-0,031	-0,012	0,013	0,035	0,071	0,113	0,160	0,186	0,151	0,000	0,000
1,000	-16,859	-16,869	-16,820	-16,625	-16,498	-16,395	-16,333	-16,293	-16,250	-16,222	-16,186	-16,150	-16,099	-16,017	-15,917	-0,079	0,092	0,178	0,292	0,305	0,271	0,252	0,222	0,206	0,190	0,191	0,197	0,199	0,202	0,159	0,000	0,000
2,000	-10,209	-10,225	-10,206	-10,109	-10,015	-9,947	-9,904	-9,873	-9,826	-9,788	-9,738	-9,673	-9,582	-9,444	-9,283	-0,064	0,025	0,079	0,189	0,218	0,202	0,214	0,207	0,214	0,227	0,262	0,289	0,314	0,328	0,248	0,000	0,000
3,000	-20,273	-20,326	-20,302	-20,042	-19,851	-19,731	-19,664	-19,609	-19,560	-19,546	-19,507	-19,480	-19,428	-19,337	-19,232	-0,143	0,091	0,194	0,386	0,387	0,329	0,294	0,257	0,230	0,189	0,183	0,198	0,207	0,214	0,159	0,000	0,000
4,000	-10,880	-10,973	-10,885	-10,866	-10,830	-10,846	-10,844	-10,838	-10,840	-10,829	-10,803	-10,749	-10,640	-10,470	-10,251	-0,328	-0,012	-0,025	0,025	0,028	0,050	0,053	0,068	0,088	0,139	0,207	0,274	0,347	0,387	0,319	0,000	0,000
5,000	-10,625	-10,256	-10,347	-10,275	-10,268	-10,235	-10,217	-10,206	-10,179	-10,166	-10,121	-10,057	-9,946	-9,749	-9,497	0,955	0,394	0,294	0,189	0,155	0,125	0,142	0,151	0,174	0,198	0,264	0,332	0,409	0,445	0,357	0,000	0,000
6,000	-7,274	-7,092	-6,931	-6,748	-6,627	-6,564	-6,530	-6,500	-6,463	-6,442	-6,394	-6,337	-6,256	-6,121	-5,960	0,669	0,560	0,466	0,378	0,319	0,269	0,244	0,229	0,220	0,217	0,247	0,276	0,294	0,313	0,246	0,000	0,000
7,000	-7,117	-7,088	-7,054	-6,964	-6,910	-6,876	-6,862	-6,854	-6,837	-6,833	-6,820	-6,800	-6,775	-6,731	-6,678	0,014	0,062	0,096	0,129	0,111	0,092	0,080	0,079	0,076	0,072	0,079	0,090	0,093	0,103	0,080	0,000	0,000
8,000	-20,099	-20,255	-20,286	-20,390	-20,378	-20,424	-20,462	-20,494	-20,515	-20,572	-20,591	-20,608	-20,613	-20,572	-20,523	-0,284	-0,193	-0,185	-0,135	-0,133	-0,146	-0,134	-0,131	-0,112	-0,103	-0,066	-0,024	0,009	0,051	0,051	0,000	0,000
9,000	-9,663	-9,635	-9,567	-9,401	-9,264	-9,145	-9,083	-9,033	-8,975	-8,938	-8,876	-8,817	-8,738	-8,616	-8,477	0,038	0,138	0,197	0,325	0,339	0,313	0,307	0,279	0,262	0,258	0,271	0,283	0,295	0,297	0,219	0,000	0,000
10,000	-9,543	-9,543	-9,408	-9,275	-9,170	-9,133	-9,104	-9,089	-9,068	-9,069	-9,051	-9,017	-8,964	-8,872	-8,768	-0,050	0,184	0,190	0,221	0,188	0,159	0,140	0,128	0,117	0,117	0,133	0,161	0,190	0,203	0,164	0,000	0,000
11,000	-9,944	-9,843	-9,812	-9,673	-9,585	-9,531	-9,505	-9,476	-9,442	-9,427	-9,388	-9,346	-9,279	-9,177	-9,059	0,123	0,156	0,181	0,219	0,208	0,175	0,167	0,159	0,157	0,163	0,181	0,209	0,230	0,243	0,181	0,000	0,000
12,000	-14,369	-14,468	-14,348	-14,330	-14,259	-14,244	-14,240	-14,223	-14,207	-14,213	-14,191	-14,153	-14,092	-13,982	-13,846	-0,050	0,089	0,083	0,105	0,097	0,084	0,086	0,088	0,093	0,102	0,137	0,184	0,223	0,247	0,193	0,000	0,000
13,000	-8,605	-8,652	-8,635	-8,661	-8,643	-8,628	-8,618	-8,599	-8,574	-8,542	-8,486	-8,420	-8,319	-8,159	-7,950	-0,074	-0,027	-0,021	0,020	0,053	0,080	0,105	0,128	0,162	0,197	0,255	0,300	0,359	0,374	0,300	0,000	0,000
14,000	-12,229	-12,088	-12,184	-12,126	-12,112	-12,084	-12,068	-12,064	-12,054	-12,048	-12,032	-11,994	-11,915	-11,777	-11,586	-0,051	-0,110	-0,030	0,047	0,057	0,051	0,064	0,072	0,089	0,105	0,159	0,217	0,286	0,320	0,265	0,000	0,000
15,000	-9,143	-9,284	-9,208	-9,225	-9,181	-9,183	-9,175	-9,159	-9,143	-9,144	-9,117	-9,092	-9,045	-8,975	-8,887	-0,261	-0,060	-0,047	0,022	0,031	0,044	0,054	0,063	0,071	0,087	0,116	0,127	0,153	0,159	0,127	0,000	0,000
	run	5	2022:11:08    10:54:11,527
0,000	-12,740	-12,896	-12,889	-12,985	-12,992	-13,012	-13,020	-13,016	-13,018	-13,028	-13,018	-12,994	-12,952	-12,874	-12,775	-0,355	-0,222	-0,190	-0,116	-0,076	-0,046	-0,026	-0,011	0,007	0,029	0,068	0,108	0,143	0,168	0,138	0,000	0,000
1,000	-16,191	-16,221	-16,184	-16,038	-15,927	-15,838	-15,790	-15,750	-15,703	-15,685	-15,647	-15,613	-15,568	-15,488	-15,392	-0,132	0,041	0,110	0,231	0,252	0,238	0,218	0,194	0,186	0,177	0,179	0,185	0,188	0,195	0,150	0,000	0,000
2,000	-10,209	-10,225	-10,206	-10,109	-10,015	-9,947	-9,904	-9,873	-9,826	-9,788	-9,738	-9,673	-9,582	-9,444	-9,283	-0,064	0,025	0,079	0,189	0,218	0,202	0,214	0,207	0,214	0,227	0,262	0,289	0,314	0,328	0,248	0,000	0,000
3,000	-20,273	-20,326	-20,302	-20,042	-19,851	-19,731	-19,664	-19,609	-19,560	-19,546	-19,507	-19,480	-19,428	-19,337	-19,232	-0,143	0,091	0,194	0,386	0,387	0,329	0,294	0,257	0,230	0,189	0,183	0,198	0,207	0,214	0,159	0,000	0,000
4,000	-10,880	-10,973	-10,885	-10,866	-10,830	-10,846	-10,844	-10,838	-10,840	-10,829	-10,803	-10,749	-10,640	-10,470	-10,251	-0,328	-0,012	-0,025	0,025	0,028	0,050	0,053	0,068	0,088	0,139	0,207	0,274	0,347	0,387	0,319	0,000	0,000
5,000	-10,625	-10,256	-10,347	-10,275	-10,268	-10,235	-10,217	-10,206	-10,179	-10,166	-10,121	-10,057	-9,946	-9,749	-9,497	0,955	0,394	0,294	0,189	0,155	0,125	0,142	0,151	0,174	0,198	0,264	0,332	0,409	0,445	0,357	0,000	0,000
6,000	-7,274	-7,092	-6,931	-6,748	-6,627	-6,564	-6,530	-6,500	-6,463	-6,442	-6,394	-6,337	-6,256	-6,121	-5,960	0,669	0,560	0,466	0,378	0,319	0,269	0,244	0,229	0,220	0,217	0,247	0,276	0,294	0,313	0,246	0,000	0,000
7,000	-7,117	-7,088	-7,054	-6,964	-6,910	-6,876	-6,862	-6,854	-6,837	-6,833	-6,820	-6,800	-6,775	-6,731	-6,678	0,014	0,062	0,096	0,129	0,111	0,092	0,080	0,079	0,076	0,072	0,079	0,090	0,093	0,103	0,080	0,000	0,000
8,000	-20,166	-20,348	-20,405	-20,522	-20,509	-20,565	-20,601	-20,628	-20,652	-20,708	-20,727	-20,749	-20,748	-20,718	-20,663	-0,282	-0,226	-0,218	-0,158	-0,140	-0,156	-0,149	-0,145	-0,120	-0,113	-0,074	-0,023	0,009	0,052	0,054	0,000	0,000
9,000	-9,662	-9,630	-9,566	-9,379	-9,249	-9,130	-9,067	-9,016	-8,963	-8,917	-8,858	-8,794	-8,723	-8,594	-8,453	0,038	0,143	0,212	0,325	0,341	0,317	0,300	0,282	0,264	0,258	0,277	0,283	0,293	0,297	0,223	0,000	0,000
10,000	-9,658	-9,644	-9,503	-9,328	-9,222	-9,181	-9,150	-9,134	-9,114	-9,114	-9,093	-9,059	-9,003	-8,909	-8,797	-0,029	0,203	0,220	0,249	0,206	0,172	0,147	0,137	0,122	0,127	0,143	0,171	0,200	0,210	0,171	0,000	0,000
11,000	-10,151	-10,029	-9,994	-9,836	-9,748	-9,694	-9,661	-9,633	-9,607	-9,584	-9,549	-9,500	-9,440	-9,327	-9,197	0,157	0,180	0,203	0,229	0,216	0,184	0,178	0,168	0,167	0,172	0,194	0,220	0,236	0,253	0,194	0,000	0,000
12,000	-14,731	-14,837	-14,718	-14,692	-14,631	-14,609	-14,606	-14,594	-14,582	-14,584	-14,555	-14,518	-14,456	-14,338	-14,195	-0,065	0,062	0,085	0,104	0,097	0,083	0,082	0,089	0,092	0,105	0,147	0,192	0,239	0,263	0,207	0,000	0,000
13,000	-8,771	-8,821	-8,802	-8,824	-8,809	-8,794	-8,780	-8,766	-8,739	-8,705	-8,654	-8,575	-8,473	-8,304	-8,089	-0,069	-0,028	-0,021	0,024	0,056	0,082	0,107	0,132	0,164	0,204	0,261	0,313	0,366	0,392	0,309	0,000	0,000
14,000	-12,229	-12,087	-12,217	-12,139	-12,129	-12,098	-12,074	-12,081	-12,061	-12,053	-12,039	-12,007	-11,928	-11,791	-11,599	-0,013	-0,100	-0,031	0,049	0,057	0,058	0,071	0,077	0,090	0,112	0,158	0,222	0,281	0,318	0,264	0,000	0,000
15,000	-8,988	-9,119	-9,048	-9,064	-9,022	-9,023	-9,016	-9,003	-8,991	-8,987	-8,968	-8,938	-8,896	-8,830	-8,749	-0,268	-0,052	-0,051	0,018	0,029	0,044	0,049	0,056	0,063	0,078	0,100	0,113	0,139	0,148	0,118	0,000	0,000
	run	6	2022:11:08    10:54:11,627
0,000	-12,615	-12,760	-12,757	-12,852	-12,865	-12,886	-12,884	-12,893	-12,887	-12,893	-12,888	-12,864	-12,821	-12,738	-12,637	-0,350	-0,225	-0,190	-0,116	-0,077	-0,042	-0,024	-0,010	0,007	0,033	0,068	0,105	0,148	0,167	0,137	0,000	0,000
1,000	-16,098	-16,125	-16,075	-15,935	-15,833	-15,743	-15,697	-15,652	-15,616	-15,590	-15,548	-15,511	-15,465	-15,387	-15,293	-0,134	0,040	0,122	0,223	0,247	0,224	0,228	0,196	0,188	0,176	0,183	0,182	0,192	0,193	0,155	0,000	0,000
2,000	-9,867	-9,893	-9,882	-9,797	-9,703	-9,633	-9,590	-9,560	-9,513	-9,494	-9,439	-9,375	-9,292	-9,162	-9,014	-0,068	0,009	0,073	0,184	0,208	0,198	0,207	0,201	0,205	0,216	0,236	0,274	0,292	0,302	0,228	0,000	0,000
3,000	-19,916	-19,982	-19,976	-19,751	-19,576	-19,457	-19,389	-19,343	-19,284	-19,271	-19,237	-19,205	-19,160	-19,069	-18,964	-0,158	0,042	0,153	0,347	0,358	0,308	0,282	0,245	0,215	0,188	0,184	0,196	0,198	0,206	0,158	0,000	0,000
4,000	-10,717	-10,839	-10,724	-10,715	-10,661	-10,685	-10,679	-10,675	-10,670	-10,663	-10,638	-10,585	-10,484	-10,324	-10,109	-0,342	-0,004	-0,010	0,037	0,034	0,051	0,056	0,068	0,088	0,136	0,196	0,261	0,333	0,375	0,314	0,000	0,000
5,000	-10,409	-10,022	-10,141	-10,053	-10,048	-10,015	-9,989	-9,986	-9,954	-9,942	-9,899	-9,834	-9,715	-9,522	-9,264	0,993	0,391	0,296	0,190	0,156	0,128	0,139	0,151	0,178	0,205	0,262	0,333	0,414	0,454	0,371	0,000	0,000
6,000	-7,235	-7,043	-6,899	-6,716	-6,600	-6,534	-6,506	-6,475	-6,432	-6,416	-6,365	-6,313	-6,236	-6,101	-5,946	0,680	0,538	0,456	0,375	0,315	0,266	0,239	0,231	0,215	0,217	0,240	0,269	0,293	0,306	0,237	0,000	0,000
7,000	-7,179	-7,150	-7,119	-7,034	-6,981	-6,950	-6,936	-6,925	-6,910	-6,911	-6,897	-6,879	-6,855	-6,803	-6,750	-0,003	0,043	0,073	0,126	0,106	0,085	0,091	0,079	0,078	0,076	0,081	0,092	0,102	0,103	0,082	0,000	0,000
8,000	-20,442	-20,624	-20,664	-20,771	-20,767	-20,816	-20,847	-20,878	-20,904	-20,958	-20,977	-20,989	-20,992	-20,946	-20,888	-0,301	-0,222	-0,217	-0,154	-0,128	-0,147	-0,136	-0,134	-0,110	-0,097	-0,056	-0,009	0,027	0,069	0,065	0,000	0,000
9,000	-9,891	-9,870	-9,799	-9,638	-9,494	-9,379	-9,314	-9,265	-9,206	-9,164	-9,101	-9,036	-8,957	-8,829	-8,680	0,033	0,122	0,199	0,323	0,343	0,313	0,304	0,280	0,273	0,264	0,284	0,297	0,307	0,310	0,233	0,000	0,000
10,000	-10,006	-9,960	-9,782	-9,573	-9,460	-9,414	-9,393	-9,373	-9,352	-9,357	-9,334	-9,302	-9,237	-9,138	-9,024	0,027	0,274	0,281	0,278	0,231	0,191	0,158	0,140	0,124	0,133	0,146	0,176	0,212	0,221	0,180	0,000	0,000
11,000	-10,500	-10,388	-10,339	-10,173	-10,083	-10,025	-9,992	-9,969	-9,935	-9,922	-9,875	-9,830	-9,762	-9,652	-9,513	0,189	0,207	0,212	0,242	0,225	0,186	0,181	0,173	0,174	0,178	0,200	0,227	0,250	0,265	0,204	0,000	0,000
12,000	-15,197	-15,292	-15,188	-15,153	-15,089	-15,070	-15,060	-15,045	-15,029	-15,042	-15,009	-14,968	-14,909	-14,779	-14,635	-0,071	0,068	0,086	0,105	0,105	0,089	0,092	0,093	0,101	0,109	0,153	0,196	0,241	0,269	0,214	0,000	0,000
13,000	-8,683	-8,779	-8,768	-8,770	-8,765	-8,750	-8,736	-8,714	-8,687	-8,663	-8,610	-8,538	-8,427	-8,257	-8,051	-0,087	-0,039	-0,033	0,022	0,044	0,085	0,100	0,130	0,158	0,200	0,258	0,305	0,364	0,395	0,314	0,000	0,000
14,000	-11,855	-11,689	-11,809	-11,733	-11,731	-11,695	-11,679	-11,672	-11,659	-11,654	-11,649	-11,605	-11,526	-11,397	-11,207	0,012	-0,107	-0,022	0,053	0,066	0,054	0,072	0,070	0,091	0,108	0,158	0,212	0,272	0,313	0,259	0,000	0,000
15,000	-8,739	-8,881	-8,815	-8,826	-8,789	-8,788	-8,784	-8,773	-8,757	-8,755	-8,735	-8,709	-8,667	-8,603	-8,527	-0,267	-0,052	-0,055	0,012	0,026	0,043	0,050	0,056	0,064	0,074	0,091	0,112	0,134	0,143	0,119	0,000	0,000
	run	7	2022:11:08    10:54:11,681
0,000	-12,615	-12,760	-12,757	-12,852	-12,865	-12,886	-12,884	-12,893	-12,887	-12,893	-12,888	-12,864	-12,821	-12,738	-12,637	-0,350	-0,225	-0,190	-0,116	-0,077	-0,042	-0,024	-0,010	0,007	0,033	0,068	0,105	0,148	0,167	0,137	0,000	0,000
1,000	-16,098	-16,125	-16,075	-15,935	-15,833	-15,743	-15,697	-15,652	-15,616	-15,590	-15,548	-15,511	-15,465	-15,387	-15,293	-0,134	0,040	0,122	0,223	0,247	0,224	0,228	0,196	0,188	0,176	0,183	0,182	0,192	0,193	0,155	0,000	0,000
2,000	-9,867	-9,893	-9,882	-9,797	-9,703	-9,633	-9,590	-9,560	-9,513	-9,494	-9,439	-9,375	-9,292	-9,162	-9,014	-0,068	0,009	0,073	0,184	0,208	0,198	0,207	0,201	0,205	0,216	0,236	0,274	0,292	0,302	0,228	0,000	0,000
3,000	-19,916	-19,982	-19,976	-19,751	-19,576	-19,457	-19,389	-19,343	-19,284	-19,271	-19,237	-19,205	-19,160	-19,069	-18,964	-0,158	0,042	0,153	0,347	0,358	0,308	0,282	0,245	0,215	0,188	0,184	0,196	0,198	0,206	0,158	0,000	0,000
4,000	-10,717	-10,839	-10,724	-10,715	-10,661	-10,685	-10,679	-10,675	-10,670	-10,663	-10,638	-10,585	-10,484	-10,324	-10,109	-0,342	-0,004	-0,010	0,037	0,034	0,051	0,056	0,068	0,088	0,136	0,196	0,261	0,333	0,375	0,314	0,000	0,000
5,000	-10,409	-10,022	-10,141	-10,053	-10,048	-10,015	-9,989	-9,986	-9,954	-9,942	-9,899	-9,834	-9,715	-9,522	-9,264	0,993	0,391	0,296	0,190	0,156	0,128	0,139	0,151	0,178	0,205	0,262	0,333	0,414	0,454	0,371	0,000	0,000
6,000	-7,243	-7,065	-6,918	-6,740	-6,636	-6,570	-6,539	-6,506	-6,472	-6,446	-6,392	-6,340	-6,260	-6,127	-5,968	0,679	0,531	0,462	0,366	0,316	0,264	0,242	0,225	0,218	0,221	0,247	0,276	0,300	0,309	0,247	0,000	0,000
7,000	-7,216	-7,171	-7,138	-7,038	-6,983	-6,950	-6,944	-6,930	-6,911	-6,910	-6,901	-6,874	-6,845	-6,800	-6,742	0,022	0,070	0,093	0,133	0,117	0,093	0,086	0,079	0,076	0,077	0,080	0,092	0,100	0,108	0,084	0,000	0,000
8,000	-20,759	-20,948	-20,990	-21,125	-21,112	-21,166	-21,201	-21,230	-21,259	-21,313	-21,340	-21,349	-21,349	-21,304	-21,250	-0,329	-0,239	-0,227	-0,164	-0,145	-0,154	-0,146	-0,131	-0,120	-0,106	-0,061	-0,014	0,015	0,063	0,058	0,000	0,000
9,000	-10,025	-9,964	-9,887	-9,684	-9,546	-9,423	-9,361	-9,311	-9,253	-9,207	-9,146	-9,083	-8,997	-8,859	-8,707	0,069	0,162	0,238	0,359	0,364	0,332	0,316	0,296	0,282	0,278	0,288	0,306	0,320	0,320	0,244	0,000	0,000
10,000	-10,148	-10,099	-9,916	-9,715	-9,597	-9,553	-9,531	-9,511	-9,497	-9,498	-9,478	-9,444	-9,380	-9,287	-9,167	0,053	0,287	0,290	0,287	0,239	0,189	0,162	0,140	0,120	0,134	0,151	0,173	0,212	0,225	0,179	0,000	0,000
11,000	-10,539	-10,401	-10,354	-10,196	-10,107	-10,049	-10,016	-9,991	-9,961	-9,941	-9,907	-9,855	-9,778	-9,664	-9,532	0,183	0,208	0,222	0,247	0,229	0,191	0,183	0,174	0,175	0,177	0,205	0,231	0,252	0,266	0,203	0,000	0,000
12,000	-14,945	-15,043	-14,930	-14,896	-14,832	-14,813	-14,804	-14,788	-14,777	-14,784	-14,769	-14,722	-14,659	-14,541	-14,402	-0,081	0,079	0,079	0,104	0,103	0,088	0,087	0,092	0,089	0,102	0,142	0,187	0,228	0,260	0,207	0,000	0,000
13,000	-8,528	-8,627	-8,618	-8,636	-8,618	-8,617	-8,597	-8,576	-8,554	-8,531	-8,477	-8,409	-8,299	-8,139	-7,926	-0,095	-0,040	-0,036	0,021	0,044	0,069	0,099	0,132	0,156	0,198	0,255	0,297	0,354	0,379	0,306	0,000	0,000
14,000	-11,596	-11,434	-11,560	-11,489	-11,486	-11,450	-11,425	-11,434	-11,416	-11,404	-11,405	-11,359	-11,289	-11,158	-10,978	0,003	-0,110	-0,025	0,048	0,055	0,050	0,069	0,068	0,087	0,105	0,149	0,210	0,267	0,296	0,248	0,000	0,000
15,000	-8,789	-8,935	-8,859	-8,876	-8,833	-8,836	-8,830	-8,816	-8,803	-8,800	-8,775	-8,756	-8,709	-8,639	-8,561	-0,268	-0,056	-0,060	0,011	0,022	0,040	0,046	0,059	0,062	0,079	0,097	0,116	0,141	0,149	0,122	0,000	0,000
	run	8	2022:11:08    10:54:11,780
0,000	-12,992	-13,139	-13,144	-13,236	-13,256	-13,275	-13,284	-13,288	-13,290	-13,296	-13,285	-13,262	-13,215	-13,135	-13,025	-0,352	-0,223	-0,201	-0,127	-0,087	-0,051	-0,033	-0,013	0,009	0,031	0,075	0,111	0,150	0,181	0,143	0,000	0,000
1,000	-16,859	-16,890	-16,818	-16,661	-16,528	-16,429	-16,372	-16,328	-16,293	-16,267	-16,224	-16,194	-16,138	-16,053	-15,953	-0,101	0,062	0,139	0,264	0,289	0,258	0,247	0,218	0,208	0,188	0,191	0,198	0,207	0,211	0,158	0,000	0,000
2,000	-10,190	-10,204	-10,189	-10,078	-9,985	-9,914	-9,870	-9,832	-9,790	-9,762	-9,701	-9,640	-9,554	-9,412	-9,250	-0,080	0,033	0,087	0,202	0,221	0,213	0,220	0,212	0,225	0,226	0,251	0,291	0,315	0,318	0,246	0,000	0,000
3,000	-20,521	-20,571	-20,564	-20,281	-20,086	-19,965	-19,892	-19,840	-19,787	-19,773	-19,733	-19,705	-19,653	-19,558	-19,448	-0,130	0,084	0,205	0,393	0,401	0,336	0,305	0,269	0,232	0,194	0,196	0,210	0,211	0,223	0,166	0,000	0,000
4,000	-10,800	-10,907	-10,793	-10,787	-10,744	-10,761	-10,762	-10,757	-10,756	-10,753	-10,725	-10,664	-10,562	-10,394	-10,173	-0,336	-0,004	-0,013	0,043	0,028	0,046	0,048	0,071	0,089	0,137	0,200	0,264	0,343	0,384	0,315	0,000	0,000
5,000	-10,452	-10,065	-10,188	-10,102	-10,096	-10,069	-10,044	-10,041	-10,011	-10,000	-9,954	-9,886	-9,777	-9,575	-9,321	0,958	0,392	0,295	0,183	0,145	0,118	0,143	0,154	0,170	0,207	0,267	0,326	0,407	0,449	0,367	0,000	0,000
6,000	-7,155	-6,981	-6,838	-6,659	-6,550	-6,486	-6,451	-6,420	-6,383	-6,361	-6,316	-6,252	-6,176	-6,033	-5,866	0,657	0,540	0,453	0,372	0,316	0,263	0,247	0,227	0,220	0,228	0,249	0,276	0,301	0,315	0,249	0,000	0,000
7,000	-7,241	-7,181	-7,149	-7,043	-6,996	-6,966	-6,949	-6,944	-6,916	-6,919	-6,906	-6,886	-6,855	-6,804	-6,745	0,032	0,087	0,111	0,142	0,114	0,091	0,088	0,077	0,077	0,073	0,085	0,095	0,106	0,116	0,084	0,000	0,000
8,000	-20,850	-21,075	-21,136	-21,275	-21,276	-21,321	-21,363	-21,392	-21,410	-21,475	-21,493	-21,512	-21,516	-21,476	-21,421	-0,343	-0,274	-0,244	-0,179	-0,159	-0,168	-0,153	-0,141	-0,122	-0,113	-0,070	-0,022	0,011	0,055	0,055	0,000	0,000
9,000	-10,130	-10,070	-9,974	-9,752	-9,618	-9,494	-9,427	-9,377	-9,322	-9,276	-9,214	-9,145	-9,062	-8,934	-8,780	0,067	0,193	0,262	0,373	0,370	0,333	0,321	0,296	0,284	0,278	0,291	0,301	0,315	0,321	0,241	0,000	0,000
10,000	-9,929	-9,888	-9,711	-9,531	-9,415	-9,376	-9,349	-9,333	-9,311	-9,314	-9,293	-9,259	-9,200	-9,106	-8,992	0,013	0,254	0,257	0,274	0,223	0,179	0,154	0,139	0,125	0,125	0,148	0,175	0,204	0,221	0,177	0,000	0,000
11,000	-10,155	-10,023	-9,983	-9,812	-9,730	-9,668	-9,636	-9,610	-9,584	-9,563	-9,525	-9,478	-9,409	-9,301	-9,171	0,166	0,197	0,208	0,242	0,233	0,190	0,182	0,170	0,169	0,171	0,195	0,220	0,242	0,250	0,195	0,000	0,000
12,000	-14,543	-14,646	-14,535	-14,505	-14,443	-14,426	-14,425	-14,409	-14,393	-14,408	-14,381	-14,347	-14,286	-14,167	-14,035	-0,065	0,077	0,074	0,092	0,093	0,083	0,080	0,082	0,089	0,097	0,135	0,184	0,221	0,249	0,198	0,000	0,000
13,000	-8,471	-8,544	-8,550	-8,568	-8,547	-8,542	-8,520	-8,507	-8,481	-8,463	-8,401	-8,332	-8,230	-8,068	-7,863	-0,080	-0,041	-0,039	0,019	0,047	0,078	0,098	0,127	0,153	0,191	0,249	0,293	0,350	0,380	0,301	0,000	0,000
14,000	-11,760	-11,633	-11,749	-11,667	-11,664	-11,632	-11,611	-11,614	-11,599	-11,587	-11,586	-11,547	-11,461	-11,324	-11,138	-0,015	-0,118	-0,026	0,045	0,058	0,054	0,067	0,072	0,087	0,103	0,153	0,220	0,281	0,312	0,261	0,000	0,000
15,000	-9,035	-9,161	-9,092	-9,107	-9,072	-9,066	-9,059	-9,047	-9,033	-9,030	-9,007	-8,985	-8,939	-8,865	-8,785	-0,275	-0,049	-0,054	0,017	0,027	0,047	0,050	0,062	0,069	0,080	0,105	0,116	0,143	0,149	0,122	0,000	0,000
	run	9	2022:11:08    10:54:11,880
0,000	-13,365	-13,514	-13,523	-13,618	-13,643	-13,658	-13,665	-13,670	-13,673	-13,679	-13,671	-13,644	-13,597	-13,509	-13,406	-0,352	-0,227	-0,196	-0,122	-0,090	-0,052	-0,033	-0,016	0,006	0,034	0,070	0,121	0,157	0,184	0,148	0,000	0,000
1,000	-17,080	-17,101	-17,040	-16,869	-16,727	-16,632	-16,574	-16,526	-16,482	-16,452	-16,420	-16,376	-16,324	-16,240	-16,139	-0,085	0,092	0,163	0,282	0,300	0,271	0,254	0,228	0,209	0,194	0,201	0,201	0,206	0,207	0,158	0,000	0,000
2,000	-10,353	-10,366	-10,351	-10,241	-10,147	-10,069	-10,026	-9,990	-9,945	-9,917	-9,863	-9,790	-9,694	-9,549	-9,384	-0,059	0,031	0,090	0,206	0,228	0,215	0,220	0,221	0,224	0,234	0,264	0,301	0,328	0,331	0,253	0,000	0,000
3,000	-20,738	-20,778	-20,752	-20,458	-20,255	-20,126	-20,059	-20,004	-19,952	-19,939	-19,897	-19,864	-19,818	-19,718	-19,605	-0,130	0,121	0,230	0,417	0,415	0,349	0,307	0,272	0,239	0,197	0,197	0,212	0,219	0,226	0,168	0,000	0,000
4,000	-11,086	-11,211	-11,108	-11,097	-11,064	-11,083	-11,077	-11,077	-11,076	-11,062	-11,038	-10,978	-10,866	-10,691	-10,463	-0,354	-0,017	-0,018	0,029	0,030	0,047	0,055	0,068	0,090	0,145	0,219	0,287	0,360	0,406	0,336	0,000	0,000
5,000	-10,722	-10,334	-10,441	-10,354	-10,349	-10,314	-10,289	-10,290	-10,262	-10,241	-10,204	-10,134	-10,015	-9,815	-9,547	0,994	0,410	0,297	0,202	0,158	0,127	0,147	0,152	0,173	0,204	0,265	0,342	0,421	0,465	0,373	0,000	0,000
6,000	-7,258	-7,074	-6,909	-6,728	-6,610	-6,545	-6,513	-6,484	-6,441	-6,419	-6,376	-6,329	-6,237	-6,113	-5,962	0,668	0,540	0,476	0,381	0,320	0,264	0,243	0,227	0,217	0,215	0,235	0,265	0,290	0,304	0,236	0,000	0,000
7,000	-6,987	-6,971	-6,953	-6,887	-6,836	-6,811	-6,800	-6,787	-6,779	-6,770	-6,757	-6,743	-6,721	-6,672	-6,628	-0,020	0,031	0,053	0,100	0,093	0,071	0,078	0,064	0,064	0,057	0,071	0,079	0,086	0,092	0,069	0,000	0,000
8,000	-20,547	-20,752	-20,793	-20,910	-20,914	-20,958	-20,995	-21,029	-21,051	-21,112	-21,126	-21,145	-21,155	-21,106	-21,059	-0,285	-0,224	-0,200	-0,159	-0,145	-0,156	-0,142	-0,140	-0,118	-0,105	-0,069	-0,018	0,010	0,052	0,057	0,000	0,000
9,000	-9,792	-9,721	-9,676	-9,470	-9,333	-9,214	-9,151	-9,107	-9,049	-9,002	-8,946	-8,893	-8,806	-8,685	-8,542	0,077	0,152	0,219	0,336	0,353	0,322	0,308	0,279	0,267	0,265	0,271	0,289	0,298	0,300	0,227	0,000	0,000
10,000	-9,623	-9,616	-9,484	-9,337	-9,238	-9,195	-9,171	-9,153	-9,130	-9,134	-9,109	-9,079	-9,021	-8,931	-8,821	-0,057	0,192	0,195	0,224	0,204	0,167	0,143	0,131	0,115	0,123	0,141	0,162	0,198	0,210	0,167	0,000	0,000
11,000	-9,880	-9,782	-9,738	-9,596	-9,517	-9,460	-9,429	-9,408	-9,374	-9,356	-9,320	-9,276	-9,213	-9,107	-8,987	0,141	0,159	0,178	0,214	0,207	0,172	0,169	0,157	0,163	0,163	0,194	0,204	0,230	0,241	0,184	0,000	0,000
12,000	-14,223	-14,325	-14,218	-14,188	-14,125	-14,106	-14,100	-14,086	-14,075	-14,083	-14,059	-14,022	-13,962	-13,848	-13,721	-0,043	0,068	0,076	0,097	0,094	0,082	0,080	0,085	0,088	0,100	0,131	0,177	0,213	0,241	0,192	0,000	0,000
13,000	-8,408	-8,409	-8,427	-8,436	-8,427	-8,418	-8,402	-8,389	-8,365	-8,329	-8,279	-8,207	-8,106	-7,947	-7,745	-0,047	-0,034	-0,025	0,025	0,053	0,079	0,100	0,123	0,156	0,189	0,245	0,300	0,348	0,368	0,293	0,000	0,000
14,000	-11,992	-11,901	-11,978	-11,916	-11,908	-11,882	-11,864	-11,858	-11,848	-11,839	-11,826	-11,781	-11,704	-11,565	-11,371	-0,089	-0,103	-0,023	0,040	0,051	0,057	0,073	0,082	0,089	0,116	0,160	0,215	0,281	0,324	0,269	0,000	0,000
15,000	-9,220	-9,337	-9,262	-9,282	-9,235	-9,236	-9,229	-9,214	-9,201	-9,197	-9,175	-9,147	-9,102	-9,027	-8,949	-0,262	-0,057	-0,045	0,019	0,034	0,047	0,055	0,059	0,066	0,085	0,107	0,124	0,146	0,154	0,130	0,000	0,000
	run	10	2022:11:08    10:54:11,928
0,000	-13,603	-13,764	-13,776	-13,889	-13,912	-13,927	-13,938	-13,941	-13,942	-13,948	-13,937	-13,912	-13,859	-13,768	-13,649	-0,370	-0,245	-0,208	-0,133	-0,099	-0,062	-0,037	-0,015	0,012	0,034	0,084	0,132	0,166	0,200	0,163	0,000	0,000
1,000	-17,761	-17,751	-17,675	-17,447	-17,287	-17,184	-17,127	-17,077	-17,031	-17,001	-16,957	-16,917	-16,873	-16,776	-16,669	-0,031	0,144	0,239	0,345	0,350	0,306	0,283	0,252	0,228	0,210	0,210	0,211	0,220	0,224	0,171	0,000	0,000
2,000	-10,353	-10,366	-10,351	-10,241	-10,147	-10,069	-10,026	-9,990	-9,945	-9,917	-9,863	-9,790	-9,694	-9,549	-9,384	-0,059	0,031	0,090	0,206	0,228	0,215	0,220	0,221	0,224	0,234	0,264	0,301	0,328	0,331	0,253	0,000	0,000
3,000	-20,738	-20,778	-20,752	-20,458	-20,255	-20,126	-20,059	-20,004	-19,952	-19,939	-19,897	-19,864	-19,818	-19,718	-19,605	-0,130	0,121	0,230	0,417	0,415	0,349	0,307	0,272	0,239	0,197	0,197	0,212	0,219	0,226	0,168	0,000	0,000
4,000	-11,086	-11,211	-11,108	-11,097	-11,064	-11,083	-11,077	-11,077	-11,076	-11,062	-11,038	-10,978	-10,866	-10,691	-10,463	-0,354	-0,017	-0,018	0,029	0,030	0,047	0,055	0,068	0,090	0,145	0,219	0,287	0,360	0,406	0,336	0,000	0,000
5,000	-10,722	-10,334	-10,441	-10,354	-10,349	-10,314	-10,289	-10,290	-10,262	-10,241	-10,204	-10,134	-10,015	-9,815	-9,547	0,994	0,410	0,297	0,202	0,158	0,127	0,147	0,152	0,173	0,204	0,265	0,342	0,421	0,465	0,373	0,000	0,000
6,000	-7,258	-7,074	-6,909	-6,728	-6,610	-6,545	-6,513	-6,484	-6,441	-6,419	-6,376	-6,329	-6,237	-6,113	-5,962	0,668	0,540	0,476	0,381	0,320	0,264	0,243	0,227	0,217	0,215	0,235	0,265	0,290	0,304	0,236	0,000	0,000
7,000	-6,987	-6,971	-6,953	-6,887	-6,836	-6,811	-6,800	-6,787	-6,779	-6,770	-6,757	-6,743	-6,721	-6,672	-6,628	-0,020	0,031	0,053	0,100	0,093	0,071	0,078	0,064	0,064	0,057	0,071	0,079	0,086	0,092	0,069	0,000	0,000
8,000	-19,614	-19,788	-19,804	-19,881	-19,874	-19,916	-19,953	-19,979	-20,002	-20,063	-20,078	-20,097	-20,097	-20,060	-20,011	-0,273	-0,192	-0,174	-0,123	-0,109	-0,133	-0,129	-0,126	-0,110	-0,101	-0,062	-0,022	0,006	0,057	0,055	0,000	0,000
9,000	-9,323	-9,299	-9,265	-9,138	-9,025	-8,925	-8,862	-8,816	-8,756	-8,726	-8,667	-8,609	-8,530	-8,419	-8,284	0,006	0,075	0,125	0,258	0,282	0,273	0,270	0,257	0,243	0,239	0,252	0,264	0,277	0,278	0,205	0,000	0,000
10,000	-9,235	-9,255	-9,139	-9,011	-8,921	-8,886	-8,858	-8,842	-8,822	-8,823	-8,810	-8,779	-8,728	-8,643	-8,539	-0,067	0,154	0,160	0,188	0,167	0,143	0,122	0,115	0,108	0,110	0,123	0,153	0,179	0,193	0,161	0,000	0,000
11,000	-9,908	-9,813	-9,790	-9,666	-9,590	-9,537	-9,509	-9,486	-9,454	-9,440	-9,405	-9,360	-9,301	-9,200	-9,085	0,117	0,132	0,159	0,195	0,192	0,155	0,160	0,147	0,154	0,161	0,181	0,204	0,216	0,232	0,176	0,000	0,000
12,000	-13,961	-14,045	-13,927	-13,897	-13,837	-13,816	-13,814	-13,798	-13,786	-13,797	-13,768	-13,731	-13,679	-13,569	-13,438	-0,043	0,081	0,087	0,105	0,094	0,079	0,084	0,083	0,088	0,100	0,135	0,174	0,217	0,234	0,188	0,000	0,000
13,000	-8,376	-8,460	-8,423	-8,458	-8,442	-8,431	-8,417	-8,394	-8,379	-8,347	-8,290	-8,221	-8,123	-7,968	-7,768	-0,085	-0,043	-0,031	0,011	0,044	0,076	0,099	0,122	0,155	0,193	0,249	0,294	0,345	0,368	0,291	0,000	0,000
14,000	-12,043	-11,887	-12,006	-11,935	-11,927	-11,896	-11,877	-11,875	-11,859	-11,857	-11,832	-11,807	-11,724	-11,580	-11,386	-0,010	-0,115	-0,030	0,040	0,053	0,054	0,072	0,071	0,095	0,114	0,173	0,223	0,294	0,322	0,266	0,000	0,000
15,000	-9,268	-9,403	-9,334	-9,338	-9,300	-9,297	-9,288	-9,276	-9,260	-9,259	-9,231	-9,203	-9,149	-9,079	-8,991	-0,257	-0,052	-0,045	0,019	0,033	0,051	0,060	0,068	0,074	0,094	0,113	0,129	0,159	0,163	0,132	0,000	0,000
	run	11	2022:11:08    10:54:12,028
0,000	-13,671	-13,835	-13,850	-13,960	-13,995	-14,008	-14,015	-14,022	-14,022	-14,030	-14,020	-13,993	-13,941	-13,845	-13,720	-0,365	-0,252	-0,221	-0,141	-0,109	-0,063	-0,043	-0,015	0,012	0,035	0,084	0,130	0,176	0,198	0,164	0,000	0,000
1,000	-18,004	-18,006	-17,932	-17,705	-17,540	-17,433	-17,378	-17,325	-17,278	-17,249	-17,196	-17,163	-17,112	-17,010	-16,899	-0,039	0,153	0,245	0,350	0,347	0,312	0,286	0,251	0,233	0,213	0,223	0,222	0,222	0,231	0,176	0,000	0,000
2,000	-10,994	-10,983	-10,966	-10,817	-10,722	-10,639	-10,596	-10,556	-10,505	-10,466	-10,413	-10,332	-10,229	-10,064	-9,876	-0,041	0,067	0,142	0,242	0,255	0,232	0,240	0,235	0,247	0,262	0,298	0,337	0,372	0,378	0,294	0,000	0,000
3,000	-21,977	-21,957	-21,887	-21,510	-21,287	-21,151	-21,078	-21,022	-20,971	-20,958	-20,916	-20,884	-20,831	-20,720	-20,602	-0,008	0,231	0,358	0,504	0,485	0,393	0,343	0,295	0,260	0,218	0,212	0,227	0,230	0,244	0,182	0,000	0,000
4,000	-11,635	-11,765	-11,650	-11,671	-11,642	-11,650	-11,655	-11,647	-11,645	-11,634	-11,607	-11,542	-11,418	-11,234	-10,990	-0,346	-0,046	-0,041	0,009	0,013	0,047	0,054	0,074	0,100	0,155	0,233	0,299	0,387	0,436	0,354	0,000	0,000
5,000	-10,877	-10,459	-10,562	-10,465	-10,461	-10,420	-10,402	-10,393	-10,373	-10,357	-10,316	-10,250	-10,128	-9,922	-9,658	1,001	0,436	0,336	0,211	0,161	0,138	0,143	0,155	0,179	0,210	0,272	0,346	0,424	0,465	0,374	0,000	0,000
6,000	-7,209	-7,006	-6,846	-6,651	-6,539	-6,472	-6,437	-6,404	-6,369	-6,346	-6,301	-6,251	-6,175	-6,046	-5,902	0,658	0,552	0,471	0,376	0,322	0,263	0,246	0,225	0,213	0,213	0,235	0,259	0,280	0,295	0,227	0,000	0,000
7,000	-6,775	-6,753	-6,745	-6,706	-6,672	-6,641	-6,629	-6,617	-6,608	-6,606	-6,591	-6,580	-6,555	-6,522	-6,476	-0,046	-0,001	0,035	0,081	0,077	0,059	0,064	0,060	0,056	0,056	0,066	0,075	0,079	0,085	0,056	0,000	0,000
8,000	-18,886	-19,039	-19,058	-19,106	-19,082	-19,121	-19,150	-19,176	-19,196	-19,249	-19,273	-19,280	-19,287	-19,245	-19,198	-0,253	-0,153	-0,129	-0,082	-0,085	-0,112	-0,107	-0,111	-0,104	-0,086	-0,049	-0,014	0,017	0,057	0,047	0,000	0,000
9,000	-8,879	-8,867	-8,853	-8,761	-8,669	-8,568	-8,508	-8,468	-8,414	-8,382	-8,325	-8,279	-8,209	-8,101	-7,971	0,002	0,048	0,097	0,219	0,252	0,246	0,249	0,233	0,228	0,221	0,237	0,242	0,257	0,260	0,194	0,000	0,000
10,000	-9,063	-9,076	-8,956	-8,857	-8,775	-8,741	-8,725	-8,706	-8,686	-8,691	-8,671	-8,646	-8,595	-8,514	-8,408	-0,082	0,134	0,141	0,174	0,150	0,131	0,116	0,107	0,099	0,102	0,122	0,144	0,176	0,185	0,150	0,000	0,000
11,000	-9,737	-9,642	-9,620	-9,510	-9,435	-9,382	-9,356	-9,337	-9,309	-9,292	-9,255	-9,218	-9,160	-9,057	-8,944	0,108	0,121	0,142	0,185	0,181	0,154	0,150	0,143	0,150	0,150	0,168	0,194	0,213	0,220	0,170	0,000	0,000
12,000	-13,960	-14,036	-13,925	-13,903	-13,838	-13,820	-13,822	-13,798	-13,791	-13,804	-13,773	-13,738	-13,682	-13,571	-13,446	-0,047	0,076	0,084	0,102	0,097	0,082	0,080	0,084	0,088	0,099	0,130	0,179	0,211	0,237	0,192	0,000	0,000
13,000	-8,435	-8,455	-8,473	-8,476	-8,471	-8,457	-8,441	-8,427	-8,405	-8,376	-8,318	-8,257	-8,153	-7,994	-7,798	-0,056	-0,037	-0,028	0,018	0,049	0,072	0,096	0,121	0,153	0,192	0,242	0,291	0,343	0,366	0,295	0,000	0,000
14,000	-12,084	-11,982	-12,057	-12,004	-11,995	-11,964	-11,939	-11,947	-11,925	-11,926	-11,907	-11,875	-11,784	-11,645	-11,449	-0,090	-0,112	-0,047	0,033	0,059	0,064	0,068	0,075	0,091	0,115	0,162	0,219	0,290	0,323	0,268	0,000	0,000
15,000	-9,324	-9,453	-9,379	-9,396	-9,354	-9,345	-9,342	-9,330	-9,308	-9,308	-9,285	-9,255	-9,204	-9,130	-9,039	-0,247	-0,054	-0,044	0,023	0,036	0,049	0,061	0,069	0,073	0,096	0,114	0,128	0,158	0,170	0,133	0,000	0,000
	run	12	2022:11:08    10:54:12,081
0,000	-13,671	-13,835	-13,850	-13,960	-13,995	-14,008	-14,015	-14,022	-14,022	-14,030	-14,020	-13,993	-13,941	-13,845	-13,720	-0,365	-0,252	-0,221	-0,141	-0,109	-0,063	-0,043	-0,015	0,012	0,035	0,084	0,130	0,176	0,198	0,164	0,000	0,000
1,000	-18,004	-18,006	-17,932	-17,705	-17,540	-17,433	-17,378	-17,325	-17,278	-17,249	-17,196	-17,163	-17,112	-17,010	-16,899	-0,039	0,153	0,245	0,350	0,347	0,312	0,286	0,251	0,233	0,213	0,223	0,222	0,222	0,231	0,176	0,000	0,000
2,000	-10,994	-10,983	-10,966	-10,817	-10,722	-10,639	-10,596	-10,556	-10,505	-10,466	-10,413	-10,332	-10,229	-10,064	-9,876	-0,041	0,067	0,142	0,242	0,255	0,232	0,240	0,235	0,247	0,262	0,298	0,337	0,372	0,378	0,294	0,000	0,000
3,000	-21,977	-21,957	-21,887	-21,510	-21,287	-21,151	-21,078	-21,022	-20,971	-20,958	-20,916	-20,884	-20,831	-20,720	-20,602	-0,008	0,231	0,358	0,504	0,485	0,393	0,343	0,295	0,260	0,218	0,212	0,227	0,230	0,244	0,182	0,000	0,000
4,000	-11,635	-11,765	-11,650	-11,671	-11,642	-11,650	-11,655	-11,647	-11,645	-11,634	-11,607	-11,542	-11,418	-11,234	-10,990	-0,346	-0,046	-0,041	0,009	0,013	0,047	0,054	0,074	0,100	0,155	0,233	0,299	0,387	0,436	0,354	0,000	0,000
5,000	-10,877	-10,459	-10,562	-10,465	-10,461	-10,420	-10,402	-10,393	-10,373	-10,357	-10,316	-10,250	-10,128	-9,922	-9,658	1,001	0,436	0,336	0,211	0,161	0,138	0,143	0,155	0,179	0,210	0,272	0,346	0,424	0,465	0,374	0,000	0,000
6,000	-7,087	-6,910	-6,765	-6,578	-6,479	-6,407	-6,379	-6,342	-6,309	-6,282	-6,244	-6,190	-6,111	-5,982	-5,848	0,643	0,534	0,456	0,370	0,314	0,258	0,241	0,219	0,212	0,208	0,233	0,256	0,275	0,289	0,220	0,000	0,000
7,000	-6,687	-6,666	-6,671	-6,620	-6,584	-6,561	-6,547	-6,546	-6,527	-6,518	-6,512	-6,495	-6,476	-6,438	-6,391	-0,019	-0,003	0,034	0,075	0,067	0,056	0,060	0,058	0,056	0,051	0,059	0,074	0,082	0,087	0,065	0,000	0,000
8,000	-18,924	-19,066	-19,091	-19,156	-19,131	-19,177	-19,207	-19,232	-19,259	-19,308	-19,322	-19,345	-19,343	-19,312	-19,264	-0,265	-0,159	-0,141	-0,088	-0,085	-0,112	-0,118	-0,110	-0,102	-0,095	-0,050	-0,016	0,012	0,050	0,051	0,000	0,000
9,000	-9,095	-9,069	-9,051	-8,938	-8,831	-8,729	-8,671	-8,624	-8,569	-8,531	-8,485	-8,426	-8,349	-8,242	-8,120	-0,002	0,055	0,124	0,235	0,277	0,262	0,260	0,246	0,240	0,229	0,238	0,255	0,261	0,267	0,199	0,000	0,000
10,000	-9,185	-9,194	-9,070	-8,956	-8,874	-8,837	-8,812	-8,801	-8,780	-8,783	-8,767	-8,743	-8,689	-8,598	-8,502	-0,065	0,150	0,151	0,180	0,158	0,138	0,121	0,111	0,102	0,103	0,126	0,153	0,183	0,188	0,154	0,000	0,000
11,000	-9,835	-9,740	-9,705	-9,585	-9,510	-9,457	-9,432	-9,408	-9,377	-9,367	-9,328	-9,290	-9,227	-9,128	-9,006	0,104	0,128	0,151	0,188	0,183	0,159	0,156	0,154	0,155	0,158	0,177	0,199	0,214	0,224	0,171	0,000	0,000
12,000	-14,090	-14,188	-14,084	-14,054	-13,985	-13,970	-13,962	-13,946	-13,937	-13,944	-13,922	-13,884	-13,832	-13,723	-13,586	-0,037	0,082	0,092	0,101	0,093	0,083	0,083	0,082	0,090	0,093	0,132	0,168	0,215	0,237	0,185	0,000	0,000
13,000	-8,428	-8,447	-8,452	-8,463	-8,461	-8,446	-8,435	-8,413	-8,390	-8,360	-8,314	-8,239	-8,137	-7,988	-7,793	-0,063	-0,040	-0,031	0,012	0,046	0,072	0,099	0,124	0,153	0,192	0,241	0,290	0,340	0,363	0,289	0,000	0,000
14,000	-12,120	-11,951	-12,077	-11,982	-11,983	-11,958	-11,935	-11,931	-11,920	-11,916	-11,903	-11,858	-11,767	-11,630	-11,428	-0,057	-0,121	-0,034	0,046	0,051	0,052	0,071	0,078	0,092	0,124	0,157	0,221	0,288	0,328	0,273	0,000	0,000
15,000	-9,327	-9,444	-9,384	-9,394	-9,355	-9,345	-9,339	-9,326	-9,307	-9,302	-9,284	-9,252	-9,204	-9,127	-9,041	-0,260	-0,046	-0,045	0,028	0,040	0,050	0,059	0,073	0,074	0,093	0,112	0,128	0,157	0,170	0,134	0,000	0,000
	run	13	2022:11:08    10:54:12,180
0,000	-13,606	-13,767	-13,785	-13,894	-13,919	-13,933	-13,946	-13,946	-13,944	-13,955	-13,946	-13,917	-13,867	-13,771	-13,656	-0,360	-0,248	-0,215	-0,132	-0,104	-0,067	-0,043	-0,015	0,008	0,036	0,082	0,128	0,170	0,198	0,156	0,000	0,000
1,000	-17,862	-17,871	-17,777	-17,562	-17,400	-17,293	-17,236	-17,191	-17,139	-17,111	-17,071	-17,027	-16,969	-16,880	-16,773	-0,035	0,166	0,232	0,345	0,349	0,305	0,281	0,246	0,228	0,214	0,217	0,217	0,222	0,225	0,168	0,000	0,000
2,000	-10,925	-10,920	-10,898	-10,760	-10,664	-10,585	-10,542	-10,500	-10,453	-10,418	-10,354	-10,283	-10,169	-10,017	-9,824	-0,059	0,060	0,129	0,233	0,247	0,239	0,242	0,229	0,245	0,258	0,293	0,339	0,369	0,376	0,290	0,000	0,000
3,000	-21,748	-21,731	-21,663	-21,298	-21,075	-20,939	-20,869	-20,814	-20,764	-20,755	-20,718	-20,681	-20,630	-20,533	-20,411	-0,032	0,222	0,339	0,487	0,465	0,373	0,331	0,287	0,246	0,206	0,208	0,217	0,221	0,233	0,177	0,000	0,000
4,000	-11,606	-11,743	-11,631	-11,646	-11,618	-11,628	-11,626	-11,621	-11,621	-11,610	-11,586	-11,516	-11,398	-11,211	-10,965	-0,351	-0,044	-0,059	0,010	0,010	0,042	0,057	0,078	0,099	0,158	0,231	0,311	0,387	0,438	0,361	0,000	0,000
5,000	-10,848	-10,466	-10,549	-10,463	-10,466	-10,426	-10,400	-10,402	-10,376	-10,360	-10,322	-10,252	-10,139	-9,934	-9,662	1,000	0,422	0,335	0,210	0,164	0,131	0,141	0,146	0,177	0,205	0,275	0,338	0,420	0,466	0,377	0,000	0,000
6,000	-7,093	-6,908	-6,747	-6,574	-6,466	-6,401	-6,370	-6,339	-6,295	-6,282	-6,227	-6,181	-6,102	-5,968	-5,824	0,636	0,537	0,453	0,372	0,319	0,263	0,244	0,223	0,216	0,214	0,234	0,259	0,282	0,291	0,230	0,000	0,000
7,000	-6,836	-6,818	-6,807	-6,745	-6,698	-6,670	-6,654	-6,650	-6,636	-6,631	-6,623	-6,601	-6,583	-6,544	-6,495	-0,011	0,018	0,046	0,098	0,083	0,070	0,065	0,060	0,061	0,059	0,067	0,076	0,081	0,089	0,066	0,000	0,000
8,000	-19,558	-19,734	-19,753	-19,838	-19,825	-19,873	-19,902	-19,927	-19,955	-20,006	-20,029	-20,049	-20,053	-20,017	-19,969	-0,276	-0,200	-0,171	-0,116	-0,113	-0,129	-0,126	-0,130	-0,111	-0,099	-0,059	-0,025	0,005	0,051	0,047	0,000	0,000
9,000	-9,476	-9,463	-9,424	-9,292	-9,179	-9,072	-9,013	-8,958	-8,905	-8,865	-8,810	-8,751	-8,679	-8,562	-8,424	0,009	0,064	0,143	0,266	0,296	0,281	0,276	0,260	0,250	0,240	0,260	0,266	0,275	0,278	0,207	0,000	0,000
10,000	-9,277	-9,288	-9,164	-9,041	-8,946	-8,908	-8,891	-8,873	-8,858	-8,854	-8,837	-8,813	-8,753	-8,665	-8,565	-0,067	0,159	0,165	0,191	0,170	0,143	0,129	0,116	0,104	0,108	0,126	0,153	0,182	0,194	0,152	0,000	0,000
11,000	-9,912	-9,813	-9,784	-9,653	-9,568	-9,519	-9,485	-9,464	-9,437	-9,422	-9,385	-9,344	-9,282	-9,180	-9,067	0,125	0,141	0,160	0,203	0,194	0,166	0,158	0,155	0,156	0,155	0,180	0,197	0,224	0,232	0,177	0,000	0,000
12,000	-13,990	-14,094	-13,974	-13,949	-13,884	-13,871	-13,864	-13,844	-13,835	-13,843	-13,819	-13,780	-13,730	-13,614	-13,488	-0,047	0,079	0,090	0,101	0,093	0,084	0,077	0,084	0,090	0,095	0,130	0,174	0,212	0,238	0,187	0,000	0,000
13,000	-8,305	-8,358	-8,340	-8,373	-8,360	-8,348	-8,338	-8,318	-8,290	-8,259	-8,205	-8,145	-8,048	-7,903	-7,697	-0,083	-0,040	-0,039	0,008	0,042	0,076	0,093	0,120	0,152	0,187	0,241	0,287	0,334	0,359	0,287	0,000	0,000
14,000	-11,840	-11,711	-11,847	-11,770	-11,772	-11,744	-11,725	-11,722	-11,710	-11,708	-11,689	-11,666	-11,571	-11,433	-11,244	-0,018	-0,120	-0,034	0,029	0,054	0,047	0,066	0,078	0,087	0,106	0,156	0,224	0,278	0,322	0,267	0,000	0,000
15,000	-9,228	-9,361	-9,287	-9,299	-9,257	-9,254	-9,243	-9,228	-9,215	-9,213	-9,187	-9,157	-9,112	-9,038	-8,949	-0,264	-0,053	-0,051	0,021	0,029	0,048	0,056	0,070	0,073	0,096	0,113	0,129	0,158	0,165	0,130	0,000	0,000
	run	14	2022:11:08    10:54:12,281
0,000	-13,261	-13,416	-13,423	-13,535	-13,557	-13,571	-13,573	-13,582	-13,583	-13,588	-13,584	-13,555	-13,506	-13,419	-13,310	-0,358	-0,244	-0,200	-0,124	-0,092	-0,056	-0,038	-0,016	0,005	0,032	0,072	0,118	0,159	0,182	0,151	0,000	0,000
1,000	-17,215	-17,234	-17,177	-16,982	-16,833	-16,737	-16,681	-16,636	-16,589	-16,566	-16,522	-16,487	-16,439	-16,352	-16,249	-0,060	0,116	0,183	0,309	0,309	0,274	0,261	0,232	0,217	0,192	0,203	0,198	0,204	0,211	0,155	0,000	0,000
2,000	-10,438	-10,444	-10,429	-10,317	-10,222	-10,147	-10,095	-10,065	-10,017	-9,978	-9,926	-9,864	-9,767	-9,618	-9,447	-0,073	0,024	0,098	0,209	0,232	0,216	0,224	0,215	0,231	0,238	0,267	0,307	0,332	0,341	0,257	0,000	0,000
3,000	-20,721	-20,767	-20,750	-20,454	-20,259	-20,126	-20,057	-20,002	-19,948	-19,937	-19,894	-19,862	-19,811	-19,713	-19,600	-0,130	0,097	0,220	0,412	0,414	0,344	0,308	0,271	0,233	0,205	0,203	0,210	0,220	0,228	0,171	0,000	0,000
4,000	-11,089	-11,195	-11,086	-11,073	-11,041	-11,056	-11,046	-11,043	-11,047	-11,042	-11,014	-10,950	-10,843	-10,671	-10,442	-0,337	-0,006	-0,025	0,028	0,026	0,050	0,053	0,071	0,092	0,144	0,207	0,276	0,357	0,398	0,329	0,000	0,000
5,000	-10,668	-10,283	-10,384	-10,301	-10,306	-10,270	-10,241	-10,244	-10,220	-10,196	-10,158	-10,085	-9,965	-9,765	-9,503	0,982	0,397	0,301	0,198	0,157	0,130	0,148	0,157	0,179	0,199	0,272	0,340	0,422	0,466	0,376	0,000	0,000
6,000	-7,278	-7,101	-6,960	-6,761	-6,645	-6,585	-6,547	-6,515	-6,474	-6,456	-6,412	-6,358	-6,275	-6,147	-5,994	0,671	0,555	0,464	0,376	0,320	0,261	0,244	0,226	0,221	0,219	0,237	0,264	0,297	0,302	0,234	0,000	0,000
7,000	-7,189	-7,153	-7,123	-7,053	-6,997	-6,964	-6,951	-6,937	-6,925	-6,917	-6,908	-6,884	-6,864	-6,817	-6,762	-0,006	0,047	0,081	0,127	0,108	0,081	0,084	0,070	0,074	0,070	0,078	0,085	0,098	0,099	0,073	0,000	0,000
8,000	-19,873	-20,055	-20,086	-20,173	-20,170	-20,214	-20,250	-20,286	-20,305	-20,363	-20,378	-20,402	-20,401	-20,362	-20,313	-0,274	-0,206	-0,183	-0,142	-0,129	-0,142	-0,136	-0,133	-0,116	-0,105	-0,064	-0,021	0,008	0,051	0,052	0,000	0,000
9,000	-9,542	-9,501	-9,450	-9,274	-9,139	-9,025	-8,964	-8,908	-8,856	-8,816	-8,758	-8,697	-8,618	-8,503	-8,362	0,055	0,118	0,199	0,318	0,333	0,310	0,296	0,271	0,263	0,251	0,264	0,273	0,289	0,288	0,218	0,000	0,000
10,000	-9,602	-9,600	-9,457	-9,321	-9,219	-9,180	-9,157	-9,136	-9,119	-9,116	-9,096	-9,074	-9,014	-8,923	-8,820	-0,050	0,183	0,182	0,219	0,189	0,159	0,140	0,123	0,115	0,115	0,135	0,154	0,189	0,202	0,161	0,000	0,000
11,000	-9,958	-9,853	-9,814	-9,679	-9,591	-9,543	-9,513	-9,492	-9,456	-9,442	-9,401	-9,366	-9,301	-9,201	-9,085	0,139	0,159	0,178	0,217	0,203	0,171	0,162	0,158	0,161	0,161	0,184	0,199	0,223	0,233	0,176	0,000	0,000
12,000	-14,026	-14,101	-13,994	-13,975	-13,909	-13,891	-13,885	-13,873	-13,859	-13,870	-13,846	-13,808	-13,755	-13,644	-13,509	-0,043	0,080	0,086	0,099	0,098	0,079	0,086	0,079	0,086	0,100	0,137	0,176	0,214	0,239	0,188	0,000	0,000
13,000	-8,290	-8,370	-8,340	-8,374	-8,357	-8,349	-8,334	-8,319	-8,296	-8,270	-8,211	-8,149	-8,043	-7,892	-7,697	-0,087	-0,037	-0,028	0,011	0,042	0,074	0,100	0,123	0,150	0,184	0,244	0,291	0,340	0,365	0,285	0,000	0,000
14,000	-11,774	-11,605	-11,742	-11,666	-11,672	-11,635	-11,615	-11,619	-11,603	-11,599	-11,585	-11,547	-11,470	-11,337	-11,147	0,022	-0,123	-0,035	0,041	0,056	0,048	0,061	0,065	0,089	0,113	0,158	0,213	0,275	0,316	0,260	0,000	0,000
15,000	-9,062	-9,197	-9,138	-9,139	-9,097	-9,098	-9,089	-9,080	-9,057	-9,062	-9,033	-9,007	-8,957	-8,886	-8,803	-0,262	-0,047	-0,055	0,018	0,031	0,048	0,055	0,065	0,069	0,090	0,110	0,124	0,145	0,156	0,128	0,000	0,000
	run	15	2022:11:08    10:54:12,328
0,000	-12,893	-13,033	-13,047	-13,145	-13,155	-13,176	-13,177	-13,178	-13,183	-13,198	-13,183	-13,155	-13,115	-13,035	-12,926	-0,339	-0,236	-0,197	-0,110	-0,089	-0,052	-0,026	-0,011	0,008	0,032	0,069	0,107	0,147	0,175	0,143	0,000	0,000
1,000	-16,588	-16,614	-16,554	-16,395	-16,267	-16,178	-16,122	-16,085	-16,037	-16,020	-15,973	-15,935	-15,891	-15,814	-15,716	-0,105	0,082	0,138	0,259	0,274	0,249	0,239	0,210	0,199	0,186	0,187	0,197	0,192	0,199	0,156	0,000	0,000
2,000	-10,438	-10,444	-10,429	-10,317	-10,222	-10,147	-10,095	-10,065	-10,017	-9,978	-9,926	-9,864	-9,767	-9,618	-9,447	-0,073	0,024	0,098	0,209	0,232	0,216	0,224	0,215	0,231	0,238	0,267	0,307	0,332	0,341	0,257	0,000	0,000
3,000	-20,721	-20,767	-20,750	-20,454	-20,259	-20,126	-20,057	-20,002	-19,948	-19,937	-19,894	-19,862	-19,811	-19,713	-19,600	-0,130	0,097	0,220	0,412	0,414	0,344	0,308	0,271	0,233	0,205	0,203	0,210	0,220	0,228	0,171	0,000	0,000
4,000	-11,089	-11,195	-11,086	-11,073	-11,041	-11,056	-11,046	-11,043	-11,047	-11,042	-11,014	-10,950	-10,843	-10,671	-10,442	-0,337	-0,006	-0,025	0,028	0,026	0,050	0,053	0,071	0,092	0,144	0,207	0,276	0,357	0,398	0,329	0,000	0,000
5,000	-10,668	-10,283	-10,384	-10,301	-10,306	-10,270	-10,241	-10,244	-10,220	-10,196	-10,158	-10,085	-9,965	-9,765	-9,503	0,982	0,397	0,301	0,198	0,157	0,130	0,148	0,157	0,179	0,199	0,272	0,340	0,422	0,466	0,376	0,000	0,000
6,000	-7,278	-7,101	-6,960	-6,761	-6,645	-6,585	-6,547	-6,515	-6,474	-6,456	-6,412	-6,358	-6,275	-6,147	-5,994	0,671	0,555	0,464	0,376	0,320	0,261	0,244	0,226	0,221	0,219	0,237	0,264	0,297	0,302	0,234	0,000	0,000
7,000	-7,189	-7,153	-7,123	-7,053	-6,997	-6,964	-6,951	-6,937	-6,925	-6,917	-6,908	-6,884	-6,864	-6,817	-6,762	-0,006	0,047	0,081	0,127	0,108	0,081	0,084	0,070	0,074	0,070	0,078	0,085	0,098	0,099	0,073	0,000	0,000
8,000	-20,181	-20,353	-20,383	-20,505	-20,491	-20,540	-20,581	-20,610	-20,628	-20,688	-20,705	-20,726	-20,728	-20,689	-20,631	-0,291	-0,206	-0,198	-0,145	-0,126	-0,145	-0,143	-0,136	-0,118	-0,104	-0,062	-0,014	0,012	0,062	0,057	0,000	0,000
9,000	-9,685	-9,655	-9,596	-9,417	-9,282	-9,168	-9,109	-9,052	-8,995	-8,959	-8,902	-8,840	-8,761	-8,630	-8,489	0,044	0,119	0,206	0,325	0,337	0,314	0,300	0,278	0,269	0,259	0,276	0,283	0,295	0,298	0,222	0,000	0,000
10,000	-9,612	-9,617	-9,464	-9,323	-9,223	-9,179	-9,155	-9,136	-9,110	-9,114	-9,096	-9,067	-9,011	-8,920	-8,808	-0,055	0,196	0,193	0,229	0,197	0,162	0,146	0,128	0,116	0,117	0,135	0,164	0,193	0,204	0,167	0,000	0,000
11,000	-10,082	-9,951	-9,926	-9,773	-9,694	-9,640	-9,608	-9,588	-9,552	-9,535	-9,497	-9,451	-9,393	-9,278	-9,160	0,128	0,161	0,182	0,223	0,206	0,176	0,170	0,159	0,159	0,167	0,186	0,209	0,230	0,243	0,184	0,000	0,000
12,000	-14,323	-14,395	-14,286	-14,252	-14,197	-14,175	-14,168	-14,158	-14,140	-14,152	-14,128	-14,089	-14,033	-13,909	-13,773	-0,049	0,086	0,093	0,102	0,103	0,090	0,081	0,087	0,090	0,104	0,142	0,185	0,224	0,245	0,200	0,000	0,000
13,000	-8,433	-8,517	-8,512	-8,528	-8,515	-8,506	-8,494	-8,478	-8,448	-8,429	-8,367	-8,299	-8,202	-8,042	-7,841	-0,088	-0,051	-0,037	0,015	0,037	0,076	0,099	0,127	0,146	0,191	0,252	0,291	0,348	0,368	0,294	0,000	0,000
14,000	-11,974	-11,823	-11,925	-11,861	-11,866	-11,835	-11,805	-11,813	-11,798	-11,793	-11,773	-11,749	-11,658	-11,534	-11,339	-0,025	-0,132	-0,025	0,050	0,053	0,046	0,063	0,068	0,090	0,110	0,155	0,217	0,277	0,318	0,269	0,000	0,000
15,000	-8,998	-9,129	-9,057	-9,065	-9,023	-9,027	-9,017	-9,007	-8,988	-8,990	-8,969	-8,943	-8,889	-8,826	-8,745	-0,267	-0,055	-0,057	0,020	0,028	0,045	0,053	0,062	0,066	0,084	0,103	0,116	0,144	0,156	0,124	0,000	0,000
	run	16	2022:11:08    10:54:12,428
0,000	-12,818	-12,958	-12,969	-13,065	-13,075	-13,093	-13,096	-13,102	-13,102	-13,102	-13,102	-13,075	-13,032	-12,953	-12,846	-0,357	-0,224	-0,194	-0,111	-0,085	-0,048	-0,029	-0,013	0,010	0,032	0,069	0,110	0,150	0,171	0,135	0,000	0,000
1,000	-16,188	-16,212	-16,177	-16,020	-15,908	-15,816	-15,770	-15,728	-15,686	-15,661	-15,625	-15,588	-15,540	-15,461	-15,371	-0,114	0,045	0,121	0,240	0,259	0,237	0,224	0,204	0,188	0,176	0,180	0,183	0,190	0,194	0,152	0,000	0,000
2,000	-9,819	-9,847	-9,836	-9,744	-9,663	-9,593	-9,551	-9,523	-9,478	-9,451	-9,396	-9,337	-9,252	-9,122	-8,972	-0,085	0,014	0,065	0,175	0,203	0,192	0,198	0,201	0,201	0,211	0,240	0,266	0,294	0,304	0,229	0,000	0,000
3,000	-19,849	-19,912	-19,905	-19,680	-19,503	-19,384	-19,319	-19,267	-19,217	-19,206	-19,170	-19,132	-19,092	-19,001	-18,893	-0,166	0,041	0,144	0,336	0,351	0,306	0,279	0,244	0,214	0,184	0,185	0,196	0,200	0,207	0,157	0,000	0,000
4,000	-10,723	-10,825	-10,728	-10,699	-10,669	-10,678	-10,676	-10,672	-10,672	-10,662	-10,642	-10,590	-10,487	-10,322	-10,114	-0,329	-0,007	-0,017	0,029	0,035	0,049	0,052	0,060	0,086	0,134	0,197	0,259	0,327	0,372	0,309	0,000	0,000
5,000	-10,468	-10,075	-10,182	-10,097	-10,101	-10,068	-10,045	-10,043	-10,008	-9,990	-9,958	-9,883	-9,769	-9,578	-9,321	0,985	0,394	0,311	0,188	0,148	0,128	0,139	0,157	0,179	0,197	0,262	0,338	0,406	0,454	0,363	0,000	0,000
6,000	-7,389	-7,194	-7,054	-6,853	-6,743	-6,673	-6,640	-6,604	-6,566	-6,540	-6,503	-6,447	-6,363	-6,223	-6,059	0,689	0,562	0,483	0,382	0,323	0,270	0,248	0,226	0,223	0,221	0,249	0,281	0,308	0,320	0,248	0,000	0,000
7,000	-7,214	-7,179	-7,147	-7,059	-7,000	-6,970	-6,961	-6,952	-6,932	-6,926	-6,916	-6,895	-6,874	-6,826	-6,772	-0,013	0,067	0,102	0,133	0,110	0,089	0,090	0,077	0,076	0,070	0,075	0,089	0,097	0,099	0,077	0,000	0,000
8,000	-20,498	-20,701	-20,747	-20,865	-20,863	-20,920	-20,954	-20,978	-21,002	-21,065	-21,078	-21,099	-21,102	-21,061	-21,003	-0,311	-0,235	-0,222	-0,159	-0,137	-0,163	-0,148	-0,141	-0,120	-0,105	-0,062	-0,017	0,012	0,064	0,058	0,000	0,000
9,000	-9,754	-9,720	-9,669	-9,490	-9,357	-9,232	-9,170	-9,118	-9,061	-9,016	-8,956	-8,903	-8,814	-8,687	-8,540	0,040	0,124	0,206	0,333	0,342	0,316	0,303	0,282	0,268	0,261	0,277	0,294	0,304	0,302	0,227	0,000	0,000
10,000	-9,631	-9,635	-9,471	-9,310	-9,203	-9,160	-9,136	-9,114	-9,097	-9,098	-9,077	-9,046	-8,983	-8,889	-8,778	-0,034	0,207	0,221	0,251	0,204	0,171	0,151	0,134	0,119	0,129	0,137	0,168	0,200	0,208	0,169	0,000	0,000
11,000	-10,120	-9,996	-9,951	-9,811	-9,724	-9,666	-9,628	-9,612	-9,576	-9,564	-9,518	-9,473	-9,415	-9,304	-9,177	0,153	0,178	0,193	0,224	0,216	0,176	0,175	0,165	0,164	0,166	0,197	0,214	0,239	0,252	0,193	0,000	0,000
12,000	-14,751	-14,833	-14,728	-14,702	-14,631	-14,618	-14,611	-14,596	-14,581	-14,592	-14,559	-14,527	-14,469	-14,345	-14,204	-0,057	0,086	0,085	0,104	0,103	0,083	0,087	0,089	0,090	0,101	0,144	0,187	0,230	0,256	0,207	0,000	0,000
13,000	-8,692	-8,761	-8,738	-8,767	-8,750	-8,732	-8,718	-8,698	-8,685	-8,645	-8,591	-8,509	-8,410	-8,245	-8,038	-0,072	-0,039	-0,025	0,024	0,054	0,084	0,106	0,136	0,160	0,207	0,260	0,312	0,364	0,384	0,306	0,000	0,000
14,000	-12,132	-11,983	-12,090	-12,018	-12,025	-11,984	-11,967	-11,973	-11,938	-11,954	-11,937	-11,890	-11,809	-11,678	-11,497	-0,019	-0,110	-0,027	0,046	0,057	0,054	0,072	0,077	0,084	0,114	0,159	0,216	0,281	0,316	0,266	0,000	0,000
15,000	-8,989	-9,110	-9,044	-9,050	-9,014	-9,014	-9,009	-8,994	-8,978	-8,978	-8,960	-8,935	-8,891	-8,818	-8,747	-0,275	-0,049	-0,043	0,014	0,029	0,041	0,051	0,064	0,062	0,083	0,099	0,117	0,135	0,148	0,121	0,000	0,000
	run	17	2022:11:08    10:54:12,494
0,000	-12,818	-12,958	-12,969	-13,065	-13,075	-13,093	-13,096	-13,102	-13,102	-13,102	-13,102	-13,075	-13,032	-12,953	-12,846	-0,357	-0,224	-0,194	-0,111	-0,085	-0,048	-0,029	-0,013	0,010	0,032	0,069	0,110	0,150	0,171	0,135	0,000	0,000
1,000	-16,188	-16,212	-16,177	-16,020	-15,908	-15,816	-15,770	-15,728	-15,686	-15,661	-15,625	-15,588	-15,540	-15,461	-15,371	-0,114	0,045	0,121	0,240	0,259	0,237	0,224	0,204	0,188	0,176	0,180	0,183	0,190	0,194	0,152	0,000	0,000
2,000	-9,819	-9,847	-9,836	-9,744	-9,663	-9,593	-9,551	-9,523	-9,478	-9,451	-9,396	-9,337	-9,252	-9,122	-8,972	-0,085	0,014	0,065	0,175	0,203	0,192	0,198	0,201	0,201	0,211	0,240	0,266	0,294	0,304	0,229	0,000	0,000
3,000	-19,849	-19,912	-19,905	-19,680	-19,503	-19,384	-19,319	-19,267	-19,217	-19,206	-19,170	-19,132	-19,092	-19,001	-18,893	-0,166	0,041	0,144	0,336	0,351	0,306	0,279	0,244	0,214	0,184	0,185	0,196	0,200	0,207	0,157	0,000	0,000
4,000	-10,723	-10,825	-10,728	-10,699	-10,669	-10,678	-10,676	-10,672	-10,672	-10,662	-10,642	-10,590	-10,487	-10,322	-10,114	-0,329	-0,007	-0,017	0,029	0,035	0,049	0,052	0,060	0,086	0,134	0,197	0,259	0,327	0,372	0,309	0,000	0,000
5,000	-10,468	-10,075	-10,182	-10,097	-10,101	-10,068	-10,045	-10,043	-10,008	-9,990	-9,958	-9,883	-9,769	-9,578	-9,321	0,985	0,394	0,311	0,188	0,148	0,128	0,139	0,157	0,179	0,197	0,262	0,338	0,406	0,454	0,363	0,000	0,000
6,000	-7,229	-7,036	-6,892	-6,706	-6,598	-6,532	-6,497	-6,468	-6,433	-6,410	-6,366	-6,310	-6,222	-6,091	-5,933	0,666	0,543	0,448	0,367	0,313	0,256	0,243	0,225	0,217	0,217	0,243	0,272	0,297	0,307	0,238	0,000	0,000
7,000	-7,197	-7,162	-7,124	-7,029	-6,976	-6,947	-6,934	-6,916	-6,902	-6,900	-6,885	-6,868	-6,843	-6,788	-6,728	0,014	0,065	0,099	0,135	0,117	0,087	0,084	0,077	0,076	0,072	0,083	0,096	0,107	0,113	0,080	0,000	0,000
8,000	-20,560	-20,771	-20,826	-20,959	-20,950	-21,000	-21,036	-21,065	-21,087	-21,148	-21,175	-21,180	-21,191	-21,149	-21,093	-0,326	-0,235	-0,219	-0,170	-0,149	-0,156	-0,148	-0,139	-0,120	-0,108	-0,063	-0,019	0,010	0,056	0,058	0,000	0,000
9,000	-9,898	-9,836	-9,769	-9,565	-9,422	-9,308	-9,240	-9,195	-9,131	-9,086	-9,032	-8,968	-8,886	-8,755	-8,607	0,053	0,163	0,237	0,350	0,354	0,324	0,311	0,284	0,274	0,270	0,286	0,295	0,312	0,308	0,236	0,000	0,000
10,000	-10,056	-9,997	-9,812	-9,616	-9,502	-9,455	-9,432	-9,414	-9,392	-9,398	-9,376	-9,336	-9,282	-9,180	-9,069	0,034	0,272	0,286	0,286	0,231	0,189	0,163	0,139	0,124	0,131	0,151	0,180	0,211	0,222	0,180	0,000	0,000
11,000	-10,391	-10,267	-10,204	-10,049	-9,955	-9,898	-9,864	-9,842	-9,810	-9,790	-9,759	-9,701	-9,637	-9,521	-9,393	0,174	0,202	0,223	0,250	0,231	0,192	0,186	0,173	0,170	0,182	0,198	0,224	0,249	0,265	0,200	0,000	0,000
12,000	-15,025	-15,092	-14,986	-14,969	-14,897	-14,880	-14,872	-14,862	-14,846	-14,861	-14,830	-14,793	-14,734	-14,607	-14,461	-0,047	0,069	0,081	0,097	0,094	0,085	0,088	0,087	0,094	0,105	0,143	0,192	0,229	0,263	0,209	0,000	0,000
13,000	-8,736	-8,809	-8,784	-8,815	-8,793	-8,777	-8,765	-8,747	-8,721	-8,689	-8,630	-8,563	-8,454	-8,287	-8,068	-0,074	-0,033	-0,017	0,034	0,055	0,086	0,109	0,135	0,160	0,206	0,261	0,309	0,368	0,395	0,315	0,000	0,000
14,000	-12,009	-11,832	-11,958	-11,878	-11,878	-11,842	-11,822	-11,812	-11,805	-11,796	-11,786	-11,757	-11,674	-11,535	-11,353	-0,028	-0,112	-0,028	0,053	0,058	0,050	0,064	0,074	0,088	0,114	0,160	0,218	0,274	0,320	0,262	0,000	0,000
15,000	-8,871	-9,018	-8,943	-8,958	-8,916	-8,916	-8,915	-8,902	-8,888	-8,887	-8,864	-8,838	-8,795	-8,730	-8,652	-0,275	-0,044	-0,046	0,015	0,029	0,044	0,046	0,058	0,064	0,076	0,099	0,110	0,137	0,146	0,118	0,000	0,000
	run	18	2022:11:08    10:54:12,581
0,000	-12,911	-13,052	-13,072	-13,164	-13,183	-13,193	-13,205	-13,204	-13,204	-13,211	-13,204	-13,177	-13,132	-13,052	-12,948	-0,352	-0,227	-0,197	-0,112	-0,086	-0,049	-0,024	-0,006	0,016	0,035	0,072	0,112	0,148	0,171	0,140	0,000	0,000
1,000	-16,869	-16,898	-16,837	-16,667	-16,534	-16,445	-16,384	-16,342	-16,301	-16,277	-16,235	-16,198	-16,144	-16,060	-15,967	-0,092	0,078	0,154	0,272	0,293	0,264	0,244	0,220	0,203	0,193	0,192	0,196	0,193	0,204	0,154	0,000	0,000
2,000	-10,269	-10,262	-10,255	-10,143	-10,053	-9,971	-9,929	-9,901	-9,854	-9,819	-9,762	-9,702	-9,611	-9,471	-9,312	-0,075	0,021	0,090	0,200	0,217	0,214	0,218	0,208	0,218	0,227	0,257	0,294	0,316	0,323	0,244	0,000	0,000
3,000	-20,300	-20,360	-20,333	-20,070	-19,883	-19,757	-19,688	-19,632	-19,582	-19,573	-19,534	-19,499	-19,451	-19,358	-19,252	-0,139	0,083	0,194	0,386	0,388	0,328	0,298	0,262	0,231	0,193	0,192	0,207	0,205	0,215	0,158	0,000	0,000
4,000	-10,750	-10,842	-10,738	-10,723	-10,678	-10,694	-10,691	-10,683	-10,684	-10,677	-10,649	-10,597	-10,496	-10,335	-10,129	-0,344	-0,008	-0,019	0,040	0,039	0,054	0,060	0,068	0,086	0,132	0,193	0,260	0,329	0,372	0,304	0,000	0,000
5,000	-10,281	-9,884	-9,997	-9,915	-9,910	-9,881	-9,858	-9,851	-9,821	-9,810	-9,776	-9,709	-9,596	-9,407	-9,163	0,987	0,386	0,306	0,190	0,152	0,124	0,136	0,142	0,171	0,192	0,254	0,320	0,392	0,432	0,345	0,000	0,000
6,000	-7,046	-6,866	-6,720	-6,556	-6,454	-6,388	-6,358	-6,319	-6,290	-6,269	-6,215	-6,167	-6,085	-5,958	-5,805	0,624	0,527	0,441	0,348	0,307	0,251	0,234	0,220	0,207	0,211	0,237	0,263	0,289	0,305	0,236	0,000	0,000
7,000	-7,095	-7,055	-7,032	-6,952	-6,899	-6,870	-6,859	-6,846	-6,829	-6,826	-6,807	-6,794	-6,764	-6,708	-6,655	-0,001	0,052	0,081	0,124	0,109	0,086	0,087	0,074	0,078	0,073	0,083	0,095	0,106	0,113	0,085	0,000	0,000
8,000	-20,589	-20,766	-20,819	-20,940	-20,933	-20,978	-21,021	-21,048	-21,067	-21,123	-21,146	-21,156	-21,156	-21,116	-21,059	-0,304	-0,233	-0,208	-0,156	-0,138	-0,148	-0,141	-0,133	-0,115	-0,101	-0,061	-0,017	0,015	0,063	0,059	0,000	0,000
9,000	-10,125	-10,061	-9,991	-9,788	-9,644	-9,531	-9,465	-9,411	-9,354	-9,307	-9,250	-9,184	-9,098	-8,969	-8,811	0,049	0,158	0,230	0,354	0,364	0,329	0,315	0,295	0,285	0,280	0,278	0,301	0,317	0,316	0,238	0,000	0,000
10,000	-10,129	-10,067	-9,891	-9,687	-9,569	-9,523	-9,502	-9,489	-9,461	-9,464	-9,446	-9,412	-9,349	-9,252	-9,137	0,038	0,285	0,286	0,286	0,234	0,188	0,161	0,145	0,129	0,136	0,153	0,171	0,210	0,224	0,177	0,000	0,000
11,000	-10,495	-10,364	-10,309	-10,149	-10,062	-10,002	-9,971	-9,947	-9,917	-9,897	-9,855	-9,804	-9,742	-9,627	-9,490	0,193	0,212	0,227	0,244	0,235	0,190	0,183	0,169	0,179	0,179	0,202	0,228	0,250	0,263	0,205	0,000	0,000
12,000	-15,021	-15,113	-15,008	-14,983	-14,913	-14,890	-14,884	-14,870	-14,858	-14,873	-14,839	-14,803	-14,746	-14,622	-14,480	-0,068	0,071	0,084	0,106	0,102	0,088	0,088	0,087	0,093	0,102	0,146	0,191	0,229	0,258	0,201	0,000	0,000
13,000	-8,605	-8,691	-8,678	-8,708	-8,685	-8,664	-8,655	-8,641	-8,614	-8,580	-8,531	-8,452	-8,347	-8,186	-7,979	-0,080	-0,035	-0,026	0,021	0,052	0,078	0,104	0,130	0,152	0,204	0,255	0,303	0,360	0,386	0,308	0,000	0,000
14,000	-11,835	-11,666	-11,789	-11,721	-11,716	-11,691	-11,665	-11,672	-11,649	-11,648	-11,641	-11,594	-11,513	-11,381	-11,189	0,002	-0,108	-0,038	0,053	0,056	0,048	0,067	0,067	0,088	0,106	0,153	0,207	0,280	0,311	0,258	0,000	0,000
15,000	-8,905	-9,050	-8,978	-8,993	-8,956	-8,956	-8,948	-8,938	-8,923	-8,919	-8,896	-8,868	-8,823	-8,758	-8,679	-0,274	-0,056	-0,050	0,015	0,027	0,041	0,052	0,061	0,064	0,088	0,109	0,119	0,144	0,150	0,123	0,000	0,000
	run	19	2022:11:08    10:54:12,679
0,000	-13,281	-13,430	-13,438	-13,539	-13,564	-13,579	-13,582	-13,586	-13,589	-13,593	-13,582	-13,561	-13,514	-13,425	-13,317	-0,356	-0,231	-0,198	-0,125	-0,095	-0,053	-0,038	-0,018	0,013	0,037	0,075	0,116	0,157	0,184	0,148	0,000	0,000
1,000	-17,107	-17,122	-17,063	-16,871	-16,728	-16,626	-16,575	-16,532	-16,490	-16,461	-16,419	-16,384	-16,329	-16,252	-16,147	-0,085	0,098	0,183	0,302	0,311	0,275	0,257	0,223	0,213	0,193	0,194	0,191	0,203	0,206	0,155	0,000	0,000
2,000	-10,332	-10,337	-10,328	-10,224	-10,128	-10,057	-10,012	-9,977	-9,931	-9,901	-9,846	-9,778	-9,683	-9,542	-9,379	-0,079	0,020	0,081	0,204	0,220	0,210	0,220	0,214	0,222	0,232	0,264	0,301	0,319	0,331	0,253	0,000	0,000
3,000	-20,588	-20,621	-20,599	-20,324	-20,132	-19,997	-19,935	-19,874	-19,826	-19,807	-19,774	-19,738	-19,694	-19,593	-19,479	-0,129	0,070	0,210	0,403	0,403	0,337	0,302	0,266	0,233	0,198	0,198	0,210	0,213	0,219	0,167	0,000	0,000
4,000	-10,949	-11,051	-10,949	-10,933	-10,900	-10,913	-10,916	-10,909	-10,909	-10,898	-10,869	-10,819	-10,713	-10,542	-10,320	-0,336	-0,005	-0,018	0,040	0,025	0,051	0,056	0,074	0,092	0,136	0,205	0,276	0,345	0,390	0,323	0,000	0,000
5,000	-10,573	-10,200	-10,297	-10,220	-10,219	-10,184	-10,161	-10,157	-10,123	-10,112	-10,079	-10,000	-9,886	-9,689	-9,428	0,990	0,400	0,312	0,195	0,151	0,128	0,142	0,151	0,177	0,211	0,261	0,340	0,415	0,462	0,369	0,000	0,000
6,000	-7,203	-7,034	-6,887	-6,700	-6,586	-6,520	-6,486	-6,454	-6,412	-6,391	-6,346	-6,295	-6,220	-6,090	-5,941	0,649	0,531	0,461	0,370	0,317	0,259	0,244	0,224	0,217	0,215	0,234	0,266	0,288	0,303	0,233	0,000	0,000
7,000	-7,087	-7,057	-7,033	-6,965	-6,910	-6,882	-6,871	-6,859	-6,841	-6,838	-6,830	-6,805	-6,785	-6,739	-6,690	-0,022	0,037	0,073	0,111	0,104	0,083	0,080	0,072	0,071	0,067	0,072	0,083	0,091	0,098	0,078	0,000	0,000
8,000	-20,369	-20,541	-20,589	-20,701	-20,692	-20,743	-20,777	-20,803	-20,832	-20,887	-20,906	-20,926	-20,920	-20,880	-20,828	-0,298	-0,223	-0,209	-0,152	-0,133	-0,150	-0,144	-0,127	-0,114	-0,103	-0,063	-0,017	0,017	0,056	0,058	0,000	0,000
9,000	-9,844	-9,811	-9,745	-9,573	-9,433	-9,317	-9,249	-9,202	-9,140	-9,101	-9,044	-8,984	-8,892	-8,765	-8,622	0,041	0,135	0,208	0,331	0,345	0,318	0,301	0,283	0,277	0,263	0,280	0,293	0,305	0,303	0,229	0,000	0,000
10,000	-9,850	-9,817	-9,648	-9,452	-9,348	-9,305	-9,282	-9,259	-9,242	-9,248	-9,231	-9,195	-9,131	-9,040	-8,927	0,003	0,251	0,256	0,273	0,226	0,179	0,150	0,136	0,119	0,125	0,141	0,163	0,204	0,214	0,170	0,000	0,000
11,000	-10,280	-10,158	-10,110	-9,961	-9,873	-9,815	-9,785	-9,762	-9,729	-9,716	-9,673	-9,628	-9,561	-9,452	-9,324	0,166	0,191	0,199	0,232	0,219	0,183	0,178	0,166	0,162	0,170	0,195	0,219	0,244	0,255	0,194	0,000	0,000
12,000	-14,713	-14,806	-14,705	-14,673	-14,602	-14,575	-14,571	-14,560	-14,548	-14,556	-14,532	-14,492	-14,435	-14,316	-14,178	-0,053	0,074	0,080	0,107	0,099	0,089	0,087	0,085	0,089	0,102	0,139	0,187	0,220	0,247	0,200	0,000	0,000
13,000	-8,509	-8,581	-8,583	-8,601	-8,584	-8,568	-8,559	-8,539	-8,514	-8,486	-8,436	-8,364	-8,259	-8,102	-7,891	-0,089	-0,038	-0,033	0,023	0,046	0,078	0,094	0,128	0,149	0,197	0,255	0,298	0,349	0,374	0,303	0,000	0,000
14,000	-11,787	-11,630	-11,747	-11,675	-11,671	-11,646	-11,627	-11,622	-11,607	-11,592	-11,593	-11,552	-11,469	-11,333	-11,143	-0,023	-0,106	-0,031	0,045	0,058	0,054	0,071	0,073	0,089	0,115	0,148	0,215	0,283	0,316	0,266	0,000	0,000
15,000	-9,119	-9,267	-9,183	-9,205	-9,166	-9,159	-9,150	-9,140	-9,124	-9,118	-9,094	-9,071	-9,024	-8,953	-8,869	-0,273	-0,062	-0,044	0,019	0,026	0,048	0,053	0,067	0,070	0,088	0,109	0,123	0,147	0,159	0,128	0,000	0,000
	run	20	2022:11:08    10:54:12,741
0,000	-13,333	-13,486	-13,492	-13,602	-13,618	-13,633	-13,642	-13,650	-13,653	-13,660	-13,653	-13,624	-13,576	-13,476	-13,376	-0,348	-0,239	-0,199	-0,127	-0,097	-0,053	-0,034	-0,011	0,006	0,037	0,070	0,119	0,162	0,187	0,151	0,000	0,000
1,000	-17,303	-17,312	-17,249	-17,064	-16,922	-16,815	-16,760	-16,718	-16,671	-16,641	-16,602	-16,562	-16,509	-16,419	-16,313	-0,088	0,091	0,180	0,302	0,314	0,278	0,267	0,237	0,219	0,201	0,204	0,213	0,218	0,220	0,166	0,000	0,000
2,000	-10,332	-10,337	-10,328	-10,224	-10,128	-10,057	-10,012	-9,977	-9,931	-9,901	-9,846	-9,778	-9,683	-9,542	-9,379	-0,079	0,020	0,081	0,204	0,220	0,210	0,220	0,214	0,222	0,232	0,264	0,301	0,319	0,331	0,253	0,000	0,000
3,000	-20,588	-20,621	-20,599	-20,324	-20,132	-19,997	-19,935	-19,874	-19,826	-19,807	-19,774	-19,738	-19,694	-19,593	-19,479	-0,129	0,070	0,210	0,403	0,403	0,337	0,302	0,266	0,233	0,198	0,198	0,210	0,213	0,219	0,167	0,000	0,000
4,000	-10,949	-11,051	-10,949	-10,933	-10,900	-10,913	-10,916	-10,909	-10,909	-10,898	-10,869	-10,819	-10,713	-10,542	-10,320	-0,336	-0,005	-0,018	0,040	0,025	0,051	0,056	0,074	0,092	0,136	0,205	0,276	0,345	0,390	0,323	0,000	0,000
5,000	-10,573	-10,200	-10,297	-10,220	-10,219	-10,184	-10,161	-10,157	-10,123	-10,112	-10,079	-10,000	-9,886	-9,689	-9,428	0,990	0,400	0,312	0,195	0,151	0,128	0,142	0,151	0,177	0,211	0,261	0,340	0,415	0,462	0,369	0,000	0,000
6,000	-7,203	-7,034	-6,887	-6,700	-6,586	-6,520	-6,486	-6,454	-6,412	-6,391	-6,346	-6,295	-6,220	-6,090	-5,941	0,649	0,531	0,461	0,370	0,317	0,259	0,244	0,224	0,217	0,215	0,234	0,266	0,288	0,303	0,233	0,000	0,000
7,000	-7,087	-7,057	-7,033	-6,965	-6,910	-6,882	-6,871	-6,859	-6,841	-6,838	-6,830	-6,805	-6,785	-6,739	-6,690	-0,022	0,037	0,073	0,111	0,104	0,083	0,080	0,072	0,071	0,067	0,072	0,083	0,091	0,098	0,078	0,000	0,000
8,000	-19,942	-20,110	-20,127	-20,237	-20,236	-20,282	-20,314	-20,344	-20,363	-20,421	-20,436	-20,464	-20,462	-20,426	-20,375	-0,309	-0,200	-0,180	-0,134	-0,136	-0,144	-0,137	-0,135	-0,111	-0,108	-0,057	-0,021	0,007	0,052	0,055	0,000	0,000
9,000	-9,505	-9,478	-9,440	-9,283	-9,150	-9,035	-8,976	-8,924	-8,873	-8,823	-8,773	-8,708	-8,634	-8,513	-8,377	0,046	0,108	0,174	0,302	0,327	0,301	0,291	0,271	0,261	0,251	0,268	0,271	0,285	0,286	0,217	0,000	0,000
10,000	-9,390	-9,401	-9,266	-9,134	-9,044	-9,003	-8,981	-8,963	-8,942	-8,940	-8,923	-8,890	-8,836	-8,749	-8,642	-0,062	0,165	0,179	0,208	0,184	0,153	0,135	0,126	0,112	0,118	0,133	0,159	0,188	0,203	0,162	0,000	0,000
11,000	-9,874	-9,762	-9,730	-9,597	-9,517	-9,463	-9,435	-9,413	-9,378	-9,370	-9,321	-9,283	-9,216	-9,119	-9,002	0,129	0,153	0,172	0,206	0,199	0,166	0,168	0,155	0,157	0,164	0,180	0,204	0,226	0,235	0,178	0,000	0,000
12,000	-14,121	-14,210	-14,096	-14,074	-14,011	-13,989	-13,983	-13,978	-13,962	-13,972	-13,942	-13,911	-13,852	-13,746	-13,611	-0,048	0,076	0,086	0,097	0,097	0,073	0,084	0,083	0,087	0,100	0,134	0,176	0,216	0,234	0,190	0,000	0,000
13,000	-8,472	-8,459	-8,481	-8,496	-8,493	-8,474	-8,457	-8,445	-8,418	-8,386	-8,331	-8,264	-8,161	-8,001	-7,794	-0,033	-0,035	-0,017	0,021	0,049	0,072	0,100	0,126	0,160	0,194	0,255	0,298	0,353	0,378	0,296	0,000	0,000
14,000	-12,078	-11,959	-12,044	-11,983	-11,972	-11,938	-11,914	-11,912	-11,895	-11,899	-11,880	-11,840	-11,761	-11,621	-11,427	-0,089	-0,102	-0,029	0,048	0,060	0,059	0,066	0,068	0,094	0,117	0,163	0,220	0,284	0,322	0,264	0,000	0,000
15,000	-9,232	-9,359	-9,294	-9,304	-9,267	-9,263	-9,251	-9,242	-9,228	-9,221	-9,203	-9,176	-9,131	-9,057	-8,973	-0,257	-0,044	-0,053	0,017	0,031	0,045	0,056	0,060	0,071	0,085	0,108	0,127	0,148	0,158	0,130	0,000	0,000
	run	21	2022:11:08    10:54:12,830
0,000	-13,516	-13,668	-13,676	-13,792	-13,807	-13,827	-13,832	-13,841	-13,837	-13,852	-13,839	-13,809	-13,760	-13,669	-13,551	-0,352	-0,241	-0,208	-0,135	-0,099	-0,063	-0,030	-0,011	0,012	0,038	0,075	0,124	0,171	0,196	0,157	0,000	0,000
1,000	-17,532	-17,512	-17,455	-17,250	-17,097	-16,990	-16,934	-16,891	-16,839	-16,813	-16,772	-16,726	-16,676	-16,583	-16,476	-0,041	0,132	0,205	0,333	0,336	0,291	0,277	0,240	0,227	0,210	0,211	0,212	0,222	0,231	0,172	0,000	0,000
2,000	-10,816	-10,818	-10,783	-10,646	-10,546	-10,464	-10,420	-10,380	-10,333	-10,302	-10,237	-10,168	-10,068	-9,905	-9,729	-0,048	0,059	0,123	0,237	0,251	0,233	0,241	0,233	0,245	0,253	0,288	0,325	0,354	0,363	0,276	0,000	0,000
3,000	-21,661	-21,644	-21,587	-21,225	-21,000	-20,871	-20,804	-20,745	-20,688	-20,684	-20,641	-20,612	-20,558	-20,451	-20,331	-0,058	0,216	0,329	0,485	0,462	0,378	0,332	0,289	0,254	0,210	0,209	0,222	0,228	0,245	0,181	0,000	0,000
4,000	-11,553	-11,667	-11,552	-11,573	-11,547	-11,547	-11,552	-11,547	-11,552	-11,533	-11,512	-11,453	-11,324	-11,143	-10,895	-0,349	-0,026	-0,040	0,001	0,015	0,042	0,057	0,076	0,102	0,153	0,226	0,300	0,381	0,431	0,358	0,000	0,000
5,000	-11,037	-10,632	-10,739	-10,648	-10,638	-10,605	-10,573	-10,572	-10,543	-10,526	-10,490	-10,424	-10,299	-10,092	-9,822	1,018	0,421	0,325	0,209	0,162	0,133	0,146	0,158	0,179	0,207	0,280	0,350	0,434	0,477	0,384	0,000	0,000
6,000	-7,301	-7,112	-6,950	-6,747	-6,637	-6,567	-6,531	-6,507	-6,467	-6,439	-6,391	-6,345	-6,259	-6,133	-5,972	0,683	0,565	0,481	0,385	0,330	0,269	0,247	0,222	0,219	0,219	0,241	0,268	0,296	0,303	0,239	0,000	0,000
7,000	-7,016	-7,002	-6,983	-6,923	-6,874	-6,846	-6,833	-6,816	-6,806	-6,805	-6,784	-6,768	-6,746	-6,701	-6,653	-0,017	0,014	0,055	0,095	0,093	0,070	0,079	0,069	0,066	0,065	0,075	0,083	0,089	0,097	0,074	0,000	0,000
8,000	-19,573	-19,757	-19,765	-19,850	-19,836	-19,881	-19,912	-19,945	-19,971	-20,025	-20,040	-20,057	-20,066	-20,023	-19,977	-0,312	-0,190	-0,162	-0,124	-0,112	-0,129	-0,128	-0,121	-0,112	-0,098	-0,062	-0,022	0,008	0,052	0,051	0,000	0,000
9,000	-9,219	-9,206	-9,164	-9,025	-8,913	-8,810	-8,743	-8,694	-8,637	-8,599	-8,545	-8,489	-8,414	-8,299	-8,165	0,016	0,072	0,140	0,274	0,294	0,282	0,272	0,261	0,247	0,242	0,251	0,264	0,275	0,278	0,201	0,000	0,000
10,000	-9,104	-9,130	-9,001	-8,906	-8,828	-8,800	-8,782	-8,762	-8,745	-8,747	-8,732	-8,708	-8,654	-8,567	-8,471	-0,076	0,137	0,132	0,163	0,147	0,128	0,112	0,103	0,100	0,099	0,122	0,145	0,174	0,185	0,154	0,000	0,000
11,000	-9,660	-9,568	-9,540	-9,434	-9,362	-9,311	-9,281	-9,263	-9,234	-9,213	-9,179	-9,135	-9,079	-8,980	-8,872	0,098	0,113	0,138	0,178	0,181	0,151	0,154	0,145	0,148	0,150	0,174	0,195	0,211	0,222	0,174	0,000	0,000
12,000	-13,777	-13,852	-13,742	-13,711	-13,651	-13,631	-13,623	-13,614	-13,595	-13,604	-13,576	-13,549	-13,495	-13,381	-13,256	-0,040	0,087	0,095	0,104	0,097	0,089	0,082	0,086	0,087	0,093	0,131	0,172	0,210	0,237	0,186	0,000	0,000
13,000	-8,306	-8,328	-8,334	-8,354	-8,344	-8,334	-8,323	-8,307	-8,281	-8,254	-8,199	-8,132	-8,035	-7,884	-7,680	-0,069	-0,043	-0,037	0,008	0,042	0,076	0,096	0,117	0,153	0,189	0,238	0,288	0,339	0,360	0,289	0,000	0,000
14,000	-12,089	-11,955	-12,074	-11,996	-11,991	-11,960	-11,936	-11,943	-11,931	-11,921	-11,900	-11,865	-11,788	-11,643	-11,453	-0,033	-0,121	-0,028	0,043	0,051	0,053	0,071	0,070	0,089	0,114	0,166	0,221	0,284	0,325	0,259	0,000	0,000
15,000	-9,251	-9,373	-9,303	-9,307	-9,275	-9,267	-9,259	-9,248	-9,229	-9,228	-9,204	-9,174	-9,128	-9,055	-8,966	-0,261	-0,057	-0,049	0,021	0,031	0,050	0,057	0,069	0,068	0,089	0,111	0,127	0,152	0,157	0,132	0,000	0,000
	run	22	2022:11:08    10:54:12,879
0,000	-13,516	-13,668	-13,676	-13,792	-13,807	-13,827	-13,832	-13,841	-13,837	-13,852	-13,839	-13,809	-13,760	-13,669	-13,551	-0,352	-0,241	-0,208	-0,135	-0,099	-0,063	-0,030	-0,011	0,012	0,038	0,075	0,124	0,171	0,196	0,157	0,000	0,000
1,000	-17,532	-17,512	-17,455	-17,250	-17,097	-16,990	-16,934	-16,891	-16,839	-16,813	-16,772	-16,726	-16,676	-16,583	-16,476	-0,041	0,132	0,205	0,333	0,336	0,291	0,277	0,240	0,227	0,210	0,211	0,212	0,222	0,231	0,172	0,000	0,000
2,000	-10,816	-10,818	-10,783	-10,646	-10,546	-10,464	-10,420	-10,380	-10,333	-10,302	-10,237	-10,168	-10,068	-9,905	-9,729	-0,048	0,059	0,123	0,237	0,251	0,233	0,241	0,233	0,245	0,253	0,288	0,325	0,354	0,363	0,276	0,000	0,000
3,000	-21,661	-21,644	-21,587	-21,225	-21,000	-20,871	-20,804	-20,745	-20,688	-20,684	-20,641	-20,612	-20,558	-20,451	-20,331	-0,058	0,216	0,329	0,485	0,462	0,378	0,332	0,289	0,254	0,210	0,209	0,222	0,228	0,245	0,181	0,000	0,000
4,000	-11,553	-11,667	-11,552	-11,573	-11,547	-11,547	-11,552	-11,547	-11,552	-11,533	-11,512	-11,453	-11,324	-11,143	-10,895	-0,349	-0,026	-0,040	0,001	0,015	0,042	0,057	0,076	0,102	0,153	0,226	0,300	0,381	0,431	0,358	0,000	0,000
5,000	-11,037	-10,632	-10,739	-10,648	-10,638	-10,605	-10,573	-10,572	-10,543	-10,526	-10,490	-10,424	-10,299	-10,092	-9,822	1,018	0,421	0,325	0,209	0,162	0,133	0,146	0,158	0,179	0,207	0,280	0,350	0,434	0,477	0,384	0,000	0,000
6,000	-7,299	-7,113	-6,954	-6,756	-6,630	-6,570	-6,539	-6,506	-6,470	-6,447	-6,400	-6,347	-6,265	-6,136	-5,985	0,681	0,563	0,486	0,389	0,327	0,266	0,251	0,229	0,219	0,218	0,233	0,267	0,292	0,305	0,231	0,000	0,000
7,000	-6,880	-6,860	-6,848	-6,797	-6,760	-6,730	-6,711	-6,706	-6,691	-6,685	-6,677	-6,661	-6,637	-6,594	-6,551	-0,011	0,021	0,045	0,089	0,084	0,072	0,071	0,064	0,063	0,056	0,064	0,077	0,085	0,087	0,065	0,000	0,000
8,000	-19,336	-19,508	-19,517	-19,591	-19,581	-19,617	-19,654	-19,684	-19,710	-19,760	-19,782	-19,794	-19,801	-19,763	-19,716	-0,294	-0,173	-0,152	-0,108	-0,105	-0,127	-0,122	-0,123	-0,113	-0,097	-0,060	-0,023	0,005	0,057	0,049	0,000	0,000
9,000	-9,130	-9,135	-9,107	-8,990	-8,868	-8,772	-8,712	-8,667	-8,613	-8,578	-8,520	-8,462	-8,393	-8,279	-8,152	0,004	0,072	0,121	0,242	0,282	0,267	0,267	0,247	0,244	0,234	0,242	0,260	0,265	0,272	0,201	0,000	0,000
10,000	-9,184	-9,214	-9,079	-8,980	-8,895	-8,865	-8,845	-8,825	-8,809	-8,815	-8,795	-8,770	-8,717	-8,633	-8,536	-0,079	0,151	0,146	0,175	0,152	0,131	0,115	0,102	0,098	0,098	0,113	0,142	0,174	0,188	0,153	0,000	0,000
11,000	-9,783	-9,695	-9,664	-9,556	-9,479	-9,429	-9,403	-9,384	-9,351	-9,336	-9,296	-9,260	-9,198	-9,105	-8,990	0,102	0,122	0,141	0,183	0,178	0,156	0,157	0,144	0,147	0,148	0,171	0,190	0,213	0,221	0,169	0,000	0,000
12,000	-13,739	-13,824	-13,702	-13,672	-13,609	-13,591	-13,586	-13,573	-13,562	-13,568	-13,544	-13,513	-13,454	-13,341	-13,213	-0,044	0,090	0,097	0,105	0,097	0,087	0,077	0,087	0,088	0,095	0,131	0,176	0,210	0,238	0,187	0,000	0,000
13,000	-8,218	-8,289	-8,291	-8,323	-8,302	-8,294	-8,281	-8,269	-8,241	-8,215	-8,169	-8,097	-8,001	-7,843	-7,653	-0,100	-0,059	-0,045	0,009	0,037	0,068	0,088	0,119	0,143	0,183	0,237	0,277	0,329	0,353	0,282	0,000	0,000
14,000	-11,870	-11,718	-11,843	-11,773	-11,774	-11,739	-11,722	-11,723	-11,709	-11,698	-11,684	-11,653	-11,564	-11,429	-11,241	-0,036	-0,111	-0,031	0,043	0,051	0,053	0,066	0,070	0,089	0,113	0,157	0,219	0,277	0,322	0,257	0,000	0,000
15,000	-9,192	-9,330	-9,263	-9,267	-9,231	-9,226	-9,216	-9,198	-9,185	-9,184	-9,157	-9,127	-9,078	-9,003	-8,918	-0,262	-0,049	-0,047	0,020	0,041	0,049	0,060	0,067	0,078	0,094	0,116	0,128	0,156	0,166	0,132	0,000	0,000
	run	23	2022:11:08    10:54:12,986
0,000	-13,554	-13,705	-13,710	-13,833	-13,855	-13,877	-13,892	-13,894	-13,894	-13,900	-13,894	-13,860	-13,817	-13,717	-13,596	-0,388	-0,252	-0,218	-0,137	-0,108	-0,066	-0,043	-0,015	0,003	0,028	0,077	0,132	0,176	0,201	0,165	0,000	0,000
1,000	-18,032	-18,025	-17,941	-17,711	-17,555	-17,452	-17,392	-17,339	-17,293	-17,263	-17,214	-17,171	-17,119	-17,028	-16,916	-0,026	0,158	0,229	0,353	0,354	0,307	0,290	0,255	0,234	0,216	0,219	0,223	0,223	0,227	0,174	0,000	0,000
2,000	-11,109	-11,104	-11,058	-10,927	-10,821	-10,740	-10,694	-10,661	-10,616	-10,573	-10,515	-10,436	-10,328	-10,166	-9,970	-0,045	0,066	0,141	0,240	0,253	0,233	0,246	0,232	0,248	0,262	0,311	0,345	0,372	0,386	0,294	0,000	0,000
3,000	-22,069	-22,039	-21,968	-21,594	-21,369	-21,236	-21,165	-21,111	-21,061	-21,051	-21,012	-20,975	-20,929	-20,817	-20,706	-0,011	0,245	0,369	0,504	0,473	0,386	0,330	0,287	0,249	0,215	0,208	0,221	0,227	0,237	0,177	0,000	0,000
4,000	-11,637	-11,770	-11,653	-11,674	-11,651	-11,654	-11,655	-11,650	-11,654	-11,631	-11,607	-11,544	-11,426	-11,241	-10,995	-0,361	-0,026	-0,063	0,006	0,008	0,047	0,053	0,074	0,102	0,160	0,229	0,308	0,386	0,432	0,358	0,000	0,000
5,000	-10,939	-10,527	-10,631	-10,534	-10,528	-10,492	-10,469	-10,470	-10,440	-10,427	-10,390	-10,308	-10,198	-9,992	-9,723	1,027	0,432	0,319	0,217	0,163	0,133	0,145	0,156	0,183	0,202	0,269	0,344	0,428	0,474	0,384	0,000	0,000
6,000	-7,176	-6,978	-6,840	-6,644	-6,536	-6,473	-6,431	-6,406	-6,366	-6,345	-6,295	-6,246	-6,166	-6,039	-5,886	0,657	0,548	0,453	0,369	0,324	0,260	0,243	0,224	0,215	0,214	0,237	0,261	0,294	0,297	0,233	0,000	0,000
7,000	-6,813	-6,794	-6,781	-6,737	-6,698	-6,669	-6,652	-6,643	-6,628	-6,626	-6,617	-6,599	-6,577	-6,533	-6,492	-0,022	0,022	0,034	0,085	0,081	0,068	0,064	0,061	0,064	0,060	0,066	0,076	0,082	0,091	0,066	0,000	0,000
8,000	-19,308	-19,479	-19,493	-19,579	-19,556	-19,602	-19,632	-19,665	-19,691	-19,736	-19,751	-19,774	-19,776	-19,737	-19,690	-0,296	-0,173	-0,157	-0,107	-0,102	-0,122	-0,121	-0,117	-0,106	-0,101	-0,059	-0,020	0,007	0,053	0,052	0,000	0,000
9,000	-9,277	-9,259	-9,220	-9,105	-8,983	-8,883	-8,821	-8,777	-8,721	-8,679	-8,628	-8,568	-8,497	-8,383	-8,250	0,004	0,073	0,129	0,258	0,284	0,272	0,274	0,256	0,245	0,243	0,250	0,260	0,272	0,268	0,203	0,000	0,000
10,000	-9,304	-9,319	-9,192	-9,067	-8,974	-8,936	-8,915	-8,892	-8,878	-8,880	-8,858	-8,832	-8,776	-8,688	-8,589	-0,061	0,165	0,162	0,195	0,175	0,147	0,134	0,116	0,106	0,110	0,129	0,153	0,182	0,191	0,155	0,000	0,000
11,000	-9,874	-9,763	-9,744	-9,607	-9,528	-9,476	-9,446	-9,423	-9,390	-9,379	-9,338	-9,295	-9,238	-9,140	-9,019	0,115	0,151	0,166	0,207	0,194	0,165	0,163	0,157	0,154	0,156	0,179	0,201	0,218	0,228	0,178	0,000	0,000
12,000	-14,073	-14,149	-14,040	-14,025	-13,956	-13,934	-13,929	-13,920	-13,906	-13,912	-13,886	-13,856	-13,800	-13,686	-13,560	-0,049	0,076	0,089	0,106	0,097	0,080	0,079	0,083	0,086	0,092	0,133	0,173	0,209	0,237	0,187	0,000	0,000
13,000	-8,297	-8,370	-8,363	-8,397	-8,373	-8,362	-8,350	-8,333	-8,313	-8,282	-8,230	-8,166	-8,066	-7,908	-7,714	-0,082	-0,047	-0,034	0,013	0,039	0,073	0,093	0,122	0,149	0,188	0,247	0,287	0,340	0,360	0,287	0,000	0,000
14,000	-11,814	-11,665	-11,783	-11,717	-11,721	-11,686	-11,670	-11,667	-11,648	-11,649	-11,630	-11,587	-11,511	-11,371	-11,180	-0,034	-0,112	-0,041	0,045	0,046	0,050	0,067	0,073	0,093	0,109	0,168	0,221	0,279	0,319	0,269	0,000	0,000
15,000	-9,199	-9,331	-9,259	-9,270	-9,222	-9,223	-9,215	-9,198	-9,185	-9,179	-9,157	-9,131	-9,084	-9,009	-8,919	-0,260	-0,055	-0,053	0,020	0,038	0,049	0,055	0,067	0,074	0,087	0,109	0,128	0,155	0,166	0,132	0,000	0,000
