Device: PM2003001		2022:11:08    10:56:08,027  (DLL version: 1.20;  Status: HW:v1.02 SW:v1.3 CRC:31ED BATTERY:4154mV ST:0 ERR:0000;  MUX data; S: 92 I:143 R:200.000 C:1.094p F:)
Excitation level, V:	2,00
Voltage Channel Gain:	5
Current Channel Gain:	1
Voltmeter Range, V:	0,6
Ampermeter Range, A:	15,0m
Step Period, ms:	5
R transimp:	200
C transimp:	1,1p
Measurement Table: 	EEPROM  16

Freq, Hz	1,0k	2,0k	3,0k	7,0k	11,0k	17,0k	23,0k	31,0k	43,0k	61,0k	89,0k	127,0k	179,0k	251,0k	349,0k	1,0k	2,0k	3,0k	7,0k	11,0k	17,0k	23,0k	31,0k	43,0k	61,0k	89,0k	127,0k	179,0k	251,0k	349,0k
	run	1	2022:11:08    10:56:08,030
MUX	Re1, ohm	Re2, ohm	Re3, ohm	Re4, ohm	Re5, ohm	Re6, ohm	Re7, ohm	Re8, ohm	Re9, ohm	Re10, ohm	Re11, ohm	Re12, ohm	Re13, ohm	Re14, ohm	Re15, ohm	Im1, ohm	Im2, ohm	Im3, ohm	Im4, ohm	Im5, ohm	Im6, ohm	Im7, ohm	Im8, ohm	Im9, ohm	Im10, ohm	Im11, ohm	Im12, ohm	Im13, ohm	Im14, ohm	Im15, ohm	U, V	I, mA

0,000	-6,886	-6,130	-5,843	-5,609	-5,523	-5,484	-5,463	-5,447	-5,425	-5,420	-5,402	-5,376	-5,347	-5,292	-5,227	3,081	1,882	1,355	0,689	0,479	0,340	0,273	0,220	0,179	0,147	0,138	0,136	0,138	0,141	0,102	0,000	0,000
1,000	-16,548	-16,465	-16,356	-16,136	-15,992	-15,891	-15,829	-15,786	-15,741	-15,717	-15,676	-15,649	-15,611	-15,551	-15,486	0,125	0,259	0,306	0,349	0,349	0,302	0,273	0,234	0,211	0,187	0,169	0,166	0,155	0,154	0,109	0,000	0,000
2,000	-10,469	-10,528	-10,522	-10,415	-10,319	-10,250	-10,208	-10,175	-10,126	-10,101	-10,039	-9,973	-9,896	-9,768	-9,621	-0,163	-0,040	0,053	0,176	0,206	0,200	0,209	0,205	0,210	0,213	0,243	0,274	0,294	0,301	0,222	0,000	0,000
3,000	-20,564	-20,594	-20,550	-20,274	-20,073	-19,953	-19,885	-19,823	-19,777	-19,769	-19,730	-19,694	-19,645	-19,550	-19,439	-0,101	0,138	0,224	0,415	0,415	0,348	0,305	0,271	0,235	0,197	0,199	0,209	0,214	0,223	0,167	0,000	0,000
4,000	-11,103	-11,229	-11,135	-11,124	-11,097	-11,098	-11,095	-11,091	-11,091	-11,078	-11,037	-10,968	-10,842	-10,628	-10,352	-0,397	-0,066	-0,057	0,023	0,023	0,061	0,071	0,084	0,114	0,180	0,251	0,342	0,434	0,484	0,404	0,000	0,000
5,000	-12,552	-12,497	-12,674	-12,698	-12,709	-12,691	-12,663	-12,667	-12,637	-12,630	-12,571	-12,489	-12,347	-12,086	-11,755	-0,019	-0,192	-0,139	-0,023	0,018	0,034	0,080	0,113	0,153	0,213	0,312	0,412	0,514	0,576	0,473	0,000	0,000
6,000	-8,904	-8,906	-8,807	-8,664	-8,551	-8,496	-8,470	-8,432	-8,393	-8,375	-8,317	-8,247	-8,151	-7,992	-7,796	-0,015	0,158	0,183	0,239	0,232	0,213	0,216	0,206	0,212	0,228	0,271	0,311	0,347	0,372	0,296	0,000	0,000
7,000	-7,225	-7,139	-7,134	-7,032	-6,965	-6,941	-6,928	-6,915	-6,894	-6,894	-6,878	-6,856	-6,825	-6,776	-6,721	0,084	0,092	0,112	0,150	0,122	0,092	0,093	0,085	0,081	0,074	0,086	0,100	0,111	0,115	0,088	0,000	0,000
8,000	-20,560	-20,736	-20,759	-20,895	-20,886	-20,936	-20,969	-20,998	-21,026	-21,077	-21,094	-21,112	-21,115	-21,061	-21,002	-0,247	-0,173	-0,194	-0,154	-0,132	-0,145	-0,141	-0,137	-0,112	-0,103	-0,058	-0,007	0,023	0,072	0,061	0,000	0,000
9,000	-9,780	-9,705	-9,639	-9,430	-9,292	-9,179	-9,110	-9,068	-9,008	-8,966	-8,909	-8,846	-8,759	-8,631	-8,477	0,053	0,169	0,236	0,352	0,352	0,326	0,311	0,286	0,272	0,274	0,285	0,299	0,313	0,317	0,238	0,000	0,000
10,000	-9,663	-9,656	-9,511	-9,355	-9,253	-9,208	-9,184	-9,160	-9,141	-9,144	-9,124	-9,091	-9,030	-8,933	-8,817	-0,018	0,205	0,209	0,237	0,201	0,174	0,152	0,133	0,124	0,128	0,146	0,173	0,205	0,217	0,176	0,000	0,000
11,000	-9,953	-9,829	-9,794	-9,642	-9,560	-9,498	-9,464	-9,445	-9,410	-9,394	-9,355	-9,309	-9,243	-9,134	-9,008	0,167	0,176	0,199	0,231	0,219	0,182	0,179	0,165	0,166	0,171	0,191	0,221	0,242	0,254	0,192	0,000	0,000
12,000	-14,209	-14,237	-14,163	-14,117	-14,063	-14,044	-14,038	-14,029	-14,010	-14,023	-13,993	-13,948	-13,901	-13,780	-13,642	0,013	0,085	0,092	0,104	0,099	0,080	0,082	0,085	0,089	0,107	0,143	0,180	0,226	0,254	0,201	0,000	0,000
13,000	-8,514	-8,514	-8,543	-8,554	-8,559	-8,534	-8,524	-8,507	-8,482	-8,448	-8,403	-8,333	-8,230	-8,069	-7,859	-0,064	-0,056	-0,039	0,012	0,041	0,073	0,098	0,120	0,151	0,186	0,243	0,300	0,350	0,376	0,297	0,000	0,000
14,000	-10,507	-10,118	-10,146	-10,003	-9,978	-9,936	-9,916	-9,907	-9,901	-9,893	-9,891	-9,869	-9,828	-9,741	-9,628	0,771	0,388	0,337	0,219	0,168	0,117	0,109	0,091	0,091	0,087	0,109	0,128	0,170	0,190	0,161	0,000	0,000
15,000	-3,327	-3,177	-2,987	-2,952	-2,904	-2,897	-2,894	-2,878	-2,874	-2,878	-2,875	-2,868	-2,845	-2,802	-2,761	1,711	1,037	0,679	0,333	0,228	0,168	0,134	0,108	0,079	0,072	0,062	0,069	0,085	0,092	0,073	0,000	0,000
	run	2	2022:11:08    10:56:08,082
0,000	-6,886	-6,130	-5,843	-5,609	-5,523	-5,484	-5,463	-5,447	-5,425	-5,420	-5,402	-5,376	-5,347	-5,292	-5,227	3,081	1,882	1,355	0,689	0,479	0,340	0,273	0,220	0,179	0,147	0,138	0,136	0,138	0,141	0,102	0,000	0,000
1,000	-16,548	-16,465	-16,356	-16,136	-15,992	-15,891	-15,829	-15,786	-15,741	-15,717	-15,676	-15,649	-15,611	-15,551	-15,486	0,125	0,259	0,306	0,349	0,349	0,302	0,273	0,234	0,211	0,187	0,169	0,166	0,155	0,154	0,109	0,000	0,000
2,000	-10,469	-10,528	-10,522	-10,415	-10,319	-10,250	-10,208	-10,175	-10,126	-10,101	-10,039	-9,973	-9,896	-9,768	-9,621	-0,163	-0,040	0,053	0,176	0,206	0,200	0,209	0,205	0,210	0,213	0,243	0,274	0,294	0,301	0,222	0,000	0,000
3,000	-20,564	-20,594	-20,550	-20,274	-20,073	-19,953	-19,885	-19,823	-19,777	-19,769	-19,730	-19,694	-19,645	-19,550	-19,439	-0,101	0,138	0,224	0,415	0,415	0,348	0,305	0,271	0,235	0,197	0,199	0,209	0,214	0,223	0,167	0,000	0,000
4,000	-11,103	-11,229	-11,135	-11,124	-11,097	-11,098	-11,095	-11,091	-11,091	-11,078	-11,037	-10,968	-10,842	-10,628	-10,352	-0,397	-0,066	-0,057	0,023	0,023	0,061	0,071	0,084	0,114	0,180	0,251	0,342	0,434	0,484	0,404	0,000	0,000
5,000	-12,552	-12,497	-12,674	-12,698	-12,709	-12,691	-12,663	-12,667	-12,637	-12,630	-12,571	-12,489	-12,347	-12,086	-11,755	-0,019	-0,192	-0,139	-0,023	0,018	0,034	0,080	0,113	0,153	0,213	0,312	0,412	0,514	0,576	0,473	0,000	0,000
6,000	-8,766	-8,766	-8,673	-8,526	-8,420	-8,365	-8,336	-8,304	-8,261	-8,238	-8,191	-8,127	-8,041	-7,880	-7,686	0,000	0,165	0,187	0,241	0,232	0,210	0,206	0,204	0,208	0,217	0,261	0,306	0,337	0,364	0,284	0,000	0,000
7,000	-7,000	-6,954	-6,950	-6,869	-6,821	-6,788	-6,766	-6,761	-6,743	-6,747	-6,726	-6,709	-6,680	-6,635	-6,578	0,077	0,063	0,098	0,126	0,106	0,085	0,086	0,080	0,074	0,077	0,073	0,093	0,102	0,105	0,081	0,000	0,000
8,000	-19,711	-19,870	-19,884	-19,987	-19,966	-20,018	-20,050	-20,082	-20,110	-20,159	-20,184	-20,191	-20,195	-20,149	-20,082	-0,246	-0,142	-0,158	-0,121	-0,116	-0,129	-0,125	-0,121	-0,109	-0,092	-0,051	-0,003	0,025	0,068	0,068	0,000	0,000
9,000	-9,486	-9,451	-9,394	-9,240	-9,115	-9,002	-8,939	-8,893	-8,827	-8,796	-8,740	-8,671	-8,591	-8,470	-8,325	0,026	0,109	0,178	0,300	0,320	0,303	0,294	0,273	0,262	0,253	0,273	0,290	0,300	0,300	0,227	0,000	0,000
10,000	-9,456	-9,441	-9,304	-9,157	-9,060	-9,013	-8,992	-8,971	-8,953	-8,951	-8,929	-8,903	-8,842	-8,751	-8,641	-0,015	0,191	0,201	0,223	0,194	0,161	0,140	0,125	0,121	0,125	0,139	0,163	0,196	0,210	0,172	0,000	0,000
11,000	-9,983	-9,882	-9,842	-9,701	-9,620	-9,565	-9,533	-9,517	-9,478	-9,462	-9,427	-9,382	-9,321	-9,205	-9,084	0,146	0,165	0,186	0,222	0,209	0,173	0,167	0,159	0,164	0,165	0,194	0,217	0,236	0,244	0,188	0,000	0,000
12,000	-14,354	-14,380	-14,299	-14,259	-14,190	-14,176	-14,169	-14,151	-14,141	-14,152	-14,119	-14,078	-14,021	-13,901	-13,764	0,007	0,103	0,096	0,111	0,096	0,084	0,086	0,088	0,098	0,107	0,146	0,181	0,224	0,257	0,208	0,000	0,000
13,000	-8,674	-8,640	-8,689	-8,698	-8,687	-8,669	-8,653	-8,646	-8,616	-8,582	-8,533	-8,458	-8,352	-8,187	-7,972	-0,054	-0,046	-0,041	0,016	0,048	0,072	0,099	0,124	0,159	0,202	0,255	0,308	0,364	0,385	0,307	0,000	0,000
14,000	-10,849	-10,487	-10,493	-10,346	-10,324	-10,280	-10,258	-10,253	-10,245	-10,241	-10,229	-10,217	-10,164	-10,082	-9,960	0,725	0,399	0,341	0,222	0,170	0,127	0,115	0,093	0,092	0,095	0,103	0,143	0,178	0,203	0,167	0,000	0,000
15,000	-3,442	-3,289	-3,096	-3,054	-3,000	-2,993	-2,988	-2,973	-2,971	-2,974	-2,968	-2,960	-2,937	-2,894	-2,847	1,728	1,057	0,696	0,346	0,236	0,175	0,137	0,111	0,082	0,076	0,070	0,075	0,091	0,096	0,079	0,000	0,000
	run	3	2022:11:08    10:56:08,181
0,000	-7,326	-6,541	-6,246	-5,979	-5,892	-5,846	-5,825	-5,802	-5,781	-5,779	-5,760	-5,733	-5,700	-5,639	-5,567	3,156	1,954	1,416	0,726	0,505	0,359	0,286	0,231	0,191	0,154	0,144	0,149	0,153	0,154	0,111	0,000	0,000
1,000	-17,690	-17,568	-17,431	-17,162	-16,985	-16,871	-16,809	-16,764	-16,706	-16,678	-16,635	-16,608	-16,576	-16,510	-16,442	0,217	0,354	0,386	0,425	0,409	0,347	0,311	0,264	0,239	0,200	0,186	0,174	0,161	0,160	0,119	0,000	0,000
2,000	-10,935	-10,976	-10,963	-10,851	-10,751	-10,679	-10,628	-10,597	-10,552	-10,519	-10,464	-10,396	-10,306	-10,166	-10,008	-0,159	-0,022	0,062	0,201	0,220	0,205	0,219	0,216	0,226	0,227	0,265	0,294	0,314	0,321	0,240	0,000	0,000
3,000	-20,968	-20,976	-20,928	-20,612	-20,409	-20,273	-20,208	-20,145	-20,100	-20,084	-20,045	-20,008	-19,960	-19,859	-19,745	-0,082	0,158	0,269	0,443	0,437	0,363	0,323	0,281	0,244	0,209	0,202	0,215	0,216	0,224	0,172	0,000	0,000
4,000	-10,928	-11,068	-10,978	-10,957	-10,921	-10,932	-10,920	-10,923	-10,915	-10,907	-10,866	-10,797	-10,671	-10,455	-10,182	-0,385	-0,053	-0,048	0,022	0,036	0,060	0,071	0,094	0,110	0,170	0,262	0,335	0,435	0,485	0,403	0,000	0,000
5,000	-12,377	-12,308	-12,469	-12,508	-12,509	-12,486	-12,472	-12,475	-12,447	-12,441	-12,394	-12,311	-12,162	-11,910	-11,589	-0,014	-0,205	-0,147	-0,025	0,009	0,031	0,074	0,108	0,159	0,209	0,293	0,399	0,500	0,559	0,461	0,000	0,000
6,000	-8,561	-8,571	-8,462	-8,326	-8,220	-8,163	-8,134	-8,104	-8,070	-8,047	-7,998	-7,933	-7,842	-7,694	-7,507	-0,031	0,141	0,184	0,236	0,230	0,204	0,203	0,198	0,202	0,219	0,254	0,291	0,327	0,350	0,273	0,000	0,000
7,000	-6,809	-6,769	-6,764	-6,696	-6,659	-6,634	-6,611	-6,602	-6,586	-6,587	-6,574	-6,545	-6,518	-6,473	-6,415	0,056	0,037	0,069	0,110	0,097	0,079	0,076	0,068	0,071	0,071	0,077	0,086	0,102	0,106	0,075	0,000	0,000
8,000	-19,245	-19,414	-19,400	-19,474	-19,464	-19,504	-19,542	-19,568	-19,592	-19,645	-19,665	-19,682	-19,680	-19,642	-19,577	-0,218	-0,127	-0,128	-0,092	-0,092	-0,117	-0,117	-0,118	-0,106	-0,100	-0,053	-0,012	0,022	0,065	0,060	0,000	0,000
9,000	-9,245	-9,224	-9,177	-9,054	-8,932	-8,833	-8,769	-8,717	-8,665	-8,624	-8,567	-8,508	-8,427	-8,312	-8,173	0,030	0,088	0,152	0,269	0,299	0,286	0,284	0,261	0,252	0,236	0,263	0,278	0,291	0,292	0,214	0,000	0,000
10,000	-9,387	-9,383	-9,253	-9,116	-9,020	-8,982	-8,961	-8,949	-8,920	-8,919	-8,903	-8,869	-8,816	-8,731	-8,616	-0,033	0,177	0,184	0,217	0,183	0,159	0,137	0,125	0,112	0,119	0,135	0,163	0,188	0,204	0,165	0,000	0,000
11,000	-9,954	-9,843	-9,812	-9,677	-9,600	-9,548	-9,517	-9,492	-9,466	-9,450	-9,412	-9,367	-9,305	-9,199	-9,072	0,155	0,162	0,175	0,211	0,200	0,165	0,161	0,154	0,157	0,159	0,184	0,212	0,233	0,237	0,187	0,000	0,000
12,000	-14,287	-14,309	-14,229	-14,186	-14,123	-14,108	-14,099	-14,088	-14,070	-14,074	-14,047	-14,009	-13,952	-13,833	-13,692	0,011	0,095	0,099	0,115	0,100	0,085	0,091	0,086	0,094	0,106	0,147	0,186	0,226	0,257	0,202	0,000	0,000
13,000	-8,723	-8,659	-8,723	-8,718	-8,719	-8,702	-8,684	-8,676	-8,649	-8,616	-8,568	-8,501	-8,392	-8,228	-8,015	-0,042	-0,049	-0,040	0,018	0,043	0,071	0,097	0,122	0,152	0,195	0,253	0,307	0,363	0,387	0,310	0,000	0,000
14,000	-11,115	-10,774	-10,759	-10,621	-10,591	-10,556	-10,531	-10,526	-10,516	-10,506	-10,497	-10,476	-10,430	-10,343	-10,213	0,666	0,403	0,340	0,220	0,170	0,135	0,122	0,103	0,102	0,099	0,120	0,146	0,187	0,214	0,175	0,000	0,000
15,000	-3,548	-3,370	-3,195	-3,143	-3,082	-3,078	-3,070	-3,052	-3,047	-3,057	-3,049	-3,040	-3,019	-2,973	-2,925	1,781	1,067	0,712	0,355	0,244	0,179	0,143	0,114	0,088	0,077	0,069	0,077	0,093	0,102	0,082	0,000	0,000
	run	4	2022:11:08    10:56:08,282
0,000	-7,406	-6,599	-6,297	-6,021	-5,931	-5,888	-5,867	-5,847	-5,825	-5,823	-5,802	-5,778	-5,744	-5,678	-5,608	3,199	1,976	1,429	0,731	0,511	0,359	0,286	0,233	0,190	0,161	0,149	0,151	0,152	0,153	0,115	0,000	0,000
1,000	-17,924	-17,792	-17,657	-17,387	-17,210	-17,085	-17,020	-16,971	-16,917	-16,890	-16,853	-16,816	-16,783	-16,716	-16,645	0,202	0,353	0,401	0,437	0,419	0,355	0,313	0,269	0,236	0,206	0,191	0,181	0,169	0,165	0,124	0,000	0,000
2,000	-11,077	-11,110	-11,095	-10,976	-10,871	-10,796	-10,750	-10,712	-10,661	-10,634	-10,577	-10,502	-10,412	-10,268	-10,106	-0,179	-0,004	0,070	0,212	0,233	0,222	0,228	0,224	0,227	0,238	0,267	0,295	0,318	0,327	0,248	0,000	0,000
3,000	-21,357	-21,390	-21,301	-20,974	-20,749	-20,622	-20,550	-20,493	-20,441	-20,424	-20,384	-20,350	-20,305	-20,202	-20,090	-0,067	0,188	0,297	0,471	0,461	0,377	0,333	0,290	0,251	0,213	0,204	0,218	0,222	0,232	0,174	0,000	0,000
4,000	-11,123	-11,272	-11,170	-11,189	-11,148	-11,147	-11,151	-11,145	-11,142	-11,126	-11,083	-11,017	-10,884	-10,676	-10,393	-0,387	-0,061	-0,063	0,014	0,028	0,055	0,071	0,092	0,115	0,182	0,263	0,344	0,439	0,493	0,403	0,000	0,000
5,000	-12,285	-12,192	-12,351	-12,379	-12,390	-12,362	-12,348	-12,356	-12,326	-12,317	-12,273	-12,191	-12,046	-11,804	-11,485	-0,003	-0,178	-0,127	-0,019	0,012	0,028	0,068	0,103	0,153	0,197	0,290	0,391	0,491	0,549	0,444	0,000	0,000
6,000	-8,320	-8,320	-8,220	-8,101	-8,005	-7,942	-7,914	-7,880	-7,843	-7,828	-7,772	-7,715	-7,627	-7,481	-7,303	-0,022	0,137	0,171	0,226	0,222	0,197	0,198	0,192	0,200	0,206	0,251	0,284	0,319	0,339	0,264	0,000	0,000
7,000	-6,663	-6,629	-6,631	-6,572	-6,538	-6,510	-6,492	-6,489	-6,470	-6,470	-6,454	-6,438	-6,410	-6,364	-6,313	0,059	0,032	0,052	0,093	0,081	0,068	0,073	0,068	0,065	0,067	0,077	0,086	0,094	0,102	0,080	0,000	0,000
8,000	-19,084	-19,251	-19,244	-19,309	-19,292	-19,328	-19,359	-19,386	-19,413	-19,460	-19,473	-19,492	-19,495	-19,449	-19,393	-0,218	-0,103	-0,112	-0,088	-0,086	-0,110	-0,105	-0,103	-0,095	-0,088	-0,045	-0,005	0,022	0,070	0,063	0,000	0,000
9,000	-9,252	-9,236	-9,190	-9,067	-8,954	-8,843	-8,785	-8,741	-8,683	-8,645	-8,596	-8,538	-8,456	-8,340	-8,204	0,015	0,075	0,136	0,263	0,287	0,277	0,271	0,255	0,246	0,244	0,250	0,266	0,280	0,281	0,211	0,000	0,000
10,000	-9,312	-9,329	-9,200	-9,067	-8,971	-8,931	-8,912	-8,893	-8,873	-8,871	-8,852	-8,818	-8,765	-8,678	-8,571	-0,040	0,170	0,169	0,209	0,177	0,152	0,138	0,118	0,115	0,116	0,137	0,158	0,191	0,204	0,162	0,000	0,000
11,000	-9,959	-9,844	-9,834	-9,689	-9,611	-9,553	-9,526	-9,506	-9,471	-9,460	-9,419	-9,374	-9,310	-9,205	-9,082	0,156	0,163	0,177	0,210	0,203	0,169	0,168	0,156	0,160	0,163	0,188	0,211	0,236	0,243	0,185	0,000	0,000
12,000	-14,338	-14,373	-14,282	-14,242	-14,183	-14,165	-14,154	-14,144	-14,133	-14,143	-14,106	-14,071	-14,013	-13,890	-13,747	0,005	0,093	0,097	0,112	0,101	0,083	0,088	0,088	0,100	0,105	0,148	0,185	0,234	0,257	0,208	0,000	0,000
13,000	-8,819	-8,768	-8,830	-8,825	-8,820	-8,802	-8,790	-8,776	-8,756	-8,719	-8,672	-8,597	-8,495	-8,330	-8,126	-0,053	-0,054	-0,039	0,020	0,048	0,065	0,096	0,117	0,156	0,195	0,249	0,304	0,353	0,379	0,304	0,000	0,000
14,000	-11,290	-10,937	-10,929	-10,783	-10,752	-10,711	-10,684	-10,686	-10,671	-10,667	-10,655	-10,630	-10,585	-10,491	-10,364	0,688	0,405	0,340	0,230	0,180	0,134	0,121	0,107	0,095	0,101	0,125	0,149	0,195	0,216	0,177	0,000	0,000
15,000	-3,572	-3,381	-3,205	-3,148	-3,091	-3,082	-3,078	-3,063	-3,052	-3,061	-3,055	-3,053	-3,023	-2,979	-2,931	1,807	1,089	0,728	0,364	0,254	0,182	0,141	0,108	0,090	0,078	0,072	0,075	0,094	0,104	0,084	0,000	0,000
	run	5	2022:11:08    10:56:08,329
0,000	-7,258	-6,482	-6,178	-5,920	-5,833	-5,792	-5,770	-5,745	-5,731	-5,726	-5,706	-5,680	-5,648	-5,585	-5,510	3,182	1,958	1,415	0,722	0,501	0,361	0,286	0,234	0,189	0,155	0,147	0,150	0,158	0,157	0,109	0,000	0,000
1,000	-17,726	-17,572	-17,436	-17,146	-16,974	-16,858	-16,793	-16,746	-16,697	-16,666	-16,627	-16,594	-16,557	-16,493	-16,423	0,213	0,362	0,403	0,439	0,413	0,346	0,311	0,265	0,231	0,202	0,190	0,181	0,165	0,161	0,119	0,000	0,000
2,000	-11,077	-11,110	-11,095	-10,976	-10,871	-10,796	-10,750	-10,712	-10,661	-10,634	-10,577	-10,502	-10,412	-10,268	-10,106	-0,179	-0,004	0,070	0,212	0,233	0,222	0,228	0,224	0,227	0,238	0,267	0,295	0,318	0,327	0,248	0,000	0,000
3,000	-21,357	-21,390	-21,301	-20,974	-20,749	-20,622	-20,550	-20,493	-20,441	-20,424	-20,384	-20,350	-20,305	-20,202	-20,090	-0,067	0,188	0,297	0,471	0,461	0,377	0,333	0,290	0,251	0,213	0,204	0,218	0,222	0,232	0,174	0,000	0,000
4,000	-11,123	-11,272	-11,170	-11,189	-11,148	-11,147	-11,151	-11,145	-11,142	-11,126	-11,083	-11,017	-10,884	-10,676	-10,393	-0,387	-0,061	-0,063	0,014	0,028	0,055	0,071	0,092	0,115	0,182	0,263	0,344	0,439	0,493	0,403	0,000	0,000
5,000	-12,285	-12,192	-12,351	-12,379	-12,390	-12,362	-12,348	-12,356	-12,326	-12,317	-12,273	-12,191	-12,046	-11,804	-11,485	-0,003	-0,178	-0,127	-0,019	0,012	0,028	0,068	0,103	0,153	0,197	0,290	0,391	0,491	0,549	0,444	0,000	0,000
6,000	-8,320	-8,320	-8,220	-8,101	-8,005	-7,942	-7,914	-7,880	-7,843	-7,828	-7,772	-7,715	-7,627	-7,481	-7,303	-0,022	0,137	0,171	0,226	0,222	0,197	0,198	0,192	0,200	0,206	0,251	0,284	0,319	0,339	0,264	0,000	0,000
7,000	-6,663	-6,629	-6,631	-6,572	-6,538	-6,510	-6,492	-6,489	-6,470	-6,470	-6,454	-6,438	-6,410	-6,364	-6,313	0,059	0,032	0,052	0,093	0,081	0,068	0,073	0,068	0,065	0,067	0,077	0,086	0,094	0,102	0,080	0,000	0,000
8,000	-19,161	-19,336	-19,331	-19,397	-19,380	-19,429	-19,463	-19,488	-19,509	-19,562	-19,576	-19,594	-19,593	-19,554	-19,500	-0,228	-0,122	-0,114	-0,091	-0,096	-0,111	-0,109	-0,112	-0,099	-0,089	-0,046	-0,012	0,023	0,060	0,064	0,000	0,000
9,000	-9,340	-9,319	-9,283	-9,154	-9,037	-8,929	-8,868	-8,821	-8,765	-8,726	-8,673	-8,608	-8,531	-8,411	-8,278	0,026	0,088	0,151	0,274	0,300	0,281	0,280	0,262	0,251	0,244	0,258	0,272	0,288	0,290	0,215	0,000	0,000
10,000	-9,407	-9,414	-9,262	-9,127	-9,030	-8,985	-8,965	-8,943	-8,921	-8,930	-8,899	-8,872	-8,816	-8,723	-8,618	-0,046	0,184	0,190	0,223	0,186	0,163	0,142	0,129	0,116	0,119	0,137	0,162	0,197	0,206	0,165	0,000	0,000
11,000	-10,013	-9,901	-9,857	-9,727	-9,646	-9,593	-9,562	-9,547	-9,511	-9,490	-9,459	-9,414	-9,348	-9,244	-9,119	0,154	0,165	0,176	0,212	0,205	0,166	0,171	0,156	0,161	0,166	0,190	0,215	0,233	0,243	0,183	0,000	0,000
12,000	-14,428	-14,459	-14,371	-14,333	-14,273	-14,249	-14,244	-14,229	-14,215	-14,226	-14,192	-14,159	-14,089	-13,973	-13,831	-0,003	0,099	0,101	0,118	0,101	0,094	0,089	0,092	0,097	0,112	0,149	0,184	0,231	0,258	0,210	0,000	0,000
13,000	-8,635	-8,596	-8,646	-8,654	-8,656	-8,632	-8,622	-8,611	-8,586	-8,552	-8,504	-8,439	-8,333	-8,174	-7,970	-0,069	-0,053	-0,049	0,014	0,043	0,057	0,095	0,113	0,149	0,187	0,243	0,301	0,347	0,372	0,295	0,000	0,000
14,000	-10,884	-10,494	-10,532	-10,374	-10,355	-10,317	-10,289	-10,284	-10,272	-10,272	-10,253	-10,240	-10,195	-10,103	-9,985	0,736	0,391	0,325	0,221	0,167	0,123	0,113	0,096	0,092	0,093	0,106	0,145	0,182	0,211	0,168	0,000	0,000
15,000	-3,462	-3,289	-3,111	-3,056	-3,005	-2,999	-2,992	-2,980	-2,970	-2,977	-2,971	-2,967	-2,941	-2,896	-2,844	1,755	1,045	0,709	0,343	0,241	0,177	0,137	0,110	0,082	0,077	0,068	0,077	0,092	0,102	0,080	0,000	0,000
	run	6	2022:11:08    10:56:08,429
0,000	-6,999	-6,221	-5,952	-5,699	-5,615	-5,580	-5,552	-5,537	-5,516	-5,511	-5,492	-5,471	-5,435	-5,376	-5,310	3,111	1,908	1,372	0,699	0,482	0,345	0,278	0,226	0,181	0,150	0,142	0,143	0,146	0,143	0,107	0,000	0,000
1,000	-17,098	-16,975	-16,865	-16,621	-16,463	-16,352	-16,291	-16,235	-16,192	-16,160	-16,126	-16,096	-16,057	-15,996	-15,928	0,142	0,302	0,332	0,390	0,376	0,327	0,289	0,249	0,220	0,191	0,184	0,176	0,166	0,160	0,121	0,000	0,000
2,000	-10,771	-10,816	-10,795	-10,683	-10,579	-10,503	-10,465	-10,427	-10,382	-10,355	-10,288	-10,223	-10,135	-9,999	-9,852	-0,159	-0,023	0,070	0,202	0,220	0,216	0,217	0,216	0,223	0,230	0,258	0,288	0,309	0,310	0,237	0,000	0,000
3,000	-21,115	-21,111	-21,059	-20,750	-20,542	-20,412	-20,339	-20,280	-20,231	-20,218	-20,179	-20,140	-20,090	-19,995	-19,876	-0,076	0,176	0,285	0,455	0,437	0,365	0,326	0,277	0,243	0,206	0,199	0,213	0,224	0,232	0,173	0,000	0,000
4,000	-11,299	-11,452	-11,360	-11,349	-11,317	-11,336	-11,329	-11,318	-11,317	-11,306	-11,263	-11,193	-11,053	-10,839	-10,554	-0,422	-0,066	-0,052	0,021	0,027	0,058	0,072	0,088	0,121	0,190	0,264	0,353	0,448	0,500	0,412	0,000	0,000
5,000	-12,743	-12,647	-12,831	-12,861	-12,861	-12,845	-12,825	-12,828	-12,799	-12,785	-12,739	-12,649	-12,500	-12,234	-11,898	-0,018	-0,208	-0,133	-0,021	0,020	0,031	0,078	0,115	0,157	0,216	0,310	0,421	0,525	0,591	0,485	0,000	0,000
6,000	-8,692	-8,686	-8,574	-8,446	-8,336	-8,272	-8,246	-8,219	-8,177	-8,152	-8,100	-8,036	-7,947	-7,792	-7,611	-0,009	0,154	0,192	0,246	0,236	0,210	0,207	0,202	0,209	0,221	0,256	0,295	0,328	0,351	0,278	0,000	0,000
7,000	-6,919	-6,853	-6,852	-6,781	-6,735	-6,704	-6,684	-6,680	-6,660	-6,657	-6,638	-6,622	-6,597	-6,543	-6,488	0,073	0,053	0,084	0,118	0,107	0,083	0,083	0,075	0,079	0,072	0,087	0,094	0,109	0,109	0,083	0,000	0,000
8,000	-19,581	-19,759	-19,757	-19,855	-19,837	-19,885	-19,919	-19,947	-19,972	-20,026	-20,044	-20,059	-20,063	-20,018	-19,959	-0,228	-0,150	-0,146	-0,113	-0,115	-0,128	-0,126	-0,126	-0,111	-0,095	-0,055	-0,007	0,015	0,063	0,063	0,000	0,000
9,000	-9,443	-9,424	-9,365	-9,207	-9,076	-8,968	-8,904	-8,854	-8,797	-8,760	-8,697	-8,644	-8,558	-8,435	-8,290	0,049	0,112	0,178	0,303	0,325	0,306	0,294	0,272	0,264	0,258	0,270	0,282	0,296	0,296	0,224	0,000	0,000
10,000	-9,505	-9,501	-9,365	-9,222	-9,124	-9,078	-9,054	-9,040	-9,018	-9,019	-8,996	-8,965	-8,909	-8,817	-8,710	-0,023	0,191	0,193	0,227	0,189	0,160	0,140	0,124	0,117	0,121	0,141	0,166	0,201	0,209	0,163	0,000	0,000
11,000	-9,987	-9,869	-9,842	-9,702	-9,621	-9,563	-9,535	-9,507	-9,478	-9,462	-9,424	-9,379	-9,316	-9,209	-9,090	0,160	0,169	0,190	0,221	0,205	0,176	0,166	0,161	0,163	0,164	0,189	0,212	0,232	0,242	0,185	0,000	0,000
12,000	-14,066	-14,096	-14,005	-13,959	-13,910	-13,885	-13,882	-13,867	-13,852	-13,863	-13,832	-13,790	-13,742	-13,619	-13,480	-0,010	0,087	0,096	0,109	0,104	0,084	0,086	0,086	0,095	0,109	0,140	0,179	0,225	0,254	0,202	0,000	0,000
13,000	-8,463	-8,464	-8,490	-8,508	-8,502	-8,491	-8,471	-8,454	-8,434	-8,404	-8,356	-8,285	-8,185	-8,025	-7,824	-0,081	-0,058	-0,039	0,010	0,041	0,064	0,095	0,121	0,155	0,186	0,232	0,297	0,345	0,367	0,292	0,000	0,000
14,000	-10,457	-10,067	-10,096	-9,945	-9,935	-9,900	-9,869	-9,877	-9,860	-9,859	-9,847	-9,822	-9,782	-9,698	-9,582	0,759	0,379	0,335	0,215	0,158	0,117	0,110	0,094	0,088	0,089	0,110	0,131	0,169	0,199	0,166	0,000	0,000
15,000	-3,367	-3,202	-3,034	-2,984	-2,930	-2,927	-2,919	-2,912	-2,905	-2,908	-2,904	-2,896	-2,873	-2,830	-2,784	1,729	1,034	0,687	0,335	0,230	0,169	0,133	0,113	0,082	0,074	0,071	0,072	0,088	0,096	0,079	0,000	0,000
	run	7	2022:11:08    10:56:08,482
0,000	-6,999	-6,221	-5,952	-5,699	-5,615	-5,580	-5,552	-5,537	-5,516	-5,511	-5,492	-5,471	-5,435	-5,376	-5,310	3,111	1,908	1,372	0,699	0,482	0,345	0,278	0,226	0,181	0,150	0,142	0,143	0,146	0,143	0,107	0,000	0,000
1,000	-17,098	-16,975	-16,865	-16,621	-16,463	-16,352	-16,291	-16,235	-16,192	-16,160	-16,126	-16,096	-16,057	-15,996	-15,928	0,142	0,302	0,332	0,390	0,376	0,327	0,289	0,249	0,220	0,191	0,184	0,176	0,166	0,160	0,121	0,000	0,000
2,000	-10,771	-10,816	-10,795	-10,683	-10,579	-10,503	-10,465	-10,427	-10,382	-10,355	-10,288	-10,223	-10,135	-9,999	-9,852	-0,159	-0,023	0,070	0,202	0,220	0,216	0,217	0,216	0,223	0,230	0,258	0,288	0,309	0,310	0,237	0,000	0,000
3,000	-21,115	-21,111	-21,059	-20,750	-20,542	-20,412	-20,339	-20,280	-20,231	-20,218	-20,179	-20,140	-20,090	-19,995	-19,876	-0,076	0,176	0,285	0,455	0,437	0,365	0,326	0,277	0,243	0,206	0,199	0,213	0,224	0,232	0,173	0,000	0,000
4,000	-11,299	-11,452	-11,360	-11,349	-11,317	-11,336	-11,329	-11,318	-11,317	-11,306	-11,263	-11,193	-11,053	-10,839	-10,554	-0,422	-0,066	-0,052	0,021	0,027	0,058	0,072	0,088	0,121	0,190	0,264	0,353	0,448	0,500	0,412	0,000	0,000
5,000	-12,743	-12,647	-12,831	-12,861	-12,861	-12,845	-12,825	-12,828	-12,799	-12,785	-12,739	-12,649	-12,500	-12,234	-11,898	-0,018	-0,208	-0,133	-0,021	0,020	0,031	0,078	0,115	0,157	0,216	0,310	0,421	0,525	0,591	0,485	0,000	0,000
6,000	-8,859	-8,830	-8,738	-8,592	-8,489	-8,429	-8,402	-8,367	-8,327	-8,306	-8,251	-8,186	-8,093	-7,937	-7,748	-0,007	0,156	0,184	0,244	0,238	0,208	0,209	0,205	0,209	0,228	0,265	0,307	0,341	0,366	0,282	0,000	0,000
7,000	-7,100	-7,036	-7,016	-6,935	-6,879	-6,852	-6,833	-6,831	-6,810	-6,804	-6,784	-6,766	-6,738	-6,688	-6,624	0,052	0,068	0,099	0,129	0,112	0,086	0,083	0,084	0,082	0,078	0,092	0,103	0,109	0,116	0,088	0,000	0,000
8,000	-19,991	-20,204	-20,205	-20,307	-20,289	-20,339	-20,376	-20,404	-20,425	-20,485	-20,500	-20,514	-20,514	-20,475	-20,411	-0,244	-0,162	-0,155	-0,119	-0,118	-0,137	-0,129	-0,129	-0,110	-0,100	-0,048	-0,009	0,028	0,076	0,071	0,000	0,000
9,000	-9,604	-9,572	-9,518	-9,345	-9,215	-9,099	-9,035	-8,989	-8,931	-8,886	-8,832	-8,765	-8,683	-8,557	-8,410	0,050	0,127	0,201	0,319	0,332	0,312	0,303	0,280	0,266	0,262	0,280	0,297	0,305	0,309	0,229	0,000	0,000
10,000	-9,486	-9,496	-9,351	-9,214	-9,111	-9,070	-9,046	-9,027	-9,009	-9,012	-8,987	-8,957	-8,900	-8,808	-8,696	-0,019	0,185	0,193	0,220	0,185	0,155	0,139	0,131	0,119	0,122	0,140	0,161	0,196	0,211	0,169	0,000	0,000
11,000	-9,906	-9,795	-9,770	-9,624	-9,538	-9,485	-9,453	-9,431	-9,399	-9,382	-9,345	-9,301	-9,236	-9,130	-9,004	0,150	0,172	0,178	0,219	0,204	0,174	0,170	0,157	0,162	0,164	0,188	0,211	0,233	0,244	0,186	0,000	0,000
12,000	-14,029	-14,070	-13,980	-13,943	-13,884	-13,864	-13,856	-13,844	-13,827	-13,846	-13,803	-13,766	-13,718	-13,598	-13,460	-0,006	0,099	0,090	0,110	0,102	0,084	0,087	0,084	0,090	0,107	0,151	0,180	0,226	0,253	0,197	0,000	0,000
13,000	-8,393	-8,393	-8,416	-8,432	-8,428	-8,415	-8,407	-8,386	-8,363	-8,330	-8,283	-8,219	-8,114	-7,954	-7,752	-0,073	-0,058	-0,049	0,007	0,039	0,070	0,092	0,119	0,146	0,188	0,238	0,292	0,348	0,369	0,293	0,000	0,000
14,000	-10,424	-10,026	-10,049	-9,901	-9,883	-9,852	-9,821	-9,818	-9,806	-9,805	-9,794	-9,776	-9,741	-9,659	-9,541	0,732	0,387	0,334	0,212	0,163	0,117	0,110	0,086	0,087	0,089	0,099	0,132	0,170	0,194	0,159	0,000	0,000
15,000	-3,321	-3,174	-3,000	-2,956	-2,904	-2,897	-2,893	-2,875	-2,878	-2,878	-2,872	-2,867	-2,849	-2,803	-2,765	1,730	1,032	0,685	0,339	0,230	0,169	0,130	0,101	0,078	0,070	0,067	0,070	0,084	0,090	0,074	0,000	0,000
	run	8	2022:11:08    10:56:08,582
0,000	-6,957	-6,192	-5,902	-5,667	-5,583	-5,542	-5,519	-5,498	-5,479	-5,473	-5,457	-5,435	-5,399	-5,344	-5,273	3,112	1,904	1,374	0,695	0,485	0,342	0,273	0,222	0,180	0,148	0,136	0,141	0,144	0,144	0,107	0,000	0,000
1,000	-16,487	-16,402	-16,297	-16,073	-15,924	-15,828	-15,769	-15,721	-15,674	-15,649	-15,614	-15,584	-15,547	-15,490	-15,426	0,123	0,260	0,299	0,345	0,342	0,300	0,271	0,235	0,211	0,183	0,172	0,165	0,156	0,154	0,112	0,000	0,000
2,000	-10,439	-10,492	-10,481	-10,380	-10,285	-10,214	-10,170	-10,139	-10,087	-10,064	-10,013	-9,951	-9,861	-9,733	-9,588	-0,154	-0,046	0,041	0,185	0,202	0,197	0,206	0,201	0,208	0,217	0,246	0,272	0,291	0,300	0,225	0,000	0,000
3,000	-20,493	-20,512	-20,465	-20,194	-20,002	-19,880	-19,810	-19,752	-19,706	-19,694	-19,658	-19,621	-19,579	-19,477	-19,373	-0,098	0,126	0,224	0,406	0,406	0,341	0,299	0,262	0,227	0,199	0,195	0,202	0,210	0,218	0,163	0,000	0,000
4,000	-11,129	-11,280	-11,183	-11,176	-11,139	-11,143	-11,141	-11,136	-11,132	-11,116	-11,084	-11,013	-10,888	-10,671	-10,392	-0,412	-0,060	-0,063	0,021	0,028	0,060	0,069	0,085	0,116	0,183	0,259	0,341	0,436	0,489	0,402	0,000	0,000
5,000	-12,687	-12,616	-12,774	-12,811	-12,817	-12,792	-12,781	-12,777	-12,748	-12,740	-12,690	-12,603	-12,456	-12,192	-11,856	-0,014	-0,204	-0,138	-0,011	0,013	0,030	0,083	0,118	0,168	0,212	0,303	0,421	0,519	0,585	0,480	0,000	0,000
6,000	-8,870	-8,879	-8,774	-8,636	-8,529	-8,464	-8,440	-8,408	-8,365	-8,354	-8,283	-8,227	-8,127	-7,971	-7,774	-0,013	0,146	0,182	0,243	0,237	0,204	0,206	0,205	0,212	0,224	0,273	0,311	0,346	0,372	0,289	0,000	0,000
7,000	-7,170	-7,085	-7,075	-6,975	-6,922	-6,890	-6,871	-6,867	-6,849	-6,837	-6,831	-6,808	-6,776	-6,721	-6,670	0,096	0,092	0,121	0,146	0,122	0,094	0,087	0,084	0,077	0,075	0,085	0,096	0,105	0,119	0,088	0,000	0,000
8,000	-20,262	-20,462	-20,485	-20,610	-20,597	-20,655	-20,694	-20,714	-20,752	-20,804	-20,819	-20,831	-20,839	-20,789	-20,731	-0,273	-0,193	-0,191	-0,144	-0,134	-0,148	-0,146	-0,133	-0,121	-0,099	-0,053	-0,009	0,017	0,069	0,067	0,000	0,000
9,000	-9,714	-9,676	-9,593	-9,403	-9,267	-9,147	-9,082	-9,033	-8,973	-8,935	-8,881	-8,813	-8,728	-8,600	-8,451	0,077	0,169	0,235	0,345	0,355	0,325	0,309	0,285	0,273	0,269	0,284	0,299	0,310	0,313	0,234	0,000	0,000
10,000	-9,598	-9,597	-9,450	-9,305	-9,205	-9,162	-9,142	-9,119	-9,099	-9,099	-9,080	-9,047	-8,992	-8,897	-8,782	-0,044	0,190	0,208	0,226	0,198	0,162	0,145	0,125	0,120	0,123	0,147	0,167	0,199	0,214	0,169	0,000	0,000
11,000	-9,947	-9,835	-9,792	-9,644	-9,561	-9,509	-9,476	-9,451	-9,417	-9,403	-9,370	-9,322	-9,252	-9,148	-9,025	0,149	0,171	0,187	0,225	0,213	0,176	0,174	0,164	0,164	0,163	0,192	0,218	0,237	0,246	0,190	0,000	0,000
12,000	-14,211	-14,241	-14,158	-14,111	-14,049	-14,030	-14,017	-14,008	-13,997	-14,003	-13,978	-13,930	-13,875	-13,758	-13,622	0,000	0,095	0,092	0,107	0,097	0,086	0,087	0,088	0,090	0,098	0,141	0,182	0,227	0,257	0,203	0,000	0,000
13,000	-8,545	-8,532	-8,563	-8,579	-8,567	-8,561	-8,546	-8,525	-8,502	-8,466	-8,422	-8,356	-8,243	-8,085	-7,881	-0,073	-0,060	-0,040	0,008	0,048	0,069	0,096	0,122	0,154	0,191	0,244	0,301	0,355	0,379	0,302	0,000	0,000
14,000	-10,679	-10,313	-10,335	-10,186	-10,163	-10,123	-10,095	-10,094	-10,082	-10,079	-10,075	-10,053	-10,018	-9,931	-9,811	0,766	0,399	0,340	0,223	0,170	0,126	0,113	0,095	0,091	0,092	0,110	0,130	0,172	0,198	0,158	0,000	0,000
15,000	-3,334	-3,181	-2,999	-2,962	-2,910	-2,904	-2,904	-2,886	-2,880	-2,886	-2,885	-2,877	-2,856	-2,813	-2,769	1,723	1,037	0,686	0,335	0,232	0,166	0,133	0,101	0,079	0,071	0,066	0,069	0,086	0,091	0,073	0,000	0,000
	run	9	2022:11:08    10:56:08,681
0,000	-6,988	-6,224	-5,932	-5,693	-5,604	-5,561	-5,539	-5,527	-5,506	-5,496	-5,482	-5,460	-5,422	-5,369	-5,302	3,100	1,901	1,372	0,690	0,486	0,348	0,278	0,222	0,174	0,151	0,142	0,141	0,141	0,142	0,106	0,000	0,000
1,000	-16,790	-16,699	-16,579	-16,360	-16,207	-16,103	-16,049	-16,002	-15,953	-15,927	-15,889	-15,858	-15,823	-15,764	-15,696	0,135	0,272	0,318	0,362	0,356	0,305	0,277	0,240	0,213	0,183	0,176	0,164	0,153	0,153	0,107	0,000	0,000
2,000	-10,464	-10,516	-10,491	-10,404	-10,307	-10,235	-10,191	-10,158	-10,111	-10,087	-10,031	-9,965	-9,889	-9,754	-9,614	-0,164	-0,039	0,045	0,184	0,208	0,196	0,206	0,199	0,209	0,221	0,243	0,270	0,290	0,294	0,219	0,000	0,000
3,000	-20,386	-20,449	-20,419	-20,158	-19,957	-19,835	-19,768	-19,719	-19,670	-19,652	-19,612	-19,577	-19,532	-19,441	-19,330	-0,132	0,094	0,198	0,390	0,394	0,338	0,297	0,265	0,230	0,194	0,200	0,206	0,212	0,219	0,168	0,000	0,000
4,000	-10,829	-10,957	-10,858	-10,846	-10,811	-10,809	-10,804	-10,799	-10,803	-10,791	-10,750	-10,687	-10,564	-10,358	-10,097	-0,388	-0,047	-0,047	0,030	0,040	0,068	0,068	0,096	0,112	0,177	0,249	0,320	0,410	0,462	0,380	0,000	0,000
5,000	-12,109	-12,038	-12,206	-12,235	-12,247	-12,222	-12,212	-12,214	-12,180	-12,169	-12,127	-12,050	-11,910	-11,667	-11,363	0,009	-0,188	-0,136	-0,023	0,011	0,029	0,075	0,097	0,154	0,198	0,277	0,384	0,479	0,542	0,435	0,000	0,000
6,000	-8,417	-8,411	-8,322	-8,205	-8,103	-8,051	-8,017	-7,989	-7,940	-7,933	-7,875	-7,812	-7,727	-7,575	-7,394	-0,017	0,122	0,168	0,219	0,219	0,196	0,201	0,194	0,197	0,206	0,253	0,284	0,329	0,345	0,270	0,000	0,000
7,000	-6,852	-6,802	-6,802	-6,722	-6,674	-6,645	-6,636	-6,623	-6,603	-6,605	-6,588	-6,570	-6,540	-6,492	-6,432	0,043	0,040	0,079	0,113	0,097	0,079	0,079	0,072	0,069	0,076	0,086	0,095	0,109	0,111	0,086	0,000	0,000
8,000	-20,091	-20,272	-20,303	-20,407	-20,401	-20,449	-20,489	-20,515	-20,539	-20,594	-20,614	-20,626	-20,630	-20,585	-20,527	-0,248	-0,185	-0,191	-0,138	-0,125	-0,137	-0,143	-0,137	-0,116	-0,101	-0,057	-0,017	0,024	0,070	0,065	0,000	0,000
9,000	-9,716	-9,677	-9,599	-9,402	-9,261	-9,148	-9,083	-9,034	-8,977	-8,934	-8,879	-8,815	-8,727	-8,597	-8,454	0,083	0,156	0,240	0,346	0,351	0,322	0,308	0,282	0,272	0,261	0,280	0,299	0,314	0,314	0,235	0,000	0,000
10,000	-9,677	-9,668	-9,521	-9,352	-9,245	-9,203	-9,179	-9,162	-9,136	-9,134	-9,114	-9,086	-9,025	-8,932	-8,818	-0,007	0,213	0,224	0,254	0,213	0,175	0,152	0,137	0,125	0,128	0,144	0,174	0,206	0,216	0,177	0,000	0,000
11,000	-10,081	-9,961	-9,922	-9,763	-9,674	-9,620	-9,588	-9,563	-9,536	-9,519	-9,478	-9,429	-9,362	-9,251	-9,121	0,183	0,188	0,211	0,232	0,218	0,188	0,179	0,170	0,170	0,170	0,197	0,225	0,247	0,252	0,195	0,000	0,000
12,000	-14,502	-14,557	-14,464	-14,420	-14,360	-14,339	-14,335	-14,326	-14,308	-14,314	-14,292	-14,247	-14,190	-14,066	-13,922	-0,017	0,086	0,094	0,111	0,102	0,082	0,087	0,092	0,096	0,108	0,148	0,188	0,227	0,258	0,212	0,000	0,000
13,000	-8,857	-8,801	-8,861	-8,853	-8,845	-8,829	-8,816	-8,803	-8,777	-8,741	-8,694	-8,618	-8,508	-8,340	-8,117	-0,031	-0,048	-0,028	0,026	0,049	0,077	0,103	0,130	0,162	0,202	0,257	0,319	0,374	0,394	0,320	0,000	0,000
14,000	-11,010	-10,670	-10,662	-10,522	-10,492	-10,453	-10,441	-10,430	-10,418	-10,413	-10,400	-10,377	-10,338	-10,254	-10,131	0,697	0,402	0,354	0,225	0,172	0,130	0,125	0,101	0,098	0,090	0,113	0,139	0,174	0,199	0,162	0,000	0,000
15,000	-3,406	-3,250	-3,065	-3,023	-2,965	-2,962	-2,960	-2,942	-2,939	-2,945	-2,938	-2,937	-2,914	-2,867	-2,824	1,755	1,050	0,702	0,346	0,238	0,170	0,134	0,106	0,081	0,074	0,068	0,071	0,091	0,093	0,077	0,000	0,000
	run	10	2022:11:08    10:56:08,729
0,000	-7,175	-6,398	-6,092	-5,839	-5,749	-5,709	-5,685	-5,672	-5,648	-5,651	-5,628	-5,605	-5,572	-5,508	-5,439	3,144	1,928	1,395	0,713	0,495	0,353	0,282	0,229	0,182	0,155	0,144	0,145	0,150	0,147	0,110	0,000	0,000
1,000	-17,093	-16,990	-16,870	-16,635	-16,474	-16,369	-16,308	-16,263	-16,212	-16,188	-16,148	-16,119	-16,082	-16,028	-15,961	0,127	0,292	0,331	0,377	0,370	0,317	0,290	0,248	0,222	0,189	0,176	0,173	0,158	0,153	0,108	0,000	0,000
2,000	-10,464	-10,516	-10,491	-10,404	-10,307	-10,235	-10,191	-10,158	-10,111	-10,087	-10,031	-9,965	-9,889	-9,754	-9,614	-0,164	-0,039	0,045	0,184	0,208	0,196	0,206	0,199	0,209	0,221	0,243	0,270	0,290	0,294	0,219	0,000	0,000
3,000	-20,386	-20,449	-20,419	-20,158	-19,957	-19,835	-19,768	-19,719	-19,670	-19,652	-19,612	-19,577	-19,532	-19,441	-19,330	-0,132	0,094	0,198	0,390	0,394	0,338	0,297	0,265	0,230	0,194	0,200	0,206	0,212	0,219	0,168	0,000	0,000
4,000	-10,829	-10,957	-10,858	-10,846	-10,811	-10,809	-10,804	-10,799	-10,803	-10,791	-10,750	-10,687	-10,564	-10,358	-10,097	-0,388	-0,047	-0,047	0,030	0,040	0,068	0,068	0,096	0,112	0,177	0,249	0,320	0,410	0,462	0,380	0,000	0,000
5,000	-12,109	-12,038	-12,206	-12,235	-12,247	-12,222	-12,212	-12,214	-12,180	-12,169	-12,127	-12,050	-11,910	-11,667	-11,363	0,009	-0,188	-0,136	-0,023	0,011	0,029	0,075	0,097	0,154	0,198	0,277	0,384	0,479	0,542	0,435	0,000	0,000
6,000	-8,417	-8,411	-8,322	-8,205	-8,103	-8,051	-8,017	-7,989	-7,940	-7,933	-7,875	-7,812	-7,727	-7,575	-7,394	-0,017	0,122	0,168	0,219	0,219	0,196	0,201	0,194	0,197	0,206	0,253	0,284	0,329	0,345	0,270	0,000	0,000
7,000	-6,852	-6,802	-6,802	-6,722	-6,674	-6,645	-6,636	-6,623	-6,603	-6,605	-6,588	-6,570	-6,540	-6,492	-6,432	0,043	0,040	0,079	0,113	0,097	0,079	0,079	0,072	0,069	0,076	0,086	0,095	0,109	0,111	0,086	0,000	0,000
8,000	-19,812	-19,986	-20,008	-20,090	-20,077	-20,121	-20,149	-20,183	-20,201	-20,259	-20,270	-20,285	-20,293	-20,240	-20,183	-0,230	-0,146	-0,144	-0,105	-0,103	-0,125	-0,120	-0,116	-0,106	-0,089	-0,048	-0,006	0,033	0,075	0,064	0,000	0,000
9,000	-9,670	-9,621	-9,566	-9,405	-9,276	-9,168	-9,100	-9,055	-8,993	-8,954	-8,890	-8,829	-8,748	-8,626	-8,477	0,052	0,113	0,175	0,307	0,331	0,309	0,299	0,272	0,264	0,263	0,268	0,293	0,300	0,305	0,228	0,000	0,000
10,000	-9,745	-9,714	-9,549	-9,367	-9,260	-9,207	-9,187	-9,167	-9,146	-9,147	-9,127	-9,093	-9,027	-8,934	-8,822	0,012	0,236	0,257	0,268	0,222	0,182	0,155	0,140	0,125	0,129	0,154	0,176	0,207	0,221	0,178	0,000	0,000
11,000	-10,236	-10,113	-10,065	-9,911	-9,826	-9,769	-9,734	-9,706	-9,682	-9,660	-9,624	-9,576	-9,507	-9,396	-9,262	0,190	0,198	0,218	0,242	0,220	0,185	0,182	0,162	0,171	0,175	0,199	0,224	0,249	0,261	0,202	0,000	0,000
12,000	-14,976	-15,016	-14,917	-14,888	-14,823	-14,806	-14,793	-14,788	-14,769	-14,773	-14,743	-14,701	-14,640	-14,505	-14,362	-0,006	0,084	0,100	0,112	0,101	0,089	0,085	0,096	0,103	0,115	0,156	0,196	0,248	0,272	0,222	0,000	0,000
13,000	-8,934	-8,870	-8,927	-8,921	-8,916	-8,899	-8,882	-8,872	-8,842	-8,815	-8,760	-8,692	-8,579	-8,405	-8,192	-0,046	-0,046	-0,038	0,021	0,048	0,072	0,101	0,123	0,160	0,203	0,260	0,317	0,370	0,396	0,318	0,000	0,000
14,000	-11,104	-10,746	-10,748	-10,607	-10,571	-10,534	-10,507	-10,510	-10,483	-10,490	-10,481	-10,456	-10,411	-10,318	-10,194	0,710	0,407	0,348	0,230	0,171	0,134	0,116	0,096	0,103	0,099	0,114	0,146	0,189	0,211	0,174	0,000	0,000
15,000	-3,454	-3,288	-3,107	-3,061	-3,006	-3,000	-2,995	-2,983	-2,977	-2,984	-2,976	-2,971	-2,950	-2,904	-2,864	1,743	1,049	0,704	0,349	0,235	0,174	0,137	0,108	0,083	0,072	0,065	0,070	0,086	0,092	0,073	0,000	0,000
	run	11	2022:11:08    10:56:08,829
0,000	-7,134	-6,370	-6,068	-5,823	-5,739	-5,699	-5,675	-5,653	-5,632	-5,630	-5,610	-5,586	-5,550	-5,488	-5,417	3,122	1,924	1,391	0,707	0,495	0,351	0,281	0,228	0,183	0,154	0,147	0,148	0,154	0,151	0,114	0,000	0,000
1,000	-17,267	-17,153	-17,024	-16,767	-16,605	-16,494	-16,429	-16,381	-16,340	-16,313	-16,272	-16,237	-16,205	-16,143	-16,077	0,180	0,309	0,367	0,404	0,387	0,332	0,301	0,250	0,222	0,194	0,179	0,167	0,162	0,150	0,113	0,000	0,000
2,000	-10,699	-10,746	-10,730	-10,627	-10,524	-10,459	-10,416	-10,377	-10,330	-10,303	-10,248	-10,183	-10,100	-9,967	-9,819	-0,174	-0,039	0,060	0,186	0,208	0,202	0,206	0,207	0,209	0,215	0,247	0,280	0,295	0,301	0,225	0,000	0,000
3,000	-20,482	-20,540	-20,501	-20,237	-20,026	-19,902	-19,830	-19,773	-19,724	-19,715	-19,677	-19,637	-19,593	-19,495	-19,389	-0,116	0,118	0,226	0,410	0,414	0,349	0,310	0,265	0,236	0,199	0,194	0,208	0,212	0,223	0,163	0,000	0,000
4,000	-10,856	-10,969	-10,888	-10,865	-10,826	-10,842	-10,836	-10,829	-10,828	-10,814	-10,779	-10,707	-10,584	-10,381	-10,110	-0,370	-0,049	-0,042	0,031	0,036	0,061	0,068	0,083	0,115	0,175	0,248	0,331	0,423	0,474	0,392	0,000	0,000
5,000	-12,175	-12,101	-12,267	-12,289	-12,307	-12,281	-12,268	-12,271	-12,238	-12,233	-12,196	-12,110	-11,962	-11,719	-11,405	-0,003	-0,198	-0,132	-0,020	0,011	0,022	0,076	0,102	0,153	0,202	0,289	0,387	0,492	0,548	0,443	0,000	0,000
6,000	-8,360	-8,368	-8,267	-8,152	-8,044	-7,998	-7,965	-7,938	-7,896	-7,880	-7,826	-7,764	-7,679	-7,531	-7,350	-0,034	0,126	0,154	0,221	0,219	0,194	0,200	0,194	0,200	0,209	0,243	0,284	0,320	0,341	0,268	0,000	0,000
7,000	-6,753	-6,716	-6,715	-6,636	-6,595	-6,565	-6,549	-6,545	-6,529	-6,522	-6,507	-6,487	-6,460	-6,412	-6,355	0,072	0,041	0,082	0,112	0,096	0,080	0,075	0,075	0,071	0,072	0,077	0,091	0,101	0,113	0,084	0,000	0,000
8,000	-19,489	-19,653	-19,668	-19,749	-19,745	-19,779	-19,812	-19,849	-19,869	-19,919	-19,936	-19,951	-19,951	-19,916	-19,852	-0,231	-0,144	-0,154	-0,120	-0,104	-0,124	-0,123	-0,121	-0,106	-0,089	-0,048	-0,008	0,024	0,074	0,066	0,000	0,000
9,000	-9,592	-9,583	-9,522	-9,378	-9,252	-9,129	-9,068	-9,021	-8,956	-8,914	-8,862	-8,799	-8,716	-8,590	-8,440	0,045	0,106	0,170	0,305	0,322	0,301	0,293	0,278	0,264	0,261	0,274	0,298	0,304	0,304	0,227	0,000	0,000
10,000	-9,804	-9,757	-9,601	-9,405	-9,293	-9,245	-9,222	-9,207	-9,189	-9,186	-9,159	-9,127	-9,067	-8,973	-8,854	0,029	0,254	0,260	0,274	0,224	0,187	0,160	0,140	0,124	0,132	0,149	0,173	0,210	0,220	0,174	0,000	0,000
11,000	-10,410	-10,292	-10,238	-10,086	-10,001	-9,950	-9,919	-9,896	-9,861	-9,844	-9,804	-9,753	-9,686	-9,576	-9,437	0,186	0,200	0,213	0,237	0,219	0,182	0,182	0,170	0,167	0,174	0,201	0,227	0,250	0,261	0,200	0,000	0,000
12,000	-14,956	-15,003	-14,899	-14,867	-14,797	-14,780	-14,772	-14,757	-14,737	-14,745	-14,719	-14,675	-14,616	-14,482	-14,338	-0,016	0,096	0,101	0,120	0,106	0,093	0,092	0,093	0,097	0,108	0,151	0,201	0,242	0,276	0,221	0,000	0,000
13,000	-8,895	-8,872	-8,902	-8,909	-8,899	-8,883	-8,866	-8,854	-8,830	-8,790	-8,742	-8,675	-8,553	-8,382	-8,163	-0,062	-0,048	-0,027	0,021	0,050	0,074	0,106	0,130	0,168	0,203	0,253	0,318	0,377	0,400	0,317	0,000	0,000
14,000	-10,901	-10,524	-10,560	-10,387	-10,372	-10,333	-10,305	-10,304	-10,283	-10,294	-10,282	-10,255	-10,208	-10,124	-10,002	0,751	0,407	0,348	0,226	0,174	0,131	0,121	0,101	0,091	0,094	0,125	0,144	0,186	0,204	0,170	0,000	0,000
15,000	-3,432	-3,280	-3,107	-3,056	-3,002	-2,997	-2,991	-2,975	-2,973	-2,977	-2,972	-2,962	-2,939	-2,896	-2,847	1,765	1,054	0,697	0,351	0,243	0,173	0,138	0,112	0,088	0,075	0,073	0,075	0,091	0,100	0,081	0,000	0,000
	run	12	2022:11:08    10:56:08,880
0,000	-7,134	-6,370	-6,068	-5,823	-5,739	-5,699	-5,675	-5,653	-5,632	-5,630	-5,610	-5,586	-5,550	-5,488	-5,417	3,122	1,924	1,391	0,707	0,495	0,351	0,281	0,228	0,183	0,154	0,147	0,148	0,154	0,151	0,114	0,000	0,000
1,000	-17,267	-17,153	-17,024	-16,767	-16,605	-16,494	-16,429	-16,381	-16,340	-16,313	-16,272	-16,237	-16,205	-16,143	-16,077	0,180	0,309	0,367	0,404	0,387	0,332	0,301	0,250	0,222	0,194	0,179	0,167	0,162	0,150	0,113	0,000	0,000
2,000	-10,699	-10,746	-10,730	-10,627	-10,524	-10,459	-10,416	-10,377	-10,330	-10,303	-10,248	-10,183	-10,100	-9,967	-9,819	-0,174	-0,039	0,060	0,186	0,208	0,202	0,206	0,207	0,209	0,215	0,247	0,280	0,295	0,301	0,225	0,000	0,000
3,000	-20,482	-20,540	-20,501	-20,237	-20,026	-19,902	-19,830	-19,773	-19,724	-19,715	-19,677	-19,637	-19,593	-19,495	-19,389	-0,116	0,118	0,226	0,410	0,414	0,349	0,310	0,265	0,236	0,199	0,194	0,208	0,212	0,223	0,163	0,000	0,000
4,000	-10,856	-10,969	-10,888	-10,865	-10,826	-10,842	-10,836	-10,829	-10,828	-10,814	-10,779	-10,707	-10,584	-10,381	-10,110	-0,370	-0,049	-0,042	0,031	0,036	0,061	0,068	0,083	0,115	0,175	0,248	0,331	0,423	0,474	0,392	0,000	0,000
5,000	-12,175	-12,101	-12,267	-12,289	-12,307	-12,281	-12,268	-12,271	-12,238	-12,233	-12,196	-12,110	-11,962	-11,719	-11,405	-0,003	-0,198	-0,132	-0,020	0,011	0,022	0,076	0,102	0,153	0,202	0,289	0,387	0,492	0,548	0,443	0,000	0,000
6,000	-8,456	-8,459	-8,362	-8,220	-8,121	-8,063	-8,038	-8,006	-7,967	-7,945	-7,893	-7,830	-7,741	-7,595	-7,415	-0,010	0,132	0,176	0,232	0,227	0,203	0,203	0,200	0,198	0,213	0,252	0,290	0,324	0,346	0,267	0,000	0,000
7,000	-6,845	-6,799	-6,800	-6,729	-6,683	-6,651	-6,633	-6,628	-6,611	-6,611	-6,591	-6,570	-6,546	-6,493	-6,442	0,053	0,042	0,075	0,109	0,100	0,077	0,078	0,075	0,068	0,069	0,079	0,093	0,102	0,111	0,084	0,000	0,000
8,000	-19,588	-19,776	-19,773	-19,859	-19,840	-19,889	-19,917	-19,949	-19,973	-20,031	-20,044	-20,053	-20,060	-20,007	-19,960	-0,234	-0,135	-0,139	-0,108	-0,099	-0,123	-0,120	-0,122	-0,102	-0,092	-0,047	-0,011	0,027	0,068	0,068	0,000	0,000
9,000	-9,479	-9,457	-9,417	-9,258	-9,126	-9,015	-8,955	-8,899	-8,843	-8,808	-8,756	-8,686	-8,609	-8,480	-8,337	0,051	0,096	0,181	0,305	0,331	0,304	0,293	0,265	0,261	0,253	0,265	0,290	0,304	0,302	0,226	0,000	0,000
10,000	-9,581	-9,569	-9,413	-9,256	-9,152	-9,110	-9,079	-9,069	-9,044	-9,048	-9,021	-8,989	-8,931	-8,843	-8,728	-0,021	0,202	0,219	0,241	0,204	0,173	0,149	0,133	0,122	0,132	0,143	0,166	0,199	0,210	0,169	0,000	0,000
11,000	-10,074	-9,957	-9,923	-9,777	-9,696	-9,638	-9,607	-9,585	-9,552	-9,537	-9,499	-9,454	-9,383	-9,274	-9,151	0,156	0,178	0,200	0,225	0,213	0,177	0,172	0,162	0,161	0,167	0,189	0,219	0,241	0,253	0,191	0,000	0,000
12,000	-14,410	-14,461	-14,372	-14,328	-14,264	-14,245	-14,236	-14,228	-14,211	-14,223	-14,189	-14,149	-14,096	-13,976	-13,832	-0,002	0,095	0,098	0,112	0,105	0,082	0,086	0,084	0,097	0,119	0,144	0,188	0,231	0,258	0,209	0,000	0,000
13,000	-8,727	-8,691	-8,735	-8,736	-8,731	-8,718	-8,702	-8,691	-8,665	-8,627	-8,582	-8,506	-8,399	-8,231	-8,019	-0,060	-0,045	-0,037	0,019	0,048	0,072	0,098	0,124	0,157	0,194	0,252	0,313	0,366	0,389	0,309	0,000	0,000
14,000	-10,863	-10,480	-10,488	-10,348	-10,330	-10,288	-10,265	-10,258	-10,248	-10,248	-10,244	-10,208	-10,168	-10,080	-9,960	0,748	0,387	0,331	0,216	0,175	0,126	0,115	0,098	0,095	0,085	0,118	0,140	0,180	0,202	0,165	0,000	0,000
15,000	-3,435	-3,276	-3,093	-3,058	-3,000	-2,995	-2,988	-2,976	-2,971	-2,976	-2,967	-2,964	-2,940	-2,894	-2,847	1,758	1,056	0,699	0,348	0,238	0,172	0,137	0,110	0,080	0,078	0,069	0,075	0,090	0,100	0,081	0,000	0,000
	run	13	2022:11:08    10:56:08,981
0,000	-7,038	-6,254	-5,982	-5,736	-5,647	-5,604	-5,583	-5,566	-5,546	-5,539	-5,525	-5,502	-5,463	-5,402	-5,337	3,141	1,911	1,368	0,702	0,482	0,342	0,274	0,222	0,183	0,153	0,141	0,143	0,147	0,144	0,112	0,000	0,000
1,000	-16,812	-16,690	-16,577	-16,345	-16,193	-16,083	-16,018	-15,974	-15,935	-15,905	-15,867	-15,833	-15,798	-15,736	-15,668	0,138	0,276	0,314	0,376	0,369	0,314	0,288	0,244	0,216	0,188	0,175	0,167	0,159	0,154	0,116	0,000	0,000
2,000	-10,698	-10,744	-10,727	-10,617	-10,511	-10,436	-10,392	-10,360	-10,312	-10,279	-10,226	-10,154	-10,071	-9,934	-9,781	-0,158	-0,023	0,060	0,193	0,220	0,211	0,216	0,213	0,221	0,224	0,256	0,285	0,305	0,315	0,235	0,000	0,000
3,000	-21,165	-21,174	-21,102	-20,779	-20,569	-20,442	-20,371	-20,316	-20,261	-20,257	-20,217	-20,179	-20,132	-20,029	-19,918	-0,052	0,195	0,294	0,448	0,442	0,365	0,323	0,279	0,242	0,203	0,200	0,213	0,223	0,232	0,174	0,000	0,000
4,000	-11,134	-11,266	-11,185	-11,178	-11,144	-11,144	-11,147	-11,144	-11,139	-11,121	-11,084	-11,013	-10,886	-10,675	-10,398	-0,390	-0,058	-0,043	0,024	0,027	0,061	0,068	0,090	0,119	0,179	0,252	0,340	0,429	0,486	0,396	0,000	0,000
5,000	-12,518	-12,424	-12,602	-12,617	-12,632	-12,597	-12,589	-12,589	-12,561	-12,553	-12,503	-12,420	-12,274	-12,019	-11,687	-0,020	-0,192	-0,131	-0,005	0,014	0,029	0,077	0,114	0,153	0,205	0,302	0,404	0,509	0,579	0,465	0,000	0,000
6,000	-8,670	-8,687	-8,582	-8,443	-8,351	-8,289	-8,262	-8,227	-8,195	-8,172	-8,117	-8,053	-7,961	-7,802	-7,618	-0,021	0,147	0,176	0,234	0,229	0,204	0,207	0,200	0,203	0,219	0,259	0,297	0,332	0,353	0,280	0,000	0,000
7,000	-6,968	-6,907	-6,919	-6,827	-6,775	-6,745	-6,727	-6,723	-6,705	-6,701	-6,690	-6,662	-6,638	-6,587	-6,527	0,065	0,055	0,096	0,121	0,109	0,089	0,084	0,074	0,080	0,071	0,084	0,095	0,105	0,115	0,085	0,000	0,000
8,000	-19,915	-20,091	-20,114	-20,214	-20,208	-20,256	-20,293	-20,322	-20,346	-20,398	-20,418	-20,428	-20,433	-20,386	-20,325	-0,225	-0,166	-0,161	-0,127	-0,122	-0,131	-0,135	-0,129	-0,111	-0,096	-0,051	-0,012	0,023	0,077	0,068	0,000	0,000
9,000	-9,623	-9,561	-9,511	-9,333	-9,198	-9,081	-9,014	-8,970	-8,908	-8,865	-8,813	-8,746	-8,664	-8,541	-8,397	0,059	0,144	0,204	0,328	0,336	0,315	0,303	0,281	0,269	0,262	0,271	0,291	0,301	0,302	0,226	0,000	0,000
10,000	-9,504	-9,507	-9,366	-9,227	-9,126	-9,089	-9,071	-9,049	-9,032	-9,033	-9,009	-8,978	-8,920	-8,829	-8,718	-0,027	0,185	0,188	0,222	0,186	0,162	0,139	0,133	0,120	0,119	0,143	0,166	0,196	0,208	0,172	0,000	0,000
11,000	-9,897	-9,777	-9,743	-9,606	-9,524	-9,472	-9,439	-9,420	-9,386	-9,368	-9,335	-9,285	-9,224	-9,118	-8,996	0,149	0,158	0,179	0,218	0,206	0,175	0,171	0,161	0,157	0,162	0,187	0,211	0,234	0,241	0,187	0,000	0,000
12,000	-14,049	-14,089	-14,006	-13,967	-13,904	-13,889	-13,880	-13,872	-13,857	-13,858	-13,835	-13,796	-13,741	-13,621	-13,482	0,005	0,097	0,098	0,108	0,098	0,084	0,088	0,093	0,095	0,107	0,153	0,193	0,225	0,255	0,206	0,000	0,000
13,000	-8,438	-8,445	-8,476	-8,488	-8,482	-8,468	-8,456	-8,443	-8,420	-8,385	-8,337	-8,269	-8,166	-8,007	-7,807	-0,078	-0,057	-0,039	0,017	0,035	0,067	0,095	0,113	0,155	0,189	0,237	0,296	0,348	0,369	0,293	0,000	0,000
14,000	-10,744	-10,345	-10,378	-10,224	-10,215	-10,176	-10,147	-10,144	-10,132	-10,135	-10,120	-10,096	-10,059	-9,968	-9,847	0,757	0,394	0,326	0,221	0,166	0,120	0,115	0,098	0,091	0,092	0,112	0,147	0,174	0,200	0,166	0,000	0,000
15,000	-3,349	-3,197	-3,018	-2,981	-2,925	-2,920	-2,915	-2,898	-2,892	-2,896	-2,896	-2,891	-2,869	-2,828	-2,781	1,717	1,031	0,686	0,338	0,231	0,169	0,135	0,106	0,081	0,071	0,067	0,070	0,083	0,094	0,072	0,000	0,000
	run	14	2022:11:08    10:56:09,082
0,000	-6,986	-6,215	-5,926	-5,690	-5,602	-5,558	-5,542	-5,516	-5,502	-5,497	-5,480	-5,451	-5,423	-5,360	-5,292	3,117	1,908	1,369	0,695	0,484	0,347	0,277	0,228	0,181	0,150	0,142	0,147	0,147	0,146	0,108	0,000	0,000
1,000	-17,149	-17,039	-16,918	-16,662	-16,503	-16,387	-16,333	-16,277	-16,224	-16,202	-16,161	-16,130	-16,096	-16,030	-15,961	0,163	0,318	0,354	0,404	0,385	0,330	0,298	0,255	0,227	0,194	0,181	0,173	0,166	0,159	0,118	0,000	0,000
2,000	-10,956	-10,991	-10,964	-10,847	-10,738	-10,662	-10,617	-10,584	-10,533	-10,505	-10,440	-10,371	-10,283	-10,145	-9,980	-0,151	-0,014	0,077	0,217	0,230	0,216	0,223	0,220	0,230	0,242	0,267	0,296	0,321	0,328	0,249	0,000	0,000
3,000	-21,572	-21,565	-21,494	-21,145	-20,927	-20,796	-20,730	-20,666	-20,614	-20,609	-20,568	-20,530	-20,480	-20,377	-20,262	-0,046	0,222	0,325	0,480	0,459	0,379	0,332	0,292	0,249	0,216	0,205	0,219	0,223	0,232	0,171	0,000	0,000
4,000	-11,465	-11,603	-11,517	-11,521	-11,485	-11,489	-11,487	-11,482	-11,469	-11,462	-11,420	-11,350	-11,212	-10,986	-10,692	-0,416	-0,066	-0,073	0,013	0,022	0,060	0,073	0,092	0,124	0,196	0,277	0,363	0,467	0,517	0,422	0,000	0,000
5,000	-12,849	-12,783	-12,967	-12,978	-12,985	-12,959	-12,949	-12,942	-12,913	-12,909	-12,868	-12,771	-12,616	-12,353	-12,011	-0,014	-0,194	-0,139	-0,012	0,023	0,038	0,081	0,110	0,161	0,218	0,315	0,426	0,532	0,600	0,486	0,000	0,000
6,000	-8,823	-8,816	-8,706	-8,558	-8,457	-8,390	-8,362	-8,330	-8,292	-8,270	-8,214	-8,157	-8,064	-7,903	-7,717	-0,005	0,157	0,194	0,244	0,239	0,207	0,211	0,200	0,209	0,220	0,260	0,305	0,337	0,362	0,283	0,000	0,000
7,000	-6,947	-6,898	-6,888	-6,815	-6,766	-6,735	-6,714	-6,714	-6,692	-6,691	-6,672	-6,655	-6,626	-6,573	-6,520	0,059	0,053	0,089	0,123	0,110	0,087	0,084	0,077	0,073	0,066	0,081	0,090	0,105	0,111	0,083	0,000	0,000
8,000	-20,006	-20,185	-20,201	-20,315	-20,307	-20,355	-20,390	-20,425	-20,448	-20,499	-20,522	-20,543	-20,541	-20,497	-20,439	-0,232	-0,178	-0,176	-0,141	-0,122	-0,145	-0,143	-0,138	-0,115	-0,101	-0,054	-0,018	0,021	0,065	0,065	0,000	0,000
9,000	-9,587	-9,547	-9,496	-9,319	-9,187	-9,072	-9,000	-8,955	-8,894	-8,852	-8,802	-8,741	-8,655	-8,527	-8,383	0,055	0,119	0,206	0,323	0,336	0,314	0,304	0,281	0,270	0,260	0,273	0,291	0,300	0,304	0,226	0,000	0,000
10,000	-9,291	-9,302	-9,180	-9,069	-8,974	-8,943	-8,919	-8,902	-8,884	-8,885	-8,867	-8,837	-8,781	-8,694	-8,586	-0,046	0,162	0,161	0,189	0,161	0,140	0,123	0,116	0,108	0,115	0,131	0,158	0,188	0,200	0,166	0,000	0,000
11,000	-9,761	-9,660	-9,642	-9,510	-9,434	-9,380	-9,345	-9,324	-9,294	-9,277	-9,241	-9,199	-9,137	-9,033	-8,909	0,133	0,144	0,167	0,199	0,191	0,165	0,164	0,155	0,159	0,160	0,184	0,209	0,232	0,237	0,185	0,000	0,000
12,000	-13,747	-13,781	-13,686	-13,644	-13,583	-13,565	-13,554	-13,549	-13,535	-13,541	-13,521	-13,476	-13,422	-13,309	-13,180	-0,004	0,109	0,105	0,108	0,105	0,087	0,090	0,084	0,093	0,099	0,137	0,170	0,216	0,239	0,195	0,000	0,000
13,000	-8,326	-8,319	-8,356	-8,375	-8,370	-8,360	-8,341	-8,327	-8,308	-8,273	-8,225	-8,156	-8,053	-7,899	-7,696	-0,091	-0,062	-0,053	0,004	0,031	0,062	0,087	0,115	0,148	0,184	0,236	0,289	0,343	0,364	0,290	0,000	0,000
14,000	-10,453	-10,065	-10,111	-9,956	-9,938	-9,900	-9,880	-9,877	-9,864	-9,859	-9,856	-9,829	-9,791	-9,711	-9,599	0,733	0,374	0,326	0,218	0,160	0,118	0,112	0,093	0,084	0,088	0,101	0,131	0,167	0,190	0,155	0,000	0,000
15,000	-3,329	-3,183	-3,002	-2,965	-2,910	-2,908	-2,901	-2,889	-2,880	-2,886	-2,881	-2,873	-2,854	-2,809	-2,757	1,714	1,024	0,681	0,332	0,228	0,165	0,133	0,107	0,079	0,075	0,066	0,075	0,091	0,097	0,078	0,000	0,000
	run	15	2022:11:08    10:56:09,129
0,000	-7,129	-6,350	-6,062	-5,813	-5,725	-5,683	-5,662	-5,641	-5,625	-5,620	-5,602	-5,575	-5,537	-5,476	-5,408	3,108	1,923	1,394	0,707	0,496	0,351	0,286	0,229	0,183	0,154	0,143	0,145	0,148	0,149	0,112	0,000	0,000
1,000	-17,412	-17,283	-17,167	-16,908	-16,739	-16,625	-16,565	-16,508	-16,463	-16,435	-16,390	-16,363	-16,322	-16,260	-16,195	0,190	0,318	0,358	0,412	0,392	0,338	0,304	0,262	0,230	0,199	0,189	0,177	0,167	0,159	0,116	0,000	0,000
2,000	-10,956	-10,991	-10,964	-10,847	-10,738	-10,662	-10,617	-10,584	-10,533	-10,505	-10,440	-10,371	-10,283	-10,145	-9,980	-0,151	-0,014	0,077	0,217	0,230	0,216	0,223	0,220	0,230	0,242	0,267	0,296	0,321	0,328	0,249	0,000	0,000
3,000	-21,572	-21,565	-21,494	-21,145	-20,927	-20,796	-20,730	-20,666	-20,614	-20,609	-20,568	-20,530	-20,480	-20,377	-20,262	-0,046	0,222	0,325	0,480	0,459	0,379	0,332	0,292	0,249	0,216	0,205	0,219	0,223	0,232	0,171	0,000	0,000
4,000	-11,465	-11,603	-11,517	-11,521	-11,485	-11,489	-11,487	-11,482	-11,469	-11,462	-11,420	-11,350	-11,212	-10,986	-10,692	-0,416	-0,066	-0,073	0,013	0,022	0,060	0,073	0,092	0,124	0,196	0,277	0,363	0,467	0,517	0,422	0,000	0,000
5,000	-12,849	-12,783	-12,967	-12,978	-12,985	-12,959	-12,949	-12,942	-12,913	-12,909	-12,868	-12,771	-12,616	-12,353	-12,011	-0,014	-0,194	-0,139	-0,012	0,023	0,038	0,081	0,110	0,161	0,218	0,315	0,426	0,532	0,600	0,486	0,000	0,000
6,000	-8,823	-8,816	-8,706	-8,558	-8,457	-8,390	-8,362	-8,330	-8,292	-8,270	-8,214	-8,157	-8,064	-7,903	-7,717	-0,005	0,157	0,194	0,244	0,239	0,207	0,211	0,200	0,209	0,220	0,260	0,305	0,337	0,362	0,283	0,000	0,000
7,000	-6,947	-6,898	-6,888	-6,815	-6,766	-6,735	-6,714	-6,714	-6,692	-6,691	-6,672	-6,655	-6,626	-6,573	-6,520	0,059	0,053	0,089	0,123	0,110	0,087	0,084	0,077	0,073	0,066	0,081	0,090	0,105	0,111	0,083	0,000	0,000
8,000	-19,674	-19,882	-19,887	-19,971	-19,967	-20,009	-20,050	-20,077	-20,096	-20,149	-20,173	-20,192	-20,189	-20,144	-20,080	-0,219	-0,146	-0,147	-0,112	-0,108	-0,132	-0,125	-0,124	-0,107	-0,093	-0,049	-0,014	0,025	0,068	0,068	0,000	0,000
9,000	-9,333	-9,312	-9,278	-9,101	-8,981	-8,865	-8,802	-8,756	-8,697	-8,659	-8,600	-8,543	-8,459	-8,338	-8,195	0,029	0,110	0,181	0,302	0,325	0,300	0,293	0,272	0,258	0,253	0,269	0,284	0,294	0,295	0,222	0,000	0,000
10,000	-9,382	-9,407	-9,258	-9,134	-9,035	-9,002	-8,976	-8,957	-8,939	-8,942	-8,919	-8,890	-8,832	-8,741	-8,632	-0,026	0,176	0,177	0,214	0,185	0,154	0,135	0,123	0,115	0,119	0,137	0,159	0,195	0,204	0,165	0,000	0,000
11,000	-9,796	-9,700	-9,669	-9,528	-9,450	-9,392	-9,361	-9,339	-9,310	-9,292	-9,255	-9,210	-9,150	-9,042	-8,925	0,154	0,162	0,178	0,213	0,205	0,172	0,166	0,157	0,158	0,159	0,187	0,211	0,231	0,235	0,183	0,000	0,000
12,000	-13,938	-13,988	-13,901	-13,873	-13,804	-13,794	-13,787	-13,774	-13,762	-13,772	-13,747	-13,709	-13,649	-13,535	-13,396	-0,014	0,094	0,094	0,104	0,093	0,079	0,078	0,084	0,091	0,107	0,135	0,174	0,223	0,250	0,204	0,000	0,000
13,000	-8,474	-8,478	-8,500	-8,516	-8,508	-8,494	-8,476	-8,468	-8,445	-8,416	-8,360	-8,284	-8,193	-8,030	-7,830	-0,087	-0,066	-0,044	0,010	0,037	0,065	0,090	0,122	0,148	0,193	0,238	0,294	0,348	0,366	0,291	0,000	0,000
14,000	-10,559	-10,138	-10,180	-10,035	-10,012	-9,978	-9,950	-9,950	-9,938	-9,942	-9,928	-9,909	-9,859	-9,770	-9,651	0,739	0,386	0,336	0,213	0,161	0,121	0,110	0,095	0,089	0,091	0,108	0,143	0,170	0,202	0,164	0,000	0,000
15,000	-3,421	-3,273	-3,090	-3,044	-2,992	-2,985	-2,980	-2,967	-2,957	-2,960	-2,958	-2,952	-2,929	-2,885	-2,838	1,759	1,053	0,704	0,347	0,239	0,177	0,134	0,108	0,084	0,071	0,069	0,078	0,091	0,097	0,075	0,000	0,000
	run	16	2022:11:08    10:56:09,230
0,000	-7,237	-6,452	-6,160	-5,905	-5,819	-5,773	-5,750	-5,737	-5,715	-5,706	-5,688	-5,662	-5,630	-5,567	-5,495	3,146	1,949	1,400	0,719	0,496	0,352	0,281	0,228	0,182	0,153	0,149	0,151	0,155	0,154	0,114	0,000	0,000
1,000	-17,636	-17,492	-17,341	-17,066	-16,893	-16,780	-16,716	-16,663	-16,618	-16,593	-16,548	-16,520	-16,483	-16,419	-16,351	0,212	0,363	0,411	0,440	0,414	0,346	0,309	0,262	0,230	0,197	0,182	0,171	0,162	0,161	0,115	0,000	0,000
2,000	-10,949	-10,991	-10,966	-10,848	-10,751	-10,677	-10,636	-10,604	-10,553	-10,528	-10,467	-10,398	-10,308	-10,168	-10,013	-0,172	-0,019	0,064	0,196	0,220	0,209	0,213	0,210	0,225	0,229	0,261	0,292	0,316	0,318	0,239	0,000	0,000
3,000	-21,138	-21,165	-21,093	-20,773	-20,563	-20,430	-20,353	-20,296	-20,244	-20,233	-20,194	-20,158	-20,106	-20,012	-19,898	-0,090	0,182	0,275	0,458	0,451	0,370	0,327	0,284	0,244	0,209	0,203	0,215	0,220	0,222	0,169	0,000	0,000
4,000	-11,031	-11,179	-11,092	-11,086	-11,047	-11,067	-11,055	-11,050	-11,042	-11,040	-10,995	-10,926	-10,796	-10,581	-10,301	-0,394	-0,058	-0,053	0,023	0,034	0,061	0,072	0,087	0,117	0,178	0,259	0,345	0,435	0,493	0,399	0,000	0,000
5,000	-12,277	-12,185	-12,356	-12,366	-12,381	-12,353	-12,344	-12,346	-12,317	-12,315	-12,272	-12,182	-12,035	-11,800	-11,481	-0,012	-0,193	-0,136	-0,016	0,021	0,036	0,073	0,102	0,147	0,200	0,286	0,387	0,491	0,548	0,449	0,000	0,000
6,000	-8,604	-8,601	-8,490	-8,352	-8,244	-8,199	-8,171	-8,132	-8,095	-8,078	-8,023	-7,954	-7,879	-7,716	-7,543	-0,034	0,154	0,177	0,241	0,233	0,208	0,205	0,195	0,204	0,215	0,246	0,287	0,328	0,348	0,271	0,000	0,000
7,000	-6,834	-6,775	-6,786	-6,718	-6,673	-6,645	-6,629	-6,620	-6,608	-6,605	-6,587	-6,569	-6,541	-6,490	-6,442	0,065	0,038	0,067	0,105	0,091	0,072	0,078	0,067	0,072	0,063	0,078	0,090	0,104	0,106	0,083	0,000	0,000
8,000	-19,328	-19,493	-19,500	-19,571	-19,564	-19,604	-19,635	-19,663	-19,685	-19,740	-19,755	-19,767	-19,777	-19,727	-19,668	-0,205	-0,149	-0,143	-0,095	-0,093	-0,117	-0,113	-0,119	-0,099	-0,087	-0,051	-0,009	0,022	0,067	0,070	0,000	0,000
9,000	-9,445	-9,416	-9,375	-9,234	-9,108	-8,997	-8,939	-8,894	-8,830	-8,791	-8,739	-8,668	-8,596	-8,470	-8,329	0,026	0,087	0,162	0,289	0,305	0,296	0,284	0,263	0,260	0,249	0,269	0,278	0,295	0,289	0,218	0,000	0,000
10,000	-9,514	-9,526	-9,375	-9,217	-9,114	-9,071	-9,049	-9,031	-9,011	-9,002	-8,986	-8,952	-8,898	-8,808	-8,692	-0,017	0,204	0,217	0,242	0,201	0,172	0,150	0,134	0,117	0,124	0,141	0,167	0,195	0,207	0,172	0,000	0,000
11,000	-10,092	-9,963	-9,939	-9,792	-9,708	-9,651	-9,622	-9,599	-9,566	-9,553	-9,513	-9,467	-9,403	-9,287	-9,168	0,169	0,174	0,193	0,222	0,210	0,175	0,172	0,161	0,162	0,165	0,192	0,216	0,236	0,247	0,188	0,000	0,000
12,000	-14,552	-14,597	-14,515	-14,466	-14,407	-14,380	-14,380	-14,367	-14,352	-14,356	-14,324	-14,284	-14,234	-14,109	-13,970	-0,008	0,090	0,096	0,111	0,104	0,087	0,091	0,088	0,094	0,115	0,145	0,180	0,228	0,259	0,210	0,000	0,000
13,000	-8,674	-8,642	-8,680	-8,686	-8,679	-8,666	-8,651	-8,635	-8,616	-8,578	-8,522	-8,459	-8,350	-8,186	-7,975	-0,053	-0,048	-0,029	0,014	0,047	0,073	0,099	0,122	0,155	0,196	0,248	0,314	0,363	0,385	0,307	0,000	0,000
14,000	-10,835	-10,474	-10,482	-10,337	-10,320	-10,279	-10,254	-10,249	-10,238	-10,247	-10,227	-10,200	-10,164	-10,067	-9,949	0,699	0,404	0,337	0,221	0,167	0,126	0,116	0,094	0,094	0,096	0,111	0,148	0,179	0,202	0,173	0,000	0,000
15,000	-3,438	-3,280	-3,104	-3,050	-2,997	-2,989	-2,989	-2,975	-2,964	-2,974	-2,965	-2,954	-2,932	-2,891	-2,842	1,741	1,050	0,705	0,345	0,241	0,175	0,142	0,110	0,083	0,078	0,069	0,075	0,090	0,098	0,081	0,000	0,000
	run	17	2022:11:08    10:56:09,292
0,000	-7,237	-6,452	-6,160	-5,905	-5,819	-5,773	-5,750	-5,737	-5,715	-5,706	-5,688	-5,662	-5,630	-5,567	-5,495	3,146	1,949	1,400	0,719	0,496	0,352	0,281	0,228	0,182	0,153	0,149	0,151	0,155	0,154	0,114	0,000	0,000
1,000	-17,636	-17,492	-17,341	-17,066	-16,893	-16,780	-16,716	-16,663	-16,618	-16,593	-16,548	-16,520	-16,483	-16,419	-16,351	0,212	0,363	0,411	0,440	0,414	0,346	0,309	0,262	0,230	0,197	0,182	0,171	0,162	0,161	0,115	0,000	0,000
2,000	-10,949	-10,991	-10,966	-10,848	-10,751	-10,677	-10,636	-10,604	-10,553	-10,528	-10,467	-10,398	-10,308	-10,168	-10,013	-0,172	-0,019	0,064	0,196	0,220	0,209	0,213	0,210	0,225	0,229	0,261	0,292	0,316	0,318	0,239	0,000	0,000
3,000	-21,138	-21,165	-21,093	-20,773	-20,563	-20,430	-20,353	-20,296	-20,244	-20,233	-20,194	-20,158	-20,106	-20,012	-19,898	-0,090	0,182	0,275	0,458	0,451	0,370	0,327	0,284	0,244	0,209	0,203	0,215	0,220	0,222	0,169	0,000	0,000
4,000	-11,031	-11,179	-11,092	-11,086	-11,047	-11,067	-11,055	-11,050	-11,042	-11,040	-10,995	-10,926	-10,796	-10,581	-10,301	-0,394	-0,058	-0,053	0,023	0,034	0,061	0,072	0,087	0,117	0,178	0,259	0,345	0,435	0,493	0,399	0,000	0,000
5,000	-12,277	-12,185	-12,356	-12,366	-12,381	-12,353	-12,344	-12,346	-12,317	-12,315	-12,272	-12,182	-12,035	-11,800	-11,481	-0,012	-0,193	-0,136	-0,016	0,021	0,036	0,073	0,102	0,147	0,200	0,286	0,387	0,491	0,548	0,449	0,000	0,000
6,000	-8,404	-8,400	-8,306	-8,178	-8,076	-8,013	-7,986	-7,958	-7,924	-7,901	-7,837	-7,784	-7,700	-7,552	-7,376	-0,026	0,129	0,170	0,232	0,220	0,200	0,196	0,187	0,196	0,215	0,252	0,291	0,324	0,346	0,271	0,000	0,000
7,000	-6,713	-6,653	-6,648	-6,595	-6,548	-6,527	-6,505	-6,503	-6,487	-6,484	-6,469	-6,449	-6,422	-6,380	-6,325	0,051	0,040	0,059	0,105	0,091	0,072	0,075	0,070	0,068	0,066	0,076	0,087	0,094	0,102	0,084	0,000	0,000
8,000	-19,354	-19,513	-19,521	-19,596	-19,583	-19,625	-19,661	-19,686	-19,712	-19,770	-19,778	-19,793	-19,795	-19,754	-19,697	-0,222	-0,131	-0,136	-0,095	-0,096	-0,118	-0,120	-0,119	-0,104	-0,093	-0,053	-0,009	0,026	0,066	0,063	0,000	0,000
9,000	-9,370	-9,353	-9,303	-9,182	-9,059	-8,954	-8,896	-8,843	-8,789	-8,748	-8,691	-8,636	-8,555	-8,434	-8,294	0,027	0,075	0,155	0,276	0,303	0,289	0,281	0,264	0,260	0,250	0,261	0,279	0,289	0,287	0,221	0,000	0,000
10,000	-9,418	-9,404	-9,277	-9,128	-9,029	-8,987	-8,964	-8,948	-8,926	-8,932	-8,902	-8,873	-8,817	-8,727	-8,613	-0,020	0,190	0,188	0,225	0,193	0,163	0,142	0,132	0,117	0,124	0,144	0,162	0,192	0,206	0,167	0,000	0,000
11,000	-10,098	-9,975	-9,942	-9,807	-9,721	-9,661	-9,636	-9,614	-9,583	-9,561	-9,526	-9,479	-9,414	-9,302	-9,176	0,162	0,170	0,189	0,221	0,205	0,173	0,173	0,164	0,163	0,161	0,190	0,218	0,237	0,253	0,194	0,000	0,000
12,000	-14,517	-14,553	-14,466	-14,431	-14,366	-14,349	-14,343	-14,330	-14,312	-14,322	-14,291	-14,248	-14,195	-14,071	-13,932	-0,015	0,093	0,102	0,111	0,103	0,088	0,088	0,089	0,093	0,104	0,152	0,182	0,229	0,258	0,205	0,000	0,000
13,000	-8,882	-8,811	-8,869	-8,869	-8,870	-8,850	-8,834	-8,823	-8,795	-8,765	-8,713	-8,643	-8,531	-8,370	-8,150	-0,048	-0,042	-0,048	0,015	0,047	0,069	0,101	0,121	0,160	0,200	0,257	0,314	0,369	0,392	0,318	0,000	0,000
14,000	-11,168	-10,832	-10,827	-10,678	-10,644	-10,609	-10,580	-10,574	-10,561	-10,556	-10,541	-10,521	-10,476	-10,388	-10,261	0,702	0,408	0,343	0,232	0,179	0,135	0,124	0,102	0,103	0,099	0,123	0,152	0,192	0,210	0,170	0,000	0,000
15,000	-3,512	-3,354	-3,166	-3,119	-3,062	-3,058	-3,052	-3,038	-3,027	-3,036	-3,028	-3,019	-3,000	-2,951	-2,904	1,786	1,073	0,711	0,348	0,243	0,178	0,141	0,107	0,085	0,079	0,073	0,077	0,092	0,100	0,086	0,000	0,000
	run	18	2022:11:08    10:56:09,380
0,000	-7,145	-6,379	-6,071	-5,825	-5,741	-5,691	-5,673	-5,654	-5,638	-5,636	-5,614	-5,588	-5,557	-5,494	-5,424	3,120	1,923	1,386	0,711	0,494	0,349	0,277	0,225	0,181	0,157	0,145	0,147	0,149	0,149	0,110	0,000	0,000
1,000	-17,041	-16,936	-16,800	-16,575	-16,416	-16,309	-16,243	-16,195	-16,151	-16,122	-16,083	-16,054	-16,024	-15,955	-15,892	0,147	0,291	0,323	0,384	0,374	0,317	0,289	0,247	0,216	0,190	0,179	0,167	0,160	0,156	0,111	0,000	0,000
2,000	-10,477	-10,530	-10,512	-10,425	-10,326	-10,250	-10,212	-10,179	-10,128	-10,105	-10,052	-9,989	-9,905	-9,775	-9,629	-0,183	-0,039	0,042	0,178	0,202	0,200	0,207	0,204	0,211	0,217	0,247	0,271	0,298	0,296	0,219	0,000	0,000
3,000	-20,336	-20,377	-20,346	-20,087	-19,897	-19,776	-19,707	-19,655	-19,601	-19,587	-19,549	-19,515	-19,466	-19,371	-19,263	-0,140	0,083	0,197	0,385	0,391	0,336	0,299	0,261	0,229	0,193	0,196	0,206	0,214	0,220	0,165	0,000	0,000
4,000	-10,942	-11,085	-10,995	-10,978	-10,945	-10,958	-10,955	-10,939	-10,935	-10,930	-10,893	-10,818	-10,698	-10,485	-10,214	-0,392	-0,055	-0,051	0,027	0,040	0,060	0,069	0,092	0,116	0,171	0,264	0,333	0,429	0,478	0,398	0,000	0,000
5,000	-12,076	-11,971	-12,138	-12,164	-12,174	-12,147	-12,131	-12,143	-12,105	-12,108	-12,061	-11,971	-11,837	-11,589	-11,278	-0,014	-0,194	-0,133	-0,025	0,015	0,024	0,074	0,105	0,147	0,199	0,290	0,391	0,492	0,545	0,442	0,000	0,000
6,000	-8,342	-8,348	-8,253	-8,121	-8,026	-7,971	-7,937	-7,913	-7,878	-7,853	-7,808	-7,745	-7,658	-7,507	-7,331	-0,027	0,127	0,163	0,227	0,220	0,197	0,196	0,189	0,197	0,207	0,238	0,289	0,325	0,339	0,266	0,000	0,000
7,000	-6,781	-6,714	-6,724	-6,642	-6,602	-6,577	-6,557	-6,552	-6,532	-6,537	-6,519	-6,499	-6,470	-6,422	-6,369	0,064	0,042	0,070	0,104	0,093	0,077	0,081	0,071	0,077	0,062	0,082	0,091	0,103	0,107	0,083	0,000	0,000
8,000	-19,452	-19,634	-19,628	-19,709	-19,699	-19,746	-19,779	-19,806	-19,829	-19,880	-19,896	-19,907	-19,911	-19,864	-19,805	-0,239	-0,131	-0,140	-0,104	-0,096	-0,119	-0,117	-0,119	-0,103	-0,088	-0,049	-0,006	0,024	0,066	0,063	0,000	0,000
9,000	-9,454	-9,425	-9,388	-9,231	-9,104	-8,992	-8,921	-8,880	-8,817	-8,775	-8,717	-8,658	-8,580	-8,457	-8,314	0,057	0,096	0,175	0,306	0,324	0,304	0,295	0,274	0,259	0,254	0,266	0,282	0,298	0,297	0,221	0,000	0,000
10,000	-9,610	-9,603	-9,453	-9,290	-9,186	-9,144	-9,122	-9,102	-9,081	-9,083	-9,056	-9,023	-8,968	-8,873	-8,763	-0,025	0,209	0,209	0,246	0,201	0,169	0,148	0,133	0,118	0,128	0,144	0,166	0,199	0,213	0,171	0,000	0,000
11,000	-10,076	-9,963	-9,913	-9,775	-9,691	-9,635	-9,602	-9,579	-9,548	-9,534	-9,495	-9,449	-9,383	-9,276	-9,152	0,159	0,190	0,190	0,231	0,209	0,174	0,169	0,163	0,164	0,165	0,188	0,219	0,237	0,249	0,193	0,000	0,000
12,000	-14,527	-14,580	-14,482	-14,446	-14,385	-14,369	-14,365	-14,350	-14,334	-14,343	-14,313	-14,274	-14,214	-14,084	-13,934	-0,020	0,085	0,091	0,102	0,099	0,087	0,086	0,093	0,097	0,110	0,159	0,194	0,240	0,270	0,215	0,000	0,000
13,000	-8,837	-8,783	-8,838	-8,834	-8,833	-8,818	-8,799	-8,789	-8,761	-8,728	-8,677	-8,607	-8,497	-8,333	-8,121	-0,057	-0,047	-0,034	0,017	0,049	0,070	0,097	0,122	0,159	0,202	0,257	0,309	0,367	0,389	0,310	0,000	0,000
14,000	-11,131	-10,780	-10,784	-10,633	-10,611	-10,580	-10,544	-10,544	-10,534	-10,528	-10,522	-10,494	-10,450	-10,353	-10,230	0,700	0,401	0,343	0,227	0,176	0,134	0,120	0,099	0,100	0,096	0,126	0,146	0,187	0,215	0,172	0,000	0,000
15,000	-3,470	-3,317	-3,141	-3,088	-3,034	-3,026	-3,021	-3,004	-2,997	-3,003	-2,999	-2,994	-2,974	-2,931	-2,885	1,763	1,061	0,708	0,350	0,240	0,178	0,136	0,109	0,082	0,070	0,062	0,070	0,086	0,094	0,074	0,000	0,000
	run	19	2022:11:08    10:56:09,489
0,000	-7,012	-6,224	-5,936	-5,698	-5,617	-5,573	-5,549	-5,530	-5,515	-5,512	-5,490	-5,469	-5,435	-5,381	-5,313	3,111	1,900	1,366	0,692	0,489	0,342	0,276	0,220	0,177	0,152	0,137	0,136	0,143	0,138	0,104	0,000	0,000
1,000	-16,624	-16,518	-16,416	-16,194	-16,043	-15,941	-15,881	-15,833	-15,788	-15,763	-15,728	-15,696	-15,657	-15,604	-15,537	0,134	0,268	0,303	0,359	0,351	0,299	0,268	0,237	0,211	0,183	0,173	0,161	0,153	0,150	0,111	0,000	0,000
2,000	-10,430	-10,484	-10,462	-10,368	-10,269	-10,199	-10,160	-10,124	-10,077	-10,054	-9,998	-9,936	-9,855	-9,725	-9,584	-0,159	-0,042	0,047	0,179	0,207	0,197	0,206	0,200	0,204	0,212	0,240	0,266	0,287	0,290	0,220	0,000	0,000
3,000	-20,232	-20,298	-20,258	-19,997	-19,797	-19,670	-19,606	-19,551	-19,499	-19,492	-19,449	-19,416	-19,366	-19,272	-19,164	-0,125	0,106	0,210	0,393	0,398	0,339	0,304	0,265	0,228	0,195	0,191	0,201	0,208	0,212	0,165	0,000	0,000
4,000	-11,006	-11,129	-11,045	-11,028	-10,999	-11,008	-11,002	-10,998	-10,988	-10,981	-10,941	-10,869	-10,744	-10,542	-10,262	-0,393	-0,059	-0,043	0,032	0,035	0,067	0,071	0,089	0,115	0,170	0,262	0,341	0,430	0,479	0,396	0,000	0,000
5,000	-12,484	-12,401	-12,580	-12,600	-12,621	-12,588	-12,579	-12,580	-12,546	-12,538	-12,494	-12,403	-12,258	-12,005	-11,676	-0,020	-0,205	-0,148	-0,022	0,016	0,032	0,080	0,112	0,159	0,210	0,305	0,408	0,506	0,573	0,461	0,000	0,000
6,000	-8,794	-8,783	-8,677	-8,544	-8,429	-8,374	-8,341	-8,313	-8,272	-8,258	-8,194	-8,136	-8,040	-7,882	-7,690	-0,006	0,154	0,191	0,239	0,235	0,208	0,213	0,207	0,209	0,226	0,256	0,303	0,338	0,371	0,285	0,000	0,000
7,000	-7,094	-7,029	-7,011	-6,915	-6,863	-6,832	-6,815	-6,810	-6,793	-6,788	-6,770	-6,748	-6,725	-6,666	-6,606	0,093	0,084	0,101	0,141	0,116	0,092	0,090	0,084	0,084	0,074	0,085	0,101	0,114	0,120	0,087	0,000	0,000
8,000	-19,924	-20,083	-20,095	-20,199	-20,191	-20,235	-20,274	-20,303	-20,322	-20,383	-20,397	-20,413	-20,417	-20,369	-20,310	-0,256	-0,166	-0,152	-0,130	-0,122	-0,130	-0,129	-0,130	-0,113	-0,092	-0,053	-0,009	0,023	0,063	0,067	0,000	0,000
9,000	-9,666	-9,624	-9,573	-9,399	-9,267	-9,148	-9,082	-9,035	-8,978	-8,934	-8,876	-8,814	-8,731	-8,599	-8,453	0,057	0,146	0,212	0,329	0,339	0,315	0,300	0,278	0,267	0,259	0,276	0,294	0,306	0,309	0,230	0,000	0,000
10,000	-9,662	-9,641	-9,503	-9,335	-9,234	-9,187	-9,162	-9,143	-9,120	-9,126	-9,102	-9,072	-9,012	-8,918	-8,805	-0,004	0,204	0,227	0,245	0,208	0,172	0,150	0,133	0,120	0,124	0,147	0,168	0,202	0,215	0,176	0,000	0,000
11,000	-10,097	-9,989	-9,937	-9,795	-9,709	-9,654	-9,625	-9,605	-9,571	-9,554	-9,515	-9,469	-9,399	-9,292	-9,164	0,166	0,187	0,194	0,231	0,215	0,177	0,175	0,164	0,163	0,166	0,191	0,219	0,242	0,252	0,189	0,000	0,000
12,000	-14,438	-14,494	-14,396	-14,360	-14,293	-14,275	-14,265	-14,252	-14,237	-14,243	-14,218	-14,169	-14,120	-13,995	-13,850	-0,016	0,104	0,101	0,112	0,107	0,090	0,090	0,093	0,098	0,108	0,153	0,189	0,235	0,266	0,216	0,000	0,000
13,000	-8,644	-8,605	-8,651	-8,661	-8,658	-8,643	-8,627	-8,618	-8,590	-8,555	-8,506	-8,439	-8,331	-8,170	-7,967	-0,070	-0,055	-0,041	0,011	0,041	0,069	0,094	0,116	0,150	0,194	0,246	0,309	0,357	0,382	0,305	0,000	0,000
14,000	-10,843	-10,450	-10,495	-10,336	-10,322	-10,282	-10,257	-10,257	-10,242	-10,241	-10,229	-10,213	-10,160	-10,079	-9,969	0,779	0,400	0,336	0,224	0,167	0,124	0,111	0,099	0,096	0,090	0,103	0,132	0,173	0,201	0,163	0,000	0,000
15,000	-3,356	-3,199	-3,024	-2,978	-2,923	-2,919	-2,913	-2,902	-2,895	-2,898	-2,892	-2,890	-2,867	-2,827	-2,779	1,731	1,029	0,688	0,338	0,228	0,168	0,130	0,102	0,080	0,069	0,065	0,073	0,089	0,094	0,076	0,000	0,000
	run	20	2022:11:08    10:56:09,534
0,000	-6,848	-6,087	-5,801	-5,568	-5,487	-5,438	-5,423	-5,405	-5,386	-5,381	-5,362	-5,340	-5,308	-5,254	-5,190	3,069	1,878	1,345	0,689	0,473	0,340	0,274	0,220	0,177	0,148	0,134	0,137	0,142	0,137	0,102	0,000	0,000
1,000	-16,446	-16,355	-16,245	-16,038	-15,897	-15,793	-15,738	-15,694	-15,646	-15,619	-15,586	-15,549	-15,517	-15,460	-15,396	0,114	0,258	0,295	0,346	0,340	0,297	0,267	0,233	0,207	0,180	0,170	0,162	0,154	0,149	0,109	0,000	0,000
2,000	-10,430	-10,484	-10,462	-10,368	-10,269	-10,199	-10,160	-10,124	-10,077	-10,054	-9,998	-9,936	-9,855	-9,725	-9,584	-0,159	-0,042	0,047	0,179	0,207	0,197	0,206	0,200	0,204	0,212	0,240	0,266	0,287	0,290	0,220	0,000	0,000
3,000	-20,232	-20,298	-20,258	-19,997	-19,797	-19,670	-19,606	-19,551	-19,499	-19,492	-19,449	-19,416	-19,366	-19,272	-19,164	-0,125	0,106	0,210	0,393	0,398	0,339	0,304	0,265	0,228	0,195	0,191	0,201	0,208	0,212	0,165	0,000	0,000
4,000	-11,006	-11,129	-11,045	-11,028	-10,999	-11,008	-11,002	-10,998	-10,988	-10,981	-10,941	-10,869	-10,744	-10,542	-10,262	-0,393	-0,059	-0,043	0,032	0,035	0,067	0,071	0,089	0,115	0,170	0,262	0,341	0,430	0,479	0,396	0,000	0,000
5,000	-12,484	-12,401	-12,580	-12,600	-12,621	-12,588	-12,579	-12,580	-12,546	-12,538	-12,494	-12,403	-12,258	-12,005	-11,676	-0,020	-0,205	-0,148	-0,022	0,016	0,032	0,080	0,112	0,159	0,210	0,305	0,408	0,506	0,573	0,461	0,000	0,000
6,000	-8,794	-8,783	-8,677	-8,544	-8,429	-8,374	-8,341	-8,313	-8,272	-8,258	-8,194	-8,136	-8,040	-7,882	-7,690	-0,006	0,154	0,191	0,239	0,235	0,208	0,213	0,207	0,209	0,226	0,256	0,303	0,338	0,371	0,285	0,000	0,000
7,000	-7,094	-7,029	-7,011	-6,915	-6,863	-6,832	-6,815	-6,810	-6,793	-6,788	-6,770	-6,748	-6,725	-6,666	-6,606	0,093	0,084	0,101	0,141	0,116	0,092	0,090	0,084	0,084	0,074	0,085	0,101	0,114	0,120	0,087	0,000	0,000
8,000	-20,213	-20,366	-20,386	-20,511	-20,505	-20,554	-20,590	-20,627	-20,647	-20,699	-20,711	-20,734	-20,732	-20,690	-20,623	-0,258	-0,184	-0,189	-0,147	-0,129	-0,142	-0,140	-0,133	-0,110	-0,095	-0,051	-0,006	0,028	0,070	0,067	0,000	0,000
9,000	-9,735	-9,703	-9,626	-9,440	-9,302	-9,187	-9,122	-9,076	-9,015	-8,970	-8,913	-8,856	-8,769	-8,638	-8,486	0,082	0,149	0,223	0,342	0,350	0,316	0,304	0,286	0,274	0,266	0,277	0,296	0,312	0,313	0,237	0,000	0,000
10,000	-9,634	-9,633	-9,480	-9,324	-9,216	-9,173	-9,152	-9,134	-9,114	-9,111	-9,089	-9,057	-8,999	-8,903	-8,787	-0,029	0,205	0,212	0,238	0,204	0,174	0,149	0,135	0,124	0,130	0,145	0,170	0,208	0,218	0,172	0,000	0,000
11,000	-10,124	-9,999	-9,962	-9,815	-9,725	-9,666	-9,638	-9,613	-9,583	-9,561	-9,524	-9,478	-9,411	-9,301	-9,174	0,162	0,186	0,195	0,234	0,224	0,184	0,178	0,168	0,168	0,175	0,197	0,221	0,244	0,256	0,193	0,000	0,000
12,000	-14,325	-14,373	-14,279	-14,249	-14,181	-14,163	-14,155	-14,145	-14,131	-14,139	-14,108	-14,063	-14,012	-13,888	-13,748	-0,024	0,099	0,098	0,112	0,103	0,089	0,086	0,089	0,094	0,106	0,149	0,189	0,227	0,260	0,209	0,000	0,000
13,000	-8,595	-8,600	-8,616	-8,630	-8,624	-8,608	-8,600	-8,588	-8,558	-8,527	-8,476	-8,399	-8,296	-8,135	-7,931	-0,086	-0,046	-0,042	0,013	0,046	0,072	0,098	0,124	0,158	0,198	0,247	0,304	0,355	0,383	0,304	0,000	0,000
14,000	-10,496	-10,110	-10,137	-9,990	-9,964	-9,936	-9,904	-9,902	-9,889	-9,888	-9,879	-9,859	-9,816	-9,736	-9,618	0,766	0,396	0,331	0,218	0,168	0,117	0,111	0,096	0,085	0,091	0,102	0,131	0,173	0,189	0,158	0,000	0,000
15,000	-3,314	-3,161	-2,971	-2,946	-2,890	-2,887	-2,880	-2,866	-2,861	-2,867	-2,865	-2,855	-2,835	-2,791	-2,751	1,742	1,032	0,691	0,334	0,228	0,167	0,130	0,106	0,080	0,070	0,061	0,070	0,084	0,093	0,076	0,000	0,000
	run	21	2022:11:08    10:56:09,628
0,000	-6,859	-6,101	-5,811	-5,580	-5,490	-5,455	-5,435	-5,417	-5,397	-5,393	-5,373	-5,353	-5,318	-5,261	-5,195	3,093	1,890	1,361	0,685	0,471	0,340	0,276	0,222	0,177	0,148	0,139	0,139	0,141	0,140	0,105	0,000	0,000
1,000	-16,564	-16,459	-16,356	-16,131	-15,988	-15,881	-15,825	-15,783	-15,731	-15,708	-15,668	-15,639	-15,604	-15,543	-15,478	0,119	0,269	0,311	0,357	0,351	0,306	0,276	0,235	0,210	0,185	0,172	0,160	0,155	0,149	0,112	0,000	0,000
2,000	-10,608	-10,629	-10,627	-10,514	-10,414	-10,342	-10,298	-10,269	-10,217	-10,194	-10,133	-10,069	-9,982	-9,849	-9,701	-0,177	-0,028	0,051	0,195	0,212	0,202	0,214	0,213	0,212	0,222	0,253	0,277	0,296	0,303	0,230	0,000	0,000
3,000	-21,052	-21,082	-21,030	-20,737	-20,527	-20,400	-20,332	-20,271	-20,222	-20,215	-20,175	-20,138	-20,093	-19,991	-19,882	-0,099	0,168	0,262	0,433	0,429	0,358	0,313	0,268	0,237	0,202	0,196	0,206	0,216	0,221	0,172	0,000	0,000
4,000	-11,172	-11,322	-11,220	-11,225	-11,192	-11,192	-11,189	-11,186	-11,186	-11,171	-11,135	-11,065	-10,928	-10,725	-10,448	-0,405	-0,065	-0,062	0,017	0,023	0,059	0,071	0,088	0,118	0,177	0,262	0,342	0,432	0,487	0,396	0,000	0,000
5,000	-12,612	-12,523	-12,703	-12,722	-12,727	-12,701	-12,688	-12,692	-12,664	-12,656	-12,609	-12,522	-12,371	-12,120	-11,784	-0,016	-0,188	-0,139	-0,015	0,019	0,031	0,077	0,108	0,157	0,211	0,307	0,417	0,517	0,581	0,476	0,000	0,000
6,000	-8,844	-8,835	-8,741	-8,600	-8,497	-8,433	-8,403	-8,371	-8,331	-8,309	-8,258	-8,193	-8,102	-7,936	-7,748	-0,011	0,158	0,181	0,243	0,232	0,208	0,208	0,199	0,213	0,219	0,264	0,303	0,344	0,370	0,284	0,000	0,000
7,000	-7,181	-7,132	-7,108	-7,018	-6,957	-6,922	-6,905	-6,902	-6,881	-6,879	-6,864	-6,839	-6,810	-6,758	-6,698	0,085	0,087	0,110	0,138	0,119	0,091	0,094	0,086	0,083	0,078	0,092	0,095	0,111	0,121	0,088	0,000	0,000
8,000	-20,327	-20,501	-20,532	-20,642	-20,644	-20,689	-20,723	-20,760	-20,781	-20,838	-20,857	-20,869	-20,874	-20,824	-20,760	-0,265	-0,191	-0,173	-0,141	-0,125	-0,146	-0,134	-0,129	-0,112	-0,095	-0,053	-0,009	0,027	0,071	0,073	0,000	0,000
9,000	-9,799	-9,740	-9,683	-9,484	-9,345	-9,226	-9,159	-9,112	-9,054	-9,009	-8,951	-8,892	-8,804	-8,675	-8,517	0,092	0,158	0,243	0,351	0,353	0,327	0,313	0,288	0,275	0,274	0,281	0,299	0,311	0,319	0,238	0,000	0,000
10,000	-9,762	-9,741	-9,578	-9,404	-9,299	-9,249	-9,228	-9,206	-9,190	-9,189	-9,166	-9,136	-9,077	-8,976	-8,860	-0,013	0,231	0,242	0,264	0,221	0,179	0,152	0,138	0,124	0,130	0,153	0,171	0,205	0,221	0,176	0,000	0,000
11,000	-10,028	-9,903	-9,856	-9,701	-9,613	-9,562	-9,530	-9,505	-9,473	-9,457	-9,419	-9,375	-9,309	-9,200	-9,072	0,175	0,194	0,212	0,237	0,220	0,182	0,175	0,169	0,170	0,170	0,189	0,219	0,236	0,251	0,190	0,000	0,000
12,000	-14,366	-14,420	-14,333	-14,289	-14,232	-14,216	-14,211	-14,197	-14,184	-14,189	-14,165	-14,123	-14,069	-13,941	-13,804	-0,008	0,087	0,088	0,105	0,097	0,083	0,088	0,088	0,093	0,105	0,149	0,188	0,226	0,259	0,204	0,000	0,000
13,000	-8,519	-8,522	-8,542	-8,562	-8,555	-8,545	-8,526	-8,511	-8,488	-8,452	-8,408	-8,334	-8,229	-8,069	-7,867	-0,083	-0,056	-0,034	0,014	0,044	0,072	0,094	0,119	0,156	0,192	0,242	0,300	0,351	0,378	0,297	0,000	0,000
14,000	-10,409	-10,028	-10,046	-9,900	-9,887	-9,848	-9,822	-9,819	-9,810	-9,811	-9,802	-9,777	-9,741	-9,650	-9,542	0,746	0,402	0,333	0,224	0,168	0,121	0,114	0,096	0,091	0,086	0,105	0,130	0,170	0,186	0,157	0,000	0,000
15,000	-3,294	-3,137	-2,954	-2,921	-2,867	-2,860	-2,856	-2,848	-2,839	-2,844	-2,839	-2,833	-2,817	-2,774	-2,730	1,732	1,028	0,678	0,336	0,232	0,166	0,131	0,105	0,079	0,071	0,064	0,068	0,081	0,090	0,069	0,000	0,000
	run	22	2022:11:08    10:56:09,681
0,000	-6,859	-6,101	-5,811	-5,580	-5,490	-5,455	-5,435	-5,417	-5,397	-5,393	-5,373	-5,353	-5,318	-5,261	-5,195	3,093	1,890	1,361	0,685	0,471	0,340	0,276	0,222	0,177	0,148	0,139	0,139	0,141	0,140	0,105	0,000	0,000
1,000	-16,564	-16,459	-16,356	-16,131	-15,988	-15,881	-15,825	-15,783	-15,731	-15,708	-15,668	-15,639	-15,604	-15,543	-15,478	0,119	0,269	0,311	0,357	0,351	0,306	0,276	0,235	0,210	0,185	0,172	0,160	0,155	0,149	0,112	0,000	0,000
2,000	-10,608	-10,629	-10,627	-10,514	-10,414	-10,342	-10,298	-10,269	-10,217	-10,194	-10,133	-10,069	-9,982	-9,849	-9,701	-0,177	-0,028	0,051	0,195	0,212	0,202	0,214	0,213	0,212	0,222	0,253	0,277	0,296	0,303	0,230	0,000	0,000
3,000	-21,052	-21,082	-21,030	-20,737	-20,527	-20,400	-20,332	-20,271	-20,222	-20,215	-20,175	-20,138	-20,093	-19,991	-19,882	-0,099	0,168	0,262	0,433	0,429	0,358	0,313	0,268	0,237	0,202	0,196	0,206	0,216	0,221	0,172	0,000	0,000
4,000	-11,172	-11,322	-11,220	-11,225	-11,192	-11,192	-11,189	-11,186	-11,186	-11,171	-11,135	-11,065	-10,928	-10,725	-10,448	-0,405	-0,065	-0,062	0,017	0,023	0,059	0,071	0,088	0,118	0,177	0,262	0,342	0,432	0,487	0,396	0,000	0,000
5,000	-12,612	-12,523	-12,703	-12,722	-12,727	-12,701	-12,688	-12,692	-12,664	-12,656	-12,609	-12,522	-12,371	-12,120	-11,784	-0,016	-0,188	-0,139	-0,015	0,019	0,031	0,077	0,108	0,157	0,211	0,307	0,417	0,517	0,581	0,476	0,000	0,000
6,000	-8,718	-8,711	-8,615	-8,480	-8,373	-8,317	-8,284	-8,259	-8,220	-8,193	-8,138	-8,076	-7,977	-7,822	-7,637	-0,020	0,143	0,176	0,243	0,229	0,206	0,207	0,205	0,203	0,221	0,262	0,302	0,346	0,364	0,285	0,000	0,000
7,000	-7,055	-6,987	-6,967	-6,876	-6,828	-6,789	-6,779	-6,770	-6,750	-6,747	-6,735	-6,708	-6,680	-6,628	-6,564	0,079	0,081	0,102	0,139	0,118	0,085	0,086	0,084	0,086	0,079	0,087	0,102	0,113	0,124	0,097	0,000	0,000
8,000	-20,234	-20,434	-20,453	-20,569	-20,551	-20,603	-20,641	-20,678	-20,702	-20,751	-20,764	-20,789	-20,788	-20,740	-20,677	-0,255	-0,183	-0,179	-0,140	-0,128	-0,142	-0,134	-0,135	-0,120	-0,102	-0,055	-0,012	0,019	0,072	0,067	0,000	0,000
9,000	-9,715	-9,669	-9,612	-9,413	-9,272	-9,157	-9,091	-9,046	-8,986	-8,945	-8,884	-8,822	-8,738	-8,612	-8,459	0,075	0,155	0,235	0,342	0,355	0,324	0,310	0,284	0,274	0,263	0,281	0,297	0,312	0,310	0,230	0,000	0,000
10,000	-9,679	-9,663	-9,523	-9,361	-9,256	-9,209	-9,185	-9,171	-9,150	-9,149	-9,125	-9,096	-9,039	-8,944	-8,828	-0,021	0,222	0,226	0,245	0,208	0,173	0,153	0,137	0,123	0,128	0,151	0,169	0,203	0,217	0,171	0,000	0,000
11,000	-10,071	-9,948	-9,913	-9,763	-9,672	-9,613	-9,585	-9,562	-9,531	-9,510	-9,476	-9,426	-9,355	-9,249	-9,117	0,162	0,185	0,211	0,240	0,219	0,183	0,178	0,165	0,169	0,168	0,197	0,223	0,243	0,258	0,196	0,000	0,000
12,000	-14,379	-14,420	-14,334	-14,303	-14,232	-14,214	-14,205	-14,198	-14,178	-14,189	-14,154	-14,122	-14,062	-13,945	-13,806	-0,020	0,092	0,091	0,115	0,099	0,084	0,087	0,085	0,093	0,102	0,143	0,186	0,227	0,252	0,205	0,000	0,000
13,000	-8,629	-8,611	-8,639	-8,653	-8,649	-8,629	-8,616	-8,602	-8,577	-8,545	-8,494	-8,424	-8,315	-8,152	-7,944	-0,068	-0,046	-0,034	0,016	0,044	0,073	0,100	0,123	0,158	0,194	0,249	0,305	0,360	0,383	0,308	0,000	0,000
14,000	-10,748	-10,369	-10,382	-10,244	-10,227	-10,176	-10,158	-10,152	-10,143	-10,141	-10,140	-10,113	-10,063	-9,987	-9,867	0,724	0,403	0,331	0,217	0,163	0,117	0,115	0,093	0,093	0,090	0,114	0,135	0,178	0,201	0,164	0,000	0,000
15,000	-3,386	-3,235	-3,052	-3,011	-2,960	-2,952	-2,951	-2,933	-2,928	-2,933	-2,930	-2,922	-2,898	-2,854	-2,810	1,735	1,042	0,700	0,340	0,229	0,171	0,134	0,108	0,082	0,071	0,068	0,075	0,088	0,097	0,074	0,000	0,000
	run	23	2022:11:08    10:56:09,781
0,000	-7,242	-6,470	-6,167	-5,909	-5,828	-5,778	-5,758	-5,739	-5,718	-5,713	-5,695	-5,668	-5,635	-5,574	-5,503	3,147	1,937	1,401	0,717	0,502	0,355	0,283	0,229	0,185	0,156	0,144	0,145	0,152	0,149	0,112	0,000	0,000
1,000	-17,518	-17,383	-17,261	-16,996	-16,827	-16,709	-16,648	-16,596	-16,543	-16,525	-16,483	-16,447	-16,415	-16,359	-16,289	0,205	0,334	0,376	0,425	0,397	0,338	0,308	0,259	0,232	0,197	0,184	0,170	0,158	0,158	0,112	0,000	0,000
2,000	-10,722	-10,755	-10,743	-10,641	-10,548	-10,474	-10,429	-10,399	-10,351	-10,326	-10,260	-10,198	-10,109	-9,976	-9,824	-0,176	-0,036	0,038	0,181	0,207	0,203	0,212	0,207	0,217	0,223	0,257	0,285	0,304	0,317	0,238	0,000	0,000
3,000	-20,514	-20,545	-20,483	-20,227	-20,029	-19,898	-19,825	-19,768	-19,715	-19,704	-19,665	-19,624	-19,577	-19,476	-19,362	-0,134	0,143	0,228	0,410	0,408	0,354	0,316	0,274	0,239	0,199	0,199	0,211	0,219	0,232	0,172	0,000	0,000
4,000	-11,041	-11,202	-11,100	-11,101	-11,062	-11,057	-11,061	-11,059	-11,059	-11,040	-10,996	-10,931	-10,800	-10,593	-10,313	-0,384	-0,052	-0,061	0,015	0,031	0,058	0,069	0,092	0,116	0,178	0,256	0,328	0,429	0,489	0,403	0,000	0,000
5,000	-12,237	-12,136	-12,308	-12,331	-12,348	-12,327	-12,313	-12,305	-12,283	-12,278	-12,228	-12,144	-12,007	-11,766	-11,445	0,008	-0,188	-0,131	-0,015	0,010	0,030	0,076	0,103	0,153	0,205	0,287	0,389	0,487	0,554	0,444	0,000	0,000
6,000	-8,447	-8,460	-8,372	-8,236	-8,125	-8,078	-8,049	-8,015	-7,976	-7,960	-7,900	-7,847	-7,754	-7,601	-7,421	-0,015	0,133	0,174	0,230	0,225	0,198	0,202	0,197	0,204	0,221	0,254	0,291	0,330	0,348	0,273	0,000	0,000
7,000	-6,835	-6,772	-6,771	-6,695	-6,655	-6,629	-6,609	-6,603	-6,584	-6,582	-6,569	-6,549	-6,519	-6,466	-6,407	0,047	0,049	0,080	0,117	0,103	0,080	0,075	0,075	0,073	0,072	0,083	0,096	0,106	0,115	0,083	0,000	0,000
8,000	-19,599	-19,785	-19,776	-19,870	-19,852	-19,898	-19,931	-19,958	-19,989	-20,037	-20,054	-20,073	-20,076	-20,024	-19,968	-0,231	-0,148	-0,147	-0,111	-0,101	-0,128	-0,124	-0,119	-0,108	-0,097	-0,050	-0,015	0,022	0,066	0,066	0,000	0,000
9,000	-9,603	-9,573	-9,527	-9,364	-9,237	-9,123	-9,053	-9,008	-8,951	-8,907	-8,853	-8,793	-8,708	-8,583	-8,438	0,025	0,111	0,174	0,303	0,329	0,307	0,295	0,275	0,261	0,257	0,269	0,287	0,300	0,305	0,228	0,000	0,000
10,000	-9,598	-9,591	-9,447	-9,288	-9,187	-9,145	-9,120	-9,099	-9,081	-9,077	-9,058	-9,027	-8,969	-8,870	-8,762	-0,026	0,196	0,210	0,243	0,202	0,172	0,146	0,137	0,124	0,125	0,147	0,167	0,198	0,218	0,173	0,000	0,000
11,000	-10,141	-10,027	-9,993	-9,845	-9,760	-9,707	-9,676	-9,651	-9,619	-9,602	-9,568	-9,514	-9,454	-9,345	-9,217	0,158	0,172	0,195	0,226	0,214	0,182	0,175	0,165	0,160	0,165	0,194	0,215	0,241	0,252	0,190	0,000	0,000
12,000	-14,531	-14,588	-14,501	-14,459	-14,398	-14,378	-14,375	-14,363	-14,341	-14,358	-14,322	-14,286	-14,224	-14,102	-13,957	-0,011	0,090	0,096	0,106	0,106	0,092	0,088	0,090	0,097	0,109	0,140	0,190	0,235	0,266	0,210	0,000	0,000
13,000	-8,811	-8,749	-8,812	-8,805	-8,807	-8,791	-8,773	-8,757	-8,733	-8,697	-8,649	-8,574	-8,464	-8,303	-8,083	-0,039	-0,053	-0,035	0,024	0,050	0,071	0,101	0,127	0,157	0,200	0,257	0,317	0,364	0,393	0,316	0,000	0,000
14,000	-11,011	-10,684	-10,656	-10,532	-10,493	-10,451	-10,437	-10,433	-10,419	-10,424	-10,400	-10,385	-10,335	-10,247	-10,125	0,681	0,392	0,338	0,226	0,171	0,128	0,120	0,095	0,095	0,098	0,115	0,149	0,187	0,211	0,173	0,000	0,000
15,000	-3,501	-3,331	-3,155	-3,102	-3,048	-3,039	-3,034	-3,021	-3,016	-3,021	-3,010	-3,005	-2,984	-2,940	-2,892	1,774	1,066	0,713	0,353	0,247	0,181	0,141	0,111	0,082	0,073	0,070	0,079	0,092	0,095	0,080	0,000	0,000
