Device: PM2003001		2022:11:08    11:08:55,632  (DLL version: 1.20;  Status: HW:v1.02 SW:v1.3 CRC:31ED BATTERY:4154mV ST:0 ERR:0000;  MUX data; S: 92 I:143 R:200.000 C:1.094p F:)
Excitation level, V:	2,00
Voltage Channel Gain:	5
Current Channel Gain:	1
Voltmeter Range, V:	0,6
Ampermeter Range, A:	15,0m
Step Period, ms:	5
R transimp:	200
C transimp:	1,1p
Measurement Table: 	EEPROM  16

Freq, Hz	1,0k	2,0k	3,0k	7,0k	11,0k	17,0k	23,0k	31,0k	43,0k	61,0k	89,0k	127,0k	179,0k	251,0k	349,0k	1,0k	2,0k	3,0k	7,0k	11,0k	17,0k	23,0k	31,0k	43,0k	61,0k	89,0k	127,0k	179,0k	251,0k	349,0k
	run	1	2022:11:08    11:08:55,636
MUX	Re1, ohm	Re2, ohm	Re3, ohm	Re4, ohm	Re5, ohm	Re6, ohm	Re7, ohm	Re8, ohm	Re9, ohm	Re10, ohm	Re11, ohm	Re12, ohm	Re13, ohm	Re14, ohm	Re15, ohm	Im1, ohm	Im2, ohm	Im3, ohm	Im4, ohm	Im5, ohm	Im6, ohm	Im7, ohm	Im8, ohm	Im9, ohm	Im10, ohm	Im11, ohm	Im12, ohm	Im13, ohm	Im14, ohm	Im15, ohm	U, V	I, mA

0,000	-13,211	-13,350	-13,370	-13,466	-13,479	-13,500	-13,510	-13,507	-13,510	-13,520	-13,508	-13,486	-13,446	-13,358	-13,255	-0,371	-0,238	-0,202	-0,123	-0,098	-0,062	-0,040	-0,018	0,005	0,031	0,068	0,109	0,145	0,173	0,143	0,000	0,000
1,000	-17,453	-17,534	-17,482	-17,333	-17,199	-17,109	-17,055	-17,009	-16,972	-16,942	-16,903	-16,866	-16,815	-16,738	-16,642	-0,340	-0,059	0,069	0,227	0,262	0,241	0,236	0,203	0,193	0,184	0,185	0,190	0,194	0,197	0,153	0,000	0,000
2,000	-10,500	-10,434	-10,387	-10,247	-10,143	-10,068	-10,018	-9,981	-9,931	-9,906	-9,846	-9,783	-9,710	-9,598	-9,481	0,048	0,133	0,178	0,256	0,248	0,231	0,236	0,223	0,221	0,223	0,239	0,256	0,259	0,256	0,187	0,000	0,000
3,000	-11,238	-10,685	-10,428	-10,091	-9,903	-9,772	-9,709	-9,659	-9,623	-9,589	-9,570	-9,561	-9,549	-9,528	-9,509	2,905	1,812	1,364	0,871	0,686	0,525	0,426	0,338	0,264	0,201	0,155	0,120	0,093	0,073	0,048	0,000	0,000
4,000	-3,384	-3,260	-3,100	-3,027	-2,962	-2,946	-2,931	-2,914	-2,897	-2,895	-2,866	-2,811	-2,716	-2,565	-2,366	1,853	1,119	0,751	0,406	0,292	0,230	0,201	0,180	0,172	0,187	0,221	0,273	0,329	0,356	0,290	0,000	0,000
5,000	-6,269	-5,666	-5,655	-5,477	-5,410	-5,359	-5,325	-5,312	-5,273	-5,262	-5,216	-5,150	-5,043	-4,869	-4,653	2,396	1,242	0,917	0,510	0,376	0,285	0,265	0,244	0,241	0,240	0,280	0,329	0,379	0,407	0,318	0,000	0,000
6,000	-9,084	-9,061	-8,977	-8,839	-8,732	-8,680	-8,650	-8,617	-8,577	-8,558	-8,502	-8,445	-8,357	-8,211	-8,041	-0,094	0,107	0,156	0,220	0,220	0,198	0,203	0,195	0,199	0,209	0,249	0,285	0,317	0,332	0,258	0,000	0,000
7,000	-7,087	-7,029	-7,028	-6,933	-6,878	-6,842	-6,829	-6,817	-6,799	-6,796	-6,776	-6,751	-6,731	-6,679	-6,627	0,070	0,066	0,100	0,133	0,118	0,089	0,089	0,086	0,079	0,076	0,082	0,094	0,111	0,116	0,084	0,000	0,000
8,000	-19,968	-20,152	-20,182	-20,286	-20,290	-20,339	-20,378	-20,413	-20,439	-20,487	-20,502	-20,522	-20,518	-20,475	-20,412	-0,242	-0,189	-0,187	-0,149	-0,127	-0,146	-0,142	-0,133	-0,114	-0,100	-0,048	-0,007	0,029	0,070	0,068	0,000	0,000
9,000	-9,720	-9,652	-9,594	-9,407	-9,264	-9,151	-9,086	-9,032	-8,970	-8,931	-8,871	-8,808	-8,726	-8,596	-8,444	0,071	0,148	0,236	0,343	0,351	0,326	0,311	0,286	0,276	0,266	0,281	0,297	0,311	0,311	0,231	0,000	0,000
10,000	-9,582	-9,568	-9,422	-9,251	-9,146	-9,108	-9,084	-9,067	-9,048	-9,051	-9,025	-8,985	-8,926	-8,828	-8,715	0,011	0,227	0,236	0,250	0,203	0,168	0,148	0,139	0,125	0,130	0,152	0,173	0,206	0,222	0,176	0,000	0,000
11,000	-10,045	-9,916	-9,878	-9,720	-9,636	-9,575	-9,548	-9,520	-9,494	-9,474	-9,433	-9,385	-9,318	-9,203	-9,072	0,180	0,195	0,213	0,234	0,221	0,186	0,180	0,170	0,168	0,175	0,203	0,230	0,250	0,262	0,199	0,000	0,000
12,000	-14,535	-14,593	-14,500	-14,464	-14,393	-14,382	-14,373	-14,361	-14,344	-14,353	-14,319	-14,278	-14,220	-14,105	-13,960	-0,005	0,098	0,095	0,110	0,104	0,085	0,091	0,087	0,094	0,111	0,156	0,192	0,228	0,260	0,206	0,000	0,000
13,000	-8,570	-8,542	-8,542	-8,551	-8,536	-8,519	-8,502	-8,494	-8,463	-8,431	-8,380	-8,303	-8,188	-8,018	-7,801	0,026	0,020	0,016	0,041	0,065	0,086	0,113	0,137	0,169	0,203	0,263	0,321	0,376	0,407	0,316	0,000	0,000
14,000	-11,959	-11,820	-11,894	-11,828	-11,811	-11,784	-11,764	-11,761	-11,741	-11,740	-11,720	-11,667	-11,589	-11,440	-11,238	0,022	-0,038	0,028	0,071	0,075	0,073	0,080	0,091	0,107	0,125	0,189	0,238	0,302	0,342	0,281	0,000	0,000
15,000	-9,059	-9,212	-9,115	-9,136	-9,085	-9,087	-9,077	-9,065	-9,041	-9,043	-9,022	-8,995	-8,942	-8,871	-8,785	-0,257	-0,016	-0,027	0,027	0,038	0,056	0,060	0,066	0,072	0,088	0,108	0,127	0,153	0,161	0,136	0,000	0,000
	run	2	2022:11:08    11:08:55,687
0,000	-13,211	-13,350	-13,370	-13,466	-13,479	-13,500	-13,510	-13,507	-13,510	-13,520	-13,508	-13,486	-13,446	-13,358	-13,255	-0,371	-0,238	-0,202	-0,123	-0,098	-0,062	-0,040	-0,018	0,005	0,031	0,068	0,109	0,145	0,173	0,143	0,000	0,000
1,000	-17,453	-17,534	-17,482	-17,333	-17,199	-17,109	-17,055	-17,009	-16,972	-16,942	-16,903	-16,866	-16,815	-16,738	-16,642	-0,340	-0,059	0,069	0,227	0,262	0,241	0,236	0,203	0,193	0,184	0,185	0,190	0,194	0,197	0,153	0,000	0,000
2,000	-10,500	-10,434	-10,387	-10,247	-10,143	-10,068	-10,018	-9,981	-9,931	-9,906	-9,846	-9,783	-9,710	-9,598	-9,481	0,048	0,133	0,178	0,256	0,248	0,231	0,236	0,223	0,221	0,223	0,239	0,256	0,259	0,256	0,187	0,000	0,000
3,000	-11,238	-10,685	-10,428	-10,091	-9,903	-9,772	-9,709	-9,659	-9,623	-9,589	-9,570	-9,561	-9,549	-9,528	-9,509	2,905	1,812	1,364	0,871	0,686	0,525	0,426	0,338	0,264	0,201	0,155	0,120	0,093	0,073	0,048	0,000	0,000
4,000	-3,384	-3,260	-3,100	-3,027	-2,962	-2,946	-2,931	-2,914	-2,897	-2,895	-2,866	-2,811	-2,716	-2,565	-2,366	1,853	1,119	0,751	0,406	0,292	0,230	0,201	0,180	0,172	0,187	0,221	0,273	0,329	0,356	0,290	0,000	0,000
5,000	-6,269	-5,666	-5,655	-5,477	-5,410	-5,359	-5,325	-5,312	-5,273	-5,262	-5,216	-5,150	-5,043	-4,869	-4,653	2,396	1,242	0,917	0,510	0,376	0,285	0,265	0,244	0,241	0,240	0,280	0,329	0,379	0,407	0,318	0,000	0,000
6,000	-8,898	-8,895	-8,802	-8,685	-8,585	-8,533	-8,502	-8,473	-8,433	-8,409	-8,360	-8,303	-8,216	-8,071	-7,907	-0,108	0,090	0,135	0,210	0,214	0,191	0,190	0,185	0,196	0,210	0,242	0,279	0,308	0,326	0,260	0,000	0,000
7,000	-7,041	-6,973	-6,966	-6,886	-6,830	-6,800	-6,780	-6,772	-6,749	-6,745	-6,734	-6,708	-6,678	-6,628	-6,573	0,058	0,054	0,099	0,132	0,115	0,094	0,089	0,077	0,078	0,076	0,089	0,101	0,107	0,115	0,083	0,000	0,000
8,000	-19,886	-20,086	-20,104	-20,208	-20,204	-20,253	-20,288	-20,320	-20,350	-20,403	-20,412	-20,427	-20,435	-20,386	-20,327	-0,246	-0,194	-0,175	-0,135	-0,126	-0,140	-0,133	-0,130	-0,117	-0,096	-0,051	-0,010	0,027	0,071	0,058	0,000	0,000
9,000	-9,548	-9,508	-9,450	-9,265	-9,125	-9,014	-8,946	-8,898	-8,840	-8,792	-8,736	-8,677	-8,587	-8,467	-8,313	0,047	0,144	0,216	0,336	0,348	0,323	0,313	0,281	0,269	0,263	0,280	0,299	0,310	0,310	0,231	0,000	0,000
10,000	-9,515	-9,494	-9,370	-9,210	-9,114	-9,072	-9,048	-9,036	-9,011	-9,016	-8,987	-8,946	-8,893	-8,791	-8,678	-0,004	0,191	0,207	0,231	0,194	0,165	0,145	0,132	0,123	0,135	0,154	0,176	0,208	0,222	0,179	0,000	0,000
11,000	-10,016	-9,898	-9,852	-9,713	-9,629	-9,568	-9,539	-9,515	-9,480	-9,467	-9,426	-9,376	-9,305	-9,193	-9,060	0,175	0,181	0,198	0,229	0,209	0,174	0,178	0,168	0,171	0,172	0,197	0,229	0,244	0,261	0,203	0,000	0,000
12,000	-14,763	-14,827	-14,722	-14,683	-14,617	-14,593	-14,587	-14,577	-14,562	-14,570	-14,540	-14,496	-14,434	-14,311	-14,164	-0,013	0,109	0,111	0,115	0,111	0,099	0,092	0,092	0,103	0,115	0,165	0,200	0,240	0,270	0,212	0,000	0,000
13,000	-8,655	-8,568	-8,612	-8,602	-8,596	-8,578	-8,559	-8,550	-8,521	-8,487	-8,439	-8,359	-8,246	-8,071	-7,849	0,059	0,024	0,022	0,049	0,066	0,086	0,114	0,138	0,166	0,214	0,274	0,330	0,385	0,408	0,329	0,000	0,000
14,000	-11,909	-11,834	-11,859	-11,803	-11,794	-11,762	-11,737	-11,739	-11,718	-11,717	-11,697	-11,642	-11,556	-11,417	-11,213	-0,012	-0,041	0,022	0,070	0,080	0,085	0,092	0,089	0,108	0,132	0,180	0,249	0,304	0,342	0,279	0,000	0,000
15,000	-9,142	-9,300	-9,203	-9,216	-9,175	-9,176	-9,166	-9,150	-9,131	-9,135	-9,108	-9,083	-9,031	-8,957	-8,867	-0,264	-0,019	-0,029	0,032	0,035	0,051	0,055	0,065	0,071	0,088	0,115	0,135	0,156	0,163	0,134	0,000	0,000
	run	3	2022:11:08    11:08:55,787
0,000	-13,461	-13,607	-13,630	-13,724	-13,734	-13,763	-13,770	-13,773	-13,768	-13,782	-13,769	-13,739	-13,695	-13,602	-13,496	-0,369	-0,243	-0,204	-0,120	-0,089	-0,062	-0,034	-0,011	0,007	0,037	0,072	0,120	0,163	0,184	0,152	0,000	0,000
1,000	-17,585	-17,668	-17,606	-17,466	-17,334	-17,242	-17,186	-17,150	-17,105	-17,078	-17,032	-16,998	-16,936	-16,854	-16,747	-0,347	-0,075	0,050	0,231	0,261	0,244	0,236	0,212	0,197	0,191	0,195	0,203	0,201	0,211	0,158	0,000	0,000
2,000	-10,733	-10,635	-10,582	-10,411	-10,304	-10,218	-10,171	-10,128	-10,080	-10,048	-9,988	-9,924	-9,850	-9,730	-9,606	0,068	0,152	0,200	0,276	0,279	0,256	0,250	0,238	0,235	0,237	0,249	0,269	0,276	0,273	0,201	0,000	0,000
3,000	-11,719	-11,179	-10,898	-10,481	-10,269	-10,136	-10,067	-10,015	-9,975	-9,952	-9,926	-9,913	-9,902	-9,886	-9,866	2,991	1,905	1,471	0,953	0,738	0,559	0,456	0,363	0,280	0,213	0,163	0,121	0,090	0,075	0,044	0,000	0,000
4,000	-3,418	-3,299	-3,126	-3,054	-2,989	-2,974	-2,963	-2,942	-2,925	-2,919	-2,895	-2,839	-2,746	-2,594	-2,398	1,826	1,108	0,753	0,405	0,294	0,228	0,197	0,179	0,173	0,192	0,223	0,272	0,330	0,351	0,285	0,000	0,000
5,000	-6,211	-5,637	-5,605	-5,429	-5,371	-5,310	-5,288	-5,275	-5,234	-5,219	-5,181	-5,112	-5,011	-4,839	-4,631	2,372	1,229	0,914	0,498	0,377	0,278	0,256	0,238	0,232	0,231	0,270	0,322	0,370	0,397	0,311	0,000	0,000
6,000	-8,683	-8,683	-8,601	-8,478	-8,383	-8,322	-8,298	-8,271	-8,227	-8,214	-8,165	-8,100	-8,020	-7,877	-7,709	-0,103	0,092	0,124	0,205	0,205	0,186	0,192	0,184	0,189	0,200	0,238	0,272	0,304	0,317	0,249	0,000	0,000
7,000	-6,846	-6,798	-6,805	-6,720	-6,675	-6,637	-6,624	-6,616	-6,595	-6,593	-6,583	-6,556	-6,530	-6,482	-6,416	0,059	0,049	0,084	0,123	0,106	0,084	0,085	0,079	0,076	0,074	0,081	0,097	0,104	0,110	0,081	0,000	0,000
8,000	-19,779	-19,954	-19,968	-20,076	-20,065	-20,112	-20,147	-20,171	-20,202	-20,253	-20,267	-20,284	-20,281	-20,239	-20,178	-0,252	-0,159	-0,170	-0,134	-0,117	-0,132	-0,125	-0,123	-0,113	-0,092	-0,054	-0,007	0,029	0,070	0,068	0,000	0,000
9,000	-9,642	-9,599	-9,545	-9,354	-9,222	-9,098	-9,034	-8,987	-8,922	-8,887	-8,826	-8,761	-8,675	-8,543	-8,397	0,067	0,154	0,234	0,344	0,352	0,326	0,310	0,286	0,275	0,267	0,281	0,298	0,310	0,311	0,235	0,000	0,000
10,000	-9,755	-9,738	-9,594	-9,416	-9,317	-9,275	-9,255	-9,235	-9,221	-9,218	-9,196	-9,155	-9,095	-9,003	-8,882	0,005	0,221	0,231	0,251	0,206	0,169	0,146	0,138	0,125	0,139	0,155	0,177	0,207	0,220	0,175	0,000	0,000
11,000	-10,279	-10,146	-10,107	-9,950	-9,862	-9,808	-9,777	-9,755	-9,724	-9,703	-9,660	-9,618	-9,545	-9,427	-9,301	0,185	0,199	0,214	0,237	0,224	0,187	0,180	0,169	0,171	0,177	0,199	0,228	0,250	0,264	0,201	0,000	0,000
12,000	-14,606	-14,677	-14,574	-14,541	-14,473	-14,452	-14,451	-14,435	-14,420	-14,426	-14,401	-14,354	-14,296	-14,174	-14,034	-0,024	0,106	0,091	0,112	0,099	0,088	0,090	0,086	0,095	0,110	0,145	0,194	0,230	0,264	0,209	0,000	0,000
13,000	-8,516	-8,503	-8,501	-8,514	-8,499	-8,480	-8,467	-8,452	-8,425	-8,391	-8,341	-8,263	-8,155	-7,982	-7,761	0,025	0,021	0,015	0,036	0,067	0,090	0,114	0,135	0,166	0,209	0,263	0,325	0,379	0,401	0,319	0,000	0,000
14,000	-11,870	-11,717	-11,812	-11,735	-11,728	-11,704	-11,678	-11,674	-11,662	-11,656	-11,635	-11,588	-11,495	-11,351	-11,139	0,041	-0,030	0,023	0,065	0,074	0,076	0,077	0,083	0,112	0,140	0,183	0,239	0,310	0,345	0,282	0,000	0,000
15,000	-9,105	-9,253	-9,151	-9,174	-9,132	-9,126	-9,120	-9,104	-9,084	-9,080	-9,060	-9,038	-8,989	-8,921	-8,837	-0,257	-0,021	-0,025	0,033	0,042	0,051	0,054	0,066	0,068	0,089	0,102	0,128	0,149	0,156	0,125	0,000	0,000
	run	4	2022:11:08    11:08:55,888
0,000	-13,336	-13,487	-13,493	-13,597	-13,624	-13,634	-13,650	-13,646	-13,649	-13,660	-13,647	-13,619	-13,574	-13,487	-13,383	-0,365	-0,251	-0,203	-0,130	-0,095	-0,063	-0,030	-0,020	0,009	0,033	0,074	0,117	0,159	0,181	0,148	0,000	0,000
1,000	-17,635	-17,703	-17,656	-17,502	-17,371	-17,271	-17,219	-17,169	-17,130	-17,103	-17,057	-17,022	-16,961	-16,881	-16,779	-0,330	-0,055	0,066	0,234	0,277	0,249	0,239	0,208	0,202	0,195	0,192	0,205	0,204	0,212	0,161	0,000	0,000
2,000	-11,141	-11,043	-10,981	-10,795	-10,681	-10,595	-10,546	-10,504	-10,449	-10,411	-10,355	-10,283	-10,202	-10,072	-9,935	0,084	0,173	0,222	0,296	0,296	0,259	0,259	0,255	0,249	0,250	0,274	0,288	0,298	0,295	0,215	0,000	0,000
3,000	-12,338	-11,688	-11,357	-10,870	-10,641	-10,509	-10,442	-10,386	-10,347	-10,324	-10,310	-10,300	-10,288	-10,274	-10,263	3,136	2,053	1,606	1,030	0,786	0,586	0,473	0,371	0,285	0,220	0,157	0,119	0,081	0,067	0,041	0,000	0,000
4,000	-3,677	-3,534	-3,353	-3,260	-3,189	-3,181	-3,162	-3,138	-3,121	-3,111	-3,080	-3,023	-2,911	-2,743	-2,520	1,898	1,164	0,797	0,432	0,312	0,249	0,218	0,197	0,186	0,210	0,251	0,309	0,373	0,407	0,331	0,000	0,000
5,000	-6,646	-6,035	-6,006	-5,806	-5,735	-5,683	-5,653	-5,642	-5,595	-5,586	-5,537	-5,466	-5,359	-5,168	-4,938	2,453	1,298	0,957	0,534	0,402	0,297	0,272	0,249	0,248	0,253	0,296	0,350	0,405	0,433	0,341	0,000	0,000
6,000	-9,102	-9,096	-8,985	-8,853	-8,748	-8,692	-8,662	-8,627	-8,589	-8,572	-8,516	-8,453	-8,369	-8,227	-8,055	-0,103	0,105	0,162	0,225	0,223	0,200	0,203	0,191	0,204	0,212	0,246	0,280	0,318	0,330	0,258	0,000	0,000
7,000	-7,022	-6,959	-6,950	-6,867	-6,828	-6,794	-6,775	-6,765	-6,739	-6,732	-6,725	-6,696	-6,669	-6,622	-6,560	0,056	0,050	0,071	0,119	0,109	0,086	0,089	0,082	0,083	0,081	0,088	0,095	0,109	0,110	0,092	0,000	0,000
8,000	-19,708	-19,868	-19,887	-19,991	-19,978	-20,030	-20,064	-20,099	-20,126	-20,173	-20,190	-20,206	-20,207	-20,162	-20,102	-0,257	-0,165	-0,170	-0,139	-0,122	-0,138	-0,132	-0,132	-0,116	-0,092	-0,052	-0,010	0,025	0,069	0,069	0,000	0,000
9,000	-9,779	-9,730	-9,674	-9,483	-9,338	-9,219	-9,151	-9,103	-9,042	-9,001	-8,940	-8,877	-8,795	-8,665	-8,518	0,070	0,149	0,234	0,345	0,354	0,331	0,314	0,290	0,273	0,264	0,280	0,297	0,309	0,310	0,234	0,000	0,000
10,000	-9,787	-9,722	-9,574	-9,388	-9,286	-9,247	-9,227	-9,213	-9,190	-9,196	-9,170	-9,132	-9,069	-8,976	-8,862	0,035	0,250	0,251	0,257	0,210	0,170	0,147	0,135	0,124	0,135	0,149	0,176	0,206	0,218	0,175	0,000	0,000
11,000	-10,156	-10,032	-9,980	-9,827	-9,737	-9,684	-9,651	-9,639	-9,601	-9,584	-9,544	-9,497	-9,430	-9,321	-9,185	0,180	0,200	0,212	0,239	0,218	0,182	0,178	0,166	0,167	0,174	0,200	0,224	0,245	0,261	0,204	0,000	0,000
12,000	-14,525	-14,604	-14,494	-14,462	-14,393	-14,374	-14,370	-14,360	-14,339	-14,355	-14,317	-14,281	-14,221	-14,101	-13,962	-0,017	0,101	0,100	0,110	0,099	0,091	0,087	0,089	0,097	0,106	0,155	0,194	0,234	0,257	0,205	0,000	0,000
13,000	-8,411	-8,382	-8,395	-8,397	-8,385	-8,372	-8,356	-8,340	-8,315	-8,277	-8,228	-8,154	-8,048	-7,876	-7,665	0,036	0,015	0,011	0,035	0,066	0,082	0,107	0,131	0,166	0,203	0,260	0,318	0,372	0,392	0,316	0,000	0,000
14,000	-11,711	-11,585	-11,647	-11,588	-11,574	-11,545	-11,525	-11,522	-11,505	-11,501	-11,478	-11,431	-11,348	-11,213	-11,011	0,009	-0,046	0,003	0,070	0,069	0,075	0,082	0,082	0,097	0,126	0,180	0,226	0,296	0,337	0,276	0,000	0,000
15,000	-8,951	-9,110	-9,021	-9,041	-8,992	-8,989	-8,983	-8,968	-8,954	-8,951	-8,933	-8,905	-8,855	-8,784	-8,698	-0,235	-0,032	-0,028	0,026	0,035	0,048	0,053	0,062	0,069	0,086	0,108	0,124	0,153	0,162	0,128	0,000	0,000
	run	5	2022:11:08    11:08:55,935
0,000	-13,167	-13,289	-13,321	-13,426	-13,448	-13,462	-13,469	-13,470	-13,468	-13,481	-13,473	-13,442	-13,395	-13,302	-13,201	-0,359	-0,250	-0,210	-0,136	-0,099	-0,061	-0,029	-0,017	0,009	0,036	0,077	0,116	0,163	0,184	0,150	0,000	0,000
1,000	-17,860	-17,924	-17,872	-17,698	-17,566	-17,463	-17,405	-17,358	-17,318	-17,290	-17,246	-17,208	-17,154	-17,066	-16,963	-0,327	-0,031	0,080	0,249	0,283	0,261	0,244	0,219	0,207	0,193	0,198	0,204	0,209	0,214	0,161	0,000	0,000
2,000	-11,141	-11,043	-10,981	-10,795	-10,681	-10,595	-10,546	-10,504	-10,449	-10,411	-10,355	-10,283	-10,202	-10,072	-9,935	0,084	0,173	0,222	0,296	0,296	0,259	0,259	0,255	0,249	0,250	0,274	0,288	0,298	0,295	0,215	0,000	0,000
3,000	-12,338	-11,688	-11,357	-10,870	-10,641	-10,509	-10,442	-10,386	-10,347	-10,324	-10,310	-10,300	-10,288	-10,274	-10,263	3,136	2,053	1,606	1,030	0,786	0,586	0,473	0,371	0,285	0,220	0,157	0,119	0,081	0,067	0,041	0,000	0,000
4,000	-3,677	-3,534	-3,353	-3,260	-3,189	-3,181	-3,162	-3,138	-3,121	-3,111	-3,080	-3,023	-2,911	-2,743	-2,520	1,898	1,164	0,797	0,432	0,312	0,249	0,218	0,197	0,186	0,210	0,251	0,309	0,373	0,407	0,331	0,000	0,000
5,000	-6,646	-6,035	-6,006	-5,806	-5,735	-5,683	-5,653	-5,642	-5,595	-5,586	-5,537	-5,466	-5,359	-5,168	-4,938	2,453	1,298	0,957	0,534	0,402	0,297	0,272	0,249	0,248	0,253	0,296	0,350	0,405	0,433	0,341	0,000	0,000
6,000	-9,102	-9,096	-8,985	-8,853	-8,748	-8,692	-8,662	-8,627	-8,589	-8,572	-8,516	-8,453	-8,369	-8,227	-8,055	-0,103	0,105	0,162	0,225	0,223	0,200	0,203	0,191	0,204	0,212	0,246	0,280	0,318	0,330	0,258	0,000	0,000
7,000	-7,022	-6,959	-6,950	-6,867	-6,828	-6,794	-6,775	-6,765	-6,739	-6,732	-6,725	-6,696	-6,669	-6,622	-6,560	0,056	0,050	0,071	0,119	0,109	0,086	0,089	0,082	0,083	0,081	0,088	0,095	0,109	0,110	0,092	0,000	0,000
8,000	-19,742	-19,921	-19,945	-20,051	-20,047	-20,092	-20,129	-20,165	-20,193	-20,246	-20,264	-20,276	-20,283	-20,241	-20,179	-0,251	-0,177	-0,177	-0,146	-0,127	-0,141	-0,134	-0,132	-0,118	-0,102	-0,059	-0,015	0,022	0,063	0,068	0,000	0,000
9,000	-9,574	-9,533	-9,478	-9,308	-9,169	-9,056	-8,990	-8,940	-8,879	-8,845	-8,784	-8,719	-8,638	-8,512	-8,372	0,050	0,142	0,213	0,325	0,339	0,316	0,305	0,281	0,265	0,259	0,272	0,290	0,300	0,305	0,228	0,000	0,000
10,000	-9,334	-9,339	-9,220	-9,082	-8,995	-8,957	-8,937	-8,920	-8,901	-8,894	-8,877	-8,837	-8,775	-8,685	-8,570	-0,026	0,170	0,171	0,205	0,175	0,151	0,134	0,126	0,116	0,117	0,149	0,173	0,203	0,211	0,170	0,000	0,000
11,000	-9,804	-9,694	-9,669	-9,530	-9,448	-9,395	-9,361	-9,341	-9,309	-9,294	-9,250	-9,209	-9,143	-9,029	-8,902	0,151	0,165	0,177	0,218	0,205	0,178	0,176	0,160	0,165	0,166	0,191	0,218	0,242	0,247	0,189	0,000	0,000
12,000	-14,063	-14,135	-14,038	-14,005	-13,935	-13,925	-13,917	-13,905	-13,892	-13,904	-13,869	-13,831	-13,774	-13,659	-13,523	-0,017	0,101	0,098	0,107	0,104	0,086	0,088	0,091	0,094	0,099	0,141	0,182	0,222	0,245	0,197	0,000	0,000
13,000	-8,261	-8,265	-8,264	-8,269	-8,261	-8,249	-8,233	-8,217	-8,189	-8,158	-8,114	-8,037	-7,931	-7,769	-7,562	0,008	0,010	0,006	0,037	0,061	0,081	0,108	0,128	0,161	0,200	0,254	0,308	0,357	0,382	0,308	0,000	0,000
14,000	-11,479	-11,340	-11,422	-11,362	-11,336	-11,311	-11,294	-11,289	-11,278	-11,272	-11,248	-11,203	-11,126	-10,982	-10,787	0,063	-0,046	0,015	0,062	0,069	0,062	0,080	0,077	0,103	0,126	0,167	0,234	0,288	0,334	0,267	0,000	0,000
15,000	-8,866	-9,019	-8,924	-8,943	-8,901	-8,892	-8,885	-8,878	-8,858	-8,857	-8,830	-8,809	-8,759	-8,679	-8,602	-0,258	-0,024	-0,039	0,029	0,035	0,049	0,054	0,062	0,068	0,084	0,109	0,128	0,152	0,164	0,126	0,000	0,000
	run	6	2022:11:08    11:08:56,036
0,000	-13,340	-13,487	-13,504	-13,606	-13,630	-13,649	-13,652	-13,654	-13,655	-13,662	-13,656	-13,629	-13,581	-13,494	-13,382	-0,378	-0,239	-0,202	-0,126	-0,103	-0,062	-0,036	-0,020	0,007	0,034	0,070	0,116	0,157	0,184	0,149	0,000	0,000
1,000	-17,817	-17,906	-17,849	-17,693	-17,562	-17,452	-17,404	-17,358	-17,314	-17,283	-17,242	-17,202	-17,149	-17,060	-16,958	-0,349	-0,048	0,070	0,237	0,272	0,257	0,243	0,216	0,209	0,196	0,201	0,202	0,206	0,214	0,160	0,000	0,000
2,000	-11,041	-10,943	-10,891	-10,717	-10,599	-10,517	-10,467	-10,427	-10,371	-10,338	-10,277	-10,209	-10,128	-10,002	-9,871	0,077	0,169	0,212	0,296	0,290	0,261	0,266	0,247	0,248	0,249	0,270	0,282	0,287	0,287	0,217	0,000	0,000
3,000	-11,989	-11,401	-11,104	-10,649	-10,427	-10,294	-10,222	-10,173	-10,132	-10,113	-10,087	-10,077	-10,064	-10,046	-10,029	3,062	1,971	1,541	0,995	0,775	0,572	0,466	0,369	0,285	0,213	0,166	0,131	0,091	0,074	0,046	0,000	0,000
4,000	-3,673	-3,523	-3,345	-3,259	-3,191	-3,177	-3,158	-3,140	-3,125	-3,111	-3,082	-3,018	-2,915	-2,743	-2,518	1,915	1,167	0,801	0,432	0,316	0,248	0,217	0,197	0,189	0,209	0,248	0,305	0,372	0,403	0,324	0,000	0,000
5,000	-6,649	-6,044	-6,019	-5,823	-5,751	-5,689	-5,664	-5,646	-5,606	-5,591	-5,550	-5,470	-5,359	-5,166	-4,928	2,426	1,292	0,953	0,549	0,409	0,302	0,281	0,254	0,249	0,250	0,299	0,362	0,411	0,444	0,352	0,000	0,000
6,000	-9,314	-9,297	-9,198	-9,057	-8,950	-8,889	-8,860	-8,829	-8,789	-8,771	-8,717	-8,649	-8,563	-8,417	-8,240	-0,085	0,121	0,174	0,233	0,227	0,209	0,205	0,204	0,207	0,219	0,254	0,290	0,324	0,341	0,263	0,000	0,000
7,000	-7,140	-7,071	-7,075	-6,981	-6,919	-6,892	-6,874	-6,871	-6,849	-6,844	-6,832	-6,808	-6,789	-6,735	-6,686	0,065	0,066	0,087	0,134	0,114	0,096	0,086	0,083	0,076	0,080	0,082	0,094	0,099	0,104	0,084	0,000	0,000
8,000	-19,784	-19,949	-19,951	-20,071	-20,062	-20,105	-20,150	-20,183	-20,210	-20,254	-20,278	-20,290	-20,291	-20,245	-20,183	-0,272	-0,181	-0,172	-0,133	-0,128	-0,139	-0,130	-0,131	-0,115	-0,092	-0,052	-0,005	0,023	0,071	0,073	0,000	0,000
9,000	-9,361	-9,311	-9,268	-9,107	-8,982	-8,866	-8,800	-8,747	-8,688	-8,651	-8,594	-8,535	-8,454	-8,326	-8,187	0,071	0,126	0,191	0,317	0,327	0,308	0,300	0,278	0,266	0,262	0,269	0,287	0,300	0,296	0,224	0,000	0,000
10,000	-9,152	-9,155	-9,042	-8,943	-8,859	-8,829	-8,811	-8,794	-8,770	-8,776	-8,751	-8,718	-8,663	-8,575	-8,466	-0,048	0,146	0,138	0,173	0,147	0,134	0,120	0,114	0,104	0,118	0,137	0,158	0,190	0,203	0,163	0,000	0,000
11,000	-9,714	-9,617	-9,584	-9,458	-9,384	-9,333	-9,301	-9,279	-9,249	-9,224	-9,191	-9,149	-9,083	-8,977	-8,855	0,124	0,144	0,167	0,201	0,194	0,164	0,165	0,156	0,155	0,161	0,186	0,216	0,235	0,243	0,187	0,000	0,000
12,000	-13,860	-13,927	-13,819	-13,790	-13,718	-13,706	-13,699	-13,683	-13,671	-13,675	-13,648	-13,608	-13,557	-13,443	-13,309	-0,003	0,108	0,106	0,109	0,104	0,092	0,088	0,089	0,095	0,103	0,134	0,178	0,217	0,247	0,197	0,000	0,000
13,000	-8,138	-8,136	-8,143	-8,151	-8,146	-8,132	-8,118	-8,101	-8,074	-8,038	-7,991	-7,922	-7,817	-7,663	-7,458	0,005	0,006	0,001	0,031	0,055	0,079	0,104	0,123	0,154	0,191	0,251	0,302	0,352	0,376	0,298	0,000	0,000
14,000	-11,371	-11,241	-11,310	-11,248	-11,240	-11,206	-11,196	-11,193	-11,171	-11,170	-11,140	-11,095	-11,015	-10,879	-10,679	0,037	-0,036	0,004	0,061	0,066	0,070	0,080	0,080	0,101	0,125	0,165	0,235	0,287	0,328	0,275	0,000	0,000
15,000	-8,902	-9,057	-8,960	-8,985	-8,941	-8,937	-8,931	-8,917	-8,902	-8,897	-8,871	-8,848	-8,799	-8,730	-8,641	-0,257	-0,019	-0,032	0,024	0,035	0,049	0,057	0,066	0,074	0,086	0,107	0,128	0,153	0,158	0,132	0,000	0,000
	run	7	2022:11:08    11:08:56,087
0,000	-13,340	-13,487	-13,504	-13,606	-13,630	-13,649	-13,652	-13,654	-13,655	-13,662	-13,656	-13,629	-13,581	-13,494	-13,382	-0,378	-0,239	-0,202	-0,126	-0,103	-0,062	-0,036	-0,020	0,007	0,034	0,070	0,116	0,157	0,184	0,149	0,000	0,000
1,000	-17,817	-17,906	-17,849	-17,693	-17,562	-17,452	-17,404	-17,358	-17,314	-17,283	-17,242	-17,202	-17,149	-17,060	-16,958	-0,349	-0,048	0,070	0,237	0,272	0,257	0,243	0,216	0,209	0,196	0,201	0,202	0,206	0,214	0,160	0,000	0,000
2,000	-11,041	-10,943	-10,891	-10,717	-10,599	-10,517	-10,467	-10,427	-10,371	-10,338	-10,277	-10,209	-10,128	-10,002	-9,871	0,077	0,169	0,212	0,296	0,290	0,261	0,266	0,247	0,248	0,249	0,270	0,282	0,287	0,287	0,217	0,000	0,000
3,000	-11,989	-11,401	-11,104	-10,649	-10,427	-10,294	-10,222	-10,173	-10,132	-10,113	-10,087	-10,077	-10,064	-10,046	-10,029	3,062	1,971	1,541	0,995	0,775	0,572	0,466	0,369	0,285	0,213	0,166	0,131	0,091	0,074	0,046	0,000	0,000
4,000	-3,673	-3,523	-3,345	-3,259	-3,191	-3,177	-3,158	-3,140	-3,125	-3,111	-3,082	-3,018	-2,915	-2,743	-2,518	1,915	1,167	0,801	0,432	0,316	0,248	0,217	0,197	0,189	0,209	0,248	0,305	0,372	0,403	0,324	0,000	0,000
5,000	-6,649	-6,044	-6,019	-5,823	-5,751	-5,689	-5,664	-5,646	-5,606	-5,591	-5,550	-5,470	-5,359	-5,166	-4,928	2,426	1,292	0,953	0,549	0,409	0,302	0,281	0,254	0,249	0,250	0,299	0,362	0,411	0,444	0,352	0,000	0,000
6,000	-9,208	-9,184	-9,093	-8,940	-8,838	-8,786	-8,755	-8,721	-8,681	-8,667	-8,609	-8,546	-8,459	-8,315	-8,141	-0,071	0,118	0,168	0,229	0,221	0,200	0,197	0,196	0,202	0,212	0,250	0,287	0,317	0,336	0,262	0,000	0,000
7,000	-7,049	-6,993	-6,987	-6,897	-6,847	-6,816	-6,798	-6,789	-6,765	-6,766	-6,747	-6,728	-6,699	-6,648	-6,596	0,053	0,058	0,093	0,132	0,115	0,095	0,090	0,081	0,079	0,076	0,086	0,097	0,110	0,111	0,085	0,000	0,000
8,000	-19,699	-19,894	-19,873	-19,992	-19,976	-20,029	-20,059	-20,093	-20,123	-20,174	-20,189	-20,214	-20,210	-20,162	-20,107	-0,260	-0,169	-0,170	-0,134	-0,126	-0,144	-0,133	-0,130	-0,114	-0,090	-0,054	-0,012	0,019	0,070	0,067	0,000	0,000
9,000	-9,409	-9,361	-9,291	-9,126	-8,994	-8,872	-8,807	-8,756	-8,695	-8,655	-8,598	-8,545	-8,453	-8,333	-8,184	0,054	0,137	0,217	0,329	0,340	0,318	0,305	0,275	0,271	0,264	0,273	0,293	0,300	0,300	0,229	0,000	0,000
10,000	-9,446	-9,452	-9,323	-9,203	-9,111	-9,078	-9,053	-9,037	-9,017	-9,018	-8,994	-8,962	-8,904	-8,812	-8,701	-0,018	0,165	0,175	0,197	0,174	0,146	0,134	0,122	0,117	0,122	0,141	0,166	0,198	0,207	0,171	0,000	0,000
11,000	-9,824	-9,716	-9,684	-9,547	-9,466	-9,411	-9,385	-9,367	-9,326	-9,315	-9,274	-9,231	-9,163	-9,062	-8,942	0,142	0,157	0,187	0,214	0,203	0,171	0,166	0,158	0,158	0,160	0,183	0,214	0,230	0,240	0,186	0,000	0,000
12,000	-13,871	-13,935	-13,830	-13,793	-13,729	-13,711	-13,706	-13,690	-13,676	-13,683	-13,657	-13,617	-13,565	-13,449	-13,317	0,000	0,109	0,097	0,110	0,101	0,086	0,085	0,084	0,086	0,104	0,145	0,179	0,214	0,245	0,197	0,000	0,000
13,000	-8,173	-8,149	-8,171	-8,176	-8,172	-8,155	-8,140	-8,125	-8,098	-8,070	-8,015	-7,944	-7,834	-7,673	-7,461	0,023	0,003	0,004	0,034	0,055	0,082	0,106	0,129	0,162	0,202	0,252	0,311	0,363	0,381	0,307	0,000	0,000
14,000	-11,632	-11,519	-11,567	-11,517	-11,498	-11,462	-11,449	-11,449	-11,430	-11,424	-11,406	-11,349	-11,270	-11,129	-10,932	-0,009	-0,041	0,020	0,061	0,067	0,078	0,080	0,088	0,098	0,134	0,173	0,237	0,299	0,335	0,278	0,000	0,000
15,000	-9,145	-9,312	-9,215	-9,237	-9,188	-9,187	-9,179	-9,163	-9,144	-9,143	-9,118	-9,091	-9,044	-8,969	-8,883	-0,255	-0,020	-0,029	0,033	0,042	0,054	0,058	0,072	0,078	0,089	0,114	0,132	0,159	0,165	0,134	0,000	0,000
	run	8	2022:11:08    11:08:56,187
0,000	-13,604	-13,755	-13,775	-13,874	-13,893	-13,910	-13,917	-13,930	-13,923	-13,931	-13,922	-13,896	-13,845	-13,764	-13,651	-0,363	-0,256	-0,206	-0,129	-0,100	-0,062	-0,035	-0,015	0,003	0,034	0,073	0,121	0,157	0,187	0,153	0,000	0,000
1,000	-17,809	-17,884	-17,841	-17,670	-17,542	-17,430	-17,384	-17,338	-17,296	-17,266	-17,225	-17,181	-17,134	-17,047	-16,946	-0,313	-0,055	0,077	0,239	0,272	0,253	0,243	0,217	0,200	0,192	0,194	0,206	0,206	0,209	0,158	0,000	0,000
2,000	-10,821	-10,736	-10,678	-10,515	-10,403	-10,325	-10,273	-10,231	-10,177	-10,149	-10,090	-10,024	-9,945	-9,824	-9,695	0,052	0,153	0,206	0,281	0,277	0,252	0,251	0,240	0,239	0,235	0,254	0,271	0,280	0,277	0,204	0,000	0,000
3,000	-11,727	-11,145	-10,857	-10,452	-10,249	-10,112	-10,040	-9,987	-9,947	-9,920	-9,905	-9,891	-9,876	-9,862	-9,842	2,996	1,906	1,471	0,948	0,740	0,559	0,450	0,355	0,280	0,213	0,164	0,122	0,095	0,074	0,045	0,000	0,000
4,000	-3,557	-3,410	-3,245	-3,161	-3,095	-3,079	-3,060	-3,047	-3,026	-3,019	-2,990	-2,937	-2,828	-2,661	-2,452	1,850	1,136	0,775	0,417	0,303	0,242	0,208	0,186	0,178	0,197	0,235	0,291	0,357	0,383	0,313	0,000	0,000
5,000	-6,442	-5,863	-5,827	-5,640	-5,580	-5,523	-5,496	-5,477	-5,440	-5,432	-5,380	-5,317	-5,209	-5,033	-4,811	2,393	1,264	0,930	0,520	0,389	0,290	0,270	0,248	0,243	0,254	0,283	0,336	0,388	0,418	0,325	0,000	0,000
6,000	-8,925	-8,905	-8,817	-8,682	-8,583	-8,522	-8,490	-8,475	-8,429	-8,405	-8,359	-8,296	-8,207	-8,064	-7,896	-0,098	0,094	0,148	0,219	0,217	0,196	0,197	0,193	0,199	0,210	0,245	0,288	0,313	0,330	0,254	0,000	0,000
7,000	-6,914	-6,849	-6,857	-6,765	-6,724	-6,695	-6,678	-6,671	-6,653	-6,646	-6,634	-6,612	-6,578	-6,527	-6,470	0,063	0,049	0,084	0,118	0,101	0,085	0,084	0,077	0,079	0,071	0,088	0,102	0,107	0,117	0,085	0,000	0,000
8,000	-19,729	-19,898	-19,896	-20,018	-20,010	-20,059	-20,097	-20,127	-20,148	-20,202	-20,224	-20,240	-20,238	-20,197	-20,134	-0,260	-0,178	-0,163	-0,142	-0,123	-0,140	-0,136	-0,132	-0,116	-0,097	-0,055	-0,010	0,025	0,068	0,067	0,000	0,000
9,000	-9,645	-9,599	-9,545	-9,368	-9,224	-9,107	-9,038	-8,990	-8,930	-8,891	-8,829	-8,765	-8,685	-8,565	-8,421	0,060	0,148	0,223	0,336	0,345	0,315	0,311	0,287	0,266	0,264	0,275	0,292	0,303	0,299	0,225	0,000	0,000
10,000	-9,557	-9,531	-9,404	-9,250	-9,153	-9,114	-9,088	-9,073	-9,050	-9,050	-9,031	-8,995	-8,937	-8,842	-8,729	-0,019	0,197	0,205	0,233	0,193	0,163	0,139	0,129	0,120	0,132	0,152	0,172	0,200	0,216	0,171	0,000	0,000
11,000	-9,974	-9,852	-9,810	-9,663	-9,579	-9,521	-9,495	-9,470	-9,440	-9,416	-9,372	-9,333	-9,264	-9,159	-9,031	0,163	0,183	0,196	0,226	0,217	0,180	0,179	0,163	0,167	0,175	0,195	0,220	0,239	0,251	0,195	0,000	0,000
12,000	-14,192	-14,260	-14,158	-14,129	-14,066	-14,047	-14,042	-14,030	-14,016	-14,020	-13,998	-13,958	-13,904	-13,792	-13,645	-0,003	0,090	0,093	0,107	0,100	0,086	0,085	0,086	0,091	0,108	0,143	0,185	0,227	0,248	0,197	0,000	0,000
13,000	-8,452	-8,412	-8,437	-8,439	-8,429	-8,414	-8,397	-8,383	-8,359	-8,324	-8,276	-8,207	-8,095	-7,930	-7,723	0,037	0,009	0,012	0,041	0,065	0,082	0,114	0,126	0,163	0,200	0,259	0,317	0,363	0,391	0,304	0,000	0,000
14,000	-12,067	-11,984	-12,016	-11,957	-11,930	-11,903	-11,889	-11,890	-11,873	-11,862	-11,836	-11,781	-11,702	-11,556	-11,342	-0,029	-0,034	0,022	0,074	0,073	0,075	0,088	0,092	0,110	0,139	0,180	0,236	0,311	0,351	0,283	0,000	0,000
15,000	-9,151	-9,307	-9,207	-9,234	-9,186	-9,183	-9,177	-9,160	-9,142	-9,141	-9,118	-9,096	-9,044	-8,974	-8,886	-0,245	-0,022	-0,029	0,033	0,032	0,051	0,055	0,064	0,073	0,086	0,106	0,128	0,153	0,162	0,132	0,000	0,000
	run	9	2022:11:08    11:08:56,286
0,000	-13,458	-13,586	-13,622	-13,714	-13,735	-13,755	-13,768	-13,766	-13,763	-13,776	-13,771	-13,740	-13,697	-13,612	-13,498	-0,362	-0,247	-0,203	-0,122	-0,098	-0,064	-0,033	-0,015	0,007	0,038	0,070	0,116	0,159	0,182	0,145	0,000	0,000
1,000	-17,876	-17,935	-17,888	-17,726	-17,589	-17,488	-17,439	-17,396	-17,343	-17,315	-17,276	-17,240	-17,185	-17,103	-17,004	-0,318	-0,030	0,075	0,246	0,281	0,254	0,242	0,217	0,207	0,197	0,196	0,200	0,201	0,205	0,152	0,000	0,000
2,000	-10,906	-10,806	-10,752	-10,586	-10,477	-10,392	-10,341	-10,297	-10,250	-10,216	-10,160	-10,091	-10,011	-9,896	-9,761	0,064	0,154	0,206	0,276	0,276	0,250	0,252	0,239	0,235	0,240	0,256	0,271	0,282	0,277	0,208	0,000	0,000
3,000	-11,763	-11,197	-10,914	-10,485	-10,282	-10,144	-10,076	-10,029	-9,989	-9,963	-9,943	-9,929	-9,914	-9,902	-9,877	3,013	1,921	1,472	0,954	0,738	0,559	0,454	0,360	0,274	0,213	0,154	0,123	0,094	0,075	0,051	0,000	0,000
4,000	-3,469	-3,339	-3,179	-3,098	-3,034	-3,019	-3,003	-2,986	-2,974	-2,965	-2,934	-2,875	-2,782	-2,620	-2,420	1,857	1,127	0,769	0,415	0,298	0,238	0,207	0,183	0,174	0,194	0,232	0,284	0,347	0,370	0,301	0,000	0,000
5,000	-6,294	-5,705	-5,700	-5,513	-5,451	-5,392	-5,365	-5,350	-5,315	-5,304	-5,263	-5,188	-5,091	-4,919	-4,705	2,355	1,222	0,906	0,510	0,382	0,281	0,261	0,233	0,234	0,237	0,276	0,323	0,371	0,402	0,314	0,000	0,000
6,000	-8,736	-8,728	-8,638	-8,517	-8,425	-8,365	-8,338	-8,304	-8,268	-8,250	-8,199	-8,140	-8,057	-7,914	-7,754	-0,098	0,088	0,138	0,208	0,209	0,186	0,192	0,186	0,192	0,200	0,233	0,275	0,303	0,321	0,244	0,000	0,000
7,000	-6,835	-6,782	-6,779	-6,708	-6,656	-6,632	-6,606	-6,600	-6,582	-6,579	-6,571	-6,547	-6,523	-6,479	-6,429	0,036	0,033	0,072	0,117	0,098	0,083	0,076	0,075	0,068	0,071	0,080	0,089	0,097	0,101	0,075	0,000	0,000
8,000	-19,621	-19,792	-19,800	-19,897	-19,896	-19,943	-19,975	-20,012	-20,033	-20,089	-20,106	-20,121	-20,118	-20,078	-20,018	-0,244	-0,162	-0,172	-0,122	-0,116	-0,135	-0,133	-0,128	-0,111	-0,098	-0,050	-0,010	0,025	0,066	0,064	0,000	0,000
9,000	-9,619	-9,573	-9,525	-9,365	-9,228	-9,110	-9,046	-8,992	-8,937	-8,894	-8,837	-8,775	-8,695	-8,565	-8,426	0,065	0,128	0,198	0,321	0,339	0,313	0,302	0,284	0,271	0,255	0,271	0,289	0,302	0,298	0,227	0,000	0,000
10,000	-9,478	-9,467	-9,331	-9,177	-9,076	-9,037	-9,012	-8,995	-8,976	-8,974	-8,956	-8,911	-8,854	-8,762	-8,646	0,005	0,202	0,214	0,230	0,197	0,165	0,150	0,134	0,126	0,131	0,153	0,174	0,202	0,214	0,173	0,000	0,000
11,000	-10,010	-9,883	-9,839	-9,696	-9,618	-9,557	-9,529	-9,506	-9,471	-9,457	-9,417	-9,368	-9,300	-9,190	-9,054	0,160	0,181	0,200	0,224	0,215	0,183	0,180	0,166	0,169	0,175	0,202	0,225	0,251	0,255	0,202	0,000	0,000
12,000	-14,811	-14,894	-14,782	-14,746	-14,674	-14,658	-14,652	-14,639	-14,618	-14,631	-14,600	-14,555	-14,491	-14,372	-14,225	-0,011	0,107	0,112	0,112	0,105	0,091	0,094	0,093	0,099	0,111	0,155	0,194	0,241	0,268	0,213	0,000	0,000
13,000	-8,572	-8,616	-8,572	-8,601	-8,584	-8,570	-8,559	-8,540	-8,517	-8,480	-8,429	-8,357	-8,245	-8,080	-7,864	-0,009	0,009	0,013	0,038	0,064	0,088	0,109	0,130	0,166	0,205	0,264	0,316	0,366	0,394	0,318	0,000	0,000
14,000	-12,045	-11,872	-11,981	-11,890	-11,889	-11,862	-11,831	-11,831	-11,814	-11,814	-11,792	-11,735	-11,653	-11,505	-11,298	0,091	-0,043	0,029	0,082	0,070	0,078	0,084	0,089	0,100	0,135	0,189	0,245	0,305	0,351	0,287	0,000	0,000
15,000	-9,157	-9,292	-9,201	-9,207	-9,166	-9,166	-9,152	-9,144	-9,125	-9,123	-9,104	-9,072	-9,023	-8,951	-8,863	-0,232	-0,020	-0,020	0,033	0,039	0,057	0,062	0,070	0,073	0,094	0,113	0,129	0,157	0,165	0,134	0,000	0,000
	run	10	2022:11:08    11:08:56,337
0,000	-13,252	-13,392	-13,415	-13,521	-13,542	-13,558	-13,564	-13,567	-13,565	-13,579	-13,568	-13,540	-13,494	-13,407	-13,301	-0,352	-0,246	-0,215	-0,130	-0,095	-0,064	-0,031	-0,012	0,006	0,031	0,070	0,113	0,155	0,179	0,150	0,000	0,000
1,000	-17,601	-17,671	-17,628	-17,459	-17,326	-17,236	-17,180	-17,137	-17,091	-17,068	-17,023	-16,990	-16,933	-16,856	-16,756	-0,330	-0,045	0,073	0,245	0,274	0,248	0,238	0,213	0,197	0,189	0,191	0,197	0,201	0,202	0,153	0,000	0,000
2,000	-10,906	-10,806	-10,752	-10,586	-10,477	-10,392	-10,341	-10,297	-10,250	-10,216	-10,160	-10,091	-10,011	-9,896	-9,761	0,064	0,154	0,206	0,276	0,276	0,250	0,252	0,239	0,235	0,240	0,256	0,271	0,282	0,277	0,208	0,000	0,000
3,000	-11,763	-11,197	-10,914	-10,485	-10,282	-10,144	-10,076	-10,029	-9,989	-9,963	-9,943	-9,929	-9,914	-9,902	-9,877	3,013	1,921	1,472	0,954	0,738	0,559	0,454	0,360	0,274	0,213	0,154	0,123	0,094	0,075	0,051	0,000	0,000
4,000	-3,469	-3,339	-3,179	-3,098	-3,034	-3,019	-3,003	-2,986	-2,974	-2,965	-2,934	-2,875	-2,782	-2,620	-2,420	1,857	1,127	0,769	0,415	0,298	0,238	0,207	0,183	0,174	0,194	0,232	0,284	0,347	0,370	0,301	0,000	0,000
5,000	-6,294	-5,705	-5,700	-5,513	-5,451	-5,392	-5,365	-5,350	-5,315	-5,304	-5,263	-5,188	-5,091	-4,919	-4,705	2,355	1,222	0,906	0,510	0,382	0,281	0,261	0,233	0,234	0,237	0,276	0,323	0,371	0,402	0,314	0,000	0,000
6,000	-8,736	-8,728	-8,638	-8,517	-8,425	-8,365	-8,338	-8,304	-8,268	-8,250	-8,199	-8,140	-8,057	-7,914	-7,754	-0,098	0,088	0,138	0,208	0,209	0,186	0,192	0,186	0,192	0,200	0,233	0,275	0,303	0,321	0,244	0,000	0,000
7,000	-6,835	-6,782	-6,779	-6,708	-6,656	-6,632	-6,606	-6,600	-6,582	-6,579	-6,571	-6,547	-6,523	-6,479	-6,429	0,036	0,033	0,072	0,117	0,098	0,083	0,076	0,075	0,068	0,071	0,080	0,089	0,097	0,101	0,075	0,000	0,000
8,000	-19,487	-19,631	-19,660	-19,740	-19,728	-19,776	-19,812	-19,838	-19,860	-19,913	-19,938	-19,946	-19,949	-19,898	-19,840	-0,221	-0,137	-0,146	-0,115	-0,113	-0,124	-0,124	-0,122	-0,108	-0,092	-0,047	-0,006	0,025	0,069	0,064	0,000	0,000
9,000	-9,423	-9,398	-9,349	-9,195	-9,061	-8,947	-8,885	-8,832	-8,780	-8,740	-8,682	-8,621	-8,532	-8,413	-8,265	0,057	0,103	0,181	0,302	0,321	0,305	0,298	0,275	0,266	0,262	0,268	0,291	0,301	0,302	0,229	0,000	0,000
10,000	-9,585	-9,574	-9,431	-9,264	-9,162	-9,121	-9,099	-9,082	-9,065	-9,064	-9,041	-9,003	-8,936	-8,844	-8,725	-0,011	0,217	0,224	0,243	0,207	0,169	0,154	0,140	0,130	0,138	0,151	0,177	0,202	0,223	0,175	0,000	0,000
11,000	-10,264	-10,144	-10,102	-9,947	-9,862	-9,808	-9,773	-9,749	-9,724	-9,705	-9,666	-9,614	-9,545	-9,430	-9,294	0,176	0,190	0,210	0,232	0,218	0,182	0,180	0,172	0,165	0,180	0,202	0,230	0,252	0,266	0,204	0,000	0,000
12,000	-14,819	-14,888	-14,774	-14,743	-14,672	-14,653	-14,649	-14,633	-14,616	-14,635	-14,600	-14,550	-14,492	-14,366	-14,220	-0,005	0,111	0,106	0,116	0,114	0,096	0,093	0,092	0,105	0,108	0,156	0,201	0,240	0,267	0,212	0,000	0,000
13,000	-8,632	-8,621	-8,617	-8,624	-8,611	-8,598	-8,581	-8,560	-8,536	-8,498	-8,449	-8,373	-8,258	-8,083	-7,866	0,043	0,020	0,022	0,040	0,069	0,093	0,119	0,137	0,176	0,214	0,270	0,323	0,382	0,405	0,330	0,000	0,000
14,000	-11,756	-11,642	-11,696	-11,628	-11,613	-11,575	-11,568	-11,551	-11,539	-11,537	-11,522	-11,463	-11,385	-11,239	-11,048	0,043	-0,031	0,017	0,064	0,079	0,066	0,084	0,089	0,105	0,138	0,182	0,236	0,297	0,337	0,274	0,000	0,000
15,000	-8,990	-9,147	-9,046	-9,063	-9,024	-9,018	-9,011	-9,003	-8,980	-8,981	-8,955	-8,931	-8,883	-8,813	-8,723	-0,245	-0,013	-0,032	0,022	0,038	0,051	0,056	0,063	0,066	0,085	0,104	0,124	0,156	0,159	0,132	0,000	0,000
	run	11	2022:11:08    11:08:56,435
0,000	-13,030	-13,163	-13,187	-13,274	-13,288	-13,305	-13,312	-13,314	-13,316	-13,322	-13,315	-13,287	-13,245	-13,155	-13,054	-0,350	-0,237	-0,195	-0,120	-0,085	-0,055	-0,028	-0,011	0,010	0,036	0,072	0,111	0,155	0,180	0,142	0,000	0,000
1,000	-17,076	-17,151	-17,130	-16,992	-16,872	-16,790	-16,733	-16,693	-16,650	-16,622	-16,584	-16,550	-16,494	-16,418	-16,316	-0,370	-0,088	0,034	0,200	0,233	0,222	0,216	0,195	0,189	0,182	0,191	0,196	0,196	0,203	0,153	0,000	0,000
2,000	-10,561	-10,489	-10,437	-10,281	-10,173	-10,088	-10,042	-10,006	-9,955	-9,918	-9,863	-9,805	-9,727	-9,612	-9,491	0,047	0,146	0,187	0,267	0,266	0,249	0,243	0,229	0,229	0,229	0,243	0,263	0,272	0,265	0,199	0,000	0,000
3,000	-11,656	-11,091	-10,802	-10,409	-10,210	-10,078	-10,008	-9,958	-9,919	-9,885	-9,874	-9,859	-9,845	-9,832	-9,813	2,970	1,878	1,443	0,929	0,726	0,550	0,449	0,351	0,275	0,210	0,158	0,122	0,090	0,073	0,048	0,000	0,000
4,000	-3,608	-3,467	-3,298	-3,212	-3,146	-3,130	-3,111	-3,094	-3,078	-3,069	-3,029	-2,985	-2,882	-2,716	-2,500	1,874	1,148	0,784	0,426	0,309	0,242	0,216	0,194	0,180	0,197	0,230	0,289	0,357	0,384	0,315	0,000	0,000
5,000	-6,564	-5,987	-5,948	-5,763	-5,690	-5,636	-5,599	-5,583	-5,548	-5,540	-5,492	-5,418	-5,314	-5,120	-4,897	2,428	1,277	0,944	0,531	0,397	0,292	0,268	0,253	0,244	0,248	0,289	0,347	0,398	0,429	0,339	0,000	0,000
6,000	-8,904	-8,891	-8,799	-8,668	-8,567	-8,520	-8,489	-8,455	-8,416	-8,401	-8,345	-8,286	-8,200	-8,058	-7,886	-0,095	0,087	0,149	0,216	0,218	0,189	0,194	0,189	0,196	0,208	0,242	0,280	0,310	0,324	0,252	0,000	0,000
7,000	-6,943	-6,888	-6,883	-6,804	-6,751	-6,721	-6,707	-6,688	-6,675	-6,672	-6,657	-6,638	-6,610	-6,555	-6,503	0,051	0,044	0,082	0,125	0,108	0,083	0,084	0,083	0,074	0,071	0,084	0,095	0,104	0,109	0,081	0,000	0,000
8,000	-19,746	-19,909	-19,932	-20,033	-20,022	-20,069	-20,111	-20,135	-20,163	-20,212	-20,235	-20,244	-20,248	-20,200	-20,137	-0,252	-0,157	-0,151	-0,129	-0,117	-0,127	-0,137	-0,127	-0,108	-0,095	-0,047	0,001	0,029	0,074	0,073	0,000	0,000
9,000	-9,671	-9,628	-9,583	-9,387	-9,253	-9,135	-9,067	-9,015	-8,959	-8,916	-8,852	-8,792	-8,705	-8,580	-8,426	0,076	0,146	0,219	0,338	0,357	0,324	0,313	0,291	0,275	0,267	0,285	0,306	0,318	0,313	0,238	0,000	0,000
10,000	-9,804	-9,747	-9,592	-9,416	-9,313	-9,269	-9,251	-9,233	-9,214	-9,210	-9,187	-9,154	-9,088	-8,992	-8,875	0,032	0,247	0,258	0,265	0,209	0,174	0,151	0,136	0,123	0,136	0,157	0,177	0,211	0,221	0,176	0,000	0,000
11,000	-10,214	-10,083	-10,035	-9,883	-9,797	-9,739	-9,709	-9,687	-9,656	-9,640	-9,596	-9,550	-9,477	-9,375	-9,238	0,188	0,209	0,213	0,237	0,219	0,185	0,180	0,166	0,170	0,172	0,203	0,233	0,251	0,261	0,202	0,000	0,000
12,000	-14,551	-14,615	-14,511	-14,476	-14,405	-14,389	-14,384	-14,370	-14,357	-14,365	-14,332	-14,302	-14,235	-14,118	-13,975	-0,017	0,099	0,100	0,110	0,108	0,090	0,090	0,090	0,097	0,110	0,156	0,192	0,230	0,252	0,209	0,000	0,000
13,000	-8,401	-8,398	-8,411	-8,418	-8,402	-8,391	-8,370	-8,358	-8,327	-8,297	-8,244	-8,167	-8,055	-7,886	-7,666	0,024	0,012	0,013	0,041	0,065	0,089	0,112	0,130	0,166	0,210	0,262	0,319	0,371	0,399	0,316	0,000	0,000
14,000	-11,573	-11,446	-11,490	-11,437	-11,427	-11,401	-11,377	-11,371	-11,367	-11,357	-11,325	-11,284	-11,209	-11,069	-10,864	0,039	-0,041	0,011	0,064	0,071	0,084	0,079	0,086	0,112	0,132	0,171	0,228	0,293	0,331	0,274	0,000	0,000
15,000	-8,897	-9,043	-8,944	-8,962	-8,913	-8,917	-8,907	-8,894	-8,878	-8,881	-8,861	-8,827	-8,788	-8,718	-8,635	-0,247	-0,015	-0,027	0,029	0,035	0,051	0,056	0,063	0,070	0,088	0,102	0,123	0,147	0,153	0,129	0,000	0,000
	run	12	2022:11:08    11:08:56,488
0,000	-13,030	-13,163	-13,187	-13,274	-13,288	-13,305	-13,312	-13,314	-13,316	-13,322	-13,315	-13,287	-13,245	-13,155	-13,054	-0,350	-0,237	-0,195	-0,120	-0,085	-0,055	-0,028	-0,011	0,010	0,036	0,072	0,111	0,155	0,180	0,142	0,000	0,000
1,000	-17,076	-17,151	-17,130	-16,992	-16,872	-16,790	-16,733	-16,693	-16,650	-16,622	-16,584	-16,550	-16,494	-16,418	-16,316	-0,370	-0,088	0,034	0,200	0,233	0,222	0,216	0,195	0,189	0,182	0,191	0,196	0,196	0,203	0,153	0,000	0,000
2,000	-10,561	-10,489	-10,437	-10,281	-10,173	-10,088	-10,042	-10,006	-9,955	-9,918	-9,863	-9,805	-9,727	-9,612	-9,491	0,047	0,146	0,187	0,267	0,266	0,249	0,243	0,229	0,229	0,229	0,243	0,263	0,272	0,265	0,199	0,000	0,000
3,000	-11,656	-11,091	-10,802	-10,409	-10,210	-10,078	-10,008	-9,958	-9,919	-9,885	-9,874	-9,859	-9,845	-9,832	-9,813	2,970	1,878	1,443	0,929	0,726	0,550	0,449	0,351	0,275	0,210	0,158	0,122	0,090	0,073	0,048	0,000	0,000
4,000	-3,608	-3,467	-3,298	-3,212	-3,146	-3,130	-3,111	-3,094	-3,078	-3,069	-3,029	-2,985	-2,882	-2,716	-2,500	1,874	1,148	0,784	0,426	0,309	0,242	0,216	0,194	0,180	0,197	0,230	0,289	0,357	0,384	0,315	0,000	0,000
5,000	-6,564	-5,987	-5,948	-5,763	-5,690	-5,636	-5,599	-5,583	-5,548	-5,540	-5,492	-5,418	-5,314	-5,120	-4,897	2,428	1,277	0,944	0,531	0,397	0,292	0,268	0,253	0,244	0,248	0,289	0,347	0,398	0,429	0,339	0,000	0,000
6,000	-9,160	-9,141	-9,039	-8,899	-8,794	-8,738	-8,706	-8,680	-8,633	-8,612	-8,566	-8,498	-8,412	-8,261	-8,085	-0,098	0,112	0,166	0,230	0,227	0,201	0,202	0,198	0,206	0,213	0,249	0,286	0,321	0,335	0,265	0,000	0,000
7,000	-7,120	-7,058	-7,056	-6,965	-6,903	-6,868	-6,856	-6,843	-6,823	-6,820	-6,803	-6,783	-6,753	-6,696	-6,630	0,053	0,064	0,098	0,135	0,121	0,095	0,089	0,082	0,083	0,085	0,092	0,102	0,115	0,124	0,092	0,000	0,000
8,000	-20,247	-20,413	-20,428	-20,557	-20,559	-20,614	-20,647	-20,675	-20,704	-20,763	-20,780	-20,788	-20,796	-20,745	-20,688	-0,249	-0,182	-0,198	-0,155	-0,135	-0,149	-0,147	-0,130	-0,118	-0,106	-0,052	-0,019	0,027	0,071	0,065	0,000	0,000
9,000	-9,805	-9,722	-9,642	-9,436	-9,296	-9,175	-9,116	-9,066	-9,004	-8,959	-8,908	-8,844	-8,756	-8,626	-8,476	0,098	0,191	0,255	0,366	0,366	0,335	0,318	0,286	0,280	0,274	0,284	0,302	0,312	0,317	0,240	0,000	0,000
10,000	-9,637	-9,629	-9,485	-9,331	-9,232	-9,192	-9,169	-9,158	-9,135	-9,130	-9,110	-9,070	-9,012	-8,916	-8,800	-0,001	0,207	0,217	0,241	0,194	0,167	0,146	0,130	0,123	0,132	0,152	0,176	0,205	0,219	0,174	0,000	0,000
11,000	-9,980	-9,843	-9,810	-9,653	-9,572	-9,513	-9,480	-9,464	-9,431	-9,408	-9,364	-9,320	-9,251	-9,143	-9,014	0,155	0,191	0,202	0,233	0,221	0,181	0,178	0,166	0,167	0,176	0,199	0,226	0,243	0,256	0,197	0,000	0,000
12,000	-14,160	-14,234	-14,126	-14,092	-14,026	-14,014	-14,003	-13,993	-13,972	-13,985	-13,952	-13,915	-13,858	-13,748	-13,606	-0,013	0,108	0,091	0,111	0,108	0,092	0,089	0,088	0,093	0,105	0,143	0,182	0,228	0,250	0,203	0,000	0,000
13,000	-8,232	-8,234	-8,235	-8,245	-8,231	-8,223	-8,209	-8,188	-8,158	-8,131	-8,079	-8,006	-7,899	-7,739	-7,525	0,005	0,008	0,003	0,038	0,059	0,086	0,106	0,131	0,162	0,201	0,249	0,306	0,360	0,383	0,304	0,000	0,000
14,000	-11,577	-11,442	-11,521	-11,454	-11,449	-11,415	-11,399	-11,395	-11,373	-11,377	-11,352	-11,302	-11,230	-11,088	-10,890	0,039	-0,039	0,019	0,056	0,064	0,063	0,076	0,089	0,098	0,125	0,169	0,232	0,292	0,334	0,274	0,000	0,000
15,000	-8,831	-8,978	-8,882	-8,896	-8,848	-8,851	-8,847	-8,827	-8,817	-8,815	-8,794	-8,765	-8,720	-8,649	-8,570	-0,246	-0,015	-0,034	0,024	0,033	0,055	0,056	0,065	0,065	0,085	0,103	0,123	0,145	0,153	0,125	0,000	0,000
	run	13	2022:11:08    11:08:56,587
0,000	-13,211	-13,336	-13,366	-13,462	-13,481	-13,495	-13,505	-13,504	-13,507	-13,511	-13,501	-13,476	-13,434	-13,349	-13,243	-0,354	-0,241	-0,203	-0,123	-0,096	-0,062	-0,034	-0,015	0,007	0,033	0,067	0,110	0,155	0,182	0,142	0,000	0,000
1,000	-17,642	-17,695	-17,660	-17,487	-17,361	-17,258	-17,208	-17,165	-17,121	-17,095	-17,050	-17,014	-16,957	-16,879	-16,779	-0,343	-0,041	0,072	0,244	0,268	0,243	0,242	0,209	0,203	0,194	0,190	0,197	0,195	0,205	0,155	0,000	0,000
2,000	-10,883	-10,781	-10,742	-10,573	-10,459	-10,378	-10,325	-10,287	-10,228	-10,203	-10,143	-10,073	-10,000	-9,878	-9,748	0,065	0,143	0,207	0,279	0,274	0,248	0,249	0,241	0,240	0,239	0,252	0,275	0,282	0,278	0,204	0,000	0,000
3,000	-11,861	-11,294	-11,001	-10,560	-10,353	-10,217	-10,148	-10,097	-10,058	-10,035	-10,016	-10,001	-9,985	-9,975	-9,959	3,024	1,924	1,502	0,971	0,754	0,566	0,461	0,362	0,282	0,214	0,156	0,121	0,086	0,071	0,040	0,000	0,000
4,000	-3,588	-3,451	-3,279	-3,193	-3,128	-3,110	-3,094	-3,072	-3,055	-3,054	-3,016	-2,958	-2,860	-2,695	-2,481	1,875	1,145	0,784	0,423	0,307	0,240	0,211	0,190	0,181	0,204	0,235	0,291	0,359	0,385	0,314	0,000	0,000
5,000	-6,610	-6,030	-5,995	-5,800	-5,724	-5,671	-5,636	-5,625	-5,588	-5,573	-5,526	-5,458	-5,346	-5,153	-4,919	2,420	1,285	0,950	0,536	0,407	0,305	0,275	0,254	0,250	0,259	0,299	0,354	0,405	0,439	0,346	0,000	0,000
6,000	-9,286	-9,284	-9,171	-9,036	-8,928	-8,875	-8,840	-8,807	-8,766	-8,747	-8,698	-8,628	-8,540	-8,385	-8,207	-0,092	0,119	0,175	0,239	0,223	0,202	0,205	0,199	0,202	0,220	0,254	0,303	0,328	0,348	0,272	0,000	0,000
7,000	-7,259	-7,166	-7,156	-7,051	-6,995	-6,961	-6,948	-6,939	-6,915	-6,916	-6,896	-6,875	-6,850	-6,792	-6,735	0,074	0,096	0,127	0,149	0,124	0,102	0,094	0,086	0,088	0,077	0,087	0,098	0,113	0,117	0,089	0,000	0,000
8,000	-20,300	-20,520	-20,557	-20,692	-20,682	-20,740	-20,779	-20,813	-20,839	-20,897	-20,909	-20,930	-20,931	-20,891	-20,828	-0,275	-0,232	-0,217	-0,164	-0,151	-0,156	-0,148	-0,146	-0,124	-0,105	-0,058	-0,014	0,018	0,069	0,072	0,000	0,000
9,000	-9,811	-9,747	-9,661	-9,463	-9,308	-9,190	-9,126	-9,072	-9,019	-8,978	-8,917	-8,855	-8,765	-8,642	-8,488	0,101	0,197	0,256	0,365	0,366	0,332	0,319	0,291	0,281	0,274	0,278	0,299	0,312	0,312	0,232	0,000	0,000
10,000	-9,415	-9,426	-9,302	-9,178	-9,091	-9,053	-9,028	-9,015	-8,993	-8,991	-8,969	-8,927	-8,873	-8,778	-8,668	-0,032	0,163	0,178	0,204	0,173	0,152	0,138	0,126	0,125	0,128	0,147	0,173	0,201	0,217	0,168	0,000	0,000
11,000	-9,786	-9,674	-9,644	-9,508	-9,427	-9,367	-9,333	-9,317	-9,283	-9,266	-9,226	-9,182	-9,115	-9,008	-8,877	0,147	0,162	0,180	0,214	0,205	0,174	0,176	0,164	0,165	0,168	0,191	0,219	0,240	0,253	0,187	0,000	0,000
12,000	-13,976	-14,037	-13,937	-13,903	-13,839	-13,821	-13,810	-13,801	-13,786	-13,795	-13,767	-13,726	-13,674	-13,557	-13,422	0,007	0,106	0,105	0,115	0,108	0,086	0,090	0,085	0,095	0,106	0,138	0,184	0,222	0,246	0,199	0,000	0,000
13,000	-8,211	-8,220	-8,216	-8,235	-8,221	-8,207	-8,195	-8,181	-8,156	-8,127	-8,072	-7,997	-7,892	-7,730	-7,528	0,006	0,008	0,003	0,030	0,061	0,083	0,106	0,129	0,162	0,200	0,251	0,308	0,358	0,380	0,302	0,000	0,000
14,000	-11,465	-11,359	-11,428	-11,351	-11,350	-11,314	-11,303	-11,302	-11,283	-11,275	-11,256	-11,210	-11,133	-10,985	-10,791	0,043	-0,033	0,020	0,063	0,074	0,074	0,079	0,077	0,094	0,125	0,147	0,223	0,288	0,323	0,270	0,000	0,000
15,000	-8,924	-9,078	-8,969	-8,991	-8,949	-8,946	-8,941	-8,928	-8,905	-8,909	-8,886	-8,857	-8,811	-8,741	-8,655	-0,248	-0,020	-0,030	0,026	0,037	0,050	0,057	0,062	0,070	0,090	0,107	0,128	0,156	0,162	0,129	0,000	0,000
	run	14	2022:11:08    11:08:56,688
0,000	-13,350	-13,481	-13,516	-13,614	-13,631	-13,652	-13,663	-13,662	-13,663	-13,677	-13,661	-13,631	-13,589	-13,502	-13,387	-0,370	-0,247	-0,203	-0,131	-0,101	-0,062	-0,037	-0,014	0,007	0,037	0,071	0,121	0,159	0,181	0,145	0,000	0,000
1,000	-17,907	-17,983	-17,934	-17,762	-17,621	-17,522	-17,472	-17,424	-17,380	-17,356	-17,312	-17,277	-17,220	-17,136	-17,037	-0,328	-0,036	0,082	0,248	0,277	0,255	0,246	0,219	0,210	0,194	0,194	0,209	0,200	0,208	0,157	0,000	0,000
2,000	-11,045	-10,965	-10,899	-10,722	-10,599	-10,517	-10,466	-10,425	-10,379	-10,340	-10,281	-10,213	-10,129	-10,009	-9,874	0,071	0,171	0,231	0,299	0,291	0,259	0,263	0,248	0,245	0,247	0,262	0,285	0,293	0,292	0,215	0,000	0,000
3,000	-12,048	-11,455	-11,139	-10,685	-10,466	-10,330	-10,263	-10,209	-10,165	-10,147	-10,125	-10,110	-10,098	-10,088	-10,073	3,078	1,978	1,545	0,998	0,770	0,582	0,464	0,371	0,281	0,212	0,163	0,116	0,091	0,067	0,042	0,000	0,000
4,000	-3,591	-3,447	-3,284	-3,194	-3,122	-3,109	-3,091	-3,076	-3,058	-3,051	-3,016	-2,958	-2,859	-2,688	-2,473	1,881	1,152	0,777	0,421	0,308	0,238	0,211	0,190	0,181	0,205	0,237	0,303	0,366	0,392	0,320	0,000	0,000
5,000	-6,400	-5,805	-5,791	-5,607	-5,547	-5,482	-5,454	-5,444	-5,404	-5,395	-5,342	-5,284	-5,175	-4,993	-4,777	2,393	1,252	0,922	0,519	0,386	0,287	0,264	0,245	0,240	0,238	0,289	0,334	0,383	0,415	0,325	0,000	0,000
6,000	-8,876	-8,860	-8,777	-8,645	-8,544	-8,490	-8,461	-8,428	-8,386	-8,370	-8,321	-8,255	-8,181	-8,031	-7,868	-0,098	0,098	0,149	0,218	0,213	0,193	0,196	0,187	0,191	0,208	0,234	0,271	0,305	0,324	0,253	0,000	0,000
7,000	-6,834	-6,786	-6,793	-6,716	-6,671	-6,633	-6,617	-6,614	-6,597	-6,588	-6,575	-6,560	-6,530	-6,478	-6,423	0,059	0,045	0,067	0,110	0,105	0,077	0,082	0,078	0,072	0,076	0,081	0,095	0,107	0,111	0,080	0,000	0,000
8,000	-20,139	-20,324	-20,339	-20,460	-20,453	-20,503	-20,546	-20,577	-20,602	-20,649	-20,675	-20,687	-20,682	-20,636	-20,583	-0,261	-0,179	-0,180	-0,147	-0,133	-0,146	-0,138	-0,135	-0,118	-0,097	-0,052	-0,008	0,026	0,071	0,069	0,000	0,000
9,000	-9,586	-9,537	-9,488	-9,289	-9,146	-9,034	-8,961	-8,915	-8,855	-8,818	-8,755	-8,696	-8,609	-8,477	-8,331	0,088	0,159	0,232	0,347	0,358	0,323	0,310	0,287	0,276	0,262	0,274	0,289	0,307	0,302	0,229	0,000	0,000
10,000	-9,502	-9,490	-9,361	-9,219	-9,122	-9,081	-9,059	-9,044	-9,020	-9,021	-9,002	-8,962	-8,901	-8,814	-8,696	-0,013	0,191	0,189	0,222	0,182	0,157	0,139	0,128	0,116	0,131	0,148	0,170	0,199	0,216	0,168	0,000	0,000
11,000	-9,859	-9,735	-9,690	-9,552	-9,471	-9,415	-9,383	-9,365	-9,331	-9,314	-9,275	-9,228	-9,158	-9,050	-8,927	0,152	0,174	0,191	0,219	0,209	0,181	0,175	0,162	0,167	0,166	0,196	0,220	0,242	0,250	0,192	0,000	0,000
12,000	-14,133	-14,196	-14,090	-14,060	-13,996	-13,973	-13,972	-13,957	-13,942	-13,959	-13,931	-13,885	-13,830	-13,716	-13,578	-0,009	0,102	0,102	0,104	0,103	0,088	0,085	0,085	0,096	0,109	0,142	0,178	0,223	0,248	0,201	0,000	0,000
13,000	-8,277	-8,268	-8,281	-8,289	-8,272	-8,259	-8,248	-8,230	-8,206	-8,173	-8,122	-8,051	-7,935	-7,773	-7,563	0,015	0,015	0,011	0,041	0,065	0,082	0,111	0,132	0,161	0,201	0,255	0,311	0,360	0,394	0,310	0,000	0,000
14,000	-11,587	-11,450	-11,530	-11,454	-11,443	-11,418	-11,397	-11,396	-11,378	-11,371	-11,358	-11,300	-11,223	-11,080	-10,885	0,038	-0,030	0,033	0,067	0,072	0,076	0,083	0,086	0,104	0,129	0,185	0,240	0,297	0,338	0,280	0,000	0,000
15,000	-9,030	-9,187	-9,082	-9,099	-9,056	-9,052	-9,050	-9,031	-9,014	-9,011	-8,988	-8,966	-8,914	-8,840	-8,759	-0,256	-0,021	-0,030	0,029	0,036	0,046	0,058	0,068	0,073	0,090	0,107	0,127	0,152	0,165	0,129	0,000	0,000
	run	15	2022:11:08    11:08:56,735
0,000	-13,672	-13,809	-13,831	-13,928	-13,951	-13,963	-13,978	-13,979	-13,981	-13,995	-13,979	-13,951	-13,900	-13,810	-13,696	-0,375	-0,251	-0,212	-0,136	-0,094	-0,060	-0,040	-0,010	0,008	0,033	0,075	0,121	0,170	0,195	0,154	0,000	0,000
1,000	-17,931	-17,997	-17,929	-17,769	-17,633	-17,524	-17,473	-17,428	-17,384	-17,357	-17,308	-17,274	-17,215	-17,133	-17,029	-0,326	-0,030	0,085	0,256	0,284	0,261	0,248	0,218	0,209	0,195	0,199	0,210	0,213	0,218	0,163	0,000	0,000
2,000	-11,045	-10,965	-10,899	-10,722	-10,599	-10,517	-10,466	-10,425	-10,379	-10,340	-10,281	-10,213	-10,129	-10,009	-9,874	0,071	0,171	0,231	0,299	0,291	0,259	0,263	0,248	0,245	0,247	0,262	0,285	0,293	0,292	0,215	0,000	0,000
3,000	-12,048	-11,455	-11,139	-10,685	-10,466	-10,330	-10,263	-10,209	-10,165	-10,147	-10,125	-10,110	-10,098	-10,088	-10,073	3,078	1,978	1,545	0,998	0,770	0,582	0,464	0,371	0,281	0,212	0,163	0,116	0,091	0,067	0,042	0,000	0,000
4,000	-3,591	-3,447	-3,284	-3,194	-3,122	-3,109	-3,091	-3,076	-3,058	-3,051	-3,016	-2,958	-2,859	-2,688	-2,473	1,881	1,152	0,777	0,421	0,308	0,238	0,211	0,190	0,181	0,205	0,237	0,303	0,366	0,392	0,320	0,000	0,000
5,000	-6,400	-5,805	-5,791	-5,607	-5,547	-5,482	-5,454	-5,444	-5,404	-5,395	-5,342	-5,284	-5,175	-4,993	-4,777	2,393	1,252	0,922	0,519	0,386	0,287	0,264	0,245	0,240	0,238	0,289	0,334	0,383	0,415	0,325	0,000	0,000
6,000	-8,876	-8,860	-8,777	-8,645	-8,544	-8,490	-8,461	-8,428	-8,386	-8,370	-8,321	-8,255	-8,181	-8,031	-7,868	-0,098	0,098	0,149	0,218	0,213	0,193	0,196	0,187	0,191	0,208	0,234	0,271	0,305	0,324	0,253	0,000	0,000
7,000	-6,834	-6,786	-6,793	-6,716	-6,671	-6,633	-6,617	-6,614	-6,597	-6,588	-6,575	-6,560	-6,530	-6,478	-6,423	0,059	0,045	0,067	0,110	0,105	0,077	0,082	0,078	0,072	0,076	0,081	0,095	0,107	0,111	0,080	0,000	0,000
8,000	-19,504	-19,672	-19,697	-19,789	-19,776	-19,822	-19,856	-19,887	-19,915	-19,970	-19,981	-19,998	-19,996	-19,951	-19,895	-0,237	-0,169	-0,148	-0,121	-0,113	-0,129	-0,130	-0,128	-0,110	-0,096	-0,050	-0,005	0,025	0,072	0,069	0,000	0,000
9,000	-9,430	-9,411	-9,364	-9,193	-9,058	-8,943	-8,882	-8,831	-8,777	-8,725	-8,677	-8,615	-8,531	-8,407	-8,265	0,066	0,120	0,197	0,316	0,335	0,312	0,305	0,284	0,269	0,259	0,267	0,286	0,301	0,297	0,226	0,000	0,000
10,000	-9,564	-9,549	-9,416	-9,258	-9,153	-9,118	-9,090	-9,080	-9,059	-9,058	-9,033	-9,001	-8,941	-8,846	-8,729	-0,007	0,202	0,197	0,230	0,192	0,162	0,144	0,135	0,121	0,134	0,147	0,168	0,206	0,216	0,172	0,000	0,000
11,000	-10,095	-9,974	-9,931	-9,788	-9,697	-9,642	-9,613	-9,589	-9,557	-9,539	-9,499	-9,454	-9,382	-9,271	-9,146	0,183	0,189	0,206	0,229	0,210	0,180	0,178	0,169	0,165	0,170	0,195	0,224	0,241	0,253	0,198	0,000	0,000
12,000	-14,477	-14,545	-14,438	-14,397	-14,336	-14,318	-14,317	-14,302	-14,289	-14,286	-14,260	-14,220	-14,169	-14,051	-13,911	-0,017	0,097	0,093	0,110	0,107	0,090	0,092	0,087	0,099	0,104	0,149	0,196	0,225	0,252	0,206	0,000	0,000
13,000	-8,449	-8,437	-8,453	-8,459	-8,449	-8,432	-8,418	-8,403	-8,375	-8,348	-8,286	-8,210	-8,100	-7,938	-7,716	0,027	0,018	0,017	0,038	0,060	0,091	0,114	0,136	0,168	0,205	0,261	0,322	0,374	0,396	0,319	0,000	0,000
14,000	-11,811	-11,673	-11,732	-11,669	-11,667	-11,632	-11,608	-11,605	-11,587	-11,584	-11,558	-11,508	-11,433	-11,295	-11,080	0,036	-0,043	0,019	0,075	0,070	0,072	0,091	0,084	0,108	0,140	0,179	0,232	0,307	0,344	0,290	0,000	0,000
15,000	-9,152	-9,299	-9,199	-9,219	-9,173	-9,165	-9,157	-9,146	-9,126	-9,127	-9,104	-9,073	-9,027	-8,956	-8,867	-0,250	-0,017	-0,032	0,030	0,040	0,050	0,060	0,070	0,072	0,090	0,109	0,128	0,152	0,162	0,135	0,000	0,000
	run	16	2022:11:08    11:08:56,834
0,000	-13,632	-13,764	-13,785	-13,894	-13,911	-13,936	-13,941	-13,951	-13,945	-13,953	-13,944	-13,916	-13,866	-13,774	-13,665	-0,388	-0,242	-0,216	-0,134	-0,101	-0,063	-0,038	-0,017	0,007	0,040	0,073	0,120	0,170	0,194	0,152	0,000	0,000
1,000	-17,989	-18,066	-18,001	-17,835	-17,694	-17,592	-17,539	-17,496	-17,446	-17,422	-17,374	-17,334	-17,286	-17,200	-17,097	-0,328	-0,031	0,095	0,258	0,289	0,262	0,254	0,219	0,212	0,198	0,199	0,203	0,207	0,210	0,160	0,000	0,000
2,000	-10,985	-10,889	-10,840	-10,667	-10,557	-10,473	-10,424	-10,382	-10,322	-10,289	-10,237	-10,168	-10,084	-9,961	-9,827	0,077	0,162	0,217	0,289	0,285	0,256	0,252	0,249	0,244	0,242	0,262	0,286	0,293	0,284	0,213	0,000	0,000
3,000	-11,892	-11,319	-11,016	-10,584	-10,373	-10,234	-10,167	-10,113	-10,074	-10,045	-10,023	-10,018	-10,000	-9,988	-9,969	3,042	1,943	1,505	0,973	0,754	0,564	0,465	0,361	0,283	0,214	0,160	0,120	0,093	0,071	0,047	0,000	0,000
4,000	-3,572	-3,418	-3,255	-3,174	-3,108	-3,092	-3,074	-3,057	-3,037	-3,034	-3,005	-2,941	-2,845	-2,675	-2,469	1,849	1,149	0,780	0,424	0,306	0,240	0,210	0,191	0,183	0,199	0,239	0,289	0,358	0,384	0,311	0,000	0,000
5,000	-6,388	-5,796	-5,781	-5,589	-5,527	-5,475	-5,445	-5,431	-5,394	-5,389	-5,338	-5,272	-5,164	-4,988	-4,771	2,379	1,246	0,918	0,514	0,383	0,288	0,260	0,239	0,236	0,237	0,276	0,331	0,380	0,405	0,323	0,000	0,000
6,000	-8,674	-8,665	-8,573	-8,440	-8,347	-8,289	-8,261	-8,227	-8,189	-8,162	-8,115	-8,062	-7,979	-7,845	-7,683	-0,095	0,090	0,135	0,208	0,209	0,192	0,192	0,186	0,197	0,203	0,233	0,267	0,301	0,317	0,243	0,000	0,000
7,000	-6,710	-6,659	-6,674	-6,607	-6,571	-6,540	-6,521	-6,512	-6,495	-6,494	-6,478	-6,463	-6,441	-6,385	-6,333	0,040	0,031	0,064	0,097	0,091	0,075	0,076	0,069	0,067	0,068	0,081	0,091	0,100	0,107	0,081	0,000	0,000
8,000	-19,130	-19,323	-19,317	-19,401	-19,385	-19,432	-19,466	-19,493	-19,522	-19,564	-19,588	-19,600	-19,602	-19,561	-19,501	-0,231	-0,142	-0,140	-0,112	-0,101	-0,121	-0,119	-0,122	-0,108	-0,088	-0,050	-0,007	0,022	0,064	0,064	0,000	0,000
9,000	-9,447	-9,432	-9,383	-9,238	-9,119	-9,007	-8,943	-8,889	-8,834	-8,802	-8,738	-8,678	-8,596	-8,478	-8,333	0,058	0,104	0,175	0,296	0,315	0,293	0,286	0,273	0,262	0,250	0,266	0,283	0,288	0,292	0,216	0,000	0,000
10,000	-9,494	-9,487	-9,353	-9,190	-9,093	-9,053	-9,026	-9,011	-8,989	-8,993	-8,969	-8,922	-8,870	-8,779	-8,664	-0,007	0,206	0,214	0,233	0,195	0,168	0,142	0,134	0,123	0,130	0,146	0,167	0,202	0,215	0,176	0,000	0,000
11,000	-10,086	-9,979	-9,933	-9,791	-9,708	-9,653	-9,621	-9,601	-9,572	-9,552	-9,516	-9,462	-9,399	-9,285	-9,156	0,154	0,191	0,189	0,221	0,214	0,176	0,177	0,167	0,170	0,174	0,194	0,215	0,240	0,252	0,195	0,000	0,000
12,000	-14,627	-14,694	-14,585	-14,549	-14,488	-14,468	-14,461	-14,444	-14,428	-14,442	-14,407	-14,374	-14,314	-14,192	-14,051	-0,008	0,103	0,099	0,116	0,101	0,091	0,088	0,087	0,098	0,103	0,151	0,188	0,231	0,261	0,207	0,000	0,000
13,000	-8,561	-8,516	-8,536	-8,540	-8,528	-8,508	-8,498	-8,491	-8,460	-8,423	-8,377	-8,292	-8,182	-8,020	-7,808	0,043	0,014	0,009	0,041	0,060	0,082	0,113	0,134	0,163	0,205	0,258	0,317	0,373	0,393	0,314	0,000	0,000
14,000	-12,043	-11,958	-11,996	-11,939	-11,911	-11,888	-11,872	-11,872	-11,845	-11,855	-11,806	-11,772	-11,683	-11,544	-11,324	-0,009	-0,036	0,019	0,062	0,074	0,070	0,088	0,083	0,100	0,137	0,166	0,247	0,305	0,349	0,287	0,000	0,000
15,000	-9,172	-9,316	-9,211	-9,228	-9,188	-9,184	-9,173	-9,162	-9,146	-9,142	-9,122	-9,095	-9,045	-8,972	-8,879	-0,234	-0,015	-0,024	0,031	0,038	0,051	0,059	0,067	0,072	0,086	0,111	0,129	0,157	0,169	0,135	0,000	0,000
	run	17	2022:11:08    11:08:56,886
0,000	-13,632	-13,764	-13,785	-13,894	-13,911	-13,936	-13,941	-13,951	-13,945	-13,953	-13,944	-13,916	-13,866	-13,774	-13,665	-0,388	-0,242	-0,216	-0,134	-0,101	-0,063	-0,038	-0,017	0,007	0,040	0,073	0,120	0,170	0,194	0,152	0,000	0,000
1,000	-17,989	-18,066	-18,001	-17,835	-17,694	-17,592	-17,539	-17,496	-17,446	-17,422	-17,374	-17,334	-17,286	-17,200	-17,097	-0,328	-0,031	0,095	0,258	0,289	0,262	0,254	0,219	0,212	0,198	0,199	0,203	0,207	0,210	0,160	0,000	0,000
2,000	-10,985	-10,889	-10,840	-10,667	-10,557	-10,473	-10,424	-10,382	-10,322	-10,289	-10,237	-10,168	-10,084	-9,961	-9,827	0,077	0,162	0,217	0,289	0,285	0,256	0,252	0,249	0,244	0,242	0,262	0,286	0,293	0,284	0,213	0,000	0,000
3,000	-11,892	-11,319	-11,016	-10,584	-10,373	-10,234	-10,167	-10,113	-10,074	-10,045	-10,023	-10,018	-10,000	-9,988	-9,969	3,042	1,943	1,505	0,973	0,754	0,564	0,465	0,361	0,283	0,214	0,160	0,120	0,093	0,071	0,047	0,000	0,000
4,000	-3,572	-3,418	-3,255	-3,174	-3,108	-3,092	-3,074	-3,057	-3,037	-3,034	-3,005	-2,941	-2,845	-2,675	-2,469	1,849	1,149	0,780	0,424	0,306	0,240	0,210	0,191	0,183	0,199	0,239	0,289	0,358	0,384	0,311	0,000	0,000
5,000	-6,388	-5,796	-5,781	-5,589	-5,527	-5,475	-5,445	-5,431	-5,394	-5,389	-5,338	-5,272	-5,164	-4,988	-4,771	2,379	1,246	0,918	0,514	0,383	0,288	0,260	0,239	0,236	0,237	0,276	0,331	0,380	0,405	0,323	0,000	0,000
6,000	-8,810	-8,801	-8,695	-8,574	-8,476	-8,418	-8,389	-8,363	-8,327	-8,300	-8,255	-8,185	-8,111	-7,969	-7,804	-0,100	0,100	0,145	0,214	0,218	0,187	0,195	0,188	0,192	0,203	0,242	0,271	0,308	0,318	0,244	0,000	0,000
7,000	-6,735	-6,670	-6,686	-6,623	-6,584	-6,559	-6,534	-6,535	-6,515	-6,510	-6,497	-6,473	-6,447	-6,401	-6,346	0,050	0,020	0,058	0,100	0,089	0,073	0,074	0,071	0,065	0,071	0,081	0,093	0,102	0,108	0,080	0,000	0,000
8,000	-19,268	-19,427	-19,430	-19,507	-19,497	-19,539	-19,569	-19,605	-19,634	-19,686	-19,697	-19,714	-19,708	-19,668	-19,604	-0,259	-0,179	-0,151	-0,108	-0,113	-0,131	-0,121	-0,119	-0,106	-0,087	-0,039	-0,008	0,031	0,075	0,071	0,000	0,000
9,000	-9,345	-9,333	-9,278	-9,140	-9,016	-8,902	-8,845	-8,792	-8,737	-8,700	-8,646	-8,582	-8,506	-8,382	-8,249	0,048	0,125	0,179	0,298	0,319	0,291	0,286	0,268	0,259	0,255	0,259	0,277	0,288	0,288	0,214	0,000	0,000
10,000	-9,353	-9,365	-9,238	-9,095	-9,002	-8,959	-8,939	-8,925	-8,901	-8,899	-8,876	-8,840	-8,780	-8,694	-8,584	-0,032	0,179	0,189	0,217	0,186	0,155	0,138	0,127	0,115	0,130	0,145	0,169	0,197	0,209	0,173	0,000	0,000
11,000	-9,979	-9,866	-9,824	-9,698	-9,610	-9,556	-9,520	-9,503	-9,472	-9,451	-9,415	-9,365	-9,300	-9,191	-9,061	0,158	0,183	0,184	0,217	0,206	0,177	0,175	0,158	0,164	0,171	0,199	0,223	0,236	0,250	0,193	0,000	0,000
12,000	-14,381	-14,446	-14,344	-14,317	-14,248	-14,233	-14,224	-14,218	-14,197	-14,211	-14,176	-14,133	-14,083	-13,959	-13,813	-0,004	0,096	0,105	0,114	0,109	0,089	0,092	0,093	0,096	0,112	0,152	0,192	0,236	0,258	0,205	0,000	0,000
13,000	-8,535	-8,511	-8,514	-8,524	-8,504	-8,493	-8,479	-8,469	-8,438	-8,406	-8,353	-8,282	-8,175	-8,009	-7,801	0,034	0,008	0,014	0,040	0,062	0,079	0,110	0,130	0,167	0,207	0,260	0,312	0,362	0,387	0,308	0,000	0,000
14,000	-11,992	-11,871	-11,948	-11,863	-11,854	-11,826	-11,807	-11,799	-11,785	-11,778	-11,755	-11,703	-11,619	-11,470	-11,265	0,003	-0,035	0,023	0,075	0,089	0,068	0,083	0,088	0,108	0,134	0,191	0,243	0,312	0,342	0,287	0,000	0,000
15,000	-9,217	-9,360	-9,252	-9,272	-9,228	-9,219	-9,217	-9,203	-9,186	-9,183	-9,153	-9,131	-9,078	-9,005	-8,922	-0,246	-0,016	-0,024	0,031	0,040	0,050	0,059	0,069	0,075	0,091	0,111	0,128	0,160	0,167	0,136	0,000	0,000
	run	18	2022:11:08    11:08:56,987
0,000	-13,369	-13,505	-13,531	-13,626	-13,642	-13,662	-13,664	-13,671	-13,672	-13,679	-13,672	-13,642	-13,596	-13,510	-13,400	-0,365	-0,241	-0,191	-0,123	-0,086	-0,053	-0,038	-0,016	0,012	0,033	0,071	0,118	0,159	0,185	0,149	0,000	0,000
1,000	-17,592	-17,680	-17,622	-17,471	-17,339	-17,248	-17,187	-17,145	-17,100	-17,075	-17,035	-16,994	-16,945	-16,863	-16,762	-0,344	-0,056	0,063	0,237	0,266	0,249	0,242	0,208	0,201	0,184	0,195	0,200	0,202	0,204	0,156	0,000	0,000
2,000	-10,767	-10,689	-10,653	-10,484	-10,373	-10,295	-10,247	-10,204	-10,152	-10,116	-10,058	-9,993	-9,915	-9,799	-9,669	0,045	0,156	0,199	0,273	0,273	0,249	0,247	0,235	0,236	0,237	0,250	0,272	0,276	0,278	0,204	0,000	0,000
3,000	-11,766	-11,181	-10,897	-10,480	-10,274	-10,140	-10,073	-10,022	-9,983	-9,951	-9,934	-9,926	-9,909	-9,893	-9,873	2,998	1,916	1,467	0,947	0,740	0,553	0,448	0,357	0,280	0,210	0,159	0,124	0,093	0,073	0,046	0,000	0,000
4,000	-3,557	-3,399	-3,224	-3,150	-3,080	-3,063	-3,050	-3,036	-3,017	-3,010	-2,971	-2,919	-2,820	-2,656	-2,443	1,854	1,138	0,771	0,419	0,306	0,244	0,210	0,186	0,181	0,202	0,241	0,290	0,352	0,385	0,312	0,000	0,000
5,000	-6,424	-5,841	-5,816	-5,635	-5,577	-5,514	-5,483	-5,469	-5,428	-5,420	-5,376	-5,307	-5,207	-5,019	-4,791	2,398	1,260	0,933	0,520	0,396	0,285	0,268	0,239	0,243	0,250	0,280	0,342	0,390	0,420	0,333	0,000	0,000
6,000	-8,978	-8,975	-8,874	-8,737	-8,637	-8,584	-8,557	-8,527	-8,485	-8,468	-8,414	-8,350	-8,272	-8,131	-7,962	-0,085	0,095	0,138	0,218	0,216	0,195	0,191	0,187	0,193	0,209	0,247	0,280	0,311	0,330	0,254	0,000	0,000
7,000	-7,008	-6,962	-6,967	-6,891	-6,841	-6,805	-6,790	-6,784	-6,758	-6,762	-6,739	-6,724	-6,694	-6,650	-6,592	0,067	0,053	0,085	0,120	0,111	0,087	0,087	0,080	0,077	0,074	0,082	0,094	0,102	0,108	0,080	0,000	0,000
8,000	-19,645	-19,805	-19,816	-19,916	-19,915	-19,960	-19,996	-20,025	-20,052	-20,105	-20,118	-20,136	-20,137	-20,094	-20,034	-0,249	-0,156	-0,164	-0,132	-0,114	-0,139	-0,132	-0,129	-0,109	-0,093	-0,051	-0,008	0,024	0,070	0,067	0,000	0,000
9,000	-9,446	-9,395	-9,341	-9,172	-9,044	-8,923	-8,857	-8,808	-8,750	-8,712	-8,653	-8,587	-8,511	-8,384	-8,245	0,062	0,137	0,208	0,315	0,335	0,310	0,299	0,280	0,264	0,264	0,271	0,287	0,295	0,297	0,223	0,000	0,000
10,000	-9,334	-9,350	-9,225	-9,106	-9,015	-8,979	-8,954	-8,943	-8,921	-8,917	-8,897	-8,865	-8,802	-8,715	-8,601	-0,037	0,160	0,169	0,199	0,169	0,148	0,133	0,125	0,114	0,128	0,142	0,166	0,199	0,210	0,168	0,000	0,000
11,000	-9,851	-9,763	-9,718	-9,587	-9,507	-9,449	-9,422	-9,395	-9,367	-9,350	-9,312	-9,267	-9,203	-9,092	-8,970	0,156	0,155	0,184	0,215	0,206	0,176	0,170	0,158	0,164	0,169	0,186	0,219	0,241	0,251	0,188	0,000	0,000
12,000	-14,112	-14,188	-14,076	-14,047	-13,982	-13,962	-13,953	-13,945	-13,931	-13,932	-13,911	-13,862	-13,811	-13,693	-13,553	-0,012	0,117	0,098	0,113	0,109	0,093	0,090	0,087	0,099	0,112	0,145	0,186	0,226	0,251	0,204	0,000	0,000
13,000	-8,271	-8,273	-8,276	-8,282	-8,269	-8,259	-8,242	-8,225	-8,203	-8,165	-8,116	-8,044	-7,939	-7,771	-7,557	0,011	0,011	0,007	0,028	0,053	0,088	0,105	0,129	0,162	0,201	0,255	0,309	0,365	0,385	0,308	0,000	0,000
14,000	-11,667	-11,527	-11,593	-11,527	-11,518	-11,492	-11,470	-11,478	-11,456	-11,437	-11,425	-11,364	-11,306	-11,154	-10,958	0,034	-0,038	0,019	0,070	0,072	0,069	0,083	0,085	0,106	0,131	0,175	0,239	0,298	0,334	0,273	0,000	0,000
15,000	-9,004	-9,143	-9,051	-9,067	-9,022	-9,016	-9,010	-8,996	-8,984	-8,980	-8,960	-8,930	-8,887	-8,809	-8,731	-0,261	-0,016	-0,027	0,028	0,034	0,053	0,057	0,065	0,072	0,086	0,108	0,127	0,153	0,160	0,129	0,000	0,000
	run	19	2022:11:08    11:08:57,086
0,000	-13,185	-13,315	-13,338	-13,435	-13,461	-13,474	-13,474	-13,488	-13,480	-13,489	-13,474	-13,450	-13,406	-13,316	-13,216	-0,368	-0,244	-0,206	-0,122	-0,095	-0,053	-0,030	-0,015	0,010	0,031	0,072	0,117	0,158	0,180	0,140	0,000	0,000
1,000	-17,374	-17,448	-17,401	-17,256	-17,129	-17,037	-16,981	-16,937	-16,897	-16,868	-16,833	-16,791	-16,740	-16,657	-16,567	-0,335	-0,064	0,051	0,215	0,255	0,239	0,236	0,206	0,196	0,185	0,187	0,192	0,198	0,204	0,154	0,000	0,000
2,000	-10,734	-10,661	-10,606	-10,445	-10,335	-10,250	-10,208	-10,160	-10,112	-10,080	-10,018	-9,958	-9,881	-9,765	-9,636	0,064	0,143	0,195	0,275	0,275	0,248	0,248	0,236	0,235	0,233	0,252	0,270	0,278	0,275	0,201	0,000	0,000
3,000	-11,741	-11,168	-10,889	-10,474	-10,268	-10,129	-10,064	-10,011	-9,970	-9,947	-9,922	-9,915	-9,900	-9,882	-9,859	2,993	1,904	1,464	0,947	0,739	0,555	0,451	0,359	0,279	0,213	0,161	0,122	0,096	0,078	0,047	0,000	0,000
4,000	-3,639	-3,497	-3,319	-3,239	-3,179	-3,157	-3,142	-3,119	-3,103	-3,094	-3,058	-3,006	-2,901	-2,735	-2,523	1,867	1,150	0,786	0,428	0,311	0,245	0,218	0,192	0,180	0,205	0,240	0,296	0,360	0,386	0,319	0,000	0,000
5,000	-6,584	-6,003	-5,971	-5,776	-5,702	-5,645	-5,617	-5,599	-5,563	-5,550	-5,504	-5,433	-5,323	-5,133	-4,904	2,418	1,274	0,950	0,538	0,407	0,302	0,277	0,252	0,246	0,251	0,296	0,352	0,403	0,439	0,343	0,000	0,000
6,000	-9,184	-9,179	-9,069	-8,932	-8,829	-8,774	-8,740	-8,711	-8,671	-8,651	-8,598	-8,531	-8,440	-8,289	-8,112	-0,102	0,113	0,171	0,227	0,227	0,196	0,204	0,196	0,206	0,219	0,256	0,295	0,330	0,351	0,266	0,000	0,000
7,000	-7,156	-7,082	-7,070	-6,969	-6,919	-6,890	-6,872	-6,857	-6,839	-6,834	-6,818	-6,795	-6,763	-6,708	-6,647	0,067	0,075	0,101	0,139	0,120	0,097	0,097	0,088	0,088	0,081	0,092	0,105	0,121	0,121	0,092	0,000	0,000
8,000	-20,188	-20,396	-20,425	-20,553	-20,549	-20,601	-20,640	-20,675	-20,700	-20,754	-20,769	-20,785	-20,780	-20,743	-20,682	-0,264	-0,214	-0,207	-0,159	-0,145	-0,151	-0,146	-0,136	-0,116	-0,102	-0,058	-0,004	0,023	0,066	0,067	0,000	0,000
9,000	-9,690	-9,632	-9,556	-9,344	-9,201	-9,087	-9,019	-8,966	-8,907	-8,871	-8,813	-8,745	-8,656	-8,534	-8,384	0,124	0,193	0,257	0,369	0,367	0,330	0,316	0,292	0,272	0,272	0,282	0,299	0,312	0,308	0,234	0,000	0,000
10,000	-9,602	-9,592	-9,452	-9,318	-9,223	-9,191	-9,162	-9,143	-9,121	-9,125	-9,104	-9,059	-9,003	-8,914	-8,800	-0,027	0,186	0,188	0,217	0,186	0,164	0,140	0,129	0,122	0,124	0,142	0,170	0,204	0,216	0,176	0,000	0,000
11,000	-9,940	-9,832	-9,790	-9,649	-9,561	-9,505	-9,473	-9,449	-9,418	-9,399	-9,357	-9,318	-9,247	-9,138	-9,012	0,155	0,176	0,195	0,227	0,214	0,179	0,176	0,167	0,167	0,168	0,195	0,222	0,238	0,246	0,190	0,000	0,000
12,000	-13,978	-14,050	-13,948	-13,918	-13,844	-13,828	-13,823	-13,813	-13,801	-13,807	-13,779	-13,741	-13,691	-13,575	-13,437	-0,005	0,106	0,100	0,108	0,102	0,091	0,084	0,086	0,093	0,103	0,147	0,182	0,216	0,247	0,196	0,000	0,000
13,000	-8,159	-8,178	-8,170	-8,180	-8,175	-8,159	-8,145	-8,125	-8,104	-8,070	-8,019	-7,943	-7,842	-7,683	-7,477	0,013	0,004	0,009	0,030	0,053	0,082	0,107	0,127	0,158	0,194	0,248	0,305	0,355	0,380	0,303	0,000	0,000
14,000	-11,406	-11,267	-11,327	-11,284	-11,276	-11,243	-11,219	-11,224	-11,205	-11,198	-11,183	-11,135	-11,060	-10,911	-10,721	0,054	-0,035	0,021	0,056	0,065	0,070	0,077	0,083	0,099	0,123	0,162	0,222	0,285	0,323	0,272	0,000	0,000
15,000	-8,863	-9,014	-8,903	-8,927	-8,884	-8,883	-8,877	-8,862	-8,846	-8,842	-8,823	-8,798	-8,747	-8,678	-8,593	-0,264	-0,017	-0,042	0,031	0,035	0,051	0,054	0,062	0,068	0,085	0,110	0,126	0,148	0,157	0,126	0,000	0,000
	run	20	2022:11:08    11:08:57,135
0,000	-13,043	-13,177	-13,200	-13,293	-13,311	-13,319	-13,328	-13,332	-13,332	-13,348	-13,329	-13,305	-13,260	-13,178	-13,073	-0,363	-0,239	-0,205	-0,119	-0,091	-0,060	-0,030	-0,010	0,007	0,028	0,069	0,120	0,159	0,177	0,145	0,000	0,000
1,000	-17,401	-17,490	-17,436	-17,299	-17,162	-17,075	-17,026	-16,978	-16,937	-16,908	-16,866	-16,828	-16,780	-16,696	-16,598	-0,333	-0,058	0,058	0,220	0,262	0,235	0,230	0,206	0,196	0,183	0,188	0,190	0,200	0,198	0,149	0,000	0,000
2,000	-10,734	-10,661	-10,606	-10,445	-10,335	-10,250	-10,208	-10,160	-10,112	-10,080	-10,018	-9,958	-9,881	-9,765	-9,636	0,064	0,143	0,195	0,275	0,275	0,248	0,248	0,236	0,235	0,233	0,252	0,270	0,278	0,275	0,201	0,000	0,000
3,000	-11,741	-11,168	-10,889	-10,474	-10,268	-10,129	-10,064	-10,011	-9,970	-9,947	-9,922	-9,915	-9,900	-9,882	-9,859	2,993	1,904	1,464	0,947	0,739	0,555	0,451	0,359	0,279	0,213	0,161	0,122	0,096	0,078	0,047	0,000	0,000
4,000	-3,639	-3,497	-3,319	-3,239	-3,179	-3,157	-3,142	-3,119	-3,103	-3,094	-3,058	-3,006	-2,901	-2,735	-2,523	1,867	1,150	0,786	0,428	0,311	0,245	0,218	0,192	0,180	0,205	0,240	0,296	0,360	0,386	0,319	0,000	0,000
5,000	-6,584	-6,003	-5,971	-5,776	-5,702	-5,645	-5,617	-5,599	-5,563	-5,550	-5,504	-5,433	-5,323	-5,133	-4,904	2,418	1,274	0,950	0,538	0,407	0,302	0,277	0,252	0,246	0,251	0,296	0,352	0,403	0,439	0,343	0,000	0,000
6,000	-9,184	-9,179	-9,069	-8,932	-8,829	-8,774	-8,740	-8,711	-8,671	-8,651	-8,598	-8,531	-8,440	-8,289	-8,112	-0,102	0,113	0,171	0,227	0,227	0,196	0,204	0,196	0,206	0,219	0,256	0,295	0,330	0,351	0,266	0,000	0,000
7,000	-7,156	-7,082	-7,070	-6,969	-6,919	-6,890	-6,872	-6,857	-6,839	-6,834	-6,818	-6,795	-6,763	-6,708	-6,647	0,067	0,075	0,101	0,139	0,120	0,097	0,097	0,088	0,088	0,081	0,092	0,105	0,121	0,121	0,092	0,000	0,000
8,000	-20,359	-20,549	-20,579	-20,702	-20,707	-20,761	-20,797	-20,829	-20,851	-20,911	-20,928	-20,946	-20,945	-20,906	-20,837	-0,272	-0,216	-0,213	-0,164	-0,138	-0,156	-0,148	-0,141	-0,119	-0,103	-0,055	-0,011	0,022	0,072	0,067	0,000	0,000
9,000	-9,931	-9,846	-9,763	-9,554	-9,411	-9,287	-9,222	-9,173	-9,114	-9,072	-9,008	-8,944	-8,860	-8,725	-8,572	0,129	0,194	0,277	0,366	0,377	0,341	0,323	0,294	0,283	0,271	0,287	0,304	0,320	0,322	0,238	0,000	0,000
10,000	-9,766	-9,751	-9,599	-9,420	-9,316	-9,277	-9,252	-9,239	-9,217	-9,218	-9,195	-9,152	-9,094	-8,995	-8,881	0,023	0,232	0,234	0,246	0,205	0,173	0,152	0,137	0,122	0,128	0,153	0,179	0,213	0,223	0,175	0,000	0,000
11,000	-10,002	-9,886	-9,828	-9,676	-9,586	-9,529	-9,497	-9,476	-9,443	-9,424	-9,384	-9,338	-9,266	-9,157	-9,024	0,164	0,202	0,218	0,234	0,224	0,188	0,184	0,169	0,170	0,175	0,205	0,228	0,247	0,257	0,197	0,000	0,000
12,000	-14,232	-14,309	-14,207	-14,176	-14,101	-14,090	-14,083	-14,068	-14,056	-14,067	-14,033	-13,998	-13,940	-13,824	-13,690	-0,016	0,096	0,103	0,104	0,097	0,085	0,081	0,082	0,095	0,109	0,145	0,186	0,223	0,254	0,200	0,000	0,000
13,000	-8,256	-8,265	-8,251	-8,267	-8,260	-8,244	-8,226	-8,212	-8,185	-8,150	-8,100	-8,030	-7,927	-7,762	-7,550	0,005	0,006	0,014	0,036	0,064	0,086	0,107	0,134	0,161	0,202	0,256	0,310	0,359	0,379	0,310	0,000	0,000
14,000	-11,460	-11,309	-11,385	-11,327	-11,298	-11,285	-11,259	-11,254	-11,254	-11,244	-11,212	-11,177	-11,095	-10,963	-10,765	0,016	-0,038	0,009	0,063	0,065	0,065	0,081	0,079	0,101	0,127	0,182	0,227	0,289	0,327	0,271	0,000	0,000
15,000	-8,821	-8,976	-8,875	-8,898	-8,854	-8,850	-8,843	-8,835	-8,817	-8,817	-8,793	-8,768	-8,717	-8,650	-8,568	-0,258	-0,022	-0,033	0,019	0,031	0,049	0,056	0,061	0,069	0,089	0,099	0,123	0,151	0,158	0,129	0,000	0,000
	run	21	2022:11:08    11:08:57,234
0,000	-13,173	-13,297	-13,323	-13,422	-13,440	-13,455	-13,459	-13,463	-13,463	-13,468	-13,460	-13,434	-13,391	-13,304	-13,200	-0,368	-0,243	-0,198	-0,124	-0,089	-0,058	-0,029	-0,014	0,007	0,033	0,070	0,117	0,157	0,178	0,142	0,000	0,000
1,000	-17,397	-17,477	-17,428	-17,282	-17,153	-17,058	-17,007	-16,969	-16,919	-16,899	-16,854	-16,819	-16,765	-16,688	-16,594	-0,333	-0,052	0,061	0,225	0,254	0,242	0,229	0,209	0,191	0,185	0,187	0,193	0,194	0,200	0,149	0,000	0,000
2,000	-10,763	-10,676	-10,638	-10,468	-10,362	-10,279	-10,230	-10,191	-10,141	-10,104	-10,048	-9,986	-9,903	-9,789	-9,659	0,051	0,143	0,191	0,273	0,271	0,247	0,248	0,236	0,235	0,237	0,252	0,274	0,285	0,274	0,208	0,000	0,000
3,000	-11,792	-11,223	-10,941	-10,514	-10,303	-10,177	-10,109	-10,058	-10,018	-9,994	-9,973	-9,963	-9,953	-9,938	-9,925	3,012	1,927	1,485	0,956	0,738	0,552	0,448	0,355	0,275	0,209	0,156	0,113	0,083	0,072	0,043	0,000	0,000
4,000	-3,525	-3,364	-3,204	-3,127	-3,059	-3,046	-3,033	-3,009	-2,996	-2,987	-2,960	-2,900	-2,804	-2,639	-2,428	1,853	1,129	0,767	0,419	0,307	0,241	0,206	0,190	0,175	0,201	0,235	0,288	0,352	0,375	0,308	0,000	0,000
5,000	-6,411	-5,810	-5,791	-5,604	-5,542	-5,484	-5,458	-5,443	-5,409	-5,395	-5,345	-5,281	-5,176	-4,994	-4,772	2,396	1,255	0,926	0,518	0,389	0,288	0,265	0,242	0,238	0,243	0,280	0,334	0,384	0,414	0,325	0,000	0,000
6,000	-9,083	-9,063	-8,969	-8,831	-8,722	-8,669	-8,637	-8,608	-8,572	-8,555	-8,496	-8,433	-8,347	-8,199	-8,031	-0,090	0,109	0,153	0,228	0,214	0,200	0,195	0,193	0,202	0,208	0,247	0,281	0,316	0,333	0,265	0,000	0,000
7,000	-7,094	-7,030	-7,030	-6,935	-6,883	-6,852	-6,832	-6,823	-6,805	-6,797	-6,783	-6,760	-6,732	-6,675	-6,615	0,056	0,070	0,093	0,139	0,118	0,098	0,087	0,085	0,088	0,085	0,093	0,109	0,114	0,119	0,091	0,000	0,000
8,000	-20,073	-20,266	-20,290	-20,418	-20,416	-20,464	-20,499	-20,537	-20,562	-20,615	-20,633	-20,647	-20,649	-20,606	-20,541	-0,268	-0,200	-0,191	-0,152	-0,132	-0,151	-0,143	-0,140	-0,119	-0,097	-0,055	-0,016	0,022	0,069	0,070	0,000	0,000
9,000	-9,769	-9,713	-9,645	-9,449	-9,305	-9,187	-9,121	-9,076	-9,008	-8,971	-8,910	-8,846	-8,762	-8,636	-8,480	0,083	0,178	0,244	0,352	0,358	0,331	0,315	0,290	0,273	0,268	0,279	0,300	0,309	0,311	0,235	0,000	0,000
10,000	-9,614	-9,605	-9,458	-9,295	-9,195	-9,155	-9,126	-9,114	-9,093	-9,090	-9,062	-9,029	-8,964	-8,870	-8,751	0,005	0,212	0,228	0,250	0,207	0,170	0,150	0,135	0,124	0,136	0,153	0,175	0,208	0,228	0,177	0,000	0,000
11,000	-10,055	-9,922	-9,887	-9,722	-9,634	-9,581	-9,549	-9,528	-9,496	-9,477	-9,435	-9,384	-9,318	-9,204	-9,069	0,180	0,196	0,208	0,234	0,222	0,186	0,182	0,172	0,170	0,175	0,199	0,231	0,248	0,260	0,197	0,000	0,000
12,000	-14,612	-14,687	-14,579	-14,546	-14,481	-14,457	-14,446	-14,440	-14,427	-14,439	-14,406	-14,367	-14,308	-14,186	-14,042	-0,024	0,098	0,103	0,109	0,106	0,093	0,091	0,088	0,100	0,108	0,145	0,190	0,237	0,254	0,206	0,000	0,000
13,000	-8,476	-8,483	-8,478	-8,489	-8,470	-8,460	-8,443	-8,427	-8,396	-8,368	-8,322	-8,236	-8,134	-7,963	-7,742	0,028	0,019	0,011	0,044	0,069	0,087	0,115	0,135	0,165	0,208	0,263	0,317	0,377	0,394	0,316	0,000	0,000
14,000	-11,686	-11,511	-11,585	-11,525	-11,509	-11,479	-11,463	-11,458	-11,436	-11,440	-11,422	-11,360	-11,288	-11,140	-10,951	0,032	-0,049	0,027	0,072	0,070	0,068	0,082	0,082	0,097	0,134	0,176	0,231	0,296	0,329	0,276	0,000	0,000
15,000	-8,896	-9,060	-8,948	-8,981	-8,940	-8,933	-8,927	-8,914	-8,895	-8,894	-8,874	-8,848	-8,798	-8,728	-8,645	-0,279	-0,023	-0,034	0,027	0,037	0,050	0,057	0,064	0,072	0,088	0,104	0,124	0,150	0,161	0,128	0,000	0,000
	run	22	2022:11:08    11:08:57,286
0,000	-13,173	-13,297	-13,323	-13,422	-13,440	-13,455	-13,459	-13,463	-13,463	-13,468	-13,460	-13,434	-13,391	-13,304	-13,200	-0,368	-0,243	-0,198	-0,124	-0,089	-0,058	-0,029	-0,014	0,007	0,033	0,070	0,117	0,157	0,178	0,142	0,000	0,000
1,000	-17,397	-17,477	-17,428	-17,282	-17,153	-17,058	-17,007	-16,969	-16,919	-16,899	-16,854	-16,819	-16,765	-16,688	-16,594	-0,333	-0,052	0,061	0,225	0,254	0,242	0,229	0,209	0,191	0,185	0,187	0,193	0,194	0,200	0,149	0,000	0,000
2,000	-10,763	-10,676	-10,638	-10,468	-10,362	-10,279	-10,230	-10,191	-10,141	-10,104	-10,048	-9,986	-9,903	-9,789	-9,659	0,051	0,143	0,191	0,273	0,271	0,247	0,248	0,236	0,235	0,237	0,252	0,274	0,285	0,274	0,208	0,000	0,000
3,000	-11,792	-11,223	-10,941	-10,514	-10,303	-10,177	-10,109	-10,058	-10,018	-9,994	-9,973	-9,963	-9,953	-9,938	-9,925	3,012	1,927	1,485	0,956	0,738	0,552	0,448	0,355	0,275	0,209	0,156	0,113	0,083	0,072	0,043	0,000	0,000
4,000	-3,525	-3,364	-3,204	-3,127	-3,059	-3,046	-3,033	-3,009	-2,996	-2,987	-2,960	-2,900	-2,804	-2,639	-2,428	1,853	1,129	0,767	0,419	0,307	0,241	0,206	0,190	0,175	0,201	0,235	0,288	0,352	0,375	0,308	0,000	0,000
5,000	-6,411	-5,810	-5,791	-5,604	-5,542	-5,484	-5,458	-5,443	-5,409	-5,395	-5,345	-5,281	-5,176	-4,994	-4,772	2,396	1,255	0,926	0,518	0,389	0,288	0,265	0,242	0,238	0,243	0,280	0,334	0,384	0,414	0,325	0,000	0,000
6,000	-8,879	-8,882	-8,790	-8,660	-8,563	-8,506	-8,480	-8,451	-8,411	-8,387	-8,341	-8,276	-8,198	-8,050	-7,885	-0,101	0,101	0,141	0,212	0,215	0,194	0,196	0,191	0,198	0,206	0,235	0,280	0,309	0,323	0,257	0,000	0,000
7,000	-6,934	-6,882	-6,877	-6,793	-6,741	-6,708	-6,691	-6,685	-6,665	-6,660	-6,645	-6,628	-6,607	-6,554	-6,497	0,059	0,046	0,082	0,117	0,110	0,085	0,086	0,074	0,075	0,076	0,079	0,095	0,105	0,107	0,080	0,000	0,000
8,000	-19,693	-19,867	-19,870	-19,974	-19,972	-20,021	-20,052	-20,087	-20,119	-20,162	-20,182	-20,190	-20,193	-20,156	-20,085	-0,263	-0,168	-0,167	-0,129	-0,120	-0,142	-0,132	-0,135	-0,104	-0,095	-0,045	-0,002	0,028	0,070	0,071	0,000	0,000
9,000	-9,512	-9,470	-9,426	-9,253	-9,119	-9,009	-8,939	-8,892	-8,830	-8,793	-8,732	-8,677	-8,588	-8,464	-8,316	0,055	0,127	0,195	0,318	0,333	0,314	0,301	0,278	0,273	0,259	0,274	0,292	0,301	0,299	0,231	0,000	0,000
10,000	-9,539	-9,528	-9,378	-9,219	-9,121	-9,082	-9,054	-9,041	-9,020	-9,016	-8,996	-8,957	-8,900	-8,797	-8,689	-0,012	0,208	0,213	0,245	0,203	0,163	0,146	0,133	0,125	0,132	0,156	0,174	0,207	0,219	0,176	0,000	0,000
11,000	-10,144	-10,015	-9,972	-9,827	-9,738	-9,680	-9,656	-9,633	-9,600	-9,582	-9,538	-9,491	-9,422	-9,311	-9,175	0,167	0,185	0,209	0,227	0,217	0,181	0,179	0,165	0,167	0,178	0,199	0,226	0,248	0,262	0,204	0,000	0,000
12,000	-14,689	-14,770	-14,663	-14,621	-14,558	-14,543	-14,540	-14,519	-14,503	-14,515	-14,491	-14,442	-14,387	-14,263	-14,120	-0,020	0,094	0,099	0,109	0,108	0,093	0,091	0,090	0,097	0,110	0,152	0,191	0,233	0,263	0,211	0,000	0,000
13,000	-8,591	-8,594	-8,586	-8,592	-8,581	-8,567	-8,551	-8,532	-8,505	-8,471	-8,416	-8,336	-8,224	-8,053	-7,831	0,033	0,028	0,017	0,045	0,066	0,093	0,117	0,138	0,176	0,213	0,272	0,326	0,382	0,404	0,325	0,000	0,000
14,000	-11,874	-11,775	-11,824	-11,753	-11,740	-11,707	-11,693	-11,690	-11,672	-11,670	-11,647	-11,598	-11,517	-11,363	-11,163	0,025	-0,034	0,019	0,075	0,075	0,074	0,086	0,085	0,106	0,126	0,182	0,238	0,301	0,347	0,284	0,000	0,000
15,000	-9,070	-9,227	-9,117	-9,141	-9,102	-9,094	-9,090	-9,075	-9,056	-9,054	-9,032	-9,011	-8,958	-8,885	-8,803	-0,269	-0,017	-0,027	0,031	0,040	0,052	0,056	0,071	0,071	0,089	0,107	0,121	0,149	0,163	0,129	0,000	0,000
	run	23	2022:11:08    11:08:57,387
0,000	-13,485	-13,622	-13,634	-13,735	-13,750	-13,771	-13,782	-13,785	-13,784	-13,794	-13,783	-13,750	-13,702	-13,620	-13,510	-0,367	-0,251	-0,200	-0,124	-0,095	-0,065	-0,036	-0,014	0,007	0,033	0,075	0,120	0,161	0,185	0,149	0,000	0,000
1,000	-17,653	-17,728	-17,658	-17,509	-17,376	-17,276	-17,223	-17,176	-17,135	-17,108	-17,068	-17,028	-16,977	-16,892	-16,794	-0,327	-0,056	0,080	0,237	0,272	0,253	0,238	0,216	0,201	0,189	0,192	0,198	0,195	0,201	0,153	0,000	0,000
2,000	-10,735	-10,653	-10,610	-10,444	-10,334	-10,253	-10,206	-10,160	-10,115	-10,082	-10,029	-9,959	-9,882	-9,762	-9,638	0,069	0,143	0,193	0,272	0,273	0,247	0,248	0,232	0,235	0,235	0,246	0,269	0,280	0,273	0,203	0,000	0,000
3,000	-11,518	-10,966	-10,688	-10,299	-10,105	-9,972	-9,903	-9,855	-9,816	-9,792	-9,765	-9,757	-9,738	-9,721	-9,707	2,969	1,868	1,428	0,921	0,723	0,544	0,444	0,356	0,275	0,211	0,154	0,121	0,093	0,072	0,046	0,000	0,000
4,000	-3,494	-3,377	-3,219	-3,132	-3,067	-3,042	-3,031	-3,010	-2,999	-2,992	-2,965	-2,907	-2,810	-2,649	-2,447	1,829	1,131	0,767	0,413	0,297	0,235	0,207	0,187	0,175	0,198	0,231	0,281	0,341	0,372	0,297	0,000	0,000
5,000	-6,294	-5,730	-5,711	-5,525	-5,465	-5,408	-5,374	-5,364	-5,324	-5,317	-5,268	-5,202	-5,105	-4,925	-4,708	2,363	1,234	0,915	0,506	0,380	0,284	0,263	0,239	0,234	0,235	0,275	0,326	0,379	0,405	0,318	0,000	0,000
6,000	-8,765	-8,768	-8,683	-8,556	-8,456	-8,402	-8,380	-8,346	-8,307	-8,291	-8,235	-8,180	-8,096	-7,956	-7,792	-0,105	0,088	0,139	0,206	0,215	0,189	0,190	0,189	0,194	0,205	0,235	0,271	0,303	0,321	0,248	0,000	0,000
7,000	-6,825	-6,767	-6,778	-6,697	-6,658	-6,630	-6,616	-6,604	-6,583	-6,584	-6,565	-6,548	-6,520	-6,468	-6,408	0,049	0,046	0,070	0,107	0,105	0,082	0,080	0,078	0,076	0,073	0,082	0,093	0,106	0,110	0,085	0,000	0,000
8,000	-19,506	-19,705	-19,707	-19,793	-19,787	-19,835	-19,861	-19,889	-19,920	-19,965	-19,987	-19,997	-19,999	-19,958	-19,896	-0,244	-0,154	-0,164	-0,117	-0,101	-0,122	-0,126	-0,123	-0,104	-0,090	-0,046	-0,004	0,027	0,072	0,066	0,000	0,000
9,000	-9,488	-9,467	-9,413	-9,248	-9,119	-9,008	-8,936	-8,890	-8,826	-8,788	-8,730	-8,669	-8,583	-8,461	-8,316	0,072	0,124	0,201	0,319	0,337	0,310	0,303	0,282	0,270	0,260	0,276	0,291	0,302	0,303	0,228	0,000	0,000
10,000	-9,644	-9,621	-9,476	-9,314	-9,216	-9,176	-9,150	-9,139	-9,113	-9,114	-9,090	-9,052	-8,991	-8,901	-8,789	0,007	0,216	0,225	0,248	0,197	0,167	0,145	0,133	0,119	0,132	0,152	0,176	0,204	0,219	0,173	0,000	0,000
11,000	-10,157	-10,025	-9,976	-9,833	-9,750	-9,696	-9,663	-9,641	-9,612	-9,593	-9,554	-9,506	-9,436	-9,325	-9,198	0,171	0,190	0,206	0,227	0,219	0,179	0,177	0,168	0,165	0,171	0,196	0,224	0,244	0,257	0,201	0,000	0,000
12,000	-14,586	-14,660	-14,554	-14,524	-14,456	-14,432	-14,425	-14,413	-14,400	-14,407	-14,380	-14,333	-14,281	-14,160	-14,013	-0,025	0,100	0,091	0,112	0,108	0,092	0,089	0,090	0,096	0,111	0,156	0,193	0,235	0,260	0,208	0,000	0,000
13,000	-8,567	-8,507	-8,533	-8,532	-8,523	-8,500	-8,488	-8,472	-8,451	-8,416	-8,355	-8,286	-8,177	-8,007	-7,793	0,042	0,014	0,014	0,044	0,071	0,085	0,112	0,132	0,170	0,209	0,266	0,319	0,374	0,399	0,315	0,000	0,000
14,000	-11,997	-11,915	-11,959	-11,892	-11,878	-11,843	-11,831	-11,816	-11,811	-11,799	-11,763	-11,725	-11,649	-11,491	-11,291	-0,036	-0,028	0,019	0,065	0,071	0,077	0,092	0,091	0,103	0,137	0,193	0,243	0,313	0,349	0,286	0,000	0,000
15,000	-9,141	-9,290	-9,194	-9,217	-9,168	-9,167	-9,161	-9,141	-9,131	-9,130	-9,107	-9,081	-9,031	-8,951	-8,877	-0,263	-0,023	-0,035	0,025	0,037	0,052	0,058	0,061	0,071	0,087	0,106	0,122	0,153	0,159	0,132	0,000	0,000
