Device: PM2003001		2022:11:15    09:50:32,042  (DLL version: 1.20;  Status: HW:v1.02 SW:v1.3 CRC:31ED BATTERY:4170mV ST:2 ERR:0010;  MUX data; S: 92 I:143 R:200.000 C:1.094p F:)
Excitation level, V:	1,50
Voltage Channel Gain:	10
Current Channel Gain:	1
Voltmeter Range, V:	0,3
Ampermeter Range, A:	15,0m
Step Period, ms:	5
R transimp:	200
C transimp:	1,1p
Measurement Table: 	EEPROM  16

Freq, Hz	1,0k	2,0k	3,0k	7,0k	11,0k	17,0k	23,0k	31,0k	43,0k	61,0k	89,0k	127,0k	179,0k	251,0k	349,0k	1,0k	2,0k	3,0k	7,0k	11,0k	17,0k	23,0k	31,0k	43,0k	61,0k	89,0k	127,0k	179,0k	251,0k	349,0k
	run	1	2022:11:15    09:50:32,044
MUX	Re1, ohm	Re2, ohm	Re3, ohm	Re4, ohm	Re5, ohm	Re6, ohm	Re7, ohm	Re8, ohm	Re9, ohm	Re10, ohm	Re11, ohm	Re12, ohm	Re13, ohm	Re14, ohm	Re15, ohm	Im1, ohm	Im2, ohm	Im3, ohm	Im4, ohm	Im5, ohm	Im6, ohm	Im7, ohm	Im8, ohm	Im9, ohm	Im10, ohm	Im11, ohm	Im12, ohm	Im13, ohm	Im14, ohm	Im15, ohm	U, V	I, mA

0,000	-3,722	-3,587	-3,510	-3,428	-3,402	-3,389	-3,384	-3,383	-3,378	-3,380	-3,378	-3,375	-3,374	-3,365	-3,356	0,289	0,252	0,211	0,127	0,092	0,060	0,052	0,039	0,029	0,021	0,019	0,020	0,020	0,018	0,014	0,044	11,653
1,000	-4,262	-4,328	-4,339	-4,316	-4,287	-4,267	-4,259	-4,253	-4,241	-4,243	-4,233	-4,226	-4,218	-4,203	-4,187	-0,139	-0,078	-0,033	0,032	0,040	0,037	0,038	0,034	0,034	0,029	0,030	0,034	0,033	0,034	0,025	0,049	11,294
2,000	-2,723	-2,761	-2,763	-2,765	-2,747	-2,732	-2,722	-2,714	-2,700	-2,695	-2,687	-2,682	-2,674	-2,663	-2,652	-0,057	-0,034	-0,020	0,018	0,031	0,034	0,040	0,038	0,036	0,033	0,031	0,029	0,028	0,025	0,017	0,039	11,646
3,000	-5,514	-5,536	-5,543	-5,510	-5,475	-5,457	-5,448	-5,443	-5,437	-5,443	-5,439	-5,437	-5,431	-5,416	-5,398	-0,042	-0,009	0,013	0,049	0,055	0,043	0,035	0,029	0,023	0,015	0,020	0,022	0,029	0,032	0,024	0,079	12,415
4,000	-3,032	-3,067	-3,074	-3,084	-3,077	-3,070	-3,067	-3,062	-3,058	-3,057	-3,051	-3,044	-3,031	-3,011	-2,987	-0,064	-0,047	-0,029	-0,005	0,006	0,011	0,015	0,017	0,023	0,024	0,031	0,036	0,042	0,045	0,035	0,042	12,246
5,000	-3,398	-3,450	-3,468	-3,487	-3,482	-3,484	-3,483	-3,483	-3,484	-3,482	-3,483	-3,475	-3,464	-3,442	-3,415	-0,110	-0,082	-0,060	-0,026	-0,011	-0,005	-0,001	0,001	0,006	0,012	0,023	0,031	0,041	0,049	0,040	0,050	11,169
6,000	-2,122	-2,147	-2,157	-2,144	-2,125	-2,113	-2,104	-2,097	-2,090	-2,087	-2,085	-2,082	-2,078	-2,071	-2,064	-0,059	-0,031	-0,016	0,022	0,029	0,031	0,033	0,031	0,025	0,017	0,021	0,020	0,015	0,017	0,012	0,028	11,550
7,000	-1,619	-1,630	-1,637	-1,641	-1,642	-1,644	-1,647	-1,647	-1,646	-1,651	-1,652	-1,653	-1,652	-1,648	-1,646	-0,032	-0,024	-0,018	-0,009	-0,009	-0,009	-0,009	-0,009	-0,005	-0,005	-0,004	-0,001	0,003	0,004	0,003	0,036	10,876
8,000	-5,124	-5,144	-5,144	-5,150	-5,139	-5,134	-5,132	-5,137	-5,134	-5,139	-5,142	-5,141	-5,140	-5,137	-5,134	-0,035	-0,020	-0,015	0,001	-0,001	-0,002	0,001	-0,000	-0,001	-0,005	-0,001	0,001	-0,001	0,005	0,001	0,059	10,891
9,000	-2,037	-2,032	-2,050	-2,034	-2,024	-2,023	-2,019	-2,018	-2,009	-2,011	-2,002	-1,994	-1,979	-1,957	-1,930	0,007	-0,005	0,009	0,015	0,023	0,016	0,021	0,024	0,027	0,028	0,033	0,039	0,048	0,049	0,042	0,046	12,766
10,000	-1,549	-1,554	-1,535	-1,499	-1,471	-1,456	-1,444	-1,441	-1,433	-1,437	-1,433	-1,432	-1,424	-1,410	-1,399	-0,007	0,028	0,038	0,057	0,053	0,045	0,037	0,034	0,026	0,025	0,021	0,023	0,025	0,030	0,022	0,053	13,425
11,000	-3,066	-3,067	-3,054	-3,032	-3,015	-3,001	-2,995	-2,989	-2,983	-2,978	-2,969	-2,966	-2,959	-2,949	-2,941	-0,003	0,013	0,026	0,040	0,039	0,035	0,034	0,031	0,030	0,026	0,026	0,027	0,024	0,024	0,018	0,040	13,315
12,000	-4,515	-4,551	-4,553	-4,556	-4,543	-4,541	-4,539	-4,540	-4,537	-4,541	-4,539	-4,530	-4,522	-4,500	-4,472	-0,060	-0,033	-0,019	0,001	0,007	0,007	0,009	0,008	0,011	0,013	0,019	0,029	0,041	0,046	0,036	0,067	12,751
13,000	-1,990	-2,008	-2,024	-2,024	-2,019	-2,017	-2,013	-2,013	-2,009	-2,010	-2,008	-2,004	-1,992	-1,983	-1,962	-0,053	-0,039	-0,029	-0,000	0,002	-0,000	0,006	0,011	0,013	0,011	0,016	0,019	0,029	0,030	0,025	0,044	11,602
14,000	-2,952	-2,360	-2,115	-1,872	-1,800	-1,763	-1,744	-1,731	-1,723	-1,717	-1,709	-1,705	-1,697	-1,687	-1,674	1,298	0,991	0,779	0,432	0,307	0,219	0,172	0,133	0,101	0,077	0,059	0,052	0,042	0,038	0,024	0,031	11,550
15,000	-1,742	-1,204	-1,047	-0,894	-0,861	-0,843	-0,836	-0,830	-0,823	-0,824	-0,824	-0,824	-0,822	-0,817	-0,816	1,216	0,833	0,617	0,307	0,206	0,139	0,106	0,081	0,060	0,044	0,030	0,021	0,018	0,014	0,009	0,042	12,444
	run	2	2022:11:15    09:50:32,091
0,000	-3,703	-3,564	-3,488	-3,407	-3,380	-3,366	-3,361	-3,359	-3,355	-3,357	-3,356	-3,352	-3,351	-3,341	-3,333	0,290	0,250	0,212	0,129	0,092	0,061	0,048	0,039	0,029	0,021	0,019	0,018	0,019	0,019	0,015	0,044	11,675
1,000	-4,212	-4,278	-4,289	-4,269	-4,242	-4,222	-4,215	-4,206	-4,199	-4,199	-4,191	-4,182	-4,176	-4,160	-4,145	-0,144	-0,081	-0,035	0,029	0,039	0,034	0,035	0,032	0,030	0,029	0,029	0,033	0,033	0,033	0,023	0,049	11,323
2,000	-2,723	-2,761	-2,763	-2,765	-2,747	-2,732	-2,722	-2,714	-2,700	-2,695	-2,687	-2,682	-2,674	-2,663	-2,652	-0,057	-0,034	-0,020	0,018	0,031	0,034	0,040	0,038	0,036	0,033	0,031	0,029	0,028	0,025	0,017	0,039	11,646
3,000	-5,514	-5,536	-5,543	-5,510	-5,475	-5,457	-5,448	-5,443	-5,437	-5,443	-5,439	-5,437	-5,431	-5,416	-5,398	-0,042	-0,009	0,013	0,049	0,055	0,043	0,035	0,029	0,023	0,015	0,020	0,022	0,029	0,032	0,024	0,079	12,415
4,000	-3,032	-3,067	-3,074	-3,084	-3,077	-3,070	-3,067	-3,062	-3,058	-3,057	-3,051	-3,044	-3,031	-3,011	-2,987	-0,064	-0,047	-0,029	-0,005	0,006	0,011	0,015	0,017	0,023	0,024	0,031	0,036	0,042	0,045	0,035	0,042	12,246
5,000	-3,398	-3,450	-3,468	-3,487	-3,482	-3,484	-3,483	-3,483	-3,484	-3,482	-3,483	-3,475	-3,464	-3,442	-3,415	-0,110	-0,082	-0,060	-0,026	-0,011	-0,005	-0,001	0,001	0,006	0,012	0,023	0,031	0,041	0,049	0,040	0,050	11,169
6,000	-2,122	-2,147	-2,157	-2,144	-2,125	-2,113	-2,104	-2,097	-2,090	-2,087	-2,085	-2,082	-2,078	-2,071	-2,064	-0,059	-0,031	-0,016	0,022	0,029	0,031	0,033	0,031	0,025	0,017	0,021	0,020	0,015	0,017	0,012	0,028	11,550
7,000	-1,619	-1,630	-1,637	-1,641	-1,642	-1,644	-1,647	-1,647	-1,646	-1,651	-1,652	-1,653	-1,652	-1,648	-1,646	-0,032	-0,024	-0,018	-0,009	-0,009	-0,009	-0,009	-0,009	-0,005	-0,005	-0,004	-0,001	0,003	0,004	0,003	0,036	10,876
8,000	-5,109	-5,143	-5,140	-5,147	-5,135	-5,134	-5,140	-5,134	-5,136	-5,139	-5,139	-5,138	-5,144	-5,140	-5,134	-0,032	-0,019	-0,014	-0,002	0,003	0,001	0,000	0,001	0,001	-0,004	-0,002	-0,002	0,004	0,003	0,003	0,059	10,854
9,000	-2,010	-1,997	-2,002	-1,998	-1,986	-1,980	-1,979	-1,972	-1,969	-1,970	-1,963	-1,952	-1,939	-1,918	-1,895	0,006	-0,006	-0,002	0,015	0,022	0,017	0,020	0,024	0,023	0,026	0,033	0,037	0,048	0,048	0,036	0,045	12,766
10,000	-1,546	-1,555	-1,530	-1,497	-1,469	-1,453	-1,447	-1,437	-1,433	-1,434	-1,434	-1,428	-1,420	-1,407	-1,397	-0,009	0,029	0,040	0,057	0,053	0,049	0,040	0,033	0,025	0,022	0,021	0,022	0,027	0,028	0,023	0,053	13,411
11,000	-3,048	-3,045	-3,034	-3,012	-2,994	-2,981	-2,975	-2,971	-2,960	-2,957	-2,952	-2,947	-2,941	-2,929	-2,922	-0,002	0,015	0,025	0,036	0,038	0,034	0,035	0,034	0,029	0,026	0,027	0,024	0,023	0,021	0,015	0,040	13,308
12,000	-4,526	-4,564	-4,562	-4,565	-4,554	-4,551	-4,549	-4,549	-4,547	-4,548	-4,547	-4,540	-4,531	-4,508	-4,482	-0,062	-0,033	-0,024	0,002	0,009	0,008	0,008	0,010	0,011	0,013	0,023	0,031	0,040	0,048	0,038	0,067	12,751
13,000	-1,980	-1,991	-2,014	-2,013	-2,005	-2,005	-2,002	-2,000	-1,994	-1,999	-1,996	-1,993	-1,983	-1,971	-1,954	-0,054	-0,032	-0,029	0,002	0,001	0,007	0,007	0,010	0,008	0,012	0,020	0,022	0,025	0,029	0,023	0,044	11,602
14,000	-2,934	-2,343	-2,097	-1,856	-1,784	-1,748	-1,732	-1,717	-1,708	-1,704	-1,695	-1,690	-1,684	-1,674	-1,660	1,298	0,988	0,778	0,429	0,307	0,216	0,169	0,133	0,102	0,076	0,060	0,049	0,043	0,036	0,024	0,031	11,550
15,000	-1,727	-1,189	-1,033	-0,884	-0,848	-0,833	-0,824	-0,819	-0,813	-0,815	-0,814	-0,813	-0,812	-0,806	-0,806	1,205	0,830	0,612	0,302	0,203	0,135	0,104	0,080	0,057	0,042	0,029	0,021	0,018	0,014	0,008	0,042	12,466
	run	3	2022:11:15    09:50:32,191
0,000	-3,707	-3,565	-3,492	-3,409	-3,380	-3,370	-3,364	-3,360	-3,356	-3,358	-3,357	-3,355	-3,352	-3,344	-3,335	0,290	0,252	0,213	0,128	0,092	0,063	0,050	0,038	0,030	0,022	0,019	0,019	0,019	0,020	0,014	0,043	11,646
1,000	-4,195	-4,262	-4,273	-4,257	-4,228	-4,212	-4,203	-4,197	-4,189	-4,188	-4,181	-4,174	-4,165	-4,152	-4,137	-0,145	-0,082	-0,040	0,025	0,036	0,030	0,031	0,030	0,029	0,026	0,027	0,032	0,033	0,033	0,023	0,049	11,316
2,000	-2,679	-2,705	-2,712	-2,717	-2,700	-2,683	-2,674	-2,668	-2,652	-2,650	-2,641	-2,632	-2,626	-2,615	-2,605	-0,059	-0,031	-0,018	0,016	0,030	0,034	0,040	0,036	0,034	0,033	0,030	0,030	0,027	0,023	0,017	0,039	11,704
3,000	-5,426	-5,449	-5,453	-5,429	-5,396	-5,377	-5,367	-5,366	-5,356	-5,366	-5,362	-5,358	-5,352	-5,337	-5,322	-0,044	-0,017	0,007	0,046	0,054	0,040	0,034	0,025	0,023	0,017	0,021	0,024	0,028	0,031	0,024	0,077	12,480
4,000	-3,015	-3,052	-3,057	-3,065	-3,061	-3,053	-3,050	-3,049	-3,042	-3,040	-3,034	-3,027	-3,016	-2,994	-2,973	-0,071	-0,044	-0,034	-0,003	0,007	0,010	0,017	0,018	0,022	0,026	0,029	0,037	0,040	0,047	0,034	0,041	12,297
5,000	-3,371	-3,417	-3,437	-3,455	-3,454	-3,455	-3,453	-3,453	-3,456	-3,453	-3,449	-3,444	-3,433	-3,410	-3,380	-0,109	-0,080	-0,061	-0,026	-0,015	-0,006	-0,001	0,002	0,006	0,015	0,023	0,033	0,044	0,048	0,040	0,051	11,221
6,000	-2,130	-2,157	-2,163	-2,152	-2,133	-2,122	-2,109	-2,105	-2,102	-2,098	-2,095	-2,088	-2,086	-2,078	-2,072	-0,066	-0,031	-0,010	0,023	0,032	0,031	0,029	0,025	0,026	0,022	0,022	0,018	0,013	0,015	0,011	0,026	11,550
7,000	-1,625	-1,643	-1,643	-1,649	-1,648	-1,653	-1,654	-1,653	-1,655	-1,657	-1,659	-1,660	-1,661	-1,659	-1,653	-0,035	-0,024	-0,017	-0,010	-0,008	-0,009	-0,009	-0,008	-0,005	-0,004	-0,002	0,001	0,002	0,006	0,003	0,037	10,913
8,000	-5,142	-5,173	-5,170	-5,184	-5,172	-5,171	-5,168	-5,169	-5,165	-5,177	-5,174	-5,172	-5,174	-5,173	-5,170	-0,032	-0,021	-0,016	-0,001	0,005	0,000	0,000	-0,002	-0,001	-0,003	-0,005	0,000	0,002	0,001	0,004	0,059	10,869
9,000	-2,038	-2,025	-2,033	-2,024	-2,014	-2,008	-2,002	-2,000	-1,994	-1,996	-1,988	-1,977	-1,964	-1,944	-1,918	0,015	-0,010	0,002	0,020	0,024	0,017	0,021	0,021	0,026	0,028	0,034	0,043	0,047	0,047	0,031	0,045	12,722
10,000	-1,565	-1,570	-1,548	-1,511	-1,478	-1,462	-1,452	-1,448	-1,441	-1,444	-1,445	-1,439	-1,435	-1,419	-1,407	-0,003	0,032	0,040	0,060	0,058	0,046	0,038	0,033	0,028	0,023	0,020	0,023	0,028	0,029	0,020	0,053	13,359
11,000	-3,063	-3,059	-3,049	-3,027	-3,007	-2,996	-2,987	-2,984	-2,974	-2,970	-2,964	-2,959	-2,953	-2,943	-2,933	-0,003	0,016	0,025	0,041	0,040	0,036	0,034	0,030	0,029	0,026	0,027	0,028	0,024	0,024	0,017	0,040	13,271
12,000	-4,510	-4,553	-4,550	-4,554	-4,541	-4,539	-4,540	-4,540	-4,536	-4,541	-4,536	-4,529	-4,519	-4,498	-4,473	-0,064	-0,037	-0,020	0,003	0,007	0,006	0,008	0,008	0,010	0,013	0,024	0,030	0,041	0,045	0,039	0,067	12,737
13,000	-1,974	-1,990	-2,005	-2,008	-1,999	-1,997	-1,994	-1,989	-1,991	-1,993	-1,989	-1,985	-1,979	-1,964	-1,950	-0,053	-0,038	-0,028	0,001	0,002	0,004	0,008	0,011	0,012	0,009	0,014	0,021	0,027	0,031	0,028	0,045	11,602
14,000	-2,938	-2,347	-2,101	-1,863	-1,790	-1,752	-1,734	-1,721	-1,711	-1,708	-1,699	-1,695	-1,688	-1,676	-1,664	1,294	0,988	0,775	0,431	0,307	0,217	0,169	0,132	0,100	0,075	0,060	0,049	0,041	0,038	0,025	0,032	11,550
15,000	-1,729	-1,196	-1,042	-0,890	-0,857	-0,839	-0,832	-0,824	-0,820	-0,820	-0,820	-0,821	-0,818	-0,813	-0,813	1,201	0,827	0,611	0,305	0,205	0,137	0,105	0,081	0,058	0,042	0,028	0,021	0,017	0,015	0,007	0,042	12,480
	run	4	2022:11:15    09:50:32,244
0,000	-3,707	-3,565	-3,492	-3,409	-3,380	-3,370	-3,364	-3,360	-3,356	-3,358	-3,357	-3,355	-3,352	-3,344	-3,335	0,290	0,252	0,213	0,128	0,092	0,063	0,050	0,038	0,030	0,022	0,019	0,019	0,019	0,020	0,014	0,043	11,646
1,000	-4,195	-4,262	-4,273	-4,257	-4,228	-4,212	-4,203	-4,197	-4,189	-4,188	-4,181	-4,174	-4,165	-4,152	-4,137	-0,145	-0,082	-0,040	0,025	0,036	0,030	0,031	0,030	0,029	0,026	0,027	0,032	0,033	0,033	0,023	0,049	11,316
2,000	-2,679	-2,705	-2,712	-2,717	-2,700	-2,683	-2,674	-2,668	-2,652	-2,650	-2,641	-2,632	-2,626	-2,615	-2,605	-0,059	-0,031	-0,018	0,016	0,030	0,034	0,040	0,036	0,034	0,033	0,030	0,030	0,027	0,023	0,017	0,039	11,704
3,000	-5,426	-5,449	-5,453	-5,429	-5,396	-5,377	-5,367	-5,366	-5,356	-5,366	-5,362	-5,358	-5,352	-5,337	-5,322	-0,044	-0,017	0,007	0,046	0,054	0,040	0,034	0,025	0,023	0,017	0,021	0,024	0,028	0,031	0,024	0,077	12,480
4,000	-3,015	-3,052	-3,057	-3,065	-3,061	-3,053	-3,050	-3,049	-3,042	-3,040	-3,034	-3,027	-3,016	-2,994	-2,973	-0,071	-0,044	-0,034	-0,003	0,007	0,010	0,017	0,018	0,022	0,026	0,029	0,037	0,040	0,047	0,034	0,041	12,297
5,000	-3,371	-3,417	-3,437	-3,455	-3,454	-3,455	-3,453	-3,453	-3,456	-3,453	-3,449	-3,444	-3,433	-3,410	-3,380	-0,109	-0,080	-0,061	-0,026	-0,015	-0,006	-0,001	0,002	0,006	0,015	0,023	0,033	0,044	0,048	0,040	0,051	11,221
6,000	-2,120	-2,141	-2,145	-2,134	-2,116	-2,105	-2,098	-2,090	-2,082	-2,083	-2,067	-2,071	-2,069	-2,059	-2,057	-0,055	-0,032	-0,008	0,024	0,033	0,029	0,029	0,024	0,023	0,022	0,022	0,018	0,009	0,015	0,012	0,027	11,565
7,000	-1,628	-1,643	-1,643	-1,654	-1,652	-1,655	-1,657	-1,659	-1,659	-1,663	-1,663	-1,664	-1,662	-1,662	-1,659	-0,035	-0,027	-0,020	-0,009	-0,010	-0,008	-0,008	-0,008	-0,004	-0,005	-0,004	-0,001	0,001	0,003	0,003	0,037	10,928
8,000	-5,125	-5,151	-5,148	-5,158	-5,148	-5,140	-5,140	-5,145	-5,140	-5,148	-5,146	-5,145	-5,148	-5,141	-5,141	-0,031	-0,018	-0,012	0,002	0,001	0,003	0,001	0,003	-0,000	-0,003	-0,003	0,003	-0,002	0,004	0,002	0,060	10,876
9,000	-2,074	-2,068	-2,085	-2,070	-2,059	-2,053	-2,055	-2,050	-2,040	-2,043	-2,033	-2,028	-2,013	-1,991	-1,965	0,016	-0,008	0,007	0,017	0,019	0,016	0,021	0,020	0,026	0,031	0,032	0,039	0,053	0,048	0,036	0,046	12,737
10,000	-1,548	-1,559	-1,535	-1,501	-1,472	-1,455	-1,444	-1,443	-1,434	-1,434	-1,437	-1,430	-1,424	-1,410	-1,399	-0,013	0,028	0,037	0,057	0,055	0,046	0,038	0,033	0,026	0,023	0,019	0,023	0,026	0,027	0,023	0,053	13,433
11,000	-3,073	-3,074	-3,064	-3,043	-3,023	-3,011	-3,005	-2,997	-2,990	-2,987	-2,982	-2,972	-2,969	-2,956	-2,949	0,001	0,013	0,022	0,040	0,038	0,035	0,035	0,033	0,029	0,027	0,027	0,027	0,025	0,023	0,016	0,040	13,293
12,000	-4,498	-4,538	-4,535	-4,538	-4,525	-4,522	-4,519	-4,520	-4,517	-4,520	-4,517	-4,512	-4,502	-4,478	-4,454	-0,062	-0,033	-0,018	0,003	0,008	0,008	0,008	0,008	0,011	0,011	0,019	0,031	0,038	0,045	0,036	0,066	12,759
13,000	-1,986	-2,000	-2,019	-2,018	-2,010	-2,011	-2,007	-2,005	-2,002	-2,003	-2,000	-1,999	-1,989	-1,975	-1,957	-0,055	-0,037	-0,029	0,000	0,007	0,002	0,005	0,008	0,008	0,013	0,019	0,021	0,027	0,031	0,024	0,045	11,609
14,000	-2,948	-2,360	-2,112	-1,874	-1,799	-1,761	-1,742	-1,730	-1,719	-1,717	-1,708	-1,703	-1,698	-1,683	-1,671	1,293	0,990	0,774	0,427	0,305	0,217	0,170	0,133	0,100	0,077	0,061	0,049	0,042	0,038	0,025	0,032	11,580
15,000	-1,748	-1,209	-1,050	-0,899	-0,864	-0,847	-0,839	-0,835	-0,827	-0,829	-0,829	-0,827	-0,825	-0,823	-0,818	1,213	0,834	0,617	0,307	0,206	0,139	0,108	0,081	0,058	0,043	0,029	0,020	0,017	0,014	0,010	0,043	12,451
	run	5	2022:11:15    09:50:32,344
0,000	-3,795	-3,656	-3,577	-3,496	-3,468	-3,455	-3,449	-3,447	-3,444	-3,446	-3,445	-3,442	-3,439	-3,431	-3,420	0,294	0,257	0,215	0,130	0,092	0,063	0,049	0,038	0,028	0,021	0,020	0,020	0,019	0,020	0,014	0,045	11,572
1,000	-4,347	-4,407	-4,415	-4,392	-4,358	-4,337	-4,326	-4,320	-4,310	-4,310	-4,302	-4,293	-4,286	-4,269	-4,254	-0,139	-0,073	-0,027	0,035	0,045	0,043	0,041	0,038	0,038	0,032	0,031	0,032	0,034	0,033	0,024	0,051	11,191
2,000	-2,757	-2,789	-2,795	-2,797	-2,784	-2,767	-2,756	-2,745	-2,736	-2,730	-2,720	-2,713	-2,706	-2,695	-2,683	-0,059	-0,035	-0,020	0,015	0,034	0,036	0,037	0,037	0,039	0,033	0,030	0,030	0,028	0,028	0,019	0,041	11,565
3,000	-5,516	-5,541	-5,542	-5,516	-5,480	-5,460	-5,452	-5,449	-5,441	-5,446	-5,445	-5,439	-5,435	-5,419	-5,401	-0,040	-0,016	0,010	0,050	0,056	0,041	0,036	0,027	0,026	0,016	0,018	0,025	0,031	0,030	0,029	0,079	12,393
4,000	-2,997	-3,030	-3,038	-3,046	-3,037	-3,035	-3,028	-3,027	-3,020	-3,019	-3,010	-3,002	-2,994	-2,972	-2,948	-0,069	-0,042	-0,029	-0,002	0,008	0,012	0,017	0,017	0,020	0,020	0,033	0,038	0,040	0,046	0,035	0,042	12,297
5,000	-3,376	-3,429	-3,449	-3,465	-3,464	-3,465	-3,465	-3,469	-3,467	-3,466	-3,463	-3,458	-3,446	-3,423	-3,395	-0,111	-0,081	-0,057	-0,025	-0,011	-0,005	-0,003	0,002	0,006	0,014	0,021	0,030	0,041	0,048	0,041	0,049	11,221
6,000	-2,122	-2,152	-2,150	-2,143	-2,119	-2,110	-2,106	-2,096	-2,094	-2,086	-2,084	-2,080	-2,076	-2,073	-2,062	-0,058	-0,030	-0,015	0,021	0,033	0,026	0,029	0,031	0,025	0,022	0,025	0,017	0,016	0,018	0,014	0,027	11,572
7,000	-1,627	-1,643	-1,642	-1,654	-1,648	-1,652	-1,654	-1,655	-1,658	-1,663	-1,663	-1,663	-1,662	-1,660	-1,658	-0,037	-0,025	-0,020	-0,013	-0,010	-0,010	-0,008	-0,008	-0,004	-0,005	-0,003	-0,000	-0,002	0,006	0,005	0,036	10,906
8,000	-5,113	-5,135	-5,136	-5,147	-5,137	-5,134	-5,132	-5,138	-5,129	-5,141	-5,139	-5,139	-5,140	-5,138	-5,139	-0,032	-0,023	-0,016	-0,001	0,004	0,000	-0,000	0,001	-0,001	-0,005	-0,001	-0,000	-0,000	0,002	0,002	0,059	10,854
9,000	-2,006	-2,003	-2,017	-2,002	-1,999	-1,987	-1,986	-1,989	-1,978	-1,976	-1,972	-1,961	-1,945	-1,926	-1,897	0,009	-0,010	-0,001	0,020	0,020	0,019	0,022	0,017	0,024	0,026	0,030	0,040	0,048	0,049	0,037	0,045	12,759
10,000	-1,529	-1,535	-1,515	-1,484	-1,455	-1,440	-1,431	-1,424	-1,417	-1,419	-1,415	-1,416	-1,409	-1,393	-1,384	-0,007	0,026	0,034	0,060	0,053	0,047	0,037	0,029	0,025	0,023	0,017	0,020	0,025	0,028	0,022	0,052	13,425
11,000	-3,012	-3,006	-2,996	-2,974	-2,957	-2,944	-2,939	-2,933	-2,922	-2,922	-2,916	-2,910	-2,903	-2,891	-2,885	-0,005	0,010	0,023	0,037	0,038	0,034	0,034	0,033	0,029	0,025	0,025	0,027	0,023	0,021	0,014	0,040	13,315
12,000	-4,478	-4,516	-4,515	-4,516	-4,505	-4,501	-4,501	-4,500	-4,498	-4,502	-4,498	-4,492	-4,482	-4,459	-4,433	-0,059	-0,034	-0,020	0,004	0,011	0,007	0,011	0,009	0,011	0,013	0,023	0,030	0,040	0,046	0,037	0,066	12,795
13,000	-1,969	-1,991	-2,007	-2,005	-1,995	-1,996	-1,994	-1,988	-1,987	-1,990	-1,988	-1,983	-1,974	-1,959	-1,942	-0,061	-0,041	-0,026	0,002	0,003	0,001	0,006	0,010	0,009	0,013	0,016	0,022	0,026	0,032	0,025	0,044	11,653
14,000	-2,958	-2,368	-2,123	-1,880	-1,805	-1,767	-1,749	-1,736	-1,724	-1,723	-1,715	-1,710	-1,703	-1,692	-1,678	1,305	0,992	0,780	0,434	0,310	0,219	0,169	0,133	0,100	0,076	0,060	0,050	0,042	0,037	0,024	0,032	11,558
15,000	-1,761	-1,217	-1,058	-0,904	-0,869	-0,854	-0,846	-0,841	-0,832	-0,834	-0,834	-0,833	-0,831	-0,827	-0,824	1,228	0,844	0,621	0,310	0,208	0,141	0,109	0,082	0,060	0,043	0,029	0,022	0,017	0,015	0,009	0,044	12,422
	run	6	2022:11:15    09:50:32,443
0,000	-3,819	-3,679	-3,606	-3,522	-3,493	-3,480	-3,475	-3,472	-3,469	-3,471	-3,469	-3,466	-3,463	-3,454	-3,444	0,296	0,254	0,216	0,129	0,094	0,064	0,050	0,038	0,031	0,020	0,019	0,020	0,019	0,021	0,015	0,044	11,521
1,000	-4,334	-4,396	-4,408	-4,387	-4,355	-4,336	-4,329	-4,320	-4,309	-4,309	-4,301	-4,293	-4,284	-4,269	-4,253	-0,145	-0,077	-0,032	0,033	0,041	0,039	0,039	0,036	0,034	0,031	0,032	0,034	0,034	0,035	0,025	0,049	11,184
2,000	-2,739	-2,769	-2,774	-2,774	-2,760	-2,744	-2,733	-2,723	-2,711	-2,707	-2,697	-2,690	-2,683	-2,673	-2,661	-0,060	-0,037	-0,017	0,019	0,033	0,037	0,039	0,038	0,038	0,033	0,034	0,030	0,027	0,025	0,017	0,040	11,609
3,000	-5,521	-5,546	-5,551	-5,521	-5,488	-5,467	-5,456	-5,452	-5,445	-5,453	-5,452	-5,445	-5,440	-5,422	-5,408	-0,040	-0,014	0,011	0,050	0,054	0,042	0,037	0,028	0,020	0,017	0,020	0,024	0,029	0,033	0,024	0,079	12,415
4,000	-3,035	-3,072	-3,080	-3,091	-3,085	-3,080	-3,075	-3,071	-3,068	-3,069	-3,057	-3,051	-3,040	-3,018	-2,993	-0,064	-0,046	-0,032	-0,003	0,003	0,010	0,016	0,018	0,020	0,024	0,030	0,037	0,041	0,045	0,035	0,041	12,239
5,000	-3,400	-3,451	-3,463	-3,479	-3,478	-3,481	-3,483	-3,483	-3,482	-3,482	-3,481	-3,472	-3,460	-3,439	-3,411	-0,109	-0,081	-0,058	-0,026	-0,011	-0,006	-0,001	0,001	0,006	0,013	0,025	0,032	0,043	0,049	0,039	0,050	11,169
6,000	-2,104	-2,129	-2,136	-2,126	-2,105	-2,091	-2,086	-2,081	-2,072	-2,070	-2,068	-2,061	-2,056	-2,051	-2,044	-0,060	-0,030	-0,013	0,022	0,034	0,031	0,030	0,027	0,026	0,023	0,018	0,021	0,016	0,018	0,010	0,027	11,536
7,000	-1,593	-1,613	-1,609	-1,620	-1,619	-1,622	-1,624	-1,626	-1,627	-1,630	-1,633	-1,635	-1,630	-1,631	-1,627	-0,039	-0,025	-0,019	-0,013	-0,011	-0,014	-0,009	-0,010	-0,007	-0,006	-0,003	-0,000	0,001	0,005	0,003	0,036	10,942
8,000	-5,092	-5,119	-5,118	-5,126	-5,118	-5,115	-5,118	-5,114	-5,112	-5,116	-5,120	-5,114	-5,120	-5,116	-5,116	-0,034	-0,020	-0,015	-0,001	0,003	-0,000	0,002	-0,004	-0,001	-0,007	0,001	0,003	-0,004	0,004	0,003	0,059	10,920
9,000	-1,958	-1,940	-1,951	-1,945	-1,936	-1,927	-1,925	-1,924	-1,918	-1,917	-1,914	-1,904	-1,890	-1,874	-1,845	0,008	-0,007	-0,002	0,016	0,018	0,014	0,019	0,019	0,025	0,024	0,033	0,035	0,042	0,049	0,038	0,045	12,810
10,000	-1,532	-1,538	-1,520	-1,487	-1,456	-1,443	-1,434	-1,425	-1,423	-1,424	-1,416	-1,421	-1,411	-1,398	-1,386	-0,013	0,028	0,033	0,053	0,051	0,043	0,037	0,030	0,024	0,022	0,020	0,025	0,025	0,028	0,022	0,052	13,433
11,000	-3,007	-3,005	-2,993	-2,973	-2,954	-2,943	-2,936	-2,930	-2,921	-2,920	-2,913	-2,908	-2,901	-2,893	-2,883	-0,003	0,011	0,022	0,038	0,038	0,035	0,035	0,033	0,031	0,026	0,025	0,024	0,025	0,023	0,016	0,040	13,352
12,000	-4,472	-4,507	-4,502	-4,508	-4,494	-4,493	-4,492	-4,492	-4,489	-4,490	-4,491	-4,483	-4,472	-4,450	-4,424	-0,060	-0,032	-0,019	0,006	0,009	0,008	0,008	0,008	0,010	0,011	0,022	0,029	0,041	0,045	0,037	0,066	12,795
13,000	-1,980	-1,997	-2,014	-2,014	-2,007	-2,001	-2,000	-2,002	-1,995	-1,995	-1,995	-1,995	-1,983	-1,968	-1,953	-0,057	-0,039	-0,030	-0,002	0,002	0,003	0,006	0,008	0,008	0,010	0,016	0,018	0,026	0,032	0,025	0,045	11,638
14,000	-2,972	-2,385	-2,140	-1,896	-1,820	-1,782	-1,767	-1,752	-1,740	-1,737	-1,730	-1,725	-1,718	-1,706	-1,695	1,299	0,990	0,780	0,434	0,309	0,219	0,171	0,132	0,102	0,077	0,061	0,049	0,042	0,039	0,025	0,032	11,572
15,000	-1,766	-1,228	-1,068	-0,912	-0,878	-0,860	-0,852	-0,848	-0,839	-0,841	-0,840	-0,839	-0,837	-0,834	-0,831	1,231	0,843	0,622	0,313	0,209	0,142	0,110	0,083	0,061	0,043	0,029	0,023	0,019	0,014	0,009	0,044	12,444
	run	7	2022:11:15    09:50:32,492
0,000	-3,819	-3,673	-3,596	-3,512	-3,483	-3,470	-3,466	-3,463	-3,460	-3,462	-3,461	-3,458	-3,455	-3,445	-3,437	0,303	0,261	0,221	0,132	0,093	0,063	0,050	0,039	0,029	0,021	0,021	0,021	0,021	0,021	0,017	0,045	11,572
1,000	-4,331	-4,391	-4,400	-4,375	-4,342	-4,320	-4,311	-4,304	-4,293	-4,293	-4,285	-4,277	-4,269	-4,252	-4,235	-0,140	-0,074	-0,027	0,037	0,046	0,043	0,042	0,038	0,035	0,031	0,034	0,034	0,034	0,034	0,025	0,050	11,206
2,000	-2,739	-2,769	-2,774	-2,774	-2,760	-2,744	-2,733	-2,723	-2,711	-2,707	-2,697	-2,690	-2,683	-2,673	-2,661	-0,060	-0,037	-0,017	0,019	0,033	0,037	0,039	0,038	0,038	0,033	0,034	0,030	0,027	0,025	0,017	0,040	11,609
3,000	-5,521	-5,546	-5,551	-5,521	-5,488	-5,467	-5,456	-5,452	-5,445	-5,453	-5,452	-5,445	-5,440	-5,422	-5,408	-0,040	-0,014	0,011	0,050	0,054	0,042	0,037	0,028	0,020	0,017	0,020	0,024	0,029	0,033	0,024	0,079	12,415
4,000	-3,035	-3,072	-3,080	-3,091	-3,085	-3,080	-3,075	-3,071	-3,068	-3,069	-3,057	-3,051	-3,040	-3,018	-2,993	-0,064	-0,046	-0,032	-0,003	0,003	0,010	0,016	0,018	0,020	0,024	0,030	0,037	0,041	0,045	0,035	0,041	12,239
5,000	-3,400	-3,451	-3,463	-3,479	-3,478	-3,481	-3,483	-3,483	-3,482	-3,482	-3,481	-3,472	-3,460	-3,439	-3,411	-0,109	-0,081	-0,058	-0,026	-0,011	-0,006	-0,001	0,001	0,006	0,013	0,025	0,032	0,043	0,049	0,039	0,050	11,169
6,000	-2,104	-2,129	-2,136	-2,126	-2,105	-2,091	-2,086	-2,081	-2,072	-2,070	-2,068	-2,061	-2,056	-2,051	-2,044	-0,060	-0,030	-0,013	0,022	0,034	0,031	0,030	0,027	0,026	0,023	0,018	0,021	0,016	0,018	0,010	0,027	11,536
7,000	-1,593	-1,613	-1,609	-1,620	-1,619	-1,622	-1,624	-1,626	-1,627	-1,630	-1,633	-1,635	-1,630	-1,631	-1,627	-0,039	-0,025	-0,019	-0,013	-0,011	-0,014	-0,009	-0,010	-0,007	-0,006	-0,003	-0,000	0,001	0,005	0,003	0,036	10,942
8,000	-5,066	-5,092	-5,088	-5,096	-5,085	-5,084	-5,083	-5,083	-5,081	-5,085	-5,089	-5,090	-5,088	-5,082	-5,087	-0,032	-0,019	-0,016	-0,003	0,003	-0,001	-0,000	0,001	-0,002	-0,005	-0,004	-0,002	0,001	0,001	0,001	0,058	10,928
9,000	-1,995	-1,980	-2,003	-1,993	-1,984	-1,976	-1,970	-1,973	-1,966	-1,969	-1,960	-1,950	-1,938	-1,912	-1,893	0,004	-0,011	-0,001	0,018	0,012	0,014	0,016	0,019	0,024	0,027	0,031	0,035	0,043	0,047	0,038	0,046	12,803
10,000	-1,529	-1,536	-1,518	-1,484	-1,455	-1,441	-1,432	-1,427	-1,419	-1,420	-1,420	-1,415	-1,411	-1,398	-1,384	-0,008	0,023	0,034	0,052	0,054	0,042	0,038	0,031	0,022	0,023	0,020	0,020	0,026	0,027	0,026	0,053	13,469
11,000	-3,030	-3,025	-3,015	-2,993	-2,972	-2,961	-2,955	-2,948	-2,941	-2,937	-2,931	-2,925	-2,920	-2,908	-2,902	-0,005	0,013	0,026	0,041	0,038	0,034	0,036	0,031	0,029	0,026	0,026	0,024	0,024	0,024	0,016	0,040	13,337
12,000	-4,450	-4,484	-4,484	-4,486	-4,475	-4,470	-4,471	-4,469	-4,466	-4,471	-4,465	-4,461	-4,451	-4,430	-4,404	-0,058	-0,033	-0,021	0,003	0,010	0,007	0,009	0,009	0,012	0,012	0,020	0,032	0,039	0,043	0,035	0,065	12,795
13,000	-1,959	-1,975	-1,990	-1,989	-1,985	-1,982	-1,981	-1,978	-1,977	-1,977	-1,978	-1,972	-1,963	-1,950	-1,934	-0,056	-0,040	-0,028	-0,004	0,001	-0,000	0,003	0,009	0,011	0,011	0,014	0,021	0,028	0,031	0,025	0,043	11,667
14,000	-2,937	-2,355	-2,110	-1,873	-1,797	-1,759	-1,744	-1,729	-1,718	-1,716	-1,710	-1,702	-1,696	-1,684	-1,671	1,282	0,978	0,767	0,427	0,304	0,216	0,169	0,131	0,101	0,075	0,059	0,050	0,043	0,037	0,024	0,032	11,624
15,000	-1,747	-1,212	-1,052	-0,900	-0,868	-0,851	-0,843	-0,836	-0,829	-0,831	-0,829	-0,830	-0,828	-0,823	-0,822	1,214	0,834	0,614	0,306	0,205	0,141	0,108	0,083	0,060	0,042	0,030	0,021	0,017	0,014	0,008	0,043	12,466
	run	8	2022:11:15    09:50:32,592
0,000	-3,770	-3,627	-3,556	-3,469	-3,444	-3,431	-3,427	-3,424	-3,420	-3,423	-3,420	-3,418	-3,415	-3,406	-3,397	0,298	0,257	0,212	0,130	0,090	0,061	0,048	0,037	0,029	0,020	0,018	0,019	0,018	0,021	0,016	0,045	11,624
1,000	-4,364	-4,426	-4,433	-4,408	-4,374	-4,354	-4,341	-4,336	-4,323	-4,324	-4,316	-4,308	-4,299	-4,283	-4,268	-0,142	-0,072	-0,027	0,038	0,048	0,042	0,040	0,037	0,037	0,032	0,034	0,035	0,035	0,036	0,026	0,051	11,221
2,000	-2,800	-2,831	-2,836	-2,837	-2,816	-2,800	-2,791	-2,780	-2,767	-2,765	-2,756	-2,746	-2,741	-2,728	-2,718	-0,058	-0,034	-0,014	0,023	0,034	0,039	0,040	0,041	0,039	0,033	0,034	0,031	0,029	0,028	0,018	0,041	11,558
3,000	-5,657	-5,682	-5,686	-5,648	-5,613	-5,589	-5,580	-5,575	-5,567	-5,573	-5,573	-5,566	-5,563	-5,542	-5,526	-0,040	-0,007	0,021	0,059	0,063	0,046	0,040	0,034	0,025	0,019	0,022	0,025	0,028	0,035	0,025	0,080	12,319
4,000	-3,104	-3,144	-3,149	-3,162	-3,154	-3,149	-3,147	-3,142	-3,140	-3,135	-3,128	-3,120	-3,109	-3,087	-3,064	-0,072	-0,044	-0,034	-0,005	0,003	0,007	0,015	0,019	0,024	0,023	0,030	0,038	0,042	0,047	0,033	0,042	12,151
5,000	-3,438	-3,493	-3,506	-3,526	-3,522	-3,523	-3,523	-3,523	-3,523	-3,520	-3,520	-3,513	-3,502	-3,479	-3,449	-0,112	-0,077	-0,056	-0,022	-0,010	-0,004	0,000	0,004	0,007	0,011	0,025	0,034	0,042	0,050	0,041	0,051	11,082
6,000	-2,127	-2,154	-2,157	-2,145	-2,129	-2,114	-2,109	-2,100	-2,092	-2,086	-2,084	-2,085	-2,077	-2,071	-2,066	-0,063	-0,030	-0,008	0,020	0,034	0,025	0,030	0,029	0,025	0,017	0,022	0,019	0,019	0,018	0,008	0,028	11,492
7,000	-1,600	-1,623	-1,619	-1,630	-1,625	-1,634	-1,635	-1,635	-1,635	-1,644	-1,642	-1,643	-1,643	-1,640	-1,638	-0,034	-0,025	-0,020	-0,016	-0,008	-0,014	-0,011	-0,012	-0,009	-0,006	-0,005	-0,000	0,001	0,005	0,004	0,035	10,935
8,000	-5,051	-5,071	-5,071	-5,077	-5,069	-5,063	-5,068	-5,070	-5,064	-5,070	-5,070	-5,068	-5,071	-5,068	-5,067	-0,027	-0,016	-0,012	-0,001	0,006	0,003	0,000	0,003	-0,001	-0,004	-0,002	0,001	0,002	0,003	0,001	0,059	10,935
9,000	-1,972	-1,972	-1,981	-1,974	-1,968	-1,958	-1,958	-1,956	-1,952	-1,950	-1,943	-1,933	-1,924	-1,903	-1,876	0,010	-0,005	-0,004	0,015	0,016	0,014	0,017	0,016	0,025	0,025	0,033	0,039	0,045	0,047	0,037	0,045	12,832
10,000	-1,528	-1,536	-1,512	-1,479	-1,456	-1,439	-1,430	-1,425	-1,420	-1,419	-1,417	-1,416	-1,407	-1,397	-1,384	-0,007	0,030	0,035	0,055	0,050	0,043	0,039	0,028	0,024	0,022	0,022	0,022	0,026	0,027	0,023	0,053	13,484
11,000	-2,998	-2,999	-2,983	-2,967	-2,947	-2,936	-2,930	-2,925	-2,915	-2,913	-2,906	-2,900	-2,893	-2,885	-2,876	-0,007	0,012	0,024	0,038	0,038	0,033	0,033	0,032	0,030	0,028	0,025	0,024	0,026	0,021	0,014	0,040	13,352
12,000	-4,421	-4,457	-4,457	-4,460	-4,449	-4,443	-4,442	-4,443	-4,441	-4,441	-4,441	-4,434	-4,424	-4,401	-4,378	-0,062	-0,031	-0,017	0,005	0,008	0,009	0,010	0,009	0,011	0,011	0,021	0,030	0,039	0,044	0,037	0,065	12,825
13,000	-1,946	-1,964	-1,982	-1,985	-1,977	-1,973	-1,969	-1,970	-1,966	-1,969	-1,968	-1,962	-1,955	-1,941	-1,925	-0,055	-0,040	-0,030	-0,004	0,001	0,002	0,006	0,006	0,009	0,009	0,014	0,019	0,028	0,028	0,024	0,044	11,689
14,000	-2,913	-2,325	-2,083	-1,846	-1,771	-1,734	-1,718	-1,703	-1,695	-1,691	-1,683	-1,679	-1,671	-1,660	-1,649	1,287	0,981	0,772	0,426	0,304	0,214	0,167	0,131	0,100	0,076	0,059	0,050	0,042	0,037	0,024	0,032	11,638
15,000	-1,748	-1,205	-1,048	-0,895	-0,861	-0,844	-0,837	-0,832	-0,826	-0,827	-0,826	-0,824	-0,823	-0,819	-0,816	1,219	0,836	0,617	0,308	0,206	0,139	0,107	0,082	0,059	0,044	0,029	0,022	0,017	0,014	0,009	0,044	12,502
	run	9	2022:11:15    09:50:32,644
0,000	-3,770	-3,627	-3,556	-3,469	-3,444	-3,431	-3,427	-3,424	-3,420	-3,423	-3,420	-3,418	-3,415	-3,406	-3,397	0,298	0,257	0,212	0,130	0,090	0,061	0,048	0,037	0,029	0,020	0,018	0,019	0,018	0,021	0,016	0,045	11,624
1,000	-4,364	-4,426	-4,433	-4,408	-4,374	-4,354	-4,341	-4,336	-4,323	-4,324	-4,316	-4,308	-4,299	-4,283	-4,268	-0,142	-0,072	-0,027	0,038	0,048	0,042	0,040	0,037	0,037	0,032	0,034	0,035	0,035	0,036	0,026	0,051	11,221
2,000	-2,800	-2,831	-2,836	-2,837	-2,816	-2,800	-2,791	-2,780	-2,767	-2,765	-2,756	-2,746	-2,741	-2,728	-2,718	-0,058	-0,034	-0,014	0,023	0,034	0,039	0,040	0,041	0,039	0,033	0,034	0,031	0,029	0,028	0,018	0,041	11,558
3,000	-5,657	-5,682	-5,686	-5,648	-5,613	-5,589	-5,580	-5,575	-5,567	-5,573	-5,573	-5,566	-5,563	-5,542	-5,526	-0,040	-0,007	0,021	0,059	0,063	0,046	0,040	0,034	0,025	0,019	0,022	0,025	0,028	0,035	0,025	0,080	12,319
4,000	-3,104	-3,144	-3,149	-3,162	-3,154	-3,149	-3,147	-3,142	-3,140	-3,135	-3,128	-3,120	-3,109	-3,087	-3,064	-0,072	-0,044	-0,034	-0,005	0,003	0,007	0,015	0,019	0,024	0,023	0,030	0,038	0,042	0,047	0,033	0,042	12,151
5,000	-3,438	-3,493	-3,506	-3,526	-3,522	-3,523	-3,523	-3,523	-3,523	-3,520	-3,520	-3,513	-3,502	-3,479	-3,449	-0,112	-0,077	-0,056	-0,022	-0,010	-0,004	0,000	0,004	0,007	0,011	0,025	0,034	0,042	0,050	0,041	0,051	11,082
6,000	-2,132	-2,149	-2,159	-2,149	-2,129	-2,115	-2,106	-2,100	-2,093	-2,090	-2,083	-2,082	-2,080	-2,072	-2,067	-0,051	-0,028	-0,014	0,024	0,033	0,030	0,028	0,029	0,024	0,023	0,017	0,016	0,016	0,017	0,011	0,028	11,499
7,000	-1,590	-1,611	-1,611	-1,622	-1,621	-1,623	-1,626	-1,626	-1,628	-1,630	-1,632	-1,632	-1,632	-1,630	-1,628	-0,042	-0,024	-0,021	-0,011	-0,015	-0,012	-0,010	-0,008	-0,006	-0,005	-0,004	-0,001	0,001	0,004	0,004	0,037	10,891
8,000	-5,074	-5,099	-5,097	-5,104	-5,093	-5,091	-5,092	-5,091	-5,090	-5,093	-5,095	-5,091	-5,098	-5,092	-5,088	-0,031	-0,020	-0,014	0,002	-0,000	0,000	0,002	0,001	-0,004	-0,001	-0,003	0,003	0,002	0,004	0,001	0,060	10,913
9,000	-1,935	-1,925	-1,939	-1,936	-1,928	-1,921	-1,920	-1,919	-1,909	-1,909	-1,901	-1,894	-1,883	-1,861	-1,835	0,016	-0,009	-0,007	0,017	0,012	0,014	0,018	0,023	0,023	0,026	0,030	0,041	0,041	0,046	0,031	0,045	12,861
10,000	-1,514	-1,521	-1,503	-1,471	-1,445	-1,432	-1,421	-1,414	-1,410	-1,412	-1,409	-1,407	-1,401	-1,389	-1,377	-0,010	0,025	0,030	0,051	0,049	0,042	0,036	0,029	0,023	0,021	0,021	0,019	0,029	0,029	0,022	0,052	13,462
11,000	-2,978	-2,983	-2,971	-2,956	-2,934	-2,925	-2,918	-2,912	-2,904	-2,900	-2,894	-2,889	-2,883	-2,874	-2,865	-0,012	0,009	0,019	0,036	0,037	0,032	0,032	0,030	0,028	0,027	0,024	0,024	0,023	0,022	0,015	0,040	13,374
12,000	-4,407	-4,442	-4,438	-4,438	-4,430	-4,425	-4,424	-4,424	-4,421	-4,424	-4,421	-4,414	-4,408	-4,384	-4,359	-0,055	-0,028	-0,016	0,005	0,009	0,008	0,009	0,009	0,010	0,011	0,020	0,028	0,038	0,045	0,037	0,065	12,847
13,000	-1,950	-1,970	-1,986	-1,987	-1,980	-1,979	-1,974	-1,972	-1,969	-1,972	-1,971	-1,965	-1,958	-1,946	-1,926	-0,057	-0,039	-0,030	-0,002	0,003	0,002	0,006	0,007	0,011	0,013	0,020	0,021	0,026	0,032	0,028	0,044	11,682
14,000	-2,911	-2,329	-2,085	-1,850	-1,776	-1,736	-1,722	-1,709	-1,698	-1,694	-1,688	-1,680	-1,674	-1,664	-1,651	1,290	0,984	0,770	0,427	0,303	0,215	0,167	0,132	0,100	0,076	0,061	0,048	0,044	0,038	0,024	0,031	11,638
15,000	-1,752	-1,206	-1,047	-0,897	-0,864	-0,846	-0,837	-0,834	-0,827	-0,828	-0,826	-0,826	-0,826	-0,821	-0,819	1,219	0,837	0,615	0,309	0,205	0,140	0,107	0,080	0,060	0,043	0,031	0,023	0,016	0,014	0,009	0,044	12,480
	run	10	2022:11:15    09:50:32,744
0,000	-3,803	-3,664	-3,584	-3,502	-3,473	-3,462	-3,455	-3,454	-3,448	-3,452	-3,449	-3,448	-3,446	-3,435	-3,425	0,304	0,258	0,216	0,128	0,092	0,062	0,051	0,039	0,029	0,021	0,018	0,020	0,018	0,021	0,017	0,045	11,572
1,000	-4,278	-4,338	-4,352	-4,328	-4,297	-4,278	-4,268	-4,261	-4,251	-4,250	-4,244	-4,237	-4,227	-4,213	-4,197	-0,141	-0,075	-0,031	0,032	0,041	0,038	0,038	0,036	0,033	0,029	0,033	0,033	0,034	0,036	0,024	0,050	11,235
2,000	-2,724	-2,755	-2,759	-2,763	-2,746	-2,729	-2,720	-2,711	-2,699	-2,695	-2,686	-2,681	-2,672	-2,660	-2,649	-0,058	-0,035	-0,020	0,015	0,032	0,036	0,039	0,036	0,036	0,032	0,031	0,030	0,028	0,026	0,016	0,040	11,624
3,000	-5,498	-5,519	-5,523	-5,493	-5,461	-5,441	-5,430	-5,427	-5,421	-5,424	-5,423	-5,422	-5,415	-5,399	-5,379	-0,043	-0,015	0,007	0,049	0,054	0,040	0,035	0,029	0,021	0,016	0,019	0,022	0,026	0,033	0,027	0,080	12,422
4,000	-3,064	-3,108	-3,113	-3,123	-3,118	-3,114	-3,113	-3,108	-3,103	-3,101	-3,095	-3,086	-3,075	-3,057	-3,030	-0,066	-0,047	-0,033	-0,007	0,005	0,009	0,013	0,015	0,021	0,022	0,032	0,036	0,042	0,047	0,035	0,041	12,166
5,000	-3,437	-3,491	-3,507	-3,524	-3,521	-3,521	-3,523	-3,522	-3,522	-3,521	-3,520	-3,513	-3,502	-3,480	-3,450	-0,109	-0,077	-0,058	-0,023	-0,013	-0,006	-0,002	0,003	0,006	0,012	0,022	0,033	0,040	0,049	0,041	0,050	11,096
6,000	-2,138	-2,156	-2,166	-2,158	-2,141	-2,123	-2,115	-2,111	-2,104	-2,100	-2,096	-2,092	-2,089	-2,080	-2,074	-0,059	-0,027	-0,013	0,024	0,033	0,030	0,028	0,023	0,022	0,015	0,017	0,018	0,021	0,016	0,010	0,027	11,521
7,000	-1,602	-1,628	-1,627	-1,638	-1,634	-1,639	-1,642	-1,644	-1,640	-1,647	-1,646	-1,648	-1,648	-1,644	-1,642	-0,038	-0,027	-0,017	-0,010	-0,011	-0,010	-0,010	-0,008	-0,006	-0,004	-0,003	0,001	0,002	0,006	0,004	0,037	10,898
8,000	-5,101	-5,132	-5,132	-5,140	-5,131	-5,129	-5,127	-5,131	-5,123	-5,129	-5,134	-5,130	-5,136	-5,132	-5,132	-0,034	-0,022	-0,017	-0,000	0,000	-0,003	-0,002	-0,002	-0,002	-0,004	-0,002	-0,000	-0,001	0,001	0,002	0,060	10,869
9,000	-1,968	-1,963	-1,975	-1,966	-1,957	-1,947	-1,943	-1,941	-1,936	-1,939	-1,926	-1,921	-1,904	-1,886	-1,860	0,015	-0,005	0,005	0,020	0,019	0,020	0,019	0,022	0,023	0,027	0,031	0,043	0,045	0,047	0,038	0,045	12,751
10,000	-1,515	-1,523	-1,506	-1,473	-1,448	-1,431	-1,422	-1,417	-1,412	-1,413	-1,412	-1,411	-1,400	-1,389	-1,377	-0,012	0,024	0,032	0,052	0,052	0,042	0,037	0,032	0,023	0,021	0,019	0,022	0,027	0,026	0,022	0,052	13,433
11,000	-3,000	-2,998	-2,986	-2,963	-2,945	-2,936	-2,928	-2,922	-2,913	-2,910	-2,906	-2,899	-2,895	-2,883	-2,876	-0,009	0,008	0,022	0,036	0,038	0,034	0,033	0,030	0,029	0,026	0,024	0,024	0,022	0,023	0,014	0,040	13,367
12,000	-4,437	-4,473	-4,467	-4,472	-4,459	-4,456	-4,455	-4,455	-4,454	-4,456	-4,454	-4,448	-4,439	-4,415	-4,389	-0,054	-0,029	-0,015	0,007	0,010	0,007	0,009	0,010	0,011	0,014	0,024	0,030	0,041	0,045	0,036	0,066	12,817
13,000	-1,961	-1,973	-1,993	-1,993	-1,986	-1,981	-1,979	-1,981	-1,973	-1,979	-1,980	-1,969	-1,965	-1,951	-1,931	-0,055	-0,041	-0,027	-0,003	0,003	0,003	0,004	0,009	0,006	0,010	0,018	0,021	0,025	0,032	0,025	0,044	11,682
14,000	-2,944	-2,361	-2,120	-1,875	-1,804	-1,763	-1,749	-1,734	-1,723	-1,720	-1,714	-1,710	-1,702	-1,689	-1,677	1,290	0,981	0,771	0,429	0,305	0,217	0,170	0,132	0,102	0,077	0,061	0,049	0,043	0,036	0,024	0,032	11,616
15,000	-1,745	-1,214	-1,053	-0,900	-0,866	-0,850	-0,840	-0,835	-0,829	-0,830	-0,828	-0,830	-0,829	-0,823	-0,823	1,213	0,831	0,615	0,308	0,206	0,140	0,109	0,082	0,059	0,042	0,029	0,022	0,018	0,014	0,009	0,043	12,458
	run	11	2022:11:15    09:50:32,844
0,000	-3,766	-3,629	-3,550	-3,469	-3,438	-3,427	-3,421	-3,419	-3,414	-3,418	-3,416	-3,412	-3,412	-3,401	-3,392	0,293	0,253	0,213	0,128	0,092	0,062	0,051	0,039	0,030	0,021	0,019	0,019	0,019	0,021	0,014	0,044	11,587
1,000	-4,292	-4,359	-4,370	-4,351	-4,319	-4,302	-4,292	-4,286	-4,277	-4,274	-4,267	-4,258	-4,251	-4,237	-4,221	-0,142	-0,078	-0,033	0,029	0,044	0,036	0,036	0,035	0,032	0,028	0,029	0,033	0,035	0,034	0,025	0,050	11,228
2,000	-2,705	-2,742	-2,745	-2,748	-2,734	-2,718	-2,706	-2,698	-2,686	-2,682	-2,671	-2,666	-2,658	-2,646	-2,636	-0,059	-0,037	-0,018	0,017	0,030	0,035	0,037	0,037	0,036	0,033	0,032	0,029	0,028	0,027	0,016	0,040	11,638
3,000	-5,447	-5,479	-5,483	-5,454	-5,421	-5,404	-5,399	-5,390	-5,383	-5,392	-5,387	-5,387	-5,378	-5,367	-5,346	-0,040	-0,016	0,008	0,050	0,047	0,041	0,036	0,030	0,019	0,014	0,020	0,023	0,029	0,030	0,024	0,079	12,444
4,000	-3,017	-3,056	-3,065	-3,072	-3,064	-3,060	-3,058	-3,051	-3,048	-3,046	-3,041	-3,032	-3,018	-2,998	-2,978	-0,068	-0,040	-0,033	-0,003	0,008	0,015	0,017	0,018	0,023	0,022	0,028	0,036	0,041	0,046	0,034	0,041	12,312
5,000	-3,375	-3,437	-3,446	-3,466	-3,466	-3,463	-3,462	-3,461	-3,464	-3,464	-3,460	-3,455	-3,443	-3,420	-3,394	-0,107	-0,078	-0,057	-0,024	-0,012	-0,004	-0,000	0,002	0,005	0,014	0,023	0,033	0,040	0,049	0,039	0,050	11,221
6,000	-2,118	-2,139	-2,148	-2,134	-2,115	-2,102	-2,092	-2,087	-2,079	-2,075	-2,073	-2,071	-2,068	-2,061	-2,051	-0,055	-0,028	-0,009	0,020	0,032	0,032	0,029	0,022	0,024	0,022	0,016	0,015	0,013	0,015	0,011	0,027	11,572
7,000	-1,619	-1,637	-1,642	-1,652	-1,647	-1,651	-1,654	-1,656	-1,660	-1,660	-1,662	-1,662	-1,662	-1,659	-1,657	-0,037	-0,024	-0,020	-0,014	-0,011	-0,012	-0,008	-0,010	-0,008	-0,006	-0,004	-0,000	0,001	0,005	0,004	0,036	10,942
8,000	-5,094	-5,112	-5,113	-5,124	-5,112	-5,108	-5,112	-5,112	-5,109	-5,115	-5,120	-5,113	-5,115	-5,116	-5,113	-0,031	-0,023	-0,016	0,001	0,004	0,002	0,002	-0,002	-0,002	-0,003	-0,003	-0,002	0,001	0,005	0,001	0,060	10,891
9,000	-2,000	-1,997	-2,010	-2,002	-1,993	-1,984	-1,980	-1,976	-1,972	-1,970	-1,966	-1,952	-1,944	-1,919	-1,898	0,006	-0,005	0,004	0,015	0,017	0,022	0,023	0,023	0,025	0,028	0,036	0,041	0,044	0,048	0,035	0,046	12,766
10,000	-1,537	-1,548	-1,528	-1,492	-1,461	-1,448	-1,438	-1,433	-1,426	-1,429	-1,429	-1,425	-1,413	-1,405	-1,393	-0,007	0,029	0,038	0,057	0,055	0,045	0,041	0,032	0,025	0,022	0,020	0,020	0,027	0,028	0,022	0,053	13,396
11,000	-3,015	-3,010	-3,001	-2,978	-2,961	-2,948	-2,942	-2,937	-2,925	-2,925	-2,916	-2,912	-2,905	-2,897	-2,888	-0,003	0,014	0,026	0,041	0,038	0,036	0,036	0,032	0,029	0,025	0,027	0,027	0,025	0,021	0,016	0,040	13,315
12,000	-4,472	-4,514	-4,510	-4,512	-4,502	-4,498	-4,497	-4,498	-4,493	-4,497	-4,496	-4,489	-4,478	-4,457	-4,432	-0,060	-0,034	-0,020	0,004	0,008	0,008	0,008	0,009	0,010	0,013	0,021	0,032	0,041	0,045	0,037	0,066	12,773
13,000	-1,976	-1,997	-2,010	-2,008	-2,005	-2,000	-1,996	-1,998	-1,992	-1,995	-1,996	-1,990	-1,983	-1,969	-1,949	-0,052	-0,038	-0,029	-0,002	0,002	0,002	0,006	0,008	0,010	0,011	0,016	0,018	0,027	0,032	0,023	0,044	11,646
14,000	-2,957	-2,371	-2,127	-1,883	-1,808	-1,772	-1,753	-1,740	-1,730	-1,725	-1,718	-1,714	-1,708	-1,695	-1,683	1,296	0,988	0,777	0,434	0,304	0,218	0,171	0,133	0,104	0,077	0,062	0,050	0,042	0,037	0,027	0,032	11,587
15,000	-1,758	-1,215	-1,056	-0,905	-0,871	-0,853	-0,845	-0,839	-0,833	-0,833	-0,833	-0,833	-0,831	-0,826	-0,826	1,221	0,842	0,619	0,309	0,208	0,140	0,109	0,081	0,060	0,043	0,029	0,021	0,018	0,015	0,009	0,042	12,437
	run	12	2022:11:15    09:50:32,891
0,000	-3,763	-3,624	-3,547	-3,464	-3,438	-3,424	-3,421	-3,418	-3,413	-3,416	-3,413	-3,412	-3,409	-3,400	-3,393	0,296	0,257	0,215	0,128	0,093	0,062	0,050	0,039	0,030	0,020	0,019	0,019	0,020	0,019	0,015	0,044	11,616
1,000	-4,302	-4,366	-4,377	-4,355	-4,321	-4,299	-4,289	-4,283	-4,272	-4,270	-4,264	-4,256	-4,248	-4,232	-4,217	-0,139	-0,072	-0,030	0,036	0,046	0,040	0,038	0,036	0,036	0,030	0,033	0,033	0,034	0,035	0,024	0,050	11,235
2,000	-2,705	-2,742	-2,745	-2,748	-2,734	-2,718	-2,706	-2,698	-2,686	-2,682	-2,671	-2,666	-2,658	-2,646	-2,636	-0,059	-0,037	-0,018	0,017	0,030	0,035	0,037	0,037	0,036	0,033	0,032	0,029	0,028	0,027	0,016	0,040	11,638
3,000	-5,447	-5,479	-5,483	-5,454	-5,421	-5,404	-5,399	-5,390	-5,383	-5,392	-5,387	-5,387	-5,378	-5,367	-5,346	-0,040	-0,016	0,008	0,050	0,047	0,041	0,036	0,030	0,019	0,014	0,020	0,023	0,029	0,030	0,024	0,079	12,444
4,000	-3,017	-3,056	-3,065	-3,072	-3,064	-3,060	-3,058	-3,051	-3,048	-3,046	-3,041	-3,032	-3,018	-2,998	-2,978	-0,068	-0,040	-0,033	-0,003	0,008	0,015	0,017	0,018	0,023	0,022	0,028	0,036	0,041	0,046	0,034	0,041	12,312
5,000	-3,375	-3,437	-3,446	-3,466	-3,466	-3,463	-3,462	-3,461	-3,464	-3,464	-3,460	-3,455	-3,443	-3,420	-3,394	-0,107	-0,078	-0,057	-0,024	-0,012	-0,004	-0,000	0,002	0,005	0,014	0,023	0,033	0,040	0,049	0,039	0,050	11,221
6,000	-2,118	-2,139	-2,148	-2,134	-2,115	-2,102	-2,092	-2,087	-2,079	-2,075	-2,073	-2,071	-2,068	-2,061	-2,051	-0,055	-0,028	-0,009	0,020	0,032	0,032	0,029	0,022	0,024	0,022	0,016	0,015	0,013	0,015	0,011	0,027	11,572
7,000	-1,619	-1,637	-1,642	-1,652	-1,647	-1,651	-1,654	-1,656	-1,660	-1,660	-1,662	-1,662	-1,662	-1,659	-1,657	-0,037	-0,024	-0,020	-0,014	-0,011	-0,012	-0,008	-0,010	-0,008	-0,006	-0,004	-0,000	0,001	0,005	0,004	0,036	10,942
8,000	-5,105	-5,134	-5,130	-5,140	-5,127	-5,128	-5,124	-5,126	-5,124	-5,133	-5,128	-5,125	-5,131	-5,125	-5,122	-0,027	-0,019	-0,011	0,002	0,005	0,007	0,003	0,001	0,002	-0,001	-0,001	0,000	0,004	0,001	0,001	0,060	10,906
9,000	-2,063	-2,058	-2,067	-2,060	-2,048	-2,046	-2,042	-2,040	-2,032	-2,038	-2,030	-2,016	-2,004	-1,982	-1,954	0,012	-0,008	0,002	0,018	0,020	0,014	0,016	0,020	0,028	0,028	0,033	0,039	0,044	0,048	0,038	0,046	12,803
10,000	-1,545	-1,543	-1,528	-1,489	-1,461	-1,444	-1,433	-1,429	-1,423	-1,424	-1,422	-1,422	-1,414	-1,398	-1,388	-0,010	0,031	0,039	0,058	0,055	0,046	0,043	0,033	0,024	0,022	0,020	0,021	0,025	0,031	0,025	0,053	13,447
11,000	-3,050	-3,050	-3,039	-3,018	-3,001	-2,987	-2,981	-2,976	-2,966	-2,964	-2,957	-2,953	-2,946	-2,933	-2,926	-0,008	0,011	0,022	0,038	0,038	0,034	0,034	0,032	0,030	0,026	0,027	0,024	0,023	0,023	0,017	0,040	13,293
12,000	-4,494	-4,535	-4,535	-4,535	-4,523	-4,520	-4,519	-4,520	-4,519	-4,519	-4,518	-4,510	-4,501	-4,479	-4,453	-0,061	-0,036	-0,020	-0,000	0,008	0,007	0,009	0,008	0,011	0,015	0,021	0,031	0,040	0,046	0,037	0,066	12,781
13,000	-1,975	-1,986	-2,007	-2,005	-2,001	-1,999	-1,994	-1,993	-1,987	-1,993	-1,990	-1,985	-1,975	-1,960	-1,943	-0,053	-0,041	-0,029	-0,001	0,006	0,005	0,002	0,011	0,009	0,014	0,019	0,022	0,027	0,032	0,026	0,045	11,624
14,000	-2,946	-2,356	-2,113	-1,870	-1,798	-1,759	-1,741	-1,728	-1,719	-1,714	-1,710	-1,701	-1,693	-1,683	-1,671	1,300	0,990	0,778	0,429	0,306	0,216	0,171	0,132	0,103	0,075	0,060	0,050	0,042	0,036	0,024	0,032	11,550
15,000	-1,749	-1,207	-1,048	-0,896	-0,861	-0,847	-0,838	-0,831	-0,826	-0,827	-0,825	-0,827	-0,825	-0,820	-0,818	1,219	0,837	0,619	0,307	0,206	0,139	0,106	0,082	0,058	0,043	0,030	0,019	0,018	0,016	0,008	0,042	12,444
	run	13	2022:11:15    09:50:32,992
0,000	-3,761	-3,617	-3,544	-3,460	-3,433	-3,421	-3,415	-3,411	-3,407	-3,410	-3,409	-3,408	-3,404	-3,395	-3,386	0,290	0,251	0,213	0,130	0,090	0,062	0,050	0,038	0,029	0,021	0,020	0,018	0,018	0,020	0,014	0,045	11,631
1,000	-4,261	-4,326	-4,338	-4,316	-4,286	-4,269	-4,260	-4,254	-4,242	-4,244	-4,236	-4,231	-4,220	-4,203	-4,191	-0,144	-0,077	-0,035	0,030	0,042	0,036	0,035	0,033	0,032	0,028	0,031	0,032	0,033	0,034	0,025	0,050	11,272
2,000	-2,715	-2,746	-2,750	-2,751	-2,735	-2,721	-2,709	-2,700	-2,690	-2,684	-2,676	-2,668	-2,661	-2,653	-2,639	-0,055	-0,036	-0,018	0,016	0,033	0,035	0,037	0,039	0,041	0,033	0,032	0,030	0,027	0,025	0,018	0,040	11,653
3,000	-5,465	-5,496	-5,496	-5,469	-5,436	-5,421	-5,412	-5,408	-5,401	-5,404	-5,400	-5,397	-5,394	-5,381	-5,360	-0,046	-0,017	0,009	0,047	0,054	0,039	0,035	0,028	0,023	0,019	0,022	0,023	0,026	0,032	0,027	0,080	12,451
4,000	-3,001	-3,039	-3,043	-3,052	-3,042	-3,040	-3,036	-3,034	-3,027	-3,024	-3,021	-3,015	-3,004	-2,980	-2,955	-0,069	-0,037	-0,028	-0,003	0,009	0,013	0,015	0,017	0,023	0,022	0,029	0,038	0,040	0,045	0,034	0,039	12,297
5,000	-3,352	-3,409	-3,423	-3,443	-3,442	-3,443	-3,443	-3,441	-3,443	-3,441	-3,440	-3,434	-3,422	-3,399	-3,370	-0,110	-0,084	-0,056	-0,027	-0,011	-0,006	-0,001	-0,001	0,005	0,012	0,023	0,031	0,041	0,049	0,039	0,050	11,228
6,000	-2,105	-2,133	-2,138	-2,126	-2,113	-2,093	-2,087	-2,087	-2,075	-2,069	-2,069	-2,068	-2,054	-2,053	-2,050	-0,059	-0,035	-0,011	0,022	0,029	0,029	0,030	0,022	0,023	0,018	0,018	0,021	0,017	0,015	0,012	0,026	11,616
7,000	-1,607	-1,629	-1,629	-1,640	-1,638	-1,641	-1,642	-1,644	-1,646	-1,646	-1,651	-1,652	-1,650	-1,647	-1,643	-0,037	-0,023	-0,018	-0,011	-0,010	-0,011	-0,009	-0,007	-0,006	-0,005	-0,002	0,001	0,003	0,002	0,002	0,037	10,942
8,000	-5,113	-5,139	-5,136	-5,148	-5,137	-5,138	-5,139	-5,135	-5,133	-5,143	-5,144	-5,145	-5,144	-5,142	-5,136	-0,034	-0,021	-0,014	-0,003	0,003	-0,002	-0,001	0,002	-0,002	-0,004	-0,000	0,001	-0,002	0,004	0,001	0,060	10,862
9,000	-2,011	-2,002	-2,015	-2,004	-1,992	-1,983	-1,980	-1,975	-1,974	-1,966	-1,961	-1,955	-1,944	-1,922	-1,898	0,013	-0,007	-0,002	0,017	0,019	0,018	0,018	0,021	0,022	0,029	0,032	0,036	0,046	0,049	0,038	0,046	12,737
10,000	-1,553	-1,560	-1,537	-1,507	-1,476	-1,461	-1,455	-1,442	-1,440	-1,440	-1,440	-1,438	-1,430	-1,415	-1,403	-0,011	0,030	0,038	0,056	0,055	0,044	0,036	0,032	0,023	0,025	0,023	0,019	0,026	0,027	0,023	0,052	13,381
11,000	-3,068	-3,067	-3,057	-3,036	-3,014	-3,003	-2,996	-2,991	-2,982	-2,978	-2,972	-2,965	-2,963	-2,950	-2,940	-0,006	0,013	0,026	0,038	0,040	0,033	0,036	0,031	0,031	0,026	0,026	0,025	0,025	0,025	0,016	0,040	13,308
12,000	-4,535	-4,574	-4,576	-4,576	-4,563	-4,561	-4,560	-4,559	-4,556	-4,559	-4,557	-4,553	-4,541	-4,518	-4,494	-0,059	-0,036	-0,021	0,002	0,009	0,010	0,009	0,009	0,011	0,014	0,020	0,030	0,040	0,045	0,036	0,067	12,751
13,000	-1,995	-2,015	-2,033	-2,029	-2,021	-2,022	-2,015	-2,017	-2,010	-2,015	-2,013	-2,011	-2,001	-1,986	-1,968	-0,057	-0,037	-0,029	-0,004	0,002	0,004	0,006	0,012	0,007	0,009	0,017	0,020	0,027	0,030	0,025	0,045	11,609
14,000	-2,957	-2,365	-2,117	-1,875	-1,802	-1,766	-1,747	-1,733	-1,724	-1,718	-1,711	-1,707	-1,699	-1,689	-1,678	1,298	0,991	0,782	0,434	0,310	0,217	0,171	0,133	0,102	0,076	0,062	0,050	0,043	0,036	0,025	0,032	11,550
15,000	-1,747	-1,206	-1,049	-0,896	-0,862	-0,847	-0,839	-0,831	-0,825	-0,827	-0,826	-0,826	-0,824	-0,819	-0,818	1,215	0,833	0,615	0,305	0,205	0,139	0,107	0,082	0,059	0,042	0,030	0,019	0,018	0,013	0,009	0,043	12,451
	run	14	2022:11:15    09:50:33,045
0,000	-3,761	-3,617	-3,544	-3,460	-3,433	-3,421	-3,415	-3,411	-3,407	-3,410	-3,409	-3,408	-3,404	-3,395	-3,386	0,290	0,251	0,213	0,130	0,090	0,062	0,050	0,038	0,029	0,021	0,020	0,018	0,018	0,020	0,014	0,045	11,631
1,000	-4,261	-4,326	-4,338	-4,316	-4,286	-4,269	-4,260	-4,254	-4,242	-4,244	-4,236	-4,231	-4,220	-4,203	-4,191	-0,144	-0,077	-0,035	0,030	0,042	0,036	0,035	0,033	0,032	0,028	0,031	0,032	0,033	0,034	0,025	0,050	11,272
2,000	-2,715	-2,746	-2,750	-2,751	-2,735	-2,721	-2,709	-2,700	-2,690	-2,684	-2,676	-2,668	-2,661	-2,653	-2,639	-0,055	-0,036	-0,018	0,016	0,033	0,035	0,037	0,039	0,041	0,033	0,032	0,030	0,027	0,025	0,018	0,040	11,653
3,000	-5,465	-5,496	-5,496	-5,469	-5,436	-5,421	-5,412	-5,408	-5,401	-5,404	-5,400	-5,397	-5,394	-5,381	-5,360	-0,046	-0,017	0,009	0,047	0,054	0,039	0,035	0,028	0,023	0,019	0,022	0,023	0,026	0,032	0,027	0,080	12,451
4,000	-3,001	-3,039	-3,043	-3,052	-3,042	-3,040	-3,036	-3,034	-3,027	-3,024	-3,021	-3,015	-3,004	-2,980	-2,955	-0,069	-0,037	-0,028	-0,003	0,009	0,013	0,015	0,017	0,023	0,022	0,029	0,038	0,040	0,045	0,034	0,039	12,297
5,000	-3,352	-3,409	-3,423	-3,443	-3,442	-3,443	-3,443	-3,441	-3,443	-3,441	-3,440	-3,434	-3,422	-3,399	-3,370	-0,110	-0,084	-0,056	-0,027	-0,011	-0,006	-0,001	-0,001	0,005	0,012	0,023	0,031	0,041	0,049	0,039	0,050	11,228
6,000	-2,106	-2,130	-2,140	-2,125	-2,108	-2,100	-2,087	-2,082	-2,073	-2,076	-2,069	-2,063	-2,064	-2,058	-2,047	-0,062	-0,033	-0,007	0,021	0,029	0,029	0,030	0,023	0,022	0,023	0,016	0,027	0,016	0,012	0,009	0,028	11,587
7,000	-1,605	-1,623	-1,622	-1,631	-1,628	-1,633	-1,635	-1,637	-1,638	-1,641	-1,640	-1,641	-1,642	-1,638	-1,634	-0,036	-0,021	-0,019	-0,008	-0,008	-0,011	-0,007	-0,005	-0,008	-0,006	-0,002	0,000	0,004	0,006	0,006	0,036	10,942
8,000	-5,123	-5,153	-5,153	-5,160	-5,154	-5,146	-5,149	-5,149	-5,151	-5,157	-5,157	-5,153	-5,153	-5,146	-5,152	-0,038	-0,021	-0,012	-0,002	0,001	-0,003	0,009	-0,005	0,000	-0,006	-0,002	0,001	0,001	0,005	0,000	0,059	10,876
9,000	-1,993	-1,988	-1,989	-1,982	-1,978	-1,964	-1,968	-1,962	-1,950	-1,960	-1,942	-1,941	-1,925	-1,903	-1,885	0,016	-0,007	-0,000	0,020	0,020	0,020	0,020	0,021	0,023	0,030	0,036	0,043	0,044	0,047	0,035	0,045	12,729
10,000	-1,554	-1,566	-1,544	-1,509	-1,478	-1,460	-1,452	-1,448	-1,442	-1,440	-1,441	-1,436	-1,433	-1,419	-1,404	-0,010	0,031	0,037	0,058	0,051	0,046	0,039	0,034	0,024	0,022	0,023	0,022	0,028	0,030	0,023	0,053	13,352
11,000	-3,062	-3,056	-3,037	-3,020	-3,001	-2,990	-2,980	-2,976	-2,966	-2,964	-2,960	-2,952	-2,946	-2,937	-2,926	-0,002	0,016	0,026	0,042	0,041	0,035	0,035	0,031	0,029	0,027	0,027	0,026	0,025	0,022	0,016	0,040	13,293
12,000	-4,541	-4,579	-4,580	-4,583	-4,570	-4,569	-4,568	-4,566	-4,566	-4,570	-4,564	-4,558	-4,550	-4,525	-4,500	-0,060	-0,036	-0,022	0,004	0,007	0,009	0,009	0,010	0,011	0,014	0,017	0,030	0,041	0,047	0,037	0,066	12,729
13,000	-1,993	-2,004	-2,025	-2,022	-2,017	-2,009	-2,009	-2,007	-2,002	-2,008	-2,003	-2,001	-1,993	-1,978	-1,962	-0,052	-0,037	-0,030	-0,001	0,001	0,005	0,007	0,012	0,010	0,012	0,018	0,026	0,026	0,032	0,025	0,045	11,609
14,000	-2,965	-2,374	-2,125	-1,884	-1,809	-1,770	-1,754	-1,741	-1,730	-1,725	-1,719	-1,713	-1,707	-1,695	-1,682	1,299	0,995	0,781	0,433	0,309	0,219	0,170	0,133	0,101	0,076	0,062	0,049	0,042	0,037	0,027	0,033	11,521
15,000	-1,745	-1,207	-1,051	-0,898	-0,865	-0,847	-0,840	-0,833	-0,826	-0,829	-0,828	-0,827	-0,825	-0,823	-0,821	1,214	0,833	0,615	0,306	0,207	0,138	0,107	0,082	0,060	0,042	0,030	0,021	0,018	0,013	0,009	0,043	12,422
	run	15	2022:11:15    09:50:33,143
0,000	-3,738	-3,595	-3,521	-3,440	-3,410	-3,399	-3,394	-3,391	-3,386	-3,390	-3,388	-3,385	-3,382	-3,372	-3,365	0,291	0,249	0,215	0,129	0,090	0,062	0,049	0,039	0,028	0,019	0,020	0,018	0,018	0,019	0,014	0,044	11,624
1,000	-4,239	-4,302	-4,312	-4,292	-4,259	-4,243	-4,234	-4,230	-4,217	-4,219	-4,211	-4,204	-4,196	-4,178	-4,165	-0,141	-0,077	-0,033	0,031	0,040	0,037	0,036	0,034	0,032	0,028	0,027	0,031	0,033	0,033	0,024	0,049	11,279
2,000	-2,703	-2,735	-2,740	-2,745	-2,725	-2,712	-2,699	-2,693	-2,679	-2,676	-2,666	-2,660	-2,653	-2,642	-2,631	-0,056	-0,038	-0,017	0,017	0,030	0,036	0,040	0,038	0,036	0,033	0,032	0,029	0,028	0,027	0,017	0,039	11,653
3,000	-5,468	-5,497	-5,497	-5,467	-5,436	-5,415	-5,407	-5,404	-5,398	-5,404	-5,404	-5,397	-5,392	-5,376	-5,358	-0,044	-0,012	0,011	0,049	0,053	0,041	0,033	0,030	0,022	0,019	0,021	0,028	0,030	0,032	0,024	0,079	12,437
4,000	-3,026	-3,059	-3,065	-3,074	-3,068	-3,062	-3,057	-3,058	-3,048	-3,047	-3,038	-3,035	-3,023	-3,001	-2,978	-0,067	-0,041	-0,030	-0,000	0,005	0,011	0,016	0,019	0,022	0,025	0,030	0,035	0,041	0,044	0,037	0,042	12,305
5,000	-3,392	-3,445	-3,463	-3,483	-3,480	-3,483	-3,482	-3,480	-3,482	-3,480	-3,479	-3,473	-3,461	-3,437	-3,411	-0,102	-0,079	-0,059	-0,025	-0,012	-0,008	-0,003	-0,000	0,006	0,011	0,023	0,032	0,040	0,049	0,037	0,050	11,213
6,000	-2,123	-2,143	-2,156	-2,134	-2,122	-2,109	-2,100	-2,094	-2,087	-2,085	-2,089	-2,075	-2,073	-2,070	-2,062	-0,062	-0,027	-0,008	0,021	0,031	0,030	0,028	0,024	0,027	0,023	0,028	0,021	0,010	0,019	0,008	0,027	11,543
7,000	-1,614	-1,635	-1,633	-1,644	-1,643	-1,644	-1,647	-1,649	-1,650	-1,653	-1,650	-1,659	-1,656	-1,652	-1,648	-0,041	-0,024	-0,019	-0,012	-0,010	-0,011	-0,010	-0,009	-0,004	-0,006	-0,003	-0,001	0,003	0,004	0,004	0,037	10,920
8,000	-5,111	-5,134	-5,126	-5,138	-5,130	-5,125	-5,122	-5,126	-5,118	-5,128	-5,130	-5,130	-5,133	-5,129	-5,127	-0,031	-0,018	-0,012	0,002	0,004	0,000	0,002	-0,001	0,003	-0,004	-0,010	0,001	-0,002	0,005	-0,000	0,059	10,898
9,000	-2,056	-2,047	-2,059	-2,056	-2,040	-2,034	-2,037	-2,035	-2,030	-2,029	-2,017	-2,008	-1,995	-1,973	-1,951	0,017	-0,014	-0,000	0,012	0,016	0,010	0,022	0,019	0,026	0,029	0,031	0,042	0,050	0,051	0,039	0,045	12,766
10,000	-1,549	-1,554	-1,530	-1,493	-1,463	-1,448	-1,438	-1,431	-1,426	-1,428	-1,426	-1,422	-1,418	-1,404	-1,392	-0,005	0,028	0,041	0,058	0,055	0,045	0,041	0,033	0,018	0,021	0,028	0,021	0,027	0,025	0,023	0,053	13,433
11,000	-3,065	-3,055	-3,043	-3,025	-3,005	-2,995	-2,985	-2,981	-2,971	-2,969	-2,959	-2,956	-2,949	-2,940	-2,929	-0,005	0,015	0,025	0,039	0,039	0,035	0,034	0,031	0,029	0,028	0,026	0,027	0,025	0,023	0,015	0,040	13,286
12,000	-4,498	-4,536	-4,535	-4,539	-4,527	-4,524	-4,524	-4,521	-4,522	-4,523	-4,521	-4,514	-4,503	-4,481	-4,456	-0,055	-0,034	-0,022	0,002	0,007	0,005	0,008	0,008	0,011	0,012	0,023	0,031	0,038	0,045	0,037	0,066	12,766
13,000	-1,982	-2,000	-2,016	-2,016	-2,008	-2,006	-2,003	-2,005	-2,002	-2,004	-1,998	-1,995	-1,986	-1,973	-1,953	-0,055	-0,037	-0,028	-0,001	-0,000	0,003	0,008	0,007	0,014	0,008	0,016	0,023	0,027	0,032	0,027	0,044	11,624
14,000	-2,962	-2,371	-2,124	-1,883	-1,810	-1,770	-1,754	-1,741	-1,730	-1,725	-1,718	-1,713	-1,708	-1,695	-1,685	1,297	0,992	0,781	0,432	0,307	0,217	0,170	0,135	0,101	0,077	0,060	0,050	0,042	0,037	0,026	0,033	11,558
15,000	-1,737	-1,200	-1,046	-0,891	-0,858	-0,843	-0,834	-0,828	-0,821	-0,823	-0,821	-0,821	-0,820	-0,815	-0,815	1,209	0,832	0,613	0,306	0,205	0,138	0,106	0,081	0,058	0,043	0,028	0,021	0,019	0,013	0,008	0,043	12,451
	run	16	2022:11:15    09:50:33,244
0,000	-3,742	-3,599	-3,524	-3,445	-3,414	-3,401	-3,397	-3,394	-3,389	-3,392	-3,389	-3,387	-3,385	-3,375	-3,368	0,296	0,254	0,214	0,129	0,091	0,063	0,052	0,039	0,030	0,022	0,020	0,019	0,020	0,020	0,014	0,044	11,646
1,000	-4,281	-4,343	-4,355	-4,331	-4,302	-4,283	-4,273	-4,266	-4,259	-4,258	-4,249	-4,243	-4,232	-4,220	-4,202	-0,140	-0,079	-0,033	0,031	0,043	0,037	0,037	0,034	0,034	0,029	0,032	0,033	0,035	0,033	0,024	0,051	11,272
2,000	-2,734	-2,768	-2,775	-2,775	-2,760	-2,742	-2,735	-2,724	-2,712	-2,706	-2,697	-2,692	-2,681	-2,672	-2,662	-0,059	-0,036	-0,017	0,017	0,032	0,036	0,039	0,037	0,038	0,033	0,031	0,031	0,030	0,027	0,019	0,042	11,624
3,000	-5,524	-5,553	-5,556	-5,523	-5,487	-5,470	-5,460	-5,457	-5,452	-5,455	-5,457	-5,452	-5,446	-5,427	-5,411	-0,045	-0,015	0,013	0,053	0,055	0,042	0,034	0,033	0,023	0,017	0,020	0,022	0,029	0,030	0,023	0,080	12,415
4,000	-3,038	-3,078	-3,076	-3,091	-3,081	-3,076	-3,073	-3,069	-3,065	-3,066	-3,056	-3,049	-3,038	-3,020	-2,996	-0,067	-0,043	-0,036	-0,008	0,004	0,011	0,014	0,017	0,020	0,021	0,031	0,035	0,040	0,045	0,039	0,041	12,246
5,000	-3,406	-3,460	-3,473	-3,489	-3,491	-3,490	-3,489	-3,490	-3,488	-3,488	-3,484	-3,479	-3,467	-3,445	-3,418	-0,108	-0,081	-0,059	-0,026	-0,012	-0,007	-0,001	0,001	0,006	0,014	0,024	0,031	0,042	0,051	0,043	0,050	11,169
6,000	-2,140	-2,160	-2,171	-2,158	-2,135	-2,122	-2,120	-2,114	-2,104	-2,103	-2,102	-2,090	-2,090	-2,082	-2,077	-0,060	-0,034	-0,013	0,020	0,031	0,029	0,028	0,026	0,027	0,019	0,018	0,019	0,015	0,013	0,011	0,029	11,558
7,000	-1,624	-1,641	-1,638	-1,650	-1,645	-1,646	-1,650	-1,651	-1,652	-1,655	-1,658	-1,659	-1,656	-1,655	-1,651	-0,036	-0,023	-0,019	-0,008	-0,006	-0,011	-0,007	-0,008	-0,006	-0,004	-0,001	0,002	0,000	0,005	0,003	0,036	10,898
8,000	-5,103	-5,125	-5,122	-5,130	-5,123	-5,119	-5,121	-5,122	-5,109	-5,120	-5,121	-5,123	-5,126	-5,120	-5,120	-0,033	-0,020	-0,018	0,001	0,001	0,004	0,002	-0,001	-0,001	-0,007	-0,010	-0,002	0,002	0,004	0,002	0,059	10,876
9,000	-2,039	-2,029	-2,041	-2,033	-2,022	-2,020	-2,015	-2,010	-2,001	-2,005	-1,991	-1,985	-1,975	-1,951	-1,926	0,007	-0,003	0,003	0,013	0,018	0,016	0,021	0,022	0,022	0,027	0,025	0,048	0,049	0,054	0,030	0,046	12,773
10,000	-1,544	-1,544	-1,525	-1,489	-1,464	-1,448	-1,440	-1,432	-1,430	-1,429	-1,431	-1,422	-1,417	-1,403	-1,388	-0,009	0,030	0,040	0,057	0,051	0,044	0,039	0,031	0,023	0,023	0,025	0,022	0,026	0,031	0,021	0,053	13,440
11,000	-3,040	-3,037	-3,025	-3,004	-2,985	-2,973	-2,966	-2,959	-2,956	-2,949	-2,944	-2,937	-2,932	-2,919	-2,913	-0,006	0,012	0,023	0,038	0,039	0,035	0,032	0,030	0,031	0,026	0,026	0,026	0,023	0,021	0,016	0,040	13,315
12,000	-4,479	-4,520	-4,516	-4,518	-4,509	-4,506	-4,505	-4,503	-4,500	-4,503	-4,501	-4,494	-4,484	-4,464	-4,436	-0,059	-0,033	-0,020	0,004	0,009	0,007	0,008	0,007	0,008	0,013	0,022	0,031	0,039	0,044	0,036	0,066	12,781
13,000	-1,959	-1,983	-1,997	-1,996	-1,989	-1,989	-1,984	-1,986	-1,981	-1,981	-1,978	-1,976	-1,968	-1,954	-1,937	-0,057	-0,041	-0,028	0,001	0,002	0,002	0,005	0,011	0,006	0,014	0,018	0,019	0,026	0,028	0,024	0,044	11,675
14,000	-2,929	-2,337	-2,093	-1,855	-1,781	-1,744	-1,728	-1,712	-1,705	-1,700	-1,692	-1,689	-1,681	-1,668	-1,659	1,292	0,989	0,774	0,428	0,305	0,215	0,169	0,129	0,102	0,077	0,060	0,049	0,041	0,036	0,023	0,031	11,587
15,000	-1,737	-1,199	-1,040	-0,892	-0,858	-0,840	-0,832	-0,826	-0,818	-0,822	-0,821	-0,821	-0,819	-0,815	-0,815	1,212	0,834	0,615	0,306	0,205	0,139	0,106	0,081	0,058	0,043	0,030	0,021	0,018	0,014	0,008	0,043	12,480
	run	17	2022:11:15    09:50:33,292
0,000	-3,767	-3,627	-3,550	-3,472	-3,441	-3,429	-3,424	-3,421	-3,417	-3,420	-3,420	-3,417	-3,414	-3,403	-3,395	0,295	0,255	0,215	0,128	0,091	0,062	0,051	0,039	0,028	0,022	0,019	0,018	0,020	0,021	0,015	0,044	11,602
1,000	-4,314	-4,371	-4,386	-4,362	-4,332	-4,313	-4,301	-4,294	-4,284	-4,285	-4,277	-4,270	-4,261	-4,244	-4,230	-0,144	-0,075	-0,031	0,035	0,044	0,040	0,038	0,036	0,034	0,030	0,031	0,033	0,035	0,034	0,025	0,050	11,235
2,000	-2,734	-2,768	-2,775	-2,775	-2,760	-2,742	-2,735	-2,724	-2,712	-2,706	-2,697	-2,692	-2,681	-2,672	-2,662	-0,059	-0,036	-0,017	0,017	0,032	0,036	0,039	0,037	0,038	0,033	0,031	0,031	0,030	0,027	0,019	0,042	11,624
3,000	-5,524	-5,553	-5,556	-5,523	-5,487	-5,470	-5,460	-5,457	-5,452	-5,455	-5,457	-5,452	-5,446	-5,427	-5,411	-0,045	-0,015	0,013	0,053	0,055	0,042	0,034	0,033	0,023	0,017	0,020	0,022	0,029	0,030	0,023	0,080	12,415
4,000	-3,038	-3,078	-3,076	-3,091	-3,081	-3,076	-3,073	-3,069	-3,065	-3,066	-3,056	-3,049	-3,038	-3,020	-2,996	-0,067	-0,043	-0,036	-0,008	0,004	0,011	0,014	0,017	0,020	0,021	0,031	0,035	0,040	0,045	0,039	0,041	12,246
5,000	-3,406	-3,460	-3,473	-3,489	-3,491	-3,490	-3,489	-3,490	-3,488	-3,488	-3,484	-3,479	-3,467	-3,445	-3,418	-0,108	-0,081	-0,059	-0,026	-0,012	-0,007	-0,001	0,001	0,006	0,014	0,024	0,031	0,042	0,051	0,043	0,050	11,169
6,000	-2,140	-2,160	-2,171	-2,158	-2,135	-2,122	-2,120	-2,114	-2,104	-2,103	-2,102	-2,090	-2,090	-2,082	-2,077	-0,060	-0,034	-0,013	0,020	0,031	0,029	0,028	0,026	0,027	0,019	0,018	0,019	0,015	0,013	0,011	0,029	11,558
7,000	-1,624	-1,641	-1,638	-1,650	-1,645	-1,646	-1,650	-1,651	-1,652	-1,655	-1,658	-1,659	-1,656	-1,655	-1,651	-0,036	-0,023	-0,019	-0,008	-0,006	-0,011	-0,007	-0,008	-0,006	-0,004	-0,001	0,002	0,000	0,005	0,003	0,036	10,898
8,000	-5,142	-5,170	-5,171	-5,179	-5,167	-5,164	-5,170	-5,164	-5,161	-5,169	-5,178	-5,172	-5,173	-5,170	-5,165	-0,034	-0,023	-0,015	-0,001	-0,002	-0,003	-0,003	-0,001	-0,003	-0,006	-0,009	-0,003	-0,003	-0,001	0,000	0,060	10,833
9,000	-1,978	-1,973	-1,987	-1,975	-1,965	-1,962	-1,960	-1,954	-1,945	-1,947	-1,937	-1,932	-1,915	-1,894	-1,874	0,012	-0,002	0,004	0,022	0,014	0,016	0,022	0,023	0,025	0,027	0,025	0,037	0,045	0,045	0,036	0,045	12,722
10,000	-1,530	-1,539	-1,519	-1,490	-1,460	-1,448	-1,440	-1,428	-1,428	-1,423	-1,425	-1,424	-1,411	-1,407	-1,389	-0,009	0,031	0,035	0,055	0,050	0,045	0,037	0,030	0,030	0,023	0,020	0,022	0,027	0,030	0,024	0,052	13,389
11,000	-3,004	-3,006	-2,995	-2,973	-2,956	-2,943	-2,939	-2,932	-2,924	-2,921	-2,914	-2,908	-2,902	-2,891	-2,883	-0,004	0,013	0,024	0,037	0,037	0,034	0,034	0,030	0,030	0,027	0,025	0,024	0,023	0,023	0,015	0,040	13,337
12,000	-4,431	-4,472	-4,467	-4,473	-4,461	-4,455	-4,456	-4,455	-4,452	-4,455	-4,453	-4,444	-4,435	-4,413	-4,388	-0,057	-0,033	-0,019	0,003	0,008	0,005	0,008	0,009	0,008	0,009	0,019	0,029	0,039	0,045	0,036	0,066	12,810
13,000	-1,956	-1,973	-1,991	-1,986	-1,982	-1,980	-1,976	-1,980	-1,969	-1,979	-1,982	-1,967	-1,958	-1,947	-1,930	-0,052	-0,037	-0,026	-0,001	-0,002	0,002	0,006	0,010	0,005	0,007	0,019	0,020	0,027	0,031	0,025	0,045	11,667
14,000	-2,912	-2,326	-2,082	-1,846	-1,773	-1,736	-1,720	-1,706	-1,696	-1,694	-1,687	-1,681	-1,673	-1,661	-1,650	1,291	0,981	0,770	0,428	0,303	0,214	0,169	0,131	0,099	0,077	0,058	0,048	0,041	0,036	0,025	0,031	11,616
15,000	-1,747	-1,203	-1,049	-0,896	-0,862	-0,847	-0,838	-0,832	-0,825	-0,828	-0,827	-0,827	-0,826	-0,820	-0,819	1,215	0,836	0,617	0,305	0,206	0,139	0,106	0,080	0,059	0,044	0,031	0,020	0,019	0,013	0,009	0,043	12,495
	run	18	2022:11:15    09:50:33,392
0,000	-3,810	-3,668	-3,591	-3,509	-3,479	-3,465	-3,463	-3,459	-3,456	-3,457	-3,457	-3,455	-3,451	-3,442	-3,432	0,298	0,255	0,217	0,129	0,092	0,063	0,049	0,039	0,030	0,021	0,021	0,018	0,019	0,020	0,014	0,044	11,572
1,000	-4,332	-4,396	-4,407	-4,380	-4,349	-4,328	-4,317	-4,312	-4,299	-4,300	-4,292	-4,285	-4,277	-4,259	-4,244	-0,141	-0,073	-0,029	0,036	0,045	0,041	0,041	0,036	0,037	0,028	0,033	0,034	0,034	0,034	0,026	0,050	11,213
2,000	-2,759	-2,794	-2,798	-2,801	-2,783	-2,768	-2,756	-2,746	-2,735	-2,729	-2,721	-2,715	-2,706	-2,694	-2,685	-0,060	-0,037	-0,017	0,018	0,035	0,037	0,039	0,038	0,038	0,031	0,029	0,030	0,030	0,027	0,018	0,041	11,580
3,000	-5,535	-5,564	-5,567	-5,535	-5,497	-5,476	-5,467	-5,463	-5,456	-5,466	-5,462	-5,458	-5,454	-5,437	-5,417	-0,044	-0,014	0,012	0,053	0,056	0,043	0,035	0,030	0,021	0,013	0,020	0,025	0,028	0,032	0,022	0,080	12,378
4,000	-3,052	-3,088	-3,095	-3,107	-3,099	-3,093	-3,089	-3,087	-3,078	-3,081	-3,069	-3,065	-3,053	-3,033	-3,010	-0,065	-0,043	-0,030	-0,005	0,007	0,012	0,015	0,017	0,020	0,025	0,025	0,034	0,043	0,047	0,034	0,042	12,231
5,000	-3,415	-3,467	-3,482	-3,502	-3,500	-3,501	-3,499	-3,499	-3,499	-3,501	-3,496	-3,491	-3,478	-3,459	-3,430	-0,106	-0,083	-0,060	-0,026	-0,010	-0,008	-0,000	0,001	0,008	0,012	0,023	0,034	0,039	0,047	0,038	0,049	11,147
6,000	-2,125	-2,150	-2,149	-2,137	-2,122	-2,107	-2,106	-2,095	-2,094	-2,087	-2,074	-2,076	-2,076	-2,062	-2,064	-0,059	-0,032	-0,017	0,022	0,029	0,032	0,033	0,023	0,025	0,023	0,020	0,014	0,012	0,017	0,010	0,028	11,543
7,000	-1,605	-1,625	-1,625	-1,631	-1,630	-1,636	-1,636	-1,637	-1,639	-1,642	-1,642	-1,643	-1,642	-1,641	-1,633	-0,038	-0,022	-0,018	-0,014	-0,007	-0,010	-0,007	-0,006	-0,003	-0,005	-0,004	0,001	-0,000	0,004	0,003	0,036	10,920
8,000	-5,126	-5,145	-5,143	-5,159	-5,146	-5,144	-5,141	-5,144	-5,136	-5,148	-5,146	-5,146	-5,145	-5,143	-5,146	-0,036	-0,024	-0,012	-0,002	0,001	-0,003	0,001	0,000	0,000	-0,004	0,000	-0,002	-0,003	0,003	-0,001	0,059	10,891
9,000	-1,995	-1,984	-1,997	-1,983	-1,975	-1,970	-1,969	-1,966	-1,957	-1,956	-1,944	-1,944	-1,928	-1,908	-1,880	0,008	-0,003	0,006	0,016	0,019	0,016	0,021	0,019	0,025	0,025	0,030	0,039	0,044	0,049	0,039	0,045	12,751
10,000	-1,530	-1,539	-1,518	-1,486	-1,453	-1,442	-1,434	-1,427	-1,424	-1,422	-1,420	-1,421	-1,410	-1,399	-1,384	-0,012	0,032	0,036	0,055	0,052	0,044	0,041	0,032	0,021	0,020	0,018	0,022	0,027	0,029	0,019	0,052	13,411
11,000	-3,011	-3,012	-2,999	-2,980	-2,961	-2,947	-2,941	-2,936	-2,928	-2,924	-2,920	-2,912	-2,907	-2,896	-2,889	-0,008	0,009	0,020	0,038	0,037	0,035	0,034	0,033	0,029	0,025	0,025	0,026	0,023	0,024	0,015	0,040	13,330
12,000	-4,436	-4,476	-4,475	-4,477	-4,465	-4,463	-4,462	-4,460	-4,460	-4,462	-4,458	-4,451	-4,443	-4,423	-4,398	-0,058	-0,032	-0,018	0,006	0,007	0,007	0,009	0,009	0,010	0,012	0,022	0,029	0,038	0,046	0,035	0,065	12,795
13,000	-1,964	-1,979	-2,002	-1,997	-1,989	-1,990	-1,985	-1,985	-1,981	-1,985	-1,983	-1,976	-1,969	-1,954	-1,939	-0,056	-0,046	-0,030	-0,003	0,003	0,001	0,005	0,007	0,011	0,012	0,015	0,020	0,028	0,031	0,025	0,044	11,667
14,000	-2,939	-2,354	-2,111	-1,872	-1,797	-1,759	-1,744	-1,728	-1,718	-1,715	-1,706	-1,704	-1,695	-1,683	-1,671	1,288	0,984	0,773	0,430	0,306	0,217	0,167	0,133	0,100	0,076	0,060	0,050	0,042	0,036	0,025	0,032	11,609
15,000	-1,755	-1,216	-1,058	-0,906	-0,870	-0,853	-0,845	-0,837	-0,833	-0,833	-0,834	-0,833	-0,830	-0,827	-0,823	1,217	0,838	0,619	0,308	0,209	0,140	0,107	0,082	0,059	0,042	0,030	0,021	0,018	0,013	0,009	0,043	12,444
	run	19	2022:11:15    09:50:33,443
0,000	-3,810	-3,668	-3,591	-3,509	-3,479	-3,465	-3,463	-3,459	-3,456	-3,457	-3,457	-3,455	-3,451	-3,442	-3,432	0,298	0,255	0,217	0,129	0,092	0,063	0,049	0,039	0,030	0,021	0,021	0,018	0,019	0,020	0,014	0,044	11,572
1,000	-4,332	-4,396	-4,407	-4,380	-4,349	-4,328	-4,317	-4,312	-4,299	-4,300	-4,292	-4,285	-4,277	-4,259	-4,244	-0,141	-0,073	-0,029	0,036	0,045	0,041	0,041	0,036	0,037	0,028	0,033	0,034	0,034	0,034	0,026	0,050	11,213
2,000	-2,759	-2,794	-2,798	-2,801	-2,783	-2,768	-2,756	-2,746	-2,735	-2,729	-2,721	-2,715	-2,706	-2,694	-2,685	-0,060	-0,037	-0,017	0,018	0,035	0,037	0,039	0,038	0,038	0,031	0,029	0,030	0,030	0,027	0,018	0,041	11,580
3,000	-5,535	-5,564	-5,567	-5,535	-5,497	-5,476	-5,467	-5,463	-5,456	-5,466	-5,462	-5,458	-5,454	-5,437	-5,417	-0,044	-0,014	0,012	0,053	0,056	0,043	0,035	0,030	0,021	0,013	0,020	0,025	0,028	0,032	0,022	0,080	12,378
4,000	-3,052	-3,088	-3,095	-3,107	-3,099	-3,093	-3,089	-3,087	-3,078	-3,081	-3,069	-3,065	-3,053	-3,033	-3,010	-0,065	-0,043	-0,030	-0,005	0,007	0,012	0,015	0,017	0,020	0,025	0,025	0,034	0,043	0,047	0,034	0,042	12,231
5,000	-3,415	-3,467	-3,482	-3,502	-3,500	-3,501	-3,499	-3,499	-3,499	-3,501	-3,496	-3,491	-3,478	-3,459	-3,430	-0,106	-0,083	-0,060	-0,026	-0,010	-0,008	-0,000	0,001	0,008	0,012	0,023	0,034	0,039	0,047	0,038	0,049	11,147
6,000	-2,117	-2,140	-2,144	-2,132	-2,113	-2,101	-2,092	-2,084	-2,080	-2,077	-2,071	-2,073	-2,066	-2,060	-2,049	-0,053	-0,034	-0,014	0,023	0,032	0,030	0,032	0,025	0,021	0,020	0,016	0,017	0,022	0,011	0,008	0,026	11,521
7,000	-1,601	-1,622	-1,624	-1,635	-1,632	-1,637	-1,638	-1,639	-1,643	-1,645	-1,647	-1,648	-1,647	-1,643	-1,641	-0,041	-0,025	-0,022	-0,013	-0,009	-0,009	-0,009	-0,011	-0,009	-0,007	-0,004	-0,002	0,002	0,004	0,005	0,036	10,950
8,000	-5,046	-5,072	-5,075	-5,081	-5,073	-5,068	-5,071	-5,066	-5,061	-5,067	-5,076	-5,066	-5,070	-5,067	-5,069	-0,028	-0,021	-0,014	0,001	0,004	0,002	-0,000	-0,004	0,006	-0,004	0,010	-0,001	0,003	0,001	0,002	0,059	10,942
9,000	-2,008	-2,010	-2,021	-2,011	-2,002	-1,993	-1,995	-1,991	-1,984	-1,983	-1,979	-1,973	-1,957	-1,934	-1,908	0,009	-0,012	0,003	0,016	0,016	0,014	0,022	0,020	0,025	0,023	0,032	0,041	0,048	0,047	0,037	0,046	12,817
10,000	-1,527	-1,530	-1,510	-1,480	-1,452	-1,436	-1,427	-1,422	-1,411	-1,416	-1,412	-1,414	-1,404	-1,390	-1,379	-0,011	0,028	0,037	0,052	0,054	0,046	0,035	0,033	0,021	0,021	0,022	0,022	0,027	0,028	0,022	0,053	13,484
11,000	-3,007	-3,004	-2,998	-2,978	-2,958	-2,947	-2,939	-2,935	-2,924	-2,922	-2,918	-2,911	-2,903	-2,895	-2,886	-0,008	0,011	0,023	0,038	0,037	0,034	0,034	0,030	0,031	0,027	0,025	0,024	0,025	0,023	0,015	0,040	13,345
12,000	-4,460	-4,498	-4,494	-4,498	-4,485	-4,482	-4,482	-4,482	-4,479	-4,481	-4,480	-4,475	-4,463	-4,440	-4,414	-0,060	-0,032	-0,018	0,005	0,008	0,008	0,008	0,009	0,010	0,015	0,021	0,032	0,039	0,044	0,038	0,067	12,795
13,000	-1,961	-1,978	-1,995	-1,992	-1,989	-1,990	-1,981	-1,978	-1,979	-1,980	-1,981	-1,978	-1,967	-1,953	-1,937	-0,055	-0,037	-0,030	-0,000	0,002	0,001	0,006	0,010	0,009	0,014	0,012	0,017	0,026	0,026	0,026	0,045	11,667
14,000	-2,956	-2,371	-2,125	-1,883	-1,808	-1,772	-1,752	-1,739	-1,731	-1,724	-1,717	-1,713	-1,707	-1,692	-1,681	1,299	0,990	0,775	0,431	0,307	0,216	0,173	0,132	0,101	0,078	0,060	0,050	0,043	0,038	0,024	0,031	11,602
15,000	-1,757	-1,220	-1,058	-0,905	-0,871	-0,854	-0,847	-0,840	-0,831	-0,835	-0,834	-0,834	-0,832	-0,827	-0,827	1,224	0,841	0,621	0,310	0,207	0,140	0,108	0,083	0,061	0,041	0,029	0,022	0,018	0,015	0,009	0,043	12,444
	run	20	2022:11:15    09:50:33,545
0,000	-3,802	-3,664	-3,587	-3,505	-3,475	-3,463	-3,459	-3,455	-3,452	-3,455	-3,454	-3,452	-3,448	-3,439	-3,428	0,298	0,257	0,215	0,129	0,091	0,062	0,050	0,039	0,029	0,021	0,018	0,019	0,019	0,020	0,015	0,044	11,558
1,000	-4,354	-4,419	-4,428	-4,404	-4,372	-4,352	-4,339	-4,334	-4,323	-4,321	-4,312	-4,306	-4,298	-4,283	-4,266	-0,136	-0,074	-0,029	0,035	0,046	0,043	0,039	0,038	0,035	0,031	0,029	0,034	0,033	0,035	0,024	0,050	11,199
2,000	-2,777	-2,811	-2,817	-2,815	-2,799	-2,782	-2,772	-2,760	-2,749	-2,743	-2,736	-2,726	-2,722	-2,711	-2,698	-0,057	-0,037	-0,019	0,018	0,032	0,038	0,040	0,040	0,039	0,032	0,032	0,034	0,031	0,026	0,017	0,041	11,565
3,000	-5,572	-5,602	-5,607	-5,572	-5,536	-5,515	-5,503	-5,501	-5,492	-5,501	-5,498	-5,495	-5,492	-5,478	-5,454	-0,041	-0,008	0,015	0,057	0,059	0,043	0,038	0,028	0,024	0,017	0,022	0,026	0,027	0,032	0,025	0,081	12,363
4,000	-3,067	-3,099	-3,107	-3,116	-3,107	-3,104	-3,103	-3,098	-3,092	-3,091	-3,083	-3,074	-3,065	-3,045	-3,019	-0,067	-0,046	-0,031	-0,005	0,005	0,010	0,015	0,017	0,020	0,023	0,031	0,039	0,040	0,045	0,037	0,041	12,231
5,000	-3,416	-3,471	-3,486	-3,505	-3,504	-3,502	-3,500	-3,502	-3,501	-3,502	-3,500	-3,494	-3,479	-3,458	-3,429	-0,107	-0,079	-0,058	-0,025	-0,012	-0,004	-0,002	0,001	0,006	0,015	0,022	0,033	0,040	0,048	0,039	0,050	11,140
6,000	-2,109	-2,133	-2,141	-2,127	-2,109	-2,099	-2,089	-2,086	-2,068	-2,078	-2,073	-2,068	-2,062	-2,052	-2,047	-0,065	-0,026	-0,012	0,025	0,029	0,031	0,031	0,021	0,027	0,022	0,021	0,016	0,015	0,017	0,014	0,027	11,514
7,000	-1,583	-1,605	-1,605	-1,614	-1,614	-1,620	-1,623	-1,622	-1,625	-1,630	-1,632	-1,631	-1,631	-1,627	-1,623	-0,040	-0,028	-0,024	-0,012	-0,014	-0,013	-0,011	-0,008	-0,004	-0,008	-0,003	-0,002	-0,002	0,007	0,004	0,037	10,935
8,000	-5,038	-5,063	-5,062	-5,069	-5,060	-5,055	-5,055	-5,052	-5,049	-5,057	-5,058	-5,058	-5,065	-5,056	-5,052	-0,034	-0,019	-0,020	0,001	0,005	-0,001	0,001	0,004	-0,003	-0,004	-0,007	0,002	0,001	0,005	0,002	0,059	10,950
9,000	-1,950	-1,946	-1,952	-1,946	-1,942	-1,941	-1,936	-1,935	-1,938	-1,927	-1,923	-1,920	-1,900	-1,884	-1,856	0,010	-0,004	-0,006	0,011	0,011	0,014	0,018	0,020	0,018	0,025	0,036	0,040	0,044	0,044	0,037	0,046	12,869
10,000	-1,524	-1,529	-1,510	-1,478	-1,451	-1,436	-1,424	-1,419	-1,416	-1,416	-1,415	-1,412	-1,406	-1,390	-1,378	-0,007	0,026	0,036	0,054	0,051	0,045	0,035	0,030	0,024	0,022	0,023	0,022	0,025	0,030	0,021	0,052	13,521
11,000	-3,013	-3,010	-3,000	-2,980	-2,958	-2,947	-2,941	-2,936	-2,928	-2,924	-2,918	-2,912	-2,907	-2,897	-2,889	-0,006	0,014	0,021	0,039	0,038	0,034	0,035	0,030	0,031	0,027	0,024	0,024	0,024	0,022	0,016	0,040	13,345
12,000	-4,449	-4,487	-4,484	-4,485	-4,475	-4,472	-4,471	-4,471	-4,466	-4,472	-4,468	-4,463	-4,452	-4,431	-4,404	-0,062	-0,033	-0,020	0,004	0,008	0,008	0,009	0,009	0,007	0,014	0,020	0,029	0,040	0,047	0,038	0,067	12,803
13,000	-1,969	-1,990	-2,007	-2,008	-2,001	-1,996	-1,993	-1,994	-1,989	-1,991	-1,992	-1,984	-1,977	-1,966	-1,952	-0,056	-0,040	-0,028	-0,001	0,000	0,004	0,007	0,010	0,010	0,011	0,015	0,019	0,028	0,030	0,024	0,045	11,653
14,000	-2,953	-2,364	-2,123	-1,880	-1,806	-1,766	-1,750	-1,738	-1,724	-1,721	-1,717	-1,711	-1,705	-1,692	-1,677	1,297	0,988	0,779	0,431	0,307	0,219	0,171	0,133	0,101	0,078	0,061	0,050	0,043	0,038	0,025	0,032	11,587
15,000	-1,760	-1,218	-1,061	-0,908	-0,872	-0,856	-0,848	-0,841	-0,834	-0,837	-0,835	-0,833	-0,832	-0,828	-0,827	1,227	0,840	0,622	0,310	0,209	0,140	0,108	0,083	0,061	0,044	0,030	0,021	0,020	0,014	0,008	0,043	12,451
	run	21	2022:11:15    09:50:33,644
0,000	-3,803	-3,659	-3,579	-3,498	-3,470	-3,458	-3,453	-3,452	-3,447	-3,450	-3,448	-3,445	-3,442	-3,435	-3,424	0,297	0,259	0,216	0,132	0,092	0,063	0,048	0,041	0,031	0,019	0,019	0,019	0,020	0,020	0,015	0,045	11,572
1,000	-4,327	-4,393	-4,403	-4,377	-4,344	-4,324	-4,313	-4,307	-4,296	-4,294	-4,285	-4,278	-4,271	-4,255	-4,238	-0,137	-0,072	-0,031	0,036	0,048	0,042	0,039	0,038	0,035	0,031	0,030	0,032	0,036	0,034	0,024	0,049	11,221
2,000	-2,766	-2,798	-2,805	-2,805	-2,789	-2,774	-2,762	-2,752	-2,740	-2,736	-2,731	-2,719	-2,712	-2,699	-2,690	-0,058	-0,034	-0,017	0,018	0,032	0,034	0,039	0,041	0,039	0,034	0,036	0,032	0,028	0,026	0,019	0,040	11,572
3,000	-5,553	-5,582	-5,580	-5,547	-5,510	-5,495	-5,482	-5,480	-5,475	-5,478	-5,477	-5,471	-5,467	-5,452	-5,437	-0,039	-0,012	0,016	0,057	0,057	0,045	0,038	0,032	0,023	0,015	0,023	0,020	0,025	0,035	0,025	0,080	12,363
4,000	-3,031	-3,074	-3,079	-3,087	-3,079	-3,077	-3,075	-3,071	-3,069	-3,064	-3,056	-3,052	-3,038	-3,017	-2,994	-0,065	-0,049	-0,031	-0,004	0,006	0,012	0,014	0,016	0,021	0,025	0,030	0,039	0,042	0,045	0,034	0,041	12,231
5,000	-3,405	-3,458	-3,474	-3,492	-3,490	-3,491	-3,491	-3,489	-3,488	-3,489	-3,484	-3,480	-3,467	-3,445	-3,417	-0,109	-0,081	-0,060	-0,026	-0,013	-0,007	0,000	0,000	0,005	0,014	0,020	0,033	0,040	0,049	0,041	0,050	11,155
6,000	-2,115	-2,141	-2,149	-2,139	-2,116	-2,109	-2,101	-2,096	-2,083	-2,081	-2,076	-2,077	-2,071	-2,063	-2,054	-0,053	-0,031	-0,017	0,021	0,028	0,028	0,028	0,034	0,021	0,020	0,020	0,018	0,020	0,015	0,012	0,028	11,543
7,000	-1,598	-1,615	-1,617	-1,625	-1,625	-1,627	-1,631	-1,631	-1,635	-1,638	-1,649	-1,639	-1,636	-1,635	-1,630	-0,042	-0,026	-0,021	-0,011	-0,010	-0,012	-0,010	-0,006	-0,007	-0,008	-0,005	-0,003	0,003	0,005	0,003	0,036	10,906
8,000	-5,079	-5,098	-5,099	-5,117	-5,102	-5,099	-5,100	-5,103	-5,098	-5,104	-5,106	-5,106	-5,103	-5,098	-5,099	-0,038	-0,027	-0,018	-0,003	0,004	0,002	0,002	-0,001	-0,001	-0,003	-0,002	0,005	-0,000	0,005	-0,000	0,059	10,928
9,000	-1,917	-1,913	-1,920	-1,911	-1,910	-1,902	-1,892	-1,890	-1,889	-1,889	-1,884	-1,870	-1,857	-1,841	-1,817	0,009	-0,011	-0,003	0,017	0,015	0,014	0,020	0,020	0,019	0,027	0,034	0,037	0,037	0,047	0,037	0,045	12,832
10,000	-1,526	-1,534	-1,513	-1,484	-1,460	-1,442	-1,434	-1,429	-1,423	-1,425	-1,421	-1,422	-1,413	-1,401	-1,389	-0,011	0,026	0,030	0,052	0,050	0,044	0,038	0,031	0,022	0,018	0,020	0,019	0,028	0,029	0,023	0,053	13,440
11,000	-3,007	-3,006	-2,995	-2,976	-2,957	-2,943	-2,938	-2,933	-2,925	-2,921	-2,913	-2,906	-2,902	-2,892	-2,885	-0,004	0,015	0,022	0,036	0,037	0,034	0,032	0,031	0,029	0,026	0,027	0,025	0,023	0,022	0,016	0,040	13,374
12,000	-4,464	-4,500	-4,500	-4,502	-4,491	-4,488	-4,484	-4,485	-4,481	-4,485	-4,480	-4,477	-4,465	-4,443	-4,416	-0,057	-0,034	-0,016	0,005	0,010	0,008	0,009	0,009	0,009	0,014	0,023	0,030	0,037	0,045	0,036	0,066	12,810
13,000	-1,965	-1,983	-2,001	-2,000	-1,997	-1,995	-1,990	-1,993	-1,988	-1,987	-1,987	-1,981	-1,969	-1,959	-1,943	-0,049	-0,039	-0,028	-0,001	0,002	0,005	0,006	0,010	0,009	0,011	0,018	0,022	0,023	0,032	0,023	0,045	11,646
14,000	-2,944	-2,358	-2,113	-1,873	-1,800	-1,760	-1,745	-1,732	-1,721	-1,716	-1,711	-1,705	-1,699	-1,687	-1,673	1,294	0,987	0,774	0,430	0,307	0,219	0,170	0,133	0,101	0,077	0,059	0,051	0,042	0,037	0,022	0,032	11,587
15,000	-1,751	-1,213	-1,057	-0,902	-0,869	-0,853	-0,846	-0,837	-0,831	-0,832	-0,832	-0,832	-0,829	-0,826	-0,824	1,218	0,838	0,619	0,308	0,206	0,139	0,107	0,084	0,059	0,043	0,031	0,020	0,020	0,013	0,007	0,043	12,458
	run	22	2022:11:15    09:50:33,691
0,000	-3,768	-3,631	-3,554	-3,472	-3,442	-3,431	-3,424	-3,423	-3,419	-3,421	-3,420	-3,417	-3,415	-3,404	-3,397	0,295	0,255	0,214	0,129	0,092	0,063	0,050	0,040	0,029	0,021	0,020	0,019	0,017	0,019	0,015	0,044	11,609
1,000	-4,288	-4,353	-4,366	-4,342	-4,314	-4,291	-4,283	-4,278	-4,266	-4,267	-4,256	-4,250	-4,244	-4,227	-4,211	-0,140	-0,077	-0,034	0,033	0,043	0,039	0,038	0,036	0,034	0,029	0,032	0,033	0,034	0,033	0,024	0,049	11,250
2,000	-2,766	-2,798	-2,805	-2,805	-2,789	-2,774	-2,762	-2,752	-2,740	-2,736	-2,731	-2,719	-2,712	-2,699	-2,690	-0,058	-0,034	-0,017	0,018	0,032	0,034	0,039	0,041	0,039	0,034	0,036	0,032	0,028	0,026	0,019	0,040	11,572
3,000	-5,553	-5,582	-5,580	-5,547	-5,510	-5,495	-5,482	-5,480	-5,475	-5,478	-5,477	-5,471	-5,467	-5,452	-5,437	-0,039	-0,012	0,016	0,057	0,057	0,045	0,038	0,032	0,023	0,015	0,023	0,020	0,025	0,035	0,025	0,080	12,363
4,000	-3,031	-3,074	-3,079	-3,087	-3,079	-3,077	-3,075	-3,071	-3,069	-3,064	-3,056	-3,052	-3,038	-3,017	-2,994	-0,065	-0,049	-0,031	-0,004	0,006	0,012	0,014	0,016	0,021	0,025	0,030	0,039	0,042	0,045	0,034	0,041	12,231
5,000	-3,405	-3,458	-3,474	-3,492	-3,490	-3,491	-3,491	-3,489	-3,488	-3,489	-3,484	-3,480	-3,467	-3,445	-3,417	-0,109	-0,081	-0,060	-0,026	-0,013	-0,007	0,000	0,000	0,005	0,014	0,020	0,033	0,040	0,049	0,041	0,050	11,155
6,000	-2,115	-2,141	-2,149	-2,139	-2,116	-2,109	-2,101	-2,096	-2,083	-2,081	-2,076	-2,077	-2,071	-2,063	-2,054	-0,053	-0,031	-0,017	0,021	0,028	0,028	0,028	0,034	0,021	0,020	0,020	0,018	0,020	0,015	0,012	0,028	11,543
7,000	-1,598	-1,615	-1,617	-1,625	-1,625	-1,627	-1,631	-1,631	-1,635	-1,638	-1,649	-1,639	-1,636	-1,635	-1,630	-0,042	-0,026	-0,021	-0,011	-0,010	-0,012	-0,010	-0,006	-0,007	-0,008	-0,005	-0,003	0,003	0,005	0,003	0,036	10,906
8,000	-5,082	-5,105	-5,102	-5,110	-5,104	-5,101	-5,099	-5,100	-5,096	-5,104	-5,103	-5,104	-5,107	-5,105	-5,098	-0,029	-0,020	-0,014	0,001	0,001	0,002	-0,005	-0,002	0,001	-0,001	-0,001	0,000	0,001	0,002	0,002	0,059	10,898
9,000	-1,975	-1,963	-1,980	-1,968	-1,958	-1,953	-1,949	-1,945	-1,940	-1,939	-1,930	-1,924	-1,912	-1,893	-1,865	0,012	-0,010	-0,002	0,017	0,021	0,014	0,026	0,021	0,026	0,027	0,028	0,038	0,044	0,051	0,036	0,045	12,759
10,000	-1,528	-1,536	-1,517	-1,485	-1,456	-1,443	-1,432	-1,427	-1,420	-1,422	-1,422	-1,417	-1,413	-1,399	-1,385	-0,010	0,027	0,036	0,052	0,051	0,044	0,035	0,031	0,027	0,023	0,021	0,022	0,028	0,027	0,021	0,053	13,425
11,000	-3,012	-3,010	-3,000	-2,979	-2,962	-2,947	-2,941	-2,935	-2,927	-2,924	-2,915	-2,912	-2,906	-2,896	-2,888	-0,003	0,014	0,023	0,039	0,039	0,034	0,035	0,032	0,029	0,025	0,022	0,025	0,023	0,022	0,015	0,040	13,345
12,000	-4,463	-4,501	-4,498	-4,500	-4,488	-4,484	-4,484	-4,486	-4,479	-4,486	-4,487	-4,474	-4,466	-4,441	-4,417	-0,061	-0,033	-0,016	0,003	0,007	0,006	0,009	0,009	0,011	0,013	0,022	0,030	0,039	0,046	0,037	0,066	12,810
13,000	-1,969	-1,990	-2,000	-2,004	-1,996	-1,995	-1,989	-1,987	-1,985	-1,988	-1,985	-1,981	-1,971	-1,958	-1,942	-0,055	-0,037	-0,026	-0,002	-0,001	0,002	0,004	0,008	0,008	0,011	0,017	0,021	0,026	0,032	0,025	0,044	11,667
14,000	-2,945	-2,354	-2,111	-1,868	-1,797	-1,758	-1,740	-1,727	-1,718	-1,713	-1,705	-1,699	-1,693	-1,683	-1,669	1,294	0,987	0,776	0,427	0,306	0,216	0,169	0,133	0,103	0,077	0,059	0,050	0,040	0,039	0,024	0,031	11,594
15,000	-1,745	-1,210	-1,053	-0,900	-0,864	-0,848	-0,841	-0,834	-0,828	-0,829	-0,828	-0,828	-0,825	-0,823	-0,820	1,218	0,835	0,618	0,306	0,205	0,139	0,107	0,082	0,059	0,043	0,029	0,020	0,018	0,015	0,009	0,043	12,466
	run	23	2022:11:15    09:50:33,791
0,000	-3,740	-3,603	-3,525	-3,445	-3,416	-3,405	-3,402	-3,397	-3,392	-3,396	-3,392	-3,392	-3,390	-3,380	-3,370	0,293	0,256	0,214	0,127	0,090	0,062	0,051	0,039	0,029	0,021	0,019	0,019	0,017	0,020	0,015	0,044	11,609
1,000	-4,272	-4,333	-4,343	-4,321	-4,292	-4,273	-4,264	-4,257	-4,247	-4,245	-4,239	-4,230	-4,224	-4,207	-4,191	-0,144	-0,075	-0,037	0,031	0,041	0,037	0,037	0,035	0,033	0,028	0,032	0,035	0,035	0,033	0,025	0,049	11,257
2,000	-2,717	-2,747	-2,753	-2,755	-2,740	-2,725	-2,713	-2,703	-2,691	-2,688	-2,681	-2,672	-2,665	-2,654	-2,643	-0,057	-0,035	-0,019	0,014	0,031	0,034	0,041	0,039	0,038	0,033	0,033	0,029	0,028	0,024	0,018	0,039	11,631
3,000	-5,493	-5,518	-5,525	-5,495	-5,461	-5,443	-5,436	-5,429	-5,423	-5,431	-5,426	-5,424	-5,420	-5,400	-5,382	-0,043	-0,019	0,012	0,049	0,055	0,041	0,036	0,029	0,023	0,018	0,019	0,025	0,029	0,034	0,024	0,080	12,437
4,000	-3,027	-3,068	-3,073	-3,083	-3,077	-3,071	-3,069	-3,066	-3,060	-3,060	-3,053	-3,043	-3,031	-3,012	-2,990	-0,071	-0,046	-0,030	-0,004	0,008	0,008	0,016	0,016	0,018	0,021	0,030	0,036	0,040	0,042	0,035	0,038	12,275
5,000	-3,398	-3,454	-3,464	-3,487	-3,485	-3,484	-3,484	-3,483	-3,481	-3,483	-3,481	-3,477	-3,462	-3,441	-3,411	-0,108	-0,079	-0,063	-0,027	-0,012	-0,006	-0,001	-0,000	0,005	0,014	0,023	0,032	0,042	0,050	0,040	0,051	11,177
6,000	-2,128	-2,153	-2,160	-2,146	-2,129	-2,111	-2,107	-2,103	-2,091	-2,089	-2,086	-2,082	-2,077	-2,073	-2,065	-0,061	-0,033	-0,012	0,021	0,032	0,030	0,033	0,024	0,023	0,021	0,018	0,016	0,019	0,014	0,013	0,027	11,521
7,000	-1,619	-1,645	-1,643	-1,651	-1,652	-1,654	-1,658	-1,660	-1,659	-1,665	-1,666	-1,665	-1,665	-1,662	-1,661	-0,040	-0,022	-0,022	-0,012	-0,011	-0,011	-0,009	-0,008	-0,008	-0,008	-0,004	-0,001	0,001	0,003	0,001	0,035	10,898
8,000	-5,106	-5,130	-5,126	-5,140	-5,128	-5,125	-5,127	-5,123	-5,122	-5,126	-5,127	-5,131	-5,129	-5,125	-5,124	-0,030	-0,017	-0,015	-0,001	0,006	0,001	-0,003	-0,003	0,004	-0,003	-0,003	0,001	0,000	0,006	0,002	0,059	10,891
9,000	-2,061	-2,049	-2,060	-2,053	-2,044	-2,039	-2,034	-2,033	-2,027	-2,026	-2,024	-2,013	-1,995	-1,974	-1,952	0,008	-0,006	-0,001	0,017	0,016	0,014	0,022	0,019	0,020	0,027	0,034	0,039	0,044	0,051	0,040	0,046	12,781
10,000	-1,536	-1,540	-1,519	-1,482	-1,453	-1,436	-1,429	-1,423	-1,421	-1,420	-1,418	-1,416	-1,407	-1,393	-1,382	-0,005	0,031	0,040	0,060	0,057	0,045	0,039	0,032	0,023	0,021	0,021	0,021	0,028	0,027	0,023	0,053	13,447
11,000	-3,024	-3,025	-3,010	-2,989	-2,970	-2,959	-2,953	-2,945	-2,939	-2,936	-2,930	-2,923	-2,916	-2,908	-2,899	-0,007	0,013	0,023	0,039	0,038	0,035	0,034	0,032	0,029	0,027	0,026	0,025	0,024	0,022	0,016	0,039	13,323
12,000	-4,463	-4,500	-4,499	-4,501	-4,488	-4,486	-4,484	-4,485	-4,481	-4,485	-4,483	-4,477	-4,466	-4,443	-4,418	-0,061	-0,034	-0,019	0,003	0,008	0,007	0,008	0,009	0,011	0,012	0,019	0,030	0,041	0,044	0,038	0,066	12,788
13,000	-1,963	-1,979	-1,995	-1,995	-1,988	-1,985	-1,982	-1,979	-1,975	-1,979	-1,978	-1,974	-1,966	-1,953	-1,934	-0,056	-0,038	-0,028	-0,001	0,000	0,002	0,007	0,004	0,008	0,010	0,015	0,020	0,029	0,026	0,023	0,045	11,653
14,000	-2,944	-2,354	-2,107	-1,869	-1,796	-1,757	-1,740	-1,727	-1,717	-1,712	-1,706	-1,701	-1,693	-1,681	-1,669	1,295	0,990	0,775	0,430	0,306	0,218	0,169	0,131	0,101	0,077	0,061	0,049	0,043	0,035	0,025	0,032	11,572
15,000	-1,744	-1,206	-1,049	-0,895	-0,862	-0,847	-0,838	-0,830	-0,826	-0,826	-0,826	-0,826	-0,824	-0,820	-0,818	1,215	0,836	0,616	0,306	0,205	0,140	0,107	0,082	0,058	0,043	0,029	0,020	0,019	0,013	0,007	0,043	12,458
	run	24	2022:11:15    09:50:33,844
0,000	-3,740	-3,603	-3,525	-3,445	-3,416	-3,405	-3,402	-3,397	-3,392	-3,396	-3,392	-3,392	-3,390	-3,380	-3,370	0,293	0,256	0,214	0,127	0,090	0,062	0,051	0,039	0,029	0,021	0,019	0,019	0,017	0,020	0,015	0,044	11,609
1,000	-4,272	-4,333	-4,343	-4,321	-4,292	-4,273	-4,264	-4,257	-4,247	-4,245	-4,239	-4,230	-4,224	-4,207	-4,191	-0,144	-0,075	-0,037	0,031	0,041	0,037	0,037	0,035	0,033	0,028	0,032	0,035	0,035	0,033	0,025	0,049	11,257
2,000	-2,717	-2,747	-2,753	-2,755	-2,740	-2,725	-2,713	-2,703	-2,691	-2,688	-2,681	-2,672	-2,665	-2,654	-2,643	-0,057	-0,035	-0,019	0,014	0,031	0,034	0,041	0,039	0,038	0,033	0,033	0,029	0,028	0,024	0,018	0,039	11,631
3,000	-5,493	-5,518	-5,525	-5,495	-5,461	-5,443	-5,436	-5,429	-5,423	-5,431	-5,426	-5,424	-5,420	-5,400	-5,382	-0,043	-0,019	0,012	0,049	0,055	0,041	0,036	0,029	0,023	0,018	0,019	0,025	0,029	0,034	0,024	0,080	12,437
4,000	-3,027	-3,068	-3,073	-3,083	-3,077	-3,071	-3,069	-3,066	-3,060	-3,060	-3,053	-3,043	-3,031	-3,012	-2,990	-0,071	-0,046	-0,030	-0,004	0,008	0,008	0,016	0,016	0,018	0,021	0,030	0,036	0,040	0,042	0,035	0,038	12,275
5,000	-3,398	-3,454	-3,464	-3,487	-3,485	-3,484	-3,484	-3,483	-3,481	-3,483	-3,481	-3,477	-3,462	-3,441	-3,411	-0,108	-0,079	-0,063	-0,027	-0,012	-0,006	-0,001	-0,000	0,005	0,014	0,023	0,032	0,042	0,050	0,040	0,051	11,177
6,000	-2,129	-2,153	-2,159	-2,147	-2,128	-2,116	-2,109	-2,108	-2,096	-2,096	-2,087	-2,087	-2,082	-2,075	-2,073	-0,048	-0,034	-0,011	0,020	0,032	0,028	0,029	0,025	0,026	0,020	0,018	0,018	0,016	0,016	0,013	0,028	11,565
7,000	-1,626	-1,648	-1,642	-1,656	-1,652	-1,652	-1,656	-1,659	-1,660	-1,665	-1,667	-1,666	-1,664	-1,662	-1,659	-0,036	-0,028	-0,017	-0,012	-0,008	-0,011	-0,010	-0,009	-0,006	-0,007	-0,004	-0,002	0,000	0,005	0,001	0,035	10,920
8,000	-5,136	-5,159	-5,164	-5,171	-5,160	-5,157	-5,158	-5,154	-5,153	-5,163	-5,161	-5,159	-5,164	-5,158	-5,154	-0,030	-0,019	-0,017	-0,003	0,004	0,001	0,001	0,002	-0,000	-0,002	-0,004	-0,002	0,001	0,003	-0,001	0,058	10,862
9,000	-2,044	-2,029	-2,046	-2,035	-2,027	-2,020	-2,018	-2,020	-2,008	-2,006	-2,001	-1,988	-1,978	-1,956	-1,927	0,013	-0,007	0,002	0,017	0,022	0,019	0,018	0,020	0,025	0,030	0,034	0,041	0,047	0,049	0,041	0,046	12,737
10,000	-1,542	-1,550	-1,529	-1,495	-1,468	-1,454	-1,441	-1,437	-1,430	-1,433	-1,431	-1,427	-1,424	-1,407	-1,394	-0,014	0,030	0,035	0,055	0,054	0,042	0,037	0,033	0,027	0,023	0,018	0,019	0,027	0,032	0,023	0,053	13,411
11,000	-3,048	-3,044	-3,034	-3,011	-2,998	-2,983	-2,975	-2,970	-2,962	-2,956	-2,952	-2,944	-2,941	-2,930	-2,920	-0,005	0,012	0,023	0,040	0,039	0,034	0,033	0,033	0,031	0,029	0,025	0,026	0,024	0,022	0,014	0,040	13,301
12,000	-4,478	-4,516	-4,515	-4,517	-4,506	-4,504	-4,503	-4,502	-4,499	-4,501	-4,499	-4,491	-4,483	-4,462	-4,435	-0,061	-0,036	-0,021	0,005	0,007	0,008	0,011	0,008	0,010	0,013	0,023	0,029	0,041	0,046	0,036	0,066	12,773
13,000	-1,971	-1,986	-2,005	-2,003	-1,995	-1,992	-1,992	-1,988	-1,986	-1,986	-1,985	-1,982	-1,973	-1,961	-1,943	-0,055	-0,037	-0,030	-0,000	0,004	0,004	0,005	0,009	0,013	0,011	0,015	0,021	0,026	0,033	0,026	0,045	11,631
14,000	-2,932	-2,349	-2,103	-1,859	-1,788	-1,751	-1,736	-1,720	-1,711	-1,707	-1,701	-1,695	-1,688	-1,676	-1,664	1,294	0,987	0,772	0,431	0,306	0,216	0,168	0,132	0,102	0,076	0,060	0,049	0,043	0,038	0,025	0,032	11,594
15,000	-1,738	-1,201	-1,042	-0,891	-0,859	-0,840	-0,834	-0,827	-0,820	-0,822	-0,823	-0,821	-0,819	-0,816	-0,814	1,209	0,832	0,614	0,307	0,204	0,138	0,107	0,082	0,059	0,043	0,028	0,020	0,018	0,014	0,008	0,043	12,466
	run	25	2022:11:15    09:50:33,944
0,000	-3,737	-3,596	-3,520	-3,439	-3,411	-3,397	-3,392	-3,391	-3,386	-3,388	-3,387	-3,384	-3,380	-3,371	-3,363	0,289	0,253	0,212	0,128	0,092	0,061	0,049	0,040	0,029	0,022	0,018	0,019	0,019	0,018	0,015	0,044	11,646
1,000	-4,256	-4,322	-4,333	-4,312	-4,281	-4,263	-4,251	-4,248	-4,237	-4,236	-4,230	-4,221	-4,215	-4,196	-4,182	-0,139	-0,077	-0,033	0,031	0,039	0,036	0,035	0,036	0,033	0,028	0,030	0,032	0,034	0,033	0,024	0,050	11,287
2,000	-2,717	-2,750	-2,754	-2,758	-2,738	-2,724	-2,712	-2,703	-2,695	-2,687	-2,678	-2,672	-2,665	-2,657	-2,644	-0,057	-0,034	-0,019	0,016	0,032	0,035	0,038	0,038	0,035	0,032	0,031	0,030	0,029	0,025	0,017	0,039	11,646
3,000	-5,470	-5,496	-5,504	-5,470	-5,439	-5,420	-5,413	-5,407	-5,399	-5,407	-5,405	-5,402	-5,396	-5,380	-5,363	-0,040	-0,016	0,009	0,050	0,053	0,041	0,036	0,029	0,023	0,019	0,019	0,024	0,027	0,032	0,026	0,078	12,429
4,000	-3,014	-3,047	-3,051	-3,063	-3,056	-3,052	-3,047	-3,045	-3,038	-3,038	-3,029	-3,024	-3,014	-2,991	-2,969	-0,067	-0,045	-0,029	-0,004	0,007	0,012	0,017	0,019	0,021	0,024	0,032	0,035	0,041	0,044	0,034	0,040	12,268
5,000	-3,389	-3,437	-3,453	-3,472	-3,469	-3,470	-3,471	-3,472	-3,469	-3,469	-3,467	-3,462	-3,448	-3,425	-3,398	-0,103	-0,081	-0,060	-0,024	-0,014	-0,005	-0,002	-0,000	0,005	0,013	0,023	0,033	0,042	0,049	0,043	0,050	11,191
6,000	-2,124	-2,154	-2,156	-2,145	-2,127	-2,112	-2,105	-2,097	-2,091	-2,090	-2,086	-2,087	-2,076	-2,072	-2,064	-0,059	-0,031	-0,013	0,021	0,031	0,035	0,027	0,024	0,026	0,018	0,014	0,018	0,019	0,015	0,012	0,027	11,572
7,000	-1,623	-1,648	-1,644	-1,653	-1,650	-1,650	-1,656	-1,653	-1,655	-1,657	-1,659	-1,659	-1,659	-1,656	-1,651	-0,034	-0,026	-0,019	-0,012	-0,006	-0,008	-0,004	-0,006	-0,005	-0,005	-0,001	0,002	0,003	0,005	0,006	0,036	10,898
8,000	-5,138	-5,164	-5,162	-5,172	-5,167	-5,166	-5,163	-5,164	-5,161	-5,168	-5,173	-5,169	-5,167	-5,167	-5,167	-0,036	-0,025	-0,015	-0,004	-0,000	-0,001	0,000	-0,003	-0,001	-0,005	-0,004	0,002	-0,002	0,005	-0,000	0,059	10,825
9,000	-2,013	-1,997	-2,010	-1,998	-1,989	-1,983	-1,976	-1,973	-1,970	-1,969	-1,961	-1,952	-1,945	-1,920	-1,888	0,015	0,001	0,001	0,024	0,022	0,017	0,022	0,021	0,029	0,024	0,037	0,040	0,045	0,048	0,036	0,045	12,686
10,000	-1,557	-1,562	-1,538	-1,506	-1,476	-1,457	-1,450	-1,447	-1,439	-1,439	-1,438	-1,434	-1,430	-1,415	-1,403	-0,009	0,029	0,038	0,058	0,055	0,048	0,038	0,030	0,024	0,022	0,020	0,023	0,026	0,029	0,023	0,053	13,352
11,000	-3,055	-3,050	-3,036	-3,017	-2,997	-2,986	-2,979	-2,974	-2,966	-2,962	-2,955	-2,950	-2,945	-2,934	-2,924	-0,005	0,017	0,028	0,040	0,040	0,035	0,033	0,032	0,031	0,027	0,026	0,026	0,025	0,021	0,018	0,040	13,286
12,000	-4,506	-4,546	-4,543	-4,546	-4,536	-4,533	-4,533	-4,533	-4,531	-4,532	-4,530	-4,524	-4,515	-4,493	-4,467	-0,062	-0,036	-0,019	0,003	0,008	0,007	0,009	0,009	0,010	0,014	0,022	0,032	0,039	0,047	0,038	0,066	12,751
13,000	-1,978	-1,995	-2,012	-2,009	-2,007	-2,001	-1,995	-1,998	-1,993	-1,996	-1,993	-1,991	-1,979	-1,968	-1,949	-0,053	-0,039	-0,029	-0,003	0,001	0,002	0,006	0,008	0,010	0,011	0,013	0,021	0,029	0,030	0,026	0,044	11,616
14,000	-2,936	-2,345	-2,099	-1,858	-1,786	-1,747	-1,730	-1,719	-1,707	-1,703	-1,697	-1,691	-1,685	-1,675	-1,661	1,295	0,986	0,774	0,429	0,305	0,216	0,168	0,132	0,100	0,077	0,059	0,049	0,041	0,036	0,024	0,031	11,572
15,000	-1,738	-1,198	-1,041	-0,892	-0,858	-0,842	-0,834	-0,826	-0,821	-0,824	-0,824	-0,823	-0,820	-0,817	-0,816	1,210	0,832	0,613	0,305	0,205	0,138	0,107	0,081	0,058	0,042	0,027	0,021	0,020	0,015	0,009	0,043	12,473
	run	26	2022:11:15    09:50:34,043
0,000	-3,737	-3,597	-3,521	-3,438	-3,411	-3,398	-3,393	-3,392	-3,385	-3,389	-3,387	-3,384	-3,381	-3,370	-3,364	0,295	0,256	0,211	0,129	0,092	0,062	0,049	0,038	0,029	0,021	0,020	0,017	0,018	0,020	0,014	0,044	11,602
1,000	-4,254	-4,319	-4,330	-4,311	-4,283	-4,262	-4,252	-4,247	-4,237	-4,237	-4,229	-4,223	-4,214	-4,198	-4,184	-0,145	-0,081	-0,035	0,030	0,042	0,038	0,036	0,034	0,032	0,027	0,031	0,033	0,032	0,034	0,025	0,049	11,272
2,000	-2,700	-2,734	-2,738	-2,745	-2,725	-2,712	-2,701	-2,689	-2,680	-2,677	-2,669	-2,660	-2,653	-2,641	-2,634	-0,057	-0,036	-0,020	0,018	0,032	0,036	0,038	0,037	0,036	0,031	0,032	0,030	0,027	0,026	0,017	0,039	11,646
3,000	-5,452	-5,481	-5,484	-5,455	-5,423	-5,405	-5,392	-5,391	-5,386	-5,393	-5,392	-5,388	-5,380	-5,367	-5,348	-0,044	-0,017	0,008	0,045	0,049	0,039	0,035	0,026	0,020	0,016	0,020	0,026	0,029	0,033	0,026	0,078	12,451
4,000	-3,017	-3,054	-3,056	-3,069	-3,058	-3,057	-3,052	-3,045	-3,042	-3,040	-3,034	-3,026	-3,013	-2,994	-2,969	-0,066	-0,042	-0,031	-0,007	0,007	0,010	0,015	0,018	0,023	0,025	0,029	0,034	0,040	0,045	0,033	0,040	12,297
5,000	-3,385	-3,429	-3,452	-3,468	-3,467	-3,465	-3,466	-3,466	-3,467	-3,465	-3,462	-3,459	-3,446	-3,424	-3,395	-0,107	-0,079	-0,060	-0,025	-0,015	-0,007	-0,000	-0,001	0,006	0,013	0,024	0,032	0,042	0,048	0,042	0,050	11,221
6,000	-2,114	-2,134	-2,140	-2,129	-2,112	-2,096	-2,090	-2,084	-2,081	-2,075	-2,071	-2,067	-2,066	-2,056	-2,053	-0,066	-0,027	-0,012	0,022	0,033	0,030	0,024	0,027	0,027	0,023	0,018	0,018	0,020	0,016	0,013	0,027	11,572
7,000	-1,606	-1,629	-1,629	-1,638	-1,637	-1,640	-1,640	-1,642	-1,644	-1,647	-1,651	-1,652	-1,649	-1,645	-1,644	-0,040	-0,025	-0,021	-0,015	-0,011	-0,008	-0,009	-0,009	-0,006	-0,008	-0,004	-0,000	0,001	0,005	0,003	0,036	10,935
8,000	-5,127	-5,152	-5,151	-5,161	-5,151	-5,147	-5,145	-5,145	-5,144	-5,148	-5,150	-5,151	-5,152	-5,147	-5,147	-0,036	-0,021	-0,018	-0,003	0,003	0,000	0,001	-0,003	-0,000	0,001	-0,001	-0,000	0,001	0,004	0,004	0,057	10,876
9,000	-2,036	-2,031	-2,042	-2,030	-2,025	-2,020	-2,015	-2,011	-2,003	-2,003	-1,999	-1,990	-1,973	-1,952	-1,930	0,022	-0,003	0,000	0,019	0,019	0,019	0,020	0,022	0,027	0,027	0,035	0,039	0,050	0,048	0,038	0,047	12,766
10,000	-1,549	-1,553	-1,532	-1,497	-1,468	-1,451	-1,444	-1,437	-1,433	-1,435	-1,430	-1,427	-1,422	-1,408	-1,392	-0,013	0,028	0,037	0,060	0,055	0,043	0,040	0,034	0,026	0,019	0,021	0,021	0,025	0,028	0,023	0,053	13,425
11,000	-3,056	-3,050	-3,040	-3,018	-2,999	-2,985	-2,982	-2,976	-2,966	-2,965	-2,959	-2,949	-2,945	-2,934	-2,923	-0,005	0,016	0,025	0,037	0,038	0,034	0,034	0,030	0,030	0,028	0,025	0,026	0,025	0,025	0,017	0,041	13,293
12,000	-4,515	-4,552	-4,549	-4,555	-4,541	-4,537	-4,536	-4,537	-4,535	-4,537	-4,533	-4,529	-4,519	-4,497	-4,469	-0,062	-0,032	-0,020	0,005	0,007	0,005	0,008	0,009	0,011	0,014	0,020	0,030	0,041	0,046	0,037	0,067	12,766
13,000	-1,985	-2,002	-2,019	-2,017	-2,011	-2,007	-2,003	-2,008	-1,999	-2,004	-1,999	-1,999	-1,988	-1,972	-1,954	-0,052	-0,036	-0,027	-0,003	0,001	0,006	0,007	0,009	0,009	0,012	0,020	0,020	0,028	0,029	0,025	0,045	11,609
14,000	-2,952	-2,366	-2,117	-1,880	-1,801	-1,763	-1,747	-1,734	-1,722	-1,719	-1,714	-1,707	-1,702	-1,687	-1,677	1,298	0,991	0,779	0,433	0,308	0,218	0,172	0,134	0,101	0,078	0,059	0,050	0,043	0,037	0,026	0,032	11,543
15,000	-1,745	-1,209	-1,047	-0,898	-0,864	-0,847	-0,839	-0,832	-0,826	-0,828	-0,827	-0,827	-0,824	-0,820	-0,819	1,216	0,834	0,614	0,308	0,205	0,139	0,108	0,079	0,058	0,042	0,031	0,020	0,018	0,016	0,007	0,043	12,429
	run	27	2022:11:15    09:50:34,091
0,000	-3,770	-3,627	-3,552	-3,468	-3,442	-3,428	-3,422	-3,420	-3,417	-3,420	-3,417	-3,415	-3,414	-3,402	-3,394	0,299	0,257	0,216	0,128	0,092	0,064	0,050	0,038	0,029	0,020	0,019	0,018	0,019	0,021	0,015	0,044	11,594
1,000	-4,264	-4,325	-4,338	-4,315	-4,286	-4,266	-4,258	-4,251	-4,241	-4,241	-4,234	-4,225	-4,218	-4,202	-4,186	-0,142	-0,078	-0,034	0,031	0,043	0,037	0,036	0,035	0,031	0,030	0,032	0,032	0,033	0,032	0,024	0,048	11,279
2,000	-2,700	-2,734	-2,738	-2,745	-2,725	-2,712	-2,701	-2,689	-2,680	-2,677	-2,669	-2,660	-2,653	-2,641	-2,634	-0,057	-0,036	-0,020	0,018	0,032	0,036	0,038	0,037	0,036	0,031	0,032	0,030	0,027	0,026	0,017	0,039	11,646
3,000	-5,452	-5,481	-5,484	-5,455	-5,423	-5,405	-5,392	-5,391	-5,386	-5,393	-5,392	-5,388	-5,380	-5,367	-5,348	-0,044	-0,017	0,008	0,045	0,049	0,039	0,035	0,026	0,020	0,016	0,020	0,026	0,029	0,033	0,026	0,078	12,451
4,000	-3,017	-3,054	-3,056	-3,069	-3,058	-3,057	-3,052	-3,045	-3,042	-3,040	-3,034	-3,026	-3,013	-2,994	-2,969	-0,066	-0,042	-0,031	-0,007	0,007	0,010	0,015	0,018	0,023	0,025	0,029	0,034	0,040	0,045	0,033	0,040	12,297
5,000	-3,385	-3,429	-3,452	-3,468	-3,467	-3,465	-3,466	-3,466	-3,467	-3,465	-3,462	-3,459	-3,446	-3,424	-3,395	-0,107	-0,079	-0,060	-0,025	-0,015	-0,007	-0,000	-0,001	0,006	0,013	0,024	0,032	0,042	0,048	0,042	0,050	11,221
6,000	-2,114	-2,134	-2,140	-2,129	-2,112	-2,096	-2,090	-2,084	-2,081	-2,075	-2,071	-2,067	-2,066	-2,056	-2,053	-0,066	-0,027	-0,012	0,022	0,033	0,030	0,024	0,027	0,027	0,023	0,018	0,018	0,020	0,016	0,013	0,027	11,572
7,000	-1,606	-1,629	-1,629	-1,638	-1,637	-1,640	-1,640	-1,642	-1,644	-1,647	-1,651	-1,652	-1,649	-1,645	-1,644	-0,040	-0,025	-0,021	-0,015	-0,011	-0,008	-0,009	-0,009	-0,006	-0,008	-0,004	-0,000	0,001	0,005	0,003	0,036	10,935
8,000	-5,091	-5,114	-5,112	-5,119	-5,113	-5,107	-5,108	-5,107	-5,105	-5,112	-5,111	-5,111	-5,112	-5,108	-5,104	-0,034	-0,021	-0,011	-0,002	0,000	0,000	0,002	-0,001	-0,000	-0,003	-0,001	0,001	0,002	0,002	0,003	0,058	10,906
9,000	-2,026	-2,020	-2,036	-2,025	-2,017	-2,011	-2,005	-2,006	-1,998	-1,996	-1,989	-1,980	-1,969	-1,951	-1,917	0,016	-0,009	-0,002	0,015	0,016	0,014	0,020	0,021	0,024	0,025	0,033	0,041	0,044	0,048	0,037	0,046	12,773
10,000	-1,543	-1,557	-1,529	-1,493	-1,463	-1,450	-1,440	-1,434	-1,430	-1,430	-1,430	-1,425	-1,420	-1,404	-1,392	-0,007	0,029	0,041	0,058	0,056	0,047	0,040	0,032	0,024	0,021	0,020	0,023	0,026	0,030	0,019	0,053	13,425
11,000	-3,055	-3,052	-3,038	-3,019	-3,002	-2,986	-2,981	-2,975	-2,966	-2,963	-2,957	-2,951	-2,945	-2,935	-2,925	-0,003	0,015	0,025	0,040	0,038	0,034	0,032	0,033	0,030	0,025	0,026	0,027	0,025	0,024	0,016	0,040	13,293
12,000	-4,519	-4,562	-4,560	-4,563	-4,550	-4,548	-4,545	-4,545	-4,543	-4,545	-4,542	-4,538	-4,530	-4,506	-4,478	-0,065	-0,034	-0,022	0,003	0,008	0,010	0,007	0,009	0,010	0,013	0,022	0,030	0,040	0,046	0,040	0,066	12,766
13,000	-1,986	-2,004	-2,017	-2,022	-2,018	-2,015	-2,006	-2,007	-2,005	-2,008	-2,008	-1,998	-1,994	-1,981	-1,963	-0,056	-0,039	-0,027	-0,001	0,003	0,002	0,007	0,005	0,013	0,011	0,017	0,021	0,024	0,029	0,028	0,044	11,609
14,000	-2,972	-2,380	-2,133	-1,891	-1,817	-1,778	-1,760	-1,748	-1,738	-1,735	-1,726	-1,720	-1,714	-1,703	-1,688	1,301	0,995	0,782	0,434	0,308	0,219	0,171	0,134	0,104	0,078	0,061	0,051	0,040	0,036	0,025	0,031	11,543
15,000	-1,749	-1,209	-1,053	-0,901	-0,868	-0,850	-0,841	-0,835	-0,829	-0,831	-0,831	-0,829	-0,828	-0,822	-0,822	1,217	0,837	0,616	0,307	0,206	0,138	0,107	0,082	0,059	0,044	0,029	0,023	0,016	0,013	0,007	0,043	12,422
	run	28	2022:11:15    09:50:34,191
0,000	-3,776	-3,636	-3,558	-3,475	-3,447	-3,435	-3,430	-3,428	-3,425	-3,427	-3,424	-3,422	-3,420	-3,411	-3,401	0,296	0,256	0,214	0,127	0,092	0,064	0,050	0,038	0,029	0,022	0,020	0,019	0,019	0,021	0,014	0,044	11,594
1,000	-4,316	-4,374	-4,387	-4,365	-4,333	-4,314	-4,304	-4,298	-4,287	-4,285	-4,279	-4,269	-4,263	-4,246	-4,231	-0,142	-0,076	-0,029	0,032	0,043	0,040	0,038	0,038	0,034	0,030	0,032	0,034	0,035	0,033	0,025	0,049	11,243
2,000	-2,754	-2,788	-2,792	-2,795	-2,779	-2,762	-2,751	-2,741	-2,730	-2,725	-2,711	-2,708	-2,700	-2,688	-2,678	-0,057	-0,034	-0,017	0,018	0,032	0,039	0,038	0,038	0,035	0,034	0,032	0,029	0,029	0,025	0,019	0,040	11,594
3,000	-5,553	-5,582	-5,583	-5,551	-5,517	-5,497	-5,487	-5,482	-5,478	-5,480	-5,481	-5,476	-5,470	-5,455	-5,437	-0,043	-0,016	0,012	0,050	0,055	0,044	0,035	0,031	0,022	0,015	0,022	0,024	0,028	0,031	0,023	0,079	12,385
4,000	-3,041	-3,081	-3,085	-3,096	-3,089	-3,086	-3,078	-3,079	-3,070	-3,070	-3,064	-3,056	-3,045	-3,023	-2,999	-0,065	-0,048	-0,032	-0,003	0,006	0,012	0,016	0,017	0,020	0,022	0,029	0,037	0,043	0,045	0,034	0,041	12,231
5,000	-3,401	-3,456	-3,466	-3,488	-3,487	-3,486	-3,485	-3,487	-3,484	-3,487	-3,482	-3,477	-3,464	-3,445	-3,413	-0,109	-0,077	-0,057	-0,023	-0,014	-0,006	-0,000	-0,000	0,008	0,010	0,023	0,034	0,041	0,050	0,039	0,050	11,162
6,000	-2,115	-2,136	-2,141	-2,132	-2,113	-2,099	-2,093	-2,088	-2,082	-2,074	-2,074	-2,065	-2,065	-2,060	-2,054	-0,054	-0,029	-0,016	0,022	0,028	0,029	0,030	0,028	0,025	0,017	0,021	0,019	0,019	0,017	0,011	0,026	11,550
7,000	-1,604	-1,623	-1,623	-1,634	-1,631	-1,637	-1,638	-1,638	-1,638	-1,644	-1,647	-1,646	-1,650	-1,641	-1,641	-0,035	-0,027	-0,021	-0,011	-0,009	-0,011	-0,008	-0,009	-0,008	-0,005	-0,005	0,002	0,000	0,005	0,005	0,037	10,928
8,000	-5,083	-5,112	-5,109	-5,118	-5,110	-5,108	-5,110	-5,105	-5,103	-5,110	-5,112	-5,111	-5,117	-5,109	-5,111	-0,030	-0,020	-0,017	0,001	0,003	0,000	-0,002	-0,002	-0,003	-0,006	-0,003	-0,001	-0,000	0,002	0,002	0,059	10,898
9,000	-1,990	-1,976	-1,990	-1,979	-1,973	-1,967	-1,960	-1,961	-1,952	-1,956	-1,947	-1,938	-1,927	-1,902	-1,879	0,016	-0,010	0,002	0,020	0,018	0,017	0,018	0,019	0,020	0,028	0,032	0,040	0,042	0,047	0,035	0,046	12,781
10,000	-1,532	-1,544	-1,522	-1,490	-1,462	-1,445	-1,441	-1,432	-1,428	-1,429	-1,425	-1,425	-1,418	-1,404	-1,390	-0,011	0,028	0,032	0,054	0,054	0,044	0,039	0,033	0,024	0,020	0,019	0,022	0,026	0,029	0,022	0,053	13,433
11,000	-3,031	-3,027	-3,015	-2,997	-2,976	-2,965	-2,958	-2,953	-2,943	-2,941	-2,934	-2,929	-2,923	-2,912	-2,903	-0,006	0,013	0,023	0,038	0,039	0,034	0,034	0,033	0,028	0,026	0,026	0,025	0,022	0,023	0,016	0,040	13,337
12,000	-4,485	-4,524	-4,523	-4,524	-4,512	-4,510	-4,508	-4,505	-4,506	-4,509	-4,506	-4,498	-4,489	-4,468	-4,443	-0,060	-0,034	-0,017	0,005	0,008	0,006	0,007	0,009	0,013	0,014	0,023	0,031	0,039	0,045	0,037	0,064	12,788
13,000	-1,976	-1,999	-2,022	-2,014	-2,012	-2,008	-2,006	-2,001	-2,001	-2,001	-1,997	-1,992	-1,985	-1,972	-1,955	-0,056	-0,043	-0,029	-0,005	0,004	0,005	0,007	0,013	0,012	0,011	0,018	0,022	0,028	0,030	0,022	0,042	11,638
14,000	-2,954	-2,363	-2,119	-1,877	-1,803	-1,765	-1,749	-1,735	-1,724	-1,721	-1,714	-1,709	-1,702	-1,689	-1,679	1,297	0,989	0,777	0,432	0,307	0,216	0,172	0,131	0,102	0,077	0,059	0,050	0,043	0,037	0,024	0,031	11,587
15,000	-1,747	-1,210	-1,055	-0,900	-0,867	-0,852	-0,841	-0,835	-0,830	-0,829	-0,829	-0,830	-0,827	-0,823	-0,822	1,217	0,836	0,619	0,309	0,206	0,140	0,108	0,082	0,058	0,043	0,030	0,022	0,016	0,014	0,008	0,043	12,451
