Device: PM2003001		2022:11:08    11:16:33,888  (DLL version: 1.20;  Status: HW:v1.02 SW:v1.3 CRC:31ED BATTERY:4154mV ST:0 ERR:0000;  MUX data; S: 92 I:143 R:200.000 C:1.094p F:)
Excitation level, V:	2,00
Voltage Channel Gain:	5
Current Channel Gain:	1
Voltmeter Range, V:	0,6
Ampermeter Range, A:	15,0m
Step Period, ms:	5
R transimp:	200
C transimp:	1,1p
Measurement Table: 	EEPROM  16

Freq, Hz	1,0k	2,0k	3,0k	7,0k	11,0k	17,0k	23,0k	31,0k	43,0k	61,0k	89,0k	127,0k	179,0k	251,0k	349,0k	1,0k	2,0k	3,0k	7,0k	11,0k	17,0k	23,0k	31,0k	43,0k	61,0k	89,0k	127,0k	179,0k	251,0k	349,0k
	run	1	2022:11:08    11:16:33,890
MUX	Re1, ohm	Re2, ohm	Re3, ohm	Re4, ohm	Re5, ohm	Re6, ohm	Re7, ohm	Re8, ohm	Re9, ohm	Re10, ohm	Re11, ohm	Re12, ohm	Re13, ohm	Re14, ohm	Re15, ohm	Im1, ohm	Im2, ohm	Im3, ohm	Im4, ohm	Im5, ohm	Im6, ohm	Im7, ohm	Im8, ohm	Im9, ohm	Im10, ohm	Im11, ohm	Im12, ohm	Im13, ohm	Im14, ohm	Im15, ohm	U, V	I, mA

0,000	-4,875	-4,555	-4,410	-4,296	-4,229	-4,206	-4,192	-4,179	-4,163	-4,160	-4,147	-4,122	-4,093	-4,038	-3,976	2,489	1,399	0,992	0,492	0,346	0,249	0,198	0,164	0,136	0,118	0,112	0,120	0,129	0,126	0,098	0,000	0,000
1,000	-17,268	-17,135	-17,016	-16,804	-16,650	-16,545	-16,487	-16,432	-16,386	-16,362	-16,315	-16,279	-16,241	-16,184	-16,117	0,154	0,294	0,314	0,368	0,361	0,313	0,286	0,251	0,223	0,193	0,185	0,174	0,166	0,156	0,113	0,000	0,000
2,000	-10,684	-10,735	-10,700	-10,577	-10,472	-10,401	-10,355	-10,316	-10,267	-10,238	-10,181	-10,106	-10,025	-9,882	-9,732	-0,127	0,016	0,089	0,216	0,229	0,220	0,228	0,224	0,230	0,237	0,265	0,295	0,312	0,315	0,235	0,000	0,000
3,000	-20,619	-20,641	-20,587	-20,309	-20,100	-19,980	-19,910	-19,851	-19,800	-19,787	-19,749	-19,713	-19,668	-19,569	-19,467	-0,097	0,159	0,247	0,419	0,414	0,354	0,315	0,267	0,238	0,196	0,196	0,207	0,213	0,218	0,165	0,000	0,000
4,000	-10,968	-11,058	-10,974	-10,966	-10,929	-10,925	-10,926	-10,919	-10,916	-10,902	-10,865	-10,794	-10,669	-10,458	-10,182	-0,328	-0,037	-0,040	0,026	0,041	0,057	0,077	0,095	0,118	0,177	0,264	0,342	0,431	0,483	0,400	0,000	0,000
5,000	-12,167	-12,106	-12,267	-12,296	-12,294	-12,273	-12,258	-12,265	-12,233	-12,225	-12,184	-12,097	-11,962	-11,713	-11,403	-0,018	-0,186	-0,146	-0,019	0,009	0,025	0,081	0,108	0,152	0,201	0,283	0,392	0,488	0,550	0,447	0,000	0,000
6,000	-8,381	-8,398	-8,295	-8,178	-8,071	-8,016	-7,987	-7,960	-7,924	-7,901	-7,852	-7,792	-7,698	-7,546	-7,366	-0,023	0,132	0,167	0,222	0,219	0,198	0,198	0,189	0,196	0,215	0,252	0,292	0,329	0,352	0,273	0,000	0,000
7,000	-6,814	-6,768	-6,753	-6,686	-6,631	-6,610	-6,590	-6,581	-6,560	-6,558	-6,541	-6,515	-6,488	-6,441	-6,384	0,057	0,057	0,081	0,114	0,106	0,086	0,084	0,077	0,080	0,075	0,085	0,097	0,107	0,114	0,090	0,000	0,000
8,000	-20,037	-20,239	-20,256	-20,393	-20,385	-20,445	-20,480	-20,513	-20,534	-20,590	-20,601	-20,621	-20,618	-20,570	-20,509	-0,320	-0,221	-0,209	-0,166	-0,139	-0,147	-0,141	-0,134	-0,117	-0,100	-0,047	-0,005	0,033	0,081	0,073	0,000	0,000
9,000	-9,767	-9,720	-9,634	-9,432	-9,283	-9,161	-9,097	-9,039	-8,981	-8,941	-8,888	-8,823	-8,735	-8,605	-8,447	0,097	0,187	0,259	0,364	0,367	0,338	0,321	0,296	0,282	0,271	0,287	0,301	0,314	0,322	0,242	0,000	0,000
10,000	-9,757	-9,716	-9,579	-9,404	-9,308	-9,268	-9,246	-9,232	-9,207	-9,208	-9,181	-9,152	-9,085	-8,983	-8,870	0,040	0,226	0,231	0,243	0,197	0,165	0,140	0,133	0,119	0,132	0,149	0,180	0,214	0,224	0,184	0,000	0,000
11,000	-10,168	-10,040	-9,994	-9,831	-9,743	-9,687	-9,659	-9,632	-9,600	-9,582	-9,540	-9,493	-9,424	-9,306	-9,177	0,185	0,200	0,213	0,248	0,224	0,189	0,183	0,171	0,173	0,180	0,203	0,231	0,252	0,263	0,200	0,000	0,000
12,000	-14,618	-14,637	-14,583	-14,542	-14,487	-14,471	-14,464	-14,455	-14,445	-14,456	-14,431	-14,388	-14,333	-14,209	-14,067	0,001	0,077	0,075	0,095	0,090	0,072	0,073	0,079	0,087	0,098	0,146	0,184	0,233	0,257	0,208	0,000	0,000
13,000	-8,764	-8,863	-8,834	-8,872	-8,847	-8,836	-8,826	-8,810	-8,783	-8,752	-8,693	-8,622	-8,510	-8,343	-8,130	-0,167	-0,083	-0,047	0,006	0,051	0,083	0,107	0,136	0,163	0,202	0,260	0,311	0,370	0,395	0,316	0,000	0,000
14,000	-10,289	-9,821	-9,730	-9,546	-9,492	-9,443	-9,419	-9,401	-9,393	-9,388	-9,377	-9,361	-9,327	-9,254	-9,166	1,152	0,735	0,584	0,353	0,268	0,196	0,166	0,131	0,115	0,106	0,101	0,125	0,149	0,162	0,131	0,000	0,000
15,000	-3,207	-3,301	-3,145	-3,151	-3,096	-3,099	-3,094	-3,082	-3,078	-3,085	-3,077	-3,064	-3,045	-2,981	-2,927	1,039	0,668	0,432	0,222	0,157	0,123	0,095	0,078	0,064	0,066	0,070	0,084	0,108	0,123	0,096	0,000	0,000
	run	2	2022:11:08    11:16:33,939
0,000	-5,011	-4,665	-4,522	-4,393	-4,330	-4,304	-4,286	-4,275	-4,260	-4,262	-4,242	-4,224	-4,191	-4,138	-4,072	2,524	1,427	1,010	0,507	0,355	0,255	0,208	0,170	0,140	0,118	0,116	0,125	0,128	0,131	0,097	0,000	0,000
1,000	-17,917	-17,758	-17,642	-17,397	-17,224	-17,112	-17,052	-17,000	-16,948	-16,924	-16,877	-16,835	-16,803	-16,736	-16,668	0,185	0,332	0,357	0,406	0,392	0,337	0,307	0,267	0,233	0,207	0,190	0,179	0,171	0,161	0,117	0,000	0,000
2,000	-10,684	-10,735	-10,700	-10,577	-10,472	-10,401	-10,355	-10,316	-10,267	-10,238	-10,181	-10,106	-10,025	-9,882	-9,732	-0,127	0,016	0,089	0,216	0,229	0,220	0,228	0,224	0,230	0,237	0,265	0,295	0,312	0,315	0,235	0,000	0,000
3,000	-20,619	-20,641	-20,587	-20,309	-20,100	-19,980	-19,910	-19,851	-19,800	-19,787	-19,749	-19,713	-19,668	-19,569	-19,467	-0,097	0,159	0,247	0,419	0,414	0,354	0,315	0,267	0,238	0,196	0,196	0,207	0,213	0,218	0,165	0,000	0,000
4,000	-10,968	-11,058	-10,974	-10,966	-10,929	-10,925	-10,926	-10,919	-10,916	-10,902	-10,865	-10,794	-10,669	-10,458	-10,182	-0,328	-0,037	-0,040	0,026	0,041	0,057	0,077	0,095	0,118	0,177	0,264	0,342	0,431	0,483	0,400	0,000	0,000
5,000	-12,167	-12,106	-12,267	-12,296	-12,294	-12,273	-12,258	-12,265	-12,233	-12,225	-12,184	-12,097	-11,962	-11,713	-11,403	-0,018	-0,186	-0,146	-0,019	0,009	0,025	0,081	0,108	0,152	0,201	0,283	0,392	0,488	0,550	0,447	0,000	0,000
6,000	-8,381	-8,398	-8,295	-8,178	-8,071	-8,016	-7,987	-7,960	-7,924	-7,901	-7,852	-7,792	-7,698	-7,546	-7,366	-0,023	0,132	0,167	0,222	0,219	0,198	0,198	0,189	0,196	0,215	0,252	0,292	0,329	0,352	0,273	0,000	0,000
7,000	-6,814	-6,768	-6,753	-6,686	-6,631	-6,610	-6,590	-6,581	-6,560	-6,558	-6,541	-6,515	-6,488	-6,441	-6,384	0,057	0,057	0,081	0,114	0,106	0,086	0,084	0,077	0,080	0,075	0,085	0,097	0,107	0,114	0,090	0,000	0,000
8,000	-19,462	-19,681	-19,676	-19,791	-19,783	-19,840	-19,875	-19,901	-19,931	-19,979	-19,998	-20,010	-20,010	-19,963	-19,905	-0,304	-0,180	-0,178	-0,142	-0,125	-0,137	-0,131	-0,129	-0,111	-0,091	-0,048	-0,008	0,029	0,073	0,069	0,000	0,000
9,000	-9,587	-9,542	-9,472	-9,302	-9,167	-9,054	-8,986	-8,942	-8,879	-8,836	-8,773	-8,720	-8,632	-8,509	-8,362	0,045	0,128	0,206	0,325	0,335	0,323	0,307	0,289	0,272	0,263	0,275	0,286	0,306	0,306	0,230	0,000	0,000
10,000	-9,483	-9,464	-9,351	-9,196	-9,101	-9,069	-9,049	-9,026	-9,006	-9,008	-8,983	-8,944	-8,889	-8,785	-8,674	-0,001	0,176	0,193	0,218	0,184	0,154	0,135	0,127	0,120	0,134	0,154	0,170	0,203	0,217	0,173	0,000	0,000
11,000	-10,045	-9,939	-9,893	-9,741	-9,656	-9,601	-9,572	-9,546	-9,515	-9,503	-9,454	-9,409	-9,341	-9,230	-9,096	0,166	0,184	0,196	0,231	0,218	0,179	0,172	0,171	0,169	0,172	0,202	0,227	0,243	0,254	0,196	0,000	0,000
12,000	-14,513	-14,533	-14,481	-14,440	-14,390	-14,372	-14,368	-14,357	-14,344	-14,351	-14,322	-14,289	-14,237	-14,108	-13,965	0,006	0,066	0,087	0,094	0,091	0,070	0,074	0,077	0,089	0,104	0,144	0,183	0,229	0,261	0,208	0,000	0,000
13,000	-8,774	-8,875	-8,842	-8,887	-8,858	-8,847	-8,834	-8,816	-8,793	-8,759	-8,698	-8,634	-8,527	-8,372	-8,161	-0,155	-0,084	-0,057	0,007	0,045	0,077	0,104	0,126	0,157	0,205	0,252	0,308	0,360	0,386	0,312	0,000	0,000
14,000	-10,472	-10,023	-9,922	-9,730	-9,671	-9,624	-9,596	-9,590	-9,570	-9,568	-9,558	-9,537	-9,495	-9,429	-9,330	1,125	0,754	0,588	0,359	0,268	0,199	0,174	0,141	0,121	0,104	0,108	0,131	0,153	0,170	0,140	0,000	0,000
15,000	-3,330	-3,407	-3,249	-3,245	-3,196	-3,196	-3,191	-3,181	-3,171	-3,182	-3,170	-3,160	-3,132	-3,072	-3,008	1,067	0,685	0,450	0,232	0,161	0,121	0,103	0,085	0,070	0,070	0,073	0,088	0,116	0,134	0,104	0,000	0,000
	run	3	2022:11:08    11:16:34,038
0,000	-5,094	-4,723	-4,569	-4,444	-4,385	-4,364	-4,344	-4,339	-4,318	-4,316	-4,298	-4,279	-4,246	-4,187	-4,124	2,557	1,456	1,025	0,513	0,359	0,257	0,206	0,169	0,139	0,119	0,122	0,128	0,134	0,136	0,101	0,000	0,000
1,000	-18,157	-17,997	-17,851	-17,594	-17,414	-17,301	-17,237	-17,187	-17,137	-17,101	-17,064	-17,024	-16,988	-16,925	-16,856	0,224	0,361	0,400	0,430	0,413	0,349	0,312	0,273	0,236	0,212	0,195	0,180	0,169	0,160	0,115	0,000	0,000
2,000	-11,007	-11,040	-11,016	-10,885	-10,782	-10,704	-10,662	-10,621	-10,569	-10,536	-10,477	-10,398	-10,303	-10,163	-9,997	-0,125	0,023	0,111	0,223	0,239	0,226	0,240	0,232	0,241	0,252	0,282	0,312	0,330	0,331	0,252	0,000	0,000
3,000	-21,037	-21,055	-20,983	-20,663	-20,448	-20,310	-20,239	-20,184	-20,127	-20,119	-20,079	-20,040	-19,992	-19,890	-19,775	-0,065	0,189	0,285	0,464	0,450	0,377	0,329	0,289	0,246	0,211	0,206	0,217	0,227	0,232	0,175	0,000	0,000
4,000	-11,103	-11,190	-11,116	-11,114	-11,087	-11,078	-11,079	-11,072	-11,071	-11,052	-11,016	-10,943	-10,811	-10,593	-10,305	-0,328	-0,050	-0,049	0,020	0,037	0,057	0,075	0,097	0,124	0,188	0,270	0,354	0,443	0,503	0,413	0,000	0,000
5,000	-12,422	-12,373	-12,522	-12,556	-12,555	-12,536	-12,519	-12,519	-12,491	-12,485	-12,434	-12,343	-12,213	-11,955	-11,622	-0,031	-0,185	-0,137	-0,021	0,014	0,038	0,078	0,115	0,157	0,209	0,293	0,399	0,506	0,571	0,462	0,000	0,000
6,000	-8,435	-8,428	-8,329	-8,209	-8,101	-8,050	-8,015	-7,983	-7,950	-7,928	-7,869	-7,816	-7,723	-7,569	-7,394	-0,039	0,125	0,159	0,222	0,225	0,202	0,195	0,194	0,203	0,209	0,251	0,293	0,323	0,351	0,273	0,000	0,000
7,000	-6,762	-6,718	-6,711	-6,649	-6,603	-6,572	-6,557	-6,548	-6,530	-6,525	-6,509	-6,486	-6,459	-6,411	-6,349	0,038	0,044	0,062	0,109	0,097	0,083	0,082	0,077	0,078	0,075	0,086	0,095	0,109	0,110	0,085	0,000	0,000
8,000	-19,175	-19,350	-19,330	-19,434	-19,424	-19,473	-19,510	-19,533	-19,560	-19,610	-19,624	-19,640	-19,635	-19,595	-19,528	-0,312	-0,154	-0,155	-0,123	-0,107	-0,121	-0,126	-0,126	-0,109	-0,093	-0,040	0,000	0,032	0,072	0,070	0,000	0,000
9,000	-9,294	-9,271	-9,230	-9,084	-8,958	-8,844	-8,783	-8,736	-8,687	-8,639	-8,584	-8,524	-8,446	-8,326	-8,182	0,039	0,097	0,180	0,294	0,320	0,299	0,292	0,272	0,260	0,253	0,265	0,280	0,296	0,293	0,223	0,000	0,000
10,000	-9,249	-9,249	-9,123	-9,007	-8,922	-8,885	-8,864	-8,850	-8,832	-8,832	-8,804	-8,768	-8,712	-8,617	-8,513	-0,039	0,148	0,163	0,193	0,165	0,143	0,132	0,121	0,110	0,122	0,143	0,170	0,200	0,211	0,169	0,000	0,000
11,000	-9,899	-9,788	-9,754	-9,618	-9,537	-9,482	-9,454	-9,429	-9,397	-9,379	-9,342	-9,294	-9,229	-9,122	-8,996	0,140	0,161	0,172	0,216	0,207	0,174	0,170	0,161	0,167	0,170	0,197	0,214	0,240	0,251	0,190	0,000	0,000
12,000	-14,309	-14,334	-14,275	-14,235	-14,181	-14,173	-14,160	-14,155	-14,141	-14,150	-14,126	-14,091	-14,024	-13,912	-13,770	0,013	0,078	0,080	0,088	0,081	0,071	0,074	0,076	0,084	0,100	0,145	0,182	0,226	0,258	0,200	0,000	0,000
13,000	-8,668	-8,767	-8,745	-8,780	-8,761	-8,744	-8,737	-8,716	-8,695	-8,662	-8,607	-8,542	-8,435	-8,280	-8,071	-0,163	-0,078	-0,058	0,007	0,049	0,074	0,105	0,126	0,157	0,194	0,258	0,300	0,356	0,378	0,298	0,000	0,000
14,000	-10,402	-9,943	-9,850	-9,656	-9,603	-9,556	-9,528	-9,514	-9,495	-9,494	-9,490	-9,468	-9,423	-9,351	-9,249	1,133	0,735	0,574	0,353	0,267	0,202	0,172	0,140	0,121	0,103	0,123	0,140	0,158	0,172	0,143	0,000	0,000
15,000	-3,329	-3,413	-3,252	-3,248	-3,199	-3,200	-3,197	-3,182	-3,176	-3,185	-3,177	-3,163	-3,136	-3,074	-3,010	1,082	0,692	0,452	0,228	0,160	0,125	0,102	0,086	0,069	0,067	0,072	0,091	0,118	0,125	0,106	0,000	0,000
	run	4	2022:11:08    11:16:34,091
0,000	-5,094	-4,723	-4,569	-4,444	-4,385	-4,364	-4,344	-4,339	-4,318	-4,316	-4,298	-4,279	-4,246	-4,187	-4,124	2,557	1,456	1,025	0,513	0,359	0,257	0,206	0,169	0,139	0,119	0,122	0,128	0,134	0,136	0,101	0,000	0,000
1,000	-18,157	-17,997	-17,851	-17,594	-17,414	-17,301	-17,237	-17,187	-17,137	-17,101	-17,064	-17,024	-16,988	-16,925	-16,856	0,224	0,361	0,400	0,430	0,413	0,349	0,312	0,273	0,236	0,212	0,195	0,180	0,169	0,160	0,115	0,000	0,000
2,000	-11,007	-11,040	-11,016	-10,885	-10,782	-10,704	-10,662	-10,621	-10,569	-10,536	-10,477	-10,398	-10,303	-10,163	-9,997	-0,125	0,023	0,111	0,223	0,239	0,226	0,240	0,232	0,241	0,252	0,282	0,312	0,330	0,331	0,252	0,000	0,000
3,000	-21,037	-21,055	-20,983	-20,663	-20,448	-20,310	-20,239	-20,184	-20,127	-20,119	-20,079	-20,040	-19,992	-19,890	-19,775	-0,065	0,189	0,285	0,464	0,450	0,377	0,329	0,289	0,246	0,211	0,206	0,217	0,227	0,232	0,175	0,000	0,000
4,000	-11,103	-11,190	-11,116	-11,114	-11,087	-11,078	-11,079	-11,072	-11,071	-11,052	-11,016	-10,943	-10,811	-10,593	-10,305	-0,328	-0,050	-0,049	0,020	0,037	0,057	0,075	0,097	0,124	0,188	0,270	0,354	0,443	0,503	0,413	0,000	0,000
5,000	-12,422	-12,373	-12,522	-12,556	-12,555	-12,536	-12,519	-12,519	-12,491	-12,485	-12,434	-12,343	-12,213	-11,955	-11,622	-0,031	-0,185	-0,137	-0,021	0,014	0,038	0,078	0,115	0,157	0,209	0,293	0,399	0,506	0,571	0,462	0,000	0,000
6,000	-8,571	-8,567	-8,471	-8,334	-8,233	-8,185	-8,150	-8,125	-8,082	-8,064	-8,008	-7,948	-7,853	-7,706	-7,518	-0,036	0,127	0,171	0,234	0,229	0,203	0,199	0,195	0,198	0,218	0,258	0,294	0,331	0,348	0,275	0,000	0,000
7,000	-6,819	-6,789	-6,777	-6,710	-6,660	-6,634	-6,620	-6,608	-6,593	-6,582	-6,562	-6,543	-6,519	-6,465	-6,408	0,051	0,052	0,078	0,109	0,104	0,087	0,087	0,083	0,077	0,078	0,088	0,096	0,106	0,110	0,085	0,000	0,000
8,000	-19,203	-19,388	-19,367	-19,466	-19,449	-19,509	-19,543	-19,570	-19,599	-19,645	-19,667	-19,679	-19,679	-19,638	-19,576	-0,320	-0,172	-0,159	-0,131	-0,118	-0,133	-0,127	-0,126	-0,113	-0,090	-0,048	-0,004	0,026	0,068	0,068	0,000	0,000
9,000	-9,233	-9,213	-9,153	-9,012	-8,884	-8,777	-8,713	-8,659	-8,604	-8,563	-8,510	-8,453	-8,371	-8,250	-8,111	0,040	0,111	0,180	0,291	0,311	0,298	0,293	0,267	0,258	0,255	0,259	0,281	0,289	0,293	0,219	0,000	0,000
10,000	-9,182	-9,192	-9,092	-8,979	-8,898	-8,871	-8,854	-8,836	-8,819	-8,810	-8,792	-8,760	-8,705	-8,610	-8,500	-0,047	0,140	0,144	0,171	0,148	0,129	0,119	0,112	0,110	0,113	0,141	0,163	0,191	0,210	0,166	0,000	0,000
11,000	-9,832	-9,723	-9,695	-9,563	-9,482	-9,429	-9,396	-9,379	-9,342	-9,327	-9,284	-9,247	-9,178	-9,075	-8,954	0,143	0,152	0,168	0,201	0,198	0,167	0,164	0,158	0,157	0,164	0,186	0,213	0,232	0,242	0,187	0,000	0,000
12,000	-13,961	-13,991	-13,925	-13,888	-13,833	-13,820	-13,816	-13,805	-13,793	-13,799	-13,777	-13,738	-13,683	-13,565	-13,434	0,020	0,084	0,088	0,097	0,087	0,073	0,072	0,076	0,085	0,093	0,137	0,185	0,221	0,246	0,194	0,000	0,000
13,000	-8,471	-8,609	-8,559	-8,605	-8,585	-8,577	-8,565	-8,549	-8,526	-8,495	-8,441	-8,369	-8,272	-8,116	-7,916	-0,198	-0,088	-0,066	-0,004	0,035	0,071	0,099	0,117	0,148	0,195	0,245	0,295	0,344	0,374	0,294	0,000	0,000
14,000	-10,157	-9,660	-9,608	-9,416	-9,369	-9,317	-9,288	-9,280	-9,262	-9,258	-9,246	-9,223	-9,197	-9,125	-9,026	1,178	0,725	0,573	0,352	0,260	0,189	0,165	0,130	0,117	0,107	0,111	0,134	0,150	0,166	0,135	0,000	0,000
15,000	-3,281	-3,356	-3,201	-3,199	-3,150	-3,149	-3,144	-3,136	-3,128	-3,134	-3,126	-3,115	-3,084	-3,027	-2,962	1,067	0,680	0,442	0,223	0,161	0,125	0,102	0,083	0,067	0,064	0,076	0,088	0,110	0,125	0,102	0,000	0,000
	run	5	2022:11:08    11:16:34,190
0,000	-4,917	-4,570	-4,422	-4,310	-4,258	-4,225	-4,214	-4,198	-4,182	-4,182	-4,167	-4,139	-4,113	-4,054	-3,993	2,512	1,418	0,993	0,497	0,346	0,244	0,200	0,161	0,137	0,118	0,119	0,124	0,131	0,134	0,100	0,000	0,000
1,000	-17,737	-17,585	-17,463	-17,222	-17,050	-16,937	-16,873	-16,823	-16,769	-16,745	-16,695	-16,659	-16,619	-16,553	-16,485	0,207	0,331	0,367	0,410	0,399	0,337	0,308	0,268	0,241	0,207	0,197	0,184	0,171	0,165	0,116	0,000	0,000
2,000	-11,102	-11,121	-11,089	-10,944	-10,834	-10,763	-10,718	-10,674	-10,623	-10,590	-10,528	-10,451	-10,355	-10,199	-10,038	-0,111	0,050	0,126	0,240	0,243	0,237	0,241	0,237	0,250	0,260	0,285	0,319	0,337	0,345	0,255	0,000	0,000
3,000	-21,692	-21,656	-21,565	-21,206	-20,991	-20,861	-20,791	-20,731	-20,679	-20,673	-20,627	-20,600	-20,547	-20,449	-20,328	0,013	0,261	0,361	0,498	0,474	0,381	0,330	0,286	0,247	0,209	0,201	0,215	0,225	0,232	0,181	0,000	0,000
4,000	-11,415	-11,524	-11,452	-11,452	-11,419	-11,417	-11,419	-11,414	-11,412	-11,389	-11,347	-11,273	-11,130	-10,904	-10,601	-0,337	-0,067	-0,071	0,016	0,032	0,058	0,081	0,106	0,129	0,202	0,288	0,375	0,470	0,527	0,437	0,000	0,000
5,000	-12,646	-12,590	-12,739	-12,783	-12,782	-12,758	-12,742	-12,747	-12,717	-12,709	-12,664	-12,573	-12,427	-12,164	-11,833	-0,028	-0,189	-0,139	-0,015	0,019	0,038	0,079	0,115	0,154	0,210	0,312	0,410	0,524	0,591	0,474	0,000	0,000
6,000	-8,624	-8,640	-8,529	-8,394	-8,291	-8,234	-8,201	-8,182	-8,137	-8,114	-8,064	-7,995	-7,902	-7,749	-7,560	-0,023	0,149	0,174	0,237	0,232	0,201	0,202	0,193	0,210	0,222	0,264	0,307	0,344	0,359	0,283	0,000	0,000
7,000	-6,938	-6,853	-6,863	-6,781	-6,732	-6,702	-6,685	-6,671	-6,653	-6,647	-6,624	-6,610	-6,583	-6,530	-6,479	0,045	0,063	0,090	0,125	0,110	0,092	0,095	0,081	0,085	0,076	0,086	0,094	0,104	0,114	0,084	0,000	0,000
8,000	-19,502	-19,691	-19,688	-19,802	-19,785	-19,837	-19,876	-19,907	-19,931	-19,986	-20,001	-20,015	-20,019	-19,977	-19,913	-0,289	-0,159	-0,171	-0,140	-0,123	-0,138	-0,136	-0,128	-0,111	-0,092	-0,053	-0,008	0,026	0,071	0,068	0,000	0,000
9,000	-9,454	-9,424	-9,342	-9,175	-9,043	-8,927	-8,866	-8,811	-8,755	-8,710	-8,652	-8,597	-8,512	-8,392	-8,243	0,060	0,145	0,204	0,329	0,338	0,319	0,310	0,285	0,269	0,261	0,275	0,285	0,294	0,305	0,226	0,000	0,000
10,000	-9,284	-9,278	-9,166	-9,064	-8,980	-8,948	-8,934	-8,912	-8,894	-8,897	-8,871	-8,842	-8,780	-8,690	-8,582	-0,037	0,146	0,144	0,172	0,153	0,130	0,121	0,115	0,112	0,121	0,139	0,162	0,196	0,207	0,168	0,000	0,000
11,000	-9,775	-9,675	-9,645	-9,517	-9,436	-9,381	-9,344	-9,325	-9,294	-9,278	-9,235	-9,194	-9,132	-9,026	-8,899	0,134	0,153	0,170	0,213	0,203	0,173	0,168	0,157	0,160	0,162	0,185	0,212	0,231	0,239	0,184	0,000	0,000
12,000	-13,824	-13,847	-13,779	-13,743	-13,689	-13,673	-13,676	-13,669	-13,651	-13,665	-13,640	-13,603	-13,544	-13,435	-13,299	0,011	0,084	0,086	0,099	0,089	0,069	0,069	0,072	0,082	0,092	0,135	0,178	0,216	0,242	0,196	0,000	0,000
13,000	-8,323	-8,451	-8,413	-8,467	-8,440	-8,432	-8,422	-8,405	-8,380	-8,354	-8,299	-8,229	-8,129	-7,970	-7,770	-0,191	-0,089	-0,060	-0,009	0,038	0,072	0,092	0,118	0,151	0,194	0,243	0,288	0,341	0,367	0,292	0,000	0,000
14,000	-9,952	-9,473	-9,427	-9,233	-9,181	-9,143	-9,116	-9,105	-9,090	-9,085	-9,074	-9,055	-9,027	-8,960	-8,866	1,158	0,709	0,577	0,337	0,254	0,186	0,162	0,124	0,111	0,104	0,111	0,122	0,148	0,156	0,132	0,000	0,000
15,000	-3,219	-3,292	-3,129	-3,132	-3,084	-3,086	-3,083	-3,067	-3,066	-3,068	-3,062	-3,054	-3,023	-2,969	-2,904	1,033	0,672	0,433	0,223	0,158	0,122	0,098	0,082	0,070	0,067	0,072	0,081	0,108	0,122	0,103	0,000	0,000
	run	6	2022:11:08    11:16:34,290
0,000	-4,855	-4,518	-4,366	-4,263	-4,203	-4,174	-4,161	-4,149	-4,136	-4,127	-4,115	-4,094	-4,062	-4,007	-3,946	2,499	1,409	0,989	0,497	0,346	0,242	0,199	0,165	0,137	0,121	0,107	0,117	0,128	0,133	0,094	0,000	0,000
1,000	-17,391	-17,271	-17,141	-16,918	-16,757	-16,643	-16,585	-16,536	-16,483	-16,459	-16,413	-16,381	-16,340	-16,275	-16,204	0,167	0,311	0,339	0,382	0,381	0,323	0,294	0,258	0,228	0,195	0,188	0,181	0,165	0,160	0,116	0,000	0,000
2,000	-10,903	-10,924	-10,892	-10,758	-10,649	-10,578	-10,535	-10,493	-10,446	-10,411	-10,346	-10,271	-10,182	-10,033	-9,874	-0,129	0,024	0,108	0,226	0,240	0,222	0,230	0,234	0,244	0,250	0,280	0,304	0,328	0,333	0,249	0,000	0,000
3,000	-21,324	-21,309	-21,239	-20,914	-20,701	-20,566	-20,500	-20,441	-20,386	-20,380	-20,344	-20,309	-20,257	-20,159	-20,041	-0,054	0,226	0,319	0,476	0,451	0,371	0,325	0,281	0,240	0,201	0,200	0,220	0,224	0,233	0,176	0,000	0,000
4,000	-11,331	-11,466	-11,380	-11,386	-11,347	-11,343	-11,350	-11,343	-11,343	-11,321	-11,280	-11,198	-11,070	-10,849	-10,562	-0,344	-0,066	-0,064	0,015	0,032	0,056	0,079	0,090	0,125	0,197	0,273	0,359	0,457	0,511	0,420	0,000	0,000
5,000	-12,702	-12,644	-12,809	-12,835	-12,831	-12,813	-12,799	-12,803	-12,766	-12,764	-12,716	-12,622	-12,479	-12,216	-11,880	-0,029	-0,189	-0,132	-0,011	0,025	0,033	0,081	0,114	0,162	0,211	0,310	0,419	0,525	0,584	0,475	0,000	0,000
6,000	-8,722	-8,718	-8,623	-8,481	-8,380	-8,330	-8,299	-8,270	-8,230	-8,204	-8,154	-8,088	-7,993	-7,835	-7,638	-0,027	0,138	0,175	0,238	0,229	0,206	0,202	0,197	0,208	0,222	0,265	0,309	0,347	0,365	0,290	0,000	0,000
7,000	-7,033	-6,974	-6,965	-6,869	-6,818	-6,789	-6,769	-6,758	-6,738	-6,734	-6,714	-6,687	-6,665	-6,609	-6,553	0,067	0,067	0,094	0,134	0,121	0,097	0,099	0,090	0,086	0,084	0,090	0,108	0,112	0,119	0,090	0,000	0,000
8,000	-19,824	-20,032	-20,028	-20,158	-20,157	-20,209	-20,247	-20,277	-20,303	-20,358	-20,376	-20,394	-20,388	-20,342	-20,273	-0,292	-0,176	-0,192	-0,151	-0,138	-0,143	-0,137	-0,133	-0,123	-0,097	-0,058	-0,010	0,029	0,070	0,068	0,000	0,000
9,000	-9,631	-9,573	-9,513	-9,318	-9,173	-9,053	-8,986	-8,934	-8,878	-8,837	-8,775	-8,711	-8,630	-8,514	-8,359	0,085	0,161	0,246	0,345	0,365	0,330	0,316	0,289	0,277	0,270	0,285	0,292	0,306	0,305	0,233	0,000	0,000
10,000	-9,403	-9,408	-9,292	-9,165	-9,085	-9,048	-9,023	-9,011	-8,990	-8,988	-8,958	-8,930	-8,871	-8,782	-8,671	-0,016	0,149	0,169	0,194	0,169	0,144	0,132	0,118	0,115	0,124	0,144	0,167	0,198	0,210	0,170	0,000	0,000
11,000	-9,785	-9,687	-9,645	-9,510	-9,424	-9,365	-9,331	-9,310	-9,273	-9,262	-9,219	-9,175	-9,110	-9,008	-8,882	0,145	0,167	0,189	0,224	0,209	0,172	0,174	0,167	0,170	0,170	0,188	0,215	0,238	0,250	0,191	0,000	0,000
12,000	-13,919	-13,945	-13,882	-13,851	-13,799	-13,782	-13,779	-13,768	-13,757	-13,770	-13,749	-13,706	-13,656	-13,542	-13,401	0,014	0,079	0,083	0,089	0,085	0,069	0,070	0,073	0,081	0,096	0,131	0,173	0,217	0,243	0,193	0,000	0,000
13,000	-8,378	-8,507	-8,461	-8,509	-8,487	-8,480	-8,472	-8,451	-8,429	-8,400	-8,335	-8,280	-8,179	-8,019	-7,817	-0,181	-0,078	-0,055	0,002	0,042	0,074	0,096	0,124	0,147	0,194	0,242	0,290	0,343	0,363	0,293	0,000	0,000
14,000	-9,908	-9,421	-9,370	-9,175	-9,132	-9,094	-9,062	-9,053	-9,032	-9,028	-9,021	-9,015	-8,973	-8,906	-8,817	1,182	0,704	0,569	0,332	0,248	0,183	0,158	0,127	0,110	0,097	0,106	0,124	0,149	0,164	0,128	0,000	0,000
15,000	-3,154	-3,247	-3,086	-3,087	-3,042	-3,041	-3,040	-3,022	-3,024	-3,026	-3,018	-3,011	-2,981	-2,926	-2,867	1,031	0,666	0,427	0,220	0,158	0,118	0,097	0,079	0,064	0,067	0,070	0,081	0,105	0,117	0,095	0,000	0,000
	run	7	2022:11:08    11:16:34,338
0,000	-4,839	-4,502	-4,362	-4,247	-4,186	-4,161	-4,149	-4,139	-4,119	-4,117	-4,102	-4,080	-4,056	-3,999	-3,938	2,477	1,394	0,984	0,495	0,344	0,243	0,200	0,162	0,137	0,115	0,114	0,120	0,124	0,130	0,096	0,000	0,000
1,000	-17,262	-17,137	-17,026	-16,816	-16,655	-16,554	-16,495	-16,444	-16,393	-16,367	-16,322	-16,286	-16,256	-16,192	-16,122	0,150	0,288	0,320	0,363	0,362	0,309	0,286	0,252	0,219	0,194	0,182	0,178	0,163	0,154	0,110	0,000	0,000
2,000	-10,903	-10,924	-10,892	-10,758	-10,649	-10,578	-10,535	-10,493	-10,446	-10,411	-10,346	-10,271	-10,182	-10,033	-9,874	-0,129	0,024	0,108	0,226	0,240	0,222	0,230	0,234	0,244	0,250	0,280	0,304	0,328	0,333	0,249	0,000	0,000
3,000	-21,324	-21,309	-21,239	-20,914	-20,701	-20,566	-20,500	-20,441	-20,386	-20,380	-20,344	-20,309	-20,257	-20,159	-20,041	-0,054	0,226	0,319	0,476	0,451	0,371	0,325	0,281	0,240	0,201	0,200	0,220	0,224	0,233	0,176	0,000	0,000
4,000	-11,331	-11,466	-11,380	-11,386	-11,347	-11,343	-11,350	-11,343	-11,343	-11,321	-11,280	-11,198	-11,070	-10,849	-10,562	-0,344	-0,066	-0,064	0,015	0,032	0,056	0,079	0,090	0,125	0,197	0,273	0,359	0,457	0,511	0,420	0,000	0,000
5,000	-12,702	-12,644	-12,809	-12,835	-12,831	-12,813	-12,799	-12,803	-12,766	-12,764	-12,716	-12,622	-12,479	-12,216	-11,880	-0,029	-0,189	-0,132	-0,011	0,025	0,033	0,081	0,114	0,162	0,211	0,310	0,419	0,525	0,584	0,475	0,000	0,000
6,000	-8,722	-8,718	-8,623	-8,481	-8,380	-8,330	-8,299	-8,270	-8,230	-8,204	-8,154	-8,088	-7,993	-7,835	-7,638	-0,027	0,138	0,175	0,238	0,229	0,206	0,202	0,197	0,208	0,222	0,265	0,309	0,347	0,365	0,290	0,000	0,000
7,000	-7,033	-6,974	-6,965	-6,869	-6,818	-6,789	-6,769	-6,758	-6,738	-6,734	-6,714	-6,687	-6,665	-6,609	-6,553	0,067	0,067	0,094	0,134	0,121	0,097	0,099	0,090	0,086	0,084	0,090	0,108	0,112	0,119	0,090	0,000	0,000
8,000	-19,790	-20,001	-19,999	-20,144	-20,133	-20,187	-20,235	-20,258	-20,284	-20,344	-20,347	-20,367	-20,373	-20,324	-20,266	-0,282	-0,201	-0,201	-0,156	-0,145	-0,145	-0,149	-0,136	-0,120	-0,101	-0,057	-0,010	0,025	0,071	0,073	0,000	0,000
9,000	-9,605	-9,548	-9,488	-9,295	-9,160	-9,039	-8,973	-8,922	-8,868	-8,822	-8,763	-8,703	-8,623	-8,491	-8,339	0,081	0,158	0,236	0,347	0,360	0,330	0,312	0,294	0,280	0,270	0,282	0,289	0,310	0,314	0,237	0,000	0,000
10,000	-9,408	-9,411	-9,297	-9,157	-9,063	-9,025	-9,005	-8,989	-8,965	-8,964	-8,950	-8,910	-8,850	-8,750	-8,642	-0,008	0,165	0,177	0,206	0,179	0,152	0,138	0,124	0,122	0,128	0,146	0,173	0,203	0,219	0,172	0,000	0,000
11,000	-9,927	-9,807	-9,777	-9,630	-9,545	-9,482	-9,457	-9,427	-9,395	-9,377	-9,343	-9,290	-9,226	-9,113	-8,986	0,147	0,171	0,200	0,225	0,221	0,182	0,172	0,170	0,166	0,172	0,196	0,219	0,243	0,257	0,194	0,000	0,000
12,000	-14,286	-14,309	-14,251	-14,217	-14,166	-14,146	-14,144	-14,132	-14,123	-14,139	-14,105	-14,073	-14,014	-13,893	-13,752	0,008	0,078	0,079	0,086	0,085	0,068	0,073	0,073	0,086	0,096	0,142	0,179	0,220	0,249	0,197	0,000	0,000
13,000	-8,564	-8,695	-8,648	-8,695	-8,675	-8,658	-8,649	-8,627	-8,604	-8,571	-8,526	-8,449	-8,342	-8,182	-7,972	-0,180	-0,073	-0,058	-0,001	0,046	0,079	0,099	0,126	0,157	0,198	0,248	0,301	0,359	0,379	0,305	0,000	0,000
14,000	-10,075	-9,586	-9,521	-9,334	-9,285	-9,242	-9,212	-9,205	-9,190	-9,180	-9,172	-9,158	-9,124	-9,056	-8,969	1,178	0,719	0,579	0,344	0,252	0,192	0,156	0,135	0,116	0,095	0,109	0,126	0,145	0,162	0,128	0,000	0,000
15,000	-3,161	-3,266	-3,097	-3,109	-3,061	-3,062	-3,063	-3,044	-3,042	-3,048	-3,044	-3,031	-3,003	-2,953	-2,888	1,015	0,671	0,430	0,218	0,150	0,121	0,098	0,082	0,064	0,065	0,070	0,081	0,112	0,115	0,096	0,000	0,000
	run	8	2022:11:08    11:16:34,439
0,000	-4,885	-4,553	-4,416	-4,289	-4,234	-4,206	-4,192	-4,181	-4,164	-4,161	-4,145	-4,124	-4,098	-4,041	-3,985	2,475	1,402	0,995	0,495	0,347	0,246	0,200	0,165	0,137	0,115	0,115	0,117	0,125	0,125	0,094	0,000	0,000
1,000	-17,201	-17,066	-16,949	-16,746	-16,594	-16,486	-16,430	-16,383	-16,331	-16,309	-16,260	-16,225	-16,187	-16,131	-16,066	0,174	0,288	0,313	0,355	0,353	0,312	0,280	0,245	0,218	0,190	0,182	0,171	0,158	0,149	0,107	0,000	0,000
2,000	-10,441	-10,481	-10,465	-10,349	-10,251	-10,181	-10,142	-10,102	-10,055	-10,024	-9,967	-9,895	-9,819	-9,686	-9,539	-0,129	0,000	0,067	0,195	0,217	0,207	0,214	0,211	0,218	0,228	0,253	0,278	0,295	0,300	0,227	0,000	0,000
3,000	-19,928	-19,991	-19,954	-19,715	-19,529	-19,405	-19,338	-19,281	-19,230	-19,221	-19,188	-19,148	-19,106	-19,011	-18,907	-0,129	0,104	0,192	0,363	0,380	0,322	0,290	0,257	0,222	0,187	0,186	0,203	0,206	0,217	0,162	0,000	0,000
4,000	-10,623	-10,733	-10,650	-10,630	-10,603	-10,594	-10,593	-10,591	-10,591	-10,573	-10,533	-10,467	-10,345	-10,145	-9,885	-0,302	-0,042	-0,039	0,030	0,043	0,067	0,074	0,093	0,118	0,171	0,251	0,332	0,412	0,462	0,379	0,000	0,000
5,000	-12,010	-11,930	-12,096	-12,119	-12,128	-12,111	-12,093	-12,093	-12,065	-12,065	-12,017	-11,932	-11,796	-11,555	-11,242	-0,030	-0,185	-0,131	-0,017	0,017	0,030	0,069	0,116	0,151	0,201	0,286	0,380	0,482	0,535	0,440	0,000	0,000
6,000	-8,611	-8,609	-8,513	-8,377	-8,274	-8,221	-8,194	-8,162	-8,124	-8,102	-8,047	-7,981	-7,895	-7,731	-7,542	-0,024	0,124	0,164	0,225	0,222	0,194	0,202	0,196	0,208	0,217	0,260	0,302	0,341	0,362	0,285	0,000	0,000
7,000	-7,006	-6,919	-6,917	-6,824	-6,775	-6,743	-6,717	-6,710	-6,695	-6,685	-6,668	-6,647	-6,617	-6,565	-6,503	0,047	0,064	0,094	0,137	0,119	0,098	0,090	0,091	0,080	0,084	0,090	0,102	0,111	0,118	0,087	0,000	0,000
8,000	-19,791	-19,991	-19,987	-20,114	-20,110	-20,163	-20,200	-20,231	-20,264	-20,311	-20,326	-20,345	-20,337	-20,295	-20,226	-0,313	-0,189	-0,200	-0,153	-0,136	-0,149	-0,139	-0,132	-0,114	-0,094	-0,049	-0,005	0,028	0,078	0,079	0,000	0,000
9,000	-9,615	-9,586	-9,513	-9,337	-9,192	-9,080	-9,014	-8,957	-8,902	-8,858	-8,802	-8,736	-8,659	-8,524	-8,379	0,052	0,149	0,224	0,343	0,348	0,324	0,314	0,291	0,280	0,268	0,286	0,295	0,311	0,307	0,234	0,000	0,000
10,000	-9,558	-9,542	-9,419	-9,266	-9,172	-9,140	-9,111	-9,098	-9,074	-9,075	-9,050	-9,013	-8,949	-8,851	-8,736	0,007	0,188	0,201	0,230	0,188	0,165	0,143	0,133	0,123	0,129	0,156	0,177	0,212	0,224	0,178	0,000	0,000
11,000	-10,119	-10,012	-9,967	-9,818	-9,728	-9,666	-9,637	-9,618	-9,578	-9,560	-9,523	-9,472	-9,408	-9,293	-9,157	0,176	0,192	0,213	0,236	0,220	0,185	0,182	0,173	0,172	0,175	0,203	0,228	0,251	0,263	0,199	0,000	0,000
12,000	-14,639	-14,655	-14,598	-14,558	-14,499	-14,486	-14,482	-14,478	-14,459	-14,465	-14,446	-14,399	-14,343	-14,219	-14,076	-0,005	0,067	0,082	0,089	0,095	0,066	0,076	0,072	0,086	0,099	0,145	0,190	0,230	0,260	0,207	0,000	0,000
13,000	-8,785	-8,905	-8,863	-8,898	-8,873	-8,867	-8,852	-8,836	-8,808	-8,775	-8,721	-8,648	-8,537	-8,366	-8,150	-0,165	-0,075	-0,053	0,008	0,048	0,087	0,112	0,133	0,167	0,203	0,262	0,314	0,365	0,391	0,321	0,000	0,000
14,000	-10,360	-9,873	-9,788	-9,597	-9,543	-9,501	-9,470	-9,459	-9,444	-9,438	-9,435	-9,411	-9,370	-9,307	-9,204	1,183	0,737	0,583	0,360	0,261	0,196	0,163	0,137	0,117	0,109	0,109	0,125	0,154	0,166	0,138	0,000	0,000
15,000	-3,236	-3,316	-3,167	-3,172	-3,119	-3,124	-3,118	-3,108	-3,103	-3,107	-3,100	-3,088	-3,065	-3,006	-2,946	1,052	0,680	0,439	0,226	0,155	0,123	0,097	0,078	0,066	0,063	0,068	0,085	0,110	0,118	0,096	0,000	0,000
	run	9	2022:11:08    11:16:34,491
0,000	-4,885	-4,553	-4,416	-4,289	-4,234	-4,206	-4,192	-4,181	-4,164	-4,161	-4,145	-4,124	-4,098	-4,041	-3,985	2,475	1,402	0,995	0,495	0,347	0,246	0,200	0,165	0,137	0,115	0,115	0,117	0,125	0,125	0,094	0,000	0,000
1,000	-17,201	-17,066	-16,949	-16,746	-16,594	-16,486	-16,430	-16,383	-16,331	-16,309	-16,260	-16,225	-16,187	-16,131	-16,066	0,174	0,288	0,313	0,355	0,353	0,312	0,280	0,245	0,218	0,190	0,182	0,171	0,158	0,149	0,107	0,000	0,000
2,000	-10,441	-10,481	-10,465	-10,349	-10,251	-10,181	-10,142	-10,102	-10,055	-10,024	-9,967	-9,895	-9,819	-9,686	-9,539	-0,129	0,000	0,067	0,195	0,217	0,207	0,214	0,211	0,218	0,228	0,253	0,278	0,295	0,300	0,227	0,000	0,000
3,000	-19,928	-19,991	-19,954	-19,715	-19,529	-19,405	-19,338	-19,281	-19,230	-19,221	-19,188	-19,148	-19,106	-19,011	-18,907	-0,129	0,104	0,192	0,363	0,380	0,322	0,290	0,257	0,222	0,187	0,186	0,203	0,206	0,217	0,162	0,000	0,000
4,000	-10,623	-10,733	-10,650	-10,630	-10,603	-10,594	-10,593	-10,591	-10,591	-10,573	-10,533	-10,467	-10,345	-10,145	-9,885	-0,302	-0,042	-0,039	0,030	0,043	0,067	0,074	0,093	0,118	0,171	0,251	0,332	0,412	0,462	0,379	0,000	0,000
5,000	-12,010	-11,930	-12,096	-12,119	-12,128	-12,111	-12,093	-12,093	-12,065	-12,065	-12,017	-11,932	-11,796	-11,555	-11,242	-0,030	-0,185	-0,131	-0,017	0,017	0,030	0,069	0,116	0,151	0,201	0,286	0,380	0,482	0,535	0,440	0,000	0,000
6,000	-8,431	-8,451	-8,341	-8,233	-8,135	-8,080	-8,051	-8,019	-7,984	-7,960	-7,913	-7,848	-7,749	-7,599	-7,414	-0,040	0,119	0,158	0,216	0,221	0,193	0,200	0,188	0,202	0,213	0,257	0,293	0,334	0,356	0,277	0,000	0,000
7,000	-6,907	-6,870	-6,837	-6,766	-6,707	-6,677	-6,656	-6,650	-6,631	-6,624	-6,609	-6,581	-6,553	-6,501	-6,436	0,056	0,063	0,102	0,131	0,114	0,089	0,089	0,085	0,086	0,084	0,089	0,108	0,123	0,124	0,094	0,000	0,000
8,000	-19,805	-20,026	-20,019	-20,143	-20,138	-20,188	-20,225	-20,260	-20,278	-20,337	-20,346	-20,369	-20,363	-20,317	-20,249	-0,334	-0,194	-0,195	-0,148	-0,128	-0,147	-0,129	-0,131	-0,116	-0,095	-0,043	0,002	0,032	0,079	0,072	0,000	0,000
9,000	-9,705	-9,647	-9,585	-9,387	-9,237	-9,117	-9,053	-9,003	-8,943	-8,903	-8,840	-8,775	-8,696	-8,559	-8,409	0,076	0,171	0,248	0,352	0,360	0,339	0,318	0,290	0,277	0,264	0,285	0,296	0,314	0,315	0,237	0,000	0,000
10,000	-9,736	-9,699	-9,562	-9,389	-9,292	-9,248	-9,230	-9,215	-9,193	-9,191	-9,169	-9,129	-9,066	-8,969	-8,851	0,028	0,222	0,239	0,247	0,200	0,168	0,142	0,140	0,126	0,132	0,150	0,180	0,214	0,224	0,177	0,000	0,000
11,000	-10,229	-10,103	-10,046	-9,894	-9,803	-9,746	-9,714	-9,694	-9,660	-9,638	-9,591	-9,546	-9,480	-9,359	-9,224	0,182	0,204	0,224	0,248	0,226	0,188	0,182	0,174	0,173	0,180	0,203	0,230	0,257	0,265	0,203	0,000	0,000
12,000	-14,779	-14,819	-14,750	-14,715	-14,662	-14,640	-14,638	-14,631	-14,617	-14,625	-14,599	-14,561	-14,497	-14,375	-14,221	0,005	0,077	0,073	0,096	0,085	0,075	0,078	0,081	0,094	0,107	0,141	0,194	0,238	0,272	0,213	0,000	0,000
13,000	-8,918	-9,000	-8,982	-9,014	-8,993	-8,982	-8,972	-8,947	-8,924	-8,890	-8,834	-8,762	-8,648	-8,481	-8,262	-0,158	-0,070	-0,042	0,012	0,050	0,080	0,109	0,130	0,163	0,207	0,264	0,316	0,374	0,402	0,317	0,000	0,000
14,000	-10,606	-10,148	-10,031	-9,846	-9,787	-9,740	-9,713	-9,698	-9,688	-9,676	-9,666	-9,651	-9,619	-9,545	-9,447	1,153	0,753	0,594	0,367	0,274	0,206	0,169	0,137	0,118	0,103	0,115	0,128	0,154	0,167	0,137	0,000	0,000
15,000	-3,258	-3,332	-3,182	-3,188	-3,141	-3,137	-3,138	-3,124	-3,116	-3,121	-3,117	-3,107	-3,079	-3,022	-2,960	1,064	0,678	0,437	0,221	0,154	0,120	0,096	0,079	0,066	0,065	0,072	0,083	0,109	0,121	0,102	0,000	0,000
	run	10	2022:11:08    11:16:34,591
0,000	-4,857	-4,521	-4,373	-4,261	-4,200	-4,172	-4,161	-4,148	-4,132	-4,126	-4,115	-4,093	-4,065	-4,012	-3,953	2,470	1,399	0,975	0,494	0,350	0,247	0,201	0,160	0,138	0,114	0,112	0,116	0,122	0,124	0,094	0,000	0,000
1,000	-17,009	-16,881	-16,777	-16,571	-16,424	-16,329	-16,270	-16,222	-16,174	-16,146	-16,103	-16,069	-16,033	-15,974	-15,911	0,129	0,267	0,285	0,346	0,338	0,299	0,275	0,240	0,218	0,190	0,182	0,172	0,163	0,154	0,112	0,000	0,000
2,000	-10,456	-10,490	-10,473	-10,355	-10,261	-10,192	-10,141	-10,112	-10,058	-10,032	-9,970	-9,897	-9,818	-9,690	-9,546	-0,122	0,010	0,080	0,206	0,222	0,217	0,219	0,215	0,223	0,226	0,250	0,282	0,300	0,303	0,231	0,000	0,000
3,000	-20,224	-20,286	-20,245	-19,989	-19,790	-19,668	-19,597	-19,543	-19,490	-19,484	-19,439	-19,411	-19,364	-19,268	-19,160	-0,106	0,124	0,220	0,394	0,401	0,337	0,302	0,263	0,231	0,193	0,189	0,198	0,206	0,215	0,163	0,000	0,000
4,000	-10,622	-10,736	-10,631	-10,622	-10,585	-10,572	-10,579	-10,573	-10,571	-10,555	-10,517	-10,454	-10,334	-10,138	-9,881	-0,336	-0,022	-0,035	0,039	0,047	0,059	0,077	0,084	0,114	0,176	0,243	0,322	0,406	0,457	0,376	0,000	0,000
5,000	-11,889	-11,848	-12,014	-12,032	-12,047	-12,015	-12,002	-12,003	-11,976	-11,975	-11,925	-11,840	-11,711	-11,473	-11,165	-0,017	-0,192	-0,132	-0,031	0,011	0,030	0,072	0,099	0,142	0,194	0,277	0,377	0,471	0,528	0,428	0,000	0,000
6,000	-8,341	-8,356	-8,267	-8,155	-8,047	-7,999	-7,968	-7,950	-7,907	-7,886	-7,828	-7,773	-7,679	-7,521	-7,345	-0,062	0,129	0,151	0,219	0,212	0,192	0,197	0,189	0,198	0,214	0,249	0,295	0,332	0,350	0,277	0,000	0,000
7,000	-6,907	-6,868	-6,847	-6,763	-6,721	-6,680	-6,664	-6,652	-6,634	-6,628	-6,610	-6,586	-6,560	-6,500	-6,439	0,058	0,075	0,090	0,131	0,115	0,093	0,090	0,093	0,090	0,086	0,088	0,110	0,125	0,122	0,100	0,000	0,000
8,000	-19,887	-20,110	-20,109	-20,255	-20,246	-20,297	-20,335	-20,365	-20,393	-20,447	-20,455	-20,481	-20,474	-20,434	-20,365	-0,313	-0,214	-0,208	-0,159	-0,140	-0,149	-0,142	-0,138	-0,120	-0,098	-0,055	-0,008	0,029	0,078	0,067	0,000	0,000
9,000	-9,816	-9,754	-9,685	-9,463	-9,324	-9,205	-9,137	-9,084	-9,029	-8,981	-8,925	-8,861	-8,772	-8,640	-8,486	0,086	0,180	0,260	0,364	0,376	0,340	0,320	0,300	0,282	0,275	0,288	0,300	0,318	0,320	0,239	0,000	0,000
10,000	-9,735	-9,688	-9,563	-9,387	-9,287	-9,252	-9,227	-9,213	-9,184	-9,191	-9,163	-9,122	-9,063	-8,961	-8,844	0,035	0,218	0,233	0,251	0,199	0,170	0,148	0,140	0,128	0,135	0,155	0,181	0,213	0,226	0,180	0,000	0,000
11,000	-10,205	-10,083	-10,041	-9,879	-9,789	-9,732	-9,700	-9,678	-9,639	-9,623	-9,584	-9,530	-9,463	-9,345	-9,207	0,175	0,197	0,221	0,249	0,229	0,186	0,187	0,176	0,173	0,180	0,206	0,233	0,254	0,269	0,208	0,000	0,000
12,000	-14,848	-14,879	-14,809	-14,764	-14,716	-14,699	-14,697	-14,692	-14,668	-14,682	-14,652	-14,616	-14,552	-14,428	-14,277	0,003	0,081	0,076	0,099	0,091	0,078	0,077	0,081	0,090	0,106	0,154	0,189	0,239	0,273	0,214	0,000	0,000
13,000	-8,872	-8,981	-8,949	-8,990	-8,966	-8,958	-8,948	-8,932	-8,896	-8,873	-8,815	-8,746	-8,636	-8,470	-8,256	-0,164	-0,078	-0,047	0,010	0,049	0,082	0,105	0,125	0,153	0,201	0,261	0,312	0,365	0,386	0,311	0,000	0,000
14,000	-10,550	-10,069	-9,970	-9,782	-9,727	-9,675	-9,652	-9,636	-9,624	-9,621	-9,610	-9,590	-9,553	-9,488	-9,388	1,154	0,749	0,593	0,366	0,270	0,200	0,165	0,136	0,117	0,108	0,113	0,129	0,154	0,163	0,136	0,000	0,000
15,000	-3,224	-3,282	-3,143	-3,142	-3,099	-3,094	-3,095	-3,077	-3,076	-3,077	-3,075	-3,063	-3,041	-2,981	-2,920	1,080	0,670	0,440	0,225	0,158	0,121	0,099	0,084	0,066	0,067	0,069	0,079	0,107	0,119	0,095	0,000	0,000
	run	11	2022:11:08    11:16:34,690
0,000	-4,781	-4,463	-4,322	-4,213	-4,157	-4,135	-4,119	-4,107	-4,091	-4,089	-4,072	-4,052	-4,026	-3,969	-3,912	2,489	1,397	0,983	0,488	0,346	0,244	0,198	0,162	0,136	0,113	0,112	0,118	0,124	0,122	0,095	0,000	0,000
1,000	-17,008	-16,891	-16,774	-16,569	-16,427	-16,322	-16,259	-16,214	-16,164	-16,143	-16,093	-16,062	-16,024	-15,960	-15,894	0,148	0,266	0,294	0,346	0,352	0,303	0,277	0,243	0,216	0,196	0,181	0,172	0,164	0,156	0,114	0,000	0,000
2,000	-10,568	-10,605	-10,584	-10,461	-10,356	-10,288	-10,239	-10,205	-10,159	-10,122	-10,063	-9,995	-9,908	-9,773	-9,624	-0,129	0,010	0,094	0,211	0,229	0,213	0,223	0,223	0,224	0,234	0,256	0,285	0,307	0,311	0,236	0,000	0,000
3,000	-20,654	-20,679	-20,624	-20,341	-20,141	-20,014	-19,943	-19,886	-19,834	-19,832	-19,785	-19,754	-19,709	-19,608	-19,499	-0,082	0,148	0,245	0,417	0,420	0,349	0,314	0,270	0,231	0,199	0,193	0,206	0,218	0,222	0,172	0,000	0,000
4,000	-11,036	-11,167	-11,073	-11,066	-11,037	-11,032	-11,037	-11,025	-11,023	-11,008	-10,966	-10,902	-10,770	-10,557	-10,280	-0,345	-0,050	-0,045	0,017	0,035	0,056	0,074	0,090	0,119	0,182	0,262	0,348	0,435	0,489	0,401	0,000	0,000
5,000	-12,555	-12,480	-12,651	-12,668	-12,679	-12,651	-12,643	-12,649	-12,613	-12,612	-12,556	-12,474	-12,327	-12,067	-11,734	-0,031	-0,183	-0,147	-0,018	0,016	0,035	0,081	0,109	0,159	0,206	0,302	0,423	0,510	0,574	0,470	0,000	0,000
6,000	-8,709	-8,721	-8,607	-8,482	-8,376	-8,319	-8,290	-8,267	-8,226	-8,203	-8,150	-8,081	-7,989	-7,829	-7,640	-0,042	0,148	0,172	0,237	0,230	0,201	0,204	0,206	0,207	0,223	0,267	0,307	0,343	0,363	0,287	0,000	0,000
7,000	-7,079	-7,018	-6,999	-6,912	-6,852	-6,818	-6,799	-6,789	-6,766	-6,762	-6,745	-6,724	-6,692	-6,638	-6,577	0,061	0,088	0,117	0,135	0,123	0,100	0,096	0,094	0,092	0,086	0,098	0,110	0,118	0,120	0,092	0,000	0,000
8,000	-20,068	-20,287	-20,291	-20,438	-20,427	-20,484	-20,524	-20,558	-20,579	-20,640	-20,653	-20,664	-20,660	-20,619	-20,552	-0,316	-0,221	-0,214	-0,164	-0,143	-0,155	-0,148	-0,142	-0,121	-0,101	-0,056	-0,009	0,033	0,079	0,071	0,000	0,000
9,000	-9,866	-9,807	-9,725	-9,522	-9,380	-9,261	-9,192	-9,136	-9,080	-9,037	-8,979	-8,911	-8,831	-8,702	-8,538	0,087	0,182	0,258	0,366	0,367	0,338	0,325	0,299	0,284	0,272	0,291	0,303	0,317	0,322	0,243	0,000	0,000
10,000	-9,708	-9,656	-9,524	-9,353	-9,259	-9,222	-9,193	-9,179	-9,153	-9,156	-9,130	-9,092	-9,031	-8,928	-8,811	0,015	0,220	0,230	0,241	0,199	0,168	0,148	0,139	0,124	0,132	0,159	0,177	0,217	0,225	0,183	0,000	0,000
11,000	-10,174	-10,037	-9,994	-9,838	-9,740	-9,683	-9,651	-9,626	-9,598	-9,581	-9,535	-9,487	-9,417	-9,301	-9,168	0,184	0,202	0,221	0,239	0,229	0,191	0,186	0,172	0,174	0,179	0,210	0,234	0,254	0,267	0,202	0,000	0,000
12,000	-14,577	-14,631	-14,558	-14,528	-14,466	-14,457	-14,452	-14,438	-14,424	-14,437	-14,414	-14,371	-14,314	-14,187	-14,046	0,000	0,078	0,078	0,097	0,083	0,074	0,079	0,082	0,087	0,098	0,143	0,191	0,234	0,260	0,211	0,000	0,000
13,000	-8,683	-8,823	-8,762	-8,812	-8,791	-8,780	-8,769	-8,746	-8,720	-8,688	-8,634	-8,563	-8,458	-8,290	-8,076	-0,185	-0,074	-0,052	0,004	0,048	0,080	0,111	0,128	0,160	0,205	0,251	0,309	0,366	0,389	0,312	0,000	0,000
14,000	-10,165	-9,629	-9,586	-9,385	-9,340	-9,294	-9,267	-9,258	-9,246	-9,238	-9,225	-9,209	-9,176	-9,107	-9,017	1,219	0,732	0,589	0,350	0,259	0,190	0,160	0,131	0,111	0,106	0,120	0,120	0,142	0,163	0,134	0,000	0,000
15,000	-3,157	-3,232	-3,083	-3,083	-3,036	-3,040	-3,035	-3,021	-3,022	-3,024	-3,017	-3,010	-2,983	-2,930	-2,871	1,043	0,677	0,432	0,220	0,157	0,118	0,096	0,079	0,063	0,067	0,067	0,082	0,104	0,117	0,091	0,000	0,000
	run	12	2022:11:08    11:16:34,737
0,000	-4,770	-4,454	-4,307	-4,198	-4,148	-4,119	-4,104	-4,093	-4,080	-4,073	-4,055	-4,039	-4,008	-3,959	-3,899	2,470	1,391	0,983	0,486	0,341	0,241	0,195	0,161	0,136	0,117	0,112	0,119	0,123	0,124	0,094	0,000	0,000
1,000	-17,186	-17,041	-16,945	-16,724	-16,573	-16,464	-16,409	-16,358	-16,307	-16,284	-16,237	-16,201	-16,166	-16,095	-16,033	0,144	0,285	0,313	0,363	0,357	0,318	0,284	0,252	0,226	0,198	0,189	0,179	0,165	0,159	0,115	0,000	0,000
2,000	-10,568	-10,605	-10,584	-10,461	-10,356	-10,288	-10,239	-10,205	-10,159	-10,122	-10,063	-9,995	-9,908	-9,773	-9,624	-0,129	0,010	0,094	0,211	0,229	0,213	0,223	0,223	0,224	0,234	0,256	0,285	0,307	0,311	0,236	0,000	0,000
3,000	-20,654	-20,679	-20,624	-20,341	-20,141	-20,014	-19,943	-19,886	-19,834	-19,832	-19,785	-19,754	-19,709	-19,608	-19,499	-0,082	0,148	0,245	0,417	0,420	0,349	0,314	0,270	0,231	0,199	0,193	0,206	0,218	0,222	0,172	0,000	0,000
4,000	-11,036	-11,167	-11,073	-11,066	-11,037	-11,032	-11,037	-11,025	-11,023	-11,008	-10,966	-10,902	-10,770	-10,557	-10,280	-0,345	-0,050	-0,045	0,017	0,035	0,056	0,074	0,090	0,119	0,182	0,262	0,348	0,435	0,489	0,401	0,000	0,000
5,000	-12,555	-12,480	-12,651	-12,668	-12,679	-12,651	-12,643	-12,649	-12,613	-12,612	-12,556	-12,474	-12,327	-12,067	-11,734	-0,031	-0,183	-0,147	-0,018	0,016	0,035	0,081	0,109	0,159	0,206	0,302	0,423	0,510	0,574	0,470	0,000	0,000
6,000	-8,709	-8,721	-8,607	-8,482	-8,376	-8,319	-8,290	-8,267	-8,226	-8,203	-8,150	-8,081	-7,989	-7,829	-7,640	-0,042	0,148	0,172	0,237	0,230	0,201	0,204	0,206	0,207	0,223	0,267	0,307	0,343	0,363	0,287	0,000	0,000
7,000	-7,079	-7,018	-6,999	-6,912	-6,852	-6,818	-6,799	-6,789	-6,766	-6,762	-6,745	-6,724	-6,692	-6,638	-6,577	0,061	0,088	0,117	0,135	0,123	0,100	0,096	0,094	0,092	0,086	0,098	0,110	0,118	0,120	0,092	0,000	0,000
8,000	-20,024	-20,247	-20,242	-20,383	-20,371	-20,431	-20,462	-20,502	-20,531	-20,580	-20,593	-20,610	-20,608	-20,565	-20,496	-0,341	-0,205	-0,212	-0,156	-0,136	-0,147	-0,143	-0,137	-0,115	-0,094	-0,052	-0,007	0,032	0,076	0,074	0,000	0,000
9,000	-9,691	-9,654	-9,570	-9,377	-9,228	-9,101	-9,038	-8,990	-8,927	-8,892	-8,831	-8,770	-8,681	-8,548	-8,393	0,090	0,176	0,255	0,361	0,370	0,338	0,316	0,295	0,278	0,268	0,280	0,300	0,313	0,318	0,235	0,000	0,000
10,000	-9,619	-9,588	-9,459	-9,293	-9,205	-9,161	-9,147	-9,127	-9,102	-9,106	-9,083	-9,045	-8,984	-8,885	-8,768	0,001	0,190	0,209	0,225	0,190	0,161	0,141	0,128	0,121	0,128	0,148	0,175	0,210	0,222	0,176	0,000	0,000
11,000	-10,034	-9,913	-9,875	-9,717	-9,628	-9,569	-9,540	-9,512	-9,483	-9,458	-9,422	-9,378	-9,309	-9,199	-9,066	0,169	0,188	0,208	0,234	0,217	0,181	0,178	0,166	0,169	0,175	0,196	0,219	0,246	0,256	0,197	0,000	0,000
12,000	-14,295	-14,306	-14,241	-14,210	-14,156	-14,142	-14,135	-14,130	-14,114	-14,128	-14,100	-14,064	-14,005	-13,888	-13,745	-0,005	0,074	0,075	0,095	0,091	0,070	0,074	0,073	0,082	0,099	0,136	0,176	0,218	0,255	0,202	0,000	0,000
13,000	-8,464	-8,597	-8,547	-8,596	-8,577	-8,569	-8,558	-8,534	-8,515	-8,481	-8,426	-8,354	-8,256	-8,094	-7,888	-0,180	-0,092	-0,053	-0,001	0,045	0,077	0,102	0,123	0,157	0,195	0,249	0,299	0,353	0,375	0,302	0,000	0,000
14,000	-9,857	-9,342	-9,288	-9,094	-9,056	-9,003	-8,984	-8,968	-8,960	-8,951	-8,945	-8,930	-8,889	-8,824	-8,738	1,180	0,719	0,570	0,340	0,254	0,189	0,164	0,126	0,112	0,097	0,107	0,117	0,144	0,160	0,129	0,000	0,000
15,000	-3,128	-3,211	-3,070	-3,065	-3,017	-3,022	-3,016	-2,999	-2,996	-3,004	-3,000	-2,989	-2,962	-2,907	-2,847	1,043	0,663	0,432	0,216	0,152	0,119	0,094	0,080	0,065	0,062	0,071	0,080	0,106	0,116	0,093	0,000	0,000
	run	13	2022:11:08    11:16:34,838
0,000	-4,885	-4,546	-4,415	-4,288	-4,230	-4,206	-4,191	-4,174	-4,163	-4,158	-4,146	-4,122	-4,095	-4,036	-3,973	2,494	1,402	0,988	0,498	0,348	0,247	0,200	0,162	0,140	0,119	0,116	0,123	0,133	0,132	0,101	0,000	0,000
1,000	-17,581	-17,461	-17,330	-17,092	-16,933	-16,817	-16,757	-16,708	-16,661	-16,629	-16,579	-16,543	-16,510	-16,446	-16,371	0,166	0,305	0,348	0,390	0,381	0,333	0,301	0,261	0,234	0,207	0,197	0,185	0,172	0,165	0,115	0,000	0,000
2,000	-10,964	-10,999	-10,956	-10,821	-10,711	-10,640	-10,589	-10,555	-10,497	-10,471	-10,399	-10,329	-10,235	-10,091	-9,928	-0,112	0,035	0,123	0,231	0,244	0,228	0,234	0,235	0,243	0,249	0,272	0,310	0,327	0,333	0,252	0,000	0,000
3,000	-21,271	-21,268	-21,187	-20,855	-20,643	-20,506	-20,434	-20,379	-20,324	-20,316	-20,277	-20,241	-20,194	-20,091	-19,975	-0,028	0,219	0,320	0,472	0,457	0,378	0,333	0,288	0,243	0,204	0,199	0,214	0,221	0,228	0,176	0,000	0,000
4,000	-11,311	-11,437	-11,332	-11,342	-11,312	-11,315	-11,313	-11,304	-11,304	-11,287	-11,244	-11,171	-11,036	-10,813	-10,519	-0,359	-0,049	-0,053	0,014	0,031	0,057	0,075	0,098	0,124	0,192	0,281	0,361	0,462	0,514	0,421	0,000	0,000
5,000	-12,654	-12,583	-12,761	-12,780	-12,779	-12,756	-12,737	-12,743	-12,714	-12,711	-12,660	-12,572	-12,422	-12,157	-11,827	-0,016	-0,198	-0,135	-0,020	0,023	0,035	0,076	0,112	0,160	0,212	0,310	0,419	0,520	0,582	0,478	0,000	0,000
6,000	-8,779	-8,779	-8,683	-8,528	-8,432	-8,384	-8,346	-8,317	-8,277	-8,263	-8,204	-8,137	-8,040	-7,882	-7,691	-0,030	0,147	0,187	0,242	0,233	0,206	0,209	0,201	0,205	0,227	0,268	0,309	0,347	0,367	0,286	0,000	0,000
7,000	-7,081	-7,035	-7,004	-6,929	-6,866	-6,838	-6,816	-6,805	-6,788	-6,777	-6,766	-6,737	-6,712	-6,654	-6,594	0,061	0,076	0,101	0,136	0,118	0,102	0,096	0,090	0,085	0,083	0,091	0,101	0,116	0,121	0,088	0,000	0,000
8,000	-19,864	-20,081	-20,070	-20,208	-20,205	-20,264	-20,297	-20,329	-20,358	-20,406	-20,422	-20,437	-20,437	-20,390	-20,326	-0,328	-0,191	-0,209	-0,157	-0,140	-0,151	-0,141	-0,133	-0,120	-0,093	-0,048	-0,009	0,022	0,076	0,066	0,000	0,000
9,000	-9,597	-9,550	-9,486	-9,284	-9,149	-9,030	-8,965	-8,916	-8,852	-8,813	-8,755	-8,691	-8,607	-8,482	-8,331	0,075	0,162	0,241	0,348	0,360	0,332	0,317	0,289	0,279	0,266	0,270	0,294	0,304	0,307	0,233	0,000	0,000
10,000	-9,377	-9,378	-9,271	-9,148	-9,064	-9,029	-9,012	-8,993	-8,974	-8,969	-8,951	-8,914	-8,855	-8,759	-8,648	-0,028	0,152	0,147	0,187	0,163	0,141	0,126	0,120	0,114	0,123	0,142	0,169	0,200	0,211	0,172	0,000	0,000
11,000	-9,839	-9,742	-9,710	-9,567	-9,488	-9,427	-9,396	-9,376	-9,344	-9,322	-9,281	-9,236	-9,173	-9,065	-8,940	0,139	0,157	0,186	0,221	0,211	0,173	0,173	0,163	0,163	0,169	0,195	0,214	0,236	0,247	0,191	0,000	0,000
12,000	-13,942	-13,963	-13,895	-13,863	-13,805	-13,796	-13,793	-13,782	-13,771	-13,770	-13,747	-13,718	-13,658	-13,547	-13,415	0,011	0,084	0,079	0,086	0,089	0,067	0,071	0,073	0,080	0,092	0,133	0,176	0,220	0,247	0,195	0,000	0,000
13,000	-8,379	-8,512	-8,476	-8,519	-8,497	-8,489	-8,476	-8,458	-8,436	-8,405	-8,344	-8,279	-8,173	-8,019	-7,816	-0,182	-0,092	-0,058	-0,000	0,039	0,073	0,102	0,122	0,154	0,193	0,248	0,300	0,344	0,369	0,298	0,000	0,000
14,000	-9,935	-9,435	-9,370	-9,191	-9,143	-9,096	-9,071	-9,059	-9,045	-9,037	-9,034	-9,011	-8,977	-8,913	-8,816	1,171	0,711	0,568	0,340	0,254	0,186	0,163	0,131	0,115	0,099	0,111	0,132	0,154	0,161	0,125	0,000	0,000
15,000	-3,197	-3,284	-3,129	-3,122	-3,079	-3,079	-3,078	-3,065	-3,058	-3,060	-3,054	-3,044	-3,020	-2,960	-2,898	1,034	0,664	0,432	0,220	0,152	0,118	0,096	0,080	0,063	0,071	0,069	0,081	0,108	0,118	0,097	0,000	0,000
	run	14	2022:11:08    11:16:34,893
0,000	-4,885	-4,546	-4,415	-4,288	-4,230	-4,206	-4,191	-4,174	-4,163	-4,158	-4,146	-4,122	-4,095	-4,036	-3,973	2,494	1,402	0,988	0,498	0,348	0,247	0,200	0,162	0,140	0,119	0,116	0,123	0,133	0,132	0,101	0,000	0,000
1,000	-17,581	-17,461	-17,330	-17,092	-16,933	-16,817	-16,757	-16,708	-16,661	-16,629	-16,579	-16,543	-16,510	-16,446	-16,371	0,166	0,305	0,348	0,390	0,381	0,333	0,301	0,261	0,234	0,207	0,197	0,185	0,172	0,165	0,115	0,000	0,000
2,000	-10,964	-10,999	-10,956	-10,821	-10,711	-10,640	-10,589	-10,555	-10,497	-10,471	-10,399	-10,329	-10,235	-10,091	-9,928	-0,112	0,035	0,123	0,231	0,244	0,228	0,234	0,235	0,243	0,249	0,272	0,310	0,327	0,333	0,252	0,000	0,000
3,000	-21,271	-21,268	-21,187	-20,855	-20,643	-20,506	-20,434	-20,379	-20,324	-20,316	-20,277	-20,241	-20,194	-20,091	-19,975	-0,028	0,219	0,320	0,472	0,457	0,378	0,333	0,288	0,243	0,204	0,199	0,214	0,221	0,228	0,176	0,000	0,000
4,000	-11,311	-11,437	-11,332	-11,342	-11,312	-11,315	-11,313	-11,304	-11,304	-11,287	-11,244	-11,171	-11,036	-10,813	-10,519	-0,359	-0,049	-0,053	0,014	0,031	0,057	0,075	0,098	0,124	0,192	0,281	0,361	0,462	0,514	0,421	0,000	0,000
5,000	-12,654	-12,583	-12,761	-12,780	-12,779	-12,756	-12,737	-12,743	-12,714	-12,711	-12,660	-12,572	-12,422	-12,157	-11,827	-0,016	-0,198	-0,135	-0,020	0,023	0,035	0,076	0,112	0,160	0,212	0,310	0,419	0,520	0,582	0,478	0,000	0,000
6,000	-8,684	-8,683	-8,569	-8,436	-8,335	-8,281	-8,254	-8,221	-8,183	-8,160	-8,110	-8,042	-7,944	-7,788	-7,599	-0,030	0,148	0,185	0,239	0,230	0,202	0,205	0,195	0,208	0,228	0,263	0,304	0,341	0,366	0,285	0,000	0,000
7,000	-6,955	-6,915	-6,886	-6,812	-6,757	-6,726	-6,711	-6,698	-6,677	-6,675	-6,656	-6,633	-6,604	-6,556	-6,492	0,052	0,068	0,090	0,129	0,115	0,093	0,093	0,087	0,082	0,079	0,094	0,099	0,111	0,114	0,089	0,000	0,000
8,000	-19,574	-19,775	-19,756	-19,881	-19,879	-19,934	-19,967	-19,999	-20,031	-20,081	-20,099	-20,110	-20,110	-20,069	-20,000	-0,307	-0,183	-0,178	-0,156	-0,132	-0,142	-0,133	-0,130	-0,117	-0,099	-0,054	-0,006	0,022	0,065	0,068	0,000	0,000
9,000	-9,452	-9,394	-9,336	-9,174	-9,027	-8,916	-8,851	-8,796	-8,744	-8,694	-8,640	-8,584	-8,498	-8,378	-8,234	0,068	0,134	0,210	0,326	0,343	0,319	0,309	0,282	0,269	0,259	0,268	0,281	0,295	0,296	0,223	0,000	0,000
10,000	-9,229	-9,226	-9,124	-9,010	-8,930	-8,903	-8,884	-8,869	-8,847	-8,846	-8,823	-8,789	-8,732	-8,642	-8,537	-0,025	0,147	0,141	0,179	0,158	0,136	0,124	0,116	0,107	0,120	0,139	0,161	0,196	0,205	0,163	0,000	0,000
11,000	-9,705	-9,614	-9,592	-9,452	-9,372	-9,316	-9,287	-9,269	-9,233	-9,216	-9,180	-9,129	-9,072	-8,963	-8,840	0,129	0,141	0,164	0,204	0,200	0,170	0,165	0,161	0,160	0,165	0,189	0,211	0,232	0,241	0,185	0,000	0,000
12,000	-13,895	-13,916	-13,851	-13,815	-13,763	-13,748	-13,745	-13,736	-13,722	-13,731	-13,705	-13,669	-13,617	-13,497	-13,365	0,013	0,082	0,079	0,088	0,084	0,069	0,071	0,072	0,083	0,097	0,129	0,175	0,217	0,243	0,196	0,000	0,000
13,000	-8,490	-8,598	-8,563	-8,600	-8,586	-8,577	-8,569	-8,547	-8,527	-8,491	-8,442	-8,366	-8,262	-8,106	-7,897	-0,169	-0,082	-0,065	0,004	0,043	0,074	0,098	0,121	0,153	0,198	0,248	0,297	0,356	0,375	0,297	0,000	0,000
14,000	-10,272	-9,824	-9,743	-9,541	-9,495	-9,446	-9,416	-9,402	-9,390	-9,387	-9,374	-9,354	-9,324	-9,247	-9,154	1,144	0,731	0,574	0,347	0,260	0,195	0,166	0,138	0,116	0,105	0,114	0,129	0,151	0,169	0,132	0,000	0,000
15,000	-3,302	-3,376	-3,216	-3,218	-3,168	-3,170	-3,169	-3,155	-3,145	-3,154	-3,146	-3,133	-3,103	-3,049	-2,980	1,063	0,673	0,439	0,231	0,159	0,122	0,100	0,087	0,068	0,070	0,074	0,090	0,115	0,126	0,105	0,000	0,000
	run	15	2022:11:08    11:16:34,990
0,000	-5,074	-4,721	-4,575	-4,445	-4,390	-4,360	-4,343	-4,331	-4,315	-4,316	-4,298	-4,273	-4,245	-4,187	-4,121	2,552	1,446	1,022	0,510	0,357	0,253	0,204	0,172	0,142	0,122	0,119	0,129	0,132	0,138	0,105	0,000	0,000
1,000	-18,211	-18,067	-17,934	-17,663	-17,490	-17,367	-17,308	-17,254	-17,195	-17,168	-17,123	-17,089	-17,047	-16,982	-16,915	0,228	0,368	0,398	0,435	0,417	0,350	0,316	0,275	0,246	0,209	0,196	0,190	0,171	0,163	0,116	0,000	0,000
2,000	-11,161	-11,187	-11,145	-11,006	-10,901	-10,829	-10,784	-10,740	-10,696	-10,656	-10,588	-10,515	-10,419	-10,272	-10,103	-0,118	0,036	0,120	0,228	0,245	0,229	0,238	0,236	0,247	0,260	0,290	0,318	0,342	0,342	0,261	0,000	0,000
3,000	-21,317	-21,300	-21,222	-20,881	-20,664	-20,526	-20,463	-20,403	-20,347	-20,338	-20,300	-20,265	-20,219	-20,120	-20,000	-0,022	0,223	0,333	0,489	0,465	0,378	0,334	0,287	0,250	0,208	0,198	0,212	0,221	0,236	0,175	0,000	0,000
4,000	-11,237	-11,336	-11,254	-11,259	-11,237	-11,226	-11,233	-11,222	-11,224	-11,204	-11,159	-11,084	-10,951	-10,726	-10,441	-0,350	-0,064	-0,056	0,005	0,031	0,051	0,076	0,096	0,129	0,192	0,278	0,365	0,454	0,512	0,419	0,000	0,000
5,000	-12,492	-12,414	-12,588	-12,599	-12,602	-12,582	-12,568	-12,569	-12,544	-12,535	-12,495	-12,394	-12,262	-12,002	-11,680	-0,027	-0,182	-0,128	-0,014	0,018	0,027	0,076	0,108	0,157	0,204	0,302	0,408	0,509	0,571	0,461	0,000	0,000
6,000	-8,506	-8,522	-8,421	-8,285	-8,190	-8,128	-8,101	-8,071	-8,030	-8,011	-7,958	-7,893	-7,799	-7,650	-7,479	-0,031	0,142	0,174	0,227	0,217	0,203	0,200	0,192	0,204	0,219	0,252	0,295	0,327	0,350	0,274	0,000	0,000
7,000	-6,776	-6,754	-6,728	-6,676	-6,622	-6,600	-6,574	-6,569	-6,550	-6,550	-6,529	-6,513	-6,480	-6,433	-6,374	0,045	0,055	0,078	0,109	0,098	0,081	0,088	0,072	0,075	0,076	0,083	0,094	0,110	0,108	0,083	0,000	0,000
8,000	-19,203	-19,391	-19,382	-19,479	-19,468	-19,519	-19,557	-19,575	-19,615	-19,663	-19,673	-19,699	-19,690	-19,648	-19,591	-0,293	-0,156	-0,156	-0,125	-0,111	-0,127	-0,125	-0,126	-0,108	-0,090	-0,044	-0,008	0,028	0,064	0,065	0,000	0,000
9,000	-9,289	-9,261	-9,210	-9,064	-8,938	-8,820	-8,761	-8,710	-8,651	-8,607	-8,561	-8,497	-8,420	-8,301	-8,161	0,053	0,115	0,185	0,292	0,320	0,303	0,291	0,270	0,251	0,255	0,265	0,281	0,292	0,291	0,221	0,000	0,000
10,000	-9,183	-9,188	-9,087	-8,972	-8,895	-8,866	-8,844	-8,834	-8,810	-8,811	-8,786	-8,752	-8,699	-8,605	-8,496	-0,033	0,137	0,142	0,174	0,154	0,134	0,119	0,112	0,106	0,120	0,133	0,162	0,193	0,209	0,165	0,000	0,000
11,000	-9,764	-9,664	-9,642	-9,499	-9,421	-9,368	-9,333	-9,313	-9,282	-9,266	-9,220	-9,180	-9,115	-9,012	-8,890	0,139	0,157	0,163	0,209	0,198	0,168	0,167	0,159	0,163	0,163	0,187	0,209	0,233	0,244	0,186	0,000	0,000
12,000	-14,107	-14,142	-14,076	-14,043	-13,994	-13,972	-13,968	-13,962	-13,952	-13,967	-13,926	-13,890	-13,839	-13,719	-13,589	0,011	0,075	0,080	0,096	0,086	0,068	0,075	0,072	0,086	0,099	0,127	0,182	0,223	0,244	0,200	0,000	0,000
13,000	-8,620	-8,722	-8,692	-8,734	-8,712	-8,704	-8,695	-8,672	-8,651	-8,616	-8,567	-8,497	-8,392	-8,232	-8,025	-0,175	-0,093	-0,057	0,004	0,040	0,075	0,103	0,120	0,152	0,196	0,256	0,301	0,352	0,377	0,300	0,000	0,000
14,000	-10,478	-10,014	-9,905	-9,722	-9,655	-9,613	-9,586	-9,568	-9,560	-9,549	-9,543	-9,528	-9,491	-9,422	-9,319	1,118	0,732	0,580	0,353	0,262	0,200	0,168	0,140	0,120	0,107	0,114	0,130	0,162	0,173	0,143	0,000	0,000
15,000	-3,334	-3,403	-3,249	-3,252	-3,200	-3,199	-3,198	-3,185	-3,181	-3,182	-3,173	-3,162	-3,132	-3,073	-3,003	1,090	0,681	0,447	0,228	0,161	0,128	0,106	0,084	0,072	0,067	0,076	0,091	0,117	0,127	0,104	0,000	0,000
	run	16	2022:11:08    11:16:35,090
0,000	-5,040	-4,685	-4,532	-4,410	-4,350	-4,327	-4,313	-4,301	-4,287	-4,281	-4,262	-4,241	-4,207	-4,151	-4,084	2,533	1,444	1,018	0,504	0,354	0,256	0,205	0,168	0,136	0,119	0,121	0,118	0,136	0,138	0,104	0,000	0,000
1,000	-18,081	-17,927	-17,792	-17,534	-17,357	-17,244	-17,179	-17,131	-17,074	-17,048	-17,001	-16,964	-16,928	-16,861	-16,793	0,203	0,347	0,373	0,424	0,403	0,347	0,310	0,271	0,242	0,208	0,193	0,186	0,173	0,165	0,120	0,000	0,000
2,000	-11,041	-11,044	-11,028	-10,885	-10,779	-10,708	-10,660	-10,622	-10,575	-10,539	-10,472	-10,403	-10,310	-10,163	-9,998	-0,122	0,027	0,111	0,228	0,244	0,228	0,234	0,231	0,239	0,252	0,279	0,311	0,335	0,332	0,255	0,000	0,000
3,000	-21,082	-21,090	-20,997	-20,686	-20,474	-20,338	-20,266	-20,207	-20,154	-20,150	-20,111	-20,073	-20,028	-19,921	-19,808	-0,039	0,210	0,301	0,466	0,445	0,375	0,331	0,288	0,243	0,205	0,197	0,213	0,219	0,229	0,172	0,000	0,000
4,000	-11,093	-11,208	-11,125	-11,115	-11,096	-11,089	-11,092	-11,087	-11,082	-11,063	-11,020	-10,954	-10,819	-10,598	-10,313	-0,345	-0,054	-0,051	0,027	0,035	0,062	0,071	0,094	0,125	0,187	0,270	0,356	0,452	0,505	0,416	0,000	0,000
5,000	-12,342	-12,271	-12,429	-12,459	-12,456	-12,438	-12,425	-12,422	-12,396	-12,388	-12,342	-12,254	-12,118	-11,870	-11,545	-0,014	-0,187	-0,125	-0,021	0,008	0,033	0,071	0,107	0,152	0,207	0,293	0,398	0,497	0,556	0,454	0,000	0,000
6,000	-8,467	-8,465	-8,364	-8,237	-8,137	-8,085	-8,052	-8,025	-7,987	-7,965	-7,908	-7,845	-7,764	-7,606	-7,425	-0,027	0,131	0,166	0,229	0,221	0,202	0,202	0,193	0,198	0,212	0,252	0,294	0,331	0,347	0,269	0,000	0,000
7,000	-6,780	-6,731	-6,729	-6,647	-6,604	-6,581	-6,564	-6,545	-6,534	-6,526	-6,513	-6,486	-6,463	-6,417	-6,356	0,045	0,053	0,073	0,114	0,103	0,084	0,082	0,083	0,078	0,073	0,082	0,095	0,103	0,113	0,086	0,000	0,000
8,000	-19,003	-19,197	-19,180	-19,281	-19,265	-19,312	-19,343	-19,377	-19,399	-19,449	-19,460	-19,477	-19,484	-19,435	-19,375	-0,289	-0,154	-0,148	-0,116	-0,105	-0,126	-0,123	-0,120	-0,106	-0,082	-0,048	0,001	0,030	0,073	0,069	0,000	0,000
9,000	-9,298	-9,241	-9,189	-9,050	-8,936	-8,827	-8,764	-8,719	-8,659	-8,622	-8,565	-8,507	-8,429	-8,308	-8,170	0,027	0,093	0,171	0,289	0,305	0,298	0,282	0,270	0,258	0,253	0,260	0,279	0,288	0,292	0,219	0,000	0,000
10,000	-9,265	-9,263	-9,151	-9,030	-8,942	-8,910	-8,887	-8,871	-8,851	-8,848	-8,828	-8,790	-8,733	-8,639	-8,531	-0,036	0,146	0,167	0,195	0,164	0,145	0,129	0,122	0,116	0,125	0,146	0,165	0,197	0,210	0,167	0,000	0,000
11,000	-9,974	-9,871	-9,848	-9,706	-9,617	-9,564	-9,535	-9,513	-9,481	-9,461	-9,422	-9,378	-9,312	-9,198	-9,071	0,151	0,167	0,188	0,218	0,208	0,173	0,175	0,159	0,163	0,169	0,194	0,221	0,242	0,252	0,191	0,000	0,000
12,000	-14,350	-14,371	-14,308	-14,272	-14,218	-14,205	-14,197	-14,188	-14,177	-14,180	-14,160	-14,114	-14,065	-13,946	-13,799	0,010	0,076	0,083	0,096	0,092	0,071	0,075	0,077	0,082	0,101	0,142	0,187	0,225	0,254	0,203	0,000	0,000
13,000	-8,656	-8,814	-8,759	-8,800	-8,781	-8,769	-8,761	-8,737	-8,721	-8,685	-8,630	-8,561	-8,459	-8,300	-8,096	-0,207	-0,091	-0,062	-0,003	0,042	0,072	0,101	0,122	0,151	0,198	0,251	0,302	0,355	0,376	0,301	0,000	0,000
14,000	-10,365	-9,854	-9,786	-9,588	-9,542	-9,495	-9,463	-9,452	-9,442	-9,438	-9,434	-9,408	-9,366	-9,295	-9,199	1,212	0,719	0,591	0,351	0,255	0,195	0,166	0,135	0,113	0,101	0,116	0,137	0,158	0,173	0,142	0,000	0,000
15,000	-3,303	-3,371	-3,224	-3,221	-3,172	-3,173	-3,171	-3,155	-3,152	-3,158	-3,152	-3,138	-3,111	-3,049	-2,982	1,080	0,682	0,447	0,228	0,165	0,121	0,101	0,085	0,067	0,068	0,077	0,087	0,115	0,125	0,103	0,000	0,000
	run	17	2022:11:08    11:16:35,139
0,000	-4,904	-4,569	-4,418	-4,304	-4,249	-4,222	-4,209	-4,195	-4,178	-4,176	-4,159	-4,142	-4,111	-4,056	-3,994	2,514	1,419	0,996	0,503	0,345	0,244	0,203	0,164	0,139	0,116	0,119	0,121	0,128	0,133	0,098	0,000	0,000
1,000	-17,522	-17,371	-17,259	-17,030	-16,872	-16,757	-16,697	-16,648	-16,594	-16,575	-16,525	-16,488	-16,451	-16,393	-16,321	0,189	0,313	0,336	0,388	0,376	0,326	0,291	0,255	0,225	0,200	0,188	0,179	0,162	0,155	0,112	0,000	0,000
2,000	-11,041	-11,044	-11,028	-10,885	-10,779	-10,708	-10,660	-10,622	-10,575	-10,539	-10,472	-10,403	-10,310	-10,163	-9,998	-0,122	0,027	0,111	0,228	0,244	0,228	0,234	0,231	0,239	0,252	0,279	0,311	0,335	0,332	0,255	0,000	0,000
3,000	-21,082	-21,090	-20,997	-20,686	-20,474	-20,338	-20,266	-20,207	-20,154	-20,150	-20,111	-20,073	-20,028	-19,921	-19,808	-0,039	0,210	0,301	0,466	0,445	0,375	0,331	0,288	0,243	0,205	0,197	0,213	0,219	0,229	0,172	0,000	0,000
4,000	-11,093	-11,208	-11,125	-11,115	-11,096	-11,089	-11,092	-11,087	-11,082	-11,063	-11,020	-10,954	-10,819	-10,598	-10,313	-0,345	-0,054	-0,051	0,027	0,035	0,062	0,071	0,094	0,125	0,187	0,270	0,356	0,452	0,505	0,416	0,000	0,000
5,000	-12,342	-12,271	-12,429	-12,459	-12,456	-12,438	-12,425	-12,422	-12,396	-12,388	-12,342	-12,254	-12,118	-11,870	-11,545	-0,014	-0,187	-0,125	-0,021	0,008	0,033	0,071	0,107	0,152	0,207	0,293	0,398	0,497	0,556	0,454	0,000	0,000
6,000	-8,467	-8,465	-8,364	-8,237	-8,137	-8,085	-8,052	-8,025	-7,987	-7,965	-7,908	-7,845	-7,764	-7,606	-7,425	-0,027	0,131	0,166	0,229	0,221	0,202	0,202	0,193	0,198	0,212	0,252	0,294	0,331	0,347	0,269	0,000	0,000
7,000	-6,780	-6,731	-6,729	-6,647	-6,604	-6,581	-6,564	-6,545	-6,534	-6,526	-6,513	-6,486	-6,463	-6,417	-6,356	0,045	0,053	0,073	0,114	0,103	0,084	0,082	0,083	0,078	0,073	0,082	0,095	0,103	0,113	0,086	0,000	0,000
8,000	-19,288	-19,519	-19,484	-19,603	-19,593	-19,643	-19,681	-19,709	-19,738	-19,782	-19,794	-19,818	-19,815	-19,767	-19,709	-0,327	-0,163	-0,168	-0,126	-0,116	-0,135	-0,130	-0,123	-0,111	-0,087	-0,045	-0,005	0,031	0,071	0,065	0,000	0,000
9,000	-9,404	-9,402	-9,340	-9,176	-9,048	-8,937	-8,867	-8,816	-8,761	-8,722	-8,659	-8,602	-8,519	-8,398	-8,253	0,066	0,122	0,190	0,311	0,332	0,309	0,306	0,281	0,268	0,266	0,275	0,286	0,297	0,301	0,231	0,000	0,000
10,000	-9,498	-9,478	-9,360	-9,209	-9,111	-9,079	-9,054	-9,040	-9,018	-9,022	-8,995	-8,958	-8,899	-8,802	-8,686	-0,018	0,180	0,197	0,221	0,190	0,155	0,139	0,130	0,119	0,131	0,148	0,170	0,205	0,221	0,171	0,000	0,000
11,000	-10,064	-9,954	-9,915	-9,775	-9,686	-9,627	-9,596	-9,573	-9,541	-9,529	-9,487	-9,433	-9,368	-9,260	-9,130	0,165	0,190	0,197	0,221	0,218	0,183	0,177	0,168	0,168	0,174	0,196	0,222	0,245	0,254	0,197	0,000	0,000
12,000	-14,449	-14,490	-14,417	-14,389	-14,328	-14,308	-14,310	-14,298	-14,284	-14,298	-14,268	-14,226	-14,169	-14,052	-13,909	0,011	0,072	0,075	0,092	0,088	0,069	0,069	0,076	0,082	0,090	0,140	0,182	0,230	0,259	0,208	0,000	0,000
13,000	-8,636	-8,767	-8,725	-8,757	-8,740	-8,728	-8,720	-8,697	-8,674	-8,636	-8,583	-8,514	-8,413	-8,247	-8,037	-0,186	-0,080	-0,056	0,008	0,047	0,078	0,105	0,127	0,156	0,201	0,253	0,307	0,358	0,384	0,305	0,000	0,000
14,000	-10,162	-9,677	-9,607	-9,417	-9,365	-9,321	-9,291	-9,284	-9,267	-9,258	-9,248	-9,233	-9,194	-9,127	-9,038	1,189	0,721	0,581	0,350	0,259	0,184	0,160	0,129	0,115	0,104	0,110	0,125	0,152	0,164	0,138	0,000	0,000
15,000	-3,227	-3,314	-3,161	-3,163	-3,108	-3,110	-3,111	-3,094	-3,095	-3,099	-3,093	-3,078	-3,049	-2,994	-2,931	1,058	0,678	0,442	0,219	0,161	0,124	0,102	0,081	0,066	0,068	0,074	0,086	0,105	0,123	0,100	0,000	0,000
	run	18	2022:11:08    11:16:35,239
0,000	-4,799	-4,476	-4,319	-4,216	-4,160	-4,130	-4,114	-4,103	-4,088	-4,086	-4,073	-4,048	-4,024	-3,968	-3,915	2,466	1,391	0,977	0,496	0,335	0,241	0,197	0,160	0,137	0,116	0,111	0,115	0,121	0,122	0,092	0,000	0,000
1,000	-16,929	-16,798	-16,697	-16,496	-16,353	-16,254	-16,194	-16,153	-16,100	-16,075	-16,028	-15,995	-15,961	-15,900	-15,834	0,149	0,267	0,296	0,340	0,344	0,298	0,273	0,238	0,215	0,190	0,179	0,165	0,157	0,150	0,109	0,000	0,000
2,000	-10,546	-10,572	-10,547	-10,427	-10,327	-10,253	-10,208	-10,174	-10,125	-10,089	-10,034	-9,967	-9,873	-9,742	-9,593	-0,127	0,006	0,082	0,206	0,228	0,219	0,226	0,222	0,231	0,240	0,263	0,295	0,309	0,310	0,236	0,000	0,000
3,000	-20,522	-20,562	-20,513	-20,230	-20,025	-19,903	-19,834	-19,773	-19,727	-19,719	-19,679	-19,645	-19,595	-19,506	-19,395	-0,081	0,161	0,245	0,414	0,412	0,347	0,302	0,266	0,232	0,194	0,191	0,203	0,211	0,220	0,164	0,000	0,000
4,000	-10,993	-11,099	-11,012	-11,011	-10,973	-10,969	-10,974	-10,963	-10,963	-10,944	-10,914	-10,836	-10,710	-10,499	-10,228	-0,339	-0,048	-0,049	0,027	0,037	0,058	0,074	0,094	0,123	0,180	0,263	0,348	0,437	0,484	0,401	0,000	0,000
5,000	-12,439	-12,369	-12,537	-12,564	-12,571	-12,544	-12,529	-12,536	-12,506	-12,499	-12,451	-12,358	-12,218	-11,968	-11,646	-0,023	-0,199	-0,138	-0,021	0,011	0,029	0,070	0,108	0,158	0,205	0,300	0,404	0,507	0,571	0,463	0,000	0,000
6,000	-8,594	-8,594	-8,496	-8,374	-8,274	-8,214	-8,184	-8,155	-8,114	-8,093	-8,047	-7,981	-7,881	-7,734	-7,542	-0,028	0,124	0,165	0,229	0,221	0,196	0,198	0,194	0,203	0,219	0,260	0,305	0,345	0,364	0,285	0,000	0,000
7,000	-7,000	-6,956	-6,920	-6,842	-6,797	-6,752	-6,744	-6,728	-6,716	-6,702	-6,687	-6,664	-6,638	-6,580	-6,513	0,055	0,075	0,107	0,134	0,117	0,094	0,094	0,094	0,083	0,082	0,095	0,103	0,115	0,126	0,094	0,000	0,000
8,000	-19,938	-20,139	-20,146	-20,277	-20,277	-20,321	-20,357	-20,398	-20,421	-20,473	-20,490	-20,505	-20,500	-20,458	-20,395	-0,315	-0,191	-0,207	-0,155	-0,130	-0,146	-0,144	-0,134	-0,121	-0,097	-0,053	-0,008	0,024	0,073	0,069	0,000	0,000
9,000	-9,737	-9,691	-9,629	-9,424	-9,277	-9,155	-9,089	-9,037	-8,978	-8,930	-8,874	-8,812	-8,723	-8,594	-8,446	0,077	0,175	0,249	0,363	0,366	0,338	0,318	0,294	0,282	0,273	0,288	0,299	0,318	0,316	0,238	0,000	0,000
10,000	-9,595	-9,587	-9,456	-9,301	-9,209	-9,173	-9,150	-9,140	-9,111	-9,114	-9,090	-9,049	-8,986	-8,894	-8,776	-0,002	0,186	0,197	0,227	0,186	0,159	0,136	0,132	0,123	0,135	0,149	0,174	0,209	0,221	0,173	0,000	0,000
11,000	-10,070	-9,943	-9,901	-9,746	-9,660	-9,606	-9,574	-9,548	-9,519	-9,497	-9,463	-9,409	-9,338	-9,231	-9,093	0,166	0,189	0,194	0,236	0,221	0,182	0,183	0,169	0,169	0,177	0,196	0,229	0,249	0,256	0,199	0,000	0,000
12,000	-14,328	-14,355	-14,293	-14,260	-14,208	-14,183	-14,185	-14,180	-14,165	-14,178	-14,141	-14,110	-14,053	-13,931	-13,789	0,018	0,069	0,077	0,091	0,091	0,069	0,072	0,074	0,082	0,095	0,137	0,181	0,223	0,253	0,205	0,000	0,000
13,000	-8,596	-8,722	-8,682	-8,724	-8,704	-8,691	-8,679	-8,661	-8,637	-8,603	-8,551	-8,476	-8,371	-8,210	-8,001	-0,180	-0,072	-0,053	0,005	0,046	0,079	0,101	0,124	0,157	0,204	0,250	0,302	0,363	0,386	0,307	0,000	0,000
14,000	-10,138	-9,635	-9,576	-9,379	-9,330	-9,281	-9,258	-9,245	-9,233	-9,230	-9,218	-9,209	-9,163	-9,102	-9,004	1,196	0,728	0,580	0,345	0,260	0,193	0,162	0,127	0,108	0,102	0,111	0,125	0,146	0,163	0,128	0,000	0,000
15,000	-3,147	-3,236	-3,086	-3,091	-3,042	-3,047	-3,041	-3,034	-3,024	-3,032	-3,022	-3,015	-2,988	-2,936	-2,873	1,054	0,662	0,437	0,219	0,155	0,119	0,092	0,081	0,064	0,066	0,066	0,084	0,104	0,116	0,093	0,000	0,000
	run	19	2022:11:08    11:16:35,290
0,000	-4,799	-4,476	-4,319	-4,216	-4,160	-4,130	-4,114	-4,103	-4,088	-4,086	-4,073	-4,048	-4,024	-3,968	-3,915	2,466	1,391	0,977	0,496	0,335	0,241	0,197	0,160	0,137	0,116	0,111	0,115	0,121	0,122	0,092	0,000	0,000
1,000	-16,929	-16,798	-16,697	-16,496	-16,353	-16,254	-16,194	-16,153	-16,100	-16,075	-16,028	-15,995	-15,961	-15,900	-15,834	0,149	0,267	0,296	0,340	0,344	0,298	0,273	0,238	0,215	0,190	0,179	0,165	0,157	0,150	0,109	0,000	0,000
2,000	-10,546	-10,572	-10,547	-10,427	-10,327	-10,253	-10,208	-10,174	-10,125	-10,089	-10,034	-9,967	-9,873	-9,742	-9,593	-0,127	0,006	0,082	0,206	0,228	0,219	0,226	0,222	0,231	0,240	0,263	0,295	0,309	0,310	0,236	0,000	0,000
3,000	-20,522	-20,562	-20,513	-20,230	-20,025	-19,903	-19,834	-19,773	-19,727	-19,719	-19,679	-19,645	-19,595	-19,506	-19,395	-0,081	0,161	0,245	0,414	0,412	0,347	0,302	0,266	0,232	0,194	0,191	0,203	0,211	0,220	0,164	0,000	0,000
4,000	-10,993	-11,099	-11,012	-11,011	-10,973	-10,969	-10,974	-10,963	-10,963	-10,944	-10,914	-10,836	-10,710	-10,499	-10,228	-0,339	-0,048	-0,049	0,027	0,037	0,058	0,074	0,094	0,123	0,180	0,263	0,348	0,437	0,484	0,401	0,000	0,000
5,000	-12,439	-12,369	-12,537	-12,564	-12,571	-12,544	-12,529	-12,536	-12,506	-12,499	-12,451	-12,358	-12,218	-11,968	-11,646	-0,023	-0,199	-0,138	-0,021	0,011	0,029	0,070	0,108	0,158	0,205	0,300	0,404	0,507	0,571	0,463	0,000	0,000
6,000	-8,734	-8,724	-8,624	-8,491	-8,381	-8,337	-8,306	-8,269	-8,234	-8,211	-8,152	-8,085	-7,994	-7,824	-7,629	-0,031	0,138	0,176	0,234	0,228	0,206	0,204	0,200	0,208	0,224	0,268	0,309	0,348	0,373	0,292	0,000	0,000
7,000	-7,162	-7,097	-7,073	-6,972	-6,915	-6,887	-6,863	-6,847	-6,831	-6,828	-6,809	-6,783	-6,753	-6,701	-6,635	0,069	0,103	0,123	0,149	0,134	0,110	0,100	0,090	0,089	0,088	0,092	0,106	0,119	0,124	0,091	0,000	0,000
8,000	-20,390	-20,600	-20,625	-20,780	-20,779	-20,839	-20,879	-20,911	-20,931	-20,989	-21,001	-21,026	-21,024	-20,970	-20,908	-0,332	-0,224	-0,227	-0,181	-0,152	-0,161	-0,151	-0,143	-0,124	-0,104	-0,050	-0,012	0,026	0,073	0,070	0,000	0,000
9,000	-9,886	-9,806	-9,723	-9,495	-9,344	-9,224	-9,159	-9,105	-9,049	-9,012	-8,941	-8,882	-8,798	-8,663	-8,501	0,120	0,220	0,280	0,388	0,383	0,347	0,327	0,303	0,286	0,284	0,295	0,306	0,326	0,325	0,244	0,000	0,000
10,000	-9,651	-9,634	-9,512	-9,352	-9,262	-9,220	-9,206	-9,176	-9,157	-9,155	-9,133	-9,098	-9,037	-8,940	-8,822	-0,018	0,180	0,201	0,228	0,191	0,161	0,147	0,128	0,125	0,133	0,155	0,175	0,212	0,223	0,181	0,000	0,000
11,000	-10,006	-9,883	-9,840	-9,687	-9,599	-9,540	-9,507	-9,490	-9,452	-9,439	-9,395	-9,347	-9,276	-9,165	-9,031	0,175	0,181	0,205	0,234	0,225	0,186	0,184	0,172	0,171	0,176	0,206	0,231	0,249	0,263	0,201	0,000	0,000
12,000	-14,311	-14,337	-14,277	-14,233	-14,182	-14,167	-14,161	-14,154	-14,138	-14,151	-14,117	-14,081	-14,026	-13,908	-13,764	0,001	0,073	0,077	0,096	0,089	0,074	0,076	0,080	0,086	0,096	0,139	0,187	0,228	0,253	0,206	0,000	0,000
13,000	-8,560	-8,690	-8,640	-8,685	-8,667	-8,654	-8,643	-8,618	-8,603	-8,569	-8,512	-8,442	-8,339	-8,173	-7,960	-0,185	-0,083	-0,056	-0,002	0,044	0,083	0,101	0,124	0,162	0,201	0,252	0,303	0,360	0,385	0,302	0,000	0,000
14,000	-10,135	-9,643	-9,565	-9,382	-9,334	-9,286	-9,262	-9,248	-9,238	-9,234	-9,220	-9,208	-9,169	-9,102	-9,018	1,196	0,722	0,581	0,352	0,258	0,193	0,162	0,133	0,112	0,104	0,106	0,125	0,146	0,161	0,127	0,000	0,000
15,000	-3,113	-3,210	-3,055	-3,059	-3,011	-3,013	-3,013	-3,000	-2,989	-3,001	-2,993	-2,983	-2,958	-2,903	-2,848	1,034	0,668	0,430	0,216	0,156	0,117	0,095	0,079	0,062	0,065	0,065	0,075	0,102	0,111	0,089	0,000	0,000
	run	20	2022:11:08    11:16:35,392
0,000	-4,764	-4,439	-4,288	-4,187	-4,129	-4,101	-4,088	-4,076	-4,063	-4,055	-4,041	-4,022	-3,996	-3,943	-3,886	2,453	1,386	0,975	0,486	0,339	0,240	0,197	0,160	0,134	0,116	0,110	0,115	0,121	0,120	0,089	0,000	0,000
1,000	-16,744	-16,618	-16,526	-16,327	-16,182	-16,086	-16,031	-15,986	-15,939	-15,911	-15,870	-15,831	-15,802	-15,742	-15,679	0,143	0,249	0,289	0,328	0,337	0,293	0,269	0,234	0,211	0,184	0,175	0,168	0,155	0,148	0,105	0,000	0,000
2,000	-10,366	-10,409	-10,374	-10,268	-10,171	-10,101	-10,057	-10,023	-9,977	-9,945	-9,885	-9,824	-9,735	-9,610	-9,462	-0,132	0,001	0,078	0,196	0,213	0,209	0,218	0,212	0,216	0,225	0,250	0,280	0,294	0,297	0,221	0,000	0,000
3,000	-20,111	-20,172	-20,124	-19,888	-19,702	-19,572	-19,506	-19,453	-19,398	-19,390	-19,350	-19,319	-19,275	-19,175	-19,068	-0,086	0,109	0,192	0,381	0,391	0,336	0,298	0,264	0,230	0,192	0,192	0,200	0,205	0,217	0,167	0,000	0,000
4,000	-10,903	-11,004	-10,915	-10,907	-10,879	-10,876	-10,873	-10,867	-10,865	-10,851	-10,807	-10,745	-10,615	-10,405	-10,139	-0,340	-0,042	-0,042	0,028	0,029	0,063	0,074	0,095	0,120	0,177	0,256	0,335	0,425	0,477	0,386	0,000	0,000
5,000	-12,427	-12,378	-12,525	-12,578	-12,571	-12,548	-12,534	-12,533	-12,501	-12,502	-12,450	-12,357	-12,219	-11,966	-11,632	-0,041	-0,194	-0,136	-0,028	0,009	0,038	0,075	0,111	0,154	0,206	0,296	0,408	0,514	0,575	0,462	0,000	0,000
6,000	-8,745	-8,758	-8,665	-8,530	-8,427	-8,370	-8,338	-8,310	-8,272	-8,250	-8,195	-8,122	-8,031	-7,866	-7,675	-0,032	0,136	0,168	0,228	0,229	0,202	0,201	0,202	0,211	0,224	0,268	0,313	0,353	0,373	0,292	0,000	0,000
7,000	-7,204	-7,128	-7,100	-6,988	-6,935	-6,909	-6,887	-6,871	-6,854	-6,850	-6,829	-6,809	-6,779	-6,718	-6,655	0,074	0,114	0,130	0,156	0,131	0,105	0,101	0,094	0,090	0,088	0,098	0,107	0,122	0,130	0,093	0,000	0,000
8,000	-20,417	-20,655	-20,678	-20,830	-20,823	-20,889	-20,921	-20,953	-20,986	-21,038	-21,045	-21,067	-21,068	-21,021	-20,954	-0,351	-0,256	-0,238	-0,186	-0,158	-0,165	-0,152	-0,142	-0,120	-0,098	-0,055	-0,006	0,030	0,078	0,071	0,000	0,000
9,000	-9,876	-9,804	-9,716	-9,491	-9,344	-9,223	-9,159	-9,109	-9,044	-9,011	-8,943	-8,886	-8,795	-8,660	-8,507	0,119	0,212	0,289	0,385	0,379	0,340	0,329	0,300	0,281	0,277	0,287	0,307	0,321	0,322	0,245	0,000	0,000
10,000	-9,735	-9,692	-9,563	-9,397	-9,301	-9,263	-9,241	-9,223	-9,198	-9,202	-9,180	-9,142	-9,076	-8,978	-8,854	0,007	0,211	0,224	0,237	0,195	0,164	0,145	0,133	0,126	0,131	0,154	0,179	0,218	0,227	0,178	0,000	0,000
11,000	-10,056	-9,931	-9,878	-9,723	-9,643	-9,576	-9,548	-9,526	-9,491	-9,473	-9,425	-9,380	-9,305	-9,196	-9,066	0,176	0,197	0,221	0,247	0,226	0,186	0,183	0,173	0,174	0,180	0,211	0,228	0,255	0,267	0,203	0,000	0,000
12,000	-14,401	-14,431	-14,368	-14,332	-14,282	-14,267	-14,261	-14,259	-14,238	-14,253	-14,224	-14,188	-14,124	-14,007	-13,863	0,004	0,073	0,088	0,095	0,088	0,072	0,071	0,079	0,082	0,099	0,144	0,182	0,229	0,260	0,203	0,000	0,000
13,000	-8,647	-8,775	-8,724	-8,771	-8,744	-8,739	-8,725	-8,706	-8,680	-8,650	-8,593	-8,520	-8,413	-8,252	-8,042	-0,186	-0,074	-0,055	0,006	0,047	0,086	0,106	0,126	0,156	0,205	0,258	0,307	0,358	0,387	0,311	0,000	0,000
14,000	-10,167	-9,648	-9,594	-9,392	-9,349	-9,302	-9,275	-9,268	-9,254	-9,248	-9,239	-9,218	-9,183	-9,118	-9,030	1,187	0,737	0,580	0,353	0,260	0,189	0,165	0,130	0,113	0,100	0,111	0,119	0,148	0,164	0,128	0,000	0,000
15,000	-3,140	-3,233	-3,073	-3,083	-3,037	-3,030	-3,032	-3,020	-3,018	-3,021	-3,013	-3,007	-2,980	-2,924	-2,868	1,037	0,677	0,433	0,217	0,153	0,122	0,094	0,078	0,060	0,068	0,070	0,075	0,101	0,113	0,096	0,000	0,000
	run	21	2022:11:08    11:16:35,489
0,000	-4,858	-4,510	-4,376	-4,253	-4,200	-4,173	-4,161	-4,147	-4,131	-4,130	-4,115	-4,092	-4,062	-4,010	-3,952	2,475	1,395	0,989	0,490	0,346	0,249	0,199	0,162	0,134	0,117	0,114	0,120	0,121	0,125	0,094	0,000	0,000
1,000	-17,212	-17,078	-16,966	-16,758	-16,602	-16,504	-16,437	-16,393	-16,345	-16,318	-16,272	-16,235	-16,200	-16,141	-16,074	0,147	0,284	0,304	0,359	0,350	0,313	0,283	0,244	0,222	0,198	0,181	0,172	0,160	0,156	0,111	0,000	0,000
2,000	-10,602	-10,634	-10,611	-10,491	-10,385	-10,314	-10,272	-10,232	-10,184	-10,151	-10,091	-10,025	-9,938	-9,808	-9,654	-0,116	0,004	0,093	0,210	0,226	0,216	0,222	0,218	0,222	0,242	0,266	0,285	0,304	0,308	0,230	0,000	0,000
3,000	-20,406	-20,427	-20,366	-20,107	-19,911	-19,777	-19,711	-19,655	-19,598	-19,596	-19,557	-19,518	-19,472	-19,378	-19,270	-0,093	0,146	0,240	0,410	0,407	0,351	0,308	0,269	0,235	0,199	0,191	0,207	0,210	0,220	0,164	0,000	0,000
4,000	-10,869	-10,978	-10,886	-10,873	-10,834	-10,829	-10,831	-10,827	-10,825	-10,804	-10,769	-10,705	-10,579	-10,368	-10,094	-0,335	-0,043	-0,037	0,023	0,045	0,066	0,074	0,088	0,117	0,185	0,259	0,343	0,428	0,477	0,395	0,000	0,000
5,000	-12,149	-12,102	-12,280	-12,293	-12,297	-12,284	-12,260	-12,268	-12,238	-12,235	-12,183	-12,093	-11,967	-11,722	-11,404	-0,023	-0,187	-0,134	-0,016	0,014	0,025	0,073	0,107	0,149	0,204	0,292	0,384	0,491	0,549	0,443	0,000	0,000
6,000	-8,480	-8,464	-8,363	-8,249	-8,151	-8,093	-8,062	-8,032	-8,000	-7,974	-7,913	-7,859	-7,766	-7,613	-7,425	-0,017	0,127	0,159	0,224	0,224	0,196	0,196	0,194	0,201	0,219	0,258	0,297	0,334	0,351	0,273	0,000	0,000
7,000	-6,897	-6,845	-6,835	-6,745	-6,702	-6,671	-6,653	-6,638	-6,625	-6,617	-6,602	-6,577	-6,549	-6,497	-6,435	0,056	0,054	0,089	0,129	0,111	0,091	0,092	0,085	0,080	0,082	0,094	0,096	0,110	0,119	0,087	0,000	0,000
8,000	-20,086	-20,301	-20,304	-20,438	-20,438	-20,495	-20,527	-20,557	-20,584	-20,637	-20,650	-20,662	-20,666	-20,613	-20,555	-0,321	-0,201	-0,210	-0,159	-0,146	-0,147	-0,139	-0,139	-0,113	-0,092	-0,041	-0,003	0,027	0,077	0,074	0,000	0,000
9,000	-9,799	-9,732	-9,674	-9,453	-9,311	-9,191	-9,121	-9,067	-9,016	-8,967	-8,909	-8,843	-8,762	-8,634	-8,475	0,085	0,166	0,254	0,365	0,374	0,334	0,324	0,293	0,284	0,276	0,284	0,299	0,317	0,315	0,238	0,000	0,000
10,000	-9,696	-9,651	-9,524	-9,338	-9,244	-9,210	-9,184	-9,170	-9,145	-9,146	-9,126	-9,089	-9,024	-8,924	-8,804	0,022	0,219	0,231	0,236	0,202	0,165	0,146	0,137	0,126	0,132	0,156	0,179	0,215	0,224	0,183	0,000	0,000
11,000	-10,152	-10,013	-9,975	-9,818	-9,729	-9,668	-9,643	-9,617	-9,582	-9,562	-9,518	-9,469	-9,397	-9,281	-9,150	0,173	0,203	0,222	0,240	0,229	0,188	0,183	0,172	0,174	0,175	0,212	0,232	0,261	0,267	0,203	0,000	0,000
12,000	-14,696	-14,721	-14,662	-14,623	-14,566	-14,545	-14,542	-14,542	-14,523	-14,542	-14,504	-14,473	-14,413	-14,295	-14,148	0,007	0,075	0,077	0,091	0,092	0,075	0,069	0,077	0,087	0,099	0,149	0,192	0,234	0,261	0,207	0,000	0,000
13,000	-8,749	-8,873	-8,820	-8,867	-8,840	-8,832	-8,815	-8,797	-8,772	-8,742	-8,681	-8,611	-8,504	-8,334	-8,116	-0,171	-0,076	-0,041	0,009	0,053	0,085	0,103	0,133	0,165	0,207	0,258	0,312	0,373	0,389	0,317	0,000	0,000
14,000	-10,241	-9,716	-9,664	-9,469	-9,426	-9,374	-9,349	-9,333	-9,326	-9,322	-9,313	-9,289	-9,253	-9,181	-9,092	1,206	0,753	0,575	0,351	0,263	0,188	0,155	0,130	0,113	0,106	0,109	0,119	0,148	0,166	0,134	0,000	0,000
15,000	-3,191	-3,268	-3,116	-3,121	-3,074	-3,076	-3,078	-3,059	-3,057	-3,065	-3,055	-3,044	-3,021	-2,963	-2,904	1,049	0,671	0,435	0,218	0,157	0,123	0,096	0,077	0,064	0,065	0,065	0,082	0,107	0,118	0,094	0,000	0,000
	run	22	2022:11:08    11:16:35,538
0,000	-4,953	-4,599	-4,451	-4,335	-4,276	-4,245	-4,230	-4,216	-4,208	-4,203	-4,183	-4,163	-4,137	-4,078	-4,020	2,500	1,417	0,992	0,501	0,347	0,248	0,201	0,168	0,136	0,117	0,114	0,122	0,125	0,127	0,095	0,000	0,000
1,000	-17,598	-17,463	-17,338	-17,107	-16,940	-16,836	-16,773	-16,722	-16,674	-16,647	-16,595	-16,561	-16,525	-16,465	-16,396	0,181	0,311	0,342	0,386	0,378	0,326	0,300	0,258	0,227	0,200	0,188	0,180	0,165	0,163	0,112	0,000	0,000
2,000	-10,602	-10,634	-10,611	-10,491	-10,385	-10,314	-10,272	-10,232	-10,184	-10,151	-10,091	-10,025	-9,938	-9,808	-9,654	-0,116	0,004	0,093	0,210	0,226	0,216	0,222	0,218	0,222	0,242	0,266	0,285	0,304	0,308	0,230	0,000	0,000
3,000	-20,406	-20,427	-20,366	-20,107	-19,911	-19,777	-19,711	-19,655	-19,598	-19,596	-19,557	-19,518	-19,472	-19,378	-19,270	-0,093	0,146	0,240	0,410	0,407	0,351	0,308	0,269	0,235	0,199	0,191	0,207	0,210	0,220	0,164	0,000	0,000
4,000	-10,869	-10,978	-10,886	-10,873	-10,834	-10,829	-10,831	-10,827	-10,825	-10,804	-10,769	-10,705	-10,579	-10,368	-10,094	-0,335	-0,043	-0,037	0,023	0,045	0,066	0,074	0,088	0,117	0,185	0,259	0,343	0,428	0,477	0,395	0,000	0,000
5,000	-12,149	-12,102	-12,280	-12,293	-12,297	-12,284	-12,260	-12,268	-12,238	-12,235	-12,183	-12,093	-11,967	-11,722	-11,404	-0,023	-0,187	-0,134	-0,016	0,014	0,025	0,073	0,107	0,149	0,204	0,292	0,384	0,491	0,549	0,443	0,000	0,000
6,000	-8,480	-8,464	-8,363	-8,249	-8,151	-8,093	-8,062	-8,032	-8,000	-7,974	-7,913	-7,859	-7,766	-7,613	-7,425	-0,017	0,127	0,159	0,224	0,224	0,196	0,196	0,194	0,201	0,219	0,258	0,297	0,334	0,351	0,273	0,000	0,000
7,000	-6,897	-6,845	-6,835	-6,745	-6,702	-6,671	-6,653	-6,638	-6,625	-6,617	-6,602	-6,577	-6,549	-6,497	-6,435	0,056	0,054	0,089	0,129	0,111	0,091	0,092	0,085	0,080	0,082	0,094	0,096	0,110	0,119	0,087	0,000	0,000
8,000	-19,679	-19,872	-19,873	-19,997	-19,987	-20,040	-20,074	-20,108	-20,133	-20,184	-20,201	-20,218	-20,215	-20,166	-20,107	-0,288	-0,180	-0,188	-0,146	-0,131	-0,143	-0,135	-0,134	-0,117	-0,091	-0,050	-0,009	0,032	0,076	0,075	0,000	0,000
9,000	-9,647	-9,610	-9,539	-9,348	-9,214	-9,095	-9,026	-8,976	-8,919	-8,871	-8,813	-8,758	-8,671	-8,541	-8,389	0,068	0,160	0,214	0,345	0,352	0,328	0,316	0,290	0,278	0,272	0,276	0,294	0,308	0,311	0,237	0,000	0,000
10,000	-9,625	-9,596	-9,473	-9,305	-9,202	-9,160	-9,136	-9,121	-9,106	-9,103	-9,077	-9,044	-8,980	-8,876	-8,765	0,011	0,209	0,221	0,235	0,201	0,164	0,148	0,132	0,126	0,134	0,153	0,173	0,212	0,225	0,177	0,000	0,000
11,000	-10,167	-10,051	-10,022	-9,855	-9,765	-9,710	-9,678	-9,656	-9,619	-9,612	-9,557	-9,518	-9,447	-9,330	-9,195	0,162	0,190	0,223	0,237	0,222	0,185	0,182	0,175	0,173	0,180	0,203	0,229	0,255	0,261	0,204	0,000	0,000
12,000	-14,697	-14,738	-14,672	-14,633	-14,582	-14,562	-14,553	-14,546	-14,533	-14,548	-14,520	-14,479	-14,424	-14,297	-14,157	0,002	0,077	0,077	0,101	0,090	0,070	0,076	0,081	0,085	0,105	0,146	0,183	0,230	0,259	0,210	0,000	0,000
13,000	-8,796	-8,907	-8,866	-8,906	-8,882	-8,872	-8,863	-8,838	-8,811	-8,784	-8,722	-8,651	-8,547	-8,370	-8,150	-0,162	-0,071	-0,049	0,011	0,055	0,088	0,107	0,131	0,166	0,206	0,270	0,317	0,372	0,400	0,322	0,000	0,000
14,000	-10,338	-9,853	-9,767	-9,569	-9,525	-9,472	-9,453	-9,431	-9,420	-9,422	-9,404	-9,386	-9,350	-9,286	-9,179	1,190	0,736	0,583	0,347	0,259	0,198	0,168	0,133	0,121	0,101	0,110	0,133	0,155	0,168	0,140	0,000	0,000
15,000	-3,258	-3,334	-3,178	-3,187	-3,136	-3,136	-3,133	-3,119	-3,114	-3,122	-3,114	-3,099	-3,072	-3,015	-2,959	1,068	0,682	0,442	0,225	0,157	0,123	0,092	0,084	0,065	0,071	0,067	0,082	0,109	0,122	0,103	0,000	0,000
	run	23	2022:11:08    11:16:35,638
0,000	-4,980	-4,652	-4,494	-4,375	-4,313	-4,289	-4,278	-4,261	-4,246	-4,245	-4,226	-4,207	-4,176	-4,122	-4,056	2,517	1,424	1,013	0,503	0,352	0,251	0,201	0,168	0,138	0,119	0,116	0,120	0,129	0,131	0,102	0,000	0,000
1,000	-17,820	-17,686	-17,543	-17,308	-17,134	-17,022	-16,956	-16,908	-16,859	-16,837	-16,784	-16,751	-16,713	-16,649	-16,580	0,184	0,323	0,358	0,401	0,396	0,341	0,305	0,263	0,235	0,207	0,189	0,179	0,165	0,165	0,116	0,000	0,000
2,000	-10,955	-10,981	-10,945	-10,813	-10,706	-10,635	-10,588	-10,547	-10,493	-10,460	-10,398	-10,328	-10,236	-10,094	-9,935	-0,124	0,018	0,108	0,229	0,237	0,228	0,236	0,231	0,236	0,248	0,281	0,304	0,326	0,332	0,247	0,000	0,000
3,000	-21,017	-21,056	-20,976	-20,668	-20,459	-20,319	-20,254	-20,190	-20,140	-20,126	-20,091	-20,051	-20,011	-19,907	-19,793	-0,054	0,193	0,303	0,464	0,443	0,366	0,327	0,277	0,243	0,202	0,200	0,208	0,223	0,226	0,177	0,000	0,000
4,000	-11,092	-11,214	-11,114	-11,121	-11,088	-11,077	-11,087	-11,080	-11,075	-11,057	-11,017	-10,953	-10,814	-10,601	-10,315	-0,334	-0,051	-0,047	0,028	0,039	0,056	0,073	0,091	0,122	0,187	0,270	0,356	0,444	0,498	0,407	0,000	0,000
5,000	-12,341	-12,269	-12,453	-12,466	-12,470	-12,446	-12,435	-12,434	-12,407	-12,405	-12,362	-12,267	-12,129	-11,879	-11,561	-0,016	-0,178	-0,130	-0,014	0,011	0,033	0,073	0,111	0,152	0,201	0,295	0,396	0,499	0,560	0,456	0,000	0,000
6,000	-8,377	-8,385	-8,286	-8,150	-8,061	-8,009	-7,978	-7,948	-7,911	-7,891	-7,837	-7,771	-7,683	-7,528	-7,347	-0,035	0,131	0,149	0,217	0,216	0,198	0,198	0,191	0,197	0,218	0,253	0,293	0,324	0,346	0,275	0,000	0,000
7,000	-6,802	-6,737	-6,737	-6,658	-6,610	-6,585	-6,565	-6,555	-6,537	-6,533	-6,520	-6,495	-6,465	-6,415	-6,355	0,039	0,053	0,077	0,117	0,103	0,087	0,087	0,083	0,079	0,075	0,087	0,104	0,108	0,116	0,087	0,000	0,000
8,000	-19,416	-19,595	-19,581	-19,709	-19,698	-19,750	-19,785	-19,812	-19,839	-19,889	-19,903	-19,917	-19,919	-19,867	-19,807	-0,295	-0,170	-0,173	-0,131	-0,122	-0,134	-0,134	-0,129	-0,114	-0,091	-0,050	-0,005	0,025	0,074	0,065	0,000	0,000
9,000	-9,509	-9,467	-9,409	-9,239	-9,118	-8,999	-8,936	-8,884	-8,828	-8,787	-8,728	-8,663	-8,581	-8,455	-8,311	0,059	0,133	0,205	0,316	0,334	0,317	0,306	0,282	0,274	0,262	0,273	0,288	0,299	0,299	0,231	0,000	0,000
10,000	-9,481	-9,471	-9,348	-9,200	-9,099	-9,067	-9,045	-9,030	-9,011	-9,005	-8,980	-8,941	-8,887	-8,794	-8,679	-0,007	0,181	0,195	0,218	0,184	0,154	0,140	0,129	0,123	0,129	0,149	0,171	0,201	0,213	0,173	0,000	0,000
11,000	-10,049	-9,935	-9,905	-9,753	-9,670	-9,614	-9,582	-9,560	-9,530	-9,509	-9,470	-9,420	-9,358	-9,242	-9,111	0,151	0,182	0,193	0,224	0,213	0,184	0,173	0,167	0,170	0,172	0,201	0,223	0,245	0,255	0,200	0,000	0,000
12,000	-14,466	-14,486	-14,425	-14,391	-14,331	-14,319	-14,310	-14,308	-14,293	-14,304	-14,272	-14,238	-14,175	-14,053	-13,910	-0,002	0,068	0,076	0,098	0,092	0,074	0,071	0,079	0,088	0,102	0,138	0,182	0,230	0,260	0,207	0,000	0,000
13,000	-8,756	-8,844	-8,815	-8,845	-8,830	-8,818	-8,800	-8,782	-8,757	-8,726	-8,678	-8,605	-8,500	-8,330	-8,116	-0,165	-0,081	-0,050	0,017	0,049	0,082	0,103	0,129	0,155	0,206	0,254	0,310	0,361	0,389	0,309	0,000	0,000
14,000	-10,401	-9,947	-9,850	-9,661	-9,598	-9,552	-9,526	-9,512	-9,498	-9,493	-9,480	-9,464	-9,429	-9,356	-9,263	1,148	0,740	0,588	0,348	0,267	0,191	0,168	0,140	0,121	0,105	0,116	0,128	0,157	0,170	0,136	0,000	0,000
15,000	-3,289	-3,372	-3,218	-3,213	-3,166	-3,164	-3,164	-3,152	-3,145	-3,153	-3,140	-3,130	-3,102	-3,043	-2,976	1,074	0,678	0,441	0,225	0,156	0,121	0,098	0,082	0,068	0,070	0,073	0,086	0,113	0,124	0,105	0,000	0,000
	run	24	2022:11:08    11:16:35,690
0,000	-4,980	-4,652	-4,494	-4,375	-4,313	-4,289	-4,278	-4,261	-4,246	-4,245	-4,226	-4,207	-4,176	-4,122	-4,056	2,517	1,424	1,013	0,503	0,352	0,251	0,201	0,168	0,138	0,119	0,116	0,120	0,129	0,131	0,102	0,000	0,000
1,000	-17,820	-17,686	-17,543	-17,308	-17,134	-17,022	-16,956	-16,908	-16,859	-16,837	-16,784	-16,751	-16,713	-16,649	-16,580	0,184	0,323	0,358	0,401	0,396	0,341	0,305	0,263	0,235	0,207	0,189	0,179	0,165	0,165	0,116	0,000	0,000
2,000	-10,955	-10,981	-10,945	-10,813	-10,706	-10,635	-10,588	-10,547	-10,493	-10,460	-10,398	-10,328	-10,236	-10,094	-9,935	-0,124	0,018	0,108	0,229	0,237	0,228	0,236	0,231	0,236	0,248	0,281	0,304	0,326	0,332	0,247	0,000	0,000
3,000	-21,017	-21,056	-20,976	-20,668	-20,459	-20,319	-20,254	-20,190	-20,140	-20,126	-20,091	-20,051	-20,011	-19,907	-19,793	-0,054	0,193	0,303	0,464	0,443	0,366	0,327	0,277	0,243	0,202	0,200	0,208	0,223	0,226	0,177	0,000	0,000
4,000	-11,092	-11,214	-11,114	-11,121	-11,088	-11,077	-11,087	-11,080	-11,075	-11,057	-11,017	-10,953	-10,814	-10,601	-10,315	-0,334	-0,051	-0,047	0,028	0,039	0,056	0,073	0,091	0,122	0,187	0,270	0,356	0,444	0,498	0,407	0,000	0,000
5,000	-12,341	-12,269	-12,453	-12,466	-12,470	-12,446	-12,435	-12,434	-12,407	-12,405	-12,362	-12,267	-12,129	-11,879	-11,561	-0,016	-0,178	-0,130	-0,014	0,011	0,033	0,073	0,111	0,152	0,201	0,295	0,396	0,499	0,560	0,456	0,000	0,000
6,000	-8,467	-8,469	-8,387	-8,253	-8,149	-8,087	-8,067	-8,030	-7,996	-7,979	-7,923	-7,857	-7,773	-7,616	-7,430	-0,036	0,140	0,165	0,231	0,220	0,204	0,199	0,196	0,200	0,221	0,254	0,292	0,333	0,348	0,271	0,000	0,000
7,000	-6,804	-6,777	-6,760	-6,703	-6,656	-6,627	-6,607	-6,597	-6,579	-6,574	-6,561	-6,538	-6,510	-6,458	-6,404	0,068	0,051	0,075	0,117	0,101	0,090	0,087	0,078	0,084	0,075	0,081	0,095	0,107	0,110	0,083	0,000	0,000
8,000	-19,381	-19,572	-19,546	-19,662	-19,645	-19,696	-19,732	-19,763	-19,795	-19,841	-19,856	-19,880	-19,868	-19,828	-19,767	-0,306	-0,172	-0,171	-0,136	-0,122	-0,135	-0,123	-0,129	-0,106	-0,090	-0,052	-0,004	0,026	0,070	0,069	0,000	0,000
9,000	-9,417	-9,391	-9,332	-9,174	-9,037	-8,931	-8,863	-8,811	-8,751	-8,715	-8,656	-8,594	-8,517	-8,390	-8,248	0,052	0,127	0,199	0,315	0,331	0,313	0,303	0,277	0,264	0,259	0,272	0,283	0,293	0,297	0,219	0,000	0,000
10,000	-9,280	-9,275	-9,175	-9,056	-8,969	-8,943	-8,923	-8,907	-8,883	-8,881	-8,859	-8,828	-8,768	-8,681	-8,565	-0,030	0,153	0,147	0,181	0,159	0,135	0,126	0,113	0,110	0,120	0,140	0,166	0,193	0,210	0,169	0,000	0,000
11,000	-9,867	-9,759	-9,739	-9,595	-9,516	-9,456	-9,426	-9,405	-9,373	-9,361	-9,315	-9,272	-9,205	-9,096	-8,975	0,137	0,154	0,173	0,214	0,210	0,171	0,168	0,162	0,159	0,168	0,186	0,217	0,238	0,253	0,190	0,000	0,000
12,000	-14,095	-14,112	-14,057	-14,020	-13,961	-13,946	-13,940	-13,930	-13,919	-13,927	-13,897	-13,863	-13,810	-13,691	-13,557	0,009	0,072	0,084	0,091	0,084	0,068	0,077	0,082	0,088	0,101	0,132	0,173	0,222	0,251	0,202	0,000	0,000
13,000	-8,518	-8,657	-8,598	-8,656	-8,636	-8,629	-8,613	-8,591	-8,572	-8,540	-8,495	-8,425	-8,319	-8,156	-7,953	-0,197	-0,086	-0,068	0,001	0,041	0,078	0,101	0,117	0,150	0,194	0,250	0,295	0,350	0,375	0,296	0,000	0,000
14,000	-10,299	-9,791	-9,738	-9,524	-9,480	-9,429	-9,401	-9,395	-9,374	-9,372	-9,362	-9,347	-9,310	-9,236	-9,139	1,194	0,728	0,592	0,359	0,265	0,193	0,164	0,139	0,118	0,105	0,110	0,129	0,158	0,171	0,140	0,000	0,000
15,000	-3,274	-3,327	-3,195	-3,190	-3,139	-3,140	-3,143	-3,124	-3,121	-3,126	-3,116	-3,107	-3,077	-3,015	-2,951	1,078	0,679	0,440	0,223	0,162	0,120	0,100	0,084	0,067	0,068	0,071	0,090	0,115	0,127	0,104	0,000	0,000
	run	25	2022:11:08    11:16:35,791
0,000	-4,919	-4,587	-4,446	-4,327	-4,267	-4,240	-4,225	-4,211	-4,202	-4,194	-4,179	-4,156	-4,124	-4,071	-4,008	2,510	1,414	1,000	0,499	0,347	0,248	0,205	0,166	0,137	0,121	0,116	0,123	0,130	0,130	0,103	0,000	0,000
1,000	-17,713	-17,570	-17,445	-17,213	-17,046	-16,926	-16,868	-16,813	-16,763	-16,735	-16,694	-16,655	-16,614	-16,547	-16,479	0,197	0,335	0,347	0,400	0,396	0,336	0,302	0,265	0,238	0,204	0,193	0,185	0,172	0,166	0,117	0,000	0,000
2,000	-10,996	-11,010	-10,978	-10,845	-10,739	-10,660	-10,615	-10,576	-10,531	-10,488	-10,428	-10,349	-10,258	-10,110	-9,954	-0,116	0,022	0,108	0,232	0,244	0,237	0,240	0,237	0,243	0,252	0,280	0,312	0,330	0,338	0,253	0,000	0,000
3,000	-21,312	-21,308	-21,233	-20,912	-20,687	-20,550	-20,486	-20,425	-20,369	-20,363	-20,322	-20,285	-20,238	-20,136	-20,016	-0,022	0,226	0,331	0,482	0,461	0,383	0,336	0,286	0,244	0,211	0,204	0,215	0,227	0,233	0,174	0,000	0,000
4,000	-11,277	-11,397	-11,306	-11,315	-11,283	-11,274	-11,283	-11,274	-11,275	-11,254	-11,210	-11,144	-11,000	-10,777	-10,483	-0,350	-0,059	-0,055	0,018	0,027	0,058	0,072	0,095	0,127	0,194	0,284	0,359	0,455	0,513	0,423	0,000	0,000
5,000	-12,635	-12,585	-12,745	-12,773	-12,776	-12,748	-12,730	-12,732	-12,709	-12,701	-12,657	-12,565	-12,423	-12,158	-11,821	-0,034	-0,192	-0,126	-0,011	0,020	0,036	0,078	0,112	0,159	0,215	0,303	0,410	0,516	0,580	0,470	0,000	0,000
6,000	-8,711	-8,682	-8,594	-8,445	-8,349	-8,295	-8,263	-8,234	-8,195	-8,170	-8,117	-8,056	-7,958	-7,795	-7,600	-0,031	0,136	0,177	0,239	0,235	0,206	0,208	0,193	0,210	0,228	0,260	0,309	0,352	0,375	0,294	0,000	0,000
7,000	-6,958	-6,901	-6,891	-6,804	-6,763	-6,733	-6,709	-6,697	-6,678	-6,672	-6,655	-6,641	-6,602	-6,545	-6,486	0,051	0,056	0,086	0,128	0,116	0,092	0,091	0,083	0,083	0,081	0,091	0,108	0,119	0,122	0,096	0,000	0,000
8,000	-19,458	-19,684	-19,641	-19,774	-19,766	-19,816	-19,855	-19,886	-19,913	-19,968	-19,981	-19,996	-19,996	-19,957	-19,891	-0,323	-0,179	-0,180	-0,141	-0,126	-0,138	-0,136	-0,130	-0,115	-0,096	-0,053	-0,006	0,023	0,069	0,066	0,000	0,000
9,000	-9,365	-9,339	-9,268	-9,104	-8,975	-8,867	-8,796	-8,746	-8,687	-8,652	-8,589	-8,531	-8,452	-8,330	-8,186	0,059	0,131	0,202	0,325	0,333	0,311	0,301	0,279	0,269	0,262	0,268	0,282	0,297	0,297	0,218	0,000	0,000
10,000	-9,203	-9,215	-9,116	-9,008	-8,926	-8,893	-8,876	-8,863	-8,839	-8,837	-8,810	-8,790	-8,724	-8,633	-8,525	-0,050	0,133	0,139	0,172	0,146	0,130	0,118	0,109	0,107	0,114	0,135	0,158	0,194	0,207	0,163	0,000	0,000
11,000	-9,733	-9,634	-9,602	-9,475	-9,393	-9,337	-9,306	-9,286	-9,255	-9,233	-9,200	-9,155	-9,089	-8,985	-8,861	0,125	0,147	0,161	0,206	0,202	0,165	0,168	0,157	0,160	0,161	0,186	0,211	0,233	0,242	0,188	0,000	0,000
12,000	-13,803	-13,821	-13,758	-13,721	-13,665	-13,654	-13,645	-13,635	-13,625	-13,636	-13,608	-13,577	-13,521	-13,408	-13,274	0,011	0,082	0,085	0,093	0,083	0,067	0,067	0,073	0,082	0,093	0,137	0,169	0,213	0,242	0,193	0,000	0,000
13,000	-8,369	-8,503	-8,452	-8,511	-8,486	-8,480	-8,473	-8,450	-8,428	-8,400	-8,346	-8,277	-8,170	-8,013	-7,816	-0,184	-0,092	-0,061	-0,000	0,037	0,075	0,097	0,117	0,149	0,197	0,247	0,291	0,345	0,366	0,293	0,000	0,000
14,000	-10,048	-9,551	-9,491	-9,301	-9,252	-9,211	-9,188	-9,172	-9,151	-9,155	-9,139	-9,126	-9,090	-9,022	-8,930	1,197	0,709	0,567	0,341	0,254	0,183	0,162	0,131	0,115	0,100	0,108	0,128	0,147	0,167	0,134	0,000	0,000
15,000	-3,235	-3,300	-3,159	-3,150	-3,105	-3,104	-3,101	-3,089	-3,086	-3,093	-3,086	-3,073	-3,042	-2,987	-2,918	1,057	0,672	0,440	0,224	0,160	0,126	0,096	0,079	0,067	0,063	0,074	0,086	0,110	0,122	0,099	0,000	0,000
