Device: PM2003001		2022:11:08    11:08:44,284  (DLL version: 1.20;  Status: HW:v1.02 SW:v1.3 CRC:31ED BATTERY:4154mV ST:0 ERR:0000;  MUX data; S: 92 I:143 R:200.000 C:1.094p F:)
Excitation level, V:	2,00
Voltage Channel Gain:	5
Current Channel Gain:	1
Voltmeter Range, V:	0,6
Ampermeter Range, A:	15,0m
Step Period, ms:	5
R transimp:	200
C transimp:	1,1p
Measurement Table: 	EEPROM  16

Freq, Hz	1,0k	2,0k	3,0k	7,0k	11,0k	17,0k	23,0k	31,0k	43,0k	61,0k	89,0k	127,0k	179,0k	251,0k	349,0k	1,0k	2,0k	3,0k	7,0k	11,0k	17,0k	23,0k	31,0k	43,0k	61,0k	89,0k	127,0k	179,0k	251,0k	349,0k
	run	1	2022:11:08    11:08:44,286
MUX	Re1, ohm	Re2, ohm	Re3, ohm	Re4, ohm	Re5, ohm	Re6, ohm	Re7, ohm	Re8, ohm	Re9, ohm	Re10, ohm	Re11, ohm	Re12, ohm	Re13, ohm	Re14, ohm	Re15, ohm	Im1, ohm	Im2, ohm	Im3, ohm	Im4, ohm	Im5, ohm	Im6, ohm	Im7, ohm	Im8, ohm	Im9, ohm	Im10, ohm	Im11, ohm	Im12, ohm	Im13, ohm	Im14, ohm	Im15, ohm	U, V	I, mA

0,000	-10,974	-10,804	-10,727	-10,704	-10,694	-10,695	-10,695	-10,691	-10,684	-10,693	-10,682	-10,664	-10,622	-10,562	-10,479	0,815	0,487	0,333	0,141	0,091	0,067	0,062	0,051	0,053	0,058	0,075	0,108	0,128	0,145	0,114	0,000	0,000
1,000	-17,193	-17,182	-17,091	-16,895	-16,755	-16,641	-16,584	-16,534	-16,489	-16,457	-16,416	-16,383	-16,342	-16,271	-16,190	0,003	0,161	0,231	0,327	0,336	0,301	0,278	0,238	0,219	0,196	0,191	0,182	0,179	0,172	0,127	0,000	0,000
2,000	-10,807	-10,823	-10,810	-10,671	-10,562	-10,483	-10,442	-10,399	-10,353	-10,318	-10,265	-10,185	-10,099	-9,959	-9,812	-0,072	0,038	0,118	0,231	0,242	0,225	0,231	0,232	0,237	0,237	0,270	0,293	0,313	0,314	0,235	0,000	0,000
3,000	-21,159	-21,168	-21,119	-20,809	-20,596	-20,466	-20,395	-20,338	-20,287	-20,277	-20,239	-20,205	-20,164	-20,072	-19,966	-0,091	0,167	0,266	0,441	0,435	0,362	0,323	0,274	0,237	0,194	0,190	0,199	0,203	0,211	0,157	0,000	0,000
4,000	-11,231	-11,348	-11,268	-11,262	-11,230	-11,220	-11,229	-11,225	-11,223	-11,205	-11,168	-11,105	-10,977	-10,782	-10,516	-0,352	-0,079	-0,073	0,016	0,025	0,053	0,069	0,083	0,116	0,170	0,253	0,328	0,412	0,467	0,379	0,000	0,000
5,000	-12,451	-12,409	-12,557	-12,603	-12,605	-12,577	-12,568	-12,571	-12,541	-12,540	-12,492	-12,415	-12,271	-12,033	-11,725	-0,098	-0,218	-0,152	-0,031	0,004	0,027	0,069	0,103	0,145	0,194	0,285	0,379	0,474	0,535	0,431	0,000	0,000
6,000	-8,531	-8,547	-8,455	-8,327	-8,227	-8,176	-8,140	-8,113	-8,077	-8,055	-7,999	-7,939	-7,856	-7,707	-7,528	-0,069	0,111	0,146	0,219	0,214	0,197	0,193	0,192	0,203	0,212	0,251	0,284	0,321	0,339	0,262	0,000	0,000
7,000	-6,811	-6,782	-6,777	-6,711	-6,658	-6,633	-6,616	-6,609	-6,590	-6,581	-6,574	-6,551	-6,518	-6,470	-6,417	0,038	0,040	0,067	0,102	0,099	0,079	0,081	0,077	0,072	0,074	0,082	0,095	0,104	0,106	0,078	0,000	0,000
8,000	-19,623	-19,803	-19,797	-19,916	-19,903	-19,952	-19,991	-20,019	-20,045	-20,102	-20,111	-20,128	-20,131	-20,085	-20,024	-0,310	-0,171	-0,184	-0,132	-0,122	-0,135	-0,131	-0,134	-0,108	-0,091	-0,042	-0,012	0,024	0,072	0,072	0,000	0,000
9,000	-9,493	-9,463	-9,411	-9,257	-9,126	-9,008	-8,947	-8,902	-8,838	-8,795	-8,741	-8,683	-8,594	-8,475	-8,325	0,048	0,123	0,181	0,309	0,329	0,310	0,297	0,276	0,267	0,259	0,272	0,285	0,298	0,301	0,225	0,000	0,000
10,000	-9,499	-9,486	-9,351	-9,206	-9,109	-9,075	-9,050	-9,033	-9,010	-9,015	-8,990	-8,951	-8,895	-8,800	-8,687	-0,031	0,184	0,193	0,227	0,185	0,159	0,148	0,128	0,124	0,126	0,149	0,169	0,202	0,216	0,172	0,000	0,000
11,000	-10,047	-9,932	-9,899	-9,760	-9,675	-9,614	-9,583	-9,562	-9,531	-9,517	-9,472	-9,430	-9,356	-9,251	-9,123	0,136	0,170	0,187	0,221	0,210	0,173	0,174	0,162	0,168	0,171	0,191	0,224	0,241	0,255	0,195	0,000	0,000
12,000	-14,516	-14,546	-14,487	-14,439	-14,382	-14,364	-14,354	-14,343	-14,327	-14,336	-14,309	-14,271	-14,217	-14,101	-13,957	-0,003	0,075	0,083	0,102	0,101	0,086	0,087	0,081	0,092	0,105	0,147	0,178	0,225	0,248	0,200	0,000	0,000
13,000	-8,657	-8,610	-8,663	-8,666	-8,660	-8,645	-8,628	-8,618	-8,589	-8,562	-8,503	-8,437	-8,332	-8,171	-7,957	-0,035	-0,047	-0,028	0,018	0,050	0,067	0,104	0,123	0,157	0,199	0,254	0,305	0,356	0,378	0,304	0,000	0,000
14,000	-11,804	-11,516	-11,579	-11,444	-11,440	-11,401	-11,373	-11,362	-11,360	-11,344	-11,334	-11,295	-11,238	-11,118	-10,951	0,339	0,149	0,177	0,144	0,123	0,099	0,097	0,097	0,092	0,109	0,147	0,186	0,243	0,284	0,226	0,000	0,000
15,000	-6,963	-6,769	-6,569	-6,476	-6,403	-6,391	-6,376	-6,359	-6,341	-6,343	-6,331	-6,316	-6,287	-6,245	-6,197	0,948	0,720	0,515	0,293	0,214	0,168	0,144	0,119	0,091	0,092	0,085	0,091	0,103	0,103	0,083	0,000	0,000
	run	2	2022:11:08    11:08:44,335
0,000	-11,161	-10,977	-10,887	-10,866	-10,860	-10,863	-10,859	-10,859	-10,850	-10,858	-10,852	-10,833	-10,796	-10,728	-10,643	0,834	0,488	0,337	0,149	0,093	0,066	0,057	0,057	0,052	0,059	0,078	0,106	0,136	0,145	0,118	0,000	0,000
1,000	-17,484	-17,468	-17,360	-17,155	-17,003	-16,890	-16,824	-16,778	-16,736	-16,702	-16,660	-16,624	-16,579	-16,512	-16,430	0,019	0,176	0,251	0,351	0,352	0,305	0,285	0,251	0,225	0,203	0,193	0,189	0,179	0,180	0,134	0,000	0,000
2,000	-10,807	-10,823	-10,810	-10,671	-10,562	-10,483	-10,442	-10,399	-10,353	-10,318	-10,265	-10,185	-10,099	-9,959	-9,812	-0,072	0,038	0,118	0,231	0,242	0,225	0,231	0,232	0,237	0,237	0,270	0,293	0,313	0,314	0,235	0,000	0,000
3,000	-21,159	-21,168	-21,119	-20,809	-20,596	-20,466	-20,395	-20,338	-20,287	-20,277	-20,239	-20,205	-20,164	-20,072	-19,966	-0,091	0,167	0,266	0,441	0,435	0,362	0,323	0,274	0,237	0,194	0,190	0,199	0,203	0,211	0,157	0,000	0,000
4,000	-11,231	-11,348	-11,268	-11,262	-11,230	-11,220	-11,229	-11,225	-11,223	-11,205	-11,168	-11,105	-10,977	-10,782	-10,516	-0,352	-0,079	-0,073	0,016	0,025	0,053	0,069	0,083	0,116	0,170	0,253	0,328	0,412	0,467	0,379	0,000	0,000
5,000	-12,451	-12,409	-12,557	-12,603	-12,605	-12,577	-12,568	-12,571	-12,541	-12,540	-12,492	-12,415	-12,271	-12,033	-11,725	-0,098	-0,218	-0,152	-0,031	0,004	0,027	0,069	0,103	0,145	0,194	0,285	0,379	0,474	0,535	0,431	0,000	0,000
6,000	-8,531	-8,547	-8,455	-8,327	-8,227	-8,176	-8,140	-8,113	-8,077	-8,055	-7,999	-7,939	-7,856	-7,707	-7,528	-0,069	0,111	0,146	0,219	0,214	0,197	0,193	0,192	0,203	0,212	0,251	0,284	0,321	0,339	0,262	0,000	0,000
7,000	-6,811	-6,782	-6,777	-6,711	-6,658	-6,633	-6,616	-6,609	-6,590	-6,581	-6,574	-6,551	-6,518	-6,470	-6,417	0,038	0,040	0,067	0,102	0,099	0,079	0,081	0,077	0,072	0,074	0,082	0,095	0,104	0,106	0,078	0,000	0,000
8,000	-19,471	-19,658	-19,653	-19,751	-19,744	-19,787	-19,825	-19,850	-19,882	-19,932	-19,937	-19,965	-19,964	-19,924	-19,865	-0,301	-0,170	-0,160	-0,132	-0,120	-0,125	-0,123	-0,127	-0,114	-0,095	-0,054	-0,012	0,028	0,072	0,073	0,000	0,000
9,000	-9,470	-9,429	-9,381	-9,217	-9,088	-8,967	-8,911	-8,857	-8,795	-8,751	-8,697	-8,643	-8,555	-8,430	-8,288	0,042	0,113	0,188	0,313	0,333	0,309	0,303	0,276	0,265	0,262	0,272	0,291	0,298	0,300	0,232	0,000	0,000
10,000	-9,547	-9,544	-9,403	-9,253	-9,154	-9,119	-9,094	-9,074	-9,056	-9,064	-9,030	-8,997	-8,940	-8,845	-8,733	-0,017	0,192	0,198	0,225	0,193	0,163	0,137	0,127	0,119	0,125	0,153	0,169	0,200	0,214	0,170	0,000	0,000
11,000	-10,062	-9,958	-9,921	-9,779	-9,690	-9,638	-9,609	-9,586	-9,555	-9,539	-9,498	-9,459	-9,385	-9,277	-9,150	0,147	0,166	0,193	0,221	0,213	0,176	0,167	0,165	0,171	0,166	0,193	0,224	0,243	0,255	0,196	0,000	0,000
12,000	-14,435	-14,470	-14,402	-14,359	-14,304	-14,276	-14,271	-14,264	-14,245	-14,254	-14,229	-14,187	-14,131	-14,011	-13,874	0,002	0,078	0,084	0,101	0,102	0,080	0,087	0,087	0,095	0,101	0,140	0,185	0,224	0,251	0,198	0,000	0,000
13,000	-8,610	-8,555	-8,620	-8,617	-8,612	-8,597	-8,583	-8,566	-8,539	-8,512	-8,460	-8,388	-8,283	-8,127	-7,920	-0,029	-0,053	-0,035	0,021	0,046	0,068	0,096	0,120	0,156	0,192	0,245	0,306	0,356	0,378	0,303	0,000	0,000
14,000	-11,857	-11,573	-11,637	-11,510	-11,494	-11,448	-11,426	-11,423	-11,406	-11,406	-11,377	-11,358	-11,287	-11,164	-11,000	0,299	0,140	0,160	0,146	0,119	0,100	0,098	0,091	0,102	0,116	0,162	0,184	0,247	0,277	0,236	0,000	0,000
15,000	-7,077	-6,863	-6,657	-6,558	-6,489	-6,472	-6,461	-6,441	-6,426	-6,427	-6,415	-6,398	-6,373	-6,322	-6,273	0,949	0,726	0,519	0,298	0,215	0,167	0,142	0,119	0,097	0,090	0,088	0,094	0,105	0,107	0,086	0,000	0,000
	run	3	2022:11:08    11:08:44,435
0,000	-11,150	-10,965	-10,882	-10,870	-10,856	-10,857	-10,861	-10,857	-10,851	-10,855	-10,851	-10,831	-10,791	-10,729	-10,648	0,838	0,491	0,346	0,149	0,096	0,068	0,062	0,052	0,052	0,062	0,077	0,107	0,131	0,144	0,115	0,000	0,000
1,000	-17,422	-17,403	-17,302	-17,090	-16,942	-16,833	-16,771	-16,723	-16,680	-16,646	-16,605	-16,573	-16,524	-16,453	-16,376	0,026	0,187	0,249	0,347	0,352	0,311	0,287	0,241	0,222	0,205	0,192	0,186	0,180	0,177	0,132	0,000	0,000
2,000	-10,852	-10,864	-10,841	-10,713	-10,597	-10,526	-10,481	-10,438	-10,387	-10,365	-10,298	-10,227	-10,138	-9,998	-9,847	-0,076	0,041	0,112	0,232	0,244	0,224	0,232	0,230	0,237	0,245	0,270	0,297	0,311	0,319	0,242	0,000	0,000
3,000	-21,086	-21,096	-21,038	-20,725	-20,520	-20,389	-20,318	-20,258	-20,213	-20,195	-20,160	-20,131	-20,081	-19,995	-19,885	-0,095	0,166	0,273	0,441	0,432	0,362	0,321	0,274	0,240	0,200	0,189	0,199	0,205	0,213	0,157	0,000	0,000
4,000	-11,197	-11,318	-11,215	-11,230	-11,193	-11,189	-11,188	-11,191	-11,196	-11,164	-11,126	-11,069	-10,946	-10,740	-10,480	-0,384	-0,067	-0,056	0,016	0,032	0,048	0,066	0,085	0,113	0,168	0,252	0,327	0,409	0,460	0,382	0,000	0,000
5,000	-12,484	-12,445	-12,601	-12,638	-12,642	-12,624	-12,608	-12,611	-12,583	-12,581	-12,535	-12,451	-12,310	-12,069	-11,766	-0,103	-0,231	-0,172	-0,034	0,004	0,027	0,067	0,100	0,147	0,189	0,280	0,374	0,479	0,532	0,434	0,000	0,000
6,000	-8,540	-8,552	-8,458	-8,335	-8,231	-8,172	-8,145	-8,116	-8,077	-8,054	-8,007	-7,941	-7,856	-7,710	-7,527	-0,069	0,113	0,150	0,225	0,217	0,197	0,199	0,190	0,200	0,212	0,255	0,282	0,323	0,346	0,264	0,000	0,000
7,000	-6,844	-6,807	-6,805	-6,725	-6,686	-6,658	-6,637	-6,633	-6,612	-6,610	-6,600	-6,574	-6,545	-6,499	-6,437	0,027	0,045	0,062	0,107	0,097	0,081	0,081	0,075	0,075	0,070	0,084	0,094	0,102	0,112	0,084	0,000	0,000
8,000	-19,568	-19,770	-19,768	-19,870	-19,862	-19,905	-19,951	-19,976	-20,003	-20,054	-20,070	-20,092	-20,091	-20,043	-19,988	-0,288	-0,169	-0,168	-0,136	-0,124	-0,137	-0,129	-0,127	-0,117	-0,089	-0,054	-0,010	0,022	0,068	0,065	0,000	0,000
9,000	-9,535	-9,492	-9,443	-9,273	-9,138	-9,023	-8,958	-8,910	-8,854	-8,810	-8,755	-8,688	-8,611	-8,487	-8,340	0,036	0,123	0,193	0,314	0,339	0,314	0,306	0,277	0,268	0,256	0,270	0,286	0,302	0,299	0,228	0,000	0,000
10,000	-9,456	-9,477	-9,338	-9,209	-9,117	-9,085	-9,063	-9,040	-9,021	-9,021	-8,994	-8,963	-8,907	-8,809	-8,698	-0,025	0,175	0,181	0,212	0,177	0,157	0,137	0,129	0,118	0,127	0,146	0,167	0,198	0,210	0,167	0,000	0,000
11,000	-9,954	-9,846	-9,813	-9,676	-9,600	-9,541	-9,512	-9,494	-9,462	-9,439	-9,406	-9,360	-9,292	-9,181	-9,056	0,138	0,156	0,180	0,214	0,205	0,173	0,167	0,158	0,168	0,164	0,193	0,219	0,239	0,248	0,193	0,000	0,000
12,000	-14,223	-14,265	-14,193	-14,147	-14,088	-14,068	-14,063	-14,057	-14,038	-14,044	-14,007	-13,980	-13,925	-13,810	-13,675	-0,007	0,070	0,089	0,102	0,100	0,078	0,085	0,086	0,091	0,102	0,140	0,182	0,216	0,246	0,199	0,000	0,000
13,000	-8,571	-8,491	-8,565	-8,562	-8,559	-8,542	-8,530	-8,517	-8,490	-8,461	-8,408	-8,347	-8,237	-8,077	-7,880	-0,033	-0,048	-0,040	0,017	0,044	0,064	0,094	0,120	0,154	0,187	0,246	0,294	0,348	0,369	0,294	0,000	0,000
14,000	-11,880	-11,605	-11,650	-11,529	-11,510	-11,477	-11,452	-11,450	-11,436	-11,428	-11,417	-11,375	-11,317	-11,203	-11,025	0,313	0,145	0,155	0,147	0,119	0,099	0,105	0,092	0,106	0,117	0,146	0,188	0,251	0,282	0,227	0,000	0,000
15,000	-7,071	-6,861	-6,660	-6,561	-6,488	-6,472	-6,456	-6,437	-6,425	-6,424	-6,411	-6,394	-6,367	-6,317	-6,272	0,975	0,737	0,525	0,292	0,217	0,166	0,140	0,120	0,100	0,090	0,084	0,092	0,105	0,108	0,085	0,000	0,000
	run	4	2022:11:08    11:08:44,486
0,000	-11,150	-10,965	-10,882	-10,870	-10,856	-10,857	-10,861	-10,857	-10,851	-10,855	-10,851	-10,831	-10,791	-10,729	-10,648	0,838	0,491	0,346	0,149	0,096	0,068	0,062	0,052	0,052	0,062	0,077	0,107	0,131	0,144	0,115	0,000	0,000
1,000	-17,422	-17,403	-17,302	-17,090	-16,942	-16,833	-16,771	-16,723	-16,680	-16,646	-16,605	-16,573	-16,524	-16,453	-16,376	0,026	0,187	0,249	0,347	0,352	0,311	0,287	0,241	0,222	0,205	0,192	0,186	0,180	0,177	0,132	0,000	0,000
2,000	-10,852	-10,864	-10,841	-10,713	-10,597	-10,526	-10,481	-10,438	-10,387	-10,365	-10,298	-10,227	-10,138	-9,998	-9,847	-0,076	0,041	0,112	0,232	0,244	0,224	0,232	0,230	0,237	0,245	0,270	0,297	0,311	0,319	0,242	0,000	0,000
3,000	-21,086	-21,096	-21,038	-20,725	-20,520	-20,389	-20,318	-20,258	-20,213	-20,195	-20,160	-20,131	-20,081	-19,995	-19,885	-0,095	0,166	0,273	0,441	0,432	0,362	0,321	0,274	0,240	0,200	0,189	0,199	0,205	0,213	0,157	0,000	0,000
4,000	-11,197	-11,318	-11,215	-11,230	-11,193	-11,189	-11,188	-11,191	-11,196	-11,164	-11,126	-11,069	-10,946	-10,740	-10,480	-0,384	-0,067	-0,056	0,016	0,032	0,048	0,066	0,085	0,113	0,168	0,252	0,327	0,409	0,460	0,382	0,000	0,000
5,000	-12,484	-12,445	-12,601	-12,638	-12,642	-12,624	-12,608	-12,611	-12,583	-12,581	-12,535	-12,451	-12,310	-12,069	-11,766	-0,103	-0,231	-0,172	-0,034	0,004	0,027	0,067	0,100	0,147	0,189	0,280	0,374	0,479	0,532	0,434	0,000	0,000
6,000	-8,633	-8,652	-8,561	-8,432	-8,327	-8,273	-8,244	-8,215	-8,168	-8,150	-8,100	-8,042	-7,953	-7,801	-7,622	-0,049	0,106	0,161	0,220	0,216	0,193	0,200	0,198	0,201	0,218	0,254	0,292	0,326	0,347	0,270	0,000	0,000
7,000	-6,957	-6,912	-6,912	-6,831	-6,775	-6,750	-6,732	-6,724	-6,706	-6,703	-6,681	-6,663	-6,637	-6,589	-6,527	0,029	0,042	0,087	0,117	0,103	0,085	0,085	0,080	0,077	0,075	0,086	0,096	0,104	0,111	0,084	0,000	0,000
8,000	-19,677	-19,856	-19,859	-19,968	-19,957	-20,001	-20,040	-20,074	-20,097	-20,149	-20,167	-20,187	-20,193	-20,143	-20,086	-0,309	-0,177	-0,180	-0,137	-0,127	-0,140	-0,135	-0,130	-0,115	-0,095	-0,053	-0,010	0,018	0,076	0,063	0,000	0,000
9,000	-9,507	-9,472	-9,412	-9,244	-9,112	-9,002	-8,936	-8,888	-8,828	-8,786	-8,731	-8,670	-8,582	-8,461	-8,317	0,062	0,123	0,193	0,317	0,339	0,313	0,302	0,276	0,266	0,261	0,271	0,290	0,299	0,299	0,224	0,000	0,000
10,000	-9,363	-9,364	-9,245	-9,109	-9,026	-8,989	-8,968	-8,956	-8,933	-8,935	-8,916	-8,876	-8,821	-8,727	-8,617	-0,059	0,170	0,163	0,195	0,167	0,148	0,136	0,125	0,115	0,125	0,141	0,162	0,190	0,207	0,171	0,000	0,000
11,000	-9,865	-9,752	-9,726	-9,585	-9,506	-9,452	-9,422	-9,400	-9,370	-9,351	-9,319	-9,269	-9,201	-9,096	-8,971	0,130	0,149	0,173	0,214	0,201	0,169	0,169	0,160	0,162	0,160	0,188	0,211	0,239	0,244	0,187	0,000	0,000
12,000	-14,129	-14,163	-14,094	-14,053	-13,995	-13,972	-13,966	-13,957	-13,942	-13,954	-13,918	-13,886	-13,829	-13,711	-13,579	0,005	0,072	0,082	0,101	0,100	0,079	0,085	0,083	0,090	0,102	0,141	0,176	0,219	0,250	0,197	0,000	0,000
13,000	-8,510	-8,483	-8,521	-8,535	-8,530	-8,511	-8,501	-8,488	-8,464	-8,433	-8,378	-8,317	-8,215	-8,053	-7,854	-0,065	-0,057	-0,040	0,016	0,037	0,064	0,098	0,116	0,154	0,189	0,243	0,297	0,345	0,365	0,295	0,000	0,000
14,000	-11,867	-11,558	-11,633	-11,501	-11,484	-11,444	-11,422	-11,418	-11,401	-11,389	-11,374	-11,350	-11,278	-11,169	-11,002	0,338	0,139	0,180	0,139	0,124	0,096	0,107	0,096	0,101	0,120	0,162	0,184	0,240	0,280	0,226	0,000	0,000
15,000	-7,004	-6,791	-6,594	-6,500	-6,426	-6,414	-6,400	-6,383	-6,366	-6,365	-6,353	-6,339	-6,311	-6,266	-6,217	0,953	0,729	0,517	0,288	0,211	0,169	0,142	0,116	0,094	0,090	0,089	0,092	0,104	0,105	0,082	0,000	0,000
	run	5	2022:11:08    11:08:44,587
0,000	-10,811	-10,615	-10,563	-10,532	-10,526	-10,520	-10,525	-10,523	-10,514	-10,523	-10,511	-10,490	-10,455	-10,395	-10,313	0,815	0,471	0,326	0,139	0,093	0,067	0,058	0,054	0,054	0,060	0,074	0,102	0,124	0,139	0,111	0,000	0,000
1,000	-16,805	-16,812	-16,729	-16,554	-16,407	-16,311	-16,250	-16,204	-16,163	-16,136	-16,094	-16,054	-16,015	-15,954	-15,872	-0,018	0,145	0,207	0,301	0,316	0,285	0,261	0,228	0,209	0,191	0,177	0,177	0,168	0,168	0,126	0,000	0,000
2,000	-10,630	-10,640	-10,628	-10,500	-10,393	-10,316	-10,266	-10,229	-10,181	-10,150	-10,089	-10,020	-9,936	-9,801	-9,651	-0,080	0,035	0,111	0,224	0,240	0,222	0,226	0,226	0,232	0,239	0,269	0,290	0,306	0,308	0,229	0,000	0,000
3,000	-20,965	-20,993	-20,931	-20,642	-20,434	-20,298	-20,230	-20,176	-20,125	-20,117	-20,080	-20,044	-20,006	-19,913	-19,802	-0,090	0,158	0,261	0,434	0,428	0,350	0,311	0,271	0,236	0,194	0,185	0,200	0,202	0,212	0,164	0,000	0,000
4,000	-11,243	-11,352	-11,270	-11,257	-11,226	-11,216	-11,222	-11,222	-11,218	-11,198	-11,160	-11,105	-10,974	-10,770	-10,511	-0,380	-0,072	-0,066	0,022	0,033	0,048	0,071	0,087	0,115	0,174	0,256	0,328	0,411	0,467	0,387	0,000	0,000
5,000	-12,605	-12,584	-12,736	-12,773	-12,775	-12,756	-12,742	-12,736	-12,711	-12,710	-12,671	-12,585	-12,437	-12,196	-11,881	-0,091	-0,216	-0,166	-0,027	-0,004	0,033	0,081	0,102	0,149	0,197	0,284	0,389	0,488	0,547	0,440	0,000	0,000
6,000	-8,752	-8,771	-8,672	-8,543	-8,443	-8,389	-8,354	-8,329	-8,284	-8,270	-8,207	-8,147	-8,063	-7,903	-7,722	-0,055	0,120	0,170	0,226	0,222	0,198	0,205	0,196	0,206	0,212	0,247	0,299	0,329	0,346	0,273	0,000	0,000
7,000	-6,999	-6,950	-6,941	-6,863	-6,811	-6,778	-6,760	-6,750	-6,736	-6,733	-6,716	-6,694	-6,668	-6,612	-6,562	0,031	0,055	0,080	0,120	0,112	0,088	0,087	0,080	0,078	0,079	0,086	0,101	0,104	0,110	0,081	0,000	0,000
8,000	-19,752	-19,942	-19,932	-20,050	-20,034	-20,088	-20,129	-20,161	-20,181	-20,236	-20,247	-20,267	-20,268	-20,225	-20,166	-0,303	-0,174	-0,178	-0,139	-0,125	-0,136	-0,134	-0,133	-0,114	-0,094	-0,056	-0,013	0,028	0,075	0,066	0,000	0,000
9,000	-9,440	-9,422	-9,356	-9,191	-9,055	-8,946	-8,879	-8,830	-8,772	-8,735	-8,676	-8,611	-8,527	-8,403	-8,257	0,045	0,125	0,201	0,320	0,338	0,316	0,302	0,278	0,270	0,263	0,276	0,288	0,307	0,305	0,227	0,000	0,000
10,000	-9,398	-9,392	-9,266	-9,143	-9,046	-9,018	-8,995	-8,976	-8,957	-8,954	-8,928	-8,899	-8,839	-8,750	-8,634	-0,026	0,168	0,170	0,202	0,176	0,150	0,133	0,122	0,112	0,123	0,144	0,160	0,196	0,210	0,166	0,000	0,000
11,000	-9,891	-9,778	-9,743	-9,608	-9,529	-9,475	-9,444	-9,422	-9,394	-9,372	-9,336	-9,289	-9,222	-9,115	-8,988	0,136	0,146	0,175	0,215	0,204	0,168	0,169	0,159	0,160	0,167	0,192	0,215	0,239	0,246	0,193	0,000	0,000
12,000	-14,223	-14,252	-14,186	-14,143	-14,079	-14,063	-14,052	-14,049	-14,027	-14,041	-14,014	-13,975	-13,919	-13,798	-13,664	-0,003	0,076	0,084	0,105	0,098	0,080	0,084	0,082	0,092	0,099	0,139	0,179	0,219	0,255	0,202	0,000	0,000
13,000	-8,523	-8,492	-8,535	-8,549	-8,541	-8,525	-8,512	-8,500	-8,474	-8,442	-8,397	-8,328	-8,215	-8,065	-7,857	-0,059	-0,056	-0,034	0,013	0,039	0,068	0,097	0,121	0,153	0,190	0,241	0,301	0,350	0,372	0,300	0,000	0,000
14,000	-11,747	-11,436	-11,503	-11,377	-11,365	-11,332	-11,302	-11,300	-11,281	-11,283	-11,268	-11,243	-11,173	-11,048	-10,890	0,341	0,140	0,172	0,142	0,118	0,097	0,100	0,095	0,099	0,112	0,148	0,184	0,240	0,272	0,225	0,000	0,000
15,000	-6,881	-6,691	-6,488	-6,399	-6,327	-6,313	-6,299	-6,281	-6,271	-6,268	-6,254	-6,243	-6,217	-6,167	-6,121	0,939	0,713	0,506	0,288	0,212	0,161	0,131	0,113	0,092	0,085	0,082	0,088	0,098	0,103	0,079	0,000	0,000
	run	6	2022:11:08    11:08:44,687
0,000	-10,685	-10,510	-10,442	-10,422	-10,412	-10,415	-10,409	-10,407	-10,401	-10,409	-10,395	-10,377	-10,340	-10,281	-10,197	0,796	0,472	0,319	0,140	0,094	0,070	0,059	0,055	0,053	0,058	0,079	0,101	0,128	0,142	0,115	0,000	0,000
1,000	-16,703	-16,695	-16,607	-16,434	-16,299	-16,204	-16,142	-16,095	-16,053	-16,022	-15,982	-15,947	-15,905	-15,840	-15,765	-0,037	0,141	0,197	0,299	0,310	0,276	0,264	0,225	0,203	0,187	0,188	0,178	0,174	0,167	0,125	0,000	0,000
2,000	-10,593	-10,596	-10,582	-10,450	-10,341	-10,266	-10,226	-10,180	-10,133	-10,104	-10,047	-9,975	-9,890	-9,761	-9,612	-0,080	0,034	0,101	0,222	0,239	0,219	0,230	0,226	0,228	0,233	0,260	0,286	0,302	0,303	0,226	0,000	0,000
3,000	-20,979	-21,004	-20,944	-20,664	-20,456	-20,330	-20,259	-20,200	-20,156	-20,141	-20,106	-20,071	-20,028	-19,934	-19,831	-0,103	0,149	0,250	0,426	0,420	0,352	0,309	0,264	0,234	0,200	0,188	0,198	0,203	0,206	0,157	0,000	0,000
4,000	-11,226	-11,355	-11,278	-11,267	-11,245	-11,236	-11,236	-11,235	-11,231	-11,215	-11,170	-11,108	-10,989	-10,787	-10,522	-0,372	-0,077	-0,058	0,018	0,027	0,055	0,064	0,090	0,112	0,176	0,255	0,328	0,415	0,464	0,380	0,000	0,000
5,000	-12,622	-12,592	-12,734	-12,785	-12,786	-12,763	-12,750	-12,753	-12,722	-12,715	-12,670	-12,585	-12,448	-12,205	-11,892	-0,093	-0,228	-0,172	-0,036	0,007	0,024	0,074	0,106	0,147	0,196	0,291	0,388	0,485	0,546	0,444	0,000	0,000
6,000	-8,682	-8,700	-8,616	-8,468	-8,371	-8,315	-8,285	-8,250	-8,218	-8,195	-8,144	-8,085	-7,991	-7,838	-7,655	-0,057	0,115	0,161	0,224	0,223	0,196	0,200	0,193	0,204	0,211	0,254	0,291	0,331	0,350	0,274	0,000	0,000
7,000	-6,958	-6,938	-6,914	-6,839	-6,784	-6,755	-6,739	-6,729	-6,711	-6,706	-6,687	-6,663	-6,640	-6,586	-6,521	0,043	0,050	0,084	0,125	0,112	0,090	0,083	0,082	0,076	0,080	0,093	0,100	0,110	0,117	0,084	0,000	0,000
8,000	-19,776	-19,975	-19,973	-20,094	-20,085	-20,142	-20,172	-20,206	-20,227	-20,280	-20,294	-20,315	-20,314	-20,270	-20,214	-0,294	-0,209	-0,176	-0,146	-0,125	-0,143	-0,135	-0,131	-0,118	-0,095	-0,052	-0,014	0,026	0,071	0,073	0,000	0,000
9,000	-9,570	-9,546	-9,484	-9,306	-9,174	-9,056	-8,988	-8,936	-8,878	-8,834	-8,785	-8,722	-8,634	-8,509	-8,358	0,052	0,134	0,214	0,330	0,349	0,321	0,315	0,283	0,274	0,265	0,278	0,293	0,305	0,305	0,230	0,000	0,000
10,000	-9,561	-9,556	-9,417	-9,279	-9,175	-9,141	-9,116	-9,100	-9,078	-9,071	-9,048	-9,021	-8,956	-8,868	-8,750	-0,025	0,191	0,190	0,224	0,191	0,161	0,140	0,136	0,122	0,128	0,149	0,170	0,202	0,218	0,174	0,000	0,000
11,000	-10,044	-9,922	-9,894	-9,750	-9,666	-9,604	-9,575	-9,555	-9,521	-9,505	-9,467	-9,421	-9,349	-9,244	-9,115	0,156	0,168	0,196	0,224	0,213	0,177	0,178	0,165	0,168	0,167	0,192	0,219	0,241	0,254	0,196	0,000	0,000
12,000	-14,388	-14,437	-14,367	-14,327	-14,259	-14,241	-14,232	-14,226	-14,211	-14,219	-14,188	-14,152	-14,102	-13,981	-13,836	-0,015	0,073	0,081	0,103	0,096	0,076	0,077	0,080	0,091	0,104	0,143	0,175	0,219	0,249	0,199	0,000	0,000
13,000	-8,586	-8,566	-8,608	-8,611	-8,599	-8,591	-8,573	-8,558	-8,532	-8,503	-8,454	-8,379	-8,279	-8,118	-7,908	-0,045	-0,049	-0,034	0,016	0,049	0,070	0,102	0,123	0,155	0,194	0,244	0,299	0,354	0,378	0,301	0,000	0,000
14,000	-11,662	-11,350	-11,420	-11,299	-11,278	-11,247	-11,214	-11,213	-11,201	-11,201	-11,179	-11,141	-11,086	-10,968	-10,811	0,338	0,145	0,173	0,141	0,116	0,096	0,097	0,092	0,093	0,109	0,150	0,178	0,232	0,266	0,221	0,000	0,000
15,000	-6,818	-6,638	-6,434	-6,346	-6,280	-6,266	-6,250	-6,235	-6,224	-6,226	-6,210	-6,200	-6,172	-6,121	-6,076	0,934	0,710	0,496	0,281	0,205	0,160	0,134	0,111	0,090	0,087	0,085	0,090	0,103	0,102	0,084	0,000	0,000
	run	7	2022:11:08    11:08:44,734
0,000	-10,715	-10,542	-10,468	-10,442	-10,435	-10,433	-10,436	-10,431	-10,426	-10,432	-10,421	-10,404	-10,370	-10,305	-10,229	0,806	0,470	0,323	0,147	0,096	0,072	0,057	0,054	0,051	0,057	0,071	0,100	0,123	0,137	0,109	0,000	0,000
1,000	-16,703	-16,701	-16,631	-16,456	-16,318	-16,220	-16,163	-16,115	-16,075	-16,047	-16,006	-15,974	-15,925	-15,864	-15,790	-0,016	0,134	0,204	0,294	0,310	0,276	0,258	0,221	0,209	0,183	0,179	0,174	0,165	0,166	0,122	0,000	0,000
2,000	-10,593	-10,596	-10,582	-10,450	-10,341	-10,266	-10,226	-10,180	-10,133	-10,104	-10,047	-9,975	-9,890	-9,761	-9,612	-0,080	0,034	0,101	0,222	0,239	0,219	0,230	0,226	0,228	0,233	0,260	0,286	0,302	0,303	0,226	0,000	0,000
3,000	-20,979	-21,004	-20,944	-20,664	-20,456	-20,330	-20,259	-20,200	-20,156	-20,141	-20,106	-20,071	-20,028	-19,934	-19,831	-0,103	0,149	0,250	0,426	0,420	0,352	0,309	0,264	0,234	0,200	0,188	0,198	0,203	0,206	0,157	0,000	0,000
4,000	-11,226	-11,355	-11,278	-11,267	-11,245	-11,236	-11,236	-11,235	-11,231	-11,215	-11,170	-11,108	-10,989	-10,787	-10,522	-0,372	-0,077	-0,058	0,018	0,027	0,055	0,064	0,090	0,112	0,176	0,255	0,328	0,415	0,464	0,380	0,000	0,000
5,000	-12,622	-12,592	-12,734	-12,785	-12,786	-12,763	-12,750	-12,753	-12,722	-12,715	-12,670	-12,585	-12,448	-12,205	-11,892	-0,093	-0,228	-0,172	-0,036	0,007	0,024	0,074	0,106	0,147	0,196	0,291	0,388	0,485	0,546	0,444	0,000	0,000
6,000	-8,682	-8,700	-8,616	-8,468	-8,371	-8,315	-8,285	-8,250	-8,218	-8,195	-8,144	-8,085	-7,991	-7,838	-7,655	-0,057	0,115	0,161	0,224	0,223	0,196	0,200	0,193	0,204	0,211	0,254	0,291	0,331	0,350	0,274	0,000	0,000
7,000	-6,958	-6,938	-6,914	-6,839	-6,784	-6,755	-6,739	-6,729	-6,711	-6,706	-6,687	-6,663	-6,640	-6,586	-6,521	0,043	0,050	0,084	0,125	0,112	0,090	0,083	0,082	0,076	0,080	0,093	0,100	0,110	0,117	0,084	0,000	0,000
8,000	-19,904	-20,101	-20,115	-20,221	-20,212	-20,269	-20,300	-20,334	-20,364	-20,416	-20,430	-20,447	-20,447	-20,401	-20,336	-0,299	-0,193	-0,186	-0,146	-0,131	-0,138	-0,136	-0,133	-0,114	-0,093	-0,052	-0,009	0,025	0,072	0,069	0,000	0,000
9,000	-9,698	-9,659	-9,579	-9,395	-9,255	-9,141	-9,077	-9,027	-8,963	-8,924	-8,863	-8,802	-8,716	-8,583	-8,437	0,056	0,149	0,216	0,338	0,355	0,327	0,317	0,284	0,273	0,266	0,280	0,300	0,312	0,313	0,228	0,000	0,000
10,000	-9,721	-9,683	-9,543	-9,372	-9,265	-9,229	-9,206	-9,190	-9,169	-9,168	-9,147	-9,111	-9,049	-8,955	-8,833	-0,002	0,224	0,223	0,244	0,201	0,167	0,148	0,135	0,126	0,134	0,157	0,174	0,205	0,218	0,173	0,000	0,000
11,000	-10,143	-10,019	-9,979	-9,828	-9,740	-9,683	-9,653	-9,629	-9,602	-9,577	-9,541	-9,496	-9,424	-9,312	-9,180	0,169	0,189	0,210	0,234	0,220	0,185	0,177	0,167	0,170	0,177	0,196	0,226	0,247	0,262	0,200	0,000	0,000
12,000	-14,606	-14,631	-14,559	-14,527	-14,466	-14,444	-14,440	-14,433	-14,412	-14,417	-14,393	-14,351	-14,299	-14,178	-14,028	-0,017	0,077	0,082	0,106	0,100	0,088	0,088	0,085	0,093	0,107	0,152	0,185	0,229	0,256	0,208	0,000	0,000
13,000	-8,644	-8,612	-8,657	-8,659	-8,659	-8,638	-8,628	-8,611	-8,582	-8,550	-8,499	-8,429	-8,324	-8,163	-7,954	-0,030	-0,051	-0,029	0,021	0,044	0,070	0,098	0,121	0,161	0,199	0,250	0,306	0,358	0,376	0,301	0,000	0,000
14,000	-11,719	-11,395	-11,469	-11,329	-11,319	-11,272	-11,253	-11,255	-11,237	-11,234	-11,213	-11,183	-11,129	-11,011	-10,847	0,326	0,154	0,164	0,142	0,125	0,097	0,101	0,090	0,101	0,117	0,151	0,184	0,236	0,276	0,220	0,000	0,000
15,000	-6,840	-6,648	-6,449	-6,357	-6,288	-6,275	-6,259	-6,244	-6,230	-6,232	-6,216	-6,206	-6,179	-6,129	-6,085	0,928	0,712	0,495	0,286	0,208	0,156	0,128	0,112	0,092	0,088	0,086	0,088	0,093	0,100	0,081	0,000	0,000
	run	8	2022:11:08    11:08:44,834
0,000	-10,850	-10,652	-10,583	-10,564	-10,554	-10,554	-10,561	-10,554	-10,546	-10,555	-10,552	-10,524	-10,495	-10,433	-10,355	0,825	0,475	0,326	0,144	0,095	0,066	0,060	0,055	0,054	0,055	0,075	0,098	0,125	0,136	0,109	0,000	0,000
1,000	-16,847	-16,861	-16,760	-16,588	-16,446	-16,341	-16,290	-16,245	-16,198	-16,171	-16,130	-16,096	-16,057	-15,989	-15,919	-0,029	0,166	0,199	0,306	0,313	0,286	0,261	0,224	0,209	0,185	0,173	0,177	0,165	0,166	0,118	0,000	0,000
2,000	-10,517	-10,536	-10,527	-10,395	-10,296	-10,221	-10,173	-10,141	-10,091	-10,061	-10,003	-9,938	-9,855	-9,722	-9,578	-0,089	0,020	0,086	0,209	0,226	0,213	0,218	0,218	0,224	0,232	0,262	0,279	0,297	0,297	0,226	0,000	0,000
3,000	-20,525	-20,573	-20,528	-20,263	-20,082	-19,949	-19,882	-19,821	-19,776	-19,763	-19,727	-19,693	-19,650	-19,565	-19,464	-0,117	0,101	0,214	0,393	0,398	0,334	0,297	0,268	0,224	0,188	0,181	0,193	0,197	0,203	0,155	0,000	0,000
4,000	-10,930	-11,041	-10,942	-10,934	-10,896	-10,888	-10,892	-10,889	-10,886	-10,868	-10,835	-10,774	-10,657	-10,468	-10,214	-0,371	-0,060	-0,060	0,025	0,041	0,059	0,066	0,086	0,109	0,164	0,245	0,311	0,397	0,444	0,362	0,000	0,000
5,000	-12,258	-12,217	-12,392	-12,421	-12,431	-12,416	-12,396	-12,397	-12,376	-12,364	-12,321	-12,236	-12,107	-11,874	-11,578	-0,086	-0,222	-0,164	-0,041	0,002	0,024	0,070	0,097	0,143	0,186	0,265	0,371	0,466	0,517	0,422	0,000	0,000
6,000	-8,620	-8,625	-8,540	-8,409	-8,321	-8,256	-8,224	-8,196	-8,163	-8,133	-8,094	-8,022	-7,935	-7,777	-7,603	-0,060	0,104	0,151	0,221	0,218	0,195	0,196	0,195	0,200	0,212	0,257	0,289	0,327	0,349	0,268	0,000	0,000
7,000	-7,008	-6,956	-6,950	-6,858	-6,801	-6,779	-6,758	-6,746	-6,735	-6,726	-6,708	-6,691	-6,662	-6,606	-6,546	0,042	0,069	0,093	0,123	0,110	0,092	0,089	0,078	0,074	0,081	0,087	0,103	0,111	0,118	0,092	0,000	0,000
8,000	-20,010	-20,225	-20,235	-20,373	-20,361	-20,410	-20,456	-20,477	-20,514	-20,563	-20,580	-20,589	-20,597	-20,548	-20,488	-0,302	-0,207	-0,197	-0,154	-0,136	-0,144	-0,142	-0,136	-0,121	-0,095	-0,045	-0,010	0,025	0,074	0,072	0,000	0,000
9,000	-9,748	-9,734	-9,656	-9,471	-9,326	-9,208	-9,143	-9,092	-9,033	-8,989	-8,934	-8,870	-8,785	-8,656	-8,502	0,058	0,160	0,220	0,349	0,352	0,329	0,313	0,287	0,278	0,269	0,280	0,300	0,309	0,313	0,233	0,000	0,000
10,000	-9,676	-9,681	-9,529	-9,362	-9,256	-9,216	-9,192	-9,176	-9,156	-9,152	-9,126	-9,096	-9,036	-8,932	-8,822	-0,021	0,217	0,225	0,241	0,200	0,173	0,144	0,134	0,124	0,135	0,154	0,174	0,208	0,223	0,180	0,000	0,000
11,000	-10,141	-10,031	-9,998	-9,843	-9,752	-9,697	-9,661	-9,644	-9,608	-9,595	-9,554	-9,504	-9,437	-9,322	-9,185	0,163	0,188	0,199	0,235	0,221	0,187	0,180	0,165	0,168	0,172	0,202	0,226	0,254	0,261	0,201	0,000	0,000
12,000	-14,664	-14,681	-14,626	-14,578	-14,518	-14,495	-14,487	-14,481	-14,463	-14,476	-14,439	-14,402	-14,351	-14,224	-14,087	-0,010	0,072	0,083	0,107	0,099	0,078	0,085	0,082	0,098	0,107	0,146	0,186	0,226	0,255	0,208	0,000	0,000
13,000	-8,680	-8,645	-8,692	-8,686	-8,681	-8,669	-8,654	-8,646	-8,618	-8,585	-8,531	-8,460	-8,356	-8,189	-7,984	-0,043	-0,042	-0,034	0,017	0,048	0,073	0,098	0,124	0,156	0,193	0,252	0,304	0,360	0,379	0,303	0,000	0,000
14,000	-11,820	-11,491	-11,557	-11,432	-11,418	-11,374	-11,355	-11,347	-11,336	-11,326	-11,318	-11,285	-11,217	-11,107	-10,946	0,343	0,143	0,163	0,148	0,124	0,095	0,099	0,095	0,107	0,115	0,148	0,184	0,240	0,273	0,224	0,000	0,000
15,000	-6,918	-6,723	-6,530	-6,436	-6,366	-6,348	-6,336	-6,321	-6,302	-6,305	-6,297	-6,280	-6,251	-6,200	-6,159	0,938	0,719	0,505	0,282	0,211	0,167	0,135	0,118	0,090	0,087	0,085	0,086	0,102	0,104	0,081	0,000	0,000
	run	9	2022:11:08    11:08:44,886
0,000	-10,850	-10,652	-10,583	-10,564	-10,554	-10,554	-10,561	-10,554	-10,546	-10,555	-10,552	-10,524	-10,495	-10,433	-10,355	0,825	0,475	0,326	0,144	0,095	0,066	0,060	0,055	0,054	0,055	0,075	0,098	0,125	0,136	0,109	0,000	0,000
1,000	-16,847	-16,861	-16,760	-16,588	-16,446	-16,341	-16,290	-16,245	-16,198	-16,171	-16,130	-16,096	-16,057	-15,989	-15,919	-0,029	0,166	0,199	0,306	0,313	0,286	0,261	0,224	0,209	0,185	0,173	0,177	0,165	0,166	0,118	0,000	0,000
2,000	-10,517	-10,536	-10,527	-10,395	-10,296	-10,221	-10,173	-10,141	-10,091	-10,061	-10,003	-9,938	-9,855	-9,722	-9,578	-0,089	0,020	0,086	0,209	0,226	0,213	0,218	0,218	0,224	0,232	0,262	0,279	0,297	0,297	0,226	0,000	0,000
3,000	-20,525	-20,573	-20,528	-20,263	-20,082	-19,949	-19,882	-19,821	-19,776	-19,763	-19,727	-19,693	-19,650	-19,565	-19,464	-0,117	0,101	0,214	0,393	0,398	0,334	0,297	0,268	0,224	0,188	0,181	0,193	0,197	0,203	0,155	0,000	0,000
4,000	-10,930	-11,041	-10,942	-10,934	-10,896	-10,888	-10,892	-10,889	-10,886	-10,868	-10,835	-10,774	-10,657	-10,468	-10,214	-0,371	-0,060	-0,060	0,025	0,041	0,059	0,066	0,086	0,109	0,164	0,245	0,311	0,397	0,444	0,362	0,000	0,000
5,000	-12,258	-12,217	-12,392	-12,421	-12,431	-12,416	-12,396	-12,397	-12,376	-12,364	-12,321	-12,236	-12,107	-11,874	-11,578	-0,086	-0,222	-0,164	-0,041	0,002	0,024	0,070	0,097	0,143	0,186	0,265	0,371	0,466	0,517	0,422	0,000	0,000
6,000	-8,590	-8,607	-8,511	-8,401	-8,299	-8,244	-8,212	-8,181	-8,141	-8,126	-8,074	-8,007	-7,922	-7,766	-7,587	-0,069	0,109	0,148	0,219	0,218	0,193	0,193	0,193	0,199	0,215	0,249	0,293	0,328	0,350	0,270	0,000	0,000
7,000	-7,000	-6,961	-6,949	-6,864	-6,811	-6,774	-6,763	-6,747	-6,731	-6,731	-6,713	-6,690	-6,662	-6,614	-6,552	0,045	0,068	0,092	0,130	0,116	0,084	0,085	0,083	0,084	0,081	0,086	0,100	0,111	0,120	0,087	0,000	0,000
8,000	-20,019	-20,226	-20,228	-20,364	-20,352	-20,408	-20,440	-20,473	-20,494	-20,555	-20,564	-20,581	-20,583	-20,541	-20,480	-0,294	-0,203	-0,201	-0,152	-0,133	-0,140	-0,140	-0,136	-0,116	-0,096	-0,059	-0,009	0,023	0,067	0,068	0,000	0,000
9,000	-9,714	-9,676	-9,609	-9,402	-9,269	-9,147	-9,086	-9,025	-8,972	-8,929	-8,874	-8,809	-8,722	-8,591	-8,438	0,053	0,154	0,237	0,347	0,357	0,332	0,317	0,292	0,282	0,273	0,285	0,299	0,317	0,317	0,234	0,000	0,000
10,000	-9,682	-9,654	-9,514	-9,351	-9,247	-9,206	-9,188	-9,166	-9,147	-9,148	-9,124	-9,091	-9,030	-8,931	-8,820	-0,008	0,212	0,227	0,243	0,197	0,166	0,146	0,137	0,126	0,135	0,153	0,171	0,206	0,222	0,174	0,000	0,000
11,000	-10,096	-9,981	-9,939	-9,782	-9,698	-9,642	-9,612	-9,593	-9,561	-9,544	-9,503	-9,458	-9,387	-9,275	-9,140	0,157	0,181	0,210	0,223	0,218	0,181	0,185	0,164	0,165	0,175	0,200	0,227	0,246	0,260	0,198	0,000	0,000
12,000	-14,530	-14,569	-14,510	-14,460	-14,404	-14,385	-14,372	-14,365	-14,345	-14,363	-14,331	-14,281	-14,232	-14,118	-13,976	-0,020	0,069	0,082	0,105	0,098	0,084	0,085	0,082	0,090	0,105	0,142	0,185	0,224	0,250	0,205	0,000	0,000
13,000	-8,699	-8,634	-8,693	-8,690	-8,692	-8,670	-8,657	-8,647	-8,615	-8,584	-8,538	-8,470	-8,352	-8,190	-7,984	-0,037	-0,045	-0,034	0,020	0,048	0,067	0,099	0,126	0,156	0,195	0,253	0,310	0,360	0,378	0,304	0,000	0,000
14,000	-11,920	-11,617	-11,679	-11,555	-11,527	-11,492	-11,469	-11,464	-11,451	-11,438	-11,419	-11,382	-11,327	-11,207	-11,048	0,321	0,143	0,171	0,151	0,127	0,097	0,103	0,096	0,102	0,115	0,153	0,192	0,242	0,276	0,230	0,000	0,000
15,000	-6,997	-6,778	-6,582	-6,485	-6,416	-6,404	-6,392	-6,375	-6,360	-6,360	-6,346	-6,332	-6,308	-6,266	-6,213	0,980	0,735	0,519	0,291	0,213	0,166	0,136	0,119	0,098	0,088	0,086	0,093	0,097	0,100	0,079	0,000	0,000
	run	10	2022:11:08    11:08:44,987
0,000	-10,920	-10,750	-10,680	-10,653	-10,638	-10,649	-10,643	-10,639	-10,634	-10,637	-10,629	-10,616	-10,581	-10,515	-10,441	0,820	0,479	0,326	0,153	0,097	0,066	0,057	0,050	0,058	0,053	0,072	0,100	0,120	0,132	0,114	0,000	0,000
1,000	-16,892	-16,896	-16,802	-16,620	-16,493	-16,387	-16,332	-16,281	-16,238	-16,206	-16,167	-16,134	-16,092	-16,029	-15,955	-0,021	0,153	0,205	0,304	0,319	0,280	0,264	0,230	0,209	0,186	0,182	0,179	0,170	0,166	0,124	0,000	0,000
2,000	-10,510	-10,508	-10,500	-10,377	-10,272	-10,198	-10,157	-10,117	-10,072	-10,040	-9,982	-9,910	-9,830	-9,698	-9,559	-0,079	0,021	0,098	0,214	0,233	0,214	0,228	0,224	0,230	0,229	0,257	0,277	0,296	0,297	0,224	0,000	0,000
3,000	-20,570	-20,602	-20,560	-20,291	-20,099	-19,971	-19,908	-19,843	-19,792	-19,780	-19,746	-19,713	-19,667	-19,579	-19,477	-0,144	0,127	0,212	0,400	0,402	0,345	0,305	0,263	0,231	0,191	0,184	0,198	0,194	0,209	0,154	0,000	0,000
4,000	-10,934	-11,041	-10,955	-10,948	-10,909	-10,900	-10,906	-10,903	-10,896	-10,877	-10,852	-10,785	-10,674	-10,478	-10,229	-0,357	-0,061	-0,054	0,027	0,036	0,049	0,066	0,086	0,109	0,164	0,238	0,311	0,391	0,445	0,365	0,000	0,000
5,000	-12,267	-12,233	-12,392	-12,425	-12,432	-12,410	-12,393	-12,399	-12,366	-12,362	-12,315	-12,230	-12,108	-11,872	-11,572	-0,090	-0,230	-0,163	-0,031	0,009	0,026	0,068	0,098	0,146	0,193	0,270	0,375	0,465	0,525	0,426	0,000	0,000
6,000	-8,612	-8,618	-8,536	-8,407	-8,308	-8,249	-8,216	-8,189	-8,148	-8,129	-8,082	-8,019	-7,927	-7,777	-7,596	-0,051	0,111	0,155	0,216	0,222	0,195	0,198	0,194	0,200	0,214	0,253	0,289	0,318	0,340	0,270	0,000	0,000
7,000	-6,977	-6,932	-6,928	-6,835	-6,792	-6,759	-6,745	-6,737	-6,718	-6,716	-6,699	-6,671	-6,648	-6,593	-6,531	0,047	0,044	0,086	0,127	0,110	0,088	0,087	0,082	0,078	0,078	0,085	0,099	0,112	0,115	0,080	0,000	0,000
8,000	-19,917	-20,102	-20,106	-20,224	-20,218	-20,268	-20,298	-20,334	-20,360	-20,416	-20,430	-20,441	-20,447	-20,402	-20,336	-0,289	-0,181	-0,184	-0,141	-0,131	-0,140	-0,133	-0,128	-0,120	-0,099	-0,049	-0,011	0,022	0,069	0,068	0,000	0,000
9,000	-9,641	-9,592	-9,516	-9,333	-9,198	-9,081	-9,019	-8,968	-8,904	-8,865	-8,806	-8,744	-8,658	-8,532	-8,380	0,048	0,143	0,220	0,338	0,350	0,329	0,313	0,287	0,274	0,267	0,279	0,298	0,308	0,310	0,234	0,000	0,000
10,000	-9,600	-9,599	-9,463	-9,306	-9,211	-9,169	-9,147	-9,128	-9,110	-9,114	-9,090	-9,052	-8,996	-8,897	-8,786	0,003	0,198	0,202	0,227	0,195	0,166	0,144	0,127	0,117	0,132	0,149	0,171	0,204	0,219	0,175	0,000	0,000
11,000	-10,046	-9,932	-9,891	-9,744	-9,658	-9,603	-9,573	-9,551	-9,518	-9,502	-9,463	-9,417	-9,347	-9,235	-9,104	0,161	0,176	0,190	0,224	0,215	0,172	0,177	0,162	0,166	0,175	0,193	0,220	0,247	0,256	0,199	0,000	0,000
12,000	-14,473	-14,506	-14,439	-14,401	-14,337	-14,317	-14,310	-14,300	-14,286	-14,293	-14,256	-14,225	-14,167	-14,052	-13,911	-0,008	0,078	0,091	0,104	0,105	0,081	0,084	0,087	0,099	0,106	0,148	0,188	0,225	0,256	0,204	0,000	0,000
13,000	-8,679	-8,620	-8,678	-8,674	-8,675	-8,657	-8,638	-8,630	-8,606	-8,571	-8,522	-8,455	-8,345	-8,186	-7,986	-0,033	-0,051	-0,037	0,018	0,047	0,069	0,096	0,119	0,150	0,195	0,248	0,304	0,357	0,373	0,299	0,000	0,000
14,000	-12,022	-11,735	-11,773	-11,645	-11,625	-11,590	-11,570	-11,562	-11,543	-11,536	-11,520	-11,473	-11,422	-11,302	-11,136	0,316	0,158	0,172	0,142	0,125	0,100	0,106	0,097	0,102	0,128	0,146	0,198	0,239	0,285	0,223	0,000	0,000
15,000	-7,027	-6,800	-6,611	-6,507	-6,442	-6,424	-6,414	-6,397	-6,380	-6,381	-6,369	-6,354	-6,329	-6,280	-6,235	0,976	0,729	0,520	0,293	0,215	0,163	0,138	0,115	0,095	0,091	0,084	0,088	0,100	0,100	0,079	0,000	0,000
	run	11	2022:11:08    11:08:45,086
0,000	-10,913	-10,725	-10,649	-10,633	-10,624	-10,626	-10,622	-10,617	-10,613	-10,617	-10,610	-10,595	-10,556	-10,493	-10,414	0,836	0,478	0,329	0,144	0,100	0,064	0,059	0,054	0,056	0,058	0,075	0,099	0,126	0,144	0,108	0,000	0,000
1,000	-16,916	-16,923	-16,833	-16,657	-16,511	-16,406	-16,350	-16,307	-16,254	-16,231	-16,186	-16,156	-16,117	-16,049	-15,977	0,008	0,164	0,218	0,314	0,322	0,287	0,264	0,234	0,210	0,183	0,181	0,173	0,170	0,166	0,121	0,000	0,000
2,000	-10,667	-10,679	-10,661	-10,529	-10,422	-10,346	-10,304	-10,264	-10,214	-10,180	-10,118	-10,049	-9,966	-9,830	-9,682	-0,087	0,038	0,109	0,227	0,241	0,225	0,228	0,228	0,233	0,234	0,260	0,293	0,304	0,311	0,231	0,000	0,000
3,000	-21,059	-21,068	-21,023	-20,720	-20,511	-20,378	-20,310	-20,249	-20,200	-20,188	-20,153	-20,125	-20,076	-19,986	-19,879	-0,110	0,156	0,252	0,432	0,430	0,355	0,315	0,273	0,237	0,195	0,190	0,200	0,202	0,209	0,158	0,000	0,000
4,000	-11,278	-11,392	-11,289	-11,300	-11,272	-11,265	-11,272	-11,270	-11,267	-11,239	-11,212	-11,143	-11,021	-10,826	-10,562	-0,370	-0,065	-0,056	0,020	0,031	0,045	0,066	0,087	0,112	0,168	0,245	0,329	0,409	0,461	0,382	0,000	0,000
5,000	-12,627	-12,586	-12,747	-12,787	-12,787	-12,767	-12,750	-12,754	-12,723	-12,722	-12,680	-12,593	-12,453	-12,203	-11,896	-0,095	-0,228	-0,158	-0,031	0,004	0,025	0,071	0,100	0,150	0,195	0,286	0,387	0,489	0,544	0,442	0,000	0,000
6,000	-8,694	-8,700	-8,614	-8,477	-8,369	-8,312	-8,290	-8,256	-8,215	-8,196	-8,146	-8,075	-7,991	-7,840	-7,660	-0,052	0,109	0,168	0,231	0,224	0,201	0,200	0,199	0,204	0,214	0,252	0,291	0,326	0,347	0,269	0,000	0,000
7,000	-6,976	-6,904	-6,900	-6,828	-6,777	-6,750	-6,733	-6,726	-6,699	-6,699	-6,687	-6,662	-6,633	-6,581	-6,524	0,030	0,044	0,084	0,119	0,098	0,086	0,086	0,080	0,077	0,073	0,085	0,098	0,107	0,111	0,082	0,000	0,000
8,000	-19,636	-19,849	-19,845	-19,951	-19,945	-19,997	-20,029	-20,064	-20,096	-20,142	-20,157	-20,174	-20,178	-20,137	-20,072	-0,296	-0,177	-0,176	-0,144	-0,123	-0,133	-0,134	-0,130	-0,112	-0,096	-0,045	-0,007	0,023	0,069	0,065	0,000	0,000
9,000	-9,560	-9,513	-9,458	-9,289	-9,162	-9,041	-8,976	-8,923	-8,869	-8,822	-8,772	-8,709	-8,625	-8,497	-8,350	0,039	0,132	0,200	0,323	0,337	0,319	0,306	0,281	0,274	0,264	0,278	0,296	0,308	0,300	0,235	0,000	0,000
10,000	-9,502	-9,499	-9,358	-9,213	-9,115	-9,074	-9,054	-9,036	-9,017	-9,016	-8,992	-8,957	-8,899	-8,807	-8,693	-0,025	0,180	0,185	0,225	0,187	0,156	0,140	0,131	0,119	0,128	0,145	0,171	0,201	0,215	0,170	0,000	0,000
11,000	-10,028	-9,918	-9,878	-9,737	-9,648	-9,598	-9,566	-9,543	-9,513	-9,497	-9,457	-9,411	-9,341	-9,232	-9,106	0,158	0,171	0,190	0,220	0,211	0,174	0,175	0,160	0,166	0,168	0,193	0,222	0,241	0,250	0,191	0,000	0,000
12,000	-14,440	-14,471	-14,406	-14,360	-14,302	-14,283	-14,273	-14,265	-14,244	-14,259	-14,233	-14,187	-14,131	-14,012	-13,874	-0,020	0,079	0,084	0,107	0,101	0,085	0,082	0,086	0,094	0,105	0,150	0,188	0,222	0,255	0,202	0,000	0,000
13,000	-8,632	-8,613	-8,643	-8,655	-8,649	-8,641	-8,620	-8,609	-8,580	-8,548	-8,499	-8,431	-8,324	-8,165	-7,963	-0,057	-0,049	-0,031	0,015	0,045	0,068	0,101	0,122	0,155	0,196	0,248	0,298	0,352	0,376	0,301	0,000	0,000
14,000	-11,888	-11,569	-11,657	-11,516	-11,499	-11,461	-11,437	-11,436	-11,420	-11,409	-11,409	-11,364	-11,296	-11,179	-11,020	0,379	0,130	0,172	0,148	0,125	0,100	0,098	0,091	0,099	0,115	0,154	0,192	0,242	0,274	0,228	0,000	0,000
15,000	-6,954	-6,734	-6,551	-6,449	-6,379	-6,363	-6,351	-6,339	-6,322	-6,321	-6,308	-6,295	-6,266	-6,223	-6,175	0,968	0,720	0,512	0,292	0,213	0,163	0,137	0,113	0,093	0,093	0,084	0,091	0,104	0,103	0,081	0,000	0,000
	run	12	2022:11:08    11:08:45,135
0,000	-10,804	-10,623	-10,559	-10,534	-10,525	-10,525	-10,522	-10,522	-10,522	-10,523	-10,515	-10,494	-10,464	-10,393	-10,314	0,825	0,473	0,319	0,143	0,095	0,063	0,058	0,054	0,054	0,062	0,076	0,106	0,132	0,138	0,109	0,000	0,000
1,000	-17,088	-17,075	-16,978	-16,781	-16,632	-16,525	-16,468	-16,417	-16,376	-16,344	-16,297	-16,267	-16,226	-16,159	-16,080	0,017	0,181	0,238	0,330	0,338	0,298	0,273	0,233	0,215	0,196	0,188	0,185	0,176	0,172	0,127	0,000	0,000
2,000	-10,667	-10,679	-10,661	-10,529	-10,422	-10,346	-10,304	-10,264	-10,214	-10,180	-10,118	-10,049	-9,966	-9,830	-9,682	-0,087	0,038	0,109	0,227	0,241	0,225	0,228	0,228	0,233	0,234	0,260	0,293	0,304	0,311	0,231	0,000	0,000
3,000	-21,059	-21,068	-21,023	-20,720	-20,511	-20,378	-20,310	-20,249	-20,200	-20,188	-20,153	-20,125	-20,076	-19,986	-19,879	-0,110	0,156	0,252	0,432	0,430	0,355	0,315	0,273	0,237	0,195	0,190	0,200	0,202	0,209	0,158	0,000	0,000
4,000	-11,278	-11,392	-11,289	-11,300	-11,272	-11,265	-11,272	-11,270	-11,267	-11,239	-11,212	-11,143	-11,021	-10,826	-10,562	-0,370	-0,065	-0,056	0,020	0,031	0,045	0,066	0,087	0,112	0,168	0,245	0,329	0,409	0,461	0,382	0,000	0,000
5,000	-12,627	-12,586	-12,747	-12,787	-12,787	-12,767	-12,750	-12,754	-12,723	-12,722	-12,680	-12,593	-12,453	-12,203	-11,896	-0,095	-0,228	-0,158	-0,031	0,004	0,025	0,071	0,100	0,150	0,195	0,286	0,387	0,489	0,544	0,442	0,000	0,000
6,000	-8,694	-8,700	-8,614	-8,477	-8,369	-8,312	-8,290	-8,256	-8,215	-8,196	-8,146	-8,075	-7,991	-7,840	-7,660	-0,052	0,109	0,168	0,231	0,224	0,201	0,200	0,199	0,204	0,214	0,252	0,291	0,326	0,347	0,269	0,000	0,000
7,000	-6,976	-6,904	-6,900	-6,828	-6,777	-6,750	-6,733	-6,726	-6,699	-6,699	-6,687	-6,662	-6,633	-6,581	-6,524	0,030	0,044	0,084	0,119	0,098	0,086	0,086	0,080	0,077	0,073	0,085	0,098	0,107	0,111	0,082	0,000	0,000
8,000	-19,677	-19,898	-19,878	-19,992	-19,983	-20,029	-20,067	-20,101	-20,122	-20,177	-20,196	-20,213	-20,210	-20,166	-20,109	-0,304	-0,172	-0,181	-0,142	-0,123	-0,135	-0,128	-0,131	-0,115	-0,097	-0,050	-0,007	0,025	0,066	0,064	0,000	0,000
9,000	-9,534	-9,486	-9,432	-9,265	-9,128	-9,020	-8,955	-8,904	-8,844	-8,804	-8,748	-8,685	-8,599	-8,479	-8,332	0,054	0,121	0,205	0,316	0,333	0,309	0,301	0,279	0,266	0,258	0,272	0,288	0,304	0,300	0,226	0,000	0,000
10,000	-9,482	-9,470	-9,343	-9,208	-9,109	-9,068	-9,051	-9,033	-9,012	-9,012	-8,986	-8,949	-8,895	-8,800	-8,690	-0,039	0,175	0,186	0,211	0,179	0,152	0,138	0,121	0,120	0,123	0,146	0,170	0,195	0,213	0,170	0,000	0,000
11,000	-9,983	-9,883	-9,837	-9,696	-9,616	-9,556	-9,529	-9,513	-9,474	-9,456	-9,422	-9,371	-9,305	-9,194	-9,068	0,149	0,163	0,185	0,216	0,207	0,171	0,170	0,160	0,168	0,164	0,195	0,220	0,242	0,251	0,188	0,000	0,000
12,000	-14,314	-14,343	-14,287	-14,239	-14,181	-14,160	-14,157	-14,151	-14,128	-14,137	-14,108	-14,063	-14,014	-13,904	-13,765	-0,015	0,071	0,088	0,100	0,100	0,079	0,087	0,077	0,094	0,103	0,142	0,189	0,220	0,249	0,198	0,000	0,000
13,000	-8,550	-8,514	-8,563	-8,563	-8,564	-8,549	-8,537	-8,519	-8,493	-8,463	-8,413	-8,345	-8,236	-8,082	-7,876	-0,049	-0,047	-0,030	0,020	0,038	0,073	0,096	0,119	0,155	0,193	0,245	0,301	0,351	0,373	0,297	0,000	0,000
14,000	-11,673	-11,341	-11,427	-11,300	-11,292	-11,257	-11,226	-11,225	-11,210	-11,200	-11,210	-11,155	-11,089	-10,982	-10,816	0,355	0,143	0,170	0,135	0,128	0,094	0,100	0,090	0,091	0,110	0,156	0,185	0,229	0,269	0,221	0,000	0,000
15,000	-6,856	-6,655	-6,468	-6,377	-6,309	-6,292	-6,277	-6,260	-6,248	-6,248	-6,236	-6,223	-6,198	-6,148	-6,102	0,956	0,712	0,500	0,285	0,210	0,159	0,133	0,115	0,092	0,086	0,085	0,091	0,103	0,105	0,081	0,000	0,000
	run	13	2022:11:08    11:08:45,234
0,000	-10,880	-10,708	-10,626	-10,612	-10,594	-10,599	-10,595	-10,588	-10,592	-10,590	-10,583	-10,563	-10,527	-10,465	-10,377	0,818	0,477	0,324	0,141	0,092	0,073	0,066	0,059	0,054	0,062	0,076	0,106	0,133	0,145	0,115	0,000	0,000
1,000	-17,183	-17,176	-17,081	-16,888	-16,735	-16,626	-16,570	-16,521	-16,475	-16,444	-16,412	-16,369	-16,330	-16,257	-16,181	-0,003	0,178	0,230	0,330	0,334	0,304	0,275	0,240	0,223	0,196	0,189	0,188	0,176	0,173	0,125	0,000	0,000
2,000	-10,860	-10,872	-10,843	-10,695	-10,592	-10,512	-10,467	-10,433	-10,378	-10,346	-10,287	-10,213	-10,121	-9,989	-9,826	-0,079	0,042	0,123	0,239	0,255	0,236	0,237	0,228	0,242	0,251	0,270	0,296	0,317	0,319	0,245	0,000	0,000
3,000	-21,412	-21,415	-21,356	-21,015	-20,810	-20,678	-20,605	-20,544	-20,495	-20,483	-20,445	-20,412	-20,365	-20,270	-20,164	-0,067	0,193	0,301	0,466	0,451	0,371	0,323	0,278	0,243	0,199	0,193	0,202	0,211	0,212	0,161	0,000	0,000
4,000	-11,390	-11,514	-11,430	-11,446	-11,407	-11,403	-11,411	-11,399	-11,400	-11,374	-11,341	-11,275	-11,147	-10,940	-10,675	-0,376	-0,080	-0,073	0,012	0,028	0,045	0,070	0,086	0,113	0,179	0,260	0,343	0,420	0,477	0,392	0,000	0,000
5,000	-12,740	-12,696	-12,857	-12,900	-12,901	-12,873	-12,862	-12,867	-12,833	-12,830	-12,784	-12,698	-12,554	-12,308	-11,995	-0,103	-0,226	-0,159	-0,024	0,012	0,029	0,074	0,100	0,153	0,197	0,286	0,391	0,496	0,547	0,441	0,000	0,000
6,000	-8,717	-8,714	-8,634	-8,491	-8,387	-8,335	-8,304	-8,275	-8,239	-8,214	-8,164	-8,101	-8,015	-7,857	-7,676	-0,054	0,115	0,167	0,235	0,224	0,196	0,204	0,193	0,208	0,212	0,256	0,290	0,325	0,345	0,272	0,000	0,000
7,000	-6,927	-6,881	-6,882	-6,811	-6,759	-6,732	-6,708	-6,697	-6,677	-6,681	-6,662	-6,639	-6,612	-6,565	-6,507	0,051	0,037	0,071	0,118	0,105	0,082	0,087	0,080	0,076	0,073	0,082	0,098	0,103	0,108	0,084	0,000	0,000
8,000	-19,655	-19,865	-19,847	-19,965	-19,946	-20,002	-20,035	-20,066	-20,103	-20,146	-20,161	-20,181	-20,182	-20,135	-20,080	-0,297	-0,175	-0,178	-0,136	-0,117	-0,141	-0,136	-0,133	-0,116	-0,100	-0,051	-0,010	0,022	0,069	0,067	0,000	0,000
9,000	-9,472	-9,456	-9,389	-9,227	-9,093	-8,976	-8,910	-8,859	-8,804	-8,763	-8,700	-8,640	-8,559	-8,440	-8,293	0,044	0,132	0,198	0,323	0,337	0,312	0,305	0,278	0,269	0,259	0,272	0,290	0,302	0,297	0,226	0,000	0,000
10,000	-9,453	-9,452	-9,321	-9,184	-9,090	-9,056	-9,034	-9,013	-8,994	-8,990	-8,974	-8,937	-8,880	-8,787	-8,675	-0,029	0,167	0,187	0,209	0,182	0,157	0,137	0,122	0,118	0,124	0,144	0,165	0,197	0,209	0,170	0,000	0,000
11,000	-9,944	-9,837	-9,810	-9,659	-9,588	-9,527	-9,500	-9,482	-9,448	-9,430	-9,392	-9,349	-9,281	-9,171	-9,044	0,132	0,164	0,187	0,213	0,208	0,171	0,170	0,161	0,165	0,169	0,189	0,218	0,239	0,247	0,192	0,000	0,000
12,000	-14,235	-14,264	-14,191	-14,145	-14,084	-14,066	-14,061	-14,048	-14,032	-14,039	-14,015	-13,975	-13,918	-13,804	-13,671	-0,009	0,083	0,081	0,100	0,099	0,082	0,083	0,082	0,092	0,103	0,138	0,184	0,216	0,251	0,193	0,000	0,000
13,000	-8,474	-8,455	-8,498	-8,504	-8,497	-8,486	-8,470	-8,457	-8,429	-8,399	-8,352	-8,284	-8,179	-8,020	-7,820	-0,047	-0,047	-0,036	0,014	0,042	0,063	0,095	0,122	0,157	0,191	0,237	0,296	0,348	0,368	0,294	0,000	0,000
14,000	-11,566	-11,251	-11,336	-11,195	-11,185	-11,147	-11,124	-11,125	-11,105	-11,101	-11,078	-11,045	-10,990	-10,875	-10,715	0,345	0,138	0,161	0,148	0,114	0,095	0,099	0,094	0,099	0,104	0,149	0,184	0,228	0,270	0,219	0,000	0,000
15,000	-6,905	-6,701	-6,512	-6,408	-6,346	-6,324	-6,318	-6,299	-6,281	-6,286	-6,271	-6,257	-6,231	-6,181	-6,134	0,957	0,709	0,514	0,285	0,208	0,159	0,132	0,117	0,096	0,091	0,088	0,088	0,105	0,106	0,085	0,000	0,000
	run	14	2022:11:08    11:08:45,287
0,000	-10,880	-10,708	-10,626	-10,612	-10,594	-10,599	-10,595	-10,588	-10,592	-10,590	-10,583	-10,563	-10,527	-10,465	-10,377	0,818	0,477	0,324	0,141	0,092	0,073	0,066	0,059	0,054	0,062	0,076	0,106	0,133	0,145	0,115	0,000	0,000
1,000	-17,183	-17,176	-17,081	-16,888	-16,735	-16,626	-16,570	-16,521	-16,475	-16,444	-16,412	-16,369	-16,330	-16,257	-16,181	-0,003	0,178	0,230	0,330	0,334	0,304	0,275	0,240	0,223	0,196	0,189	0,188	0,176	0,173	0,125	0,000	0,000
2,000	-10,860	-10,872	-10,843	-10,695	-10,592	-10,512	-10,467	-10,433	-10,378	-10,346	-10,287	-10,213	-10,121	-9,989	-9,826	-0,079	0,042	0,123	0,239	0,255	0,236	0,237	0,228	0,242	0,251	0,270	0,296	0,317	0,319	0,245	0,000	0,000
3,000	-21,412	-21,415	-21,356	-21,015	-20,810	-20,678	-20,605	-20,544	-20,495	-20,483	-20,445	-20,412	-20,365	-20,270	-20,164	-0,067	0,193	0,301	0,466	0,451	0,371	0,323	0,278	0,243	0,199	0,193	0,202	0,211	0,212	0,161	0,000	0,000
4,000	-11,390	-11,514	-11,430	-11,446	-11,407	-11,403	-11,411	-11,399	-11,400	-11,374	-11,341	-11,275	-11,147	-10,940	-10,675	-0,376	-0,080	-0,073	0,012	0,028	0,045	0,070	0,086	0,113	0,179	0,260	0,343	0,420	0,477	0,392	0,000	0,000
5,000	-12,740	-12,696	-12,857	-12,900	-12,901	-12,873	-12,862	-12,867	-12,833	-12,830	-12,784	-12,698	-12,554	-12,308	-11,995	-0,103	-0,226	-0,159	-0,024	0,012	0,029	0,074	0,100	0,153	0,197	0,286	0,391	0,496	0,547	0,441	0,000	0,000
6,000	-8,732	-8,720	-8,641	-8,501	-8,396	-8,340	-8,310	-8,277	-8,240	-8,219	-8,170	-8,099	-8,011	-7,857	-7,681	-0,049	0,123	0,171	0,234	0,229	0,195	0,198	0,197	0,205	0,212	0,255	0,292	0,329	0,351	0,274	0,000	0,000
7,000	-6,975	-6,931	-6,917	-6,852	-6,793	-6,767	-6,751	-6,739	-6,723	-6,715	-6,698	-6,682	-6,652	-6,601	-6,543	0,041	0,055	0,074	0,117	0,102	0,087	0,082	0,081	0,083	0,074	0,085	0,098	0,107	0,111	0,083	0,000	0,000
8,000	-19,723	-19,907	-19,905	-20,014	-20,006	-20,058	-20,095	-20,130	-20,152	-20,207	-20,225	-20,233	-20,240	-20,195	-20,140	-0,294	-0,181	-0,177	-0,141	-0,128	-0,140	-0,135	-0,134	-0,121	-0,095	-0,055	-0,010	0,023	0,063	0,068	0,000	0,000
9,000	-9,535	-9,514	-9,451	-9,276	-9,142	-9,024	-8,958	-8,905	-8,849	-8,795	-8,747	-8,692	-8,607	-8,481	-8,335	0,057	0,145	0,203	0,328	0,343	0,319	0,309	0,281	0,270	0,264	0,273	0,288	0,306	0,301	0,227	0,000	0,000
10,000	-9,472	-9,478	-9,359	-9,218	-9,127	-9,085	-9,067	-9,050	-9,029	-9,024	-9,014	-8,964	-8,914	-8,822	-8,713	-0,033	0,178	0,175	0,208	0,177	0,156	0,130	0,129	0,121	0,130	0,143	0,169	0,198	0,210	0,172	0,000	0,000
11,000	-9,915	-9,815	-9,784	-9,646	-9,564	-9,510	-9,478	-9,459	-9,427	-9,410	-9,369	-9,326	-9,260	-9,156	-9,031	0,142	0,155	0,183	0,213	0,206	0,174	0,171	0,157	0,161	0,168	0,191	0,216	0,239	0,243	0,191	0,000	0,000
12,000	-14,159	-14,190	-14,120	-14,081	-14,018	-13,995	-13,989	-13,974	-13,961	-13,971	-13,953	-13,911	-13,854	-13,741	-13,605	-0,012	0,079	0,086	0,109	0,100	0,084	0,086	0,086	0,095	0,107	0,144	0,180	0,212	0,250	0,198	0,000	0,000
13,000	-8,431	-8,394	-8,446	-8,452	-8,451	-8,431	-8,418	-8,412	-8,384	-8,353	-8,305	-8,231	-8,128	-7,974	-7,775	-0,045	-0,053	-0,038	0,011	0,039	0,064	0,093	0,114	0,155	0,190	0,234	0,297	0,345	0,366	0,295	0,000	0,000
14,000	-11,644	-11,318	-11,389	-11,275	-11,253	-11,217	-11,191	-11,187	-11,174	-11,167	-11,166	-11,112	-11,064	-10,943	-10,787	0,344	0,133	0,151	0,147	0,115	0,090	0,095	0,095	0,103	0,109	0,145	0,182	0,233	0,271	0,215	0,000	0,000
15,000	-6,936	-6,728	-6,542	-6,441	-6,374	-6,355	-6,345	-6,324	-6,315	-6,313	-6,300	-6,281	-6,256	-6,208	-6,159	0,944	0,712	0,505	0,291	0,213	0,168	0,139	0,116	0,095	0,091	0,084	0,095	0,103	0,105	0,085	0,000	0,000
	run	15	2022:11:08    11:08:45,388
0,000	-10,965	-10,785	-10,711	-10,689	-10,676	-10,681	-10,680	-10,676	-10,675	-10,683	-10,671	-10,647	-10,615	-10,551	-10,471	0,813	0,484	0,331	0,148	0,090	0,069	0,063	0,056	0,054	0,058	0,072	0,107	0,130	0,137	0,111	0,000	0,000
1,000	-17,137	-17,118	-17,041	-16,838	-16,700	-16,593	-16,533	-16,485	-16,437	-16,407	-16,370	-16,338	-16,289	-16,222	-16,149	-0,008	0,166	0,216	0,323	0,334	0,298	0,269	0,233	0,215	0,195	0,187	0,180	0,179	0,175	0,126	0,000	0,000
2,000	-10,675	-10,698	-10,668	-10,539	-10,437	-10,355	-10,318	-10,275	-10,227	-10,198	-10,135	-10,063	-9,984	-9,845	-9,698	-0,079	0,036	0,118	0,226	0,236	0,218	0,234	0,226	0,232	0,235	0,264	0,283	0,303	0,309	0,230	0,000	0,000
3,000	-20,896	-20,923	-20,853	-20,576	-20,364	-20,239	-20,171	-20,108	-20,055	-20,048	-20,013	-19,980	-19,934	-19,843	-19,742	-0,124	0,140	0,247	0,429	0,422	0,355	0,314	0,270	0,232	0,201	0,189	0,198	0,201	0,211	0,153	0,000	0,000
4,000	-11,287	-11,412	-11,346	-11,336	-11,304	-11,300	-11,299	-11,301	-11,295	-11,278	-11,238	-11,169	-11,048	-10,840	-10,576	-0,383	-0,083	-0,071	0,009	0,026	0,050	0,071	0,083	0,115	0,175	0,253	0,333	0,420	0,468	0,385	0,000	0,000
5,000	-12,631	-12,595	-12,759	-12,794	-12,796	-12,776	-12,758	-12,761	-12,733	-12,734	-12,687	-12,599	-12,456	-12,220	-11,899	-0,109	-0,213	-0,160	-0,024	0,011	0,032	0,072	0,104	0,153	0,200	0,285	0,386	0,485	0,546	0,440	0,000	0,000
6,000	-8,745	-8,753	-8,666	-8,525	-8,423	-8,365	-8,333	-8,304	-8,265	-8,249	-8,190	-8,118	-8,035	-7,886	-7,698	-0,044	0,114	0,160	0,226	0,220	0,202	0,201	0,200	0,201	0,210	0,251	0,303	0,328	0,353	0,278	0,000	0,000
7,000	-7,004	-6,941	-6,919	-6,845	-6,798	-6,768	-6,750	-6,738	-6,721	-6,716	-6,701	-6,681	-6,653	-6,598	-6,544	0,027	0,053	0,079	0,122	0,113	0,088	0,089	0,080	0,079	0,075	0,090	0,096	0,107	0,111	0,084	0,000	0,000
8,000	-19,780	-19,974	-19,981	-20,101	-20,094	-20,142	-20,182	-20,211	-20,244	-20,290	-20,311	-20,317	-20,325	-20,284	-20,222	-0,313	-0,189	-0,186	-0,148	-0,127	-0,146	-0,138	-0,136	-0,115	-0,090	-0,052	-0,011	0,019	0,069	0,069	0,000	0,000
9,000	-9,551	-9,517	-9,452	-9,284	-9,146	-9,027	-8,968	-8,918	-8,857	-8,820	-8,760	-8,703	-8,616	-8,492	-8,344	0,058	0,137	0,210	0,328	0,345	0,316	0,310	0,281	0,266	0,260	0,271	0,293	0,306	0,305	0,223	0,000	0,000
10,000	-9,424	-9,419	-9,302	-9,169	-9,076	-9,036	-9,019	-8,995	-8,979	-8,984	-8,956	-8,918	-8,871	-8,770	-8,661	-0,032	0,172	0,175	0,206	0,170	0,152	0,135	0,129	0,113	0,122	0,145	0,169	0,195	0,213	0,166	0,000	0,000
11,000	-9,900	-9,774	-9,742	-9,611	-9,533	-9,477	-9,443	-9,422	-9,391	-9,373	-9,337	-9,292	-9,222	-9,117	-8,991	0,145	0,162	0,177	0,213	0,204	0,173	0,172	0,157	0,163	0,165	0,194	0,219	0,235	0,246	0,188	0,000	0,000
12,000	-14,136	-14,169	-14,099	-14,050	-13,996	-13,973	-13,969	-13,956	-13,943	-13,947	-13,919	-13,877	-13,829	-13,721	-13,582	-0,016	0,068	0,082	0,103	0,100	0,079	0,081	0,076	0,092	0,101	0,141	0,176	0,213	0,241	0,199	0,000	0,000
13,000	-8,552	-8,493	-8,551	-8,547	-8,556	-8,530	-8,519	-8,511	-8,481	-8,449	-8,400	-8,330	-8,227	-8,065	-7,862	-0,041	-0,047	-0,039	0,016	0,041	0,065	0,096	0,112	0,157	0,187	0,245	0,302	0,350	0,369	0,296	0,000	0,000
14,000	-11,860	-11,576	-11,634	-11,501	-11,482	-11,445	-11,422	-11,417	-11,407	-11,398	-11,377	-11,345	-11,287	-11,176	-11,007	0,337	0,141	0,162	0,141	0,120	0,102	0,097	0,097	0,102	0,116	0,151	0,189	0,240	0,279	0,224	0,000	0,000
15,000	-7,010	-6,796	-6,607	-6,500	-6,442	-6,422	-6,407	-6,387	-6,374	-6,376	-6,360	-6,349	-6,322	-6,273	-6,223	0,983	0,728	0,509	0,299	0,215	0,168	0,136	0,121	0,097	0,090	0,088	0,089	0,103	0,105	0,082	0,000	0,000
	run	16	2022:11:08    11:08:45,486
0,000	-10,995	-10,792	-10,717	-10,697	-10,686	-10,691	-10,690	-10,687	-10,681	-10,688	-10,680	-10,659	-10,628	-10,564	-10,485	0,825	0,485	0,334	0,152	0,094	0,066	0,056	0,056	0,056	0,056	0,074	0,102	0,125	0,139	0,112	0,000	0,000
1,000	-16,995	-16,988	-16,903	-16,709	-16,568	-16,461	-16,408	-16,358	-16,316	-16,289	-16,245	-16,208	-16,175	-16,111	-16,032	-0,008	0,153	0,206	0,316	0,323	0,287	0,265	0,234	0,206	0,185	0,178	0,179	0,171	0,166	0,122	0,000	0,000
2,000	-10,574	-10,590	-10,581	-10,454	-10,353	-10,284	-10,233	-10,194	-10,149	-10,116	-10,058	-9,987	-9,902	-9,771	-9,623	-0,087	0,022	0,096	0,215	0,232	0,219	0,226	0,225	0,227	0,229	0,261	0,284	0,300	0,301	0,227	0,000	0,000
3,000	-20,644	-20,663	-20,623	-20,356	-20,162	-20,031	-19,960	-19,909	-19,849	-19,844	-19,806	-19,772	-19,731	-19,639	-19,539	-0,118	0,132	0,230	0,407	0,402	0,340	0,307	0,262	0,227	0,188	0,186	0,195	0,199	0,205	0,157	0,000	0,000
4,000	-11,016	-11,116	-11,036	-11,027	-10,987	-10,978	-10,982	-10,978	-10,980	-10,959	-10,926	-10,857	-10,740	-10,550	-10,297	-0,362	-0,070	-0,057	0,022	0,031	0,053	0,069	0,081	0,114	0,174	0,242	0,318	0,404	0,450	0,368	0,000	0,000
5,000	-12,317	-12,282	-12,426	-12,471	-12,477	-12,456	-12,439	-12,440	-12,412	-12,408	-12,363	-12,279	-12,141	-11,913	-11,613	-0,114	-0,217	-0,160	-0,036	0,004	0,031	0,069	0,103	0,145	0,194	0,280	0,376	0,470	0,525	0,423	0,000	0,000
6,000	-8,574	-8,591	-8,492	-8,369	-8,270	-8,215	-8,184	-8,153	-8,111	-8,094	-8,048	-7,980	-7,892	-7,740	-7,563	-0,064	0,112	0,149	0,218	0,214	0,197	0,193	0,187	0,199	0,209	0,251	0,291	0,324	0,342	0,264	0,000	0,000
7,000	-6,915	-6,870	-6,852	-6,780	-6,730	-6,696	-6,683	-6,667	-6,653	-6,648	-6,635	-6,615	-6,585	-6,535	-6,478	0,042	0,041	0,073	0,121	0,104	0,083	0,088	0,080	0,082	0,070	0,086	0,093	0,100	0,110	0,086	0,000	0,000
8,000	-19,737	-19,943	-19,937	-20,050	-20,038	-20,090	-20,123	-20,154	-20,184	-20,232	-20,248	-20,263	-20,265	-20,224	-20,166	-0,299	-0,170	-0,184	-0,135	-0,122	-0,138	-0,131	-0,127	-0,111	-0,094	-0,044	-0,008	0,029	0,069	0,066	0,000	0,000
9,000	-9,545	-9,507	-9,444	-9,274	-9,137	-9,024	-8,960	-8,905	-8,847	-8,805	-8,748	-8,691	-8,604	-8,480	-8,331	0,042	0,132	0,202	0,323	0,342	0,321	0,309	0,284	0,272	0,261	0,274	0,293	0,306	0,305	0,235	0,000	0,000
10,000	-9,485	-9,486	-9,344	-9,210	-9,111	-9,074	-9,051	-9,035	-9,015	-9,012	-8,985	-8,957	-8,897	-8,803	-8,690	-0,023	0,174	0,187	0,218	0,177	0,162	0,137	0,134	0,120	0,128	0,149	0,162	0,200	0,212	0,169	0,000	0,000
11,000	-9,943	-9,842	-9,808	-9,673	-9,587	-9,532	-9,502	-9,481	-9,449	-9,431	-9,390	-9,351	-9,279	-9,167	-9,040	0,154	0,162	0,188	0,218	0,206	0,177	0,176	0,162	0,166	0,169	0,197	0,222	0,244	0,254	0,192	0,000	0,000
12,000	-14,436	-14,482	-14,414	-14,366	-14,298	-14,279	-14,274	-14,270	-14,250	-14,261	-14,228	-14,192	-14,133	-14,017	-13,876	-0,009	0,075	0,080	0,103	0,097	0,083	0,088	0,089	0,094	0,099	0,141	0,200	0,223	0,252	0,207	0,000	0,000
13,000	-8,652	-8,613	-8,662	-8,664	-8,658	-8,646	-8,630	-8,615	-8,588	-8,559	-8,509	-8,440	-8,330	-8,178	-7,972	-0,043	-0,049	-0,033	0,024	0,042	0,071	0,096	0,121	0,154	0,195	0,243	0,296	0,354	0,374	0,299	0,000	0,000
14,000	-12,026	-11,702	-11,757	-11,627	-11,618	-11,572	-11,546	-11,548	-11,531	-11,526	-11,507	-11,471	-11,408	-11,287	-11,126	0,322	0,155	0,176	0,157	0,129	0,096	0,098	0,095	0,103	0,115	0,138	0,188	0,239	0,281	0,231	0,000	0,000
15,000	-7,026	-6,801	-6,618	-6,506	-6,441	-6,423	-6,416	-6,397	-6,379	-6,381	-6,371	-6,355	-6,327	-6,277	-6,231	0,983	0,734	0,514	0,296	0,214	0,165	0,140	0,116	0,095	0,086	0,086	0,093	0,104	0,106	0,084	0,000	0,000
	run	17	2022:11:08    11:08:45,534
0,000	-10,869	-10,703	-10,624	-10,605	-10,600	-10,598	-10,598	-10,593	-10,590	-10,597	-10,589	-10,569	-10,538	-10,470	-10,391	0,811	0,496	0,327	0,146	0,094	0,065	0,065	0,052	0,053	0,056	0,073	0,103	0,124	0,140	0,112	0,000	0,000
1,000	-16,865	-16,863	-16,779	-16,593	-16,458	-16,354	-16,299	-16,249	-16,203	-16,179	-16,133	-16,104	-16,059	-15,995	-15,922	-0,026	0,139	0,210	0,304	0,317	0,283	0,265	0,227	0,214	0,193	0,180	0,176	0,169	0,168	0,124	0,000	0,000
2,000	-10,574	-10,590	-10,581	-10,454	-10,353	-10,284	-10,233	-10,194	-10,149	-10,116	-10,058	-9,987	-9,902	-9,771	-9,623	-0,087	0,022	0,096	0,215	0,232	0,219	0,226	0,225	0,227	0,229	0,261	0,284	0,300	0,301	0,227	0,000	0,000
3,000	-20,644	-20,663	-20,623	-20,356	-20,162	-20,031	-19,960	-19,909	-19,849	-19,844	-19,806	-19,772	-19,731	-19,639	-19,539	-0,118	0,132	0,230	0,407	0,402	0,340	0,307	0,262	0,227	0,188	0,186	0,195	0,199	0,205	0,157	0,000	0,000
4,000	-11,016	-11,116	-11,036	-11,027	-10,987	-10,978	-10,982	-10,978	-10,980	-10,959	-10,926	-10,857	-10,740	-10,550	-10,297	-0,362	-0,070	-0,057	0,022	0,031	0,053	0,069	0,081	0,114	0,174	0,242	0,318	0,404	0,450	0,368	0,000	0,000
5,000	-12,317	-12,282	-12,426	-12,471	-12,477	-12,456	-12,439	-12,440	-12,412	-12,408	-12,363	-12,279	-12,141	-11,913	-11,613	-0,114	-0,217	-0,160	-0,036	0,004	0,031	0,069	0,103	0,145	0,194	0,280	0,376	0,470	0,525	0,423	0,000	0,000
6,000	-8,574	-8,591	-8,492	-8,369	-8,270	-8,215	-8,184	-8,153	-8,111	-8,094	-8,048	-7,980	-7,892	-7,740	-7,563	-0,064	0,112	0,149	0,218	0,214	0,197	0,193	0,187	0,199	0,209	0,251	0,291	0,324	0,342	0,264	0,000	0,000
7,000	-6,915	-6,870	-6,852	-6,780	-6,730	-6,696	-6,683	-6,667	-6,653	-6,648	-6,635	-6,615	-6,585	-6,535	-6,478	0,042	0,041	0,073	0,121	0,104	0,083	0,088	0,080	0,082	0,070	0,086	0,093	0,100	0,110	0,086	0,000	0,000
8,000	-19,649	-19,856	-19,855	-19,963	-19,946	-20,002	-20,037	-20,069	-20,102	-20,155	-20,167	-20,185	-20,185	-20,141	-20,079	-0,297	-0,165	-0,179	-0,143	-0,122	-0,136	-0,136	-0,131	-0,108	-0,095	-0,057	-0,013	0,022	0,072	0,067	0,000	0,000
9,000	-9,528	-9,502	-9,452	-9,274	-9,144	-9,024	-8,960	-8,911	-8,848	-8,810	-8,754	-8,694	-8,603	-8,485	-8,333	0,033	0,147	0,200	0,319	0,335	0,318	0,306	0,280	0,270	0,259	0,274	0,293	0,309	0,306	0,231	0,000	0,000
10,000	-9,591	-9,585	-9,442	-9,282	-9,185	-9,147	-9,121	-9,108	-9,085	-9,087	-9,065	-9,029	-8,965	-8,870	-8,755	-0,014	0,207	0,204	0,233	0,195	0,164	0,144	0,131	0,124	0,132	0,152	0,172	0,201	0,220	0,170	0,000	0,000
11,000	-10,121	-10,004	-9,968	-9,824	-9,742	-9,683	-9,656	-9,635	-9,602	-9,578	-9,541	-9,497	-9,428	-9,316	-9,184	0,164	0,172	0,199	0,222	0,215	0,178	0,177	0,163	0,168	0,173	0,198	0,229	0,250	0,255	0,196	0,000	0,000
12,000	-14,644	-14,678	-14,611	-14,569	-14,497	-14,481	-14,474	-14,462	-14,444	-14,453	-14,427	-14,377	-14,330	-14,208	-14,063	-0,009	0,086	0,092	0,110	0,103	0,083	0,086	0,092	0,093	0,110	0,148	0,186	0,228	0,258	0,210	0,000	0,000
13,000	-8,763	-8,704	-8,754	-8,757	-8,753	-8,736	-8,729	-8,711	-8,682	-8,652	-8,598	-8,534	-8,421	-8,260	-8,052	-0,031	-0,043	-0,031	0,018	0,051	0,075	0,102	0,125	0,158	0,198	0,252	0,310	0,364	0,385	0,306	0,000	0,000
14,000	-11,977	-11,659	-11,737	-11,603	-11,588	-11,543	-11,521	-11,520	-11,505	-11,495	-11,491	-11,440	-11,387	-11,268	-11,103	0,343	0,146	0,167	0,151	0,121	0,098	0,102	0,093	0,108	0,121	0,152	0,184	0,237	0,280	0,233	0,000	0,000
15,000	-6,964	-6,741	-6,545	-6,454	-6,383	-6,368	-6,356	-6,343	-6,326	-6,322	-6,315	-6,301	-6,271	-6,223	-6,179	0,973	0,721	0,515	0,293	0,210	0,165	0,137	0,112	0,097	0,089	0,086	0,091	0,098	0,101	0,083	0,000	0,000
	run	18	2022:11:08    11:08:45,635
0,000	-10,744	-10,572	-10,494	-10,465	-10,463	-10,465	-10,460	-10,454	-10,453	-10,454	-10,449	-10,436	-10,396	-10,336	-10,261	0,809	0,472	0,325	0,144	0,095	0,067	0,059	0,053	0,057	0,056	0,069	0,103	0,120	0,133	0,106	0,000	0,000
1,000	-16,687	-16,696	-16,627	-16,454	-16,315	-16,217	-16,162	-16,121	-16,072	-16,046	-16,000	-15,973	-15,929	-15,867	-15,794	-0,013	0,139	0,197	0,293	0,306	0,279	0,255	0,225	0,204	0,182	0,172	0,175	0,165	0,161	0,123	0,000	0,000
2,000	-10,470	-10,495	-10,486	-10,349	-10,252	-10,173	-10,130	-10,096	-10,044	-10,013	-9,957	-9,887	-9,803	-9,674	-9,534	-0,076	0,022	0,100	0,214	0,231	0,218	0,227	0,217	0,224	0,229	0,261	0,283	0,294	0,299	0,225	0,000	0,000
3,000	-20,646	-20,680	-20,632	-20,352	-20,159	-20,034	-19,964	-19,908	-19,857	-19,846	-19,812	-19,776	-19,738	-19,648	-19,543	-0,118	0,124	0,220	0,402	0,402	0,337	0,304	0,261	0,223	0,193	0,181	0,194	0,196	0,206	0,149	0,000	0,000
4,000	-11,081	-11,202	-11,105	-11,108	-11,071	-11,061	-11,065	-11,063	-11,060	-11,040	-11,009	-10,940	-10,825	-10,634	-10,384	-0,376	-0,063	-0,055	0,023	0,037	0,048	0,066	0,075	0,113	0,167	0,247	0,322	0,400	0,449	0,370	0,000	0,000
5,000	-12,406	-12,374	-12,538	-12,571	-12,576	-12,549	-12,542	-12,542	-12,512	-12,511	-12,463	-12,381	-12,244	-12,008	-11,705	-0,088	-0,228	-0,162	-0,042	0,003	0,029	0,070	0,103	0,145	0,193	0,280	0,382	0,475	0,531	0,426	0,000	0,000
6,000	-8,546	-8,559	-8,474	-8,345	-8,242	-8,188	-8,155	-8,129	-8,088	-8,065	-8,019	-7,956	-7,870	-7,720	-7,538	-0,055	0,107	0,151	0,215	0,216	0,195	0,196	0,192	0,203	0,205	0,250	0,286	0,323	0,343	0,266	0,000	0,000
7,000	-6,884	-6,849	-6,851	-6,767	-6,723	-6,683	-6,670	-6,667	-6,642	-6,640	-6,624	-6,602	-6,574	-6,523	-6,464	0,054	0,048	0,078	0,113	0,105	0,084	0,080	0,079	0,078	0,071	0,082	0,098	0,110	0,114	0,083	0,000	0,000
8,000	-19,744	-19,941	-19,934	-20,062	-20,040	-20,091	-20,131	-20,157	-20,186	-20,239	-20,252	-20,272	-20,264	-20,221	-20,158	-0,283	-0,181	-0,180	-0,140	-0,120	-0,139	-0,136	-0,126	-0,110	-0,093	-0,054	-0,009	0,028	0,070	0,068	0,000	0,000
9,000	-9,649	-9,618	-9,567	-9,384	-9,252	-9,133	-9,067	-9,012	-8,957	-8,912	-8,862	-8,793	-8,709	-8,579	-8,429	0,058	0,127	0,211	0,330	0,348	0,322	0,309	0,284	0,277	0,270	0,281	0,297	0,311	0,311	0,234	0,000	0,000
10,000	-9,710	-9,676	-9,520	-9,351	-9,249	-9,212	-9,190	-9,171	-9,150	-9,152	-9,125	-9,090	-9,029	-8,932	-8,815	0,005	0,211	0,233	0,252	0,206	0,170	0,150	0,143	0,128	0,132	0,157	0,174	0,204	0,222	0,177	0,000	0,000
11,000	-10,204	-10,076	-10,038	-9,884	-9,794	-9,739	-9,711	-9,691	-9,657	-9,640	-9,602	-9,552	-9,481	-9,370	-9,234	0,174	0,189	0,205	0,234	0,220	0,184	0,179	0,166	0,169	0,172	0,199	0,233	0,257	0,257	0,197	0,000	0,000
12,000	-14,729	-14,765	-14,699	-14,649	-14,595	-14,566	-14,562	-14,551	-14,534	-14,548	-14,513	-14,467	-14,418	-14,295	-14,151	-0,005	0,068	0,084	0,109	0,106	0,084	0,088	0,089	0,098	0,109	0,147	0,188	0,229	0,255	0,207	0,000	0,000
13,000	-8,754	-8,715	-8,752	-8,755	-8,754	-8,735	-8,721	-8,704	-8,681	-8,644	-8,600	-8,527	-8,412	-8,258	-8,044	-0,034	-0,041	-0,031	0,019	0,048	0,072	0,102	0,123	0,161	0,199	0,251	0,312	0,364	0,387	0,303	0,000	0,000
14,000	-11,877	-11,568	-11,634	-11,499	-11,481	-11,437	-11,416	-11,409	-11,394	-11,387	-11,375	-11,337	-11,277	-11,161	-10,998	0,370	0,143	0,158	0,148	0,124	0,098	0,096	0,095	0,094	0,110	0,157	0,191	0,239	0,269	0,224	0,000	0,000
15,000	-6,916	-6,700	-6,514	-6,412	-6,350	-6,336	-6,324	-6,304	-6,292	-6,294	-6,279	-6,261	-6,242	-6,193	-6,147	0,976	0,718	0,508	0,291	0,209	0,164	0,137	0,111	0,094	0,087	0,081	0,086	0,100	0,107	0,083	0,000	0,000
	run	19	2022:11:08    11:08:45,686
0,000	-10,744	-10,572	-10,494	-10,465	-10,463	-10,465	-10,460	-10,454	-10,453	-10,454	-10,449	-10,436	-10,396	-10,336	-10,261	0,809	0,472	0,325	0,144	0,095	0,067	0,059	0,053	0,057	0,056	0,069	0,103	0,120	0,133	0,106	0,000	0,000
1,000	-16,687	-16,696	-16,627	-16,454	-16,315	-16,217	-16,162	-16,121	-16,072	-16,046	-16,000	-15,973	-15,929	-15,867	-15,794	-0,013	0,139	0,197	0,293	0,306	0,279	0,255	0,225	0,204	0,182	0,172	0,175	0,165	0,161	0,123	0,000	0,000
2,000	-10,470	-10,495	-10,486	-10,349	-10,252	-10,173	-10,130	-10,096	-10,044	-10,013	-9,957	-9,887	-9,803	-9,674	-9,534	-0,076	0,022	0,100	0,214	0,231	0,218	0,227	0,217	0,224	0,229	0,261	0,283	0,294	0,299	0,225	0,000	0,000
3,000	-20,646	-20,680	-20,632	-20,352	-20,159	-20,034	-19,964	-19,908	-19,857	-19,846	-19,812	-19,776	-19,738	-19,648	-19,543	-0,118	0,124	0,220	0,402	0,402	0,337	0,304	0,261	0,223	0,193	0,181	0,194	0,196	0,206	0,149	0,000	0,000
4,000	-11,081	-11,202	-11,105	-11,108	-11,071	-11,061	-11,065	-11,063	-11,060	-11,040	-11,009	-10,940	-10,825	-10,634	-10,384	-0,376	-0,063	-0,055	0,023	0,037	0,048	0,066	0,075	0,113	0,167	0,247	0,322	0,400	0,449	0,370	0,000	0,000
5,000	-12,406	-12,374	-12,538	-12,571	-12,576	-12,549	-12,542	-12,542	-12,512	-12,511	-12,463	-12,381	-12,244	-12,008	-11,705	-0,088	-0,228	-0,162	-0,042	0,003	0,029	0,070	0,103	0,145	0,193	0,280	0,382	0,475	0,531	0,426	0,000	0,000
6,000	-8,641	-8,638	-8,566	-8,432	-8,329	-8,280	-8,247	-8,218	-8,180	-8,156	-8,105	-8,039	-7,951	-7,800	-7,617	-0,066	0,103	0,152	0,224	0,219	0,195	0,198	0,197	0,207	0,216	0,256	0,292	0,331	0,350	0,271	0,000	0,000
7,000	-6,990	-6,949	-6,935	-6,859	-6,809	-6,774	-6,760	-6,752	-6,734	-6,729	-6,709	-6,693	-6,664	-6,609	-6,551	0,051	0,053	0,088	0,125	0,109	0,088	0,084	0,083	0,079	0,078	0,086	0,097	0,107	0,115	0,088	0,000	0,000
8,000	-19,990	-20,201	-20,194	-20,326	-20,315	-20,368	-20,406	-20,431	-20,455	-20,513	-20,529	-20,541	-20,543	-20,496	-20,437	-0,297	-0,191	-0,189	-0,153	-0,129	-0,144	-0,142	-0,135	-0,112	-0,092	-0,055	-0,010	0,029	0,073	0,066	0,000	0,000
9,000	-9,735	-9,705	-9,645	-9,447	-9,308	-9,191	-9,125	-9,073	-9,014	-8,972	-8,912	-8,850	-8,763	-8,632	-8,480	0,069	0,152	0,224	0,347	0,354	0,330	0,315	0,291	0,278	0,276	0,283	0,305	0,313	0,315	0,237	0,000	0,000
10,000	-9,704	-9,681	-9,536	-9,367	-9,267	-9,221	-9,202	-9,185	-9,169	-9,165	-9,140	-9,102	-9,045	-8,945	-8,828	-0,004	0,223	0,235	0,248	0,204	0,167	0,149	0,133	0,125	0,130	0,156	0,172	0,207	0,225	0,175	0,000	0,000
11,000	-10,144	-10,028	-9,980	-9,824	-9,743	-9,681	-9,654	-9,630	-9,599	-9,582	-9,542	-9,495	-9,427	-9,310	-9,178	0,173	0,187	0,206	0,227	0,216	0,185	0,183	0,169	0,170	0,175	0,204	0,228	0,249	0,260	0,199	0,000	0,000
12,000	-14,611	-14,650	-14,580	-14,533	-14,475	-14,451	-14,444	-14,435	-14,413	-14,421	-14,397	-14,350	-14,302	-14,180	-14,039	-0,009	0,079	0,088	0,109	0,106	0,082	0,085	0,083	0,095	0,100	0,145	0,184	0,227	0,258	0,210	0,000	0,000
13,000	-8,628	-8,600	-8,648	-8,648	-8,641	-8,628	-8,608	-8,599	-8,573	-8,545	-8,493	-8,420	-8,316	-8,151	-7,942	-0,038	-0,040	-0,023	0,018	0,043	0,071	0,102	0,119	0,152	0,197	0,245	0,307	0,357	0,383	0,303	0,000	0,000
14,000	-11,745	-11,416	-11,488	-11,366	-11,350	-11,308	-11,289	-11,281	-11,270	-11,264	-11,254	-11,206	-11,149	-11,042	-10,873	0,370	0,146	0,182	0,144	0,118	0,091	0,100	0,097	0,095	0,107	0,137	0,195	0,238	0,270	0,219	0,000	0,000
15,000	-6,847	-6,644	-6,458	-6,363	-6,295	-6,282	-6,265	-6,250	-6,240	-6,234	-6,226	-6,214	-6,181	-6,143	-6,095	0,947	0,713	0,502	0,284	0,210	0,165	0,134	0,109	0,095	0,086	0,083	0,081	0,097	0,100	0,079	0,000	0,000
	run	20	2022:11:08    11:08:45,786
0,000	-10,710	-10,551	-10,472	-10,453	-10,441	-10,445	-10,441	-10,443	-10,436	-10,440	-10,432	-10,414	-10,383	-10,312	-10,242	0,808	0,482	0,324	0,142	0,094	0,066	0,057	0,049	0,054	0,056	0,071	0,100	0,124	0,134	0,110	0,000	0,000
1,000	-16,753	-16,766	-16,676	-16,490	-16,365	-16,263	-16,200	-16,153	-16,109	-16,083	-16,043	-16,009	-15,966	-15,898	-15,825	-0,017	0,139	0,206	0,303	0,312	0,277	0,261	0,227	0,206	0,183	0,180	0,178	0,170	0,170	0,126	0,000	0,000
2,000	-10,571	-10,583	-10,571	-10,440	-10,331	-10,253	-10,212	-10,174	-10,118	-10,095	-10,034	-9,964	-9,885	-9,752	-9,609	-0,077	0,030	0,109	0,229	0,236	0,222	0,230	0,225	0,229	0,233	0,258	0,284	0,296	0,298	0,226	0,000	0,000
3,000	-20,791	-20,814	-20,763	-20,484	-20,280	-20,148	-20,075	-20,020	-19,973	-19,963	-19,923	-19,896	-19,850	-19,753	-19,656	-0,112	0,138	0,243	0,415	0,412	0,348	0,310	0,266	0,230	0,192	0,187	0,197	0,201	0,211	0,157	0,000	0,000
4,000	-11,083	-11,190	-11,101	-11,097	-11,062	-11,050	-11,064	-11,052	-11,047	-11,034	-11,003	-10,938	-10,817	-10,619	-10,366	-0,361	-0,065	-0,061	0,023	0,033	0,050	0,068	0,082	0,107	0,169	0,247	0,322	0,405	0,451	0,371	0,000	0,000
5,000	-12,513	-12,486	-12,639	-12,686	-12,682	-12,664	-12,653	-12,647	-12,617	-12,620	-12,579	-12,481	-12,352	-12,109	-11,801	-0,097	-0,236	-0,167	-0,038	-0,000	0,034	0,069	0,099	0,144	0,195	0,279	0,384	0,479	0,542	0,431	0,000	0,000
6,000	-8,728	-8,737	-8,647	-8,522	-8,421	-8,362	-8,328	-8,298	-8,258	-8,240	-8,189	-8,129	-8,037	-7,879	-7,694	-0,053	0,113	0,160	0,227	0,220	0,199	0,203	0,196	0,203	0,221	0,266	0,296	0,333	0,355	0,274	0,000	0,000
7,000	-7,099	-7,045	-7,014	-6,921	-6,873	-6,839	-6,823	-6,811	-6,796	-6,789	-6,779	-6,754	-6,725	-6,666	-6,604	0,055	0,072	0,104	0,139	0,117	0,095	0,096	0,082	0,086	0,080	0,090	0,096	0,111	0,119	0,090	0,000	0,000
8,000	-20,121	-20,341	-20,359	-20,482	-20,483	-20,532	-20,573	-20,602	-20,631	-20,684	-20,704	-20,718	-20,718	-20,678	-20,610	-0,308	-0,212	-0,222	-0,167	-0,144	-0,154	-0,144	-0,143	-0,118	-0,101	-0,055	-0,015	0,024	0,073	0,064	0,000	0,000
9,000	-9,726	-9,691	-9,609	-9,419	-9,269	-9,155	-9,086	-9,034	-8,979	-8,934	-8,878	-8,817	-8,725	-8,598	-8,448	0,084	0,178	0,246	0,354	0,363	0,333	0,314	0,292	0,280	0,270	0,279	0,301	0,318	0,314	0,235	0,000	0,000
10,000	-9,663	-9,642	-9,498	-9,343	-9,241	-9,201	-9,178	-9,166	-9,142	-9,139	-9,112	-9,081	-9,023	-8,926	-8,812	-0,020	0,199	0,202	0,237	0,196	0,162	0,143	0,134	0,125	0,131	0,153	0,169	0,209	0,219	0,177	0,000	0,000
11,000	-10,062	-9,932	-9,900	-9,749	-9,668	-9,608	-9,575	-9,555	-9,519	-9,505	-9,462	-9,421	-9,349	-9,241	-9,111	0,174	0,175	0,198	0,230	0,216	0,179	0,175	0,166	0,168	0,171	0,194	0,227	0,244	0,255	0,197	0,000	0,000
12,000	-14,369	-14,418	-14,347	-14,294	-14,240	-14,213	-14,214	-14,196	-14,182	-14,191	-14,164	-14,128	-14,069	-13,951	-13,814	-0,014	0,075	0,084	0,111	0,095	0,085	0,082	0,087	0,094	0,101	0,147	0,178	0,217	0,251	0,204	0,000	0,000
13,000	-8,546	-8,525	-8,567	-8,571	-8,565	-8,554	-8,541	-8,521	-8,500	-8,466	-8,418	-8,351	-8,241	-8,080	-7,880	-0,044	-0,050	-0,031	0,017	0,042	0,068	0,095	0,124	0,159	0,191	0,241	0,301	0,352	0,375	0,299	0,000	0,000
14,000	-11,633	-11,313	-11,398	-11,273	-11,258	-11,219	-11,186	-11,192	-11,168	-11,172	-11,152	-11,114	-11,067	-10,938	-10,786	0,361	0,136	0,167	0,138	0,122	0,096	0,097	0,089	0,098	0,123	0,137	0,182	0,235	0,268	0,221	0,000	0,000
15,000	-6,842	-6,640	-6,451	-6,360	-6,290	-6,272	-6,259	-6,242	-6,232	-6,232	-6,217	-6,209	-6,182	-6,132	-6,083	0,938	0,709	0,500	0,281	0,204	0,160	0,129	0,111	0,094	0,086	0,082	0,085	0,103	0,103	0,080	0,000	0,000
	run	21	2022:11:08    11:08:45,887
0,000	-10,807	-10,642	-10,555	-10,547	-10,532	-10,532	-10,533	-10,525	-10,518	-10,527	-10,516	-10,501	-10,468	-10,404	-10,330	0,819	0,471	0,329	0,143	0,093	0,063	0,059	0,055	0,055	0,058	0,075	0,098	0,122	0,139	0,107	0,000	0,000
1,000	-16,903	-16,889	-16,813	-16,627	-16,487	-16,381	-16,326	-16,280	-16,239	-16,209	-16,168	-16,128	-16,087	-16,027	-15,947	-0,004	0,155	0,216	0,308	0,318	0,284	0,267	0,229	0,211	0,189	0,178	0,176	0,167	0,166	0,121	0,000	0,000
2,000	-10,638	-10,646	-10,637	-10,504	-10,400	-10,322	-10,283	-10,239	-10,191	-10,161	-10,100	-10,029	-9,945	-9,811	-9,663	-0,079	0,028	0,110	0,228	0,239	0,221	0,231	0,229	0,232	0,237	0,262	0,290	0,303	0,307	0,230	0,000	0,000
3,000	-20,902	-20,931	-20,869	-20,587	-20,387	-20,255	-20,184	-20,127	-20,076	-20,062	-20,027	-20,000	-19,953	-19,863	-19,763	-0,092	0,144	0,255	0,434	0,422	0,349	0,310	0,267	0,232	0,197	0,188	0,196	0,203	0,207	0,155	0,000	0,000
4,000	-11,213	-11,311	-11,233	-11,222	-11,190	-11,181	-11,181	-11,178	-11,183	-11,161	-11,127	-11,059	-10,941	-10,737	-10,478	-0,371	-0,072	-0,065	0,021	0,031	0,052	0,069	0,085	0,111	0,172	0,248	0,329	0,413	0,461	0,378	0,000	0,000
5,000	-12,597	-12,552	-12,714	-12,747	-12,753	-12,727	-12,718	-12,721	-12,692	-12,688	-12,633	-12,555	-12,413	-12,171	-11,858	-0,121	-0,235	-0,162	-0,038	0,004	0,029	0,070	0,100	0,150	0,198	0,287	0,387	0,490	0,547	0,444	0,000	0,000
6,000	-8,726	-8,731	-8,630	-8,504	-8,398	-8,339	-8,311	-8,285	-8,247	-8,224	-8,164	-8,106	-8,023	-7,866	-7,681	-0,051	0,119	0,162	0,227	0,225	0,193	0,195	0,201	0,203	0,220	0,250	0,295	0,326	0,349	0,271	0,000	0,000
7,000	-7,012	-6,957	-6,950	-6,873	-6,816	-6,788	-6,768	-6,758	-6,740	-6,734	-6,720	-6,699	-6,672	-6,617	-6,558	0,050	0,051	0,083	0,118	0,112	0,090	0,088	0,081	0,083	0,080	0,083	0,099	0,108	0,113	0,086	0,000	0,000
8,000	-20,124	-20,327	-20,343	-20,471	-20,463	-20,514	-20,544	-20,583	-20,606	-20,660	-20,675	-20,693	-20,691	-20,646	-20,588	-0,298	-0,196	-0,213	-0,150	-0,133	-0,147	-0,137	-0,134	-0,116	-0,102	-0,058	-0,005	0,021	0,066	0,067	0,000	0,000
9,000	-9,694	-9,653	-9,574	-9,382	-9,244	-9,121	-9,060	-9,006	-8,947	-8,902	-8,851	-8,782	-8,701	-8,574	-8,420	0,060	0,154	0,238	0,350	0,360	0,331	0,311	0,285	0,278	0,270	0,278	0,297	0,311	0,315	0,232	0,000	0,000
10,000	-9,561	-9,566	-9,416	-9,279	-9,185	-9,145	-9,120	-9,105	-9,086	-9,084	-9,060	-9,025	-8,972	-8,870	-8,761	-0,025	0,182	0,188	0,218	0,185	0,157	0,137	0,129	0,120	0,125	0,147	0,172	0,205	0,215	0,169	0,000	0,000
11,000	-9,942	-9,838	-9,791	-9,652	-9,571	-9,512	-9,482	-9,464	-9,426	-9,410	-9,371	-9,321	-9,255	-9,148	-9,023	0,147	0,167	0,182	0,222	0,206	0,172	0,173	0,160	0,167	0,170	0,198	0,217	0,245	0,252	0,193	0,000	0,000
12,000	-14,214	-14,236	-14,177	-14,133	-14,074	-14,055	-14,050	-14,041	-14,027	-14,029	-14,006	-13,967	-13,912	-13,794	-13,659	0,002	0,073	0,081	0,102	0,098	0,078	0,083	0,088	0,089	0,101	0,140	0,182	0,217	0,251	0,199	0,000	0,000
13,000	-8,493	-8,465	-8,514	-8,519	-8,509	-8,497	-8,484	-8,470	-8,442	-8,411	-8,361	-8,294	-8,184	-8,037	-7,828	-0,044	-0,053	-0,039	0,023	0,040	0,064	0,099	0,119	0,154	0,191	0,246	0,299	0,349	0,374	0,296	0,000	0,000
14,000	-11,681	-11,387	-11,440	-11,313	-11,304	-11,265	-11,238	-11,235	-11,225	-11,213	-11,205	-11,171	-11,107	-10,986	-10,825	0,345	0,149	0,164	0,148	0,124	0,091	0,098	0,095	0,100	0,110	0,154	0,185	0,234	0,265	0,220	0,000	0,000
15,000	-6,892	-6,683	-6,508	-6,402	-6,338	-6,324	-6,311	-6,293	-6,281	-6,279	-6,271	-6,253	-6,226	-6,177	-6,129	0,957	0,714	0,511	0,289	0,210	0,160	0,136	0,114	0,096	0,086	0,084	0,086	0,104	0,104	0,079	0,000	0,000
	run	22	2022:11:08    11:08:45,934
0,000	-10,955	-10,775	-10,714	-10,680	-10,675	-10,675	-10,674	-10,671	-10,667	-10,671	-10,665	-10,645	-10,609	-10,544	-10,465	0,829	0,481	0,325	0,147	0,098	0,067	0,062	0,056	0,059	0,058	0,077	0,106	0,128	0,143	0,110	0,000	0,000
1,000	-17,087	-17,085	-16,983	-16,800	-16,652	-16,551	-16,495	-16,447	-16,398	-16,370	-16,328	-16,296	-16,253	-16,181	-16,106	-0,009	0,165	0,231	0,323	0,330	0,297	0,272	0,237	0,215	0,193	0,190	0,182	0,176	0,172	0,128	0,000	0,000
2,000	-10,638	-10,646	-10,637	-10,504	-10,400	-10,322	-10,283	-10,239	-10,191	-10,161	-10,100	-10,029	-9,945	-9,811	-9,663	-0,079	0,028	0,110	0,228	0,239	0,221	0,231	0,229	0,232	0,237	0,262	0,290	0,303	0,307	0,230	0,000	0,000
3,000	-20,902	-20,931	-20,869	-20,587	-20,387	-20,255	-20,184	-20,127	-20,076	-20,062	-20,027	-20,000	-19,953	-19,863	-19,763	-0,092	0,144	0,255	0,434	0,422	0,349	0,310	0,267	0,232	0,197	0,188	0,196	0,203	0,207	0,155	0,000	0,000
4,000	-11,213	-11,311	-11,233	-11,222	-11,190	-11,181	-11,181	-11,178	-11,183	-11,161	-11,127	-11,059	-10,941	-10,737	-10,478	-0,371	-0,072	-0,065	0,021	0,031	0,052	0,069	0,085	0,111	0,172	0,248	0,329	0,413	0,461	0,378	0,000	0,000
5,000	-12,597	-12,552	-12,714	-12,747	-12,753	-12,727	-12,718	-12,721	-12,692	-12,688	-12,633	-12,555	-12,413	-12,171	-11,858	-0,121	-0,235	-0,162	-0,038	0,004	0,029	0,070	0,100	0,150	0,198	0,287	0,387	0,490	0,547	0,444	0,000	0,000
6,000	-8,726	-8,731	-8,630	-8,504	-8,398	-8,339	-8,311	-8,285	-8,247	-8,224	-8,164	-8,106	-8,023	-7,866	-7,681	-0,051	0,119	0,162	0,227	0,225	0,193	0,195	0,201	0,203	0,220	0,250	0,295	0,326	0,349	0,271	0,000	0,000
7,000	-7,012	-6,957	-6,950	-6,873	-6,816	-6,788	-6,768	-6,758	-6,740	-6,734	-6,720	-6,699	-6,672	-6,617	-6,558	0,050	0,051	0,083	0,118	0,112	0,090	0,088	0,081	0,083	0,080	0,083	0,099	0,108	0,113	0,086	0,000	0,000
8,000	-19,781	-20,000	-20,006	-20,116	-20,117	-20,169	-20,201	-20,228	-20,258	-20,312	-20,325	-20,340	-20,347	-20,298	-20,239	-0,285	-0,185	-0,188	-0,141	-0,126	-0,143	-0,137	-0,129	-0,112	-0,095	-0,057	-0,011	0,024	0,073	0,070	0,000	0,000
9,000	-9,565	-9,543	-9,471	-9,290	-9,151	-9,038	-8,976	-8,924	-8,872	-8,819	-8,764	-8,709	-8,616	-8,495	-8,348	0,057	0,137	0,212	0,333	0,341	0,318	0,308	0,283	0,270	0,258	0,278	0,294	0,308	0,307	0,235	0,000	0,000
10,000	-9,502	-9,500	-9,374	-9,225	-9,131	-9,096	-9,073	-9,049	-9,034	-9,030	-9,009	-8,977	-8,920	-8,825	-8,715	-0,019	0,178	0,187	0,213	0,183	0,150	0,138	0,131	0,116	0,121	0,152	0,168	0,199	0,211	0,172	0,000	0,000
11,000	-9,950	-9,839	-9,812	-9,666	-9,582	-9,526	-9,492	-9,473	-9,441	-9,418	-9,384	-9,344	-9,274	-9,163	-9,036	0,146	0,165	0,183	0,224	0,205	0,171	0,175	0,168	0,165	0,171	0,190	0,218	0,244	0,247	0,190	0,000	0,000
12,000	-14,266	-14,313	-14,243	-14,192	-14,139	-14,119	-14,109	-14,106	-14,084	-14,091	-14,063	-14,031	-13,978	-13,863	-13,718	-0,002	0,083	0,086	0,101	0,101	0,083	0,085	0,087	0,095	0,098	0,143	0,177	0,219	0,246	0,203	0,000	0,000
13,000	-8,552	-8,524	-8,561	-8,574	-8,565	-8,556	-8,534	-8,524	-8,496	-8,470	-8,417	-8,351	-8,240	-8,082	-7,880	-0,049	-0,048	-0,039	0,017	0,041	0,066	0,097	0,120	0,151	0,190	0,243	0,301	0,356	0,373	0,300	0,000	0,000
14,000	-11,785	-11,492	-11,558	-11,426	-11,413	-11,374	-11,350	-11,352	-11,335	-11,329	-11,309	-11,273	-11,206	-11,092	-10,930	0,316	0,148	0,163	0,141	0,115	0,091	0,105	0,092	0,098	0,108	0,148	0,178	0,237	0,276	0,224	0,000	0,000
15,000	-6,959	-6,763	-6,567	-6,474	-6,400	-6,387	-6,372	-6,355	-6,345	-6,337	-6,329	-6,313	-6,285	-6,236	-6,193	0,950	0,720	0,509	0,286	0,211	0,167	0,136	0,120	0,094	0,088	0,085	0,093	0,102	0,101	0,085	0,000	0,000
	run	23	2022:11:08    11:08:46,036
0,000	-11,039	-10,855	-10,777	-10,759	-10,750	-10,754	-10,752	-10,747	-10,743	-10,751	-10,740	-10,721	-10,683	-10,617	-10,540	0,834	0,484	0,337	0,151	0,097	0,063	0,064	0,054	0,058	0,060	0,080	0,104	0,128	0,140	0,114	0,000	0,000
1,000	-17,294	-17,282	-17,195	-16,995	-16,837	-16,734	-16,670	-16,624	-16,574	-16,549	-16,504	-16,470	-16,431	-16,359	-16,283	0,007	0,185	0,243	0,339	0,343	0,304	0,278	0,245	0,223	0,199	0,192	0,181	0,176	0,172	0,131	0,000	0,000
2,000	-10,874	-10,889	-10,869	-10,723	-10,621	-10,538	-10,494	-10,451	-10,401	-10,372	-10,311	-10,241	-10,151	-10,014	-9,857	-0,059	0,045	0,123	0,235	0,248	0,232	0,235	0,236	0,240	0,247	0,273	0,296	0,315	0,321	0,238	0,000	0,000
3,000	-21,256	-21,248	-21,189	-20,872	-20,653	-20,521	-20,453	-20,395	-20,345	-20,332	-20,302	-20,265	-20,221	-20,127	-20,021	-0,076	0,177	0,291	0,453	0,443	0,366	0,318	0,279	0,238	0,202	0,190	0,199	0,202	0,210	0,158	0,000	0,000
4,000	-11,323	-11,433	-11,331	-11,344	-11,311	-11,307	-11,304	-11,308	-11,311	-11,276	-11,249	-11,188	-11,062	-10,855	-10,590	-0,388	-0,065	-0,065	0,016	0,032	0,048	0,065	0,084	0,118	0,176	0,248	0,328	0,419	0,469	0,388	0,000	0,000
5,000	-12,498	-12,465	-12,611	-12,651	-12,656	-12,627	-12,613	-12,615	-12,584	-12,588	-12,554	-12,462	-12,324	-12,082	-11,784	-0,097	-0,222	-0,152	-0,030	0,005	0,029	0,069	0,102	0,146	0,197	0,281	0,376	0,474	0,529	0,429	0,000	0,000
6,000	-8,642	-8,663	-8,564	-8,432	-8,333	-8,282	-8,245	-8,220	-8,175	-8,157	-8,106	-8,043	-7,958	-7,809	-7,628	-0,048	0,105	0,164	0,223	0,221	0,200	0,197	0,194	0,206	0,208	0,251	0,289	0,323	0,346	0,268	0,000	0,000
7,000	-6,882	-6,849	-6,834	-6,767	-6,716	-6,686	-6,670	-6,663	-6,642	-6,637	-6,624	-6,604	-6,576	-6,524	-6,471	0,050	0,039	0,068	0,114	0,105	0,085	0,080	0,073	0,077	0,074	0,083	0,095	0,100	0,109	0,079	0,000	0,000
8,000	-19,514	-19,715	-19,716	-19,813	-19,797	-19,850	-19,887	-19,911	-19,942	-19,995	-20,007	-20,029	-20,028	-19,982	-19,925	-0,283	-0,170	-0,176	-0,139	-0,115	-0,133	-0,130	-0,133	-0,112	-0,096	-0,053	-0,013	0,024	0,067	0,060	0,000	0,000
9,000	-9,403	-9,390	-9,344	-9,190	-9,060	-8,951	-8,883	-8,832	-8,776	-8,735	-8,681	-8,619	-8,536	-8,410	-8,265	0,053	0,109	0,183	0,306	0,327	0,310	0,300	0,282	0,267	0,258	0,268	0,283	0,301	0,300	0,223	0,000	0,000
10,000	-9,400	-9,400	-9,274	-9,140	-9,044	-9,005	-8,983	-8,967	-8,947	-8,951	-8,925	-8,888	-8,832	-8,735	-8,629	-0,029	0,172	0,186	0,209	0,180	0,153	0,137	0,127	0,119	0,123	0,148	0,163	0,198	0,211	0,172	0,000	0,000
11,000	-9,955	-9,839	-9,808	-9,669	-9,593	-9,540	-9,506	-9,486	-9,452	-9,440	-9,400	-9,353	-9,283	-9,176	-9,049	0,153	0,161	0,181	0,215	0,209	0,169	0,171	0,160	0,163	0,168	0,188	0,219	0,241	0,248	0,195	0,000	0,000
12,000	-14,366	-14,388	-14,348	-14,288	-14,235	-14,209	-14,199	-14,193	-14,176	-14,183	-14,168	-14,127	-14,067	-13,950	-13,815	-0,015	0,071	0,088	0,103	0,098	0,081	0,089	0,084	0,091	0,103	0,147	0,180	0,215	0,246	0,204	0,000	0,000
13,000	-8,619	-8,581	-8,619	-8,621	-8,624	-8,610	-8,589	-8,584	-8,560	-8,521	-8,479	-8,414	-8,298	-8,150	-7,949	-0,051	-0,049	-0,043	0,019	0,043	0,068	0,096	0,117	0,150	0,189	0,242	0,297	0,346	0,372	0,294	0,000	0,000
14,000	-11,893	-11,625	-11,677	-11,557	-11,541	-11,496	-11,476	-11,468	-11,451	-11,450	-11,438	-11,400	-11,344	-11,220	-11,050	0,309	0,145	0,165	0,139	0,117	0,100	0,099	0,094	0,098	0,125	0,143	0,183	0,244	0,279	0,228	0,000	0,000
15,000	-7,004	-6,794	-6,604	-6,511	-6,437	-6,419	-6,411	-6,389	-6,380	-6,375	-6,361	-6,345	-6,320	-6,274	-6,225	0,960	0,726	0,515	0,295	0,214	0,171	0,141	0,116	0,098	0,087	0,093	0,091	0,102	0,105	0,085	0,000	0,000
	run	24	2022:11:08    11:08:46,086
0,000	-11,039	-10,855	-10,777	-10,759	-10,750	-10,754	-10,752	-10,747	-10,743	-10,751	-10,740	-10,721	-10,683	-10,617	-10,540	0,834	0,484	0,337	0,151	0,097	0,063	0,064	0,054	0,058	0,060	0,080	0,104	0,128	0,140	0,114	0,000	0,000
1,000	-17,294	-17,282	-17,195	-16,995	-16,837	-16,734	-16,670	-16,624	-16,574	-16,549	-16,504	-16,470	-16,431	-16,359	-16,283	0,007	0,185	0,243	0,339	0,343	0,304	0,278	0,245	0,223	0,199	0,192	0,181	0,176	0,172	0,131	0,000	0,000
2,000	-10,874	-10,889	-10,869	-10,723	-10,621	-10,538	-10,494	-10,451	-10,401	-10,372	-10,311	-10,241	-10,151	-10,014	-9,857	-0,059	0,045	0,123	0,235	0,248	0,232	0,235	0,236	0,240	0,247	0,273	0,296	0,315	0,321	0,238	0,000	0,000
3,000	-21,256	-21,248	-21,189	-20,872	-20,653	-20,521	-20,453	-20,395	-20,345	-20,332	-20,302	-20,265	-20,221	-20,127	-20,021	-0,076	0,177	0,291	0,453	0,443	0,366	0,318	0,279	0,238	0,202	0,190	0,199	0,202	0,210	0,158	0,000	0,000
4,000	-11,323	-11,433	-11,331	-11,344	-11,311	-11,307	-11,304	-11,308	-11,311	-11,276	-11,249	-11,188	-11,062	-10,855	-10,590	-0,388	-0,065	-0,065	0,016	0,032	0,048	0,065	0,084	0,118	0,176	0,248	0,328	0,419	0,469	0,388	0,000	0,000
5,000	-12,498	-12,465	-12,611	-12,651	-12,656	-12,627	-12,613	-12,615	-12,584	-12,588	-12,554	-12,462	-12,324	-12,082	-11,784	-0,097	-0,222	-0,152	-0,030	0,005	0,029	0,069	0,102	0,146	0,197	0,281	0,376	0,474	0,529	0,429	0,000	0,000
6,000	-8,550	-8,565	-8,473	-8,344	-8,240	-8,185	-8,156	-8,126	-8,090	-8,070	-8,023	-7,953	-7,873	-7,722	-7,540	-0,070	0,121	0,154	0,228	0,215	0,198	0,204	0,191	0,198	0,207	0,250	0,280	0,317	0,341	0,264	0,000	0,000
7,000	-6,800	-6,760	-6,766	-6,699	-6,653	-6,625	-6,606	-6,598	-6,586	-6,579	-6,566	-6,543	-6,516	-6,469	-6,415	0,035	0,029	0,055	0,101	0,094	0,076	0,081	0,070	0,074	0,070	0,081	0,092	0,102	0,102	0,076	0,000	0,000
8,000	-19,341	-19,511	-19,499	-19,598	-19,576	-19,629	-19,664	-19,692	-19,718	-19,771	-19,789	-19,802	-19,802	-19,757	-19,697	-0,299	-0,156	-0,163	-0,119	-0,111	-0,131	-0,125	-0,127	-0,104	-0,097	-0,050	-0,012	0,023	0,071	0,062	0,000	0,000
9,000	-9,364	-9,351	-9,300	-9,157	-9,035	-8,925	-8,859	-8,811	-8,755	-8,712	-8,661	-8,599	-8,508	-8,393	-8,248	0,039	0,105	0,173	0,297	0,315	0,307	0,300	0,269	0,263	0,247	0,262	0,282	0,301	0,296	0,223	0,000	0,000
10,000	-9,414	-9,411	-9,292	-9,150	-9,054	-9,018	-8,995	-8,979	-8,957	-8,962	-8,932	-8,901	-8,845	-8,748	-8,638	-0,030	0,168	0,180	0,212	0,180	0,152	0,136	0,130	0,115	0,127	0,148	0,164	0,200	0,209	0,167	0,000	0,000
11,000	-10,012	-9,888	-9,859	-9,717	-9,639	-9,582	-9,549	-9,532	-9,500	-9,484	-9,446	-9,398	-9,330	-9,226	-9,097	0,155	0,159	0,181	0,216	0,203	0,170	0,171	0,162	0,167	0,170	0,192	0,218	0,238	0,245	0,192	0,000	0,000
12,000	-14,407	-14,441	-14,377	-14,329	-14,279	-14,253	-14,247	-14,234	-14,224	-14,226	-14,196	-14,163	-14,110	-13,985	-13,848	-0,010	0,068	0,078	0,109	0,100	0,080	0,083	0,090	0,097	0,099	0,142	0,178	0,222	0,256	0,201	0,000	0,000
13,000	-8,673	-8,613	-8,669	-8,672	-8,665	-8,649	-8,634	-8,625	-8,600	-8,570	-8,515	-8,450	-8,345	-8,185	-7,977	-0,043	-0,049	-0,031	0,021	0,046	0,070	0,098	0,123	0,150	0,193	0,241	0,298	0,355	0,375	0,304	0,000	0,000
14,000	-11,918	-11,648	-11,706	-11,575	-11,557	-11,517	-11,498	-11,499	-11,476	-11,473	-11,458	-11,423	-11,363	-11,233	-11,067	0,316	0,139	0,160	0,150	0,115	0,103	0,103	0,092	0,110	0,112	0,154	0,189	0,246	0,278	0,230	0,000	0,000
15,000	-7,049	-6,843	-6,639	-6,543	-6,470	-6,455	-6,438	-6,421	-6,409	-6,412	-6,395	-6,380	-6,350	-6,301	-6,258	0,961	0,724	0,518	0,290	0,213	0,164	0,140	0,121	0,100	0,089	0,088	0,094	0,104	0,105	0,083	0,000	0,000
	run	25	2022:11:08    11:08:46,186
0,000	-11,041	-10,847	-10,779	-10,761	-10,743	-10,748	-10,750	-10,746	-10,737	-10,745	-10,732	-10,717	-10,682	-10,616	-10,539	0,839	0,490	0,336	0,146	0,092	0,070	0,060	0,054	0,053	0,060	0,078	0,100	0,127	0,141	0,112	0,000	0,000
1,000	-17,220	-17,202	-17,111	-16,916	-16,759	-16,656	-16,592	-16,543	-16,505	-16,475	-16,434	-16,397	-16,353	-16,287	-16,211	0,003	0,177	0,232	0,334	0,341	0,297	0,279	0,237	0,214	0,201	0,191	0,182	0,175	0,170	0,125	0,000	0,000
2,000	-10,770	-10,781	-10,760	-10,628	-10,520	-10,444	-10,401	-10,364	-10,312	-10,283	-10,222	-10,152	-10,061	-9,925	-9,774	-0,084	0,036	0,119	0,236	0,239	0,221	0,231	0,230	0,236	0,243	0,261	0,296	0,311	0,317	0,238	0,000	0,000
3,000	-21,023	-21,024	-20,957	-20,665	-20,455	-20,325	-20,253	-20,200	-20,146	-20,139	-20,104	-20,063	-20,023	-19,927	-19,828	-0,084	0,163	0,261	0,440	0,430	0,359	0,315	0,273	0,237	0,194	0,186	0,199	0,200	0,213	0,157	0,000	0,000
4,000	-11,228	-11,339	-11,230	-11,241	-11,207	-11,201	-11,201	-11,201	-11,196	-11,174	-11,149	-11,081	-10,952	-10,754	-10,486	-0,368	-0,072	-0,058	0,021	0,031	0,043	0,066	0,087	0,116	0,169	0,259	0,325	0,407	0,460	0,385	0,000	0,000
5,000	-12,454	-12,418	-12,591	-12,622	-12,626	-12,606	-12,583	-12,588	-12,559	-12,557	-12,513	-12,435	-12,290	-12,049	-11,751	-0,085	-0,205	-0,159	-0,035	0,005	0,030	0,067	0,096	0,145	0,190	0,275	0,375	0,481	0,536	0,431	0,000	0,000
6,000	-8,550	-8,566	-8,479	-8,342	-8,247	-8,189	-8,163	-8,129	-8,094	-8,070	-8,022	-7,953	-7,877	-7,723	-7,546	-0,047	0,104	0,157	0,223	0,218	0,196	0,198	0,195	0,201	0,214	0,245	0,281	0,315	0,342	0,261	0,000	0,000
7,000	-6,832	-6,785	-6,798	-6,716	-6,673	-6,640	-6,632	-6,619	-6,602	-6,598	-6,586	-6,562	-6,535	-6,487	-6,431	0,034	0,044	0,064	0,113	0,100	0,077	0,081	0,076	0,074	0,071	0,081	0,093	0,102	0,107	0,080	0,000	0,000
8,000	-19,474	-19,663	-19,664	-19,755	-19,740	-19,792	-19,827	-19,859	-19,884	-19,937	-19,949	-19,961	-19,964	-19,921	-19,862	-0,295	-0,175	-0,157	-0,122	-0,114	-0,128	-0,126	-0,123	-0,107	-0,091	-0,050	-0,015	0,026	0,072	0,065	0,000	0,000
9,000	-9,430	-9,418	-9,350	-9,200	-9,071	-8,958	-8,899	-8,850	-8,786	-8,745	-8,688	-8,630	-8,550	-8,424	-8,280	0,042	0,112	0,190	0,304	0,320	0,304	0,294	0,276	0,266	0,257	0,269	0,283	0,294	0,297	0,221	0,000	0,000
10,000	-9,484	-9,472	-9,344	-9,205	-9,105	-9,067	-9,042	-9,032	-9,012	-9,007	-8,987	-8,953	-8,896	-8,801	-8,690	-0,028	0,182	0,181	0,216	0,188	0,158	0,139	0,131	0,116	0,122	0,145	0,161	0,199	0,211	0,170	0,000	0,000
11,000	-10,012	-9,890	-9,862	-9,722	-9,636	-9,584	-9,553	-9,532	-9,501	-9,484	-9,441	-9,401	-9,330	-9,224	-9,094	0,144	0,159	0,186	0,214	0,204	0,174	0,170	0,158	0,164	0,167	0,189	0,216	0,245	0,246	0,194	0,000	0,000
12,000	-14,355	-14,399	-14,332	-14,292	-14,225	-14,202	-14,193	-14,188	-14,168	-14,182	-14,150	-14,111	-14,058	-13,937	-13,799	-0,010	0,078	0,082	0,109	0,106	0,084	0,085	0,085	0,092	0,105	0,138	0,190	0,223	0,256	0,200	0,000	0,000
13,000	-8,593	-8,540	-8,596	-8,598	-8,605	-8,585	-8,565	-8,555	-8,530	-8,496	-8,448	-8,379	-8,272	-8,121	-7,907	-0,049	-0,044	-0,037	0,018	0,043	0,068	0,094	0,124	0,157	0,194	0,242	0,305	0,352	0,379	0,298	0,000	0,000
14,000	-11,906	-11,591	-11,663	-11,532	-11,508	-11,474	-11,443	-11,445	-11,432	-11,423	-11,406	-11,377	-11,309	-11,193	-11,026	0,334	0,147	0,161	0,142	0,121	0,096	0,101	0,091	0,096	0,117	0,152	0,187	0,245	0,278	0,234	0,000	0,000
15,000	-7,009	-6,800	-6,605	-6,506	-6,429	-6,414	-6,406	-6,384	-6,372	-6,370	-6,356	-6,343	-6,314	-6,269	-6,221	0,963	0,721	0,514	0,297	0,215	0,168	0,138	0,112	0,098	0,090	0,088	0,093	0,106	0,103	0,081	0,000	0,000
	run	26	2022:11:08    11:08:46,286
0,000	-10,871	-10,695	-10,622	-10,597	-10,587	-10,592	-10,590	-10,586	-10,581	-10,583	-10,581	-10,561	-10,527	-10,461	-10,383	0,819	0,478	0,331	0,142	0,098	0,063	0,065	0,055	0,052	0,058	0,070	0,101	0,128	0,140	0,113	0,000	0,000
1,000	-16,920	-16,922	-16,827	-16,657	-16,511	-16,409	-16,356	-16,309	-16,260	-16,232	-16,193	-16,150	-16,112	-16,048	-15,975	-0,015	0,151	0,204	0,305	0,324	0,285	0,263	0,232	0,214	0,191	0,179	0,177	0,171	0,172	0,123	0,000	0,000
2,000	-10,578	-10,598	-10,592	-10,454	-10,347	-10,271	-10,228	-10,196	-10,144	-10,113	-10,053	-9,983	-9,899	-9,767	-9,620	-0,088	0,022	0,104	0,219	0,236	0,219	0,229	0,221	0,229	0,238	0,266	0,283	0,304	0,304	0,228	0,000	0,000
3,000	-20,812	-20,851	-20,792	-20,513	-20,310	-20,180	-20,111	-20,055	-20,000	-19,992	-19,957	-19,925	-19,879	-19,784	-19,684	-0,121	0,126	0,234	0,419	0,418	0,356	0,313	0,272	0,231	0,195	0,189	0,198	0,203	0,206	0,157	0,000	0,000
4,000	-11,171	-11,269	-11,191	-11,181	-11,154	-11,141	-11,146	-11,138	-11,141	-11,118	-11,087	-11,019	-10,897	-10,702	-10,442	-0,365	-0,077	-0,058	0,016	0,038	0,051	0,069	0,081	0,111	0,170	0,251	0,318	0,408	0,458	0,379	0,000	0,000
5,000	-12,551	-12,525	-12,686	-12,731	-12,727	-12,711	-12,696	-12,693	-12,667	-12,662	-12,617	-12,523	-12,395	-12,148	-11,840	-0,106	-0,230	-0,163	-0,033	0,008	0,027	0,078	0,102	0,149	0,198	0,291	0,392	0,489	0,539	0,442	0,000	0,000
6,000	-8,775	-8,773	-8,677	-8,546	-8,448	-8,388	-8,356	-8,330	-8,287	-8,268	-8,216	-8,150	-8,059	-7,900	-7,717	-0,075	0,115	0,157	0,224	0,223	0,198	0,203	0,190	0,201	0,221	0,253	0,301	0,332	0,360	0,274	0,000	0,000
7,000	-7,086	-7,027	-7,017	-6,921	-6,871	-6,839	-6,822	-6,809	-6,791	-6,790	-6,773	-6,745	-6,716	-6,664	-6,604	0,052	0,069	0,100	0,129	0,110	0,097	0,092	0,087	0,079	0,078	0,089	0,105	0,112	0,118	0,089	0,000	0,000
8,000	-19,755	-19,966	-19,949	-20,076	-20,069	-20,118	-20,155	-20,186	-20,215	-20,263	-20,282	-20,291	-20,300	-20,255	-20,195	-0,286	-0,170	-0,185	-0,145	-0,131	-0,144	-0,135	-0,137	-0,117	-0,092	-0,055	-0,008	0,024	0,067	0,067	0,000	0,000
9,000	-9,568	-9,544	-9,486	-9,302	-9,169	-9,045	-8,985	-8,935	-8,876	-8,837	-8,773	-8,717	-8,632	-8,507	-8,360	0,050	0,142	0,215	0,331	0,347	0,314	0,311	0,281	0,273	0,262	0,272	0,295	0,304	0,303	0,231	0,000	0,000
10,000	-9,501	-9,492	-9,363	-9,224	-9,131	-9,094	-9,071	-9,055	-9,034	-9,036	-9,004	-8,978	-8,918	-8,821	-8,707	-0,046	0,172	0,187	0,217	0,185	0,158	0,140	0,125	0,118	0,128	0,150	0,169	0,201	0,216	0,171	0,000	0,000
11,000	-9,987	-9,870	-9,842	-9,702	-9,617	-9,560	-9,530	-9,510	-9,475	-9,459	-9,417	-9,373	-9,307	-9,197	-9,071	0,142	0,166	0,183	0,219	0,210	0,174	0,173	0,162	0,164	0,166	0,196	0,219	0,239	0,253	0,196	0,000	0,000
12,000	-14,261	-14,298	-14,232	-14,181	-14,124	-14,105	-14,097	-14,089	-14,071	-14,079	-14,046	-14,011	-13,962	-13,844	-13,703	-0,002	0,073	0,083	0,109	0,098	0,083	0,088	0,084	0,092	0,108	0,144	0,181	0,220	0,251	0,199	0,000	0,000
13,000	-8,545	-8,520	-8,568	-8,570	-8,565	-8,548	-8,532	-8,524	-8,494	-8,463	-8,414	-8,346	-8,241	-8,080	-7,874	-0,051	-0,056	-0,032	0,013	0,043	0,073	0,094	0,120	0,154	0,191	0,245	0,303	0,351	0,370	0,299	0,000	0,000
14,000	-11,783	-11,473	-11,556	-11,409	-11,399	-11,362	-11,345	-11,341	-11,326	-11,309	-11,308	-11,269	-11,204	-11,090	-10,924	0,349	0,160	0,163	0,141	0,118	0,102	0,100	0,098	0,092	0,122	0,155	0,185	0,243	0,267	0,231	0,000	0,000
15,000	-6,939	-6,740	-6,553	-6,453	-6,391	-6,371	-6,363	-6,339	-6,324	-6,327	-6,311	-6,299	-6,275	-6,225	-6,181	0,956	0,722	0,507	0,288	0,212	0,166	0,138	0,111	0,096	0,086	0,084	0,087	0,101	0,106	0,083	0,000	0,000
	run	27	2022:11:08    11:08:46,334
0,000	-10,742	-10,551	-10,488	-10,468	-10,450	-10,452	-10,454	-10,450	-10,445	-10,452	-10,441	-10,420	-10,389	-10,326	-10,248	0,816	0,468	0,327	0,148	0,095	0,063	0,063	0,056	0,055	0,058	0,074	0,106	0,129	0,138	0,106	0,000	0,000
1,000	-16,655	-16,674	-16,582	-16,420	-16,292	-16,183	-16,126	-16,083	-16,042	-16,012	-15,972	-15,937	-15,895	-15,831	-15,759	-0,036	0,145	0,196	0,293	0,306	0,274	0,257	0,223	0,207	0,184	0,178	0,172	0,168	0,166	0,123	0,000	0,000
2,000	-10,578	-10,598	-10,592	-10,454	-10,347	-10,271	-10,228	-10,196	-10,144	-10,113	-10,053	-9,983	-9,899	-9,767	-9,620	-0,088	0,022	0,104	0,219	0,236	0,219	0,229	0,221	0,229	0,238	0,266	0,283	0,304	0,304	0,228	0,000	0,000
3,000	-20,812	-20,851	-20,792	-20,513	-20,310	-20,180	-20,111	-20,055	-20,000	-19,992	-19,957	-19,925	-19,879	-19,784	-19,684	-0,121	0,126	0,234	0,419	0,418	0,356	0,313	0,272	0,231	0,195	0,189	0,198	0,203	0,206	0,157	0,000	0,000
4,000	-11,171	-11,269	-11,191	-11,181	-11,154	-11,141	-11,146	-11,138	-11,141	-11,118	-11,087	-11,019	-10,897	-10,702	-10,442	-0,365	-0,077	-0,058	0,016	0,038	0,051	0,069	0,081	0,111	0,170	0,251	0,318	0,408	0,458	0,379	0,000	0,000
5,000	-12,551	-12,525	-12,686	-12,731	-12,727	-12,711	-12,696	-12,693	-12,667	-12,662	-12,617	-12,523	-12,395	-12,148	-11,840	-0,106	-0,230	-0,163	-0,033	0,008	0,027	0,078	0,102	0,149	0,198	0,291	0,392	0,489	0,539	0,442	0,000	0,000
6,000	-8,775	-8,773	-8,677	-8,546	-8,448	-8,388	-8,356	-8,330	-8,287	-8,268	-8,216	-8,150	-8,059	-7,900	-7,717	-0,075	0,115	0,157	0,224	0,223	0,198	0,203	0,190	0,201	0,221	0,253	0,301	0,332	0,360	0,274	0,000	0,000
7,000	-7,086	-7,027	-7,017	-6,921	-6,871	-6,839	-6,822	-6,809	-6,791	-6,790	-6,773	-6,745	-6,716	-6,664	-6,604	0,052	0,069	0,100	0,129	0,110	0,097	0,092	0,087	0,079	0,078	0,089	0,105	0,112	0,118	0,089	0,000	0,000
8,000	-20,090	-20,293	-20,283	-20,410	-20,408	-20,460	-20,503	-20,532	-20,556	-20,613	-20,620	-20,647	-20,648	-20,599	-20,539	-0,301	-0,211	-0,189	-0,155	-0,139	-0,143	-0,142	-0,136	-0,119	-0,100	-0,050	-0,009	0,020	0,072	0,075	0,000	0,000
9,000	-9,715	-9,654	-9,572	-9,390	-9,249	-9,128	-9,064	-9,010	-8,953	-8,912	-8,854	-8,791	-8,707	-8,579	-8,429	0,071	0,152	0,239	0,351	0,357	0,321	0,314	0,289	0,278	0,268	0,279	0,303	0,315	0,314	0,233	0,000	0,000
10,000	-9,575	-9,574	-9,439	-9,292	-9,190	-9,152	-9,132	-9,116	-9,096	-9,098	-9,071	-9,035	-8,977	-8,883	-8,765	-0,034	0,183	0,198	0,223	0,187	0,161	0,141	0,128	0,122	0,128	0,153	0,167	0,210	0,216	0,173	0,000	0,000
11,000	-9,970	-9,854	-9,814	-9,669	-9,586	-9,523	-9,496	-9,475	-9,442	-9,421	-9,382	-9,340	-9,274	-9,164	-9,036	0,153	0,178	0,190	0,224	0,213	0,180	0,179	0,167	0,168	0,169	0,190	0,226	0,244	0,256	0,197	0,000	0,000
12,000	-14,302	-14,337	-14,270	-14,223	-14,165	-14,148	-14,142	-14,125	-14,107	-14,120	-14,094	-14,057	-14,000	-13,883	-13,742	-0,017	0,074	0,081	0,105	0,093	0,076	0,085	0,083	0,093	0,102	0,142	0,180	0,225	0,245	0,198	0,000	0,000
13,000	-8,525	-8,498	-8,540	-8,550	-8,537	-8,527	-8,511	-8,498	-8,478	-8,446	-8,398	-8,329	-8,219	-8,065	-7,857	-0,052	-0,040	-0,035	0,014	0,043	0,066	0,096	0,120	0,156	0,189	0,247	0,301	0,351	0,370	0,296	0,000	0,000
14,000	-11,706	-11,407	-11,467	-11,344	-11,324	-11,287	-11,264	-11,270	-11,245	-11,242	-11,219	-11,190	-11,134	-11,019	-10,857	0,359	0,137	0,171	0,142	0,118	0,100	0,091	0,091	0,096	0,113	0,148	0,182	0,240	0,267	0,226	0,000	0,000
15,000	-6,854	-6,650	-6,453	-6,363	-6,293	-6,280	-6,271	-6,248	-6,239	-6,239	-6,224	-6,210	-6,185	-6,139	-6,091	0,932	0,708	0,503	0,288	0,210	0,159	0,134	0,116	0,092	0,090	0,082	0,085	0,099	0,103	0,083	0,000	0,000
