Device: PM2003001		2022:11:08    11:38:01,897  (DLL version: 1.20;  Status: HW:v1.02 SW:v1.3 CRC:31ED BATTERY:4154mV ST:0 ERR:0000;  MUX data; S: 92 I:143 R:200.000 C:1.094p F:)
Excitation level, V:	2,00
Voltage Channel Gain:	5
Current Channel Gain:	1
Voltmeter Range, V:	0,6
Ampermeter Range, A:	15,0m
Step Period, ms:	5
R transimp:	200
C transimp:	1,1p
Measurement Table: 	EEPROM  16

Freq, Hz	1,0k	2,0k	3,0k	7,0k	11,0k	17,0k	23,0k	31,0k	43,0k	61,0k	89,0k	127,0k	179,0k	251,0k	349,0k	1,0k	2,0k	3,0k	7,0k	11,0k	17,0k	23,0k	31,0k	43,0k	61,0k	89,0k	127,0k	179,0k	251,0k	349,0k
	run	1	2022:11:08    11:38:01,900
MUX	Re1, ohm	Re2, ohm	Re3, ohm	Re4, ohm	Re5, ohm	Re6, ohm	Re7, ohm	Re8, ohm	Re9, ohm	Re10, ohm	Re11, ohm	Re12, ohm	Re13, ohm	Re14, ohm	Re15, ohm	Im1, ohm	Im2, ohm	Im3, ohm	Im4, ohm	Im5, ohm	Im6, ohm	Im7, ohm	Im8, ohm	Im9, ohm	Im10, ohm	Im11, ohm	Im12, ohm	Im13, ohm	Im14, ohm	Im15, ohm	U, V	I, mA

0,000	-13,207	-13,297	-13,300	-13,380	-13,407	-13,424	-13,442	-13,447	-13,446	-13,456	-13,449	-13,420	-13,382	-13,285	-13,177	-0,156	-0,136	-0,118	-0,096	-0,079	-0,058	-0,029	-0,012	0,009	0,031	0,077	0,121	0,166	0,187	0,152	0,000	0,000
1,000	-16,694	-16,653	-16,558	-16,326	-16,139	-16,017	-15,949	-15,888	-15,824	-15,783	-15,733	-15,669	-15,611	-15,512	-15,404	0,089	0,250	0,303	0,408	0,409	0,363	0,344	0,308	0,283	0,262	0,255	0,252	0,249	0,247	0,176	0,000	0,000
2,000	-10,269	-10,268	-10,225	-10,079	-9,973	-9,895	-9,853	-9,814	-9,757	-9,723	-9,660	-9,578	-9,483	-9,333	-9,164	0,066	0,134	0,180	0,252	0,262	0,246	0,251	0,248	0,254	0,261	0,298	0,325	0,344	0,348	0,259	0,000	0,000
3,000	-20,215	-20,209	-20,113	-19,792	-19,575	-19,447	-19,373	-19,314	-19,262	-19,246	-19,213	-19,173	-19,125	-19,018	-18,894	0,091	0,278	0,368	0,488	0,471	0,390	0,338	0,291	0,252	0,212	0,208	0,221	0,233	0,245	0,187	0,000	0,000
4,000	-10,778	-10,825	-10,731	-10,723	-10,692	-10,691	-10,691	-10,688	-10,684	-10,670	-10,621	-10,550	-10,417	-10,198	-9,912	-0,176	0,015	-0,001	0,039	0,046	0,058	0,081	0,100	0,129	0,191	0,278	0,364	0,451	0,504	0,416	0,000	0,000
5,000	-12,246	-12,235	-12,374	-12,404	-12,393	-12,383	-12,371	-12,369	-12,342	-12,341	-12,293	-12,216	-12,089	-11,845	-11,539	-0,100	-0,200	-0,131	-0,020	0,014	0,032	0,072	0,105	0,141	0,191	0,275	0,377	0,472	0,531	0,434	0,000	0,000
6,000	-6,955	-6,682	-6,532	-6,338	-6,232	-6,167	-6,128	-6,097	-6,059	-6,036	-6,000	-5,960	-5,913	-5,845	-5,772	0,839	0,638	0,525	0,396	0,329	0,262	0,237	0,215	0,192	0,182	0,178	0,177	0,175	0,171	0,123	0,000	0,000
7,000	-2,115	-1,878	-1,856	-1,790	-1,770	-1,749	-1,739	-1,737	-1,725	-1,721	-1,712	-1,700	-1,684	-1,650	-1,614	1,661	0,831	0,565	0,285	0,201	0,139	0,118	0,096	0,080	0,073	0,067	0,072	0,073	0,075	0,059	0,000	0,000
8,000	-11,027	-10,133	-9,843	-9,565	-9,473	-9,447	-9,428	-9,427	-9,434	-9,453	-9,470	-9,474	-9,469	-9,445	-9,394	3,914	2,329	1,635	0,812	0,540	0,356	0,253	0,179	0,111	0,078	0,058	0,052	0,063	0,076	0,072	0,000	0,000
9,000	-9,947	-9,818	-9,746	-9,525	-9,383	-9,261	-9,204	-9,158	-9,106	-9,076	-9,031	-8,990	-8,932	-8,848	-8,757	0,156	0,228	0,284	0,366	0,358	0,316	0,290	0,260	0,237	0,211	0,210	0,207	0,211	0,206	0,145	0,000	0,000
10,000	-10,413	-10,464	-10,364	-10,231	-10,151	-10,119	-10,095	-10,081	-10,049	-10,046	-10,023	-9,990	-9,938	-9,857	-9,762	-0,345	0,000	0,055	0,152	0,141	0,126	0,116	0,115	0,110	0,122	0,144	0,153	0,172	0,189	0,147	0,000	0,000
11,000	-10,183	-10,118	-10,095	-9,958	-9,879	-9,830	-9,795	-9,774	-9,747	-9,726	-9,689	-9,644	-9,578	-9,480	-9,363	-0,063	0,053	0,108	0,178	0,176	0,156	0,158	0,152	0,154	0,158	0,182	0,204	0,223	0,235	0,176	0,000	0,000
12,000	-15,422	-15,496	-15,420	-15,387	-15,330	-15,311	-15,308	-15,300	-15,288	-15,304	-15,271	-15,241	-15,192	-15,081	-14,952	-0,151	0,009	0,041	0,077	0,078	0,067	0,067	0,071	0,072	0,083	0,118	0,167	0,206	0,233	0,189	0,000	0,000
13,000	-8,473	-8,490	-8,493	-8,497	-8,480	-8,468	-8,452	-8,432	-8,401	-8,365	-8,314	-8,243	-8,135	-7,970	-7,765	-0,065	-0,024	-0,015	0,034	0,065	0,095	0,116	0,138	0,169	0,210	0,255	0,311	0,362	0,385	0,305	0,000	0,000
14,000	-11,848	-11,728	-11,780	-11,721	-11,718	-11,684	-11,670	-11,668	-11,656	-11,652	-11,634	-11,584	-11,506	-11,367	-11,158	-0,006	-0,046	0,013	0,060	0,064	0,063	0,079	0,079	0,098	0,120	0,166	0,227	0,294	0,342	0,278	0,000	0,000
15,000	-9,006	-9,123	-9,031	-9,033	-8,981	-8,988	-8,982	-8,961	-8,939	-8,930	-8,911	-8,878	-8,834	-8,753	-8,666	-0,174	0,042	0,015	0,050	0,055	0,063	0,064	0,080	0,083	0,097	0,122	0,139	0,161	0,171	0,140	0,000	0,000
	run	2	2022:11:08    11:38:01,948
0,000	-13,298	-13,392	-13,383	-13,484	-13,504	-13,529	-13,541	-13,548	-13,547	-13,555	-13,553	-13,522	-13,476	-13,387	-13,275	-0,165	-0,140	-0,122	-0,101	-0,082	-0,052	-0,035	-0,018	0,006	0,034	0,073	0,119	0,166	0,193	0,155	0,000	0,000
1,000	-16,675	-16,648	-16,549	-16,318	-16,151	-16,023	-15,954	-15,888	-15,829	-15,795	-15,734	-15,679	-15,616	-15,516	-15,405	0,093	0,237	0,281	0,400	0,408	0,367	0,341	0,304	0,288	0,261	0,259	0,253	0,252	0,250	0,181	0,000	0,000
2,000	-10,269	-10,268	-10,225	-10,079	-9,973	-9,895	-9,853	-9,814	-9,757	-9,723	-9,660	-9,578	-9,483	-9,333	-9,164	0,066	0,134	0,180	0,252	0,262	0,246	0,251	0,248	0,254	0,261	0,298	0,325	0,344	0,348	0,259	0,000	0,000
3,000	-20,215	-20,209	-20,113	-19,792	-19,575	-19,447	-19,373	-19,314	-19,262	-19,246	-19,213	-19,173	-19,125	-19,018	-18,894	0,091	0,278	0,368	0,488	0,471	0,390	0,338	0,291	0,252	0,212	0,208	0,221	0,233	0,245	0,187	0,000	0,000
4,000	-10,778	-10,825	-10,731	-10,723	-10,692	-10,691	-10,691	-10,688	-10,684	-10,670	-10,621	-10,550	-10,417	-10,198	-9,912	-0,176	0,015	-0,001	0,039	0,046	0,058	0,081	0,100	0,129	0,191	0,278	0,364	0,451	0,504	0,416	0,000	0,000
5,000	-12,246	-12,235	-12,374	-12,404	-12,393	-12,383	-12,371	-12,369	-12,342	-12,341	-12,293	-12,216	-12,089	-11,845	-11,539	-0,100	-0,200	-0,131	-0,020	0,014	0,032	0,072	0,105	0,141	0,191	0,275	0,377	0,472	0,531	0,434	0,000	0,000
6,000	-6,955	-6,682	-6,532	-6,338	-6,232	-6,167	-6,128	-6,097	-6,059	-6,036	-6,000	-5,960	-5,913	-5,845	-5,772	0,839	0,638	0,525	0,396	0,329	0,262	0,237	0,215	0,192	0,182	0,178	0,177	0,175	0,171	0,123	0,000	0,000
7,000	-2,115	-1,878	-1,856	-1,790	-1,770	-1,749	-1,739	-1,737	-1,725	-1,721	-1,712	-1,700	-1,684	-1,650	-1,614	1,661	0,831	0,565	0,285	0,201	0,139	0,118	0,096	0,080	0,073	0,067	0,072	0,073	0,075	0,059	0,000	0,000
8,000	-11,070	-10,184	-9,874	-9,596	-9,503	-9,476	-9,459	-9,458	-9,461	-9,478	-9,498	-9,505	-9,501	-9,472	-9,429	3,959	2,354	1,668	0,827	0,543	0,353	0,257	0,177	0,108	0,075	0,055	0,046	0,061	0,077	0,068	0,000	0,000
9,000	-9,977	-9,840	-9,746	-9,513	-9,362	-9,250	-9,188	-9,142	-9,088	-9,062	-9,017	-8,976	-8,918	-8,838	-8,751	0,157	0,257	0,309	0,385	0,366	0,318	0,298	0,260	0,240	0,212	0,205	0,208	0,204	0,196	0,144	0,000	0,000
10,000	-10,309	-10,386	-10,287	-10,184	-10,096	-10,064	-10,040	-10,032	-9,998	-9,994	-9,970	-9,943	-9,882	-9,801	-9,706	-0,355	-0,028	0,038	0,139	0,126	0,120	0,113	0,113	0,112	0,122	0,137	0,150	0,179	0,187	0,143	0,000	0,000
11,000	-10,166	-10,100	-10,074	-9,940	-9,862	-9,806	-9,776	-9,752	-9,723	-9,708	-9,661	-9,621	-9,555	-9,454	-9,336	-0,055	0,058	0,106	0,189	0,189	0,160	0,160	0,157	0,154	0,162	0,181	0,210	0,226	0,235	0,178	0,000	0,000
12,000	-15,364	-15,445	-15,361	-15,331	-15,273	-15,262	-15,259	-15,246	-15,237	-15,245	-15,229	-15,194	-15,139	-15,024	-14,896	-0,150	0,001	0,035	0,068	0,071	0,063	0,067	0,063	0,074	0,079	0,130	0,165	0,205	0,234	0,187	0,000	0,000
13,000	-8,665	-8,689	-8,678	-8,684	-8,668	-8,650	-8,634	-8,613	-8,586	-8,545	-8,499	-8,422	-8,317	-8,151	-7,935	-0,076	-0,027	-0,008	0,035	0,069	0,094	0,121	0,136	0,175	0,205	0,265	0,315	0,363	0,385	0,308	0,000	0,000
14,000	-12,039	-11,910	-11,974	-11,901	-11,895	-11,867	-11,848	-11,847	-11,836	-11,825	-11,821	-11,767	-11,679	-11,527	-11,311	0,020	-0,048	0,012	0,060	0,066	0,063	0,076	0,079	0,098	0,128	0,177	0,241	0,311	0,354	0,292	0,000	0,000
15,000	-9,068	-9,191	-9,098	-9,106	-9,056	-9,060	-9,049	-9,028	-9,014	-9,003	-8,977	-8,949	-8,895	-8,824	-8,736	-0,183	0,033	0,012	0,052	0,060	0,065	0,072	0,080	0,089	0,096	0,117	0,139	0,162	0,171	0,138	0,000	0,000
	run	3	2022:11:08    11:38:02,048
0,000	-13,059	-13,131	-13,145	-13,224	-13,242	-13,262	-13,274	-13,278	-13,279	-13,294	-13,280	-13,255	-13,208	-13,119	-13,009	-0,153	-0,127	-0,118	-0,093	-0,072	-0,051	-0,026	-0,008	0,009	0,030	0,075	0,118	0,155	0,182	0,145	0,000	0,000
1,000	-16,355	-16,337	-16,253	-16,034	-15,866	-15,746	-15,674	-15,608	-15,550	-15,513	-15,458	-15,408	-15,349	-15,248	-15,138	0,073	0,216	0,268	0,381	0,390	0,348	0,332	0,296	0,278	0,250	0,246	0,249	0,246	0,239	0,177	0,000	0,000
2,000	-10,112	-10,111	-10,061	-9,931	-9,820	-9,749	-9,700	-9,663	-9,610	-9,575	-9,509	-9,426	-9,338	-9,194	-9,030	0,071	0,134	0,174	0,253	0,261	0,241	0,243	0,244	0,251	0,253	0,289	0,314	0,339	0,335	0,252	0,000	0,000
3,000	-20,007	-20,020	-19,932	-19,643	-19,431	-19,300	-19,226	-19,170	-19,113	-19,108	-19,065	-19,031	-18,978	-18,876	-18,748	0,049	0,253	0,336	0,465	0,455	0,382	0,337	0,293	0,245	0,212	0,211	0,222	0,233	0,243	0,184	0,000	0,000
4,000	-10,769	-10,827	-10,714	-10,707	-10,675	-10,672	-10,676	-10,672	-10,662	-10,645	-10,602	-10,533	-10,404	-10,189	-9,905	-0,173	0,014	0,013	0,048	0,054	0,065	0,085	0,098	0,130	0,187	0,273	0,360	0,444	0,496	0,409	0,000	0,000
5,000	-12,289	-12,261	-12,405	-12,437	-12,426	-12,405	-12,406	-12,402	-12,373	-12,378	-12,329	-12,248	-12,118	-11,873	-11,570	-0,102	-0,205	-0,147	-0,021	0,015	0,039	0,077	0,112	0,144	0,192	0,272	0,373	0,468	0,529	0,431	0,000	0,000
6,000	-6,900	-6,650	-6,492	-6,306	-6,193	-6,132	-6,092	-6,065	-6,030	-6,005	-5,966	-5,925	-5,877	-5,808	-5,728	0,814	0,632	0,519	0,386	0,321	0,264	0,239	0,211	0,197	0,175	0,178	0,175	0,179	0,173	0,126	0,000	0,000
7,000	-2,150	-1,883	-1,864	-1,796	-1,774	-1,755	-1,747	-1,745	-1,735	-1,726	-1,723	-1,706	-1,690	-1,660	-1,628	1,649	0,822	0,572	0,287	0,203	0,134	0,115	0,091	0,078	0,071	0,065	0,067	0,071	0,073	0,054	0,000	0,000
8,000	-11,132	-10,260	-9,947	-9,686	-9,584	-9,563	-9,536	-9,544	-9,551	-9,562	-9,582	-9,587	-9,583	-9,555	-9,510	3,888	2,325	1,638	0,807	0,531	0,355	0,254	0,175	0,106	0,075	0,058	0,046	0,064	0,077	0,066	0,000	0,000
9,000	-10,050	-9,913	-9,818	-9,599	-9,452	-9,336	-9,276	-9,226	-9,172	-9,148	-9,099	-9,057	-8,998	-8,912	-8,828	0,151	0,236	0,305	0,367	0,358	0,319	0,296	0,261	0,236	0,211	0,209	0,212	0,213	0,205	0,146	0,000	0,000
10,000	-10,374	-10,436	-10,332	-10,212	-10,129	-10,093	-10,076	-10,055	-10,028	-10,027	-10,003	-9,970	-9,911	-9,833	-9,735	-0,347	-0,005	0,053	0,147	0,139	0,123	0,115	0,112	0,110	0,119	0,138	0,153	0,180	0,189	0,146	0,000	0,000
11,000	-10,193	-10,127	-10,100	-9,970	-9,888	-9,837	-9,810	-9,787	-9,757	-9,737	-9,702	-9,662	-9,594	-9,494	-9,377	-0,051	0,057	0,110	0,178	0,175	0,158	0,159	0,148	0,156	0,161	0,181	0,205	0,223	0,233	0,179	0,000	0,000
12,000	-15,529	-15,618	-15,534	-15,499	-15,438	-15,430	-15,422	-15,416	-15,402	-15,413	-15,388	-15,356	-15,298	-15,195	-15,056	-0,157	0,008	0,029	0,077	0,077	0,065	0,065	0,069	0,077	0,088	0,130	0,170	0,208	0,245	0,192	0,000	0,000
13,000	-8,599	-8,587	-8,590	-8,599	-8,580	-8,562	-8,544	-8,524	-8,497	-8,464	-8,408	-8,335	-8,230	-8,063	-7,854	-0,056	-0,027	-0,015	0,035	0,064	0,097	0,119	0,138	0,170	0,204	0,259	0,310	0,362	0,389	0,307	0,000	0,000
14,000	-12,069	-11,970	-12,021	-11,964	-11,954	-11,920	-11,903	-11,897	-11,890	-11,885	-11,863	-11,817	-11,737	-11,580	-11,378	-0,008	-0,058	0,022	0,064	0,065	0,062	0,079	0,077	0,094	0,127	0,164	0,223	0,303	0,343	0,281	0,000	0,000
15,000	-9,004	-9,108	-9,013	-9,018	-8,978	-8,977	-8,970	-8,948	-8,932	-8,925	-8,901	-8,870	-8,826	-8,750	-8,660	-0,181	0,036	0,001	0,046	0,051	0,060	0,066	0,083	0,085	0,095	0,118	0,132	0,158	0,171	0,136	0,000	0,000
	run	4	2022:11:08    11:38:02,099
0,000	-13,059	-13,131	-13,145	-13,224	-13,242	-13,262	-13,274	-13,278	-13,279	-13,294	-13,280	-13,255	-13,208	-13,119	-13,009	-0,153	-0,127	-0,118	-0,093	-0,072	-0,051	-0,026	-0,008	0,009	0,030	0,075	0,118	0,155	0,182	0,145	0,000	0,000
1,000	-16,355	-16,337	-16,253	-16,034	-15,866	-15,746	-15,674	-15,608	-15,550	-15,513	-15,458	-15,408	-15,349	-15,248	-15,138	0,073	0,216	0,268	0,381	0,390	0,348	0,332	0,296	0,278	0,250	0,246	0,249	0,246	0,239	0,177	0,000	0,000
2,000	-10,112	-10,111	-10,061	-9,931	-9,820	-9,749	-9,700	-9,663	-9,610	-9,575	-9,509	-9,426	-9,338	-9,194	-9,030	0,071	0,134	0,174	0,253	0,261	0,241	0,243	0,244	0,251	0,253	0,289	0,314	0,339	0,335	0,252	0,000	0,000
3,000	-20,007	-20,020	-19,932	-19,643	-19,431	-19,300	-19,226	-19,170	-19,113	-19,108	-19,065	-19,031	-18,978	-18,876	-18,748	0,049	0,253	0,336	0,465	0,455	0,382	0,337	0,293	0,245	0,212	0,211	0,222	0,233	0,243	0,184	0,000	0,000
4,000	-10,769	-10,827	-10,714	-10,707	-10,675	-10,672	-10,676	-10,672	-10,662	-10,645	-10,602	-10,533	-10,404	-10,189	-9,905	-0,173	0,014	0,013	0,048	0,054	0,065	0,085	0,098	0,130	0,187	0,273	0,360	0,444	0,496	0,409	0,000	0,000
5,000	-12,289	-12,261	-12,405	-12,437	-12,426	-12,405	-12,406	-12,402	-12,373	-12,378	-12,329	-12,248	-12,118	-11,873	-11,570	-0,102	-0,205	-0,147	-0,021	0,015	0,039	0,077	0,112	0,144	0,192	0,272	0,373	0,468	0,529	0,431	0,000	0,000
6,000	-6,983	-6,722	-6,566	-6,370	-6,263	-6,191	-6,159	-6,124	-6,088	-6,067	-6,022	-5,986	-5,937	-5,865	-5,790	0,862	0,637	0,534	0,395	0,328	0,268	0,244	0,218	0,197	0,184	0,182	0,180	0,181	0,175	0,130	0,000	0,000
7,000	-2,130	-1,886	-1,865	-1,805	-1,784	-1,762	-1,753	-1,752	-1,740	-1,734	-1,723	-1,714	-1,700	-1,667	-1,630	1,642	0,822	0,573	0,289	0,203	0,137	0,115	0,091	0,082	0,072	0,066	0,069	0,073	0,070	0,058	0,000	0,000
8,000	-11,126	-10,222	-9,927	-9,647	-9,559	-9,525	-9,506	-9,512	-9,518	-9,529	-9,552	-9,560	-9,551	-9,528	-9,483	3,915	2,340	1,653	0,817	0,534	0,357	0,255	0,179	0,110	0,075	0,060	0,049	0,060	0,080	0,069	0,000	0,000
9,000	-10,064	-9,916	-9,834	-9,597	-9,452	-9,328	-9,270	-9,221	-9,172	-9,143	-9,097	-9,050	-8,997	-8,915	-8,818	0,160	0,233	0,307	0,382	0,368	0,323	0,298	0,264	0,234	0,221	0,219	0,213	0,213	0,205	0,147	0,000	0,000
10,000	-10,566	-10,610	-10,495	-10,370	-10,288	-10,252	-10,234	-10,212	-10,190	-10,184	-10,159	-10,128	-10,074	-9,993	-9,897	-0,350	0,005	0,062	0,158	0,141	0,127	0,119	0,113	0,109	0,122	0,136	0,156	0,180	0,187	0,145	0,000	0,000
11,000	-10,383	-10,317	-10,290	-10,157	-10,075	-10,024	-9,994	-9,974	-9,938	-9,921	-9,884	-9,839	-9,773	-9,671	-9,557	-0,046	0,061	0,113	0,185	0,183	0,163	0,160	0,147	0,157	0,162	0,180	0,206	0,224	0,232	0,179	0,000	0,000
12,000	-15,365	-15,455	-15,364	-15,342	-15,280	-15,262	-15,258	-15,250	-15,235	-15,256	-15,230	-15,197	-15,140	-15,028	-14,899	-0,154	0,009	0,039	0,073	0,078	0,058	0,068	0,069	0,076	0,081	0,128	0,166	0,206	0,239	0,189	0,000	0,000
13,000	-8,587	-8,602	-8,595	-8,601	-8,587	-8,565	-8,547	-8,532	-8,502	-8,465	-8,413	-8,345	-8,237	-8,074	-7,869	-0,071	-0,032	-0,020	0,032	0,062	0,096	0,118	0,135	0,170	0,207	0,261	0,310	0,361	0,386	0,308	0,000	0,000
14,000	-11,811	-11,659	-11,765	-11,685	-11,679	-11,641	-11,626	-11,626	-11,612	-11,610	-11,585	-11,548	-11,471	-11,326	-11,125	0,069	-0,046	0,021	0,058	0,065	0,066	0,074	0,069	0,092	0,108	0,168	0,225	0,295	0,335	0,272	0,000	0,000
15,000	-8,790	-8,916	-8,821	-8,833	-8,783	-8,790	-8,782	-8,762	-8,748	-8,733	-8,716	-8,689	-8,641	-8,566	-8,479	-0,181	0,027	0,006	0,046	0,048	0,060	0,062	0,073	0,079	0,091	0,112	0,134	0,158	0,168	0,133	0,000	0,000
	run	5	2022:11:08    11:38:02,200
0,000	-12,764	-12,838	-12,853	-12,929	-12,946	-12,971	-12,977	-12,986	-12,980	-12,989	-12,981	-12,957	-12,913	-12,824	-12,714	-0,159	-0,114	-0,117	-0,086	-0,075	-0,046	-0,028	-0,014	0,010	0,034	0,071	0,111	0,155	0,183	0,147	0,000	0,000
1,000	-16,116	-16,095	-16,024	-15,824	-15,666	-15,551	-15,485	-15,425	-15,359	-15,323	-15,266	-15,217	-15,154	-15,061	-14,954	0,048	0,200	0,236	0,360	0,375	0,340	0,322	0,287	0,266	0,252	0,241	0,246	0,241	0,237	0,175	0,000	0,000
2,000	-10,076	-10,056	-10,028	-9,885	-9,779	-9,704	-9,659	-9,616	-9,563	-9,533	-9,464	-9,394	-9,296	-9,148	-8,990	0,075	0,122	0,169	0,249	0,265	0,245	0,247	0,246	0,253	0,256	0,283	0,314	0,339	0,340	0,254	0,000	0,000
3,000	-20,332	-20,310	-20,236	-19,913	-19,694	-19,561	-19,492	-19,435	-19,379	-19,367	-19,334	-19,296	-19,239	-19,137	-19,011	0,084	0,298	0,372	0,487	0,466	0,387	0,339	0,291	0,250	0,212	0,213	0,226	0,235	0,248	0,186	0,000	0,000
4,000	-10,890	-10,946	-10,838	-10,838	-10,811	-10,805	-10,809	-10,806	-10,800	-10,777	-10,738	-10,664	-10,530	-10,309	-10,015	-0,171	0,021	0,006	0,047	0,049	0,062	0,090	0,100	0,138	0,196	0,277	0,369	0,455	0,512	0,419	0,000	0,000
5,000	-12,561	-12,546	-12,691	-12,737	-12,722	-12,703	-12,693	-12,693	-12,669	-12,666	-12,616	-12,529	-12,395	-12,145	-11,841	-0,105	-0,211	-0,148	-0,022	0,010	0,030	0,073	0,105	0,147	0,195	0,291	0,386	0,487	0,545	0,438	0,000	0,000
6,000	-7,175	-6,889	-6,727	-6,519	-6,409	-6,343	-6,305	-6,280	-6,233	-6,207	-6,175	-6,135	-6,084	-6,012	-5,939	0,861	0,665	0,554	0,409	0,344	0,274	0,245	0,217	0,202	0,184	0,180	0,182	0,182	0,174	0,123	0,000	0,000
7,000	-2,160	-1,906	-1,887	-1,825	-1,797	-1,778	-1,771	-1,766	-1,752	-1,750	-1,739	-1,733	-1,710	-1,682	-1,645	1,676	0,843	0,578	0,293	0,206	0,142	0,117	0,096	0,080	0,071	0,070	0,073	0,071	0,078	0,057	0,000	0,000
8,000	-11,120	-10,249	-9,933	-9,651	-9,560	-9,538	-9,525	-9,511	-9,514	-9,538	-9,553	-9,568	-9,554	-9,531	-9,485	3,924	2,343	1,661	0,823	0,540	0,355	0,252	0,179	0,112	0,077	0,059	0,051	0,063	0,078	0,073	0,000	0,000
9,000	-10,008	-9,877	-9,788	-9,550	-9,396	-9,290	-9,225	-9,176	-9,127	-9,095	-9,053	-9,015	-8,952	-8,868	-8,776	0,159	0,250	0,312	0,382	0,368	0,325	0,300	0,263	0,240	0,218	0,215	0,216	0,212	0,202	0,145	0,000	0,000
10,000	-10,523	-10,582	-10,457	-10,340	-10,259	-10,224	-10,207	-10,187	-10,160	-10,155	-10,132	-10,102	-10,045	-9,967	-9,867	-0,346	-0,010	0,060	0,157	0,140	0,120	0,116	0,111	0,113	0,118	0,130	0,159	0,179	0,191	0,147	0,000	0,000
11,000	-10,299	-10,231	-10,201	-10,072	-9,995	-9,933	-9,912	-9,889	-9,857	-9,838	-9,799	-9,757	-9,689	-9,593	-9,474	-0,044	0,062	0,114	0,183	0,182	0,162	0,157	0,154	0,158	0,160	0,187	0,207	0,229	0,233	0,178	0,000	0,000
12,000	-15,348	-15,438	-15,345	-15,327	-15,270	-15,257	-15,250	-15,241	-15,230	-15,245	-15,213	-15,195	-15,132	-15,016	-14,889	-0,163	0,005	0,030	0,074	0,072	0,062	0,065	0,069	0,074	0,083	0,123	0,174	0,212	0,233	0,190	0,000	0,000
13,000	-8,507	-8,548	-8,535	-8,544	-8,521	-8,504	-8,493	-8,471	-8,442	-8,404	-8,352	-8,279	-8,176	-8,011	-7,807	-0,073	-0,033	-0,019	0,032	0,064	0,095	0,117	0,140	0,172	0,204	0,256	0,311	0,356	0,376	0,304	0,000	0,000
14,000	-11,709	-11,545	-11,635	-11,572	-11,547	-11,523	-11,504	-11,504	-11,498	-11,488	-11,475	-11,429	-11,345	-11,205	-11,010	0,045	-0,046	0,010	0,059	0,070	0,052	0,069	0,077	0,093	0,122	0,168	0,225	0,290	0,325	0,270	0,000	0,000
15,000	-8,716	-8,852	-8,749	-8,761	-8,714	-8,708	-8,704	-8,684	-8,667	-8,662	-8,640	-8,615	-8,569	-8,494	-8,410	-0,188	0,021	0,002	0,048	0,053	0,064	0,059	0,077	0,083	0,093	0,113	0,129	0,148	0,164	0,131	0,000	0,000
	run	6	2022:11:08    11:38:02,301
0,000	-12,768	-12,857	-12,871	-12,950	-12,975	-12,993	-13,003	-13,008	-13,012	-13,013	-13,008	-12,983	-12,936	-12,849	-12,743	-0,139	-0,125	-0,131	-0,092	-0,078	-0,057	-0,028	-0,005	0,009	0,038	0,070	0,118	0,157	0,184	0,148	0,000	0,000
1,000	-16,304	-16,277	-16,196	-15,977	-15,802	-15,684	-15,614	-15,555	-15,494	-15,456	-15,396	-15,352	-15,286	-15,192	-15,078	0,065	0,217	0,280	0,383	0,391	0,358	0,337	0,299	0,275	0,254	0,249	0,250	0,242	0,241	0,181	0,000	0,000
2,000	-10,270	-10,250	-10,209	-10,064	-9,953	-9,880	-9,832	-9,789	-9,743	-9,699	-9,634	-9,560	-9,462	-9,310	-9,139	0,085	0,145	0,190	0,259	0,269	0,249	0,249	0,252	0,257	0,267	0,293	0,329	0,344	0,351	0,261	0,000	0,000
3,000	-20,589	-20,568	-20,455	-20,126	-19,906	-19,772	-19,697	-19,643	-19,596	-19,579	-19,539	-19,505	-19,451	-19,346	-19,223	0,119	0,319	0,397	0,512	0,484	0,397	0,345	0,293	0,253	0,215	0,209	0,226	0,235	0,251	0,183	0,000	0,000
4,000	-10,968	-11,037	-10,954	-10,956	-10,927	-10,921	-10,920	-10,919	-10,916	-10,891	-10,849	-10,772	-10,628	-10,414	-10,104	-0,190	-0,001	-0,007	0,040	0,050	0,063	0,080	0,105	0,134	0,198	0,290	0,378	0,471	0,521	0,432	0,000	0,000
5,000	-12,581	-12,531	-12,705	-12,726	-12,706	-12,690	-12,677	-12,680	-12,647	-12,651	-12,607	-12,520	-12,378	-12,129	-11,810	-0,096	-0,197	-0,142	-0,023	0,016	0,038	0,079	0,108	0,153	0,200	0,288	0,398	0,497	0,559	0,452	0,000	0,000
6,000	-7,154	-6,883	-6,723	-6,521	-6,412	-6,345	-6,313	-6,277	-6,235	-6,217	-6,174	-6,132	-6,081	-6,006	-5,930	0,842	0,657	0,543	0,400	0,333	0,272	0,248	0,218	0,202	0,186	0,189	0,189	0,182	0,182	0,132	0,000	0,000
7,000	-2,190	-1,928	-1,889	-1,830	-1,810	-1,788	-1,781	-1,778	-1,763	-1,761	-1,750	-1,742	-1,722	-1,694	-1,654	1,658	0,843	0,587	0,296	0,200	0,143	0,118	0,098	0,086	0,068	0,067	0,070	0,073	0,078	0,060	0,000	0,000
8,000	-11,235	-10,366	-10,061	-9,792	-9,696	-9,669	-9,658	-9,645	-9,652	-9,671	-9,689	-9,693	-9,694	-9,664	-9,618	3,877	2,323	1,644	0,820	0,531	0,349	0,255	0,177	0,111	0,075	0,057	0,052	0,065	0,078	0,072	0,000	0,000
9,000	-10,076	-9,942	-9,845	-9,615	-9,463	-9,349	-9,291	-9,239	-9,188	-9,156	-9,110	-9,072	-9,015	-8,930	-8,836	0,156	0,253	0,318	0,381	0,367	0,325	0,296	0,265	0,237	0,216	0,213	0,214	0,214	0,208	0,151	0,000	0,000
10,000	-10,381	-10,457	-10,347	-10,244	-10,165	-10,135	-10,110	-10,093	-10,065	-10,061	-10,039	-10,005	-9,949	-9,870	-9,772	-0,361	-0,029	0,043	0,139	0,130	0,119	0,113	0,109	0,115	0,116	0,135	0,158	0,184	0,187	0,146	0,000	0,000
11,000	-10,228	-10,168	-10,136	-10,018	-9,937	-9,882	-9,848	-9,829	-9,802	-9,785	-9,743	-9,703	-9,640	-9,537	-9,419	-0,059	0,049	0,107	0,178	0,179	0,156	0,157	0,146	0,151	0,164	0,180	0,203	0,224	0,231	0,177	0,000	0,000
12,000	-15,359	-15,443	-15,357	-15,326	-15,272	-15,261	-15,253	-15,241	-15,234	-15,245	-15,219	-15,190	-15,141	-15,024	-14,896	-0,160	0,010	0,032	0,077	0,075	0,063	0,068	0,072	0,070	0,083	0,120	0,164	0,207	0,237	0,189	0,000	0,000
13,000	-8,460	-8,504	-8,498	-8,507	-8,483	-8,468	-8,448	-8,430	-8,403	-8,366	-8,306	-8,239	-8,137	-7,974	-7,768	-0,078	-0,026	-0,016	0,033	0,070	0,089	0,112	0,137	0,168	0,205	0,259	0,307	0,360	0,377	0,301	0,000	0,000
14,000	-11,580	-11,423	-11,512	-11,446	-11,431	-11,398	-11,380	-11,386	-11,374	-11,367	-11,350	-11,309	-11,234	-11,090	-10,897	0,029	-0,043	0,007	0,065	0,067	0,053	0,078	0,074	0,096	0,118	0,164	0,217	0,288	0,323	0,266	0,000	0,000
15,000	-8,801	-8,923	-8,828	-8,827	-8,783	-8,791	-8,779	-8,760	-8,742	-8,738	-8,715	-8,682	-8,636	-8,563	-8,476	-0,182	0,029	0,008	0,049	0,051	0,060	0,066	0,084	0,086	0,095	0,118	0,136	0,161	0,165	0,134	0,000	0,000
	run	7	2022:11:08    11:38:02,348
0,000	-13,079	-13,134	-13,148	-13,235	-13,255	-13,280	-13,289	-13,293	-13,296	-13,305	-13,296	-13,266	-13,225	-13,133	-13,020	-0,135	-0,128	-0,119	-0,098	-0,075	-0,054	-0,028	-0,010	0,009	0,040	0,075	0,118	0,161	0,187	0,149	0,000	0,000
1,000	-16,443	-16,414	-16,317	-16,106	-15,936	-15,810	-15,745	-15,679	-15,622	-15,583	-15,526	-15,475	-15,412	-15,305	-15,199	0,080	0,220	0,276	0,385	0,398	0,360	0,338	0,303	0,284	0,257	0,251	0,252	0,251	0,240	0,182	0,000	0,000
2,000	-10,270	-10,250	-10,209	-10,064	-9,953	-9,880	-9,832	-9,789	-9,743	-9,699	-9,634	-9,560	-9,462	-9,310	-9,139	0,085	0,145	0,190	0,259	0,269	0,249	0,249	0,252	0,257	0,267	0,293	0,329	0,344	0,351	0,261	0,000	0,000
3,000	-20,589	-20,568	-20,455	-20,126	-19,906	-19,772	-19,697	-19,643	-19,596	-19,579	-19,539	-19,505	-19,451	-19,346	-19,223	0,119	0,319	0,397	0,512	0,484	0,397	0,345	0,293	0,253	0,215	0,209	0,226	0,235	0,251	0,183	0,000	0,000
4,000	-10,968	-11,037	-10,954	-10,956	-10,927	-10,921	-10,920	-10,919	-10,916	-10,891	-10,849	-10,772	-10,628	-10,414	-10,104	-0,190	-0,001	-0,007	0,040	0,050	0,063	0,080	0,105	0,134	0,198	0,290	0,378	0,471	0,521	0,432	0,000	0,000
5,000	-12,581	-12,531	-12,705	-12,726	-12,706	-12,690	-12,677	-12,680	-12,647	-12,651	-12,607	-12,520	-12,378	-12,129	-11,810	-0,096	-0,197	-0,142	-0,023	0,016	0,038	0,079	0,108	0,153	0,200	0,288	0,398	0,497	0,559	0,452	0,000	0,000
6,000	-7,154	-6,883	-6,723	-6,521	-6,412	-6,345	-6,313	-6,277	-6,235	-6,217	-6,174	-6,132	-6,081	-6,006	-5,930	0,842	0,657	0,543	0,400	0,333	0,272	0,248	0,218	0,202	0,186	0,189	0,189	0,182	0,182	0,132	0,000	0,000
7,000	-2,190	-1,928	-1,889	-1,830	-1,810	-1,788	-1,781	-1,778	-1,763	-1,761	-1,750	-1,742	-1,722	-1,694	-1,654	1,658	0,843	0,587	0,296	0,200	0,143	0,118	0,098	0,086	0,068	0,067	0,070	0,073	0,078	0,060	0,000	0,000
8,000	-11,286	-10,400	-10,102	-9,826	-9,736	-9,707	-9,682	-9,678	-9,682	-9,701	-9,719	-9,732	-9,723	-9,703	-9,657	3,912	2,338	1,658	0,825	0,540	0,354	0,255	0,179	0,115	0,070	0,052	0,046	0,057	0,077	0,062	0,000	0,000
9,000	-10,134	-9,965	-9,873	-9,611	-9,461	-9,350	-9,282	-9,235	-9,185	-9,154	-9,116	-9,067	-9,015	-8,931	-8,838	0,180	0,282	0,342	0,397	0,379	0,327	0,302	0,263	0,240	0,217	0,213	0,218	0,213	0,205	0,147	0,000	0,000
10,000	-10,438	-10,512	-10,415	-10,312	-10,233	-10,198	-10,180	-10,160	-10,137	-10,129	-10,105	-10,073	-10,018	-9,934	-9,838	-0,373	-0,031	0,036	0,135	0,132	0,117	0,116	0,111	0,112	0,119	0,133	0,155	0,178	0,184	0,145	0,000	0,000
11,000	-10,206	-10,138	-10,116	-9,978	-9,904	-9,849	-9,818	-9,799	-9,765	-9,745	-9,710	-9,668	-9,606	-9,505	-9,390	-0,064	0,056	0,101	0,176	0,184	0,158	0,161	0,149	0,153	0,156	0,181	0,205	0,222	0,225	0,175	0,000	0,000
12,000	-15,068	-15,159	-15,076	-15,042	-14,987	-14,971	-14,974	-14,962	-14,949	-14,965	-14,939	-14,910	-14,856	-14,752	-14,623	-0,154	0,012	0,038	0,069	0,079	0,058	0,062	0,066	0,073	0,080	0,123	0,158	0,200	0,225	0,182	0,000	0,000
13,000	-8,447	-8,467	-8,465	-8,475	-8,459	-8,441	-8,419	-8,401	-8,377	-8,336	-8,287	-8,219	-8,111	-7,950	-7,749	-0,070	-0,033	-0,015	0,037	0,068	0,089	0,119	0,138	0,171	0,204	0,252	0,305	0,353	0,377	0,300	0,000	0,000
14,000	-11,691	-11,550	-11,635	-11,572	-11,562	-11,526	-11,517	-11,513	-11,499	-11,498	-11,471	-11,433	-11,350	-11,217	-11,012	0,014	-0,042	0,006	0,060	0,068	0,059	0,075	0,078	0,097	0,110	0,168	0,222	0,293	0,328	0,271	0,000	0,000
15,000	-8,805	-8,947	-8,831	-8,852	-8,804	-8,805	-8,796	-8,777	-8,762	-8,751	-8,731	-8,702	-8,650	-8,582	-8,497	-0,179	0,029	0,012	0,047	0,052	0,061	0,066	0,083	0,080	0,094	0,119	0,130	0,160	0,168	0,137	0,000	0,000
	run	8	2022:11:08    11:38:02,448
0,000	-13,220	-13,297	-13,304	-13,393	-13,414	-13,439	-13,451	-13,453	-13,455	-13,468	-13,458	-13,433	-13,385	-13,291	-13,185	-0,159	-0,130	-0,119	-0,098	-0,082	-0,055	-0,031	-0,017	0,005	0,032	0,073	0,118	0,162	0,190	0,155	0,000	0,000
1,000	-16,622	-16,594	-16,500	-16,277	-16,099	-15,974	-15,897	-15,840	-15,776	-15,741	-15,681	-15,632	-15,565	-15,464	-15,351	0,084	0,230	0,283	0,398	0,408	0,361	0,343	0,309	0,286	0,261	0,253	0,257	0,256	0,248	0,184	0,000	0,000
2,000	-10,239	-10,225	-10,183	-10,038	-9,933	-9,855	-9,812	-9,771	-9,718	-9,686	-9,616	-9,543	-9,440	-9,291	-9,126	0,085	0,142	0,189	0,259	0,262	0,244	0,252	0,246	0,255	0,258	0,288	0,322	0,345	0,343	0,260	0,000	0,000
3,000	-20,235	-20,227	-20,140	-19,821	-19,611	-19,471	-19,399	-19,345	-19,285	-19,275	-19,233	-19,199	-19,147	-19,043	-18,917	0,063	0,287	0,359	0,489	0,473	0,394	0,345	0,292	0,253	0,217	0,212	0,227	0,236	0,250	0,186	0,000	0,000
4,000	-10,802	-10,851	-10,776	-10,771	-10,739	-10,733	-10,733	-10,730	-10,729	-10,703	-10,659	-10,590	-10,456	-10,231	-9,940	-0,181	0,009	-0,002	0,050	0,054	0,066	0,078	0,104	0,129	0,191	0,277	0,367	0,455	0,513	0,422	0,000	0,000
5,000	-12,287	-12,257	-12,408	-12,437	-12,423	-12,407	-12,395	-12,393	-12,367	-12,368	-12,323	-12,237	-12,112	-11,871	-11,572	-0,112	-0,193	-0,140	-0,024	0,014	0,030	0,071	0,100	0,146	0,190	0,276	0,376	0,473	0,527	0,429	0,000	0,000
6,000	-7,030	-6,753	-6,595	-6,394	-6,281	-6,215	-6,175	-6,149	-6,108	-6,083	-6,043	-6,005	-5,960	-5,885	-5,812	0,873	0,648	0,542	0,408	0,333	0,267	0,242	0,222	0,198	0,182	0,186	0,181	0,184	0,175	0,128	0,000	0,000
7,000	-2,141	-1,888	-1,865	-1,801	-1,779	-1,755	-1,744	-1,746	-1,734	-1,727	-1,719	-1,705	-1,691	-1,653	-1,617	1,665	0,838	0,568	0,291	0,204	0,141	0,116	0,093	0,083	0,070	0,072	0,072	0,077	0,077	0,062	0,000	0,000
8,000	-11,188	-10,296	-9,982	-9,708	-9,611	-9,587	-9,567	-9,567	-9,568	-9,590	-9,610	-9,618	-9,613	-9,586	-9,540	3,942	2,371	1,655	0,832	0,541	0,353	0,254	0,178	0,111	0,074	0,048	0,048	0,060	0,074	0,069	0,000	0,000
9,000	-10,071	-9,934	-9,835	-9,590	-9,444	-9,327	-9,263	-9,218	-9,166	-9,136	-9,092	-9,053	-8,996	-8,913	-8,824	0,182	0,271	0,331	0,397	0,370	0,323	0,300	0,260	0,239	0,214	0,208	0,207	0,209	0,201	0,146	0,000	0,000
10,000	-10,502	-10,567	-10,470	-10,343	-10,265	-10,235	-10,210	-10,197	-10,174	-10,164	-10,140	-10,110	-10,056	-9,969	-9,874	-0,344	-0,010	0,055	0,152	0,136	0,118	0,118	0,110	0,111	0,119	0,136	0,155	0,177	0,189	0,149	0,000	0,000
11,000	-10,163	-10,100	-10,064	-9,936	-9,865	-9,801	-9,778	-9,752	-9,723	-9,700	-9,669	-9,623	-9,561	-9,463	-9,347	-0,054	0,055	0,109	0,183	0,180	0,160	0,159	0,147	0,151	0,158	0,178	0,204	0,223	0,231	0,175	0,000	0,000
12,000	-15,202	-15,282	-15,204	-15,175	-15,119	-15,103	-15,098	-15,093	-15,080	-15,095	-15,067	-15,038	-14,988	-14,876	-14,747	-0,162	0,003	0,024	0,072	0,071	0,059	0,062	0,065	0,070	0,084	0,122	0,163	0,199	0,231	0,190	0,000	0,000
13,000	-8,425	-8,428	-8,438	-8,444	-8,428	-8,409	-8,396	-8,369	-8,345	-8,310	-8,258	-8,188	-8,084	-7,921	-7,714	-0,068	-0,027	-0,015	0,032	0,065	0,096	0,117	0,136	0,169	0,202	0,253	0,304	0,357	0,380	0,295	0,000	0,000
14,000	-11,908	-11,764	-11,835	-11,770	-11,758	-11,732	-11,713	-11,713	-11,692	-11,698	-11,679	-11,635	-11,552	-11,398	-11,201	0,010	-0,037	0,005	0,059	0,053	0,057	0,072	0,075	0,093	0,121	0,172	0,240	0,303	0,343	0,285	0,000	0,000
15,000	-9,015	-9,129	-9,038	-9,040	-8,991	-8,996	-8,990	-8,964	-8,948	-8,943	-8,921	-8,887	-8,840	-8,761	-8,676	-0,180	0,028	0,015	0,057	0,050	0,061	0,067	0,083	0,087	0,096	0,119	0,135	0,158	0,173	0,136	0,000	0,000
	run	9	2022:11:08    11:38:02,499
0,000	-13,220	-13,297	-13,304	-13,393	-13,414	-13,439	-13,451	-13,453	-13,455	-13,468	-13,458	-13,433	-13,385	-13,291	-13,185	-0,159	-0,130	-0,119	-0,098	-0,082	-0,055	-0,031	-0,017	0,005	0,032	0,073	0,118	0,162	0,190	0,155	0,000	0,000
1,000	-16,622	-16,594	-16,500	-16,277	-16,099	-15,974	-15,897	-15,840	-15,776	-15,741	-15,681	-15,632	-15,565	-15,464	-15,351	0,084	0,230	0,283	0,398	0,408	0,361	0,343	0,309	0,286	0,261	0,253	0,257	0,256	0,248	0,184	0,000	0,000
2,000	-10,239	-10,225	-10,183	-10,038	-9,933	-9,855	-9,812	-9,771	-9,718	-9,686	-9,616	-9,543	-9,440	-9,291	-9,126	0,085	0,142	0,189	0,259	0,262	0,244	0,252	0,246	0,255	0,258	0,288	0,322	0,345	0,343	0,260	0,000	0,000
3,000	-20,235	-20,227	-20,140	-19,821	-19,611	-19,471	-19,399	-19,345	-19,285	-19,275	-19,233	-19,199	-19,147	-19,043	-18,917	0,063	0,287	0,359	0,489	0,473	0,394	0,345	0,292	0,253	0,217	0,212	0,227	0,236	0,250	0,186	0,000	0,000
4,000	-10,802	-10,851	-10,776	-10,771	-10,739	-10,733	-10,733	-10,730	-10,729	-10,703	-10,659	-10,590	-10,456	-10,231	-9,940	-0,181	0,009	-0,002	0,050	0,054	0,066	0,078	0,104	0,129	0,191	0,277	0,367	0,455	0,513	0,422	0,000	0,000
5,000	-12,287	-12,257	-12,408	-12,437	-12,423	-12,407	-12,395	-12,393	-12,367	-12,368	-12,323	-12,237	-12,112	-11,871	-11,572	-0,112	-0,193	-0,140	-0,024	0,014	0,030	0,071	0,100	0,146	0,190	0,276	0,376	0,473	0,527	0,429	0,000	0,000
6,000	-6,944	-6,680	-6,517	-6,334	-6,217	-6,153	-6,117	-6,087	-6,048	-6,027	-5,985	-5,950	-5,902	-5,829	-5,758	0,830	0,642	0,541	0,395	0,328	0,267	0,237	0,212	0,194	0,178	0,174	0,179	0,178	0,169	0,122	0,000	0,000
7,000	-2,136	-1,876	-1,854	-1,790	-1,769	-1,753	-1,745	-1,737	-1,725	-1,722	-1,718	-1,705	-1,687	-1,660	-1,630	1,643	0,820	0,555	0,284	0,193	0,135	0,114	0,088	0,076	0,066	0,062	0,064	0,068	0,070	0,051	0,000	0,000
8,000	-10,947	-10,067	-9,766	-9,498	-9,405	-9,379	-9,359	-9,357	-9,365	-9,382	-9,397	-9,405	-9,401	-9,375	-9,331	3,880	2,333	1,640	0,811	0,536	0,343	0,253	0,177	0,110	0,072	0,057	0,049	0,058	0,077	0,070	0,000	0,000
9,000	-9,856	-9,744	-9,679	-9,476	-9,337	-9,230	-9,164	-9,111	-9,065	-9,030	-8,998	-8,950	-8,897	-8,813	-8,727	0,106	0,208	0,258	0,342	0,341	0,307	0,285	0,260	0,234	0,210	0,204	0,209	0,206	0,198	0,145	0,000	0,000
10,000	-10,234	-10,300	-10,210	-10,120	-10,033	-10,003	-9,983	-9,968	-9,944	-9,939	-9,914	-9,883	-9,828	-9,745	-9,653	-0,356	-0,032	0,029	0,135	0,125	0,116	0,110	0,108	0,106	0,116	0,134	0,149	0,174	0,184	0,145	0,000	0,000
11,000	-10,226	-10,158	-10,137	-10,012	-9,942	-9,885	-9,854	-9,836	-9,800	-9,784	-9,746	-9,698	-9,641	-9,543	-9,421	-0,072	0,048	0,094	0,172	0,175	0,152	0,158	0,147	0,152	0,154	0,181	0,202	0,219	0,233	0,178	0,000	0,000
12,000	-15,330	-15,415	-15,334	-15,301	-15,242	-15,227	-15,228	-15,214	-15,208	-15,227	-15,199	-15,168	-15,103	-14,998	-14,866	-0,157	0,008	0,033	0,076	0,078	0,062	0,063	0,065	0,076	0,084	0,120	0,166	0,204	0,237	0,189	0,000	0,000
13,000	-8,668	-8,651	-8,666	-8,667	-8,655	-8,629	-8,612	-8,596	-8,564	-8,529	-8,473	-8,403	-8,296	-8,129	-7,919	-0,049	-0,022	-0,015	0,039	0,061	0,092	0,121	0,141	0,173	0,217	0,262	0,312	0,365	0,387	0,308	0,000	0,000
14,000	-12,062	-11,953	-12,014	-11,955	-11,936	-11,912	-11,892	-11,892	-11,878	-11,869	-11,853	-11,810	-11,723	-11,576	-11,372	-0,005	-0,048	0,017	0,058	0,075	0,063	0,078	0,082	0,095	0,123	0,171	0,235	0,303	0,347	0,288	0,000	0,000
15,000	-9,114	-9,227	-9,137	-9,134	-9,089	-9,090	-9,083	-9,063	-9,048	-9,039	-9,014	-8,978	-8,930	-8,854	-8,761	-0,173	0,032	0,003	0,051	0,052	0,066	0,067	0,085	0,085	0,098	0,123	0,144	0,165	0,180	0,139	0,000	0,000
	run	10	2022:11:08    11:38:02,600
0,000	-13,169	-13,230	-13,247	-13,337	-13,356	-13,381	-13,395	-13,392	-13,397	-13,409	-13,397	-13,370	-13,325	-13,238	-13,123	-0,150	-0,132	-0,128	-0,096	-0,083	-0,054	-0,031	-0,012	0,004	0,036	0,074	0,121	0,164	0,185	0,152	0,000	0,000
1,000	-16,578	-16,530	-16,447	-16,216	-16,048	-15,919	-15,844	-15,788	-15,719	-15,685	-15,624	-15,571	-15,511	-15,408	-15,295	0,099	0,238	0,288	0,400	0,405	0,362	0,338	0,305	0,283	0,253	0,258	0,245	0,248	0,244	0,175	0,000	0,000
2,000	-10,285	-10,270	-10,228	-10,083	-9,969	-9,899	-9,849	-9,820	-9,758	-9,725	-9,652	-9,574	-9,481	-9,328	-9,165	0,091	0,140	0,191	0,258	0,263	0,248	0,253	0,250	0,258	0,268	0,300	0,320	0,345	0,345	0,262	0,000	0,000
3,000	-20,442	-20,445	-20,340	-20,013	-19,792	-19,656	-19,585	-19,524	-19,472	-19,464	-19,420	-19,388	-19,332	-19,228	-19,097	0,096	0,295	0,384	0,503	0,479	0,399	0,350	0,297	0,256	0,219	0,214	0,223	0,239	0,248	0,185	0,000	0,000
4,000	-10,732	-10,780	-10,681	-10,688	-10,652	-10,652	-10,654	-10,648	-10,643	-10,622	-10,582	-10,500	-10,368	-10,151	-9,865	-0,201	0,011	0,002	0,048	0,052	0,066	0,082	0,102	0,137	0,192	0,276	0,358	0,458	0,506	0,413	0,000	0,000
5,000	-12,238	-12,205	-12,351	-12,388	-12,373	-12,358	-12,350	-12,347	-12,319	-12,329	-12,275	-12,188	-12,057	-11,813	-11,508	-0,096	-0,187	-0,144	-0,020	0,012	0,036	0,076	0,103	0,143	0,186	0,285	0,382	0,469	0,531	0,433	0,000	0,000
6,000	-6,984	-6,720	-6,567	-6,377	-6,259	-6,193	-6,157	-6,126	-6,088	-6,066	-6,028	-5,992	-5,945	-5,872	-5,800	0,842	0,646	0,532	0,392	0,331	0,266	0,239	0,213	0,197	0,181	0,174	0,177	0,174	0,174	0,119	0,000	0,000
7,000	-2,115	-1,855	-1,834	-1,786	-1,761	-1,744	-1,734	-1,733	-1,720	-1,716	-1,710	-1,703	-1,688	-1,661	-1,627	1,632	0,813	0,567	0,284	0,196	0,133	0,112	0,090	0,076	0,067	0,067	0,057	0,062	0,069	0,049	0,000	0,000
8,000	-10,818	-9,956	-9,657	-9,386	-9,301	-9,273	-9,260	-9,253	-9,256	-9,274	-9,293	-9,299	-9,292	-9,266	-9,218	3,865	2,321	1,632	0,808	0,524	0,340	0,250	0,178	0,112	0,074	0,054	0,050	0,060	0,076	0,065	0,000	0,000
9,000	-9,625	-9,529	-9,461	-9,273	-9,145	-9,036	-8,979	-8,933	-8,883	-8,854	-8,807	-8,768	-8,716	-8,635	-8,550	0,125	0,197	0,244	0,327	0,325	0,293	0,273	0,249	0,230	0,203	0,202	0,201	0,204	0,192	0,140	0,000	0,000
10,000	-10,145	-10,215	-10,124	-10,020	-9,938	-9,906	-9,885	-9,869	-9,847	-9,843	-9,815	-9,786	-9,733	-9,650	-9,554	-0,368	-0,029	0,024	0,129	0,124	0,114	0,111	0,109	0,104	0,112	0,132	0,147	0,176	0,180	0,144	0,000	0,000
11,000	-10,115	-10,060	-10,039	-9,915	-9,840	-9,789	-9,761	-9,737	-9,712	-9,688	-9,661	-9,611	-9,551	-9,454	-9,334	-0,072	0,041	0,094	0,164	0,170	0,150	0,155	0,143	0,148	0,154	0,178	0,198	0,218	0,228	0,170	0,000	0,000
12,000	-15,396	-15,464	-15,393	-15,358	-15,301	-15,283	-15,278	-15,268	-15,259	-15,265	-15,248	-15,218	-15,157	-15,051	-14,916	-0,166	0,011	0,025	0,076	0,076	0,067	0,062	0,069	0,076	0,085	0,124	0,165	0,209	0,237	0,190	0,000	0,000
13,000	-8,564	-8,602	-8,581	-8,604	-8,587	-8,569	-8,549	-8,528	-8,504	-8,468	-8,415	-8,348	-8,239	-8,076	-7,874	-0,095	-0,029	-0,024	0,023	0,061	0,090	0,115	0,134	0,168	0,207	0,259	0,306	0,357	0,379	0,304	0,000	0,000
14,000	-12,023	-11,844	-11,950	-11,856	-11,861	-11,830	-11,806	-11,809	-11,786	-11,789	-11,788	-11,727	-11,645	-11,495	-11,290	0,071	-0,045	0,012	0,071	0,073	0,073	0,077	0,081	0,091	0,121	0,181	0,232	0,303	0,345	0,285	0,000	0,000
15,000	-8,977	-9,089	-8,987	-8,997	-8,951	-8,954	-8,944	-8,924	-8,906	-8,898	-8,874	-8,845	-8,798	-8,723	-8,632	-0,162	0,031	0,004	0,049	0,055	0,062	0,063	0,081	0,087	0,095	0,118	0,139	0,163	0,175	0,136	0,000	0,000
	run	11	2022:11:08    11:38:02,701
0,000	-12,864	-12,934	-12,944	-13,028	-13,050	-13,072	-13,080	-13,084	-13,085	-13,090	-13,084	-13,058	-13,011	-12,923	-12,821	-0,153	-0,128	-0,119	-0,095	-0,076	-0,052	-0,031	-0,009	0,010	0,031	0,074	0,113	0,154	0,182	0,147	0,000	0,000
1,000	-16,258	-16,230	-16,138	-15,947	-15,775	-15,655	-15,583	-15,526	-15,453	-15,430	-15,366	-15,314	-15,258	-15,158	-15,049	0,071	0,216	0,257	0,378	0,386	0,347	0,326	0,301	0,279	0,252	0,248	0,249	0,242	0,239	0,175	0,000	0,000
2,000	-10,197	-10,182	-10,137	-9,992	-9,886	-9,810	-9,763	-9,725	-9,669	-9,636	-9,566	-9,492	-9,398	-9,246	-9,077	0,086	0,132	0,185	0,266	0,270	0,243	0,253	0,244	0,253	0,265	0,291	0,328	0,344	0,348	0,262	0,000	0,000
3,000	-20,468	-20,457	-20,362	-20,027	-19,803	-19,670	-19,597	-19,544	-19,485	-19,480	-19,441	-19,401	-19,349	-19,241	-19,115	0,091	0,304	0,385	0,500	0,471	0,395	0,344	0,296	0,257	0,220	0,215	0,230	0,238	0,250	0,192	0,000	0,000
4,000	-11,085	-11,138	-11,039	-11,045	-11,013	-11,011	-11,014	-11,013	-11,001	-10,982	-10,939	-10,863	-10,719	-10,490	-10,190	-0,180	0,010	-0,003	0,047	0,045	0,064	0,086	0,100	0,135	0,198	0,283	0,380	0,476	0,527	0,437	0,000	0,000
5,000	-12,614	-12,603	-12,742	-12,777	-12,769	-12,745	-12,739	-12,737	-12,716	-12,714	-12,664	-12,577	-12,444	-12,188	-11,874	-0,104	-0,201	-0,141	-0,026	0,013	0,037	0,072	0,109	0,149	0,201	0,281	0,387	0,490	0,551	0,446	0,000	0,000
6,000	-7,152	-6,868	-6,708	-6,503	-6,388	-6,323	-6,287	-6,253	-6,212	-6,188	-6,149	-6,110	-6,062	-5,982	-5,912	0,875	0,672	0,556	0,416	0,340	0,273	0,250	0,219	0,202	0,181	0,180	0,181	0,185	0,175	0,132	0,000	0,000
7,000	-2,149	-1,900	-1,878	-1,817	-1,787	-1,773	-1,761	-1,763	-1,749	-1,741	-1,737	-1,729	-1,707	-1,676	-1,637	1,655	0,830	0,577	0,293	0,203	0,140	0,117	0,099	0,082	0,072	0,066	0,067	0,072	0,076	0,052	0,000	0,000
8,000	-10,987	-10,093	-9,798	-9,518	-9,428	-9,408	-9,388	-9,381	-9,388	-9,404	-9,423	-9,432	-9,427	-9,396	-9,350	3,911	2,335	1,645	0,822	0,537	0,348	0,250	0,181	0,111	0,075	0,055	0,047	0,065	0,078	0,071	0,000	0,000
9,000	-9,915	-9,794	-9,708	-9,496	-9,351	-9,237	-9,174	-9,125	-9,070	-9,042	-9,004	-8,957	-8,903	-8,822	-8,730	0,157	0,222	0,279	0,361	0,351	0,313	0,291	0,257	0,236	0,210	0,209	0,209	0,204	0,200	0,142	0,000	0,000
10,000	-10,309	-10,383	-10,284	-10,183	-10,103	-10,070	-10,049	-10,031	-10,009	-10,010	-9,981	-9,949	-9,893	-9,811	-9,716	-0,361	-0,030	0,033	0,132	0,130	0,114	0,112	0,107	0,107	0,113	0,131	0,150	0,180	0,185	0,146	0,000	0,000
11,000	-10,188	-10,128	-10,105	-9,977	-9,901	-9,849	-9,821	-9,800	-9,765	-9,745	-9,710	-9,664	-9,601	-9,506	-9,392	-0,066	0,035	0,102	0,171	0,174	0,152	0,156	0,150	0,154	0,151	0,181	0,201	0,218	0,228	0,177	0,000	0,000
12,000	-15,180	-15,263	-15,181	-15,159	-15,095	-15,082	-15,079	-15,070	-15,057	-15,065	-15,042	-15,012	-14,962	-14,844	-14,724	-0,160	0,016	0,032	0,076	0,076	0,060	0,065	0,066	0,072	0,085	0,122	0,163	0,209	0,234	0,189	0,000	0,000
13,000	-8,498	-8,517	-8,509	-8,516	-8,500	-8,484	-8,466	-8,445	-8,414	-8,377	-8,329	-8,258	-8,149	-7,987	-7,781	-0,063	-0,027	-0,009	0,038	0,065	0,094	0,116	0,136	0,170	0,205	0,253	0,310	0,358	0,383	0,302	0,000	0,000
14,000	-11,737	-11,611	-11,671	-11,601	-11,601	-11,571	-11,553	-11,555	-11,539	-11,535	-11,518	-11,466	-11,388	-11,243	-11,053	0,045	-0,049	0,005	0,061	0,066	0,068	0,069	0,076	0,093	0,117	0,160	0,227	0,295	0,335	0,276	0,000	0,000
15,000	-8,830	-8,951	-8,855	-8,856	-8,814	-8,814	-8,808	-8,790	-8,770	-8,762	-8,744	-8,711	-8,665	-8,592	-8,503	-0,183	0,031	0,005	0,050	0,054	0,058	0,062	0,080	0,084	0,093	0,116	0,131	0,157	0,166	0,136	0,000	0,000
	run	12	2022:11:08    11:38:02,747
0,000	-12,897	-12,961	-12,983	-13,059	-13,087	-13,098	-13,108	-13,110	-13,113	-13,126	-13,112	-13,087	-13,043	-12,952	-12,847	-0,154	-0,129	-0,119	-0,096	-0,071	-0,054	-0,028	-0,015	0,011	0,031	0,074	0,114	0,159	0,180	0,145	0,000	0,000
1,000	-16,159	-16,143	-16,063	-15,867	-15,702	-15,581	-15,513	-15,453	-15,393	-15,355	-15,298	-15,249	-15,185	-15,087	-14,976	0,066	0,192	0,261	0,371	0,382	0,343	0,332	0,294	0,269	0,251	0,248	0,244	0,249	0,243	0,178	0,000	0,000
2,000	-10,197	-10,182	-10,137	-9,992	-9,886	-9,810	-9,763	-9,725	-9,669	-9,636	-9,566	-9,492	-9,398	-9,246	-9,077	0,086	0,132	0,185	0,266	0,270	0,243	0,253	0,244	0,253	0,265	0,291	0,328	0,344	0,348	0,262	0,000	0,000
3,000	-20,468	-20,457	-20,362	-20,027	-19,803	-19,670	-19,597	-19,544	-19,485	-19,480	-19,441	-19,401	-19,349	-19,241	-19,115	0,091	0,304	0,385	0,500	0,471	0,395	0,344	0,296	0,257	0,220	0,215	0,230	0,238	0,250	0,192	0,000	0,000
4,000	-11,085	-11,138	-11,039	-11,045	-11,013	-11,011	-11,014	-11,013	-11,001	-10,982	-10,939	-10,863	-10,719	-10,490	-10,190	-0,180	0,010	-0,003	0,047	0,045	0,064	0,086	0,100	0,135	0,198	0,283	0,380	0,476	0,527	0,437	0,000	0,000
5,000	-12,614	-12,603	-12,742	-12,777	-12,769	-12,745	-12,739	-12,737	-12,716	-12,714	-12,664	-12,577	-12,444	-12,188	-11,874	-0,104	-0,201	-0,141	-0,026	0,013	0,037	0,072	0,109	0,149	0,201	0,281	0,387	0,490	0,551	0,446	0,000	0,000
6,000	-7,152	-6,868	-6,708	-6,503	-6,388	-6,323	-6,287	-6,253	-6,212	-6,188	-6,149	-6,110	-6,062	-5,982	-5,912	0,875	0,672	0,556	0,416	0,340	0,273	0,250	0,219	0,202	0,181	0,180	0,181	0,185	0,175	0,132	0,000	0,000
7,000	-2,149	-1,900	-1,878	-1,817	-1,787	-1,773	-1,761	-1,763	-1,749	-1,741	-1,737	-1,729	-1,707	-1,676	-1,637	1,655	0,830	0,577	0,293	0,203	0,140	0,117	0,099	0,082	0,072	0,066	0,067	0,072	0,076	0,052	0,000	0,000
8,000	-11,140	-10,268	-9,961	-9,696	-9,595	-9,565	-9,550	-9,548	-9,554	-9,572	-9,590	-9,597	-9,590	-9,562	-9,521	3,929	2,335	1,649	0,818	0,539	0,355	0,255	0,176	0,112	0,074	0,055	0,048	0,059	0,075	0,067	0,000	0,000
9,000	-10,039	-9,899	-9,808	-9,569	-9,414	-9,301	-9,235	-9,190	-9,136	-9,111	-9,064	-9,022	-8,964	-8,880	-8,792	0,170	0,263	0,334	0,388	0,374	0,325	0,299	0,267	0,241	0,216	0,208	0,212	0,209	0,205	0,143	0,000	0,000
10,000	-10,452	-10,522	-10,422	-10,303	-10,224	-10,189	-10,168	-10,155	-10,131	-10,125	-10,099	-10,066	-10,013	-9,933	-9,839	-0,346	-0,021	0,041	0,138	0,132	0,120	0,108	0,108	0,109	0,120	0,136	0,156	0,180	0,186	0,145	0,000	0,000
11,000	-10,243	-10,183	-10,144	-10,026	-9,944	-9,886	-9,858	-9,840	-9,805	-9,787	-9,753	-9,710	-9,646	-9,549	-9,428	-0,058	0,056	0,105	0,181	0,182	0,161	0,158	0,151	0,152	0,157	0,179	0,200	0,222	0,229	0,175	0,000	0,000
12,000	-15,162	-15,247	-15,171	-15,142	-15,084	-15,065	-15,065	-15,059	-15,040	-15,054	-15,033	-14,998	-14,943	-14,838	-14,714	-0,150	0,004	0,033	0,078	0,075	0,061	0,066	0,065	0,069	0,086	0,126	0,168	0,199	0,231	0,181	0,000	0,000
13,000	-8,409	-8,431	-8,434	-8,442	-8,427	-8,411	-8,387	-8,371	-8,346	-8,309	-8,255	-8,184	-8,080	-7,922	-7,714	-0,065	-0,034	-0,015	0,033	0,067	0,090	0,116	0,137	0,169	0,206	0,251	0,303	0,356	0,379	0,298	0,000	0,000
14,000	-11,679	-11,544	-11,617	-11,550	-11,551	-11,518	-11,498	-11,502	-11,478	-11,486	-11,468	-11,433	-11,346	-11,204	-11,006	0,037	-0,040	0,022	0,054	0,066	0,059	0,074	0,079	0,090	0,118	0,167	0,223	0,293	0,327	0,270	0,000	0,000
15,000	-8,742	-8,883	-8,782	-8,786	-8,742	-8,747	-8,740	-8,717	-8,704	-8,695	-8,674	-8,642	-8,595	-8,521	-8,436	-0,181	0,032	0,002	0,052	0,049	0,059	0,063	0,079	0,079	0,092	0,116	0,134	0,158	0,167	0,136	0,000	0,000
	run	13	2022:11:08    11:38:02,848
0,000	-12,962	-13,025	-13,036	-13,126	-13,149	-13,167	-13,179	-13,185	-13,185	-13,195	-13,181	-13,158	-13,112	-13,024	-12,913	-0,146	-0,123	-0,133	-0,092	-0,078	-0,055	-0,024	-0,014	0,006	0,032	0,072	0,120	0,162	0,190	0,152	0,000	0,000
1,000	-16,427	-16,411	-16,331	-16,104	-15,935	-15,803	-15,741	-15,674	-15,617	-15,576	-15,521	-15,467	-15,404	-15,310	-15,195	0,087	0,223	0,278	0,388	0,404	0,361	0,338	0,298	0,281	0,259	0,250	0,249	0,247	0,240	0,179	0,000	0,000
2,000	-10,236	-10,220	-10,188	-10,046	-9,939	-9,862	-9,818	-9,778	-9,720	-9,688	-9,619	-9,546	-9,447	-9,297	-9,134	0,076	0,146	0,180	0,254	0,265	0,248	0,251	0,249	0,258	0,264	0,290	0,324	0,344	0,346	0,260	0,000	0,000
3,000	-20,463	-20,430	-20,339	-20,003	-19,791	-19,654	-19,579	-19,526	-19,471	-19,462	-19,426	-19,391	-19,344	-19,234	-19,108	0,097	0,304	0,379	0,501	0,475	0,392	0,341	0,293	0,254	0,215	0,209	0,222	0,235	0,245	0,183	0,000	0,000
4,000	-10,866	-10,934	-10,833	-10,833	-10,806	-10,806	-10,804	-10,800	-10,793	-10,772	-10,728	-10,657	-10,522	-10,301	-10,004	-0,192	0,021	0,006	0,046	0,054	0,063	0,087	0,106	0,138	0,192	0,286	0,371	0,458	0,515	0,425	0,000	0,000
5,000	-12,406	-12,388	-12,540	-12,563	-12,563	-12,541	-12,528	-12,532	-12,498	-12,504	-12,450	-12,364	-12,236	-11,985	-11,675	-0,102	-0,208	-0,156	-0,023	0,016	0,033	0,079	0,109	0,149	0,194	0,290	0,385	0,490	0,541	0,445	0,000	0,000
6,000	-7,178	-6,893	-6,739	-6,535	-6,414	-6,352	-6,316	-6,284	-6,243	-6,221	-6,186	-6,137	-6,089	-6,018	-5,938	0,855	0,653	0,551	0,405	0,342	0,275	0,249	0,220	0,204	0,188	0,185	0,187	0,190	0,179	0,134	0,000	0,000
7,000	-2,177	-1,926	-1,909	-1,839	-1,808	-1,794	-1,781	-1,782	-1,769	-1,763	-1,757	-1,747	-1,727	-1,693	-1,656	1,682	0,845	0,593	0,293	0,207	0,141	0,119	0,094	0,083	0,071	0,071	0,074	0,077	0,079	0,059	0,000	0,000
8,000	-11,276	-10,412	-10,105	-9,826	-9,734	-9,709	-9,693	-9,686	-9,688	-9,709	-9,728	-9,742	-9,736	-9,707	-9,663	3,907	2,339	1,648	0,821	0,535	0,352	0,254	0,183	0,112	0,074	0,054	0,048	0,059	0,077	0,068	0,000	0,000
9,000	-10,174	-10,016	-9,922	-9,662	-9,510	-9,391	-9,332	-9,285	-9,236	-9,204	-9,155	-9,116	-9,059	-8,974	-8,880	0,197	0,275	0,346	0,403	0,378	0,330	0,299	0,267	0,236	0,219	0,216	0,216	0,215	0,208	0,150	0,000	0,000
10,000	-10,516	-10,587	-10,471	-10,359	-10,278	-10,243	-10,220	-10,202	-10,176	-10,167	-10,147	-10,109	-10,059	-9,974	-9,880	-0,357	-0,017	0,049	0,148	0,135	0,121	0,114	0,109	0,112	0,119	0,135	0,156	0,182	0,190	0,147	0,000	0,000
11,000	-10,213	-10,158	-10,130	-9,986	-9,911	-9,857	-9,826	-9,809	-9,774	-9,760	-9,718	-9,678	-9,615	-9,516	-9,401	-0,057	0,059	0,108	0,177	0,183	0,160	0,160	0,150	0,158	0,161	0,183	0,204	0,222	0,233	0,179	0,000	0,000
12,000	-15,218	-15,294	-15,215	-15,186	-15,131	-15,121	-15,114	-15,107	-15,095	-15,111	-15,082	-15,053	-15,001	-14,894	-14,764	-0,157	0,004	0,034	0,071	0,077	0,062	0,060	0,065	0,075	0,081	0,125	0,162	0,207	0,233	0,185	0,000	0,000
13,000	-8,436	-8,472	-8,454	-8,468	-8,455	-8,436	-8,420	-8,394	-8,368	-8,335	-8,282	-8,212	-8,110	-7,948	-7,744	-0,071	-0,028	-0,014	0,039	0,063	0,089	0,117	0,141	0,169	0,207	0,250	0,300	0,355	0,375	0,294	0,000	0,000
14,000	-11,627	-11,460	-11,556	-11,480	-11,478	-11,453	-11,438	-11,438	-11,426	-11,427	-11,392	-11,361	-11,280	-11,133	-10,936	0,006	-0,047	0,007	0,060	0,061	0,061	0,072	0,070	0,096	0,116	0,172	0,220	0,295	0,329	0,273	0,000	0,000
15,000	-8,823	-8,947	-8,853	-8,860	-8,809	-8,810	-8,804	-8,785	-8,766	-8,754	-8,734	-8,706	-8,657	-8,586	-8,498	-0,173	0,028	0,006	0,052	0,053	0,058	0,062	0,078	0,086	0,097	0,118	0,133	0,158	0,168	0,131	0,000	0,000
	run	14	2022:11:08    11:38:02,901
0,000	-12,962	-13,025	-13,036	-13,126	-13,149	-13,167	-13,179	-13,185	-13,185	-13,195	-13,181	-13,158	-13,112	-13,024	-12,913	-0,146	-0,123	-0,133	-0,092	-0,078	-0,055	-0,024	-0,014	0,006	0,032	0,072	0,120	0,162	0,190	0,152	0,000	0,000
1,000	-16,427	-16,411	-16,331	-16,104	-15,935	-15,803	-15,741	-15,674	-15,617	-15,576	-15,521	-15,467	-15,404	-15,310	-15,195	0,087	0,223	0,278	0,388	0,404	0,361	0,338	0,298	0,281	0,259	0,250	0,249	0,247	0,240	0,179	0,000	0,000
2,000	-10,236	-10,220	-10,188	-10,046	-9,939	-9,862	-9,818	-9,778	-9,720	-9,688	-9,619	-9,546	-9,447	-9,297	-9,134	0,076	0,146	0,180	0,254	0,265	0,248	0,251	0,249	0,258	0,264	0,290	0,324	0,344	0,346	0,260	0,000	0,000
3,000	-20,463	-20,430	-20,339	-20,003	-19,791	-19,654	-19,579	-19,526	-19,471	-19,462	-19,426	-19,391	-19,344	-19,234	-19,108	0,097	0,304	0,379	0,501	0,475	0,392	0,341	0,293	0,254	0,215	0,209	0,222	0,235	0,245	0,183	0,000	0,000
4,000	-10,866	-10,934	-10,833	-10,833	-10,806	-10,806	-10,804	-10,800	-10,793	-10,772	-10,728	-10,657	-10,522	-10,301	-10,004	-0,192	0,021	0,006	0,046	0,054	0,063	0,087	0,106	0,138	0,192	0,286	0,371	0,458	0,515	0,425	0,000	0,000
5,000	-12,406	-12,388	-12,540	-12,563	-12,563	-12,541	-12,528	-12,532	-12,498	-12,504	-12,450	-12,364	-12,236	-11,985	-11,675	-0,102	-0,208	-0,156	-0,023	0,016	0,033	0,079	0,109	0,149	0,194	0,290	0,385	0,490	0,541	0,445	0,000	0,000
6,000	-7,073	-6,812	-6,650	-6,447	-6,338	-6,278	-6,236	-6,203	-6,168	-6,152	-6,108	-6,066	-6,018	-5,943	-5,864	0,838	0,653	0,540	0,399	0,339	0,267	0,244	0,218	0,198	0,188	0,183	0,184	0,184	0,175	0,128	0,000	0,000
7,000	-2,186	-1,931	-1,904	-1,838	-1,812	-1,794	-1,783	-1,777	-1,764	-1,766	-1,760	-1,739	-1,728	-1,694	-1,659	1,671	0,843	0,583	0,297	0,205	0,142	0,119	0,096	0,083	0,067	0,069	0,065	0,074	0,076	0,058	0,000	0,000
8,000	-11,286	-10,409	-10,110	-9,833	-9,732	-9,708	-9,695	-9,688	-9,694	-9,707	-9,732	-9,741	-9,733	-9,703	-9,658	3,909	2,342	1,647	0,828	0,542	0,350	0,253	0,181	0,108	0,074	0,055	0,048	0,065	0,080	0,066	0,000	0,000
9,000	-10,152	-10,001	-9,894	-9,654	-9,505	-9,384	-9,327	-9,273	-9,219	-9,195	-9,155	-9,105	-9,050	-8,966	-8,880	0,173	0,278	0,330	0,397	0,377	0,323	0,300	0,264	0,242	0,219	0,211	0,215	0,211	0,205	0,148	0,000	0,000
10,000	-10,438	-10,503	-10,404	-10,288	-10,202	-10,169	-10,148	-10,131	-10,108	-10,104	-10,076	-10,044	-9,988	-9,905	-9,811	-0,344	-0,015	0,045	0,137	0,135	0,121	0,110	0,110	0,112	0,120	0,134	0,153	0,179	0,188	0,149	0,000	0,000
11,000	-10,214	-10,163	-10,128	-9,996	-9,914	-9,856	-9,833	-9,806	-9,778	-9,755	-9,717	-9,676	-9,609	-9,508	-9,391	-0,056	0,058	0,107	0,183	0,184	0,163	0,159	0,153	0,159	0,164	0,181	0,210	0,226	0,236	0,182	0,000	0,000
12,000	-15,331	-15,406	-15,326	-15,303	-15,241	-15,228	-15,223	-15,215	-15,202	-15,221	-15,200	-15,159	-15,113	-14,999	-14,874	-0,153	0,004	0,029	0,071	0,067	0,060	0,062	0,061	0,073	0,083	0,122	0,164	0,207	0,233	0,188	0,000	0,000
13,000	-8,542	-8,569	-8,563	-8,571	-8,551	-8,533	-8,513	-8,496	-8,468	-8,437	-8,380	-8,308	-8,199	-8,039	-7,826	-0,058	-0,035	-0,008	0,034	0,071	0,096	0,115	0,138	0,167	0,206	0,259	0,307	0,359	0,383	0,308	0,000	0,000
14,000	-11,821	-11,674	-11,737	-11,682	-11,673	-11,638	-11,617	-11,624	-11,614	-11,600	-11,591	-11,544	-11,460	-11,317	-11,116	0,036	-0,058	0,008	0,070	0,063	0,059	0,070	0,076	0,090	0,118	0,165	0,231	0,299	0,334	0,276	0,000	0,000
15,000	-8,907	-9,038	-8,938	-8,940	-8,893	-8,898	-8,886	-8,867	-8,853	-8,844	-8,819	-8,790	-8,740	-8,668	-8,573	-0,182	0,030	0,010	0,052	0,050	0,063	0,069	0,087	0,085	0,096	0,117	0,139	0,161	0,172	0,140	0,000	0,000
	run	15	2022:11:08    11:38:03,000
0,000	-13,103	-13,168	-13,174	-13,262	-13,289	-13,304	-13,317	-13,321	-13,320	-13,330	-13,323	-13,296	-13,250	-13,161	-13,050	-0,152	-0,129	-0,113	-0,090	-0,077	-0,054	-0,031	-0,012	0,009	0,033	0,071	0,121	0,161	0,183	0,151	0,000	0,000
1,000	-16,281	-16,273	-16,182	-15,978	-15,804	-15,685	-15,618	-15,559	-15,495	-15,460	-15,403	-15,350	-15,286	-15,193	-15,079	0,072	0,206	0,265	0,379	0,390	0,357	0,334	0,296	0,273	0,254	0,244	0,245	0,243	0,239	0,172	0,000	0,000
2,000	-10,024	-10,015	-9,980	-9,851	-9,740	-9,673	-9,628	-9,590	-9,538	-9,504	-9,437	-9,364	-9,274	-9,126	-8,968	0,065	0,122	0,164	0,246	0,257	0,238	0,247	0,245	0,246	0,252	0,277	0,307	0,327	0,331	0,253	0,000	0,000
3,000	-19,908	-19,895	-19,820	-19,542	-19,331	-19,200	-19,130	-19,077	-19,019	-19,010	-18,971	-18,934	-18,878	-18,771	-18,652	0,056	0,249	0,321	0,450	0,443	0,372	0,331	0,284	0,248	0,207	0,211	0,223	0,230	0,243	0,182	0,000	0,000
4,000	-10,743	-10,804	-10,718	-10,700	-10,677	-10,664	-10,668	-10,660	-10,661	-10,637	-10,601	-10,522	-10,397	-10,170	-9,887	-0,185	0,011	0,003	0,050	0,049	0,063	0,085	0,098	0,133	0,194	0,282	0,360	0,450	0,507	0,413	0,000	0,000
5,000	-12,280	-12,245	-12,392	-12,427	-12,423	-12,404	-12,392	-12,391	-12,357	-12,359	-12,319	-12,236	-12,101	-11,859	-11,554	-0,106	-0,202	-0,138	-0,021	0,014	0,035	0,076	0,103	0,142	0,190	0,284	0,379	0,467	0,537	0,427	0,000	0,000
6,000	-7,010	-6,751	-6,598	-6,401	-6,296	-6,229	-6,194	-6,161	-6,123	-6,087	-6,058	-6,016	-5,971	-5,896	-5,821	0,836	0,642	0,531	0,396	0,329	0,268	0,239	0,215	0,200	0,190	0,181	0,181	0,178	0,175	0,127	0,000	0,000
7,000	-2,151	-1,890	-1,883	-1,813	-1,790	-1,768	-1,754	-1,754	-1,739	-1,737	-1,732	-1,720	-1,699	-1,668	-1,636	1,650	0,829	0,575	0,296	0,206	0,138	0,118	0,096	0,079	0,071	0,070	0,068	0,072	0,074	0,054	0,000	0,000
8,000	-11,126	-10,248	-9,941	-9,668	-9,574	-9,545	-9,533	-9,526	-9,534	-9,549	-9,566	-9,577	-9,570	-9,545	-9,500	3,905	2,344	1,652	0,819	0,537	0,354	0,255	0,178	0,109	0,071	0,050	0,046	0,061	0,076	0,066	0,000	0,000
9,000	-10,033	-9,889	-9,798	-9,555	-9,402	-9,291	-9,226	-9,180	-9,128	-9,097	-9,060	-9,011	-8,957	-8,873	-8,777	0,166	0,259	0,321	0,383	0,375	0,325	0,299	0,263	0,236	0,214	0,211	0,212	0,214	0,207	0,150	0,000	0,000
10,000	-10,498	-10,551	-10,445	-10,325	-10,245	-10,210	-10,185	-10,165	-10,137	-10,133	-10,111	-10,078	-10,023	-9,939	-9,848	-0,354	-0,007	0,059	0,157	0,143	0,125	0,115	0,113	0,117	0,121	0,136	0,162	0,183	0,188	0,151	0,000	0,000
11,000	-10,248	-10,182	-10,158	-10,030	-9,948	-9,894	-9,863	-9,839	-9,808	-9,786	-9,748	-9,707	-9,643	-9,540	-9,426	-0,057	0,059	0,109	0,184	0,181	0,165	0,162	0,152	0,156	0,159	0,183	0,203	0,224	0,232	0,182	0,000	0,000
12,000	-15,478	-15,559	-15,478	-15,451	-15,392	-15,381	-15,375	-15,361	-15,351	-15,366	-15,346	-15,307	-15,251	-15,139	-15,004	-0,159	0,010	0,033	0,075	0,073	0,064	0,064	0,069	0,069	0,085	0,122	0,164	0,211	0,243	0,189	0,000	0,000
13,000	-8,567	-8,569	-8,574	-8,577	-8,563	-8,540	-8,524	-8,508	-8,476	-8,445	-8,391	-8,315	-8,207	-8,045	-7,833	-0,051	-0,030	-0,011	0,037	0,070	0,098	0,112	0,138	0,171	0,213	0,256	0,317	0,361	0,384	0,310	0,000	0,000
14,000	-11,870	-11,760	-11,820	-11,751	-11,749	-11,716	-11,699	-11,695	-11,688	-11,684	-11,671	-11,619	-11,540	-11,393	-11,190	0,004	-0,047	0,030	0,063	0,075	0,061	0,073	0,083	0,093	0,126	0,171	0,229	0,292	0,340	0,280	0,000	0,000
15,000	-8,942	-9,070	-8,974	-8,973	-8,932	-8,932	-8,926	-8,903	-8,885	-8,881	-8,859	-8,820	-8,776	-8,701	-8,619	-0,180	0,032	0,009	0,049	0,053	0,066	0,065	0,084	0,083	0,098	0,121	0,136	0,158	0,167	0,137	0,000	0,000
	run	16	2022:11:08    11:38:03,100
0,000	-13,103	-13,156	-13,169	-13,254	-13,270	-13,295	-13,305	-13,311	-13,307	-13,315	-13,307	-13,286	-13,239	-13,155	-13,046	-0,140	-0,129	-0,121	-0,090	-0,076	-0,047	-0,034	-0,013	0,008	0,035	0,075	0,116	0,159	0,186	0,148	0,000	0,000
1,000	-16,284	-16,279	-16,196	-16,003	-15,828	-15,705	-15,639	-15,585	-15,518	-15,484	-15,427	-15,375	-15,310	-15,214	-15,102	0,052	0,196	0,255	0,369	0,382	0,344	0,327	0,299	0,274	0,255	0,243	0,248	0,243	0,240	0,175	0,000	0,000
2,000	-10,096	-10,087	-10,058	-9,915	-9,800	-9,727	-9,682	-9,643	-9,585	-9,556	-9,496	-9,416	-9,319	-9,168	-9,011	0,087	0,134	0,186	0,255	0,263	0,242	0,247	0,244	0,247	0,257	0,284	0,312	0,332	0,341	0,251	0,000	0,000
3,000	-20,116	-20,119	-20,030	-19,719	-19,509	-19,372	-19,304	-19,245	-19,194	-19,184	-19,140	-19,107	-19,056	-18,956	-18,828	0,097	0,272	0,350	0,480	0,463	0,392	0,335	0,286	0,253	0,207	0,207	0,222	0,233	0,245	0,189	0,000	0,000
4,000	-10,817	-10,873	-10,776	-10,781	-10,753	-10,741	-10,741	-10,748	-10,742	-10,719	-10,674	-10,606	-10,470	-10,247	-9,963	-0,187	0,008	0,004	0,047	0,054	0,065	0,087	0,097	0,137	0,196	0,273	0,364	0,454	0,506	0,419	0,000	0,000
5,000	-12,278	-12,264	-12,417	-12,445	-12,435	-12,420	-12,402	-12,407	-12,374	-12,380	-12,330	-12,250	-12,114	-11,874	-11,564	-0,112	-0,193	-0,142	-0,017	0,015	0,030	0,075	0,105	0,140	0,188	0,283	0,380	0,475	0,533	0,433	0,000	0,000
6,000	-6,995	-6,729	-6,577	-6,375	-6,271	-6,202	-6,164	-6,136	-6,096	-6,075	-6,033	-5,996	-5,950	-5,875	-5,802	0,857	0,650	0,542	0,400	0,327	0,267	0,243	0,217	0,196	0,178	0,182	0,181	0,181	0,173	0,124	0,000	0,000
7,000	-2,128	-1,875	-1,862	-1,799	-1,773	-1,756	-1,751	-1,741	-1,735	-1,729	-1,723	-1,709	-1,697	-1,668	-1,636	1,643	0,811	0,571	0,287	0,200	0,139	0,116	0,087	0,076	0,067	0,067	0,067	0,066	0,070	0,051	0,000	0,000
8,000	-11,016	-10,148	-9,838	-9,563	-9,476	-9,447	-9,428	-9,425	-9,433	-9,447	-9,465	-9,477	-9,464	-9,440	-9,394	3,908	2,324	1,640	0,814	0,540	0,348	0,251	0,179	0,112	0,072	0,057	0,049	0,059	0,078	0,068	0,000	0,000
9,000	-9,963	-9,841	-9,773	-9,543	-9,405	-9,288	-9,223	-9,178	-9,120	-9,094	-9,050	-9,010	-8,948	-8,868	-8,776	0,143	0,218	0,287	0,366	0,356	0,313	0,292	0,260	0,233	0,214	0,210	0,213	0,213	0,202	0,148	0,000	0,000
10,000	-10,422	-10,495	-10,384	-10,261	-10,172	-10,149	-10,121	-10,101	-10,080	-10,067	-10,049	-10,008	-9,956	-9,879	-9,780	-0,343	-0,000	0,064	0,159	0,142	0,126	0,117	0,113	0,111	0,118	0,133	0,155	0,181	0,188	0,148	0,000	0,000
11,000	-10,320	-10,261	-10,227	-10,091	-10,016	-9,960	-9,936	-9,907	-9,881	-9,862	-9,825	-9,777	-9,716	-9,615	-9,497	-0,052	0,072	0,109	0,181	0,183	0,158	0,160	0,149	0,156	0,162	0,183	0,208	0,224	0,236	0,181	0,000	0,000
12,000	-15,448	-15,516	-15,441	-15,411	-15,353	-15,339	-15,335	-15,324	-15,315	-15,325	-15,304	-15,272	-15,220	-15,109	-14,974	-0,167	-0,003	0,023	0,072	0,075	0,060	0,067	0,063	0,071	0,082	0,127	0,169	0,204	0,236	0,188	0,000	0,000
13,000	-8,698	-8,678	-8,688	-8,683	-8,673	-8,648	-8,631	-8,613	-8,583	-8,547	-8,497	-8,423	-8,312	-8,146	-7,938	-0,045	-0,022	-0,003	0,047	0,072	0,093	0,124	0,145	0,173	0,214	0,262	0,318	0,368	0,388	0,311	0,000	0,000
14,000	-12,078	-11,945	-12,007	-11,945	-11,935	-11,902	-11,883	-11,885	-11,868	-11,870	-11,851	-11,801	-11,725	-11,571	-11,365	-0,011	-0,046	0,007	0,062	0,068	0,062	0,074	0,078	0,096	0,122	0,178	0,233	0,300	0,344	0,288	0,000	0,000
15,000	-8,979	-9,100	-9,004	-9,013	-8,964	-8,968	-8,960	-8,938	-8,924	-8,914	-8,899	-8,864	-8,813	-8,744	-8,652	-0,178	0,033	0,005	0,050	0,056	0,057	0,067	0,077	0,081	0,091	0,115	0,135	0,156	0,166	0,136	0,000	0,000
	run	17	2022:11:08    11:38:03,148
0,000	-13,018	-13,084	-13,103	-13,186	-13,213	-13,229	-13,240	-13,244	-13,247	-13,255	-13,246	-13,218	-13,174	-13,084	-12,974	-0,142	-0,131	-0,122	-0,093	-0,079	-0,052	-0,033	-0,011	0,010	0,032	0,069	0,119	0,161	0,189	0,151	0,000	0,000
1,000	-16,478	-16,453	-16,360	-16,134	-15,956	-15,839	-15,767	-15,701	-15,639	-15,604	-15,549	-15,493	-15,429	-15,334	-15,221	0,066	0,226	0,275	0,394	0,396	0,359	0,337	0,305	0,286	0,259	0,249	0,251	0,247	0,243	0,181	0,000	0,000
2,000	-10,096	-10,087	-10,058	-9,915	-9,800	-9,727	-9,682	-9,643	-9,585	-9,556	-9,496	-9,416	-9,319	-9,168	-9,011	0,087	0,134	0,186	0,255	0,263	0,242	0,247	0,244	0,247	0,257	0,284	0,312	0,332	0,341	0,251	0,000	0,000
3,000	-20,116	-20,119	-20,030	-19,719	-19,509	-19,372	-19,304	-19,245	-19,194	-19,184	-19,140	-19,107	-19,056	-18,956	-18,828	0,097	0,272	0,350	0,480	0,463	0,392	0,335	0,286	0,253	0,207	0,207	0,222	0,233	0,245	0,189	0,000	0,000
4,000	-10,817	-10,873	-10,776	-10,781	-10,753	-10,741	-10,741	-10,748	-10,742	-10,719	-10,674	-10,606	-10,470	-10,247	-9,963	-0,187	0,008	0,004	0,047	0,054	0,065	0,087	0,097	0,137	0,196	0,273	0,364	0,454	0,506	0,419	0,000	0,000
5,000	-12,278	-12,264	-12,417	-12,445	-12,435	-12,420	-12,402	-12,407	-12,374	-12,380	-12,330	-12,250	-12,114	-11,874	-11,564	-0,112	-0,193	-0,142	-0,017	0,015	0,030	0,075	0,105	0,140	0,188	0,283	0,380	0,475	0,533	0,433	0,000	0,000
6,000	-6,995	-6,729	-6,577	-6,375	-6,271	-6,202	-6,164	-6,136	-6,096	-6,075	-6,033	-5,996	-5,950	-5,875	-5,802	0,857	0,650	0,542	0,400	0,327	0,267	0,243	0,217	0,196	0,178	0,182	0,181	0,181	0,173	0,124	0,000	0,000
7,000	-2,128	-1,875	-1,862	-1,799	-1,773	-1,756	-1,751	-1,741	-1,735	-1,729	-1,723	-1,709	-1,697	-1,668	-1,636	1,643	0,811	0,571	0,287	0,200	0,139	0,116	0,087	0,076	0,067	0,067	0,067	0,066	0,070	0,051	0,000	0,000
8,000	-10,929	-10,077	-9,755	-9,496	-9,401	-9,376	-9,363	-9,356	-9,359	-9,377	-9,395	-9,404	-9,395	-9,367	-9,324	3,880	2,343	1,632	0,816	0,536	0,346	0,250	0,181	0,111	0,076	0,060	0,048	0,061	0,080	0,071	0,000	0,000
9,000	-9,829	-9,732	-9,662	-9,452	-9,313	-9,196	-9,138	-9,088	-9,036	-9,007	-8,964	-8,924	-8,869	-8,783	-8,694	0,126	0,207	0,271	0,351	0,345	0,310	0,285	0,253	0,233	0,208	0,211	0,206	0,205	0,204	0,148	0,000	0,000
10,000	-10,308	-10,374	-10,276	-10,162	-10,083	-10,054	-10,024	-10,010	-9,986	-9,982	-9,958	-9,924	-9,870	-9,791	-9,696	-0,356	-0,022	0,047	0,140	0,132	0,118	0,110	0,113	0,109	0,120	0,134	0,154	0,178	0,184	0,144	0,000	0,000
11,000	-10,211	-10,146	-10,121	-10,002	-9,928	-9,869	-9,841	-9,820	-9,793	-9,770	-9,736	-9,694	-9,632	-9,530	-9,409	-0,071	0,048	0,095	0,173	0,171	0,156	0,152	0,146	0,150	0,150	0,179	0,206	0,222	0,234	0,176	0,000	0,000
12,000	-15,467	-15,550	-15,453	-15,433	-15,378	-15,359	-15,356	-15,351	-15,337	-15,353	-15,318	-15,282	-15,235	-15,121	-14,991	-0,164	0,013	0,035	0,076	0,077	0,063	0,071	0,073	0,075	0,086	0,127	0,171	0,206	0,239	0,188	0,000	0,000
13,000	-8,578	-8,601	-8,600	-8,611	-8,592	-8,567	-8,555	-8,535	-8,504	-8,468	-8,418	-8,344	-8,241	-8,076	-7,865	-0,068	-0,024	-0,014	0,038	0,066	0,098	0,121	0,138	0,170	0,208	0,260	0,314	0,363	0,386	0,310	0,000	0,000
14,000	-11,984	-11,832	-11,928	-11,845	-11,842	-11,811	-11,795	-11,793	-11,781	-11,769	-11,754	-11,715	-11,630	-11,486	-11,277	0,036	-0,052	0,023	0,062	0,065	0,069	0,078	0,076	0,093	0,118	0,169	0,225	0,298	0,338	0,281	0,000	0,000
15,000	-8,895	-9,026	-8,924	-8,936	-8,888	-8,893	-8,882	-8,863	-8,847	-8,837	-8,821	-8,790	-8,740	-8,662	-8,573	-0,171	0,030	0,006	0,049	0,056	0,063	0,065	0,077	0,083	0,092	0,113	0,137	0,161	0,172	0,139	0,000	0,000
	run	18	2022:11:08    11:38:03,248
0,000	-12,961	-13,018	-13,041	-13,117	-13,145	-13,166	-13,174	-13,181	-13,180	-13,190	-13,180	-13,148	-13,107	-13,017	-12,912	-0,157	-0,125	-0,118	-0,096	-0,080	-0,052	-0,026	-0,008	0,009	0,035	0,077	0,119	0,164	0,184	0,148	0,000	0,000
1,000	-16,421	-16,407	-16,319	-16,100	-15,923	-15,797	-15,727	-15,671	-15,607	-15,570	-15,512	-15,460	-15,395	-15,297	-15,181	0,084	0,219	0,279	0,389	0,402	0,361	0,337	0,303	0,284	0,261	0,256	0,255	0,248	0,242	0,176	0,000	0,000
2,000	-10,280	-10,276	-10,226	-10,090	-9,981	-9,903	-9,857	-9,817	-9,760	-9,732	-9,663	-9,584	-9,486	-9,333	-9,169	0,081	0,140	0,193	0,262	0,267	0,250	0,252	0,247	0,255	0,262	0,294	0,325	0,342	0,347	0,260	0,000	0,000
3,000	-20,551	-20,527	-20,427	-20,098	-19,875	-19,743	-19,663	-19,608	-19,554	-19,548	-19,502	-19,476	-19,415	-19,308	-19,182	0,110	0,304	0,394	0,514	0,486	0,396	0,346	0,294	0,256	0,220	0,217	0,228	0,235	0,251	0,190	0,000	0,000
4,000	-11,054	-11,115	-11,005	-11,015	-10,991	-10,988	-10,990	-10,982	-10,978	-10,953	-10,908	-10,838	-10,698	-10,475	-10,174	-0,188	0,004	-0,006	0,039	0,049	0,063	0,086	0,103	0,139	0,201	0,283	0,380	0,470	0,531	0,431	0,000	0,000
5,000	-12,579	-12,578	-12,727	-12,754	-12,736	-12,723	-12,712	-12,712	-12,679	-12,684	-12,634	-12,550	-12,417	-12,157	-11,848	-0,109	-0,204	-0,147	-0,022	0,024	0,035	0,075	0,110	0,148	0,204	0,293	0,396	0,495	0,557	0,449	0,000	0,000
6,000	-7,097	-6,829	-6,674	-6,472	-6,362	-6,297	-6,259	-6,223	-6,189	-6,163	-6,120	-6,086	-6,036	-5,967	-5,894	0,860	0,655	0,541	0,407	0,336	0,270	0,245	0,214	0,199	0,181	0,179	0,178	0,181	0,171	0,126	0,000	0,000
7,000	-2,169	-1,912	-1,892	-1,824	-1,798	-1,784	-1,774	-1,769	-1,755	-1,748	-1,746	-1,734	-1,717	-1,684	-1,650	1,665	0,829	0,579	0,292	0,201	0,139	0,118	0,096	0,078	0,070	0,062	0,073	0,071	0,071	0,059	0,000	0,000
8,000	-11,069	-10,216	-9,907	-9,637	-9,551	-9,517	-9,502	-9,499	-9,503	-9,518	-9,540	-9,551	-9,543	-9,519	-9,470	3,888	2,330	1,642	0,821	0,529	0,346	0,254	0,182	0,117	0,075	0,051	0,051	0,060	0,077	0,065	0,000	0,000
9,000	-9,944	-9,824	-9,735	-9,516	-9,365	-9,249	-9,185	-9,136	-9,091	-9,058	-9,009	-8,973	-8,916	-8,834	-8,742	0,134	0,240	0,298	0,379	0,358	0,323	0,296	0,262	0,232	0,214	0,214	0,210	0,208	0,204	0,146	0,000	0,000
10,000	-10,380	-10,460	-10,365	-10,257	-10,178	-10,146	-10,126	-10,103	-10,078	-10,072	-10,050	-10,019	-9,965	-9,885	-9,792	-0,362	-0,031	0,030	0,129	0,124	0,113	0,109	0,108	0,110	0,116	0,133	0,154	0,174	0,185	0,143	0,000	0,000
11,000	-10,218	-10,163	-10,139	-10,012	-9,935	-9,885	-9,856	-9,829	-9,796	-9,782	-9,741	-9,702	-9,639	-9,539	-9,425	-0,066	0,048	0,101	0,171	0,182	0,158	0,158	0,148	0,155	0,155	0,181	0,204	0,220	0,231	0,177	0,000	0,000
12,000	-15,158	-15,238	-15,163	-15,131	-15,070	-15,057	-15,053	-15,048	-15,033	-15,043	-15,019	-14,991	-14,937	-14,828	-14,702	-0,151	0,006	0,032	0,074	0,077	0,058	0,065	0,067	0,073	0,081	0,120	0,165	0,202	0,233	0,184	0,000	0,000
13,000	-8,453	-8,480	-8,473	-8,485	-8,465	-8,449	-8,428	-8,412	-8,382	-8,346	-8,294	-8,228	-8,126	-7,960	-7,756	-0,072	-0,028	-0,014	0,034	0,065	0,093	0,115	0,138	0,167	0,203	0,254	0,304	0,358	0,377	0,298	0,000	0,000
14,000	-11,618	-11,442	-11,537	-11,462	-11,459	-11,431	-11,409	-11,413	-11,398	-11,392	-11,369	-11,340	-11,254	-11,114	-10,910	0,046	-0,049	0,020	0,055	0,069	0,060	0,074	0,074	0,093	0,110	0,162	0,223	0,284	0,329	0,274	0,000	0,000
15,000	-8,797	-8,923	-8,819	-8,829	-8,780	-8,785	-8,777	-8,758	-8,742	-8,731	-8,715	-8,678	-8,634	-8,556	-8,469	-0,175	0,031	0,007	0,049	0,052	0,061	0,065	0,081	0,084	0,092	0,116	0,134	0,153	0,169	0,133	0,000	0,000
	run	19	2022:11:08    11:38:03,300
0,000	-12,961	-13,018	-13,041	-13,117	-13,145	-13,166	-13,174	-13,181	-13,180	-13,190	-13,180	-13,148	-13,107	-13,017	-12,912	-0,157	-0,125	-0,118	-0,096	-0,080	-0,052	-0,026	-0,008	0,009	0,035	0,077	0,119	0,164	0,184	0,148	0,000	0,000
1,000	-16,421	-16,407	-16,319	-16,100	-15,923	-15,797	-15,727	-15,671	-15,607	-15,570	-15,512	-15,460	-15,395	-15,297	-15,181	0,084	0,219	0,279	0,389	0,402	0,361	0,337	0,303	0,284	0,261	0,256	0,255	0,248	0,242	0,176	0,000	0,000
2,000	-10,280	-10,276	-10,226	-10,090	-9,981	-9,903	-9,857	-9,817	-9,760	-9,732	-9,663	-9,584	-9,486	-9,333	-9,169	0,081	0,140	0,193	0,262	0,267	0,250	0,252	0,247	0,255	0,262	0,294	0,325	0,342	0,347	0,260	0,000	0,000
3,000	-20,551	-20,527	-20,427	-20,098	-19,875	-19,743	-19,663	-19,608	-19,554	-19,548	-19,502	-19,476	-19,415	-19,308	-19,182	0,110	0,304	0,394	0,514	0,486	0,396	0,346	0,294	0,256	0,220	0,217	0,228	0,235	0,251	0,190	0,000	0,000
4,000	-11,054	-11,115	-11,005	-11,015	-10,991	-10,988	-10,990	-10,982	-10,978	-10,953	-10,908	-10,838	-10,698	-10,475	-10,174	-0,188	0,004	-0,006	0,039	0,049	0,063	0,086	0,103	0,139	0,201	0,283	0,380	0,470	0,531	0,431	0,000	0,000
5,000	-12,579	-12,578	-12,727	-12,754	-12,736	-12,723	-12,712	-12,712	-12,679	-12,684	-12,634	-12,550	-12,417	-12,157	-11,848	-0,109	-0,204	-0,147	-0,022	0,024	0,035	0,075	0,110	0,148	0,204	0,293	0,396	0,495	0,557	0,449	0,000	0,000
6,000	-7,157	-6,892	-6,727	-6,522	-6,417	-6,343	-6,311	-6,276	-6,238	-6,211	-6,177	-6,132	-6,085	-6,013	-5,938	0,865	0,660	0,553	0,412	0,338	0,273	0,249	0,220	0,199	0,190	0,186	0,187	0,184	0,176	0,132	0,000	0,000
7,000	-2,168	-1,917	-1,898	-1,829	-1,804	-1,788	-1,774	-1,772	-1,763	-1,755	-1,755	-1,737	-1,721	-1,695	-1,654	1,667	0,825	0,584	0,292	0,206	0,140	0,114	0,097	0,085	0,070	0,069	0,071	0,072	0,072	0,056	0,000	0,000
8,000	-11,216	-10,336	-10,037	-9,769	-9,674	-9,651	-9,632	-9,627	-9,631	-9,652	-9,668	-9,670	-9,665	-9,643	-9,598	3,900	2,342	1,638	0,821	0,538	0,352	0,250	0,182	0,104	0,075	0,055	0,046	0,067	0,081	0,073	0,000	0,000
9,000	-10,085	-9,935	-9,850	-9,605	-9,457	-9,339	-9,279	-9,225	-9,178	-9,146	-9,108	-9,059	-9,007	-8,924	-8,832	0,156	0,255	0,324	0,392	0,373	0,325	0,301	0,264	0,240	0,215	0,210	0,215	0,210	0,203	0,148	0,000	0,000
10,000	-10,401	-10,474	-10,377	-10,274	-10,191	-10,161	-10,136	-10,119	-10,096	-10,094	-10,064	-10,030	-9,978	-9,900	-9,804	-0,365	-0,027	0,033	0,143	0,129	0,112	0,112	0,106	0,109	0,110	0,136	0,158	0,176	0,185	0,145	0,000	0,000
11,000	-10,154	-10,103	-10,079	-9,953	-9,872	-9,816	-9,787	-9,766	-9,737	-9,716	-9,682	-9,639	-9,578	-9,479	-9,362	-0,043	0,054	0,104	0,174	0,177	0,159	0,155	0,148	0,153	0,158	0,177	0,201	0,218	0,230	0,179	0,000	0,000
12,000	-15,037	-15,114	-15,028	-15,006	-14,945	-14,931	-14,930	-14,921	-14,912	-14,923	-14,900	-14,869	-14,818	-14,712	-14,584	-0,158	0,005	0,025	0,070	0,076	0,055	0,062	0,064	0,068	0,081	0,115	0,158	0,197	0,220	0,185	0,000	0,000
13,000	-8,353	-8,377	-8,381	-8,389	-8,371	-8,351	-8,336	-8,316	-8,288	-8,253	-8,201	-8,135	-8,026	-7,868	-7,665	-0,065	-0,034	-0,019	0,031	0,069	0,092	0,110	0,135	0,167	0,203	0,255	0,302	0,354	0,376	0,295	0,000	0,000
14,000	-11,596	-11,437	-11,518	-11,462	-11,455	-11,423	-11,401	-11,408	-11,393	-11,393	-11,355	-11,330	-11,246	-11,106	-10,905	0,011	-0,050	0,013	0,059	0,059	0,059	0,064	0,079	0,094	0,113	0,170	0,225	0,288	0,327	0,273	0,000	0,000
15,000	-8,846	-8,979	-8,881	-8,880	-8,836	-8,838	-8,836	-8,811	-8,795	-8,785	-8,764	-8,731	-8,682	-8,614	-8,522	-0,177	0,037	0,011	0,051	0,056	0,061	0,065	0,084	0,082	0,094	0,113	0,136	0,156	0,165	0,135	0,000	0,000
	run	20	2022:11:08    11:38:03,401
0,000	-13,131	-13,203	-13,219	-13,295	-13,319	-13,349	-13,354	-13,361	-13,358	-13,368	-13,361	-13,329	-13,283	-13,197	-13,085	-0,140	-0,126	-0,127	-0,104	-0,078	-0,057	-0,027	-0,013	0,008	0,034	0,076	0,118	0,161	0,186	0,150	0,000	0,000
1,000	-16,416	-16,386	-16,296	-16,072	-15,895	-15,769	-15,701	-15,643	-15,578	-15,548	-15,483	-15,437	-15,375	-15,271	-15,163	0,091	0,229	0,279	0,391	0,404	0,358	0,337	0,306	0,277	0,252	0,248	0,253	0,251	0,243	0,175	0,000	0,000
2,000	-10,192	-10,181	-10,144	-10,008	-9,905	-9,825	-9,784	-9,742	-9,689	-9,651	-9,590	-9,511	-9,410	-9,263	-9,094	0,080	0,136	0,180	0,260	0,263	0,242	0,249	0,250	0,253	0,261	0,296	0,320	0,342	0,344	0,261	0,000	0,000
3,000	-20,390	-20,381	-20,289	-19,965	-19,742	-19,607	-19,533	-19,478	-19,429	-19,419	-19,383	-19,341	-19,288	-19,184	-19,059	0,134	0,310	0,385	0,495	0,474	0,397	0,341	0,297	0,256	0,212	0,215	0,228	0,238	0,252	0,185	0,000	0,000
4,000	-11,024	-11,093	-10,978	-10,986	-10,957	-10,956	-10,955	-10,953	-10,945	-10,929	-10,886	-10,811	-10,671	-10,443	-10,145	-0,199	0,011	-0,007	0,040	0,050	0,064	0,084	0,099	0,138	0,203	0,279	0,373	0,466	0,523	0,429	0,000	0,000
5,000	-12,628	-12,600	-12,761	-12,785	-12,777	-12,758	-12,752	-12,747	-12,720	-12,717	-12,672	-12,586	-12,450	-12,199	-11,888	-0,107	-0,189	-0,147	-0,018	0,021	0,038	0,073	0,104	0,149	0,191	0,291	0,390	0,489	0,545	0,439	0,000	0,000
6,000	-7,125	-6,852	-6,677	-6,483	-6,367	-6,305	-6,269	-6,234	-6,201	-6,178	-6,135	-6,089	-6,045	-5,972	-5,892	0,865	0,670	0,553	0,406	0,339	0,266	0,248	0,217	0,200	0,179	0,177	0,181	0,184	0,181	0,129	0,000	0,000
7,000	-2,174	-1,910	-1,887	-1,821	-1,796	-1,778	-1,770	-1,761	-1,752	-1,748	-1,738	-1,729	-1,713	-1,677	-1,644	1,665	0,831	0,587	0,297	0,201	0,142	0,118	0,096	0,086	0,070	0,069	0,071	0,077	0,074	0,057	0,000	0,000
8,000	-11,130	-10,252	-9,937	-9,686	-9,581	-9,558	-9,546	-9,541	-9,538	-9,563	-9,583	-9,593	-9,590	-9,555	-9,517	3,921	2,342	1,646	0,822	0,536	0,342	0,245	0,177	0,117	0,067	0,051	0,049	0,059	0,073	0,065	0,000	0,000
9,000	-10,030	-9,887	-9,773	-9,540	-9,391	-9,279	-9,218	-9,167	-9,115	-9,086	-9,044	-9,000	-8,944	-8,866	-8,772	0,179	0,278	0,323	0,397	0,380	0,323	0,299	0,263	0,232	0,216	0,211	0,209	0,206	0,201	0,143	0,000	0,000
10,000	-10,417	-10,495	-10,399	-10,293	-10,213	-10,179	-10,156	-10,142	-10,115	-10,109	-10,084	-10,056	-9,996	-9,915	-9,822	-0,356	-0,029	0,044	0,136	0,127	0,120	0,108	0,109	0,109	0,119	0,135	0,155	0,181	0,188	0,145	0,000	0,000
11,000	-10,160	-10,091	-10,068	-9,937	-9,856	-9,808	-9,777	-9,753	-9,725	-9,705	-9,666	-9,624	-9,560	-9,465	-9,352	-0,056	0,051	0,101	0,176	0,177	0,158	0,156	0,150	0,152	0,154	0,178	0,203	0,220	0,230	0,177	0,000	0,000
12,000	-15,132	-15,211	-15,132	-15,101	-15,040	-15,027	-15,025	-15,015	-15,003	-15,019	-14,998	-14,958	-14,905	-14,806	-14,674	-0,151	0,019	0,038	0,073	0,072	0,061	0,059	0,068	0,076	0,084	0,116	0,162	0,200	0,228	0,184	0,000	0,000
13,000	-8,405	-8,410	-8,410	-8,423	-8,406	-8,390	-8,369	-8,352	-8,321	-8,285	-8,233	-8,168	-8,061	-7,903	-7,694	-0,058	-0,031	-0,014	0,036	0,063	0,091	0,116	0,140	0,168	0,205	0,249	0,301	0,356	0,378	0,299	0,000	0,000
14,000	-11,750	-11,600	-11,677	-11,614	-11,607	-11,574	-11,559	-11,557	-11,544	-11,550	-11,515	-11,486	-11,400	-11,257	-11,061	0,031	-0,050	0,014	0,052	0,066	0,058	0,077	0,081	0,091	0,116	0,159	0,224	0,291	0,334	0,278	0,000	0,000
15,000	-8,878	-9,004	-8,906	-8,915	-8,868	-8,874	-8,860	-8,847	-8,825	-8,818	-8,794	-8,765	-8,718	-8,643	-8,554	-0,175	0,028	0,003	0,051	0,051	0,059	0,064	0,086	0,089	0,094	0,119	0,133	0,160	0,169	0,136	0,000	0,000
	run	21	2022:11:08    11:38:03,499
0,000	-13,064	-13,127	-13,145	-13,230	-13,255	-13,277	-13,283	-13,289	-13,288	-13,303	-13,289	-13,266	-13,224	-13,130	-13,021	-0,133	-0,129	-0,117	-0,093	-0,082	-0,053	-0,029	-0,015	0,008	0,034	0,071	0,114	0,155	0,188	0,154	0,000	0,000
1,000	-16,533	-16,521	-16,424	-16,210	-16,033	-15,909	-15,842	-15,782	-15,720	-15,682	-15,621	-15,563	-15,506	-15,407	-15,297	0,064	0,222	0,275	0,388	0,397	0,358	0,339	0,299	0,284	0,257	0,259	0,254	0,249	0,249	0,176	0,000	0,000
2,000	-10,271	-10,271	-10,232	-10,089	-9,973	-9,898	-9,854	-9,814	-9,755	-9,725	-9,649	-9,580	-9,484	-9,329	-9,160	0,069	0,146	0,191	0,264	0,268	0,249	0,252	0,248	0,254	0,265	0,296	0,323	0,343	0,350	0,258	0,000	0,000
3,000	-20,410	-20,397	-20,311	-19,983	-19,760	-19,633	-19,557	-19,503	-19,452	-19,436	-19,398	-19,357	-19,307	-19,199	-19,078	0,110	0,295	0,368	0,501	0,480	0,386	0,343	0,291	0,256	0,216	0,209	0,225	0,232	0,244	0,184	0,000	0,000
4,000	-10,858	-10,921	-10,824	-10,814	-10,787	-10,778	-10,781	-10,782	-10,775	-10,753	-10,711	-10,637	-10,498	-10,278	-9,988	-0,200	0,015	0,002	0,043	0,055	0,071	0,084	0,099	0,135	0,191	0,282	0,367	0,459	0,516	0,419	0,000	0,000
5,000	-12,289	-12,287	-12,436	-12,474	-12,457	-12,445	-12,428	-12,430	-12,406	-12,408	-12,358	-12,278	-12,138	-11,894	-11,599	-0,115	-0,200	-0,144	-0,024	0,008	0,036	0,069	0,101	0,147	0,193	0,285	0,384	0,472	0,531	0,430	0,000	0,000
6,000	-7,015	-6,727	-6,582	-6,378	-6,271	-6,206	-6,171	-6,138	-6,097	-6,077	-6,035	-5,995	-5,953	-5,880	-5,810	0,854	0,649	0,539	0,400	0,330	0,267	0,241	0,218	0,200	0,176	0,180	0,180	0,172	0,175	0,125	0,000	0,000
7,000	-2,122	-1,878	-1,870	-1,798	-1,776	-1,759	-1,753	-1,744	-1,737	-1,732	-1,725	-1,715	-1,699	-1,672	-1,638	1,620	0,812	0,568	0,281	0,196	0,133	0,115	0,091	0,074	0,068	0,065	0,065	0,064	0,071	0,057	0,000	0,000
8,000	-11,099	-10,235	-9,934	-9,664	-9,572	-9,543	-9,530	-9,527	-9,538	-9,546	-9,567	-9,577	-9,570	-9,544	-9,494	3,895	2,331	1,642	0,815	0,530	0,351	0,250	0,180	0,108	0,075	0,055	0,047	0,062	0,075	0,072	0,000	0,000
9,000	-9,978	-9,850	-9,775	-9,562	-9,417	-9,296	-9,236	-9,185	-9,143	-9,109	-9,062	-9,021	-8,963	-8,880	-8,793	0,149	0,236	0,297	0,367	0,361	0,317	0,291	0,257	0,234	0,212	0,208	0,209	0,211	0,203	0,144	0,000	0,000
10,000	-10,315	-10,381	-10,274	-10,177	-10,096	-10,059	-10,039	-10,021	-9,996	-9,992	-9,966	-9,940	-9,880	-9,801	-9,709	-0,366	-0,021	0,032	0,134	0,129	0,113	0,110	0,109	0,110	0,119	0,136	0,152	0,174	0,183	0,144	0,000	0,000
11,000	-10,131	-10,082	-10,062	-9,927	-9,851	-9,802	-9,768	-9,748	-9,715	-9,697	-9,664	-9,619	-9,554	-9,453	-9,337	-0,057	0,046	0,094	0,172	0,177	0,161	0,154	0,149	0,154	0,153	0,180	0,200	0,222	0,229	0,175	0,000	0,000
12,000	-15,210	-15,268	-15,198	-15,167	-15,109	-15,094	-15,088	-15,085	-15,072	-15,087	-15,055	-15,031	-14,980	-14,860	-14,739	-0,148	0,008	0,025	0,072	0,076	0,061	0,062	0,065	0,075	0,083	0,130	0,162	0,206	0,228	0,183	0,000	0,000
13,000	-8,567	-8,586	-8,585	-8,595	-8,576	-8,559	-8,542	-8,521	-8,496	-8,464	-8,404	-8,335	-8,228	-8,061	-7,858	-0,064	-0,027	-0,011	0,040	0,064	0,094	0,119	0,143	0,167	0,203	0,256	0,310	0,360	0,378	0,307	0,000	0,000
14,000	-11,968	-11,814	-11,897	-11,836	-11,826	-11,797	-11,784	-11,778	-11,765	-11,756	-11,739	-11,698	-11,616	-11,470	-11,261	0,010	-0,042	0,023	0,062	0,062	0,059	0,078	0,081	0,095	0,119	0,186	0,232	0,304	0,343	0,283	0,000	0,000
15,000	-8,956	-9,079	-8,982	-8,988	-8,940	-8,939	-8,935	-8,914	-8,892	-8,885	-8,868	-8,835	-8,787	-8,713	-8,625	-0,169	0,029	0,008	0,053	0,059	0,067	0,067	0,080	0,084	0,098	0,118	0,137	0,158	0,175	0,138	0,000	0,000
	run	22	2022:11:08    11:38:03,554
0,000	-13,080	-13,147	-13,159	-13,247	-13,264	-13,285	-13,303	-13,302	-13,302	-13,315	-13,303	-13,276	-13,236	-13,142	-13,036	-0,146	-0,128	-0,122	-0,095	-0,081	-0,050	-0,032	-0,013	0,005	0,031	0,072	0,122	0,164	0,186	0,152	0,000	0,000
1,000	-16,507	-16,478	-16,382	-16,174	-15,989	-15,868	-15,796	-15,738	-15,677	-15,634	-15,580	-15,525	-15,465	-15,369	-15,255	0,086	0,243	0,284	0,397	0,410	0,357	0,338	0,307	0,280	0,256	0,254	0,252	0,245	0,243	0,176	0,000	0,000
2,000	-10,271	-10,271	-10,232	-10,089	-9,973	-9,898	-9,854	-9,814	-9,755	-9,725	-9,649	-9,580	-9,484	-9,329	-9,160	0,069	0,146	0,191	0,264	0,268	0,249	0,252	0,248	0,254	0,265	0,296	0,323	0,343	0,350	0,258	0,000	0,000
3,000	-20,410	-20,397	-20,311	-19,983	-19,760	-19,633	-19,557	-19,503	-19,452	-19,436	-19,398	-19,357	-19,307	-19,199	-19,078	0,110	0,295	0,368	0,501	0,480	0,386	0,343	0,291	0,256	0,216	0,209	0,225	0,232	0,244	0,184	0,000	0,000
4,000	-10,858	-10,921	-10,824	-10,814	-10,787	-10,778	-10,781	-10,782	-10,775	-10,753	-10,711	-10,637	-10,498	-10,278	-9,988	-0,200	0,015	0,002	0,043	0,055	0,071	0,084	0,099	0,135	0,191	0,282	0,367	0,459	0,516	0,419	0,000	0,000
5,000	-12,289	-12,287	-12,436	-12,474	-12,457	-12,445	-12,428	-12,430	-12,406	-12,408	-12,358	-12,278	-12,138	-11,894	-11,599	-0,115	-0,200	-0,144	-0,024	0,008	0,036	0,069	0,101	0,147	0,193	0,285	0,384	0,472	0,531	0,430	0,000	0,000
6,000	-7,015	-6,727	-6,582	-6,378	-6,271	-6,206	-6,171	-6,138	-6,097	-6,077	-6,035	-5,995	-5,953	-5,880	-5,810	0,854	0,649	0,539	0,400	0,330	0,267	0,241	0,218	0,200	0,176	0,180	0,180	0,172	0,175	0,125	0,000	0,000
7,000	-2,122	-1,878	-1,870	-1,798	-1,776	-1,759	-1,753	-1,744	-1,737	-1,732	-1,725	-1,715	-1,699	-1,672	-1,638	1,620	0,812	0,568	0,281	0,196	0,133	0,115	0,091	0,074	0,068	0,065	0,065	0,064	0,071	0,057	0,000	0,000
8,000	-10,962	-10,101	-9,775	-9,528	-9,428	-9,408	-9,396	-9,388	-9,392	-9,417	-9,432	-9,438	-9,429	-9,405	-9,353	3,905	2,343	1,628	0,814	0,535	0,341	0,244	0,178	0,117	0,072	0,055	0,051	0,063	0,080	0,070	0,000	0,000
9,000	-9,822	-9,713	-9,641	-9,429	-9,292	-9,180	-9,115	-9,065	-9,019	-8,986	-8,943	-8,900	-8,846	-8,769	-8,676	0,140	0,215	0,270	0,356	0,346	0,307	0,286	0,256	0,234	0,210	0,210	0,208	0,206	0,200	0,144	0,000	0,000
10,000	-10,234	-10,316	-10,220	-10,113	-10,037	-10,000	-9,979	-9,964	-9,938	-9,940	-9,907	-9,879	-9,825	-9,742	-9,650	-0,364	-0,034	0,027	0,131	0,124	0,115	0,106	0,109	0,111	0,116	0,134	0,150	0,179	0,181	0,151	0,000	0,000
11,000	-10,140	-10,084	-10,060	-9,934	-9,864	-9,809	-9,780	-9,752	-9,725	-9,702	-9,665	-9,624	-9,559	-9,463	-9,347	-0,065	0,044	0,097	0,172	0,173	0,158	0,157	0,152	0,153	0,155	0,178	0,205	0,225	0,231	0,178	0,000	0,000
12,000	-15,472	-15,535	-15,463	-15,432	-15,373	-15,358	-15,354	-15,346	-15,332	-15,338	-15,321	-15,291	-15,235	-15,121	-14,996	-0,153	0,004	0,037	0,080	0,080	0,063	0,062	0,067	0,077	0,085	0,130	0,166	0,206	0,239	0,189	0,000	0,000
13,000	-8,596	-8,611	-8,616	-8,619	-8,603	-8,585	-8,569	-8,549	-8,522	-8,485	-8,433	-8,360	-8,251	-8,085	-7,873	-0,057	-0,031	-0,010	0,035	0,068	0,093	0,120	0,138	0,168	0,207	0,260	0,312	0,363	0,392	0,309	0,000	0,000
14,000	-11,994	-11,834	-11,918	-11,842	-11,832	-11,808	-11,778	-11,782	-11,772	-11,773	-11,748	-11,705	-11,623	-11,478	-11,273	0,028	-0,049	0,017	0,057	0,066	0,065	0,076	0,082	0,097	0,120	0,171	0,227	0,304	0,335	0,284	0,000	0,000
15,000	-8,955	-9,085	-8,992	-8,987	-8,946	-8,953	-8,942	-8,920	-8,903	-8,894	-8,873	-8,840	-8,793	-8,720	-8,633	-0,201	0,030	0,006	0,050	0,051	0,066	0,068	0,085	0,086	0,097	0,122	0,135	0,159	0,175	0,138	0,000	0,000
	run	23	2022:11:08    11:38:03,658
0,000	-13,111	-13,183	-13,201	-13,272	-13,297	-13,315	-13,332	-13,335	-13,329	-13,347	-13,339	-13,309	-13,262	-13,178	-13,065	-0,141	-0,132	-0,121	-0,093	-0,082	-0,049	-0,025	-0,013	0,008	0,029	0,073	0,117	0,161	0,178	0,147	0,000	0,000
1,000	-16,285	-16,260	-16,170	-15,970	-15,799	-15,675	-15,607	-15,551	-15,488	-15,450	-15,391	-15,345	-15,288	-15,185	-15,078	0,077	0,220	0,277	0,378	0,390	0,349	0,327	0,296	0,275	0,256	0,243	0,245	0,247	0,239	0,173	0,000	0,000
2,000	-10,067	-10,054	-10,024	-9,896	-9,785	-9,714	-9,669	-9,629	-9,576	-9,545	-9,477	-9,402	-9,307	-9,160	-9,001	0,070	0,120	0,171	0,249	0,252	0,239	0,244	0,241	0,245	0,256	0,281	0,314	0,334	0,334	0,251	0,000	0,000
3,000	-20,030	-20,031	-19,940	-19,649	-19,437	-19,302	-19,233	-19,174	-19,124	-19,113	-19,074	-19,033	-18,982	-18,878	-18,754	0,068	0,260	0,336	0,468	0,458	0,377	0,336	0,283	0,252	0,210	0,206	0,225	0,231	0,242	0,185	0,000	0,000
4,000	-10,790	-10,836	-10,740	-10,736	-10,701	-10,697	-10,697	-10,696	-10,689	-10,674	-10,623	-10,559	-10,422	-10,202	-9,917	-0,187	0,017	-0,002	0,052	0,059	0,066	0,083	0,096	0,136	0,196	0,276	0,363	0,453	0,507	0,412	0,000	0,000
5,000	-12,365	-12,360	-12,505	-12,539	-12,529	-12,511	-12,500	-12,501	-12,471	-12,471	-12,419	-12,346	-12,212	-11,975	-11,665	-0,112	-0,198	-0,141	-0,024	0,011	0,028	0,068	0,101	0,149	0,191	0,276	0,381	0,473	0,533	0,430	0,000	0,000
6,000	-6,989	-6,714	-6,562	-6,369	-6,257	-6,191	-6,158	-6,125	-6,085	-6,064	-6,026	-5,985	-5,939	-5,872	-5,796	0,853	0,653	0,538	0,393	0,328	0,264	0,241	0,215	0,192	0,182	0,176	0,181	0,176	0,171	0,120	0,000	0,000
7,000	-2,111	-1,858	-1,847	-1,782	-1,762	-1,741	-1,735	-1,727	-1,721	-1,715	-1,707	-1,695	-1,684	-1,648	-1,612	1,661	0,825	0,568	0,283	0,200	0,133	0,118	0,089	0,082	0,065	0,066	0,065	0,069	0,072	0,056	0,000	0,000
8,000	-10,902	-10,030	-9,732	-9,452	-9,351	-9,329	-9,316	-9,308	-9,312	-9,330	-9,351	-9,352	-9,350	-9,324	-9,278	3,902	2,339	1,649	0,824	0,538	0,349	0,252	0,184	0,109	0,076	0,054	0,048	0,062	0,077	0,064	0,000	0,000
9,000	-9,856	-9,725	-9,645	-9,427	-9,286	-9,169	-9,105	-9,060	-9,008	-8,977	-8,933	-8,891	-8,832	-8,756	-8,667	0,131	0,219	0,284	0,364	0,349	0,314	0,291	0,262	0,234	0,211	0,207	0,210	0,206	0,204	0,147	0,000	0,000
10,000	-10,441	-10,500	-10,391	-10,274	-10,187	-10,156	-10,132	-10,117	-10,092	-10,090	-10,060	-10,032	-9,972	-9,897	-9,798	-0,357	-0,009	0,057	0,156	0,135	0,124	0,115	0,114	0,114	0,121	0,136	0,156	0,182	0,189	0,147	0,000	0,000
11,000	-10,320	-10,260	-10,225	-10,095	-10,014	-9,962	-9,930	-9,909	-9,876	-9,860	-9,819	-9,777	-9,714	-9,610	-9,495	-0,050	0,067	0,110	0,177	0,185	0,161	0,164	0,152	0,154	0,161	0,182	0,208	0,226	0,237	0,183	0,000	0,000
12,000	-15,477	-15,548	-15,469	-15,442	-15,380	-15,368	-15,361	-15,357	-15,338	-15,354	-15,331	-15,297	-15,244	-15,129	-14,999	-0,158	0,011	0,046	0,077	0,077	0,066	0,064	0,067	0,077	0,089	0,123	0,162	0,205	0,233	0,188	0,000	0,000
13,000	-8,626	-8,623	-8,635	-8,638	-8,617	-8,599	-8,581	-8,559	-8,528	-8,497	-8,441	-8,368	-8,258	-8,092	-7,879	-0,052	-0,017	-0,013	0,041	0,070	0,094	0,122	0,145	0,174	0,210	0,260	0,315	0,368	0,394	0,316	0,000	0,000
14,000	-11,871	-11,720	-11,807	-11,733	-11,727	-11,698	-11,677	-11,681	-11,663	-11,657	-11,636	-11,606	-11,511	-11,371	-11,168	0,020	-0,054	0,004	0,067	0,058	0,058	0,074	0,076	0,096	0,121	0,164	0,222	0,295	0,333	0,279	0,000	0,000
15,000	-8,934	-9,061	-8,957	-8,961	-8,918	-8,927	-8,913	-8,893	-8,876	-8,864	-8,848	-8,812	-8,765	-8,698	-8,607	-0,188	0,037	0,002	0,055	0,052	0,056	0,068	0,078	0,088	0,094	0,119	0,135	0,157	0,169	0,141	0,000	0,000
	run	24	2022:11:08    11:38:03,708
0,000	-13,111	-13,183	-13,201	-13,272	-13,297	-13,315	-13,332	-13,335	-13,329	-13,347	-13,339	-13,309	-13,262	-13,178	-13,065	-0,141	-0,132	-0,121	-0,093	-0,082	-0,049	-0,025	-0,013	0,008	0,029	0,073	0,117	0,161	0,178	0,147	0,000	0,000
1,000	-16,285	-16,260	-16,170	-15,970	-15,799	-15,675	-15,607	-15,551	-15,488	-15,450	-15,391	-15,345	-15,288	-15,185	-15,078	0,077	0,220	0,277	0,378	0,390	0,349	0,327	0,296	0,275	0,256	0,243	0,245	0,247	0,239	0,173	0,000	0,000
2,000	-10,067	-10,054	-10,024	-9,896	-9,785	-9,714	-9,669	-9,629	-9,576	-9,545	-9,477	-9,402	-9,307	-9,160	-9,001	0,070	0,120	0,171	0,249	0,252	0,239	0,244	0,241	0,245	0,256	0,281	0,314	0,334	0,334	0,251	0,000	0,000
3,000	-20,030	-20,031	-19,940	-19,649	-19,437	-19,302	-19,233	-19,174	-19,124	-19,113	-19,074	-19,033	-18,982	-18,878	-18,754	0,068	0,260	0,336	0,468	0,458	0,377	0,336	0,283	0,252	0,210	0,206	0,225	0,231	0,242	0,185	0,000	0,000
4,000	-10,790	-10,836	-10,740	-10,736	-10,701	-10,697	-10,697	-10,696	-10,689	-10,674	-10,623	-10,559	-10,422	-10,202	-9,917	-0,187	0,017	-0,002	0,052	0,059	0,066	0,083	0,096	0,136	0,196	0,276	0,363	0,453	0,507	0,412	0,000	0,000
5,000	-12,365	-12,360	-12,505	-12,539	-12,529	-12,511	-12,500	-12,501	-12,471	-12,471	-12,419	-12,346	-12,212	-11,975	-11,665	-0,112	-0,198	-0,141	-0,024	0,011	0,028	0,068	0,101	0,149	0,191	0,276	0,381	0,473	0,533	0,430	0,000	0,000
6,000	-7,027	-6,770	-6,601	-6,406	-6,298	-6,230	-6,193	-6,164	-6,124	-6,100	-6,061	-6,025	-5,979	-5,904	-5,828	0,868	0,650	0,535	0,399	0,333	0,272	0,242	0,221	0,197	0,180	0,183	0,178	0,178	0,171	0,126	0,000	0,000
7,000	-2,135	-1,892	-1,865	-1,808	-1,784	-1,769	-1,760	-1,756	-1,744	-1,739	-1,733	-1,719	-1,703	-1,675	-1,636	1,639	0,826	0,565	0,291	0,201	0,132	0,113	0,095	0,080	0,068	0,063	0,069	0,068	0,070	0,056	0,000	0,000
8,000	-11,094	-10,242	-9,940	-9,667	-9,572	-9,550	-9,542	-9,527	-9,536	-9,555	-9,572	-9,575	-9,568	-9,540	-9,494	3,903	2,336	1,637	0,817	0,534	0,348	0,248	0,180	0,114	0,069	0,054	0,047	0,061	0,081	0,069	0,000	0,000
9,000	-10,098	-9,969	-9,891	-9,655	-9,512	-9,398	-9,334	-9,285	-9,230	-9,202	-9,156	-9,116	-9,057	-8,977	-8,886	0,152	0,231	0,301	0,373	0,364	0,322	0,295	0,263	0,234	0,218	0,208	0,215	0,211	0,202	0,147	0,000	0,000
10,000	-10,487	-10,542	-10,431	-10,309	-10,229	-10,186	-10,166	-10,146	-10,122	-10,115	-10,094	-10,060	-10,005	-9,922	-9,828	-0,339	0,009	0,070	0,161	0,140	0,121	0,117	0,112	0,110	0,117	0,141	0,162	0,178	0,193	0,148	0,000	0,000
11,000	-10,321	-10,252	-10,230	-10,098	-10,020	-9,966	-9,934	-9,910	-9,881	-9,859	-9,824	-9,775	-9,715	-9,617	-9,496	-0,050	0,065	0,104	0,180	0,187	0,160	0,162	0,150	0,154	0,161	0,177	0,210	0,225	0,233	0,176	0,000	0,000
12,000	-15,396	-15,476	-15,396	-15,373	-15,315	-15,299	-15,289	-15,283	-15,269	-15,284	-15,264	-15,229	-15,177	-15,064	-14,935	-0,160	0,005	0,029	0,075	0,078	0,061	0,065	0,067	0,070	0,088	0,118	0,164	0,211	0,236	0,189	0,000	0,000
13,000	-8,541	-8,550	-8,548	-8,557	-8,537	-8,519	-8,504	-8,486	-8,454	-8,423	-8,368	-8,294	-8,191	-8,027	-7,814	-0,064	-0,024	-0,013	0,039	0,067	0,094	0,119	0,141	0,174	0,210	0,262	0,311	0,359	0,386	0,306	0,000	0,000
14,000	-11,902	-11,748	-11,835	-11,768	-11,761	-11,730	-11,712	-11,706	-11,704	-11,690	-11,675	-11,627	-11,548	-11,396	-11,202	0,000	-0,051	0,023	0,062	0,062	0,061	0,078	0,078	0,099	0,120	0,170	0,221	0,293	0,331	0,280	0,000	0,000
15,000	-8,874	-8,996	-8,912	-8,902	-8,869	-8,868	-8,858	-8,836	-8,824	-8,813	-8,795	-8,757	-8,714	-8,644	-8,553	-0,180	0,034	0,007	0,050	0,055	0,066	0,071	0,082	0,080	0,096	0,119	0,135	0,159	0,164	0,134	0,000	0,000
	run	25	2022:11:08    11:38:03,800
0,000	-12,902	-12,969	-12,982	-13,059	-13,090	-13,106	-13,124	-13,122	-13,123	-13,134	-13,121	-13,096	-13,050	-12,965	-12,861	-0,147	-0,122	-0,118	-0,093	-0,082	-0,055	-0,030	-0,014	0,013	0,035	0,070	0,118	0,158	0,180	0,147	0,000	0,000
1,000	-16,337	-16,307	-16,230	-16,010	-15,831	-15,711	-15,648	-15,587	-15,522	-15,487	-15,425	-15,381	-15,318	-15,219	-15,112	0,057	0,227	0,266	0,377	0,398	0,357	0,333	0,302	0,277	0,254	0,251	0,250	0,244	0,242	0,176	0,000	0,000
2,000	-10,213	-10,197	-10,151	-10,012	-9,907	-9,831	-9,786	-9,742	-9,696	-9,659	-9,592	-9,515	-9,420	-9,270	-9,103	0,082	0,130	0,191	0,256	0,264	0,245	0,251	0,246	0,249	0,259	0,291	0,319	0,340	0,346	0,257	0,000	0,000
3,000	-20,394	-20,360	-20,275	-19,946	-19,730	-19,595	-19,518	-19,462	-19,409	-19,398	-19,357	-19,322	-19,270	-19,165	-19,038	0,118	0,299	0,386	0,498	0,474	0,394	0,340	0,293	0,255	0,218	0,205	0,226	0,238	0,247	0,186	0,000	0,000
4,000	-10,887	-10,929	-10,844	-10,835	-10,805	-10,795	-10,801	-10,791	-10,792	-10,767	-10,726	-10,652	-10,523	-10,301	-10,007	-0,182	0,017	0,008	0,046	0,052	0,066	0,086	0,103	0,131	0,200	0,276	0,362	0,460	0,512	0,421	0,000	0,000
5,000	-12,427	-12,418	-12,553	-12,588	-12,580	-12,568	-12,550	-12,556	-12,521	-12,530	-12,474	-12,389	-12,259	-12,010	-11,701	-0,096	-0,195	-0,146	-0,025	0,012	0,033	0,074	0,102	0,146	0,195	0,284	0,383	0,487	0,543	0,438	0,000	0,000
6,000	-7,087	-6,815	-6,665	-6,460	-6,343	-6,281	-6,244	-6,214	-6,181	-6,154	-6,114	-6,070	-6,026	-5,951	-5,875	0,839	0,645	0,535	0,405	0,333	0,270	0,241	0,214	0,198	0,188	0,183	0,186	0,181	0,173	0,130	0,000	0,000
7,000	-2,171	-1,901	-1,893	-1,825	-1,797	-1,779	-1,769	-1,764	-1,753	-1,752	-1,745	-1,727	-1,717	-1,681	-1,640	1,661	0,831	0,576	0,300	0,203	0,139	0,116	0,095	0,084	0,066	0,068	0,074	0,076	0,076	0,058	0,000	0,000
8,000	-11,216	-10,348	-10,034	-9,764	-9,667	-9,639	-9,630	-9,621	-9,629	-9,645	-9,664	-9,671	-9,669	-9,640	-9,596	3,909	2,342	1,650	0,824	0,536	0,349	0,255	0,183	0,112	0,070	0,054	0,046	0,060	0,075	0,069	0,000	0,000
9,000	-10,097	-9,955	-9,844	-9,590	-9,450	-9,328	-9,264	-9,216	-9,164	-9,136	-9,093	-9,053	-8,991	-8,912	-8,815	0,173	0,279	0,346	0,399	0,382	0,327	0,301	0,263	0,239	0,216	0,217	0,211	0,209	0,204	0,147	0,000	0,000
10,000	-10,534	-10,603	-10,490	-10,381	-10,295	-10,264	-10,239	-10,222	-10,196	-10,189	-10,169	-10,127	-10,078	-9,997	-9,904	-0,357	-0,023	0,049	0,141	0,132	0,118	0,114	0,112	0,113	0,120	0,137	0,155	0,181	0,191	0,149	0,000	0,000
11,000	-10,232	-10,181	-10,150	-10,017	-9,939	-9,886	-9,853	-9,835	-9,802	-9,782	-9,742	-9,702	-9,635	-9,539	-9,422	-0,058	0,063	0,114	0,175	0,182	0,158	0,159	0,151	0,156	0,163	0,179	0,202	0,225	0,239	0,180	0,000	0,000
12,000	-15,306	-15,369	-15,293	-15,259	-15,202	-15,187	-15,181	-15,177	-15,164	-15,180	-15,154	-15,119	-15,068	-14,957	-14,825	-0,144	0,007	0,031	0,074	0,078	0,062	0,064	0,068	0,071	0,085	0,129	0,168	0,206	0,237	0,191	0,000	0,000
13,000	-8,489	-8,508	-8,513	-8,523	-8,501	-8,483	-8,469	-8,448	-8,422	-8,383	-8,332	-8,262	-8,157	-7,997	-7,789	-0,068	-0,030	-0,025	0,034	0,061	0,089	0,113	0,138	0,170	0,206	0,256	0,305	0,356	0,380	0,302	0,000	0,000
14,000	-11,709	-11,563	-11,632	-11,576	-11,569	-11,538	-11,521	-11,522	-11,506	-11,502	-11,489	-11,446	-11,364	-11,218	-11,018	0,016	-0,062	0,023	0,057	0,064	0,062	0,075	0,075	0,097	0,121	0,168	0,221	0,292	0,327	0,275	0,000	0,000
15,000	-8,824	-8,954	-8,853	-8,861	-8,813	-8,816	-8,808	-8,787	-8,770	-8,759	-8,744	-8,708	-8,662	-8,587	-8,499	-0,171	0,034	0,012	0,050	0,053	0,064	0,070	0,080	0,085	0,096	0,114	0,135	0,159	0,171	0,136	0,000	0,000
