Device: PM2003001		2022:11:08    10:50:25,476  (DLL version: 1.20;  Status: HW:v1.02 SW:v1.3 CRC:31ED BATTERY:4154mV ST:0 ERR:0000;  MUX data; S: 92 I:143 R:200.000 C:1.094p F:)
Excitation level, V:	2,00
Voltage Channel Gain:	5
Current Channel Gain:	1
Voltmeter Range, V:	0,6
Ampermeter Range, A:	15,0m
Step Period, ms:	5
R transimp:	200
C transimp:	1,1p
Measurement Table: 	EEPROM  16

Freq, Hz	1,0k	2,0k	3,0k	7,0k	11,0k	17,0k	23,0k	31,0k	43,0k	61,0k	89,0k	127,0k	179,0k	251,0k	349,0k	1,0k	2,0k	3,0k	7,0k	11,0k	17,0k	23,0k	31,0k	43,0k	61,0k	89,0k	127,0k	179,0k	251,0k	349,0k
	run	1	2022:11:08    10:50:25,478
MUX	Re1, ohm	Re2, ohm	Re3, ohm	Re4, ohm	Re5, ohm	Re6, ohm	Re7, ohm	Re8, ohm	Re9, ohm	Re10, ohm	Re11, ohm	Re12, ohm	Re13, ohm	Re14, ohm	Re15, ohm	Im1, ohm	Im2, ohm	Im3, ohm	Im4, ohm	Im5, ohm	Im6, ohm	Im7, ohm	Im8, ohm	Im9, ohm	Im10, ohm	Im11, ohm	Im12, ohm	Im13, ohm	Im14, ohm	Im15, ohm	U, V	I, mA

0,000	-4,598	-4,173	-3,986	-3,880	-3,833	-3,815	-3,803	-3,799	-3,787	-3,782	-3,775	-3,755	-3,735	-3,692	-3,642	2,838	1,596	1,115	0,527	0,355	0,243	0,194	0,153	0,127	0,105	0,099	0,100	0,101	0,102	0,079	0,000	0,000
1,000	-6,227	-5,299	-4,995	-4,752	-4,649	-4,598	-4,570	-4,536	-4,517	-4,515	-4,495	-4,476	-4,439	-4,379	-4,318	4,719	2,690	1,867	0,926	0,645	0,463	0,368	0,296	0,228	0,191	0,159	0,149	0,155	0,148	0,116	0,000	0,000
2,000	-9,254	-8,459	-8,170	-7,760	-7,607	-7,493	-7,433	-7,383	-7,335	-7,296	-7,244	-7,179	-7,105	-6,998	-6,875	1,803	1,355	1,106	0,737	0,578	0,453	0,402	0,348	0,315	0,287	0,280	0,283	0,281	0,274	0,199	0,000	0,000
3,000	-21,418	-21,575	-21,551	-21,314	-21,134	-21,012	-20,951	-20,896	-20,850	-20,845	-20,814	-20,782	-20,742	-20,663	-20,577	-0,518	-0,118	0,046	0,311	0,333	0,294	0,259	0,227	0,199	0,163	0,153	0,169	0,176	0,177	0,133	0,000	0,000
4,000	-11,327	-11,554	-11,459	-11,471	-11,433	-11,450	-11,453	-11,441	-11,437	-11,418	-11,395	-11,328	-11,205	-11,002	-10,739	-0,603	-0,168	-0,144	-0,014	0,002	0,034	0,050	0,074	0,106	0,160	0,241	0,317	0,409	0,457	0,383	0,000	0,000
5,000	-12,502	-12,435	-12,640	-12,654	-12,682	-12,656	-12,637	-12,646	-12,617	-12,604	-12,566	-12,478	-12,335	-12,092	-11,759	-0,076	-0,260	-0,174	-0,035	-0,001	0,022	0,065	0,099	0,148	0,205	0,282	0,396	0,498	0,559	0,459	0,000	0,000
6,000	-8,551	-8,544	-8,454	-8,313	-8,215	-8,154	-8,128	-8,095	-8,055	-8,037	-7,987	-7,921	-7,837	-7,679	-7,497	0,001	0,141	0,177	0,238	0,230	0,203	0,204	0,204	0,200	0,214	0,254	0,294	0,331	0,353	0,271	0,000	0,000
7,000	-6,770	-6,742	-6,741	-6,672	-6,636	-6,599	-6,587	-6,576	-6,568	-6,563	-6,547	-6,526	-6,500	-6,451	-6,395	0,063	0,039	0,070	0,102	0,094	0,076	0,072	0,070	0,068	0,066	0,079	0,089	0,100	0,108	0,084	0,000	0,000
8,000	-19,713	-19,910	-19,912	-20,009	-19,996	-20,046	-20,079	-20,102	-20,130	-20,184	-20,197	-20,212	-20,214	-20,166	-20,114	-0,205	-0,135	-0,150	-0,119	-0,105	-0,124	-0,121	-0,122	-0,107	-0,096	-0,052	-0,009	0,019	0,064	0,060	0,000	0,000
9,000	-9,667	-9,629	-9,591	-9,434	-9,299	-9,188	-9,123	-9,067	-9,014	-8,972	-8,918	-8,854	-8,768	-8,640	-8,500	0,057	0,121	0,183	0,308	0,328	0,307	0,298	0,278	0,265	0,259	0,270	0,289	0,298	0,301	0,224	0,000	0,000
10,000	-9,578	-9,577	-9,424	-9,260	-9,149	-9,109	-9,081	-9,061	-9,039	-9,041	-9,019	-8,995	-8,933	-8,841	-8,728	-0,013	0,212	0,222	0,249	0,215	0,173	0,151	0,135	0,120	0,128	0,141	0,163	0,199	0,214	0,167	0,000	0,000
11,000	-10,066	-9,938	-9,908	-9,762	-9,676	-9,615	-9,587	-9,566	-9,533	-9,516	-9,478	-9,431	-9,360	-9,254	-9,129	0,167	0,184	0,187	0,223	0,215	0,177	0,174	0,162	0,162	0,167	0,192	0,216	0,241	0,248	0,192	0,000	0,000
12,000	-14,352	-14,372	-14,301	-14,254	-14,193	-14,170	-14,162	-14,154	-14,133	-14,144	-14,112	-14,074	-14,018	-13,896	-13,756	0,044	0,099	0,107	0,114	0,102	0,090	0,087	0,090	0,099	0,104	0,150	0,189	0,231	0,261	0,208	0,000	0,000
13,000	-8,450	-8,395	-8,454	-8,442	-8,435	-8,427	-8,403	-8,388	-8,360	-8,337	-8,290	-8,213	-8,097	-7,928	-7,705	0,025	-0,008	-0,012	0,045	0,056	0,078	0,100	0,129	0,158	0,202	0,261	0,323	0,376	0,400	0,319	0,000	0,000
14,000	-12,100	-11,986	-12,073	-12,020	-12,005	-11,975	-11,951	-11,954	-11,945	-11,943	-11,913	-11,881	-11,813	-11,672	-11,484	-0,105	-0,129	-0,045	0,032	0,044	0,054	0,062	0,071	0,089	0,109	0,152	0,207	0,274	0,320	0,266	0,000	0,000
15,000	-7,987	-8,001	-7,815	-7,791	-7,737	-7,735	-7,734	-7,717	-7,707	-7,709	-7,700	-7,692	-7,679	-7,656	-7,641	0,324	0,385	0,238	0,146	0,108	0,093	0,077	0,067	0,056	0,050	0,050	0,045	0,048	0,047	0,036	0,000	0,000
	run	2	2022:11:08    10:50:25,525
0,000	-4,649	-4,221	-4,031	-3,934	-3,884	-3,860	-3,856	-3,845	-3,831	-3,835	-3,821	-3,802	-3,770	-3,729	-3,678	2,846	1,603	1,101	0,523	0,352	0,252	0,196	0,158	0,130	0,108	0,103	0,106	0,109	0,110	0,081	0,000	0,000
1,000	-6,364	-5,417	-5,094	-4,841	-4,727	-4,674	-4,640	-4,611	-4,587	-4,581	-4,564	-4,545	-4,512	-4,449	-4,383	4,719	2,708	1,891	0,956	0,666	0,477	0,379	0,302	0,233	0,193	0,163	0,153	0,157	0,148	0,114	0,000	0,000
2,000	-9,254	-8,459	-8,170	-7,760	-7,607	-7,493	-7,433	-7,383	-7,335	-7,296	-7,244	-7,179	-7,105	-6,998	-6,875	1,803	1,355	1,106	0,737	0,578	0,453	0,402	0,348	0,315	0,287	0,280	0,283	0,281	0,274	0,199	0,000	0,000
3,000	-21,418	-21,575	-21,551	-21,314	-21,134	-21,012	-20,951	-20,896	-20,850	-20,845	-20,814	-20,782	-20,742	-20,663	-20,577	-0,518	-0,118	0,046	0,311	0,333	0,294	0,259	0,227	0,199	0,163	0,153	0,169	0,176	0,177	0,133	0,000	0,000
4,000	-11,327	-11,554	-11,459	-11,471	-11,433	-11,450	-11,453	-11,441	-11,437	-11,418	-11,395	-11,328	-11,205	-11,002	-10,739	-0,603	-0,168	-0,144	-0,014	0,002	0,034	0,050	0,074	0,106	0,160	0,241	0,317	0,409	0,457	0,383	0,000	0,000
5,000	-12,502	-12,435	-12,640	-12,654	-12,682	-12,656	-12,637	-12,646	-12,617	-12,604	-12,566	-12,478	-12,335	-12,092	-11,759	-0,076	-0,260	-0,174	-0,035	-0,001	0,022	0,065	0,099	0,148	0,205	0,282	0,396	0,498	0,559	0,459	0,000	0,000
6,000	-8,551	-8,544	-8,454	-8,313	-8,215	-8,154	-8,128	-8,095	-8,055	-8,037	-7,987	-7,921	-7,837	-7,679	-7,497	0,001	0,141	0,177	0,238	0,230	0,203	0,204	0,204	0,200	0,214	0,254	0,294	0,331	0,353	0,271	0,000	0,000
7,000	-6,770	-6,742	-6,741	-6,672	-6,636	-6,599	-6,587	-6,576	-6,568	-6,563	-6,547	-6,526	-6,500	-6,451	-6,395	0,063	0,039	0,070	0,102	0,094	0,076	0,072	0,070	0,068	0,066	0,079	0,089	0,100	0,108	0,084	0,000	0,000
8,000	-19,687	-19,843	-19,840	-19,923	-19,907	-19,950	-19,984	-20,004	-20,020	-20,080	-20,094	-20,109	-20,105	-20,060	-19,997	-0,207	-0,112	-0,115	-0,093	-0,094	-0,118	-0,115	-0,109	-0,094	-0,080	-0,048	0,001	0,038	0,077	0,074	0,000	0,000
9,000	-9,493	-9,459	-9,408	-9,270	-9,153	-9,035	-8,972	-8,923	-8,867	-8,827	-8,770	-8,708	-8,625	-8,500	-8,354	0,029	0,098	0,161	0,295	0,317	0,292	0,291	0,265	0,260	0,255	0,268	0,285	0,296	0,302	0,224	0,000	0,000
10,000	-9,588	-9,566	-9,425	-9,251	-9,145	-9,104	-9,080	-9,058	-9,039	-9,038	-9,015	-8,989	-8,926	-8,839	-8,724	-0,010	0,221	0,228	0,254	0,206	0,175	0,156	0,131	0,124	0,126	0,141	0,166	0,204	0,208	0,171	0,000	0,000
11,000	-10,085	-9,975	-9,938	-9,788	-9,706	-9,652	-9,617	-9,596	-9,564	-9,548	-9,510	-9,462	-9,393	-9,290	-9,163	0,178	0,175	0,193	0,229	0,206	0,170	0,172	0,160	0,162	0,168	0,193	0,220	0,241	0,251	0,197	0,000	0,000
12,000	-14,508	-14,516	-14,453	-14,402	-14,342	-14,321	-14,311	-14,301	-14,281	-14,293	-14,259	-14,224	-14,158	-14,038	-13,894	0,054	0,112	0,108	0,116	0,110	0,092	0,090	0,097	0,093	0,111	0,156	0,195	0,237	0,261	0,212	0,000	0,000
13,000	-8,451	-8,460	-8,462	-8,475	-8,463	-8,445	-8,429	-8,415	-8,391	-8,360	-8,308	-8,231	-8,118	-7,948	-7,727	-0,000	-0,004	-0,005	0,034	0,060	0,081	0,109	0,134	0,160	0,203	0,262	0,322	0,376	0,396	0,321	0,000	0,000
14,000	-12,121	-11,945	-12,088	-11,999	-12,011	-11,971	-11,951	-11,952	-11,935	-11,918	-11,923	-11,878	-11,799	-11,666	-11,475	-0,019	-0,115	-0,039	0,044	0,056	0,049	0,069	0,075	0,090	0,108	0,166	0,203	0,271	0,318	0,260	0,000	0,000
15,000	-7,936	-7,904	-7,749	-7,719	-7,675	-7,666	-7,663	-7,647	-7,635	-7,638	-7,630	-7,621	-7,604	-7,578	-7,559	0,410	0,370	0,247	0,142	0,111	0,089	0,076	0,063	0,051	0,052	0,047	0,048	0,056	0,054	0,037	0,000	0,000
	run	3	2022:11:08    10:50:25,626
0,000	-4,674	-4,241	-4,050	-3,949	-3,900	-3,881	-3,871	-3,859	-3,850	-3,846	-3,830	-3,817	-3,785	-3,740	-3,685	2,851	1,601	1,105	0,527	0,356	0,247	0,201	0,157	0,133	0,114	0,111	0,114	0,113	0,116	0,085	0,000	0,000
1,000	-6,429	-5,486	-5,154	-4,885	-4,773	-4,719	-4,686	-4,657	-4,636	-4,629	-4,609	-4,590	-4,555	-4,496	-4,435	4,766	2,737	1,917	0,960	0,674	0,486	0,380	0,303	0,238	0,196	0,165	0,154	0,156	0,148	0,120	0,000	0,000
2,000	-9,560	-8,771	-8,474	-8,048	-7,886	-7,772	-7,708	-7,658	-7,606	-7,571	-7,509	-7,451	-7,376	-7,263	-7,136	1,801	1,375	1,132	0,758	0,597	0,468	0,410	0,359	0,323	0,297	0,291	0,288	0,290	0,281	0,204	0,000	0,000
3,000	-21,583	-21,711	-21,724	-21,456	-21,271	-21,144	-21,080	-21,023	-20,975	-20,965	-20,933	-20,904	-20,865	-20,783	-20,698	-0,507	-0,119	0,064	0,328	0,350	0,305	0,273	0,237	0,207	0,171	0,165	0,176	0,175	0,180	0,137	0,000	0,000
4,000	-11,208	-11,415	-11,319	-11,332	-11,292	-11,317	-11,309	-11,304	-11,304	-11,289	-11,259	-11,198	-11,068	-10,871	-10,609	-0,586	-0,150	-0,124	-0,011	0,007	0,037	0,053	0,075	0,099	0,161	0,244	0,318	0,407	0,456	0,375	0,000	0,000
5,000	-12,289	-12,194	-12,401	-12,415	-12,436	-12,414	-12,397	-12,399	-12,375	-12,361	-12,325	-12,234	-12,093	-11,843	-11,519	-0,044	-0,239	-0,180	-0,035	-0,002	0,023	0,066	0,101	0,147	0,203	0,294	0,389	0,500	0,555	0,458	0,000	0,000
6,000	-8,641	-8,648	-8,552	-8,407	-8,302	-8,248	-8,216	-8,184	-8,142	-8,126	-8,076	-8,008	-7,914	-7,765	-7,574	-0,026	0,147	0,195	0,237	0,232	0,208	0,208	0,200	0,208	0,218	0,261	0,302	0,341	0,360	0,277	0,000	0,000
7,000	-6,959	-6,925	-6,898	-6,813	-6,766	-6,734	-6,718	-6,711	-6,692	-6,690	-6,674	-6,659	-6,630	-6,578	-6,531	0,074	0,071	0,089	0,130	0,111	0,085	0,083	0,071	0,076	0,074	0,076	0,094	0,103	0,107	0,079	0,000	0,000
8,000	-19,726	-19,909	-19,934	-20,021	-20,012	-20,057	-20,088	-20,118	-20,143	-20,199	-20,219	-20,225	-20,234	-20,186	-20,130	-0,224	-0,138	-0,154	-0,117	-0,109	-0,127	-0,122	-0,121	-0,106	-0,092	-0,048	-0,013	0,024	0,070	0,058	0,000	0,000
9,000	-9,424	-9,398	-9,341	-9,198	-9,068	-8,957	-8,891	-8,847	-8,789	-8,747	-8,689	-8,629	-8,545	-8,420	-8,279	0,038	0,104	0,177	0,296	0,326	0,305	0,293	0,272	0,261	0,257	0,273	0,288	0,300	0,304	0,226	0,000	0,000
10,000	-9,528	-9,511	-9,367	-9,213	-9,112	-9,067	-9,042	-9,023	-9,001	-9,002	-8,981	-8,955	-8,895	-8,804	-8,690	-0,014	0,198	0,216	0,234	0,206	0,172	0,144	0,129	0,121	0,128	0,142	0,161	0,199	0,211	0,167	0,000	0,000
11,000	-10,063	-9,938	-9,913	-9,774	-9,693	-9,636	-9,604	-9,581	-9,549	-9,535	-9,495	-9,450	-9,385	-9,278	-9,151	0,163	0,176	0,194	0,217	0,206	0,172	0,168	0,163	0,163	0,166	0,186	0,215	0,235	0,252	0,189	0,000	0,000
12,000	-14,351	-14,355	-14,281	-14,223	-14,165	-14,143	-14,131	-14,127	-14,108	-14,113	-14,090	-14,046	-13,983	-13,858	-13,722	0,050	0,114	0,113	0,121	0,110	0,089	0,091	0,099	0,097	0,111	0,152	0,190	0,229	0,265	0,207	0,000	0,000
13,000	-8,426	-8,424	-8,452	-8,456	-8,439	-8,434	-8,414	-8,403	-8,369	-8,345	-8,299	-8,223	-8,111	-7,942	-7,728	0,000	-0,011	-0,012	0,037	0,048	0,069	0,098	0,130	0,158	0,197	0,262	0,317	0,377	0,395	0,320	0,000	0,000
14,000	-12,018	-11,875	-11,986	-11,913	-11,910	-11,880	-11,853	-11,864	-11,844	-11,840	-11,816	-11,779	-11,710	-11,578	-11,391	-0,057	-0,129	-0,037	0,035	0,042	0,053	0,069	0,066	0,084	0,109	0,162	0,209	0,275	0,310	0,264	0,000	0,000
15,000	-7,959	-7,928	-7,770	-7,745	-7,696	-7,689	-7,680	-7,668	-7,660	-7,662	-7,651	-7,643	-7,624	-7,599	-7,578	0,401	0,378	0,245	0,143	0,111	0,091	0,079	0,064	0,055	0,052	0,049	0,050	0,056	0,056	0,041	0,000	0,000
	run	4	2022:11:08    10:50:25,678
0,000	-4,674	-4,241	-4,050	-3,949	-3,900	-3,881	-3,871	-3,859	-3,850	-3,846	-3,830	-3,817	-3,785	-3,740	-3,685	2,851	1,601	1,105	0,527	0,356	0,247	0,201	0,157	0,133	0,114	0,111	0,114	0,113	0,116	0,085	0,000	0,000
1,000	-6,429	-5,486	-5,154	-4,885	-4,773	-4,719	-4,686	-4,657	-4,636	-4,629	-4,609	-4,590	-4,555	-4,496	-4,435	4,766	2,737	1,917	0,960	0,674	0,486	0,380	0,303	0,238	0,196	0,165	0,154	0,156	0,148	0,120	0,000	0,000
2,000	-9,560	-8,771	-8,474	-8,048	-7,886	-7,772	-7,708	-7,658	-7,606	-7,571	-7,509	-7,451	-7,376	-7,263	-7,136	1,801	1,375	1,132	0,758	0,597	0,468	0,410	0,359	0,323	0,297	0,291	0,288	0,290	0,281	0,204	0,000	0,000
3,000	-21,583	-21,711	-21,724	-21,456	-21,271	-21,144	-21,080	-21,023	-20,975	-20,965	-20,933	-20,904	-20,865	-20,783	-20,698	-0,507	-0,119	0,064	0,328	0,350	0,305	0,273	0,237	0,207	0,171	0,165	0,176	0,175	0,180	0,137	0,000	0,000
4,000	-11,208	-11,415	-11,319	-11,332	-11,292	-11,317	-11,309	-11,304	-11,304	-11,289	-11,259	-11,198	-11,068	-10,871	-10,609	-0,586	-0,150	-0,124	-0,011	0,007	0,037	0,053	0,075	0,099	0,161	0,244	0,318	0,407	0,456	0,375	0,000	0,000
5,000	-12,289	-12,194	-12,401	-12,415	-12,436	-12,414	-12,397	-12,399	-12,375	-12,361	-12,325	-12,234	-12,093	-11,843	-11,519	-0,044	-0,239	-0,180	-0,035	-0,002	0,023	0,066	0,101	0,147	0,203	0,294	0,389	0,500	0,555	0,458	0,000	0,000
6,000	-8,506	-8,491	-8,398	-8,275	-8,171	-8,113	-8,080	-8,060	-8,011	-7,997	-7,942	-7,884	-7,794	-7,630	-7,455	-0,003	0,142	0,182	0,228	0,228	0,199	0,202	0,197	0,201	0,213	0,252	0,294	0,330	0,349	0,275	0,000	0,000
7,000	-6,865	-6,807	-6,796	-6,718	-6,665	-6,641	-6,624	-6,612	-6,597	-6,600	-6,580	-6,566	-6,532	-6,483	-6,427	0,057	0,068	0,092	0,119	0,107	0,087	0,085	0,077	0,071	0,069	0,082	0,098	0,102	0,113	0,088	0,000	0,000
8,000	-19,863	-20,048	-20,060	-20,157	-20,145	-20,188	-20,226	-20,251	-20,280	-20,330	-20,338	-20,362	-20,358	-20,313	-20,253	-0,196	-0,137	-0,142	-0,112	-0,113	-0,125	-0,118	-0,115	-0,103	-0,091	-0,052	-0,009	0,025	0,068	0,066	0,000	0,000
9,000	-9,577	-9,538	-9,489	-9,325	-9,192	-9,070	-9,011	-8,961	-8,904	-8,860	-8,803	-8,743	-8,658	-8,534	-8,382	0,063	0,135	0,192	0,321	0,335	0,309	0,300	0,276	0,266	0,263	0,275	0,291	0,299	0,299	0,227	0,000	0,000
10,000	-9,613	-9,588	-9,442	-9,274	-9,168	-9,129	-9,105	-9,083	-9,062	-9,066	-9,042	-9,010	-8,955	-8,861	-8,749	-0,008	0,217	0,219	0,245	0,209	0,175	0,147	0,135	0,118	0,126	0,144	0,167	0,200	0,213	0,172	0,000	0,000
11,000	-10,006	-9,876	-9,845	-9,701	-9,613	-9,560	-9,527	-9,504	-9,469	-9,456	-9,421	-9,370	-9,309	-9,198	-9,073	0,170	0,185	0,196	0,225	0,212	0,175	0,172	0,159	0,165	0,162	0,194	0,213	0,240	0,246	0,191	0,000	0,000
12,000	-14,296	-14,313	-14,238	-14,198	-14,141	-14,119	-14,112	-14,098	-14,084	-14,093	-14,059	-14,020	-13,963	-13,845	-13,705	0,043	0,107	0,104	0,117	0,104	0,089	0,087	0,093	0,097	0,108	0,148	0,188	0,232	0,256	0,207	0,000	0,000
13,000	-8,511	-8,417	-8,482	-8,470	-8,463	-8,441	-8,424	-8,418	-8,384	-8,352	-8,301	-8,223	-8,111	-7,942	-7,719	0,060	0,005	0,014	0,046	0,062	0,079	0,107	0,135	0,166	0,209	0,267	0,324	0,379	0,405	0,323	0,000	0,000
14,000	-12,243	-12,169	-12,237	-12,188	-12,176	-12,147	-12,131	-12,128	-12,112	-12,112	-12,097	-12,051	-11,976	-11,844	-11,648	-0,151	-0,121	-0,045	0,036	0,045	0,062	0,073	0,071	0,088	0,111	0,154	0,213	0,276	0,315	0,262	0,000	0,000
15,000	-8,110	-8,066	-7,919	-7,884	-7,835	-7,827	-7,824	-7,810	-7,797	-7,796	-7,795	-7,784	-7,765	-7,745	-7,729	0,401	0,371	0,245	0,150	0,111	0,094	0,081	0,067	0,057	0,054	0,047	0,046	0,047	0,050	0,037	0,000	0,000
	run	5	2022:11:08    10:50:25,778
0,000	-4,684	-4,247	-4,064	-3,951	-3,904	-3,891	-3,882	-3,869	-3,861	-3,859	-3,844	-3,830	-3,804	-3,758	-3,710	2,884	1,620	1,122	0,533	0,359	0,248	0,196	0,157	0,126	0,109	0,102	0,102	0,108	0,108	0,077	0,000	0,000
1,000	-6,388	-5,443	-5,126	-4,861	-4,755	-4,695	-4,669	-4,637	-4,614	-4,604	-4,590	-4,573	-4,541	-4,480	-4,411	4,740	2,714	1,898	0,954	0,663	0,480	0,383	0,302	0,234	0,194	0,164	0,153	0,156	0,144	0,112	0,000	0,000
2,000	-9,333	-8,559	-8,273	-7,873	-7,719	-7,609	-7,546	-7,500	-7,450	-7,410	-7,354	-7,295	-7,220	-7,109	-6,985	1,774	1,330	1,099	0,725	0,574	0,453	0,398	0,349	0,308	0,283	0,283	0,282	0,283	0,279	0,202	0,000	0,000
3,000	-21,457	-21,589	-21,585	-21,341	-21,158	-21,036	-20,974	-20,917	-20,873	-20,870	-20,833	-20,804	-20,766	-20,679	-20,589	-0,524	-0,137	0,047	0,317	0,331	0,287	0,261	0,227	0,201	0,160	0,160	0,172	0,179	0,186	0,136	0,000	0,000
4,000	-11,193	-11,393	-11,313	-11,326	-11,278	-11,297	-11,296	-11,288	-11,279	-11,278	-11,239	-11,174	-11,057	-10,855	-10,596	-0,598	-0,171	-0,127	-0,011	0,006	0,034	0,052	0,073	0,095	0,157	0,239	0,311	0,404	0,450	0,375	0,000	0,000
5,000	-12,409	-12,321	-12,515	-12,538	-12,561	-12,536	-12,521	-12,523	-12,498	-12,486	-12,438	-12,364	-12,218	-11,979	-11,652	-0,074	-0,252	-0,168	-0,045	-0,008	0,021	0,071	0,103	0,147	0,203	0,292	0,389	0,495	0,558	0,451	0,000	0,000
6,000	-8,461	-8,463	-8,372	-8,245	-8,143	-8,086	-8,053	-8,024	-7,983	-7,968	-7,913	-7,851	-7,763	-7,612	-7,430	-0,014	0,135	0,178	0,228	0,231	0,199	0,206	0,196	0,205	0,217	0,248	0,294	0,328	0,357	0,272	0,000	0,000
7,000	-6,873	-6,835	-6,818	-6,745	-6,700	-6,670	-6,663	-6,653	-6,632	-6,627	-6,627	-6,597	-6,574	-6,516	-6,454	0,056	0,053	0,085	0,115	0,105	0,078	0,081	0,075	0,071	0,068	0,077	0,099	0,113	0,121	0,088	0,000	0,000
8,000	-19,912	-20,099	-20,102	-20,190	-20,186	-20,229	-20,261	-20,283	-20,311	-20,364	-20,378	-20,392	-20,395	-20,345	-20,292	-0,227	-0,142	-0,146	-0,114	-0,113	-0,123	-0,123	-0,118	-0,099	-0,092	-0,048	-0,006	0,028	0,071	0,069	0,000	0,000
9,000	-9,755	-9,703	-9,641	-9,476	-9,341	-9,224	-9,159	-9,111	-9,053	-9,013	-8,957	-8,893	-8,809	-8,679	-8,537	0,058	0,142	0,202	0,328	0,341	0,322	0,303	0,278	0,270	0,258	0,274	0,292	0,301	0,302	0,226	0,000	0,000
10,000	-9,658	-9,662	-9,493	-9,337	-9,224	-9,182	-9,162	-9,144	-9,118	-9,122	-9,098	-9,069	-9,011	-8,918	-8,806	-0,016	0,223	0,222	0,240	0,208	0,176	0,153	0,135	0,123	0,129	0,144	0,164	0,201	0,210	0,171	0,000	0,000
11,000	-10,084	-9,962	-9,928	-9,780	-9,700	-9,643	-9,612	-9,589	-9,558	-9,541	-9,507	-9,455	-9,393	-9,286	-9,158	0,157	0,185	0,194	0,229	0,211	0,176	0,172	0,164	0,161	0,169	0,189	0,223	0,238	0,246	0,190	0,000	0,000
12,000	-14,322	-14,344	-14,264	-14,217	-14,156	-14,135	-14,125	-14,115	-14,096	-14,105	-14,073	-14,034	-13,980	-13,860	-13,717	0,041	0,107	0,116	0,119	0,109	0,095	0,088	0,092	0,102	0,112	0,149	0,189	0,234	0,259	0,211	0,000	0,000
13,000	-8,303	-8,333	-8,317	-8,338	-8,327	-8,318	-8,298	-8,283	-8,256	-8,226	-8,172	-8,103	-7,994	-7,826	-7,607	-0,013	-0,003	-0,003	0,028	0,049	0,081	0,107	0,128	0,162	0,200	0,253	0,311	0,369	0,395	0,310	0,000	0,000
14,000	-12,101	-11,925	-12,068	-11,989	-11,993	-11,958	-11,937	-11,938	-11,924	-11,921	-11,899	-11,870	-11,783	-11,654	-11,457	-0,002	-0,133	-0,034	0,040	0,048	0,048	0,065	0,062	0,091	0,117	0,163	0,208	0,275	0,325	0,259	0,000	0,000
15,000	-8,061	-8,017	-7,882	-7,843	-7,793	-7,786	-7,782	-7,763	-7,754	-7,755	-7,745	-7,737	-7,721	-7,693	-7,682	0,419	0,371	0,244	0,152	0,117	0,095	0,082	0,067	0,053	0,055	0,045	0,051	0,057	0,049	0,034	0,000	0,000
	run	6	2022:11:08    10:50:25,878
0,000	-4,713	-4,272	-4,089	-3,971	-3,927	-3,909	-3,898	-3,891	-3,874	-3,877	-3,861	-3,839	-3,814	-3,767	-3,719	2,863	1,617	1,121	0,529	0,362	0,250	0,199	0,155	0,130	0,113	0,103	0,112	0,111	0,113	0,083	0,000	0,000
1,000	-6,488	-5,542	-5,212	-4,938	-4,820	-4,762	-4,735	-4,700	-4,676	-4,669	-4,653	-4,631	-4,594	-4,535	-4,467	4,774	2,760	1,926	0,970	0,675	0,494	0,391	0,309	0,242	0,198	0,167	0,159	0,159	0,155	0,119	0,000	0,000
2,000	-9,633	-8,841	-8,531	-8,095	-7,935	-7,816	-7,753	-7,705	-7,654	-7,614	-7,555	-7,495	-7,415	-7,303	-7,176	1,828	1,388	1,147	0,768	0,606	0,474	0,417	0,363	0,326	0,300	0,291	0,294	0,292	0,284	0,204	0,000	0,000
3,000	-21,805	-21,923	-21,930	-21,637	-21,444	-21,320	-21,250	-21,195	-21,144	-21,137	-21,103	-21,075	-21,035	-20,955	-20,860	-0,495	-0,105	0,080	0,352	0,371	0,313	0,279	0,241	0,211	0,174	0,164	0,173	0,178	0,186	0,138	0,000	0,000
4,000	-11,342	-11,552	-11,448	-11,466	-11,439	-11,449	-11,447	-11,440	-11,443	-11,430	-11,394	-11,327	-11,204	-11,004	-10,736	-0,598	-0,176	-0,131	-0,015	0,004	0,038	0,053	0,074	0,106	0,163	0,239	0,324	0,411	0,461	0,382	0,000	0,000
5,000	-12,436	-12,365	-12,548	-12,574	-12,592	-12,575	-12,556	-12,563	-12,533	-12,523	-12,481	-12,394	-12,248	-11,995	-11,666	-0,077	-0,263	-0,173	-0,044	-0,002	0,028	0,069	0,102	0,149	0,207	0,289	0,404	0,508	0,570	0,467	0,000	0,000
6,000	-8,551	-8,563	-8,471	-8,330	-8,229	-8,168	-8,143	-8,103	-8,064	-8,052	-7,991	-7,929	-7,846	-7,695	-7,505	-0,009	0,145	0,185	0,232	0,234	0,204	0,203	0,197	0,206	0,213	0,251	0,292	0,333	0,352	0,274	0,000	0,000
7,000	-6,853	-6,813	-6,802	-6,730	-6,680	-6,658	-6,645	-6,636	-6,618	-6,615	-6,599	-6,582	-6,550	-6,505	-6,448	0,036	0,057	0,073	0,113	0,098	0,079	0,082	0,075	0,069	0,070	0,082	0,097	0,101	0,106	0,081	0,000	0,000
8,000	-19,770	-19,925	-19,948	-20,040	-20,028	-20,068	-20,101	-20,130	-20,156	-20,210	-20,224	-20,244	-20,244	-20,198	-20,142	-0,226	-0,134	-0,142	-0,118	-0,116	-0,131	-0,132	-0,123	-0,108	-0,093	-0,056	-0,012	0,026	0,066	0,062	0,000	0,000
9,000	-9,475	-9,444	-9,395	-9,244	-9,116	-9,004	-8,942	-8,895	-8,835	-8,792	-8,735	-8,676	-8,586	-8,464	-8,320	0,043	0,105	0,177	0,304	0,321	0,303	0,295	0,272	0,262	0,256	0,270	0,289	0,298	0,298	0,228	0,000	0,000
10,000	-9,517	-9,508	-9,367	-9,197	-9,097	-9,055	-9,030	-9,013	-8,988	-8,994	-8,974	-8,946	-8,886	-8,795	-8,684	-0,009	0,205	0,217	0,240	0,208	0,171	0,147	0,134	0,121	0,118	0,136	0,165	0,191	0,205	0,165	0,000	0,000
11,000	-9,988	-9,875	-9,840	-9,698	-9,618	-9,562	-9,531	-9,505	-9,478	-9,463	-9,423	-9,378	-9,315	-9,205	-9,078	0,172	0,182	0,185	0,221	0,207	0,175	0,167	0,156	0,163	0,163	0,187	0,214	0,232	0,247	0,189	0,000	0,000
12,000	-14,201	-14,215	-14,148	-14,096	-14,038	-14,017	-14,005	-13,997	-13,976	-13,986	-13,957	-13,915	-13,865	-13,737	-13,599	0,044	0,108	0,116	0,122	0,109	0,091	0,091	0,089	0,101	0,099	0,152	0,182	0,230	0,256	0,200	0,000	0,000
13,000	-8,385	-8,378	-8,413	-8,411	-8,398	-8,396	-8,373	-8,359	-8,330	-8,306	-8,261	-8,184	-8,075	-7,905	-7,691	-0,005	-0,010	-0,017	0,030	0,046	0,077	0,099	0,132	0,157	0,199	0,259	0,310	0,370	0,393	0,319	0,000	0,000
14,000	-12,053	-11,909	-12,015	-11,950	-11,953	-11,922	-11,903	-11,899	-11,889	-11,886	-11,862	-11,830	-11,750	-11,618	-11,426	-0,057	-0,131	-0,052	0,034	0,047	0,052	0,065	0,073	0,089	0,108	0,164	0,207	0,274	0,318	0,260	0,000	0,000
15,000	-8,051	-8,022	-7,874	-7,836	-7,783	-7,782	-7,773	-7,759	-7,746	-7,751	-7,739	-7,731	-7,714	-7,690	-7,670	0,394	0,375	0,244	0,146	0,111	0,095	0,078	0,068	0,057	0,054	0,053	0,051	0,057	0,051	0,037	0,000	0,000
	run	7	2022:11:08    10:50:25,925
0,000	-4,653	-4,238	-4,033	-3,941	-3,891	-3,873	-3,862	-3,855	-3,843	-3,842	-3,831	-3,811	-3,783	-3,738	-3,684	2,834	1,598	1,116	0,524	0,353	0,247	0,198	0,158	0,128	0,109	0,106	0,107	0,114	0,114	0,081	0,000	0,000
1,000	-6,386	-5,439	-5,126	-4,853	-4,742	-4,687	-4,654	-4,624	-4,601	-4,598	-4,578	-4,559	-4,524	-4,462	-4,399	4,742	2,726	1,910	0,959	0,670	0,481	0,381	0,303	0,235	0,193	0,165	0,155	0,157	0,147	0,116	0,000	0,000
2,000	-9,633	-8,841	-8,531	-8,095	-7,935	-7,816	-7,753	-7,705	-7,654	-7,614	-7,555	-7,495	-7,415	-7,303	-7,176	1,828	1,388	1,147	0,768	0,606	0,474	0,417	0,363	0,326	0,300	0,291	0,294	0,292	0,284	0,204	0,000	0,000
3,000	-21,805	-21,923	-21,930	-21,637	-21,444	-21,320	-21,250	-21,195	-21,144	-21,137	-21,103	-21,075	-21,035	-20,955	-20,860	-0,495	-0,105	0,080	0,352	0,371	0,313	0,279	0,241	0,211	0,174	0,164	0,173	0,178	0,186	0,138	0,000	0,000
4,000	-11,342	-11,552	-11,448	-11,466	-11,439	-11,449	-11,447	-11,440	-11,443	-11,430	-11,394	-11,327	-11,204	-11,004	-10,736	-0,598	-0,176	-0,131	-0,015	0,004	0,038	0,053	0,074	0,106	0,163	0,239	0,324	0,411	0,461	0,382	0,000	0,000
5,000	-12,436	-12,365	-12,548	-12,574	-12,592	-12,575	-12,556	-12,563	-12,533	-12,523	-12,481	-12,394	-12,248	-11,995	-11,666	-0,077	-0,263	-0,173	-0,044	-0,002	0,028	0,069	0,102	0,149	0,207	0,289	0,404	0,508	0,570	0,467	0,000	0,000
6,000	-8,551	-8,563	-8,471	-8,330	-8,229	-8,168	-8,143	-8,103	-8,064	-8,052	-7,991	-7,929	-7,846	-7,695	-7,505	-0,009	0,145	0,185	0,232	0,234	0,204	0,203	0,197	0,206	0,213	0,251	0,292	0,333	0,352	0,274	0,000	0,000
7,000	-6,853	-6,813	-6,802	-6,730	-6,680	-6,658	-6,645	-6,636	-6,618	-6,615	-6,599	-6,582	-6,550	-6,505	-6,448	0,036	0,057	0,073	0,113	0,098	0,079	0,082	0,075	0,069	0,070	0,082	0,097	0,101	0,106	0,081	0,000	0,000
8,000	-19,607	-19,772	-19,794	-19,863	-19,848	-19,893	-19,931	-19,954	-19,972	-20,030	-20,045	-20,062	-20,064	-20,013	-19,954	-0,190	-0,116	-0,116	-0,110	-0,091	-0,121	-0,112	-0,112	-0,101	-0,092	-0,050	-0,008	0,030	0,067	0,064	0,000	0,000
9,000	-9,394	-9,371	-9,321	-9,176	-9,046	-8,941	-8,877	-8,828	-8,768	-8,737	-8,674	-8,614	-8,529	-8,410	-8,268	0,022	0,106	0,168	0,292	0,313	0,292	0,289	0,263	0,258	0,252	0,264	0,283	0,293	0,295	0,221	0,000	0,000
10,000	-9,425	-9,401	-9,269	-9,122	-9,023	-8,980	-8,956	-8,933	-8,916	-8,917	-8,894	-8,865	-8,812	-8,719	-8,607	-0,019	0,196	0,198	0,232	0,197	0,169	0,147	0,129	0,121	0,121	0,138	0,160	0,196	0,209	0,169	0,000	0,000
11,000	-9,930	-9,822	-9,787	-9,651	-9,561	-9,506	-9,476	-9,455	-9,427	-9,406	-9,374	-9,328	-9,261	-9,156	-9,029	0,168	0,166	0,192	0,220	0,211	0,175	0,166	0,161	0,162	0,171	0,188	0,213	0,235	0,249	0,187	0,000	0,000
12,000	-14,321	-14,332	-14,271	-14,221	-14,158	-14,135	-14,133	-14,119	-14,106	-14,104	-14,064	-14,046	-13,988	-13,868	-13,723	0,050	0,109	0,101	0,116	0,103	0,086	0,089	0,091	0,096	0,114	0,156	0,184	0,233	0,257	0,204	0,000	0,000
13,000	-8,399	-8,399	-8,440	-8,431	-8,419	-8,403	-8,388	-8,370	-8,350	-8,322	-8,267	-8,193	-8,077	-7,908	-7,697	0,000	-0,003	-0,001	0,035	0,055	0,083	0,105	0,133	0,161	0,203	0,262	0,315	0,374	0,398	0,318	0,000	0,000
14,000	-12,057	-11,896	-12,010	-11,950	-11,945	-11,910	-11,888	-11,886	-11,884	-11,871	-11,858	-11,819	-11,745	-11,607	-11,415	-0,059	-0,118	-0,039	0,038	0,048	0,055	0,066	0,076	0,085	0,111	0,150	0,206	0,274	0,314	0,261	0,000	0,000
15,000	-7,968	-7,944	-7,784	-7,757	-7,703	-7,700	-7,696	-7,682	-7,670	-7,673	-7,666	-7,655	-7,638	-7,615	-7,589	0,402	0,370	0,245	0,149	0,111	0,091	0,075	0,065	0,060	0,053	0,052	0,050	0,053	0,055	0,037	0,000	0,000
	run	8	2022:11:08    10:50:26,026
0,000	-4,618	-4,188	-4,006	-3,906	-3,852	-3,834	-3,829	-3,819	-3,808	-3,805	-3,795	-3,775	-3,751	-3,703	-3,653	2,851	1,598	1,117	0,522	0,356	0,249	0,195	0,157	0,126	0,103	0,101	0,108	0,114	0,115	0,087	0,000	0,000
1,000	-6,311	-5,377	-5,068	-4,811	-4,705	-4,653	-4,622	-4,587	-4,569	-4,555	-4,545	-4,528	-4,490	-4,433	-4,365	4,735	2,697	1,888	0,945	0,660	0,468	0,372	0,298	0,231	0,192	0,164	0,150	0,154	0,149	0,114	0,000	0,000
2,000	-9,424	-8,648	-8,335	-7,935	-7,765	-7,653	-7,591	-7,545	-7,491	-7,454	-7,396	-7,336	-7,261	-7,148	-7,025	1,798	1,359	1,121	0,741	0,589	0,466	0,407	0,356	0,319	0,290	0,285	0,287	0,288	0,277	0,203	0,000	0,000
3,000	-21,773	-21,905	-21,907	-21,630	-21,438	-21,317	-21,260	-21,201	-21,159	-21,150	-21,115	-21,087	-21,052	-20,963	-20,874	-0,495	-0,101	0,072	0,337	0,351	0,299	0,273	0,233	0,205	0,166	0,158	0,172	0,179	0,188	0,138	0,000	0,000
4,000	-11,451	-11,662	-11,585	-11,594	-11,567	-11,586	-11,575	-11,576	-11,568	-11,557	-11,526	-11,457	-11,333	-11,124	-10,857	-0,600	-0,185	-0,135	-0,020	0,002	0,031	0,048	0,074	0,106	0,164	0,244	0,330	0,416	0,467	0,386	0,000	0,000
5,000	-12,631	-12,544	-12,750	-12,768	-12,790	-12,757	-12,747	-12,755	-12,732	-12,714	-12,675	-12,584	-12,431	-12,182	-11,848	-0,086	-0,261	-0,182	-0,041	-0,003	0,025	0,071	0,102	0,151	0,206	0,300	0,409	0,515	0,579	0,473	0,000	0,000
6,000	-8,621	-8,625	-8,528	-8,390	-8,286	-8,233	-8,195	-8,166	-8,125	-8,107	-8,054	-7,985	-7,898	-7,743	-7,560	-0,024	0,143	0,177	0,231	0,234	0,200	0,207	0,202	0,205	0,216	0,257	0,300	0,336	0,358	0,275	0,000	0,000
7,000	-6,930	-6,887	-6,869	-6,791	-6,744	-6,710	-6,703	-6,688	-6,667	-6,664	-6,653	-6,628	-6,607	-6,555	-6,495	0,062	0,066	0,080	0,123	0,107	0,081	0,079	0,079	0,073	0,073	0,080	0,095	0,107	0,112	0,089	0,000	0,000
8,000	-19,793	-19,963	-19,972	-20,078	-20,056	-20,102	-20,142	-20,163	-20,193	-20,240	-20,266	-20,278	-20,279	-20,231	-20,174	-0,209	-0,129	-0,148	-0,112	-0,107	-0,131	-0,123	-0,115	-0,108	-0,093	-0,054	-0,008	0,028	0,069	0,063	0,000	0,000
9,000	-9,565	-9,542	-9,475	-9,324	-9,189	-9,079	-9,017	-8,966	-8,905	-8,865	-8,815	-8,748	-8,665	-8,545	-8,399	0,049	0,117	0,180	0,310	0,328	0,306	0,297	0,276	0,264	0,258	0,273	0,288	0,299	0,302	0,225	0,000	0,000
10,000	-9,522	-9,521	-9,383	-9,233	-9,132	-9,089	-9,066	-9,047	-9,033	-9,032	-9,014	-8,981	-8,923	-8,832	-8,720	-0,032	0,204	0,201	0,227	0,194	0,168	0,147	0,130	0,116	0,124	0,136	0,160	0,197	0,210	0,167	0,000	0,000
11,000	-10,019	-9,893	-9,866	-9,729	-9,647	-9,587	-9,562	-9,541	-9,505	-9,490	-9,452	-9,406	-9,342	-9,237	-9,111	0,170	0,162	0,188	0,220	0,200	0,172	0,165	0,160	0,160	0,160	0,183	0,211	0,236	0,244	0,187	0,000	0,000
12,000	-14,182	-14,192	-14,117	-14,074	-14,015	-13,993	-13,985	-13,974	-13,948	-13,967	-13,939	-13,892	-13,841	-13,715	-13,578	0,043	0,108	0,117	0,117	0,109	0,089	0,091	0,096	0,096	0,108	0,148	0,184	0,226	0,258	0,207	0,000	0,000
13,000	-8,277	-8,278	-8,304	-8,310	-8,296	-8,291	-8,279	-8,261	-8,232	-8,211	-8,162	-8,089	-7,982	-7,807	-7,594	-0,004	-0,007	-0,020	0,032	0,045	0,066	0,098	0,126	0,155	0,197	0,250	0,311	0,365	0,386	0,316	0,000	0,000
14,000	-11,983	-11,834	-11,947	-11,878	-11,876	-11,843	-11,829	-11,820	-11,809	-11,805	-11,794	-11,748	-11,677	-11,549	-11,357	-0,072	-0,119	-0,028	0,030	0,043	0,043	0,069	0,066	0,084	0,111	0,150	0,210	0,269	0,312	0,259	0,000	0,000
15,000	-7,900	-7,865	-7,717	-7,689	-7,635	-7,631	-7,625	-7,610	-7,599	-7,602	-7,593	-7,586	-7,566	-7,545	-7,527	0,391	0,370	0,247	0,146	0,108	0,093	0,083	0,064	0,052	0,055	0,048	0,045	0,052	0,051	0,040	0,000	0,000
	run	9	2022:11:08    10:50:26,078
0,000	-4,618	-4,188	-4,006	-3,906	-3,852	-3,834	-3,829	-3,819	-3,808	-3,805	-3,795	-3,775	-3,751	-3,703	-3,653	2,851	1,598	1,117	0,522	0,356	0,249	0,195	0,157	0,126	0,103	0,101	0,108	0,114	0,115	0,087	0,000	0,000
1,000	-6,311	-5,377	-5,068	-4,811	-4,705	-4,653	-4,622	-4,587	-4,569	-4,555	-4,545	-4,528	-4,490	-4,433	-4,365	4,735	2,697	1,888	0,945	0,660	0,468	0,372	0,298	0,231	0,192	0,164	0,150	0,154	0,149	0,114	0,000	0,000
2,000	-9,424	-8,648	-8,335	-7,935	-7,765	-7,653	-7,591	-7,545	-7,491	-7,454	-7,396	-7,336	-7,261	-7,148	-7,025	1,798	1,359	1,121	0,741	0,589	0,466	0,407	0,356	0,319	0,290	0,285	0,287	0,288	0,277	0,203	0,000	0,000
3,000	-21,773	-21,905	-21,907	-21,630	-21,438	-21,317	-21,260	-21,201	-21,159	-21,150	-21,115	-21,087	-21,052	-20,963	-20,874	-0,495	-0,101	0,072	0,337	0,351	0,299	0,273	0,233	0,205	0,166	0,158	0,172	0,179	0,188	0,138	0,000	0,000
4,000	-11,451	-11,662	-11,585	-11,594	-11,567	-11,586	-11,575	-11,576	-11,568	-11,557	-11,526	-11,457	-11,333	-11,124	-10,857	-0,600	-0,185	-0,135	-0,020	0,002	0,031	0,048	0,074	0,106	0,164	0,244	0,330	0,416	0,467	0,386	0,000	0,000
5,000	-12,631	-12,544	-12,750	-12,768	-12,790	-12,757	-12,747	-12,755	-12,732	-12,714	-12,675	-12,584	-12,431	-12,182	-11,848	-0,086	-0,261	-0,182	-0,041	-0,003	0,025	0,071	0,102	0,151	0,206	0,300	0,409	0,515	0,579	0,473	0,000	0,000
6,000	-8,546	-8,560	-8,460	-8,317	-8,213	-8,153	-8,125	-8,089	-8,056	-8,034	-7,985	-7,914	-7,833	-7,675	-7,486	-0,025	0,155	0,185	0,239	0,238	0,206	0,206	0,200	0,209	0,223	0,255	0,295	0,332	0,354	0,275	0,000	0,000
7,000	-6,799	-6,743	-6,731	-6,657	-6,618	-6,594	-6,574	-6,567	-6,550	-6,545	-6,537	-6,510	-6,490	-6,435	-6,381	0,069	0,052	0,077	0,111	0,102	0,083	0,081	0,074	0,071	0,068	0,081	0,093	0,100	0,113	0,081	0,000	0,000
8,000	-19,635	-19,798	-19,813	-19,895	-19,880	-19,919	-19,954	-19,980	-20,007	-20,058	-20,078	-20,084	-20,091	-20,041	-19,987	-0,207	-0,119	-0,129	-0,095	-0,099	-0,124	-0,113	-0,113	-0,100	-0,085	-0,050	-0,008	0,027	0,073	0,060	0,000	0,000
9,000	-9,426	-9,396	-9,346	-9,199	-9,077	-8,963	-8,901	-8,859	-8,792	-8,757	-8,703	-8,640	-8,555	-8,433	-8,290	0,021	0,109	0,178	0,305	0,325	0,299	0,292	0,269	0,261	0,253	0,265	0,288	0,297	0,296	0,222	0,000	0,000
10,000	-9,572	-9,545	-9,402	-9,245	-9,138	-9,097	-9,068	-9,051	-9,034	-9,033	-9,011	-8,979	-8,929	-8,835	-8,726	-0,018	0,205	0,208	0,250	0,207	0,172	0,148	0,129	0,117	0,127	0,142	0,162	0,195	0,203	0,168	0,000	0,000
11,000	-10,070	-9,958	-9,924	-9,780	-9,698	-9,640	-9,612	-9,591	-9,558	-9,545	-9,502	-9,456	-9,393	-9,287	-9,162	0,176	0,179	0,190	0,220	0,211	0,172	0,172	0,162	0,164	0,164	0,184	0,217	0,237	0,245	0,191	0,000	0,000
12,000	-14,236	-14,237	-14,179	-14,120	-14,064	-14,037	-14,033	-14,019	-14,003	-14,008	-13,978	-13,942	-13,893	-13,770	-13,634	0,043	0,107	0,112	0,117	0,111	0,091	0,090	0,091	0,093	0,112	0,148	0,183	0,226	0,254	0,203	0,000	0,000
13,000	-8,454	-8,446	-8,457	-8,462	-8,454	-8,440	-8,427	-8,410	-8,383	-8,356	-8,298	-8,224	-8,111	-7,945	-7,730	0,019	0,000	0,005	0,028	0,062	0,083	0,110	0,129	0,162	0,204	0,262	0,317	0,373	0,397	0,313	0,000	0,000
14,000	-12,198	-12,048	-12,173	-12,098	-12,095	-12,062	-12,041	-12,041	-12,023	-12,031	-12,004	-11,966	-11,894	-11,756	-11,568	-0,087	-0,129	-0,039	0,041	0,051	0,057	0,067	0,075	0,088	0,111	0,159	0,209	0,279	0,315	0,262	0,000	0,000
15,000	-8,110	-8,065	-7,910	-7,879	-7,828	-7,818	-7,816	-7,799	-7,785	-7,788	-7,782	-7,771	-7,759	-7,730	-7,714	0,392	0,373	0,244	0,149	0,111	0,098	0,079	0,069	0,056	0,058	0,050	0,050	0,055	0,054	0,039	0,000	0,000
	run	10	2022:11:08    10:50:26,178
0,000	-4,597	-4,185	-3,984	-3,892	-3,843	-3,828	-3,812	-3,810	-3,794	-3,796	-3,779	-3,765	-3,741	-3,689	-3,644	2,813	1,592	1,107	0,519	0,354	0,243	0,191	0,158	0,125	0,108	0,104	0,107	0,110	0,108	0,080	0,000	0,000
1,000	-6,378	-5,432	-5,113	-4,844	-4,732	-4,675	-4,640	-4,611	-4,594	-4,582	-4,570	-4,548	-4,514	-4,454	-4,393	4,737	2,720	1,901	0,957	0,671	0,480	0,381	0,302	0,236	0,195	0,165	0,152	0,153	0,149	0,114	0,000	0,000
2,000	-9,439	-8,664	-8,370	-7,959	-7,799	-7,686	-7,629	-7,582	-7,526	-7,488	-7,435	-7,375	-7,295	-7,183	-7,054	1,784	1,343	1,106	0,737	0,582	0,460	0,407	0,348	0,317	0,292	0,287	0,288	0,290	0,284	0,204	0,000	0,000
3,000	-21,556	-21,682	-21,688	-21,413	-21,225	-21,106	-21,046	-20,994	-20,945	-20,940	-20,907	-20,879	-20,845	-20,763	-20,672	-0,495	-0,106	0,075	0,330	0,339	0,294	0,258	0,228	0,200	0,160	0,154	0,166	0,171	0,180	0,139	0,000	0,000
4,000	-11,361	-11,545	-11,473	-11,477	-11,450	-11,463	-11,462	-11,458	-11,454	-11,444	-11,408	-11,347	-11,222	-11,017	-10,749	-0,591	-0,160	-0,131	-0,014	-0,000	0,036	0,054	0,074	0,100	0,169	0,241	0,322	0,409	0,461	0,380	0,000	0,000
5,000	-12,572	-12,496	-12,693	-12,712	-12,737	-12,711	-12,699	-12,703	-12,676	-12,666	-12,622	-12,537	-12,388	-12,129	-11,796	-0,081	-0,258	-0,178	-0,052	-0,006	0,032	0,069	0,100	0,147	0,208	0,303	0,407	0,516	0,573	0,474	0,000	0,000
6,000	-8,590	-8,598	-8,489	-8,357	-8,251	-8,195	-8,164	-8,136	-8,091	-8,081	-8,023	-7,958	-7,868	-7,710	-7,527	-0,012	0,152	0,187	0,231	0,230	0,202	0,202	0,200	0,207	0,218	0,257	0,296	0,338	0,357	0,280	0,000	0,000
7,000	-6,948	-6,898	-6,879	-6,807	-6,756	-6,727	-6,708	-6,702	-6,681	-6,684	-6,672	-6,644	-6,621	-6,573	-6,513	0,069	0,067	0,094	0,122	0,106	0,082	0,081	0,075	0,073	0,071	0,081	0,094	0,107	0,111	0,083	0,000	0,000
8,000	-19,788	-19,954	-19,968	-20,070	-20,066	-20,109	-20,156	-20,173	-20,198	-20,264	-20,277	-20,288	-20,290	-20,247	-20,188	-0,230	-0,156	-0,157	-0,118	-0,122	-0,138	-0,128	-0,120	-0,113	-0,091	-0,054	-0,007	0,026	0,070	0,061	0,000	0,000
9,000	-9,685	-9,643	-9,586	-9,415	-9,283	-9,166	-9,104	-9,054	-8,993	-8,958	-8,902	-8,837	-8,748	-8,622	-8,475	0,057	0,121	0,198	0,316	0,334	0,316	0,306	0,280	0,271	0,262	0,277	0,292	0,306	0,304	0,228	0,000	0,000
10,000	-9,610	-9,583	-9,441	-9,275	-9,163	-9,120	-9,099	-9,076	-9,055	-9,056	-9,034	-9,002	-8,947	-8,850	-8,741	-0,014	0,224	0,223	0,252	0,208	0,173	0,150	0,138	0,119	0,126	0,142	0,167	0,203	0,209	0,172	0,000	0,000
11,000	-9,958	-9,846	-9,812	-9,667	-9,588	-9,528	-9,502	-9,476	-9,444	-9,426	-9,394	-9,347	-9,280	-9,176	-9,056	0,162	0,177	0,193	0,225	0,209	0,176	0,170	0,161	0,158	0,161	0,185	0,213	0,231	0,245	0,187	0,000	0,000
12,000	-14,313	-14,319	-14,238	-14,192	-14,130	-14,108	-14,101	-14,093	-14,077	-14,080	-14,049	-14,019	-13,960	-13,840	-13,699	0,036	0,106	0,113	0,122	0,108	0,087	0,088	0,092	0,100	0,107	0,148	0,190	0,229	0,259	0,207	0,000	0,000
13,000	-8,233	-8,235	-8,264	-8,263	-8,254	-8,249	-8,232	-8,214	-8,190	-8,162	-8,117	-8,047	-7,940	-7,769	-7,559	-0,009	-0,006	-0,026	0,034	0,051	0,068	0,095	0,126	0,153	0,191	0,252	0,303	0,365	0,388	0,308	0,000	0,000
14,000	-11,856	-11,714	-11,831	-11,762	-11,765	-11,733	-11,708	-11,708	-11,699	-11,690	-11,677	-11,647	-11,562	-11,433	-11,249	-0,067	-0,127	-0,054	0,038	0,050	0,041	0,057	0,065	0,086	0,107	0,156	0,207	0,270	0,306	0,255	0,000	0,000
15,000	-7,928	-7,891	-7,754	-7,726	-7,673	-7,664	-7,664	-7,643	-7,636	-7,638	-7,628	-7,617	-7,604	-7,576	-7,559	0,385	0,376	0,239	0,145	0,113	0,094	0,079	0,066	0,052	0,056	0,051	0,049	0,058	0,058	0,043	0,000	0,000
	run	11	2022:11:08    10:50:26,278
0,000	-4,714	-4,278	-4,095	-3,973	-3,936	-3,909	-3,901	-3,891	-3,882	-3,881	-3,865	-3,847	-3,821	-3,775	-3,721	2,862	1,607	1,119	0,534	0,361	0,250	0,200	0,163	0,135	0,111	0,105	0,108	0,114	0,110	0,084	0,000	0,000
1,000	-6,466	-5,521	-5,207	-4,926	-4,819	-4,765	-4,731	-4,699	-4,675	-4,668	-4,652	-4,627	-4,592	-4,531	-4,465	4,781	2,752	1,923	0,965	0,675	0,484	0,382	0,305	0,239	0,193	0,165	0,160	0,162	0,154	0,122	0,000	0,000
2,000	-9,588	-8,795	-8,488	-8,067	-7,896	-7,783	-7,720	-7,673	-7,618	-7,585	-7,527	-7,470	-7,390	-7,277	-7,158	1,810	1,380	1,136	0,762	0,598	0,472	0,417	0,355	0,322	0,296	0,289	0,286	0,283	0,271	0,199	0,000	0,000
3,000	-21,574	-21,715	-21,717	-21,472	-21,284	-21,156	-21,091	-21,033	-20,983	-20,973	-20,937	-20,911	-20,874	-20,789	-20,703	-0,519	-0,130	0,045	0,315	0,344	0,301	0,272	0,241	0,210	0,174	0,167	0,174	0,178	0,183	0,136	0,000	0,000
4,000	-11,173	-11,362	-11,287	-11,281	-11,245	-11,259	-11,253	-11,248	-11,241	-11,235	-11,201	-11,140	-11,019	-10,820	-10,561	-0,587	-0,159	-0,132	-0,004	0,008	0,041	0,053	0,076	0,102	0,161	0,237	0,314	0,404	0,455	0,375	0,000	0,000
5,000	-12,076	-12,001	-12,200	-12,212	-12,236	-12,219	-12,202	-12,206	-12,174	-12,170	-12,127	-12,039	-11,897	-11,660	-11,339	-0,081	-0,251	-0,174	-0,048	-0,003	0,023	0,062	0,095	0,148	0,199	0,284	0,387	0,483	0,548	0,444	0,000	0,000
6,000	-8,332	-8,349	-8,254	-8,123	-8,022	-7,972	-7,944	-7,907	-7,874	-7,856	-7,806	-7,740	-7,652	-7,507	-7,325	-0,017	0,138	0,166	0,223	0,214	0,195	0,197	0,186	0,200	0,210	0,248	0,286	0,325	0,343	0,267	0,000	0,000
7,000	-6,729	-6,673	-6,666	-6,591	-6,552	-6,516	-6,506	-6,497	-6,481	-6,483	-6,470	-6,447	-6,424	-6,370	-6,316	0,066	0,056	0,064	0,111	0,093	0,077	0,080	0,070	0,068	0,069	0,078	0,093	0,104	0,108	0,088	0,000	0,000
8,000	-20,280	-20,487	-20,473	-20,582	-20,574	-20,613	-20,652	-20,679	-20,702	-20,756	-20,767	-20,782	-20,786	-20,736	-20,681	-0,225	-0,128	-0,152	-0,127	-0,116	-0,128	-0,125	-0,122	-0,110	-0,091	-0,048	-0,007	0,028	0,070	0,067	0,000	0,000
9,000	-9,611	-9,576	-9,521	-9,349	-9,218	-9,098	-9,034	-8,984	-8,927	-8,883	-8,830	-8,768	-8,683	-8,562	-8,413	0,056	0,137	0,203	0,325	0,343	0,316	0,305	0,278	0,264	0,264	0,275	0,295	0,307	0,310	0,234	0,000	0,000
10,000	-9,476	-9,470	-9,325	-9,185	-9,087	-9,045	-9,023	-9,001	-8,979	-8,982	-8,960	-8,931	-8,871	-8,782	-8,672	-0,031	0,190	0,199	0,227	0,198	0,166	0,144	0,127	0,117	0,122	0,139	0,159	0,195	0,210	0,166	0,000	0,000
11,000	-9,906	-9,791	-9,753	-9,621	-9,542	-9,480	-9,453	-9,427	-9,395	-9,378	-9,339	-9,297	-9,229	-9,119	-8,989	0,149	0,169	0,195	0,222	0,210	0,177	0,173	0,159	0,164	0,171	0,191	0,223	0,242	0,252	0,193	0,000	0,000
12,000	-14,013	-14,039	-13,968	-13,923	-13,869	-13,845	-13,836	-13,827	-13,810	-13,826	-13,795	-13,753	-13,701	-13,580	-13,445	0,029	0,098	0,098	0,112	0,100	0,085	0,086	0,086	0,094	0,097	0,138	0,179	0,220	0,256	0,198	0,000	0,000
13,000	-8,409	-8,363	-8,427	-8,412	-8,405	-8,390	-8,376	-8,363	-8,332	-8,308	-8,259	-8,184	-8,067	-7,899	-7,678	0,027	-0,009	-0,003	0,035	0,052	0,080	0,099	0,131	0,159	0,202	0,260	0,313	0,373	0,400	0,324	0,000	0,000
14,000	-12,079	-11,972	-12,044	-12,001	-11,988	-11,964	-11,939	-11,935	-11,932	-11,919	-11,907	-11,869	-11,786	-11,654	-11,463	-0,119	-0,125	-0,040	0,029	0,047	0,057	0,070	0,071	0,089	0,119	0,154	0,209	0,277	0,315	0,264	0,000	0,000
15,000	-7,974	-7,939	-7,792	-7,753	-7,712	-7,703	-7,697	-7,681	-7,671	-7,673	-7,668	-7,659	-7,643	-7,621	-7,608	0,393	0,366	0,246	0,142	0,109	0,091	0,079	0,062	0,052	0,050	0,048	0,045	0,046	0,049	0,037	0,000	0,000
	run	12	2022:11:08    10:50:26,327
0,000	-4,757	-4,320	-4,121	-4,014	-3,969	-3,945	-3,936	-3,928	-3,916	-3,914	-3,902	-3,884	-3,861	-3,816	-3,767	2,897	1,631	1,129	0,541	0,366	0,253	0,201	0,161	0,132	0,111	0,105	0,106	0,108	0,109	0,078	0,000	0,000
1,000	-6,407	-5,460	-5,133	-4,875	-4,770	-4,710	-4,676	-4,647	-4,626	-4,615	-4,600	-4,584	-4,550	-4,492	-4,426	4,732	2,718	1,899	0,952	0,666	0,478	0,379	0,301	0,236	0,192	0,162	0,153	0,152	0,151	0,117	0,000	0,000
2,000	-9,588	-8,795	-8,488	-8,067	-7,896	-7,783	-7,720	-7,673	-7,618	-7,585	-7,527	-7,470	-7,390	-7,277	-7,158	1,810	1,380	1,136	0,762	0,598	0,472	0,417	0,355	0,322	0,296	0,289	0,286	0,283	0,271	0,199	0,000	0,000
3,000	-21,574	-21,715	-21,717	-21,472	-21,284	-21,156	-21,091	-21,033	-20,983	-20,973	-20,937	-20,911	-20,874	-20,789	-20,703	-0,519	-0,130	0,045	0,315	0,344	0,301	0,272	0,241	0,210	0,174	0,167	0,174	0,178	0,183	0,136	0,000	0,000
4,000	-11,173	-11,362	-11,287	-11,281	-11,245	-11,259	-11,253	-11,248	-11,241	-11,235	-11,201	-11,140	-11,019	-10,820	-10,561	-0,587	-0,159	-0,132	-0,004	0,008	0,041	0,053	0,076	0,102	0,161	0,237	0,314	0,404	0,455	0,375	0,000	0,000
5,000	-12,076	-12,001	-12,200	-12,212	-12,236	-12,219	-12,202	-12,206	-12,174	-12,170	-12,127	-12,039	-11,897	-11,660	-11,339	-0,081	-0,251	-0,174	-0,048	-0,003	0,023	0,062	0,095	0,148	0,199	0,284	0,387	0,483	0,548	0,444	0,000	0,000
6,000	-8,332	-8,349	-8,254	-8,123	-8,022	-7,972	-7,944	-7,907	-7,874	-7,856	-7,806	-7,740	-7,652	-7,507	-7,325	-0,017	0,138	0,166	0,223	0,214	0,195	0,197	0,186	0,200	0,210	0,248	0,286	0,325	0,343	0,267	0,000	0,000
7,000	-6,729	-6,673	-6,666	-6,591	-6,552	-6,516	-6,506	-6,497	-6,481	-6,483	-6,470	-6,447	-6,424	-6,370	-6,316	0,066	0,056	0,064	0,111	0,093	0,077	0,080	0,070	0,068	0,069	0,078	0,093	0,104	0,108	0,088	0,000	0,000
8,000	-19,428	-19,588	-19,606	-19,677	-19,669	-19,711	-19,744	-19,772	-19,794	-19,845	-19,861	-19,872	-19,867	-19,823	-19,764	-0,206	-0,125	-0,122	-0,101	-0,096	-0,114	-0,113	-0,117	-0,107	-0,081	-0,040	-0,006	0,030	0,074	0,070	0,000	0,000
9,000	-9,330	-9,321	-9,258	-9,120	-9,000	-8,887	-8,823	-8,778	-8,718	-8,682	-8,622	-8,559	-8,476	-8,361	-8,216	0,036	0,105	0,171	0,291	0,311	0,298	0,284	0,269	0,258	0,249	0,262	0,276	0,291	0,297	0,217	0,000	0,000
10,000	-9,618	-9,593	-9,451	-9,277	-9,169	-9,126	-9,101	-9,081	-9,064	-9,063	-9,042	-9,013	-8,953	-8,861	-8,744	-0,012	0,217	0,227	0,252	0,215	0,176	0,152	0,132	0,126	0,122	0,142	0,170	0,201	0,211	0,174	0,000	0,000
11,000	-10,140	-10,023	-9,995	-9,848	-9,767	-9,709	-9,680	-9,659	-9,628	-9,603	-9,575	-9,523	-9,460	-9,344	-9,223	0,178	0,186	0,198	0,224	0,211	0,175	0,172	0,164	0,163	0,168	0,193	0,219	0,240	0,248	0,188	0,000	0,000
12,000	-14,777	-14,782	-14,712	-14,659	-14,592	-14,576	-14,562	-14,553	-14,539	-14,542	-14,512	-14,476	-14,410	-14,277	-14,134	0,043	0,112	0,116	0,122	0,114	0,096	0,097	0,095	0,103	0,121	0,159	0,196	0,247	0,268	0,215	0,000	0,000
13,000	-8,526	-8,536	-8,559	-8,555	-8,545	-8,528	-8,513	-8,497	-8,481	-8,443	-8,385	-8,309	-8,197	-8,027	-7,804	0,004	-0,006	-0,005	0,031	0,056	0,086	0,106	0,133	0,164	0,207	0,262	0,318	0,378	0,405	0,325	0,000	0,000
14,000	-12,277	-12,126	-12,251	-12,168	-12,176	-12,145	-12,129	-12,125	-12,104	-12,100	-12,086	-12,046	-11,971	-11,828	-11,634	-0,061	-0,119	-0,037	0,041	0,051	0,053	0,068	0,075	0,090	0,110	0,158	0,215	0,282	0,320	0,266	0,000	0,000
15,000	-8,258	-8,213	-8,054	-8,022	-7,977	-7,965	-7,959	-7,944	-7,933	-7,930	-7,923	-7,913	-7,892	-7,865	-7,845	0,388	0,379	0,256	0,154	0,119	0,097	0,085	0,072	0,057	0,060	0,054	0,057	0,057	0,058	0,045	0,000	0,000
	run	13	2022:11:08    10:50:26,426
0,000	-4,567	-4,142	-3,966	-3,856	-3,810	-3,790	-3,785	-3,774	-3,766	-3,762	-3,753	-3,735	-3,713	-3,670	-3,621	2,859	1,604	1,107	0,524	0,361	0,241	0,196	0,154	0,124	0,107	0,098	0,101	0,101	0,106	0,076	0,000	0,000
1,000	-6,200	-5,269	-4,962	-4,716	-4,608	-4,562	-4,533	-4,502	-4,481	-4,474	-4,460	-4,436	-4,406	-4,348	-4,284	4,692	2,683	1,858	0,927	0,650	0,465	0,371	0,291	0,227	0,190	0,155	0,148	0,150	0,148	0,116	0,000	0,000
2,000	-9,249	-8,474	-8,186	-7,800	-7,633	-7,530	-7,471	-7,426	-7,373	-7,338	-7,282	-7,225	-7,150	-7,038	-6,919	1,765	1,326	1,088	0,709	0,569	0,449	0,396	0,345	0,309	0,282	0,275	0,281	0,278	0,270	0,195	0,000	0,000
3,000	-21,526	-21,662	-21,647	-21,403	-21,221	-21,107	-21,045	-20,989	-20,949	-20,946	-20,915	-20,884	-20,848	-20,765	-20,679	-0,519	-0,116	0,055	0,306	0,331	0,281	0,252	0,219	0,193	0,160	0,150	0,169	0,170	0,175	0,136	0,000	0,000
4,000	-11,279	-11,498	-11,419	-11,437	-11,397	-11,409	-11,404	-11,400	-11,399	-11,389	-11,355	-11,290	-11,162	-10,955	-10,694	-0,600	-0,171	-0,139	-0,022	0,007	0,039	0,057	0,075	0,106	0,162	0,239	0,321	0,411	0,459	0,381	0,000	0,000
5,000	-12,574	-12,495	-12,698	-12,712	-12,732	-12,708	-12,689	-12,696	-12,674	-12,665	-12,616	-12,530	-12,386	-12,134	-11,803	-0,068	-0,240	-0,178	-0,045	0,003	0,021	0,070	0,106	0,147	0,197	0,288	0,399	0,505	0,568	0,467	0,000	0,000
6,000	-8,504	-8,499	-8,402	-8,271	-8,165	-8,112	-8,076	-8,042	-8,014	-7,992	-7,935	-7,875	-7,785	-7,632	-7,441	-0,012	0,146	0,174	0,235	0,226	0,200	0,199	0,196	0,206	0,221	0,255	0,291	0,332	0,354	0,278	0,000	0,000
7,000	-6,888	-6,840	-6,838	-6,749	-6,704	-6,668	-6,663	-6,649	-6,633	-6,627	-6,616	-6,591	-6,569	-6,518	-6,465	0,067	0,066	0,104	0,120	0,107	0,085	0,080	0,076	0,081	0,074	0,079	0,094	0,109	0,111	0,084	0,000	0,000
8,000	-19,615	-19,802	-19,819	-19,914	-19,901	-19,942	-19,983	-20,015	-20,036	-20,087	-20,116	-20,125	-20,130	-20,083	-20,025	-0,219	-0,141	-0,156	-0,120	-0,116	-0,136	-0,130	-0,128	-0,113	-0,102	-0,058	-0,013	0,015	0,064	0,062	0,000	0,000
9,000	-9,710	-9,680	-9,643	-9,475	-9,346	-9,230	-9,161	-9,112	-9,053	-9,010	-8,956	-8,892	-8,807	-8,679	-8,524	0,024	0,111	0,185	0,317	0,334	0,311	0,303	0,283	0,274	0,263	0,278	0,293	0,309	0,308	0,234	0,000	0,000
10,000	-9,749	-9,721	-9,551	-9,364	-9,254	-9,214	-9,190	-9,168	-9,148	-9,155	-9,128	-9,102	-9,041	-8,949	-8,837	0,008	0,249	0,254	0,268	0,226	0,177	0,148	0,137	0,118	0,126	0,142	0,171	0,200	0,213	0,171	0,000	0,000
11,000	-10,192	-10,064	-10,031	-9,875	-9,797	-9,742	-9,710	-9,692	-9,657	-9,646	-9,604	-9,558	-9,489	-9,387	-9,252	0,171	0,185	0,199	0,225	0,209	0,171	0,172	0,162	0,163	0,170	0,191	0,219	0,239	0,250	0,191	0,000	0,000
12,000	-14,378	-14,392	-14,322	-14,265	-14,200	-14,178	-14,173	-14,162	-14,146	-14,154	-14,119	-14,084	-14,026	-13,903	-13,761	0,045	0,110	0,121	0,122	0,113	0,090	0,091	0,091	0,100	0,111	0,155	0,189	0,227	0,262	0,209	0,000	0,000
13,000	-8,442	-8,385	-8,448	-8,431	-8,422	-8,407	-8,391	-8,379	-8,351	-8,320	-8,271	-8,198	-8,083	-7,910	-7,692	0,031	-0,002	-0,009	0,036	0,053	0,080	0,104	0,132	0,157	0,204	0,262	0,320	0,381	0,400	0,321	0,000	0,000
14,000	-12,119	-12,046	-12,095	-12,057	-12,043	-12,013	-11,995	-11,999	-11,984	-11,979	-11,958	-11,925	-11,842	-11,709	-11,520	-0,178	-0,123	-0,062	0,027	0,045	0,055	0,064	0,068	0,082	0,112	0,156	0,211	0,276	0,317	0,262	0,000	0,000
15,000	-7,931	-7,895	-7,745	-7,712	-7,664	-7,659	-7,654	-7,638	-7,627	-7,635	-7,629	-7,619	-7,603	-7,579	-7,566	0,414	0,377	0,250	0,147	0,111	0,087	0,077	0,064	0,051	0,050	0,047	0,045	0,051	0,048	0,033	0,000	0,000
	run	14	2022:11:08    10:50:26,478
0,000	-4,567	-4,142	-3,966	-3,856	-3,810	-3,790	-3,785	-3,774	-3,766	-3,762	-3,753	-3,735	-3,713	-3,670	-3,621	2,859	1,604	1,107	0,524	0,361	0,241	0,196	0,154	0,124	0,107	0,098	0,101	0,101	0,106	0,076	0,000	0,000
1,000	-6,200	-5,269	-4,962	-4,716	-4,608	-4,562	-4,533	-4,502	-4,481	-4,474	-4,460	-4,436	-4,406	-4,348	-4,284	4,692	2,683	1,858	0,927	0,650	0,465	0,371	0,291	0,227	0,190	0,155	0,148	0,150	0,148	0,116	0,000	0,000
2,000	-9,249	-8,474	-8,186	-7,800	-7,633	-7,530	-7,471	-7,426	-7,373	-7,338	-7,282	-7,225	-7,150	-7,038	-6,919	1,765	1,326	1,088	0,709	0,569	0,449	0,396	0,345	0,309	0,282	0,275	0,281	0,278	0,270	0,195	0,000	0,000
3,000	-21,526	-21,662	-21,647	-21,403	-21,221	-21,107	-21,045	-20,989	-20,949	-20,946	-20,915	-20,884	-20,848	-20,765	-20,679	-0,519	-0,116	0,055	0,306	0,331	0,281	0,252	0,219	0,193	0,160	0,150	0,169	0,170	0,175	0,136	0,000	0,000
4,000	-11,279	-11,498	-11,419	-11,437	-11,397	-11,409	-11,404	-11,400	-11,399	-11,389	-11,355	-11,290	-11,162	-10,955	-10,694	-0,600	-0,171	-0,139	-0,022	0,007	0,039	0,057	0,075	0,106	0,162	0,239	0,321	0,411	0,459	0,381	0,000	0,000
5,000	-12,574	-12,495	-12,698	-12,712	-12,732	-12,708	-12,689	-12,696	-12,674	-12,665	-12,616	-12,530	-12,386	-12,134	-11,803	-0,068	-0,240	-0,178	-0,045	0,003	0,021	0,070	0,106	0,147	0,197	0,288	0,399	0,505	0,568	0,467	0,000	0,000
6,000	-8,594	-8,623	-8,520	-8,380	-8,280	-8,215	-8,185	-8,157	-8,117	-8,095	-8,046	-7,981	-7,886	-7,734	-7,550	-0,017	0,150	0,183	0,240	0,230	0,206	0,211	0,199	0,210	0,217	0,257	0,295	0,335	0,354	0,278	0,000	0,000
7,000	-6,846	-6,783	-6,784	-6,716	-6,676	-6,643	-6,623	-6,618	-6,601	-6,602	-6,583	-6,563	-6,535	-6,483	-6,421	0,045	0,052	0,070	0,116	0,098	0,083	0,080	0,073	0,076	0,078	0,082	0,097	0,112	0,117	0,089	0,000	0,000
8,000	-20,051	-20,224	-20,224	-20,313	-20,302	-20,345	-20,375	-20,405	-20,422	-20,474	-20,492	-20,506	-20,504	-20,449	-20,390	-0,226	-0,126	-0,134	-0,106	-0,099	-0,117	-0,120	-0,112	-0,099	-0,085	-0,046	0,002	0,036	0,080	0,069	0,000	0,000
9,000	-9,555	-9,512	-9,467	-9,305	-9,180	-9,068	-9,000	-8,953	-8,899	-8,857	-8,797	-8,738	-8,657	-8,533	-8,392	0,067	0,108	0,187	0,310	0,327	0,307	0,293	0,270	0,262	0,258	0,268	0,291	0,297	0,297	0,220	0,000	0,000
10,000	-9,391	-9,388	-9,255	-9,111	-9,012	-8,973	-8,952	-8,934	-8,913	-8,911	-8,896	-8,859	-8,805	-8,714	-8,604	-0,036	0,192	0,199	0,220	0,194	0,162	0,145	0,127	0,114	0,122	0,138	0,160	0,197	0,207	0,167	0,000	0,000
11,000	-9,891	-9,778	-9,747	-9,601	-9,528	-9,472	-9,439	-9,419	-9,385	-9,363	-9,327	-9,282	-9,211	-9,105	-8,973	0,153	0,164	0,183	0,221	0,208	0,175	0,175	0,162	0,166	0,169	0,192	0,223	0,244	0,248	0,195	0,000	0,000
12,000	-14,140	-14,169	-14,083	-14,054	-13,989	-13,971	-13,963	-13,953	-13,934	-13,951	-13,921	-13,880	-13,825	-13,706	-13,563	0,031	0,099	0,098	0,114	0,100	0,083	0,086	0,084	0,090	0,101	0,144	0,185	0,228	0,257	0,205	0,000	0,000
13,000	-8,527	-8,467	-8,514	-8,498	-8,491	-8,476	-8,462	-8,447	-8,420	-8,387	-8,339	-8,258	-8,150	-7,974	-7,755	0,045	0,003	0,014	0,045	0,066	0,084	0,108	0,133	0,168	0,205	0,260	0,321	0,378	0,407	0,322	0,000	0,000
14,000	-12,239	-12,145	-12,249	-12,170	-12,167	-12,137	-12,123	-12,108	-12,099	-12,092	-12,073	-12,042	-11,967	-11,824	-11,627	-0,114	-0,134	-0,045	0,046	0,048	0,057	0,065	0,070	0,083	0,116	0,151	0,214	0,280	0,323	0,265	0,000	0,000
15,000	-8,017	-7,975	-7,826	-7,795	-7,748	-7,744	-7,738	-7,725	-7,711	-7,715	-7,709	-7,699	-7,687	-7,662	-7,647	0,383	0,361	0,237	0,142	0,100	0,088	0,077	0,064	0,048	0,050	0,047	0,047	0,052	0,044	0,036	0,000	0,000
	run	15	2022:11:08    10:50:26,578
0,000	-4,675	-4,251	-4,059	-3,955	-3,906	-3,888	-3,881	-3,870	-3,861	-3,856	-3,842	-3,820	-3,795	-3,744	-3,688	2,834	1,610	1,110	0,527	0,354	0,249	0,201	0,158	0,130	0,110	0,106	0,109	0,112	0,115	0,084	0,000	0,000
1,000	-6,465	-5,489	-5,177	-4,889	-4,775	-4,722	-4,686	-4,658	-4,634	-4,630	-4,611	-4,594	-4,557	-4,501	-4,439	4,766	2,748	1,929	0,972	0,679	0,483	0,381	0,304	0,236	0,194	0,158	0,149	0,152	0,142	0,116	0,000	0,000
2,000	-9,510	-8,740	-8,447	-8,027	-7,868	-7,750	-7,690	-7,646	-7,590	-7,554	-7,497	-7,430	-7,355	-7,242	-7,117	1,791	1,354	1,114	0,737	0,588	0,465	0,410	0,360	0,322	0,297	0,286	0,290	0,294	0,284	0,209	0,000	0,000
3,000	-21,632	-21,772	-21,756	-21,485	-21,293	-21,161	-21,106	-21,051	-21,005	-20,992	-20,962	-20,930	-20,892	-20,812	-20,715	-0,493	-0,106	0,069	0,339	0,358	0,307	0,269	0,237	0,205	0,171	0,169	0,181	0,181	0,187	0,139	0,000	0,000
4,000	-11,331	-11,533	-11,455	-11,452	-11,424	-11,434	-11,431	-11,426	-11,425	-11,415	-11,380	-11,312	-11,188	-10,982	-10,727	-0,607	-0,170	-0,125	-0,011	0,006	0,045	0,060	0,070	0,103	0,156	0,236	0,321	0,407	0,460	0,383	0,000	0,000
5,000	-12,411	-12,320	-12,513	-12,540	-12,567	-12,540	-12,527	-12,530	-12,495	-12,491	-12,448	-12,353	-12,207	-11,959	-11,628	-0,071	-0,251	-0,175	-0,039	-0,005	0,027	0,065	0,100	0,151	0,198	0,292	0,406	0,509	0,573	0,473	0,000	0,000
6,000	-8,529	-8,550	-8,452	-8,317	-8,216	-8,168	-8,133	-8,100	-8,065	-8,040	-7,978	-7,934	-7,840	-7,684	-7,498	-0,008	0,142	0,186	0,234	0,234	0,206	0,201	0,199	0,206	0,217	0,267	0,299	0,335	0,353	0,275	0,000	0,000
7,000	-6,976	-6,908	-6,901	-6,814	-6,768	-6,740	-6,719	-6,714	-6,699	-6,690	-6,676	-6,656	-6,633	-6,583	-6,527	0,072	0,066	0,092	0,131	0,113	0,084	0,086	0,078	0,070	0,072	0,079	0,098	0,104	0,111	0,084	0,000	0,000
8,000	-19,625	-19,801	-19,820	-19,917	-19,907	-19,949	-19,994	-20,017	-20,044	-20,104	-20,117	-20,129	-20,135	-20,088	-20,037	-0,205	-0,137	-0,139	-0,123	-0,118	-0,131	-0,133	-0,124	-0,110	-0,094	-0,061	-0,013	0,019	0,069	0,060	0,000	0,000
9,000	-9,465	-9,433	-9,380	-9,205	-9,076	-8,962	-8,898	-8,849	-8,791	-8,752	-8,699	-8,632	-8,550	-8,424	-8,281	0,050	0,126	0,199	0,315	0,332	0,310	0,299	0,275	0,261	0,258	0,273	0,290	0,302	0,305	0,229	0,000	0,000
10,000	-9,560	-9,548	-9,413	-9,249	-9,144	-9,100	-9,079	-9,059	-9,039	-9,038	-9,016	-8,989	-8,931	-8,836	-8,725	-0,009	0,206	0,211	0,236	0,207	0,166	0,147	0,132	0,120	0,128	0,142	0,169	0,199	0,212	0,171	0,000	0,000
11,000	-10,008	-9,889	-9,862	-9,716	-9,641	-9,585	-9,556	-9,533	-9,502	-9,485	-9,453	-9,407	-9,344	-9,236	-9,115	0,165	0,171	0,184	0,219	0,205	0,167	0,168	0,156	0,158	0,160	0,185	0,216	0,232	0,242	0,188	0,000	0,000
12,000	-14,499	-14,518	-14,439	-14,396	-14,329	-14,298	-14,296	-14,281	-14,263	-14,270	-14,242	-14,197	-14,138	-14,017	-13,869	0,030	0,113	0,115	0,124	0,116	0,097	0,095	0,095	0,104	0,114	0,152	0,197	0,236	0,272	0,214	0,000	0,000
13,000	-8,210	-8,234	-8,252	-8,264	-8,246	-8,241	-8,223	-8,215	-8,184	-8,163	-8,118	-8,048	-7,937	-7,778	-7,565	-0,008	-0,005	-0,014	0,027	0,046	0,066	0,093	0,120	0,147	0,191	0,246	0,300	0,363	0,381	0,307	0,000	0,000
14,000	-11,719	-11,557	-11,665	-11,600	-11,605	-11,566	-11,552	-11,551	-11,530	-11,535	-11,515	-11,482	-11,400	-11,268	-11,090	-0,064	-0,129	-0,037	0,030	0,047	0,048	0,067	0,068	0,079	0,099	0,153	0,201	0,273	0,310	0,252	0,000	0,000
15,000	-7,849	-7,833	-7,682	-7,651	-7,601	-7,598	-7,588	-7,575	-7,567	-7,569	-7,554	-7,548	-7,529	-7,502	-7,480	0,378	0,365	0,235	0,147	0,110	0,091	0,081	0,067	0,053	0,056	0,050	0,050	0,060	0,060	0,045	0,000	0,000
	run	16	2022:11:08    10:50:26,679
0,000	-4,592	-4,162	-3,982	-3,878	-3,830	-3,814	-3,800	-3,795	-3,782	-3,782	-3,768	-3,750	-3,727	-3,679	-3,635	2,819	1,592	1,101	0,518	0,355	0,249	0,195	0,154	0,125	0,104	0,101	0,103	0,106	0,108	0,074	0,000	0,000
1,000	-6,305	-5,371	-5,054	-4,810	-4,702	-4,652	-4,613	-4,588	-4,562	-4,559	-4,544	-4,522	-4,483	-4,424	-4,355	4,730	2,713	1,882	0,937	0,655	0,473	0,373	0,297	0,235	0,193	0,165	0,155	0,162	0,152	0,120	0,000	0,000
2,000	-9,441	-8,652	-8,340	-7,927	-7,767	-7,654	-7,593	-7,548	-7,494	-7,454	-7,397	-7,337	-7,261	-7,153	-7,023	1,830	1,379	1,144	0,750	0,595	0,466	0,411	0,357	0,321	0,296	0,282	0,283	0,293	0,277	0,205	0,000	0,000
3,000	-21,855	-21,964	-21,950	-21,676	-21,493	-21,368	-21,311	-21,260	-21,214	-21,206	-21,177	-21,149	-21,110	-21,029	-20,943	-0,494	-0,087	0,082	0,333	0,347	0,295	0,261	0,229	0,194	0,162	0,155	0,170	0,173	0,180	0,134	0,000	0,000
4,000	-11,410	-11,625	-11,535	-11,555	-11,517	-11,535	-11,530	-11,524	-11,519	-11,500	-11,468	-11,404	-11,280	-11,072	-10,802	-0,622	-0,179	-0,147	-0,019	0,005	0,043	0,056	0,078	0,107	0,169	0,250	0,325	0,419	0,470	0,390	0,000	0,000
5,000	-12,520	-12,435	-12,633	-12,655	-12,675	-12,653	-12,640	-12,640	-12,621	-12,614	-12,565	-12,479	-12,332	-12,086	-11,758	-0,061	-0,257	-0,169	-0,035	-0,001	0,022	0,067	0,097	0,152	0,202	0,285	0,396	0,505	0,563	0,465	0,000	0,000
6,000	-8,456	-8,455	-8,360	-8,225	-8,125	-8,068	-8,032	-8,002	-7,972	-7,952	-7,891	-7,833	-7,742	-7,591	-7,411	-0,022	0,146	0,174	0,239	0,232	0,202	0,203	0,193	0,202	0,211	0,251	0,291	0,332	0,349	0,273	0,000	0,000
7,000	-6,765	-6,722	-6,719	-6,658	-6,617	-6,595	-6,577	-6,570	-6,551	-6,548	-6,535	-6,512	-6,487	-6,434	-6,372	0,045	0,033	0,069	0,107	0,092	0,077	0,077	0,073	0,074	0,070	0,081	0,098	0,105	0,116	0,088	0,000	0,000
8,000	-20,094	-20,290	-20,306	-20,417	-20,412	-20,459	-20,496	-20,526	-20,548	-20,607	-20,619	-20,639	-20,642	-20,596	-20,535	-0,218	-0,164	-0,171	-0,137	-0,128	-0,139	-0,136	-0,132	-0,113	-0,099	-0,056	-0,011	0,017	0,068	0,067	0,000	0,000
9,000	-9,680	-9,627	-9,571	-9,400	-9,274	-9,155	-9,093	-9,037	-8,977	-8,936	-8,878	-8,816	-8,730	-8,601	-8,454	0,061	0,136	0,203	0,325	0,338	0,317	0,299	0,283	0,273	0,269	0,279	0,294	0,311	0,307	0,231	0,000	0,000
10,000	-9,668	-9,672	-9,508	-9,345	-9,235	-9,191	-9,171	-9,151	-9,131	-9,135	-9,113	-9,085	-9,023	-8,936	-8,821	-0,013	0,215	0,222	0,246	0,208	0,172	0,151	0,136	0,118	0,125	0,138	0,164	0,194	0,214	0,167	0,000	0,000
11,000	-10,121	-9,997	-9,965	-9,813	-9,733	-9,676	-9,638	-9,621	-9,586	-9,572	-9,532	-9,487	-9,421	-9,314	-9,188	0,176	0,174	0,196	0,229	0,213	0,176	0,172	0,165	0,161	0,167	0,189	0,221	0,236	0,248	0,189	0,000	0,000
12,000	-13,910	-13,928	-13,845	-13,804	-13,740	-13,719	-13,710	-13,705	-13,684	-13,686	-13,665	-13,629	-13,574	-13,459	-13,325	0,041	0,110	0,116	0,118	0,109	0,090	0,089	0,088	0,095	0,104	0,140	0,175	0,221	0,247	0,203	0,000	0,000
13,000	-8,259	-8,233	-8,277	-8,283	-8,274	-8,268	-8,247	-8,236	-8,207	-8,180	-8,138	-8,065	-7,953	-7,783	-7,570	0,010	-0,017	-0,022	0,029	0,047	0,070	0,100	0,129	0,153	0,193	0,252	0,307	0,367	0,392	0,314	0,000	0,000
14,000	-11,846	-11,729	-11,807	-11,763	-11,760	-11,726	-11,711	-11,703	-11,700	-11,688	-11,674	-11,637	-11,567	-11,427	-11,251	-0,118	-0,132	-0,051	0,031	0,044	0,049	0,068	0,069	0,083	0,116	0,151	0,204	0,266	0,310	0,258	0,000	0,000
15,000	-7,950	-7,902	-7,757	-7,721	-7,675	-7,670	-7,666	-7,649	-7,641	-7,645	-7,633	-7,626	-7,607	-7,585	-7,572	0,382	0,366	0,243	0,146	0,106	0,094	0,078	0,066	0,048	0,050	0,045	0,049	0,053	0,050	0,038	0,000	0,000
	run	17	2022:11:08    10:50:26,728
0,000	-4,751	-4,308	-4,113	-4,010	-3,966	-3,943	-3,936	-3,920	-3,916	-3,911	-3,896	-3,883	-3,855	-3,805	-3,753	2,882	1,624	1,125	0,532	0,363	0,248	0,200	0,156	0,129	0,112	0,105	0,108	0,113	0,107	0,081	0,000	0,000
1,000	-6,429	-5,479	-5,166	-4,898	-4,784	-4,737	-4,703	-4,672	-4,648	-4,639	-4,624	-4,606	-4,567	-4,511	-4,441	4,741	2,721	1,907	0,955	0,670	0,477	0,381	0,306	0,237	0,196	0,166	0,159	0,159	0,151	0,118	0,000	0,000
2,000	-9,441	-8,652	-8,340	-7,927	-7,767	-7,654	-7,593	-7,548	-7,494	-7,454	-7,397	-7,337	-7,261	-7,153	-7,023	1,830	1,379	1,144	0,750	0,595	0,466	0,411	0,357	0,321	0,296	0,282	0,283	0,293	0,277	0,205	0,000	0,000
3,000	-21,855	-21,964	-21,950	-21,676	-21,493	-21,368	-21,311	-21,260	-21,214	-21,206	-21,177	-21,149	-21,110	-21,029	-20,943	-0,494	-0,087	0,082	0,333	0,347	0,295	0,261	0,229	0,194	0,162	0,155	0,170	0,173	0,180	0,134	0,000	0,000
4,000	-11,410	-11,625	-11,535	-11,555	-11,517	-11,535	-11,530	-11,524	-11,519	-11,500	-11,468	-11,404	-11,280	-11,072	-10,802	-0,622	-0,179	-0,147	-0,019	0,005	0,043	0,056	0,078	0,107	0,169	0,250	0,325	0,419	0,470	0,390	0,000	0,000
5,000	-12,520	-12,435	-12,633	-12,655	-12,675	-12,653	-12,640	-12,640	-12,621	-12,614	-12,565	-12,479	-12,332	-12,086	-11,758	-0,061	-0,257	-0,169	-0,035	-0,001	0,022	0,067	0,097	0,152	0,202	0,285	0,396	0,505	0,563	0,465	0,000	0,000
6,000	-8,456	-8,455	-8,360	-8,225	-8,125	-8,068	-8,032	-8,002	-7,972	-7,952	-7,891	-7,833	-7,742	-7,591	-7,411	-0,022	0,146	0,174	0,239	0,232	0,202	0,203	0,193	0,202	0,211	0,251	0,291	0,332	0,349	0,273	0,000	0,000
7,000	-6,765	-6,722	-6,719	-6,658	-6,617	-6,595	-6,577	-6,570	-6,551	-6,548	-6,535	-6,512	-6,487	-6,434	-6,372	0,045	0,033	0,069	0,107	0,092	0,077	0,077	0,073	0,074	0,070	0,081	0,098	0,105	0,116	0,088	0,000	0,000
8,000	-19,926	-20,060	-20,060	-20,132	-20,123	-20,166	-20,198	-20,218	-20,248	-20,299	-20,308	-20,319	-20,322	-20,264	-20,208	-0,200	-0,112	-0,123	-0,091	-0,092	-0,112	-0,109	-0,107	-0,089	-0,082	-0,035	0,005	0,037	0,081	0,075	0,000	0,000
9,000	-9,591	-9,553	-9,517	-9,359	-9,232	-9,122	-9,055	-9,008	-8,946	-8,908	-8,853	-8,790	-8,710	-8,583	-8,447	0,056	0,119	0,179	0,312	0,327	0,300	0,294	0,270	0,265	0,259	0,264	0,285	0,293	0,293	0,220	0,000	0,000
10,000	-9,469	-9,468	-9,320	-9,175	-9,077	-9,039	-9,013	-8,992	-8,973	-8,972	-8,952	-8,924	-8,867	-8,772	-8,669	-0,019	0,203	0,192	0,231	0,196	0,168	0,143	0,129	0,115	0,126	0,139	0,165	0,197	0,207	0,168	0,000	0,000
11,000	-9,863	-9,742	-9,715	-9,571	-9,495	-9,434	-9,406	-9,383	-9,350	-9,332	-9,298	-9,250	-9,184	-9,076	-8,951	0,151	0,170	0,184	0,218	0,207	0,178	0,168	0,157	0,161	0,168	0,191	0,218	0,241	0,250	0,189	0,000	0,000
12,000	-14,226	-14,260	-14,179	-14,140	-14,079	-14,060	-14,049	-14,038	-14,021	-14,033	-13,998	-13,962	-13,903	-13,783	-13,637	0,033	0,110	0,099	0,110	0,102	0,088	0,086	0,091	0,093	0,106	0,152	0,184	0,226	0,260	0,205	0,000	0,000
13,000	-8,485	-8,436	-8,481	-8,469	-8,459	-8,441	-8,430	-8,413	-8,392	-8,358	-8,302	-8,233	-8,114	-7,948	-7,723	0,037	0,013	0,010	0,044	0,059	0,081	0,112	0,130	0,165	0,209	0,266	0,321	0,376	0,401	0,321	0,000	0,000
14,000	-12,322	-12,230	-12,308	-12,257	-12,250	-12,223	-12,201	-12,193	-12,172	-12,183	-12,154	-12,119	-12,041	-11,892	-11,706	-0,129	-0,125	-0,046	0,046	0,053	0,058	0,070	0,077	0,097	0,118	0,166	0,210	0,283	0,331	0,274	0,000	0,000
15,000	-8,168	-8,131	-7,982	-7,941	-7,896	-7,891	-7,886	-7,870	-7,858	-7,862	-7,852	-7,847	-7,828	-7,803	-7,785	0,399	0,369	0,244	0,151	0,113	0,094	0,079	0,065	0,056	0,057	0,047	0,047	0,052	0,052	0,037	0,000	0,000
	run	18	2022:11:08    10:50:26,826
0,000	-4,733	-4,292	-4,108	-3,996	-3,953	-3,930	-3,921	-3,907	-3,896	-3,896	-3,883	-3,861	-3,834	-3,786	-3,734	2,868	1,627	1,131	0,538	0,362	0,251	0,198	0,166	0,128	0,114	0,108	0,113	0,115	0,115	0,082	0,000	0,000
1,000	-6,537	-5,562	-5,235	-4,946	-4,834	-4,772	-4,741	-4,710	-4,687	-4,682	-4,666	-4,647	-4,607	-4,546	-4,479	4,785	2,768	1,949	0,980	0,685	0,486	0,388	0,310	0,240	0,202	0,169	0,160	0,161	0,154	0,116	0,000	0,000
2,000	-9,601	-8,819	-8,511	-8,096	-7,929	-7,813	-7,756	-7,710	-7,650	-7,614	-7,558	-7,498	-7,420	-7,309	-7,180	1,791	1,375	1,132	0,750	0,595	0,468	0,414	0,359	0,321	0,293	0,285	0,290	0,290	0,281	0,206	0,000	0,000
3,000	-21,685	-21,832	-21,827	-21,550	-21,349	-21,227	-21,170	-21,117	-21,067	-21,065	-21,029	-20,999	-20,963	-20,886	-20,795	-0,530	-0,110	0,074	0,341	0,358	0,301	0,275	0,231	0,205	0,168	0,163	0,173	0,175	0,183	0,132	0,000	0,000
4,000	-11,313	-11,518	-11,412	-11,434	-11,408	-11,400	-11,414	-11,404	-11,408	-11,392	-11,351	-11,291	-11,167	-10,972	-10,704	-0,595	-0,165	-0,138	-0,026	0,003	0,036	0,054	0,072	0,099	0,162	0,247	0,318	0,411	0,460	0,382	0,000	0,000
5,000	-12,469	-12,394	-12,589	-12,626	-12,644	-12,620	-12,602	-12,606	-12,578	-12,571	-12,526	-12,439	-12,289	-12,040	-11,704	-0,086	-0,268	-0,175	-0,047	0,000	0,021	0,064	0,105	0,150	0,204	0,297	0,400	0,514	0,577	0,470	0,000	0,000
6,000	-8,524	-8,532	-8,446	-8,309	-8,207	-8,154	-8,116	-8,089	-8,051	-8,035	-7,981	-7,918	-7,835	-7,678	-7,496	-0,011	0,142	0,175	0,229	0,228	0,207	0,204	0,196	0,205	0,212	0,252	0,291	0,325	0,347	0,271	0,000	0,000
7,000	-6,882	-6,832	-6,824	-6,743	-6,697	-6,668	-6,656	-6,643	-6,627	-6,624	-6,612	-6,588	-6,568	-6,518	-6,461	0,065	0,055	0,086	0,121	0,107	0,079	0,077	0,074	0,075	0,072	0,075	0,097	0,108	0,110	0,080	0,000	0,000
8,000	-19,290	-19,497	-19,479	-19,590	-19,564	-19,616	-19,653	-19,679	-19,707	-19,760	-19,778	-19,795	-19,793	-19,753	-19,700	-0,234	-0,135	-0,140	-0,103	-0,110	-0,125	-0,123	-0,121	-0,110	-0,099	-0,061	-0,018	0,012	0,060	0,056	0,000	0,000
9,000	-9,284	-9,263	-9,208	-9,064	-8,940	-8,825	-8,763	-8,715	-8,659	-8,618	-8,566	-8,500	-8,423	-8,301	-8,160	0,066	0,099	0,176	0,289	0,314	0,299	0,290	0,265	0,255	0,251	0,258	0,283	0,295	0,298	0,226	0,000	0,000
10,000	-9,415	-9,409	-9,269	-9,122	-9,018	-8,980	-8,961	-8,935	-8,917	-8,922	-8,897	-8,870	-8,813	-8,718	-8,609	-0,023	0,198	0,201	0,230	0,192	0,165	0,141	0,125	0,119	0,125	0,134	0,164	0,193	0,209	0,167	0,000	0,000
11,000	-9,953	-9,832	-9,799	-9,665	-9,588	-9,531	-9,502	-9,482	-9,452	-9,433	-9,401	-9,355	-9,290	-9,188	-9,061	0,153	0,170	0,183	0,216	0,197	0,167	0,163	0,154	0,158	0,157	0,185	0,208	0,232	0,235	0,183	0,000	0,000
12,000	-14,517	-14,540	-14,455	-14,400	-14,336	-14,315	-14,308	-14,292	-14,280	-14,278	-14,259	-14,211	-14,150	-14,027	-13,881	0,046	0,112	0,123	0,124	0,112	0,094	0,103	0,094	0,102	0,109	0,156	0,193	0,243	0,266	0,213	0,000	0,000
13,000	-8,353	-8,369	-8,396	-8,398	-8,385	-8,381	-8,359	-8,348	-8,318	-8,300	-8,245	-8,172	-8,062	-7,895	-7,679	-0,018	-0,012	-0,017	0,026	0,047	0,077	0,099	0,128	0,159	0,196	0,257	0,312	0,365	0,394	0,315	0,000	0,000
14,000	-12,145	-12,002	-12,125	-12,056	-12,055	-12,028	-12,002	-12,002	-11,990	-11,977	-11,974	-11,926	-11,856	-11,715	-11,521	-0,092	-0,131	-0,043	0,038	0,039	0,053	0,068	0,065	0,085	0,109	0,163	0,213	0,274	0,316	0,261	0,000	0,000
15,000	-8,030	-8,003	-7,853	-7,822	-7,764	-7,758	-7,752	-7,735	-7,726	-7,727	-7,720	-7,713	-7,689	-7,665	-7,646	0,396	0,380	0,247	0,146	0,117	0,095	0,089	0,068	0,056	0,057	0,053	0,051	0,057	0,056	0,041	0,000	0,000
	run	19	2022:11:08    10:50:26,878
0,000	-4,733	-4,292	-4,108	-3,996	-3,953	-3,930	-3,921	-3,907	-3,896	-3,896	-3,883	-3,861	-3,834	-3,786	-3,734	2,868	1,627	1,131	0,538	0,362	0,251	0,198	0,166	0,128	0,114	0,108	0,113	0,115	0,115	0,082	0,000	0,000
1,000	-6,537	-5,562	-5,235	-4,946	-4,834	-4,772	-4,741	-4,710	-4,687	-4,682	-4,666	-4,647	-4,607	-4,546	-4,479	4,785	2,768	1,949	0,980	0,685	0,486	0,388	0,310	0,240	0,202	0,169	0,160	0,161	0,154	0,116	0,000	0,000
2,000	-9,601	-8,819	-8,511	-8,096	-7,929	-7,813	-7,756	-7,710	-7,650	-7,614	-7,558	-7,498	-7,420	-7,309	-7,180	1,791	1,375	1,132	0,750	0,595	0,468	0,414	0,359	0,321	0,293	0,285	0,290	0,290	0,281	0,206	0,000	0,000
3,000	-21,685	-21,832	-21,827	-21,550	-21,349	-21,227	-21,170	-21,117	-21,067	-21,065	-21,029	-20,999	-20,963	-20,886	-20,795	-0,530	-0,110	0,074	0,341	0,358	0,301	0,275	0,231	0,205	0,168	0,163	0,173	0,175	0,183	0,132	0,000	0,000
4,000	-11,313	-11,518	-11,412	-11,434	-11,408	-11,400	-11,414	-11,404	-11,408	-11,392	-11,351	-11,291	-11,167	-10,972	-10,704	-0,595	-0,165	-0,138	-0,026	0,003	0,036	0,054	0,072	0,099	0,162	0,247	0,318	0,411	0,460	0,382	0,000	0,000
5,000	-12,469	-12,394	-12,589	-12,626	-12,644	-12,620	-12,602	-12,606	-12,578	-12,571	-12,526	-12,439	-12,289	-12,040	-11,704	-0,086	-0,268	-0,175	-0,047	0,000	0,021	0,064	0,105	0,150	0,204	0,297	0,400	0,514	0,577	0,470	0,000	0,000
6,000	-8,553	-8,551	-8,438	-8,301	-8,201	-8,140	-8,109	-8,086	-8,046	-8,029	-7,968	-7,911	-7,814	-7,654	-7,474	-0,003	0,157	0,183	0,240	0,233	0,204	0,202	0,200	0,207	0,220	0,254	0,295	0,335	0,354	0,279	0,000	0,000
7,000	-6,756	-6,711	-6,701	-6,620	-6,577	-6,556	-6,539	-6,520	-6,512	-6,511	-6,500	-6,482	-6,456	-6,411	-6,357	0,055	0,059	0,073	0,119	0,102	0,079	0,075	0,071	0,067	0,065	0,078	0,082	0,095	0,097	0,080	0,000	0,000
8,000	-19,501	-19,666	-19,675	-19,756	-19,734	-19,784	-19,822	-19,844	-19,868	-19,924	-19,935	-19,955	-19,959	-19,907	-19,850	-0,194	-0,133	-0,119	-0,101	-0,103	-0,121	-0,122	-0,118	-0,103	-0,092	-0,046	-0,008	0,022	0,067	0,063	0,000	0,000
9,000	-9,345	-9,353	-9,318	-9,189	-9,067	-8,965	-8,906	-8,858	-8,800	-8,759	-8,706	-8,644	-8,560	-8,442	-8,303	0,009	0,082	0,153	0,269	0,302	0,284	0,279	0,263	0,252	0,245	0,262	0,281	0,288	0,290	0,217	0,000	0,000
10,000	-9,383	-9,375	-9,241	-9,089	-8,994	-8,945	-8,925	-8,911	-8,886	-8,893	-8,869	-8,843	-8,780	-8,689	-8,584	-0,043	0,190	0,188	0,222	0,191	0,163	0,141	0,129	0,115	0,117	0,133	0,161	0,192	0,204	0,165	0,000	0,000
11,000	-10,049	-9,937	-9,903	-9,762	-9,688	-9,629	-9,598	-9,576	-9,545	-9,529	-9,493	-9,444	-9,383	-9,271	-9,147	0,159	0,173	0,182	0,216	0,208	0,169	0,171	0,163	0,162	0,165	0,190	0,211	0,238	0,247	0,187	0,000	0,000
12,000	-14,092	-14,107	-14,028	-13,986	-13,923	-13,903	-13,896	-13,883	-13,869	-13,874	-13,845	-13,805	-13,756	-13,634	-13,498	0,035	0,109	0,104	0,111	0,106	0,085	0,086	0,090	0,095	0,103	0,135	0,187	0,224	0,257	0,203	0,000	0,000
13,000	-8,571	-8,499	-8,569	-8,550	-8,543	-8,521	-8,503	-8,490	-8,455	-8,430	-8,382	-8,304	-8,185	-8,013	-7,790	0,052	0,006	-0,002	0,040	0,058	0,078	0,102	0,132	0,165	0,207	0,267	0,325	0,384	0,410	0,325	0,000	0,000
14,000	-12,210	-12,134	-12,191	-12,154	-12,134	-12,115	-12,094	-12,091	-12,078	-12,070	-12,053	-12,020	-11,941	-11,796	-11,607	-0,163	-0,122	-0,046	0,027	0,041	0,058	0,070	0,075	0,087	0,116	0,162	0,210	0,280	0,315	0,271	0,000	0,000
15,000	-8,158	-8,126	-7,971	-7,943	-7,890	-7,885	-7,879	-7,863	-7,850	-7,855	-7,847	-7,836	-7,818	-7,796	-7,777	0,412	0,374	0,248	0,153	0,113	0,093	0,081	0,064	0,054	0,056	0,053	0,049	0,053	0,051	0,042	0,000	0,000
	run	20	2022:11:08    10:50:26,979
0,000	-4,716	-4,271	-4,079	-3,964	-3,919	-3,901	-3,894	-3,887	-3,870	-3,868	-3,855	-3,842	-3,813	-3,769	-3,717	2,886	1,617	1,125	0,543	0,362	0,249	0,200	0,156	0,130	0,113	0,106	0,108	0,113	0,110	0,082	0,000	0,000
1,000	-6,376	-5,440	-5,122	-4,863	-4,752	-4,699	-4,670	-4,635	-4,616	-4,607	-4,590	-4,573	-4,533	-4,476	-4,412	4,744	2,705	1,897	0,952	0,666	0,475	0,376	0,298	0,235	0,192	0,163	0,151	0,159	0,153	0,115	0,000	0,000
2,000	-9,340	-8,566	-8,281	-7,866	-7,703	-7,598	-7,532	-7,488	-7,440	-7,402	-7,343	-7,284	-7,205	-7,096	-6,972	1,791	1,344	1,102	0,737	0,581	0,458	0,405	0,355	0,318	0,288	0,282	0,287	0,286	0,275	0,201	0,000	0,000
3,000	-21,516	-21,671	-21,655	-21,401	-21,215	-21,095	-21,030	-20,974	-20,928	-20,924	-20,889	-20,857	-20,818	-20,731	-20,645	-0,525	-0,113	0,058	0,327	0,349	0,295	0,267	0,232	0,204	0,172	0,163	0,175	0,183	0,188	0,145	0,000	0,000
4,000	-11,233	-11,444	-11,359	-11,366	-11,327	-11,344	-11,338	-11,331	-11,332	-11,317	-11,280	-11,218	-11,095	-10,901	-10,634	-0,588	-0,170	-0,132	-0,009	0,008	0,045	0,057	0,074	0,099	0,161	0,242	0,315	0,408	0,457	0,380	0,000	0,000
5,000	-12,367	-12,277	-12,466	-12,483	-12,513	-12,486	-12,463	-12,475	-12,440	-12,443	-12,396	-12,310	-12,172	-11,925	-11,606	-0,055	-0,231	-0,171	-0,043	-0,006	0,021	0,064	0,102	0,142	0,201	0,284	0,387	0,497	0,553	0,446	0,000	0,000
6,000	-8,416	-8,433	-8,338	-8,206	-8,108	-8,054	-8,020	-7,990	-7,949	-7,934	-7,878	-7,816	-7,732	-7,582	-7,405	-0,009	0,133	0,171	0,226	0,223	0,200	0,200	0,191	0,199	0,210	0,250	0,283	0,321	0,340	0,262	0,000	0,000
7,000	-6,743	-6,704	-6,697	-6,642	-6,606	-6,581	-6,563	-6,562	-6,539	-6,539	-6,522	-6,506	-6,481	-6,426	-6,363	0,040	0,037	0,057	0,087	0,078	0,071	0,074	0,066	0,073	0,069	0,077	0,095	0,102	0,112	0,086	0,000	0,000
8,000	-19,550	-19,718	-19,712	-19,787	-19,763	-19,810	-19,845	-19,861	-19,887	-19,935	-19,951	-19,959	-19,954	-19,911	-19,842	-0,205	-0,109	-0,107	-0,089	-0,081	-0,102	-0,110	-0,109	-0,089	-0,080	-0,030	0,002	0,033	0,081	0,069	0,000	0,000
9,000	-9,472	-9,461	-9,412	-9,264	-9,146	-9,036	-8,976	-8,919	-8,869	-8,826	-8,769	-8,707	-8,626	-8,504	-8,361	0,050	0,105	0,168	0,292	0,315	0,295	0,285	0,271	0,262	0,249	0,265	0,285	0,292	0,297	0,223	0,000	0,000
10,000	-9,628	-9,625	-9,478	-9,314	-9,204	-9,161	-9,141	-9,117	-9,098	-9,097	-9,081	-9,051	-8,990	-8,900	-8,786	-0,009	0,208	0,216	0,245	0,207	0,173	0,147	0,130	0,123	0,125	0,144	0,165	0,201	0,211	0,174	0,000	0,000
11,000	-10,046	-9,934	-9,894	-9,751	-9,674	-9,616	-9,586	-9,565	-9,536	-9,518	-9,480	-9,438	-9,370	-9,265	-9,140	0,160	0,180	0,195	0,223	0,209	0,177	0,175	0,161	0,162	0,165	0,187	0,210	0,236	0,246	0,190	0,000	0,000
12,000	-14,387	-14,408	-14,329	-14,289	-14,228	-14,204	-14,197	-14,182	-14,162	-14,176	-14,142	-14,102	-14,041	-13,924	-13,771	0,039	0,112	0,106	0,114	0,106	0,093	0,092	0,094	0,102	0,115	0,148	0,191	0,240	0,268	0,214	0,000	0,000
13,000	-8,332	-8,308	-8,319	-8,323	-8,311	-8,298	-8,283	-8,272	-8,241	-8,214	-8,159	-8,090	-7,976	-7,806	-7,597	0,014	0,004	-0,002	0,036	0,055	0,080	0,107	0,132	0,163	0,201	0,256	0,311	0,367	0,394	0,312	0,000	0,000
14,000	-12,180	-11,984	-12,140	-12,051	-12,043	-12,022	-12,001	-11,998	-11,989	-11,981	-11,965	-11,920	-11,843	-11,710	-11,512	-0,028	-0,137	-0,035	0,043	0,054	0,051	0,068	0,078	0,090	0,119	0,164	0,212	0,279	0,328	0,270	0,000	0,000
15,000	-8,061	-8,021	-7,876	-7,840	-7,794	-7,783	-7,777	-7,760	-7,753	-7,754	-7,745	-7,734	-7,721	-7,696	-7,678	0,379	0,366	0,242	0,143	0,116	0,092	0,081	0,065	0,055	0,052	0,044	0,043	0,055	0,052	0,038	0,000	0,000
	run	21	2022:11:08    10:50:27,078
0,000	-4,616	-4,192	-4,008	-3,904	-3,856	-3,839	-3,829	-3,813	-3,809	-3,809	-3,794	-3,775	-3,753	-3,707	-3,650	2,829	1,604	1,107	0,518	0,354	0,244	0,199	0,157	0,129	0,108	0,103	0,104	0,109	0,107	0,082	0,000	0,000
1,000	-6,359	-5,420	-5,100	-4,844	-4,729	-4,675	-4,640	-4,615	-4,593	-4,583	-4,566	-4,550	-4,515	-4,455	-4,391	4,747	2,717	1,896	0,955	0,665	0,475	0,378	0,305	0,237	0,193	0,167	0,157	0,158	0,152	0,115	0,000	0,000
2,000	-9,534	-8,749	-8,451	-8,023	-7,862	-7,749	-7,682	-7,636	-7,584	-7,547	-7,489	-7,427	-7,352	-7,238	-7,112	1,805	1,370	1,135	0,756	0,594	0,469	0,412	0,357	0,324	0,291	0,290	0,290	0,293	0,280	0,204	0,000	0,000
3,000	-21,839	-21,976	-21,958	-21,675	-21,481	-21,359	-21,298	-21,241	-21,201	-21,181	-21,159	-21,124	-21,093	-21,009	-20,917	-0,474	-0,085	0,091	0,341	0,356	0,305	0,268	0,234	0,201	0,169	0,162	0,176	0,179	0,181	0,132	0,000	0,000
4,000	-11,375	-11,576	-11,504	-11,505	-11,468	-11,495	-11,488	-11,482	-11,477	-11,466	-11,434	-11,367	-11,237	-11,031	-10,760	-0,608	-0,167	-0,145	-0,020	0,003	0,040	0,057	0,078	0,101	0,165	0,246	0,333	0,419	0,471	0,396	0,000	0,000
5,000	-12,561	-12,485	-12,687	-12,712	-12,734	-12,710	-12,694	-12,695	-12,667	-12,658	-12,616	-12,529	-12,373	-12,123	-11,783	-0,077	-0,264	-0,182	-0,045	-0,001	0,023	0,072	0,104	0,151	0,209	0,303	0,409	0,519	0,582	0,475	0,000	0,000
6,000	-8,633	-8,647	-8,536	-8,405	-8,306	-8,242	-8,216	-8,184	-8,145	-8,129	-8,067	-8,002	-7,911	-7,748	-7,563	-0,014	0,160	0,190	0,242	0,236	0,203	0,205	0,197	0,207	0,224	0,262	0,294	0,341	0,368	0,288	0,000	0,000
7,000	-6,972	-6,921	-6,902	-6,818	-6,765	-6,732	-6,716	-6,707	-6,689	-6,689	-6,678	-6,652	-6,630	-6,573	-6,516	0,071	0,066	0,098	0,136	0,115	0,096	0,086	0,081	0,077	0,076	0,080	0,097	0,108	0,114	0,086	0,000	0,000
8,000	-19,809	-20,005	-20,021	-20,140	-20,129	-20,188	-20,227	-20,251	-20,279	-20,334	-20,353	-20,370	-20,376	-20,330	-20,275	-0,235	-0,177	-0,183	-0,138	-0,130	-0,147	-0,134	-0,132	-0,115	-0,101	-0,063	-0,021	0,017	0,053	0,061	0,000	0,000
9,000	-9,514	-9,484	-9,427	-9,242	-9,114	-8,998	-8,936	-8,889	-8,831	-8,786	-8,728	-8,664	-8,584	-8,454	-8,309	0,085	0,141	0,217	0,324	0,338	0,316	0,307	0,277	0,268	0,259	0,274	0,295	0,305	0,308	0,230	0,000	0,000
10,000	-9,519	-9,519	-9,370	-9,223	-9,110	-9,072	-9,050	-9,031	-9,012	-9,012	-8,995	-8,966	-8,904	-8,814	-8,703	-0,013	0,206	0,214	0,238	0,206	0,166	0,145	0,128	0,116	0,120	0,134	0,159	0,193	0,209	0,168	0,000	0,000
11,000	-9,965	-9,850	-9,821	-9,677	-9,597	-9,548	-9,515	-9,490	-9,456	-9,443	-9,402	-9,359	-9,295	-9,193	-9,069	0,158	0,172	0,184	0,217	0,203	0,167	0,169	0,156	0,162	0,165	0,181	0,211	0,234	0,243	0,189	0,000	0,000
12,000	-14,222	-14,244	-14,152	-14,101	-14,038	-14,016	-14,004	-13,995	-13,977	-13,980	-13,956	-13,912	-13,861	-13,733	-13,598	0,045	0,127	0,127	0,125	0,111	0,095	0,095	0,095	0,097	0,110	0,150	0,188	0,228	0,257	0,206	0,000	0,000
13,000	-8,303	-8,314	-8,348	-8,354	-8,335	-8,335	-8,317	-8,302	-8,272	-8,252	-8,203	-8,134	-8,021	-7,851	-7,645	-0,005	-0,015	-0,023	0,025	0,048	0,071	0,096	0,131	0,156	0,191	0,248	0,307	0,363	0,392	0,313	0,000	0,000
14,000	-11,858	-11,748	-11,833	-11,787	-11,779	-11,745	-11,727	-11,729	-11,715	-11,710	-11,679	-11,647	-11,584	-11,454	-11,265	-0,070	-0,122	-0,054	0,031	0,044	0,040	0,067	0,067	0,084	0,096	0,156	0,209	0,267	0,307	0,260	0,000	0,000
15,000	-7,903	-7,882	-7,734	-7,703	-7,654	-7,653	-7,645	-7,627	-7,616	-7,622	-7,613	-7,606	-7,588	-7,563	-7,540	0,382	0,365	0,241	0,145	0,110	0,093	0,076	0,064	0,059	0,049	0,048	0,055	0,055	0,052	0,041	0,000	0,000
	run	22	2022:11:08    10:50:27,125
0,000	-4,649	-4,226	-4,032	-3,936	-3,885	-3,864	-3,854	-3,846	-3,835	-3,834	-3,816	-3,802	-3,775	-3,728	-3,675	2,821	1,598	1,106	0,521	0,357	0,250	0,192	0,156	0,126	0,111	0,108	0,106	0,109	0,114	0,083	0,000	0,000
1,000	-6,348	-5,433	-5,102	-4,850	-4,737	-4,685	-4,652	-4,627	-4,601	-4,593	-4,573	-4,555	-4,521	-4,463	-4,396	4,720	2,715	1,903	0,949	0,668	0,476	0,379	0,302	0,239	0,192	0,160	0,150	0,157	0,156	0,115	0,000	0,000
2,000	-9,534	-8,749	-8,451	-8,023	-7,862	-7,749	-7,682	-7,636	-7,584	-7,547	-7,489	-7,427	-7,352	-7,238	-7,112	1,805	1,370	1,135	0,756	0,594	0,469	0,412	0,357	0,324	0,291	0,290	0,290	0,293	0,280	0,204	0,000	0,000
3,000	-21,839	-21,976	-21,958	-21,675	-21,481	-21,359	-21,298	-21,241	-21,201	-21,181	-21,159	-21,124	-21,093	-21,009	-20,917	-0,474	-0,085	0,091	0,341	0,356	0,305	0,268	0,234	0,201	0,169	0,162	0,176	0,179	0,181	0,132	0,000	0,000
4,000	-11,375	-11,576	-11,504	-11,505	-11,468	-11,495	-11,488	-11,482	-11,477	-11,466	-11,434	-11,367	-11,237	-11,031	-10,760	-0,608	-0,167	-0,145	-0,020	0,003	0,040	0,057	0,078	0,101	0,165	0,246	0,333	0,419	0,471	0,396	0,000	0,000
5,000	-12,561	-12,485	-12,687	-12,712	-12,734	-12,710	-12,694	-12,695	-12,667	-12,658	-12,616	-12,529	-12,373	-12,123	-11,783	-0,077	-0,264	-0,182	-0,045	-0,001	0,023	0,072	0,104	0,151	0,209	0,303	0,409	0,519	0,582	0,475	0,000	0,000
6,000	-8,633	-8,647	-8,536	-8,405	-8,306	-8,242	-8,216	-8,184	-8,145	-8,129	-8,067	-8,002	-7,911	-7,748	-7,563	-0,014	0,160	0,190	0,242	0,236	0,203	0,205	0,197	0,207	0,224	0,262	0,294	0,341	0,368	0,288	0,000	0,000
7,000	-6,972	-6,921	-6,902	-6,818	-6,765	-6,732	-6,716	-6,707	-6,689	-6,689	-6,678	-6,652	-6,630	-6,573	-6,516	0,071	0,066	0,098	0,136	0,115	0,096	0,086	0,081	0,077	0,076	0,080	0,097	0,108	0,114	0,086	0,000	0,000
8,000	-20,288	-20,466	-20,483	-20,589	-20,583	-20,625	-20,663	-20,687	-20,711	-20,767	-20,781	-20,800	-20,797	-20,753	-20,690	-0,206	-0,137	-0,154	-0,123	-0,115	-0,131	-0,123	-0,121	-0,106	-0,101	-0,052	-0,013	0,029	0,075	0,066	0,000	0,000
9,000	-9,693	-9,681	-9,620	-9,448	-9,316	-9,198	-9,133	-9,083	-9,028	-8,987	-8,926	-8,859	-8,776	-8,658	-8,509	0,059	0,139	0,205	0,323	0,341	0,315	0,304	0,280	0,274	0,263	0,276	0,291	0,302	0,305	0,226	0,000	0,000
10,000	-9,471	-9,469	-9,335	-9,178	-9,086	-9,039	-9,014	-8,996	-8,977	-8,977	-8,954	-8,924	-8,868	-8,777	-8,663	-0,024	0,199	0,198	0,224	0,195	0,170	0,144	0,132	0,119	0,122	0,139	0,165	0,197	0,207	0,166	0,000	0,000
11,000	-9,947	-9,830	-9,789	-9,650	-9,561	-9,503	-9,474	-9,450	-9,418	-9,407	-9,362	-9,316	-9,252	-9,138	-9,012	0,156	0,171	0,194	0,226	0,217	0,184	0,176	0,169	0,167	0,167	0,195	0,217	0,242	0,250	0,192	0,000	0,000
12,000	-14,025	-14,051	-13,968	-13,927	-13,872	-13,853	-13,845	-13,837	-13,820	-13,831	-13,805	-13,768	-13,708	-13,586	-13,450	0,019	0,101	0,094	0,111	0,099	0,083	0,089	0,089	0,092	0,104	0,142	0,184	0,222	0,256	0,203	0,000	0,000
13,000	-8,392	-8,378	-8,410	-8,411	-8,391	-8,389	-8,372	-8,358	-8,330	-8,306	-8,255	-8,177	-8,065	-7,890	-7,680	0,005	-0,002	-0,013	0,040	0,047	0,077	0,105	0,131	0,154	0,195	0,261	0,315	0,376	0,399	0,318	0,000	0,000
14,000	-12,050	-11,941	-12,019	-11,963	-11,945	-11,916	-11,898	-11,904	-11,884	-11,882	-11,861	-11,828	-11,747	-11,623	-11,427	-0,119	-0,122	-0,047	0,031	0,051	0,060	0,060	0,068	0,098	0,106	0,153	0,209	0,272	0,308	0,259	0,000	0,000
15,000	-7,943	-7,909	-7,763	-7,733	-7,683	-7,681	-7,672	-7,658	-7,651	-7,654	-7,647	-7,636	-7,617	-7,597	-7,572	0,398	0,369	0,244	0,143	0,109	0,092	0,076	0,064	0,051	0,056	0,051	0,046	0,054	0,050	0,037	0,000	0,000
	run	23	2022:11:08    10:50:27,227
0,000	-4,656	-4,220	-4,032	-3,924	-3,878	-3,858	-3,850	-3,845	-3,835	-3,828	-3,816	-3,799	-3,774	-3,731	-3,676	2,853	1,606	1,114	0,532	0,359	0,248	0,196	0,158	0,129	0,108	0,103	0,105	0,111	0,110	0,080	0,000	0,000
1,000	-6,339	-5,406	-5,091	-4,826	-4,726	-4,671	-4,638	-4,611	-4,585	-4,581	-4,563	-4,543	-4,509	-4,450	-4,381	4,726	2,703	1,888	0,949	0,657	0,471	0,376	0,298	0,232	0,192	0,161	0,154	0,151	0,148	0,116	0,000	0,000
2,000	-9,348	-8,583	-8,290	-7,883	-7,719	-7,609	-7,545	-7,500	-7,448	-7,412	-7,354	-7,297	-7,218	-7,115	-6,991	1,794	1,349	1,106	0,739	0,579	0,461	0,405	0,350	0,316	0,287	0,286	0,282	0,283	0,275	0,199	0,000	0,000
3,000	-21,473	-21,624	-21,632	-21,374	-21,182	-21,063	-21,003	-20,945	-20,901	-20,890	-20,861	-20,830	-20,790	-20,709	-20,619	-0,522	-0,139	0,045	0,314	0,347	0,293	0,266	0,228	0,203	0,162	0,157	0,172	0,177	0,185	0,140	0,000	0,000
4,000	-11,323	-11,508	-11,435	-11,443	-11,417	-11,429	-11,428	-11,419	-11,421	-11,404	-11,369	-11,303	-11,184	-10,982	-10,718	-0,605	-0,176	-0,141	-0,021	-0,002	0,035	0,046	0,068	0,101	0,162	0,240	0,322	0,409	0,456	0,379	0,000	0,000
5,000	-12,618	-12,550	-12,746	-12,774	-12,794	-12,768	-12,750	-12,759	-12,732	-12,723	-12,675	-12,581	-12,438	-12,185	-11,847	-0,087	-0,269	-0,182	-0,039	-0,001	0,028	0,066	0,105	0,148	0,211	0,296	0,416	0,519	0,583	0,476	0,000	0,000
6,000	-8,525	-8,534	-8,443	-8,311	-8,208	-8,154	-8,124	-8,090	-8,058	-8,037	-7,974	-7,918	-7,828	-7,674	-7,494	-0,010	0,134	0,166	0,229	0,226	0,203	0,208	0,199	0,205	0,221	0,250	0,286	0,325	0,349	0,275	0,000	0,000
7,000	-6,907	-6,856	-6,848	-6,773	-6,730	-6,695	-6,687	-6,677	-6,659	-6,656	-6,644	-6,620	-6,593	-6,544	-6,474	0,071	0,054	0,081	0,110	0,100	0,081	0,075	0,070	0,076	0,069	0,079	0,098	0,107	0,115	0,089	0,000	0,000
8,000	-19,775	-19,961	-19,965	-20,052	-20,044	-20,090	-20,120	-20,150	-20,170	-20,226	-20,241	-20,255	-20,250	-20,195	-20,142	-0,188	-0,133	-0,127	-0,105	-0,096	-0,125	-0,119	-0,118	-0,101	-0,085	-0,045	-0,005	0,032	0,080	0,065	0,000	0,000
9,000	-9,611	-9,582	-9,536	-9,353	-9,220	-9,108	-9,047	-8,994	-8,941	-8,895	-8,845	-8,775	-8,700	-8,568	-8,422	0,035	0,135	0,197	0,322	0,334	0,311	0,303	0,276	0,266	0,261	0,272	0,289	0,309	0,304	0,228	0,000	0,000
10,000	-9,768	-9,724	-9,577	-9,397	-9,287	-9,239	-9,215	-9,193	-9,181	-9,182	-9,160	-9,124	-9,066	-8,968	-8,858	-0,005	0,241	0,243	0,264	0,224	0,179	0,157	0,138	0,126	0,129	0,142	0,170	0,204	0,217	0,177	0,000	0,000
11,000	-10,057	-9,945	-9,901	-9,753	-9,670	-9,611	-9,586	-9,566	-9,529	-9,514	-9,477	-9,430	-9,369	-9,258	-9,136	0,171	0,182	0,208	0,231	0,208	0,176	0,176	0,165	0,163	0,167	0,190	0,213	0,235	0,245	0,191	0,000	0,000
12,000	-14,561	-14,578	-14,496	-14,451	-14,389	-14,370	-14,360	-14,351	-14,328	-14,344	-14,306	-14,267	-14,213	-14,084	-13,942	0,027	0,114	0,110	0,117	0,113	0,093	0,089	0,095	0,098	0,115	0,152	0,191	0,236	0,264	0,213	0,000	0,000
13,000	-8,289	-8,301	-8,323	-8,334	-8,321	-8,304	-8,289	-8,276	-8,249	-8,225	-8,174	-8,099	-7,987	-7,820	-7,607	-0,010	-0,009	-0,017	0,024	0,050	0,077	0,103	0,131	0,156	0,196	0,253	0,311	0,368	0,392	0,306	0,000	0,000
14,000	-11,912	-11,767	-11,865	-11,818	-11,819	-11,784	-11,764	-11,760	-11,751	-11,757	-11,728	-11,692	-11,614	-11,479	-11,289	-0,078	-0,118	-0,051	0,042	0,052	0,053	0,068	0,064	0,086	0,103	0,164	0,210	0,274	0,311	0,260	0,000	0,000
15,000	-7,910	-7,886	-7,746	-7,713	-7,655	-7,657	-7,650	-7,635	-7,622	-7,628	-7,618	-7,608	-7,592	-7,565	-7,547	0,393	0,359	0,235	0,145	0,112	0,095	0,079	0,066	0,055	0,053	0,047	0,047	0,054	0,051	0,040	0,000	0,000
