Device: PM2003001		2022:11:15    09:15:55,131  (DLL version: 1.20;  Status: HW:v1.02 SW:v1.3 CRC:31ED BATTERY:4170mV ST:2 ERR:0010;  MUX data; S: 92 I:143 R:200.000 C:1.094p F:)
Excitation level, V:	1,50
Voltage Channel Gain:	10
Current Channel Gain:	1
Voltmeter Range, V:	0,3
Ampermeter Range, A:	15,0m
Step Period, ms:	5
R transimp:	200
C transimp:	1,1p
Measurement Table: 	EEPROM  16

Freq, Hz	1,0k	2,0k	3,0k	7,0k	11,0k	17,0k	23,0k	31,0k	43,0k	61,0k	89,0k	127,0k	179,0k	251,0k	349,0k	1,0k	2,0k	3,0k	7,0k	11,0k	17,0k	23,0k	31,0k	43,0k	61,0k	89,0k	127,0k	179,0k	251,0k	349,0k
	run	1	2022:11:15    09:15:55,133
MUX	Re1, ohm	Re2, ohm	Re3, ohm	Re4, ohm	Re5, ohm	Re6, ohm	Re7, ohm	Re8, ohm	Re9, ohm	Re10, ohm	Re11, ohm	Re12, ohm	Re13, ohm	Re14, ohm	Re15, ohm	Im1, ohm	Im2, ohm	Im3, ohm	Im4, ohm	Im5, ohm	Im6, ohm	Im7, ohm	Im8, ohm	Im9, ohm	Im10, ohm	Im11, ohm	Im12, ohm	Im13, ohm	Im14, ohm	Im15, ohm	U, V	I, mA

0,000	-3,466	-3,179	-3,063	-2,959	-2,925	-2,913	-2,904	-2,902	-2,894	-2,897	-2,893	-2,891	-2,890	-2,884	-2,877	0,607	0,465	0,364	0,193	0,136	0,094	0,074	0,057	0,044	0,031	0,024	0,021	0,017	0,017	0,012	0,032	11,558
1,000	-4,096	-4,155	-4,159	-4,122	-4,087	-4,066	-4,055	-4,050	-4,041	-4,039	-4,032	-4,028	-4,020	-4,004	-3,992	-0,140	-0,061	-0,016	0,046	0,053	0,045	0,040	0,037	0,035	0,029	0,030	0,032	0,030	0,030	0,022	0,051	11,646
2,000	-2,634	-2,694	-2,702	-2,716	-2,703	-2,688	-2,679	-2,669	-2,657	-2,652	-2,644	-2,636	-2,628	-2,617	-2,609	-0,107	-0,070	-0,048	0,000	0,020	0,028	0,035	0,036	0,034	0,031	0,030	0,030	0,028	0,025	0,016	0,035	11,895
3,000	-5,336	-5,386	-5,402	-5,386	-5,359	-5,332	-5,328	-5,319	-5,314	-5,318	-5,315	-5,313	-5,307	-5,292	-5,275	-0,074	-0,053	-0,025	0,035	0,044	0,035	0,032	0,028	0,022	0,018	0,017	0,024	0,025	0,029	0,023	0,073	12,693
4,000	-2,917	-2,975	-2,985	-3,010	-3,005	-3,002	-2,998	-2,997	-2,989	-2,990	-2,979	-2,980	-2,961	-2,946	-2,922	-0,102	-0,069	-0,053	-0,021	-0,004	0,003	0,013	0,013	0,012	0,020	0,030	0,035	0,038	0,039	0,033	0,042	12,283
5,000	-3,220	-3,274	-3,306	-3,328	-3,331	-3,330	-3,331	-3,332	-3,336	-3,334	-3,333	-3,330	-3,320	-3,301	-3,276	-0,121	-0,094	-0,073	-0,036	-0,022	-0,015	-0,009	-0,007	-0,001	0,009	0,014	0,025	0,033	0,041	0,034	0,046	11,309
6,000	-1,991	-2,027	-2,020	-2,019	-2,003	-1,990	-1,982	-1,974	-1,965	-1,967	-1,952	-1,969	-1,962	-1,951	-1,947	-0,073	-0,036	-0,018	0,019	0,030	0,026	0,024	0,026	0,016	0,018	0,025	0,015	0,012	0,011	0,007	0,033	11,829
7,000	-1,578	-1,589	-1,588	-1,596	-1,593	-1,596	-1,596	-1,600	-1,600	-1,605	-1,606	-1,607	-1,609	-1,608	-1,603	-0,026	-0,020	-0,015	-0,011	-0,008	-0,011	-0,006	-0,007	-0,007	-0,008	-0,001	-0,003	0,001	0,004	0,005	0,029	11,177
8,000	-5,338	-5,376	-5,364	-5,375	-5,361	-5,352	-5,345	-5,344	-5,340	-5,341	-5,341	-5,334	-5,339	-5,332	-5,328	-0,023	-0,013	-0,009	0,010	0,018	0,015	0,015	0,014	0,018	0,009	0,010	0,006	0,006	0,003	0,006	0,061	11,067
9,000	-2,167	-2,136	-2,146	-2,125	-2,117	-2,108	-2,100	-2,097	-2,098	-2,092	-2,091	-2,078	-2,067	-2,046	-2,017	0,024	0,010	0,020	0,030	0,030	0,022	0,025	0,020	0,025	0,027	0,035	0,040	0,043	0,048	0,035	0,053	12,539
10,000	-1,418	-1,424	-1,409	-1,384	-1,358	-1,343	-1,335	-1,326	-1,317	-1,322	-1,317	-1,319	-1,311	-1,302	-1,289	-0,010	0,024	0,029	0,047	0,049	0,042	0,036	0,029	0,022	0,020	0,014	0,022	0,020	0,025	0,018	0,052	13,286
11,000	-2,948	-2,940	-2,931	-2,917	-2,901	-2,892	-2,884	-2,881	-2,875	-2,870	-2,863	-2,860	-2,855	-2,847	-2,838	-0,007	0,011	0,020	0,032	0,031	0,028	0,029	0,027	0,025	0,025	0,024	0,024	0,022	0,019	0,013	0,043	13,586
12,000	-4,176	-4,201	-4,189	-4,189	-4,174	-4,170	-4,171	-4,167	-4,166	-4,168	-4,166	-4,158	-4,150	-4,130	-4,110	-0,023	-0,005	-0,001	0,012	0,017	0,013	0,013	0,013	0,011	0,015	0,019	0,029	0,034	0,039	0,032	0,057	12,986
13,000	-1,904	-1,910	-1,950	-1,945	-1,947	-1,939	-1,940	-1,934	-1,934	-1,929	-1,931	-1,923	-1,916	-1,903	-1,886	-0,050	-0,048	-0,033	-0,011	-0,000	-0,002	0,006	0,009	0,009	0,011	0,018	0,022	0,028	0,033	0,024	0,042	11,719
14,000	-3,135	-3,014	-2,917	-2,834	-2,792	-2,777	-2,767	-2,760	-2,754	-2,751	-2,746	-2,741	-2,734	-2,719	-2,708	0,263	0,259	0,221	0,144	0,110	0,084	0,068	0,056	0,045	0,037	0,033	0,035	0,032	0,030	0,022	0,040	11,829
15,000	-1,882	-1,450	-1,320	-1,179	-1,146	-1,131	-1,121	-1,117	-1,111	-1,113	-1,110	-1,111	-1,105	-1,102	-1,098	0,882	0,640	0,486	0,253	0,171	0,116	0,089	0,068	0,051	0,038	0,027	0,023	0,019	0,012	0,010	0,038	12,429
	run	2	2022:11:15    09:15:55,232
0,000	-3,365	-3,084	-2,967	-2,868	-2,836	-2,821	-2,814	-2,810	-2,805	-2,803	-2,802	-2,799	-2,798	-2,792	-2,788	0,581	0,449	0,350	0,187	0,133	0,092	0,073	0,056	0,043	0,030	0,024	0,020	0,018	0,016	0,010	0,031	11,631
1,000	-3,877	-3,938	-3,943	-3,918	-3,888	-3,872	-3,863	-3,861	-3,852	-3,854	-3,846	-3,841	-3,836	-3,822	-3,812	-0,146	-0,072	-0,026	0,033	0,039	0,033	0,031	0,027	0,025	0,022	0,025	0,025	0,026	0,028	0,018	0,050	11,807
2,000	-2,469	-2,522	-2,532	-2,549	-2,535	-2,525	-2,518	-2,510	-2,500	-2,493	-2,485	-2,477	-2,472	-2,463	-2,455	-0,105	-0,068	-0,047	-0,007	0,013	0,021	0,026	0,029	0,030	0,027	0,026	0,026	0,024	0,022	0,015	0,033	12,048
3,000	-5,120	-5,160	-5,183	-5,176	-5,152	-5,134	-5,127	-5,122	-5,113	-5,120	-5,118	-5,114	-5,109	-5,095	-5,080	-0,081	-0,063	-0,035	0,021	0,031	0,027	0,024	0,021	0,016	0,013	0,016	0,025	0,028	0,029	0,022	0,070	12,869
4,000	-2,901	-2,963	-2,970	-2,986	-2,983	-2,980	-2,977	-2,972	-2,964	-2,965	-2,958	-2,951	-2,940	-2,920	-2,897	-0,106	-0,066	-0,049	-0,013	0,000	0,009	0,013	0,015	0,018	0,022	0,030	0,037	0,040	0,041	0,034	0,044	12,664
5,000	-3,383	-3,443	-3,473	-3,504	-3,504	-3,509	-3,510	-3,513	-3,512	-3,515	-3,514	-3,507	-3,499	-3,475	-3,450	-0,122	-0,103	-0,083	-0,042	-0,027	-0,018	-0,011	-0,008	-0,001	0,006	0,017	0,028	0,035	0,044	0,035	0,047	11,477
6,000	-2,150	-2,179	-2,178	-2,168	-2,147	-2,135	-2,124	-2,119	-2,112	-2,114	-2,105	-2,102	-2,099	-2,092	-2,087	-0,071	-0,035	-0,008	0,026	0,038	0,038	0,033	0,028	0,026	0,019	0,020	0,016	0,011	0,016	0,006	0,034	11,653
7,000	-1,640	-1,662	-1,662	-1,665	-1,657	-1,662	-1,665	-1,667	-1,667	-1,674	-1,676	-1,675	-1,676	-1,671	-1,668	-0,030	-0,013	-0,014	-0,007	-0,006	-0,008	-0,007	-0,007	-0,007	-0,005	-0,004	-0,001	0,002	0,004	0,004	0,030	10,950
8,000	-5,439	-5,463	-5,460	-5,478	-5,464	-5,454	-5,452	-5,447	-5,441	-5,444	-5,446	-5,444	-5,443	-5,441	-5,437	-0,032	-0,023	-0,017	0,002	0,012	0,012	0,015	0,011	0,010	0,003	0,002	0,002	0,001	0,006	0,005	0,063	10,972
9,000	-2,181	-2,149	-2,159	-2,137	-2,131	-2,112	-2,111	-2,106	-2,098	-2,096	-2,093	-2,078	-2,068	-2,049	-2,020	0,031	0,018	0,028	0,036	0,035	0,023	0,026	0,023	0,023	0,029	0,032	0,040	0,048	0,053	0,035	0,054	12,422
10,000	-1,427	-1,432	-1,414	-1,385	-1,359	-1,343	-1,332	-1,322	-1,319	-1,319	-1,319	-1,319	-1,309	-1,302	-1,288	-0,003	0,023	0,031	0,052	0,050	0,046	0,039	0,029	0,023	0,021	0,021	0,022	0,024	0,022	0,018	0,051	13,125
11,000	-2,866	-2,863	-2,852	-2,834	-2,822	-2,812	-2,806	-2,802	-2,792	-2,789	-2,784	-2,780	-2,776	-2,765	-2,758	-0,006	0,008	0,015	0,029	0,035	0,029	0,029	0,026	0,024	0,023	0,022	0,022	0,021	0,019	0,013	0,042	13,550
12,000	-4,105	-4,132	-4,117	-4,118	-4,108	-4,102	-4,102	-4,101	-4,097	-4,101	-4,099	-4,091	-4,085	-4,063	-4,042	-0,019	-0,008	0,002	0,013	0,014	0,012	0,013	0,012	0,013	0,015	0,019	0,029	0,035	0,040	0,031	0,057	12,993
13,000	-1,874	-1,889	-1,921	-1,922	-1,918	-1,915	-1,910	-1,912	-1,908	-1,907	-1,904	-1,899	-1,891	-1,878	-1,861	-0,052	-0,045	-0,033	-0,008	-0,002	-0,002	0,008	0,008	0,013	0,014	0,019	0,019	0,028	0,034	0,028	0,041	11,785
14,000	-3,156	-3,027	-2,929	-2,847	-2,807	-2,789	-2,782	-2,773	-2,766	-2,764	-2,760	-2,754	-2,747	-2,732	-2,718	0,270	0,265	0,224	0,145	0,111	0,084	0,070	0,057	0,048	0,038	0,033	0,033	0,033	0,032	0,024	0,042	11,829
15,000	-1,865	-1,432	-1,306	-1,162	-1,132	-1,116	-1,106	-1,101	-1,097	-1,096	-1,096	-1,096	-1,091	-1,089	-1,085	0,873	0,636	0,479	0,249	0,165	0,114	0,088	0,066	0,050	0,036	0,027	0,020	0,017	0,014	0,010	0,039	12,385
	run	3	2022:11:15    09:15:55,280
0,000	-3,339	-3,059	-2,944	-2,843	-2,812	-2,798	-2,790	-2,785	-2,780	-2,780	-2,776	-2,777	-2,774	-2,769	-2,765	0,576	0,448	0,352	0,187	0,132	0,091	0,073	0,055	0,043	0,030	0,024	0,021	0,016	0,016	0,010	0,031	11,667
1,000	-3,862	-3,927	-3,936	-3,908	-3,880	-3,862	-3,854	-3,851	-3,843	-3,844	-3,838	-3,830	-3,825	-3,813	-3,801	-0,144	-0,072	-0,025	0,032	0,036	0,031	0,031	0,025	0,024	0,022	0,023	0,026	0,026	0,027	0,019	0,050	11,821
2,000	-2,469	-2,522	-2,532	-2,549	-2,535	-2,525	-2,518	-2,510	-2,500	-2,493	-2,485	-2,477	-2,472	-2,463	-2,455	-0,105	-0,068	-0,047	-0,007	0,013	0,021	0,026	0,029	0,030	0,027	0,026	0,026	0,024	0,022	0,015	0,033	12,048
3,000	-5,120	-5,160	-5,183	-5,176	-5,152	-5,134	-5,127	-5,122	-5,113	-5,120	-5,118	-5,114	-5,109	-5,095	-5,080	-0,081	-0,063	-0,035	0,021	0,031	0,027	0,024	0,021	0,016	0,013	0,016	0,025	0,028	0,029	0,022	0,070	12,869
4,000	-2,901	-2,963	-2,970	-2,986	-2,983	-2,980	-2,977	-2,972	-2,964	-2,965	-2,958	-2,951	-2,940	-2,920	-2,897	-0,106	-0,066	-0,049	-0,013	0,000	0,009	0,013	0,015	0,018	0,022	0,030	0,037	0,040	0,041	0,034	0,044	12,664
5,000	-3,383	-3,443	-3,473	-3,504	-3,504	-3,509	-3,510	-3,513	-3,512	-3,515	-3,514	-3,507	-3,499	-3,475	-3,450	-0,122	-0,103	-0,083	-0,042	-0,027	-0,018	-0,011	-0,008	-0,001	0,006	0,017	0,028	0,035	0,044	0,035	0,047	11,477
6,000	-2,150	-2,179	-2,178	-2,168	-2,147	-2,135	-2,124	-2,119	-2,112	-2,114	-2,105	-2,102	-2,099	-2,092	-2,087	-0,071	-0,035	-0,008	0,026	0,038	0,038	0,033	0,028	0,026	0,019	0,020	0,016	0,011	0,016	0,006	0,034	11,653
7,000	-1,640	-1,662	-1,662	-1,665	-1,657	-1,662	-1,665	-1,667	-1,667	-1,674	-1,676	-1,675	-1,676	-1,671	-1,668	-0,030	-0,013	-0,014	-0,007	-0,006	-0,008	-0,007	-0,007	-0,007	-0,005	-0,004	-0,001	0,002	0,004	0,004	0,030	10,950
8,000	-5,442	-5,465	-5,460	-5,469	-5,457	-5,449	-5,438	-5,439	-5,433	-5,441	-5,434	-5,434	-5,436	-5,430	-5,430	-0,022	-0,008	-0,010	0,011	0,016	0,018	0,013	0,015	0,011	0,005	0,006	0,005	0,004	0,007	0,002	0,063	10,957
9,000	-2,233	-2,204	-2,215	-2,193	-2,183	-2,171	-2,166	-2,163	-2,160	-2,155	-2,150	-2,139	-2,127	-2,107	-2,077	0,029	0,011	0,021	0,034	0,026	0,021	0,026	0,027	0,030	0,032	0,032	0,035	0,048	0,048	0,042	0,055	12,539
10,000	-1,402	-1,409	-1,390	-1,360	-1,336	-1,317	-1,306	-1,301	-1,297	-1,297	-1,297	-1,294	-1,288	-1,279	-1,263	-0,002	0,028	0,037	0,052	0,050	0,043	0,038	0,032	0,026	0,019	0,017	0,020	0,024	0,023	0,020	0,051	13,242
11,000	-2,867	-2,865	-2,854	-2,843	-2,824	-2,815	-2,811	-2,806	-2,798	-2,795	-2,790	-2,784	-2,778	-2,773	-2,762	-0,006	0,007	0,015	0,031	0,034	0,028	0,029	0,027	0,025	0,020	0,022	0,022	0,022	0,020	0,014	0,042	13,557
12,000	-4,167	-4,190	-4,179	-4,176	-4,160	-4,159	-4,159	-4,157	-4,154	-4,157	-4,153	-4,148	-4,139	-4,122	-4,099	-0,017	-0,002	0,004	0,013	0,015	0,013	0,011	0,014	0,012	0,012	0,022	0,027	0,035	0,040	0,033	0,058	13,022
13,000	-1,893	-1,903	-1,935	-1,929	-1,930	-1,926	-1,926	-1,922	-1,925	-1,919	-1,920	-1,910	-1,905	-1,889	-1,871	-0,046	-0,044	-0,034	-0,002	0,001	0,001	0,005	0,007	0,013	0,011	0,015	0,021	0,029	0,032	0,025	0,042	11,741
14,000	-3,186	-3,064	-2,968	-2,880	-2,843	-2,825	-2,818	-2,809	-2,801	-2,800	-2,793	-2,789	-2,782	-2,770	-2,754	0,269	0,266	0,226	0,145	0,111	0,085	0,069	0,059	0,046	0,036	0,036	0,034	0,032	0,032	0,024	0,043	11,748
15,000	-1,852	-1,421	-1,294	-1,153	-1,121	-1,107	-1,096	-1,093	-1,088	-1,089	-1,089	-1,088	-1,084	-1,079	-1,076	0,869	0,633	0,479	0,249	0,168	0,114	0,088	0,066	0,049	0,035	0,026	0,020	0,016	0,011	0,009	0,040	12,378
	run	4	2022:11:15    09:15:55,381
0,000	-3,416	-3,130	-3,015	-2,912	-2,878	-2,864	-2,857	-2,850	-2,848	-2,848	-2,846	-2,843	-2,841	-2,836	-2,829	0,592	0,458	0,358	0,190	0,133	0,092	0,075	0,056	0,043	0,031	0,025	0,021	0,019	0,016	0,011	0,031	11,624
1,000	-4,021	-4,083	-4,088	-4,054	-4,023	-4,002	-3,995	-3,990	-3,980	-3,981	-3,976	-3,967	-3,962	-3,948	-3,935	-0,146	-0,071	-0,020	0,038	0,046	0,039	0,037	0,033	0,031	0,027	0,028	0,031	0,028	0,029	0,020	0,050	11,719
2,000	-2,583	-2,645	-2,652	-2,670	-2,656	-2,645	-2,636	-2,627	-2,617	-2,609	-2,602	-2,592	-2,588	-2,577	-2,569	-0,108	-0,071	-0,049	-0,003	0,017	0,026	0,032	0,031	0,032	0,029	0,029	0,027	0,027	0,026	0,016	0,035	11,924
3,000	-5,257	-5,303	-5,331	-5,311	-5,286	-5,265	-5,255	-5,251	-5,245	-5,251	-5,248	-5,242	-5,241	-5,223	-5,212	-0,068	-0,060	-0,026	0,028	0,037	0,029	0,031	0,023	0,020	0,011	0,019	0,020	0,025	0,031	0,023	0,073	12,737
4,000	-2,852	-2,908	-2,915	-2,934	-2,929	-2,924	-2,922	-2,920	-2,915	-2,913	-2,904	-2,900	-2,886	-2,868	-2,847	-0,098	-0,069	-0,049	-0,016	-0,001	0,007	0,014	0,012	0,016	0,019	0,027	0,036	0,038	0,040	0,032	0,042	12,524
5,000	-3,163	-3,219	-3,250	-3,272	-3,275	-3,274	-3,277	-3,279	-3,276	-3,279	-3,277	-3,273	-3,265	-3,245	-3,221	-0,114	-0,095	-0,074	-0,037	-0,022	-0,016	-0,010	-0,007	-0,001	0,006	0,016	0,025	0,036	0,043	0,034	0,045	11,484
6,000	-2,096	-2,133	-2,131	-2,129	-2,106	-2,092	-2,082	-2,076	-2,069	-2,067	-2,063	-2,060	-2,058	-2,050	-2,046	-0,061	-0,033	-0,011	0,022	0,033	0,031	0,031	0,028	0,021	0,017	0,014	0,021	0,017	0,011	0,011	0,033	11,748
7,000	-1,636	-1,651	-1,649	-1,652	-1,649	-1,651	-1,655	-1,654	-1,654	-1,661	-1,662	-1,661	-1,660	-1,660	-1,658	-0,026	-0,019	-0,013	-0,004	-0,005	-0,008	-0,004	-0,007	-0,004	-0,006	-0,003	-0,002	0,002	0,004	0,002	0,029	10,986
8,000	-5,408	-5,440	-5,433	-5,444	-5,431	-5,421	-5,421	-5,416	-5,412	-5,416	-5,410	-5,411	-5,411	-5,404	-5,397	-0,029	-0,013	-0,010	0,007	0,012	0,016	0,014	0,015	0,013	0,004	0,006	0,006	0,006	0,009	0,003	0,059	10,935
9,000	-2,215	-2,186	-2,198	-2,170	-2,164	-2,156	-2,145	-2,140	-2,136	-2,137	-2,129	-2,120	-2,108	-2,082	-2,061	0,020	0,009	0,019	0,033	0,032	0,025	0,026	0,027	0,029	0,031	0,035	0,041	0,047	0,050	0,039	0,053	12,488
10,000	-1,414	-1,422	-1,406	-1,376	-1,349	-1,333	-1,322	-1,317	-1,312	-1,311	-1,311	-1,306	-1,297	-1,288	-1,276	-0,001	0,021	0,032	0,052	0,048	0,044	0,036	0,031	0,026	0,020	0,021	0,022	0,026	0,027	0,020	0,051	13,235
11,000	-2,949	-2,946	-2,932	-2,916	-2,900	-2,887	-2,882	-2,876	-2,872	-2,864	-2,858	-2,855	-2,849	-2,840	-2,830	0,002	0,014	0,021	0,037	0,036	0,032	0,031	0,029	0,025	0,025	0,023	0,025	0,022	0,021	0,015	0,043	13,557
12,000	-4,284	-4,307	-4,297	-4,298	-4,285	-4,281	-4,280	-4,279	-4,278	-4,280	-4,277	-4,272	-4,261	-4,243	-4,220	-0,025	-0,006	0,000	0,012	0,014	0,011	0,011	0,011	0,012	0,014	0,020	0,030	0,036	0,043	0,032	0,058	12,927
13,000	-1,954	-1,967	-1,995	-1,993	-1,992	-1,990	-1,985	-1,985	-1,980	-1,978	-1,976	-1,972	-1,962	-1,948	-1,929	-0,051	-0,045	-0,035	-0,004	0,000	0,003	0,011	0,014	0,013	0,013	0,018	0,024	0,027	0,031	0,028	0,042	11,631
14,000	-3,183	-3,056	-2,957	-2,869	-2,831	-2,813	-2,803	-2,794	-2,787	-2,787	-2,782	-2,776	-2,769	-2,755	-2,741	0,272	0,269	0,230	0,147	0,114	0,088	0,071	0,057	0,046	0,037	0,034	0,033	0,032	0,033	0,024	0,043	11,697
15,000	-1,874	-1,436	-1,305	-1,163	-1,130	-1,117	-1,108	-1,103	-1,099	-1,099	-1,098	-1,098	-1,094	-1,091	-1,085	0,888	0,645	0,489	0,253	0,168	0,114	0,087	0,068	0,049	0,036	0,026	0,022	0,016	0,011	0,009	0,040	12,378
	run	5	2022:11:15    09:15:55,432
0,000	-3,416	-3,130	-3,015	-2,912	-2,878	-2,864	-2,857	-2,850	-2,848	-2,848	-2,846	-2,843	-2,841	-2,836	-2,829	0,592	0,458	0,358	0,190	0,133	0,092	0,075	0,056	0,043	0,031	0,025	0,021	0,019	0,016	0,011	0,031	11,624
1,000	-4,021	-4,083	-4,088	-4,054	-4,023	-4,002	-3,995	-3,990	-3,980	-3,981	-3,976	-3,967	-3,962	-3,948	-3,935	-0,146	-0,071	-0,020	0,038	0,046	0,039	0,037	0,033	0,031	0,027	0,028	0,031	0,028	0,029	0,020	0,050	11,719
2,000	-2,583	-2,645	-2,652	-2,670	-2,656	-2,645	-2,636	-2,627	-2,617	-2,609	-2,602	-2,592	-2,588	-2,577	-2,569	-0,108	-0,071	-0,049	-0,003	0,017	0,026	0,032	0,031	0,032	0,029	0,029	0,027	0,027	0,026	0,016	0,035	11,924
3,000	-5,257	-5,303	-5,331	-5,311	-5,286	-5,265	-5,255	-5,251	-5,245	-5,251	-5,248	-5,242	-5,241	-5,223	-5,212	-0,068	-0,060	-0,026	0,028	0,037	0,029	0,031	0,023	0,020	0,011	0,019	0,020	0,025	0,031	0,023	0,073	12,737
4,000	-2,852	-2,908	-2,915	-2,934	-2,929	-2,924	-2,922	-2,920	-2,915	-2,913	-2,904	-2,900	-2,886	-2,868	-2,847	-0,098	-0,069	-0,049	-0,016	-0,001	0,007	0,014	0,012	0,016	0,019	0,027	0,036	0,038	0,040	0,032	0,042	12,524
5,000	-3,163	-3,219	-3,250	-3,272	-3,275	-3,274	-3,277	-3,279	-3,276	-3,279	-3,277	-3,273	-3,265	-3,245	-3,221	-0,114	-0,095	-0,074	-0,037	-0,022	-0,016	-0,010	-0,007	-0,001	0,006	0,016	0,025	0,036	0,043	0,034	0,045	11,484
6,000	-2,000	-2,038	-2,036	-2,039	-2,021	-2,006	-1,999	-1,990	-1,999	-1,980	-1,975	-1,972	-1,971	-1,964	-1,959	-0,062	-0,039	-0,014	0,017	0,026	0,029	0,031	0,026	0,025	0,022	0,012	0,016	0,015	0,006	0,008	0,031	11,873
7,000	-1,562	-1,579	-1,578	-1,582	-1,576	-1,582	-1,583	-1,584	-1,584	-1,589	-1,590	-1,593	-1,590	-1,589	-1,585	-0,022	-0,016	-0,012	-0,005	-0,008	-0,006	-0,008	-0,008	-0,003	-0,006	-0,001	-0,001	0,001	0,004	0,006	0,029	11,191
8,000	-5,408	-5,431	-5,424	-5,440	-5,428	-5,419	-5,411	-5,411	-5,398	-5,407	-5,409	-5,410	-5,406	-5,403	-5,401	-0,028	-0,014	-0,014	0,010	0,014	0,018	0,018	0,017	0,009	0,003	0,007	0,005	0,007	0,008	0,003	0,061	11,082
9,000	-2,159	-2,132	-2,135	-2,116	-2,105	-2,095	-2,087	-2,086	-2,076	-2,082	-2,069	-2,067	-2,047	-2,032	-2,003	0,026	0,007	0,014	0,030	0,029	0,018	0,026	0,026	0,034	0,026	0,033	0,044	0,044	0,048	0,034	0,052	12,495
10,000	-1,474	-1,476	-1,459	-1,422	-1,397	-1,377	-1,368	-1,361	-1,357	-1,355	-1,354	-1,350	-1,345	-1,336	-1,319	-0,001	0,028	0,041	0,055	0,055	0,049	0,042	0,033	0,025	0,020	0,024	0,021	0,027	0,024	0,020	0,052	13,147
11,000	-3,038	-3,025	-3,011	-2,993	-2,977	-2,964	-2,963	-2,955	-2,947	-2,946	-2,941	-2,932	-2,929	-2,917	-2,910	0,009	0,020	0,026	0,038	0,037	0,033	0,032	0,028	0,028	0,027	0,024	0,024	0,021	0,021	0,016	0,044	13,469
12,000	-4,396	-4,432	-4,420	-4,423	-4,406	-4,403	-4,403	-4,401	-4,401	-4,403	-4,400	-4,394	-4,385	-4,363	-4,342	-0,029	-0,010	-0,004	0,010	0,012	0,010	0,011	0,011	0,011	0,013	0,021	0,029	0,036	0,042	0,034	0,060	12,832
13,000	-1,978	-1,992	-2,021	-2,021	-2,017	-2,015	-2,011	-2,008	-2,004	-2,005	-2,000	-1,994	-1,984	-1,970	-1,953	-0,048	-0,043	-0,034	-0,009	-0,001	0,006	0,011	0,012	0,010	0,015	0,022	0,023	0,029	0,034	0,028	0,041	11,528
14,000	-3,234	-3,108	-3,009	-2,922	-2,884	-2,864	-2,858	-2,847	-2,841	-2,838	-2,833	-2,828	-2,819	-2,805	-2,791	0,268	0,264	0,226	0,150	0,114	0,087	0,072	0,058	0,047	0,037	0,034	0,035	0,032	0,033	0,025	0,042	11,609
15,000	-1,926	-1,481	-1,347	-1,202	-1,168	-1,151	-1,144	-1,138	-1,132	-1,133	-1,133	-1,131	-1,126	-1,124	-1,119	0,912	0,662	0,498	0,260	0,174	0,119	0,091	0,070	0,052	0,039	0,028	0,023	0,018	0,013	0,009	0,040	12,334
	run	6	2022:11:15    09:15:55,532
0,000	-3,604	-3,312	-3,191	-3,080	-3,046	-3,032	-3,024	-3,021	-3,015	-3,016	-3,015	-3,012	-3,011	-3,005	-2,999	0,627	0,477	0,375	0,201	0,139	0,095	0,076	0,056	0,042	0,031	0,024	0,021	0,017	0,018	0,012	0,033	11,331
1,000	-4,220	-4,276	-4,274	-4,232	-4,197	-4,174	-4,162	-4,155	-4,146	-4,144	-4,137	-4,131	-4,122	-4,109	-4,095	-0,138	-0,057	-0,010	0,050	0,057	0,049	0,046	0,042	0,036	0,032	0,032	0,032	0,030	0,031	0,022	0,051	11,418
2,000	-2,616	-2,676	-2,682	-2,699	-2,689	-2,679	-2,668	-2,659	-2,649	-2,642	-2,636	-2,626	-2,620	-2,611	-2,602	-0,108	-0,070	-0,048	-0,003	0,017	0,025	0,030	0,031	0,032	0,030	0,029	0,027	0,026	0,024	0,016	0,035	11,777
3,000	-5,196	-5,239	-5,266	-5,249	-5,225	-5,207	-5,198	-5,191	-5,187	-5,192	-5,187	-5,185	-5,179	-5,167	-5,152	-0,079	-0,060	-0,029	0,026	0,035	0,031	0,028	0,022	0,019	0,013	0,018	0,021	0,023	0,027	0,021	0,072	12,708
4,000	-2,819	-2,883	-2,892	-2,910	-2,906	-2,900	-2,898	-2,895	-2,887	-2,886	-2,881	-2,875	-2,864	-2,847	-2,822	-0,096	-0,069	-0,048	-0,016	-0,001	0,006	0,012	0,013	0,019	0,022	0,027	0,036	0,038	0,042	0,031	0,041	12,539
5,000	-3,089	-3,148	-3,173	-3,198	-3,201	-3,203	-3,205	-3,205	-3,207	-3,209	-3,205	-3,201	-3,191	-3,175	-3,151	-0,115	-0,094	-0,075	-0,036	-0,022	-0,017	-0,010	-0,009	-0,001	0,006	0,018	0,024	0,032	0,039	0,031	0,044	11,528
6,000	-1,918	-1,947	-1,949	-1,955	-1,937	-1,926	-1,915	-1,910	-1,901	-1,900	-1,898	-1,896	-1,893	-1,882	-1,883	-0,071	-0,041	-0,020	0,016	0,025	0,027	0,026	0,026	0,017	0,018	0,017	0,016	0,014	0,012	0,007	0,030	11,931
7,000	-1,511	-1,529	-1,530	-1,536	-1,534	-1,536	-1,541	-1,544	-1,545	-1,552	-1,552	-1,553	-1,553	-1,549	-1,548	-0,032	-0,020	-0,019	-0,013	-0,010	-0,011	-0,010	-0,010	-0,010	-0,010	-0,006	-0,002	-0,001	0,003	0,003	0,029	11,323
8,000	-5,314	-5,337	-5,330	-5,333	-5,320	-5,311	-5,306	-5,299	-5,296	-5,295	-5,297	-5,293	-5,292	-5,291	-5,284	-0,029	-0,008	-0,006	0,016	0,018	0,019	0,015	0,018	0,013	0,009	0,012	0,012	0,009	0,010	0,007	0,063	11,257
9,000	-2,219	-2,187	-2,210	-2,187	-2,174	-2,167	-2,164	-2,162	-2,147	-2,153	-2,147	-2,132	-2,124	-2,104	-2,074	0,022	-0,002	0,016	0,024	0,030	0,021	0,023	0,022	0,030	0,030	0,035	0,040	0,048	0,051	0,038	0,054	12,656
10,000	-1,483	-1,493	-1,476	-1,437	-1,407	-1,387	-1,380	-1,374	-1,364	-1,369	-1,367	-1,364	-1,354	-1,345	-1,332	-0,005	0,030	0,043	0,061	0,054	0,048	0,041	0,032	0,026	0,022	0,022	0,024	0,023	0,026	0,021	0,052	13,271
11,000	-3,087	-3,077	-3,064	-3,048	-3,030	-3,020	-3,014	-3,010	-3,002	-3,001	-2,993	-2,987	-2,980	-2,971	-2,963	0,006	0,017	0,025	0,038	0,036	0,031	0,029	0,029	0,027	0,025	0,023	0,024	0,022	0,024	0,016	0,044	13,462
12,000	-4,407	-4,436	-4,424	-4,426	-4,410	-4,410	-4,406	-4,406	-4,405	-4,404	-4,401	-4,395	-4,388	-4,366	-4,343	-0,023	-0,008	-0,000	0,012	0,013	0,011	0,013	0,012	0,012	0,016	0,023	0,029	0,038	0,043	0,033	0,060	12,854
13,000	-1,975	-1,990	-2,020	-2,013	-2,016	-2,013	-2,005	-2,004	-2,004	-2,003	-2,000	-1,995	-1,983	-1,971	-1,949	-0,048	-0,047	-0,033	-0,004	-0,002	0,005	0,008	0,009	0,013	0,017	0,020	0,024	0,032	0,033	0,030	0,042	11,536
14,000	-3,293	-3,171	-3,068	-2,983	-2,945	-2,925	-2,914	-2,906	-2,899	-2,896	-2,893	-2,886	-2,880	-2,864	-2,851	0,272	0,263	0,226	0,149	0,115	0,086	0,071	0,058	0,048	0,038	0,035	0,035	0,035	0,034	0,026	0,043	11,587
15,000	-1,970	-1,519	-1,388	-1,238	-1,204	-1,188	-1,177	-1,173	-1,166	-1,166	-1,165	-1,163	-1,158	-1,155	-1,152	0,923	0,666	0,506	0,264	0,178	0,123	0,095	0,074	0,053	0,041	0,029	0,024	0,020	0,015	0,010	0,041	12,275
	run	7	2022:11:15    09:15:55,637
0,000	-3,606	-3,317	-3,200	-3,086	-3,054	-3,039	-3,033	-3,027	-3,022	-3,024	-3,021	-3,020	-3,018	-3,011	-3,005	0,622	0,474	0,372	0,199	0,139	0,093	0,075	0,059	0,044	0,029	0,024	0,020	0,018	0,017	0,011	0,032	11,316
1,000	-4,216	-4,271	-4,271	-4,234	-4,197	-4,175	-4,164	-4,155	-4,147	-4,145	-4,138	-4,130	-4,123	-4,110	-4,094	-0,142	-0,060	-0,013	0,048	0,060	0,048	0,046	0,041	0,036	0,030	0,031	0,033	0,032	0,031	0,022	0,051	11,411
2,000	-2,603	-2,663	-2,669	-2,687	-2,675	-2,664	-2,655	-2,644	-2,637	-2,628	-2,623	-2,614	-2,607	-2,595	-2,588	-0,105	-0,072	-0,048	-0,004	0,016	0,025	0,029	0,032	0,033	0,029	0,030	0,028	0,026	0,023	0,018	0,035	11,792
3,000	-5,230	-5,277	-5,299	-5,284	-5,259	-5,239	-5,232	-5,227	-5,216	-5,225	-5,221	-5,218	-5,213	-5,199	-5,183	-0,075	-0,054	-0,028	0,025	0,038	0,030	0,027	0,026	0,015	0,011	0,013	0,022	0,027	0,030	0,024	0,072	12,700
4,000	-2,877	-2,928	-2,941	-2,958	-2,952	-2,946	-2,944	-2,941	-2,938	-2,934	-2,925	-2,926	-2,909	-2,891	-2,867	-0,096	-0,065	-0,050	-0,016	-0,000	0,010	0,015	0,015	0,018	0,023	0,031	0,035	0,038	0,040	0,033	0,043	12,561
5,000	-3,232	-3,295	-3,321	-3,350	-3,348	-3,352	-3,354	-3,357	-3,355	-3,359	-3,354	-3,353	-3,341	-3,322	-3,297	-0,119	-0,100	-0,078	-0,039	-0,025	-0,016	-0,011	-0,008	0,001	0,007	0,018	0,026	0,035	0,041	0,034	0,046	11,462
6,000	-2,030	-2,067	-2,067	-2,066	-2,045	-2,030	-2,023	-2,018	-2,006	-2,006	-2,000	-1,999	-1,993	-1,992	-1,986	-0,064	-0,037	-0,013	0,018	0,033	0,029	0,031	0,028	0,026	0,021	0,013	0,013	0,010	0,012	0,009	0,032	11,770
7,000	-1,547	-1,562	-1,561	-1,573	-1,573	-1,574	-1,579	-1,580	-1,583	-1,586	-1,588	-1,587	-1,591	-1,591	-1,587	-0,031	-0,025	-0,018	-0,011	-0,012	-0,013	-0,012	-0,011	-0,011	-0,009	-0,007	0,000	-0,004	0,004	0,002	0,030	11,118
8,000	-5,214	-5,238	-5,232	-5,229	-5,216	-5,207	-5,200	-5,198	-5,189	-5,196	-5,192	-5,188	-5,192	-5,186	-5,181	-0,023	-0,008	-0,002	0,013	0,023	0,021	0,020	0,019	0,014	0,008	0,011	0,008	0,004	0,011	0,004	0,061	11,265
9,000	-2,150	-2,134	-2,146	-2,133	-2,126	-2,115	-2,113	-2,113	-2,104	-2,103	-2,102	-2,084	-2,078	-2,054	-2,034	0,021	-0,006	0,008	0,020	0,020	0,020	0,020	0,021	0,024	0,024	0,034	0,038	0,044	0,045	0,034	0,053	12,722
10,000	-1,439	-1,445	-1,431	-1,398	-1,372	-1,355	-1,343	-1,335	-1,331	-1,332	-1,330	-1,328	-1,321	-1,313	-1,297	-0,006	0,024	0,038	0,054	0,051	0,048	0,039	0,032	0,025	0,020	0,020	0,023	0,023	0,025	0,022	0,052	13,381
11,000	-2,999	-3,000	-2,987	-2,969	-2,950	-2,942	-2,933	-2,929	-2,922	-2,921	-2,916	-2,909	-2,904	-2,896	-2,887	0,002	0,016	0,020	0,034	0,034	0,028	0,030	0,026	0,027	0,022	0,024	0,023	0,021	0,021	0,014	0,044	13,557
12,000	-4,273	-4,302	-4,293	-4,289	-4,277	-4,274	-4,274	-4,270	-4,268	-4,273	-4,269	-4,263	-4,255	-4,235	-4,211	-0,021	-0,008	-0,002	0,013	0,015	0,009	0,010	0,012	0,011	0,012	0,020	0,030	0,037	0,041	0,034	0,058	12,920
13,000	-1,955	-1,965	-1,994	-1,991	-1,991	-1,986	-1,985	-1,980	-1,981	-1,979	-1,973	-1,971	-1,958	-1,948	-1,924	-0,050	-0,047	-0,033	-0,005	0,002	0,004	0,009	0,012	0,009	0,014	0,021	0,026	0,031	0,035	0,028	0,041	11,653
14,000	-3,301	-3,175	-3,077	-2,988	-2,950	-2,930	-2,924	-2,913	-2,906	-2,905	-2,901	-2,892	-2,885	-2,871	-2,855	0,275	0,266	0,228	0,148	0,113	0,089	0,072	0,058	0,048	0,039	0,034	0,036	0,037	0,035	0,027	0,043	11,689
15,000	-1,972	-1,524	-1,391	-1,244	-1,208	-1,191	-1,182	-1,176	-1,170	-1,168	-1,169	-1,167	-1,162	-1,161	-1,156	0,927	0,668	0,506	0,267	0,180	0,123	0,095	0,075	0,053	0,041	0,029	0,023	0,018	0,014	0,010	0,040	12,305
	run	8	2022:11:15    09:15:55,680
0,000	-3,539	-3,253	-3,132	-3,028	-2,994	-2,981	-2,974	-2,969	-2,964	-2,965	-2,963	-2,960	-2,959	-2,955	-2,948	0,612	0,470	0,367	0,196	0,137	0,095	0,074	0,057	0,043	0,031	0,026	0,021	0,018	0,017	0,012	0,032	11,404
1,000	-4,181	-4,238	-4,239	-4,198	-4,164	-4,140	-4,128	-4,122	-4,112	-4,111	-4,102	-4,098	-4,088	-4,074	-4,059	-0,139	-0,058	-0,011	0,051	0,058	0,050	0,045	0,041	0,038	0,032	0,033	0,032	0,030	0,032	0,023	0,050	11,506
2,000	-2,603	-2,663	-2,669	-2,687	-2,675	-2,664	-2,655	-2,644	-2,637	-2,628	-2,623	-2,614	-2,607	-2,595	-2,588	-0,105	-0,072	-0,048	-0,004	0,016	0,025	0,029	0,032	0,033	0,029	0,030	0,028	0,026	0,023	0,018	0,035	11,792
3,000	-5,230	-5,277	-5,299	-5,284	-5,259	-5,239	-5,232	-5,227	-5,216	-5,225	-5,221	-5,218	-5,213	-5,199	-5,183	-0,075	-0,054	-0,028	0,025	0,038	0,030	0,027	0,026	0,015	0,011	0,013	0,022	0,027	0,030	0,024	0,072	12,700
4,000	-2,877	-2,928	-2,941	-2,958	-2,952	-2,946	-2,944	-2,941	-2,938	-2,934	-2,925	-2,926	-2,909	-2,891	-2,867	-0,096	-0,065	-0,050	-0,016	-0,000	0,010	0,015	0,015	0,018	0,023	0,031	0,035	0,038	0,040	0,033	0,043	12,561
5,000	-3,232	-3,295	-3,321	-3,350	-3,348	-3,352	-3,354	-3,357	-3,355	-3,359	-3,354	-3,353	-3,341	-3,322	-3,297	-0,119	-0,100	-0,078	-0,039	-0,025	-0,016	-0,011	-0,008	0,001	0,007	0,018	0,026	0,035	0,041	0,034	0,046	11,462
6,000	-2,030	-2,067	-2,067	-2,066	-2,045	-2,030	-2,023	-2,018	-2,006	-2,006	-2,000	-1,999	-1,993	-1,992	-1,986	-0,064	-0,037	-0,013	0,018	0,033	0,029	0,031	0,028	0,026	0,021	0,013	0,013	0,010	0,012	0,009	0,032	11,770
7,000	-1,547	-1,562	-1,561	-1,573	-1,573	-1,574	-1,579	-1,580	-1,583	-1,586	-1,588	-1,587	-1,591	-1,591	-1,587	-0,031	-0,025	-0,018	-0,011	-0,012	-0,013	-0,012	-0,011	-0,011	-0,009	-0,007	0,000	-0,004	0,004	0,002	0,030	11,118
8,000	-5,235	-5,262	-5,250	-5,262	-5,247	-5,237	-5,228	-5,226	-5,220	-5,224	-5,222	-5,223	-5,220	-5,212	-5,212	-0,029	-0,008	-0,007	0,012	0,020	0,022	0,017	0,016	0,014	0,008	0,009	0,010	0,008	0,006	0,006	0,060	11,133
9,000	-2,028	-1,997	-2,021	-2,004	-1,999	-1,989	-1,987	-1,982	-1,979	-1,976	-1,971	-1,967	-1,950	-1,933	-1,913	0,018	-0,002	0,006	0,025	0,023	0,018	0,020	0,015	0,025	0,026	0,025	0,031	0,041	0,040	0,035	0,052	12,773
10,000	-1,364	-1,370	-1,361	-1,331	-1,310	-1,296	-1,289	-1,280	-1,282	-1,279	-1,278	-1,280	-1,270	-1,261	-1,246	-0,009	0,019	0,028	0,039	0,042	0,037	0,033	0,026	0,015	0,014	0,019	0,019	0,024	0,024	0,023	0,051	13,440
11,000	-2,820	-2,820	-2,817	-2,803	-2,788	-2,778	-2,773	-2,769	-2,762	-2,760	-2,755	-2,751	-2,746	-2,736	-2,730	-0,006	0,005	0,013	0,028	0,032	0,025	0,026	0,025	0,025	0,023	0,021	0,020	0,019	0,021	0,012	0,042	13,711
12,000	-4,110	-4,134	-4,122	-4,121	-4,106	-4,102	-4,102	-4,100	-4,098	-4,101	-4,097	-4,091	-4,083	-4,064	-4,041	-0,019	-0,002	0,005	0,016	0,017	0,014	0,013	0,014	0,014	0,014	0,020	0,030	0,036	0,040	0,032	0,057	13,081
13,000	-1,913	-1,929	-1,958	-1,958	-1,957	-1,954	-1,948	-1,947	-1,948	-1,944	-1,942	-1,938	-1,927	-1,914	-1,897	-0,050	-0,053	-0,032	-0,006	-0,002	0,005	0,006	0,008	0,014	0,013	0,023	0,019	0,028	0,035	0,024	0,041	11,785
14,000	-3,242	-3,124	-3,031	-2,940	-2,902	-2,883	-2,873	-2,864	-2,858	-2,853	-2,850	-2,844	-2,835	-2,823	-2,808	0,269	0,260	0,223	0,146	0,115	0,086	0,072	0,057	0,047	0,037	0,035	0,035	0,035	0,035	0,026	0,043	11,777
15,000	-1,944	-1,504	-1,370	-1,225	-1,192	-1,173	-1,163	-1,160	-1,152	-1,153	-1,155	-1,151	-1,146	-1,144	-1,138	0,918	0,663	0,501	0,262	0,177	0,120	0,094	0,073	0,053	0,039	0,029	0,023	0,019	0,014	0,009	0,041	12,312
	run	9	2022:11:15    09:15:55,781
0,000	-3,491	-3,206	-3,088	-2,982	-2,951	-2,936	-2,930	-2,925	-2,918	-2,923	-2,918	-2,916	-2,914	-2,908	-2,903	0,606	0,468	0,365	0,193	0,136	0,093	0,073	0,055	0,043	0,031	0,026	0,021	0,017	0,018	0,012	0,032	11,536
1,000	-4,149	-4,204	-4,204	-4,166	-4,130	-4,108	-4,095	-4,088	-4,080	-4,079	-4,072	-4,064	-4,057	-4,042	-4,029	-0,135	-0,056	-0,012	0,051	0,056	0,049	0,044	0,039	0,037	0,031	0,033	0,032	0,034	0,032	0,022	0,051	11,624
2,000	-2,685	-2,745	-2,753	-2,766	-2,751	-2,738	-2,725	-2,717	-2,707	-2,699	-2,690	-2,682	-2,676	-2,665	-2,655	-0,106	-0,071	-0,045	0,002	0,021	0,029	0,036	0,036	0,035	0,032	0,031	0,029	0,030	0,027	0,016	0,035	11,821
3,000	-5,499	-5,538	-5,554	-5,531	-5,497	-5,474	-5,460	-5,453	-5,453	-5,454	-5,454	-5,449	-5,442	-5,425	-5,409	-0,072	-0,050	-0,014	0,042	0,053	0,044	0,038	0,030	0,021	0,016	0,018	0,021	0,032	0,032	0,026	0,073	12,620
4,000	-3,012	-3,074	-3,082	-3,102	-3,094	-3,096	-3,093	-3,089	-3,082	-3,082	-3,074	-3,070	-3,058	-3,034	-3,014	-0,105	-0,073	-0,055	-0,021	-0,007	0,004	0,010	0,013	0,019	0,023	0,026	0,035	0,042	0,042	0,033	0,044	12,349
5,000	-3,408	-3,470	-3,496	-3,524	-3,524	-3,529	-3,528	-3,530	-3,531	-3,532	-3,532	-3,526	-3,515	-3,494	-3,467	-0,117	-0,103	-0,078	-0,041	-0,025	-0,016	-0,010	-0,008	-0,001	0,006	0,019	0,027	0,038	0,043	0,037	0,047	11,243
6,000	-2,095	-2,128	-2,122	-2,123	-2,103	-2,088	-2,082	-2,071	-2,064	-2,062	-2,055	-2,055	-2,050	-2,042	-2,043	-0,062	-0,033	-0,011	0,024	0,033	0,028	0,030	0,027	0,027	0,021	0,017	0,020	0,014	0,012	0,007	0,032	11,704
7,000	-1,554	-1,571	-1,570	-1,581	-1,579	-1,580	-1,584	-1,586	-1,588	-1,593	-1,591	-1,597	-1,594	-1,593	-1,590	-0,027	-0,028	-0,016	-0,010	-0,009	-0,010	-0,010	-0,007	-0,007	-0,010	-0,005	-0,003	-0,001	0,001	0,003	0,028	11,023
8,000	-5,338	-5,365	-5,361	-5,362	-5,352	-5,341	-5,333	-5,332	-5,330	-5,331	-5,327	-5,330	-5,327	-5,320	-5,320	-0,028	-0,010	-0,007	0,012	0,021	0,019	0,015	0,015	0,015	0,007	0,005	0,004	0,009	0,010	0,004	0,061	11,067
9,000	-1,991	-1,971	-1,982	-1,964	-1,953	-1,950	-1,944	-1,941	-1,937	-1,937	-1,929	-1,920	-1,911	-1,891	-1,868	0,024	0,004	0,017	0,027	0,024	0,020	0,021	0,020	0,026	0,023	0,028	0,031	0,040	0,045	0,035	0,052	12,678
10,000	-1,341	-1,353	-1,337	-1,314	-1,295	-1,282	-1,275	-1,267	-1,266	-1,267	-1,263	-1,261	-1,254	-1,241	-1,230	-0,008	0,016	0,023	0,040	0,042	0,035	0,031	0,026	0,018	0,018	0,015	0,017	0,022	0,023	0,019	0,051	13,330
11,000	-2,764	-2,761	-2,756	-2,742	-2,727	-2,719	-2,715	-2,709	-2,705	-2,701	-2,696	-2,693	-2,686	-2,678	-2,672	-0,009	0,002	0,010	0,025	0,029	0,026	0,026	0,024	0,021	0,022	0,018	0,019	0,020	0,017	0,013	0,042	13,733
12,000	-4,047	-4,070	-4,056	-4,051	-4,038	-4,033	-4,032	-4,031	-4,027	-4,032	-4,029	-4,022	-4,013	-3,994	-3,972	-0,016	-0,000	0,007	0,015	0,017	0,016	0,014	0,016	0,015	0,014	0,021	0,027	0,035	0,039	0,031	0,057	13,140
13,000	-1,860	-1,878	-1,905	-1,909	-1,905	-1,903	-1,898	-1,898	-1,894	-1,893	-1,892	-1,888	-1,882	-1,866	-1,849	-0,052	-0,046	-0,037	-0,010	-0,003	0,002	0,007	0,010	0,013	0,013	0,017	0,021	0,027	0,032	0,026	0,041	11,836
14,000	-3,176	-3,051	-2,956	-2,874	-2,837	-2,817	-2,809	-2,800	-2,793	-2,793	-2,787	-2,781	-2,774	-2,761	-2,745	0,265	0,256	0,222	0,143	0,110	0,083	0,068	0,057	0,045	0,036	0,033	0,033	0,033	0,035	0,023	0,043	11,851
15,000	-1,890	-1,459	-1,327	-1,186	-1,154	-1,137	-1,129	-1,125	-1,118	-1,118	-1,118	-1,118	-1,112	-1,109	-1,106	0,884	0,639	0,487	0,253	0,172	0,116	0,091	0,069	0,049	0,038	0,028	0,021	0,016	0,013	0,010	0,040	12,400
	run	10	2022:11:15    09:15:55,832
0,000	-3,491	-3,206	-3,088	-2,982	-2,951	-2,936	-2,930	-2,925	-2,918	-2,923	-2,918	-2,916	-2,914	-2,908	-2,903	0,606	0,468	0,365	0,193	0,136	0,093	0,073	0,055	0,043	0,031	0,026	0,021	0,017	0,018	0,012	0,032	11,536
1,000	-4,149	-4,204	-4,204	-4,166	-4,130	-4,108	-4,095	-4,088	-4,080	-4,079	-4,072	-4,064	-4,057	-4,042	-4,029	-0,135	-0,056	-0,012	0,051	0,056	0,049	0,044	0,039	0,037	0,031	0,033	0,032	0,034	0,032	0,022	0,051	11,624
2,000	-2,685	-2,745	-2,753	-2,766	-2,751	-2,738	-2,725	-2,717	-2,707	-2,699	-2,690	-2,682	-2,676	-2,665	-2,655	-0,106	-0,071	-0,045	0,002	0,021	0,029	0,036	0,036	0,035	0,032	0,031	0,029	0,030	0,027	0,016	0,035	11,821
3,000	-5,499	-5,538	-5,554	-5,531	-5,497	-5,474	-5,460	-5,453	-5,453	-5,454	-5,454	-5,449	-5,442	-5,425	-5,409	-0,072	-0,050	-0,014	0,042	0,053	0,044	0,038	0,030	0,021	0,016	0,018	0,021	0,032	0,032	0,026	0,073	12,620
4,000	-3,012	-3,074	-3,082	-3,102	-3,094	-3,096	-3,093	-3,089	-3,082	-3,082	-3,074	-3,070	-3,058	-3,034	-3,014	-0,105	-0,073	-0,055	-0,021	-0,007	0,004	0,010	0,013	0,019	0,023	0,026	0,035	0,042	0,042	0,033	0,044	12,349
5,000	-3,408	-3,470	-3,496	-3,524	-3,524	-3,529	-3,528	-3,530	-3,531	-3,532	-3,532	-3,526	-3,515	-3,494	-3,467	-0,117	-0,103	-0,078	-0,041	-0,025	-0,016	-0,010	-0,008	-0,001	0,006	0,019	0,027	0,038	0,043	0,037	0,047	11,243
6,000	-2,089	-2,126	-2,123	-2,115	-2,089	-2,080	-2,070	-2,063	-2,058	-2,054	-2,052	-2,051	-2,045	-2,033	-2,031	-0,061	-0,033	-0,014	0,027	0,034	0,033	0,035	0,025	0,022	0,020	0,020	0,012	0,015	0,012	0,008	0,033	11,616
7,000	-1,569	-1,587	-1,583	-1,589	-1,588	-1,589	-1,591	-1,596	-1,599	-1,599	-1,601	-1,604	-1,604	-1,600	-1,596	-0,029	-0,022	-0,013	-0,007	-0,010	-0,010	-0,009	-0,010	-0,009	-0,006	-0,006	0,002	0,001	0,001	0,003	0,030	11,030
8,000	-5,315	-5,344	-5,339	-5,340	-5,331	-5,315	-5,316	-5,312	-5,314	-5,316	-5,313	-5,312	-5,307	-5,304	-5,307	-0,026	-0,010	-0,012	0,012	0,012	0,016	0,011	0,010	0,010	0,006	0,000	0,000	0,008	0,001	0,004	0,060	11,089
9,000	-2,096	-2,078	-2,081	-2,059	-2,049	-2,033	-2,043	-2,034	-2,030	-2,024	-2,021	-2,015	-2,005	-1,978	-1,956	0,021	0,010	0,021	0,025	0,032	0,023	0,018	0,021	0,024	0,026	0,032	0,043	0,040	0,047	0,039	0,052	12,568
10,000	-1,381	-1,384	-1,372	-1,344	-1,323	-1,305	-1,297	-1,292	-1,284	-1,284	-1,282	-1,283	-1,273	-1,267	-1,254	-0,007	0,020	0,036	0,050	0,050	0,045	0,037	0,030	0,025	0,023	0,018	0,021	0,021	0,024	0,022	0,051	13,242
11,000	-2,807	-2,807	-2,802	-2,785	-2,770	-2,758	-2,753	-2,749	-2,742	-2,736	-2,732	-2,728	-2,723	-2,715	-2,708	-0,007	0,005	0,015	0,031	0,032	0,029	0,027	0,027	0,025	0,023	0,022	0,021	0,018	0,020	0,011	0,042	13,623
12,000	-4,086	-4,115	-4,100	-4,101	-4,086	-4,085	-4,083	-4,081	-4,080	-4,081	-4,079	-4,073	-4,065	-4,045	-4,024	-0,019	-0,004	0,002	0,013	0,014	0,013	0,012	0,013	0,013	0,013	0,020	0,028	0,034	0,039	0,028	0,057	13,030
13,000	-1,845	-1,863	-1,888	-1,894	-1,891	-1,889	-1,883	-1,886	-1,882	-1,882	-1,880	-1,878	-1,869	-1,854	-1,836	-0,054	-0,046	-0,036	-0,004	-0,004	-0,001	0,004	0,007	0,010	0,015	0,017	0,020	0,029	0,031	0,025	0,041	11,821
14,000	-3,087	-2,964	-2,868	-2,784	-2,749	-2,730	-2,724	-2,715	-2,706	-2,707	-2,702	-2,698	-2,689	-2,676	-2,663	0,259	0,257	0,221	0,140	0,108	0,081	0,068	0,057	0,044	0,037	0,033	0,032	0,032	0,032	0,022	0,042	11,887
15,000	-1,869	-1,440	-1,312	-1,168	-1,138	-1,121	-1,113	-1,110	-1,103	-1,104	-1,103	-1,104	-1,097	-1,096	-1,090	0,869	0,634	0,483	0,250	0,170	0,114	0,088	0,067	0,050	0,036	0,027	0,021	0,017	0,013	0,010	0,040	12,480
	run	11	2022:11:15    09:15:55,933
0,000	-3,507	-3,211	-3,093	-2,987	-2,954	-2,939	-2,932	-2,928	-2,923	-2,925	-2,922	-2,919	-2,919	-2,911	-2,907	0,615	0,473	0,368	0,193	0,136	0,094	0,073	0,057	0,042	0,029	0,025	0,021	0,019	0,016	0,011	0,033	11,558
1,000	-4,204	-4,261	-4,261	-4,221	-4,184	-4,160	-4,147	-4,139	-4,129	-4,128	-4,121	-4,115	-4,107	-4,093	-4,078	-0,133	-0,058	-0,010	0,054	0,060	0,050	0,048	0,043	0,038	0,032	0,034	0,034	0,031	0,034	0,023	0,051	11,550
2,000	-2,709	-2,771	-2,778	-2,791	-2,778	-2,764	-2,751	-2,741	-2,730	-2,724	-2,717	-2,709	-2,700	-2,687	-2,680	-0,109	-0,067	-0,046	0,002	0,020	0,031	0,034	0,035	0,035	0,031	0,032	0,032	0,027	0,027	0,017	0,035	11,763
3,000	-5,529	-5,568	-5,589	-5,560	-5,526	-5,502	-5,488	-5,487	-5,480	-5,483	-5,482	-5,477	-5,472	-5,459	-5,439	-0,075	-0,050	-0,010	0,044	0,054	0,040	0,035	0,032	0,022	0,018	0,024	0,023	0,026	0,030	0,025	0,073	12,590
4,000	-3,077	-3,135	-3,148	-3,171	-3,161	-3,162	-3,163	-3,161	-3,155	-3,151	-3,141	-3,136	-3,120	-3,105	-3,083	-0,102	-0,074	-0,059	-0,024	-0,008	0,002	0,008	0,014	0,019	0,022	0,033	0,035	0,038	0,046	0,033	0,044	12,305
5,000	-3,395	-3,451	-3,481	-3,503	-3,504	-3,507	-3,507	-3,510	-3,509	-3,513	-3,507	-3,504	-3,494	-3,472	-3,447	-0,116	-0,098	-0,076	-0,036	-0,020	-0,015	-0,008	-0,005	-0,000	0,009	0,015	0,028	0,035	0,043	0,035	0,047	11,177
6,000	-2,059	-2,094	-2,092	-2,084	-2,065	-2,050	-2,044	-2,033	-2,026	-2,020	-2,021	-2,019	-2,016	-2,009	-2,004	-0,062	-0,029	-0,011	0,025	0,031	0,035	0,030	0,027	0,027	0,022	0,021	0,015	0,013	0,011	0,007	0,032	11,587
7,000	-1,572	-1,588	-1,589	-1,602	-1,599	-1,605	-1,603	-1,609	-1,609	-1,615	-1,615	-1,619	-1,617	-1,615	-1,614	-0,031	-0,023	-0,017	-0,011	-0,008	-0,012	-0,012	-0,010	-0,010	-0,010	-0,004	-0,003	-0,000	0,003	0,002	0,030	11,125
8,000	-5,295	-5,322	-5,317	-5,321	-5,309	-5,296	-5,290	-5,284	-5,277	-5,283	-5,279	-5,278	-5,279	-5,274	-5,272	-0,029	-0,012	-0,007	0,015	0,023	0,022	0,020	0,014	0,013	0,009	0,004	0,008	0,003	0,006	0,004	0,061	11,169
9,000	-2,219	-2,194	-2,208	-2,190	-2,181	-2,172	-2,167	-2,162	-2,155	-2,160	-2,151	-2,147	-2,134	-2,107	-2,083	0,017	0,011	0,010	0,029	0,026	0,019	0,028	0,020	0,030	0,030	0,028	0,041	0,042	0,050	0,043	0,056	12,656
10,000	-1,418	-1,420	-1,404	-1,371	-1,350	-1,329	-1,321	-1,312	-1,307	-1,310	-1,311	-1,307	-1,297	-1,287	-1,278	-0,005	0,027	0,036	0,055	0,053	0,044	0,039	0,029	0,025	0,018	0,020	0,021	0,022	0,024	0,019	0,052	13,352
11,000	-2,939	-2,932	-2,924	-2,908	-2,891	-2,880	-2,874	-2,870	-2,863	-2,857	-2,853	-2,848	-2,842	-2,832	-2,824	0,002	0,009	0,021	0,032	0,037	0,030	0,030	0,027	0,027	0,024	0,024	0,021	0,022	0,021	0,014	0,044	13,572
12,000	-4,148	-4,176	-4,160	-4,161	-4,148	-4,147	-4,146	-4,142	-4,141	-4,144	-4,142	-4,135	-4,126	-4,107	-4,085	-0,023	-0,009	0,000	0,010	0,014	0,012	0,010	0,010	0,011	0,013	0,021	0,029	0,033	0,040	0,032	0,058	12,971
13,000	-1,876	-1,893	-1,922	-1,925	-1,923	-1,919	-1,917	-1,914	-1,907	-1,912	-1,909	-1,904	-1,894	-1,881	-1,862	-0,048	-0,051	-0,035	-0,006	-0,002	-0,001	0,005	0,006	0,010	0,010	0,019	0,022	0,030	0,035	0,025	0,041	11,711
14,000	-3,082	-2,972	-2,872	-2,791	-2,750	-2,735	-2,726	-2,719	-2,713	-2,710	-2,704	-2,700	-2,693	-2,680	-2,664	0,254	0,255	0,217	0,140	0,108	0,081	0,067	0,054	0,044	0,036	0,035	0,033	0,031	0,034	0,024	0,042	11,829
15,000	-1,892	-1,452	-1,323	-1,180	-1,148	-1,131	-1,122	-1,117	-1,112	-1,114	-1,112	-1,111	-1,106	-1,103	-1,101	0,885	0,644	0,485	0,253	0,170	0,115	0,089	0,068	0,050	0,036	0,027	0,021	0,019	0,013	0,010	0,041	12,458
	run	12	2022:11:15    09:15:56,033
0,000	-3,562	-3,272	-3,151	-3,044	-3,011	-2,997	-2,989	-2,984	-2,980	-2,981	-2,981	-2,979	-2,976	-2,969	-2,962	0,612	0,471	0,372	0,197	0,138	0,094	0,075	0,058	0,043	0,030	0,025	0,024	0,019	0,017	0,011	0,033	11,440
1,000	-4,208	-4,263	-4,266	-4,224	-4,188	-4,162	-4,150	-4,144	-4,136	-4,132	-4,125	-4,119	-4,111	-4,096	-4,082	-0,140	-0,056	-0,008	0,056	0,060	0,051	0,046	0,043	0,039	0,031	0,032	0,031	0,032	0,033	0,020	0,051	11,477
2,000	-2,665	-2,727	-2,735	-2,751	-2,737	-2,723	-2,715	-2,704	-2,694	-2,688	-2,681	-2,672	-2,667	-2,654	-2,644	-0,114	-0,071	-0,048	-0,004	0,017	0,028	0,031	0,034	0,032	0,030	0,030	0,029	0,026	0,024	0,017	0,035	11,770
3,000	-5,319	-5,366	-5,383	-5,369	-5,340	-5,319	-5,308	-5,303	-5,295	-5,303	-5,299	-5,295	-5,292	-5,276	-5,260	-0,078	-0,054	-0,024	0,033	0,042	0,034	0,032	0,026	0,020	0,016	0,016	0,024	0,029	0,033	0,022	0,071	12,642
4,000	-2,845	-2,905	-2,914	-2,935	-2,924	-2,923	-2,923	-2,915	-2,915	-2,908	-2,899	-2,895	-2,889	-2,868	-2,844	-0,100	-0,065	-0,052	-0,017	-0,002	0,005	0,010	0,013	0,019	0,020	0,027	0,033	0,039	0,041	0,032	0,043	12,473
5,000	-3,166	-3,220	-3,252	-3,278	-3,279	-3,280	-3,282	-3,284	-3,283	-3,285	-3,282	-3,280	-3,268	-3,249	-3,223	-0,115	-0,096	-0,076	-0,036	-0,024	-0,016	-0,011	-0,008	0,001	0,006	0,016	0,027	0,034	0,041	0,035	0,046	11,492
6,000	-1,991	-2,027	-2,033	-2,023	-2,008	-1,996	-1,987	-1,978	-1,977	-1,973	-1,969	-1,962	-1,958	-1,956	-1,953	-0,063	-0,037	-0,016	0,019	0,026	0,030	0,030	0,028	0,017	0,020	0,018	0,022	0,016	0,011	0,007	0,032	11,887
7,000	-1,541	-1,557	-1,558	-1,564	-1,561	-1,563	-1,566	-1,570	-1,569	-1,575	-1,579	-1,578	-1,576	-1,575	-1,573	-0,026	-0,019	-0,012	-0,007	-0,009	-0,011	-0,010	-0,008	-0,008	-0,010	-0,004	-0,001	0,002	0,005	0,003	0,029	11,177
8,000	-5,319	-5,340	-5,333	-5,342	-5,328	-5,320	-5,312	-5,305	-5,302	-5,305	-5,303	-5,302	-5,301	-5,299	-5,292	-0,026	-0,006	-0,007	0,014	0,016	0,018	0,018	0,015	0,017	0,010	0,018	0,005	0,007	0,010	0,008	0,061	11,133
9,000	-2,156	-2,120	-2,135	-2,119	-2,108	-2,100	-2,094	-2,093	-2,081	-2,084	-2,078	-2,072	-2,057	-2,035	-2,009	0,019	0,008	0,016	0,025	0,023	0,021	0,024	0,026	0,025	0,025	0,036	0,040	0,042	0,049	0,039	0,053	12,649
10,000	-1,431	-1,441	-1,422	-1,398	-1,369	-1,352	-1,343	-1,339	-1,330	-1,333	-1,330	-1,330	-1,321	-1,313	-1,300	-0,003	0,025	0,035	0,050	0,051	0,043	0,037	0,031	0,026	0,020	0,027	0,024	0,025	0,026	0,019	0,052	13,315
11,000	-2,985	-2,982	-2,972	-2,955	-2,937	-2,929	-2,920	-2,917	-2,905	-2,907	-2,900	-2,892	-2,889	-2,879	-2,870	-0,001	0,014	0,020	0,034	0,036	0,032	0,031	0,028	0,028	0,026	0,022	0,024	0,022	0,020	0,014	0,044	13,557
12,000	-4,259	-4,284	-4,275	-4,273	-4,262	-4,258	-4,255	-4,253	-4,251	-4,256	-4,252	-4,246	-4,237	-4,218	-4,192	-0,025	-0,006	0,004	0,011	0,014	0,011	0,012	0,012	0,013	0,015	0,023	0,030	0,036	0,040	0,031	0,059	12,942
13,000	-1,917	-1,934	-1,961	-1,961	-1,958	-1,955	-1,951	-1,953	-1,945	-1,948	-1,945	-1,943	-1,931	-1,918	-1,897	-0,051	-0,045	-0,032	-0,006	0,000	0,004	0,007	0,009	0,011	0,014	0,021	0,021	0,026	0,035	0,024	0,042	11,646
14,000	-3,178	-3,057	-2,960	-2,871	-2,835	-2,816	-2,807	-2,799	-2,792	-2,791	-2,785	-2,780	-2,775	-2,758	-2,743	0,268	0,261	0,224	0,143	0,111	0,084	0,068	0,057	0,047	0,038	0,036	0,034	0,035	0,034	0,025	0,043	11,711
15,000	-1,921	-1,479	-1,348	-1,202	-1,169	-1,151	-1,143	-1,140	-1,134	-1,135	-1,133	-1,134	-1,127	-1,125	-1,120	0,905	0,653	0,497	0,258	0,174	0,120	0,090	0,071	0,051	0,038	0,028	0,023	0,018	0,013	0,010	0,042	12,393
	run	13	2022:11:15    09:15:56,081
0,000	-3,552	-3,265	-3,144	-3,038	-3,004	-2,988	-2,982	-2,976	-2,971	-2,971	-2,970	-2,969	-2,968	-2,960	-2,955	0,606	0,470	0,368	0,197	0,137	0,095	0,074	0,058	0,042	0,031	0,025	0,021	0,018	0,017	0,011	0,033	11,375
1,000	-4,137	-4,197	-4,198	-4,163	-4,129	-4,109	-4,098	-4,092	-4,082	-4,081	-4,074	-4,067	-4,060	-4,045	-4,035	-0,141	-0,064	-0,016	0,046	0,051	0,045	0,041	0,036	0,033	0,029	0,030	0,032	0,031	0,030	0,022	0,051	11,499
2,000	-2,665	-2,727	-2,735	-2,751	-2,737	-2,723	-2,715	-2,704	-2,694	-2,688	-2,681	-2,672	-2,667	-2,654	-2,644	-0,114	-0,071	-0,048	-0,004	0,017	0,028	0,031	0,034	0,032	0,030	0,030	0,029	0,026	0,024	0,017	0,035	11,770
3,000	-5,319	-5,366	-5,383	-5,369	-5,340	-5,319	-5,308	-5,303	-5,295	-5,303	-5,299	-5,295	-5,292	-5,276	-5,260	-0,078	-0,054	-0,024	0,033	0,042	0,034	0,032	0,026	0,020	0,016	0,016	0,024	0,029	0,033	0,022	0,071	12,642
4,000	-2,845	-2,905	-2,914	-2,935	-2,924	-2,923	-2,923	-2,915	-2,915	-2,908	-2,899	-2,895	-2,889	-2,868	-2,844	-0,100	-0,065	-0,052	-0,017	-0,002	0,005	0,010	0,013	0,019	0,020	0,027	0,033	0,039	0,041	0,032	0,043	12,473
5,000	-3,166	-3,220	-3,252	-3,278	-3,279	-3,280	-3,282	-3,284	-3,283	-3,285	-3,282	-3,280	-3,268	-3,249	-3,223	-0,115	-0,096	-0,076	-0,036	-0,024	-0,016	-0,011	-0,008	0,001	0,006	0,016	0,027	0,034	0,041	0,035	0,046	11,492
6,000	-1,991	-2,027	-2,033	-2,023	-2,008	-1,996	-1,987	-1,978	-1,977	-1,973	-1,969	-1,962	-1,958	-1,956	-1,953	-0,063	-0,037	-0,016	0,019	0,026	0,030	0,030	0,028	0,017	0,020	0,018	0,022	0,016	0,011	0,007	0,032	11,887
7,000	-1,541	-1,557	-1,558	-1,564	-1,561	-1,563	-1,566	-1,570	-1,569	-1,575	-1,579	-1,578	-1,576	-1,575	-1,573	-0,026	-0,019	-0,012	-0,007	-0,009	-0,011	-0,010	-0,008	-0,008	-0,010	-0,004	-0,001	0,002	0,005	0,003	0,029	11,177
8,000	-5,333	-5,358	-5,347	-5,357	-5,342	-5,333	-5,332	-5,324	-5,316	-5,323	-5,325	-5,317	-5,315	-5,319	-5,311	-0,026	-0,007	-0,013	0,009	0,016	0,020	0,016	0,015	0,013	0,006	0,011	0,015	0,003	0,009	0,004	0,061	11,125
9,000	-2,075	-2,052	-2,064	-2,041	-2,037	-2,029	-2,026	-2,018	-2,015	-2,013	-2,007	-1,993	-1,986	-1,971	-1,944	0,020	0,006	0,019	0,026	0,024	0,022	0,018	0,024	0,024	0,027	0,031	0,031	0,041	0,045	0,036	0,053	12,605
10,000	-1,434	-1,443	-1,423	-1,395	-1,367	-1,355	-1,346	-1,339	-1,337	-1,333	-1,329	-1,329	-1,320	-1,312	-1,298	-0,010	0,025	0,033	0,050	0,050	0,042	0,037	0,030	0,027	0,022	0,021	0,022	0,024	0,026	0,019	0,053	13,250
11,000	-2,955	-2,953	-2,943	-2,925	-2,907	-2,896	-2,889	-2,886	-2,878	-2,874	-2,870	-2,864	-2,858	-2,848	-2,839	-0,000	0,014	0,022	0,033	0,036	0,031	0,031	0,027	0,027	0,023	0,023	0,024	0,023	0,019	0,013	0,043	13,572
12,000	-4,287	-4,313	-4,302	-4,302	-4,288	-4,286	-4,284	-4,284	-4,281	-4,285	-4,281	-4,273	-4,264	-4,245	-4,223	-0,023	-0,007	-0,001	0,014	0,015	0,010	0,012	0,012	0,011	0,014	0,021	0,029	0,037	0,042	0,033	0,059	12,942
13,000	-1,974	-1,990	-2,016	-2,014	-2,011	-2,009	-2,007	-2,003	-1,996	-1,993	-1,994	-1,989	-1,979	-1,969	-1,952	-0,050	-0,046	-0,033	-0,002	0,001	0,006	0,011	0,011	0,012	0,012	0,022	0,025	0,027	0,032	0,027	0,042	11,631
14,000	-3,311	-3,183	-3,079	-2,994	-2,953	-2,931	-2,924	-2,914	-2,908	-2,906	-2,901	-2,895	-2,886	-2,872	-2,856	0,279	0,269	0,233	0,149	0,117	0,089	0,074	0,060	0,051	0,040	0,036	0,037	0,034	0,033	0,026	0,043	11,646
15,000	-1,965	-1,518	-1,383	-1,236	-1,202	-1,184	-1,176	-1,170	-1,164	-1,163	-1,163	-1,160	-1,157	-1,155	-1,150	0,927	0,666	0,505	0,264	0,178	0,122	0,097	0,072	0,054	0,040	0,029	0,024	0,021	0,015	0,011	0,041	12,268
	run	14	2022:11:15    09:15:56,182
0,000	-3,517	-3,236	-3,115	-3,008	-2,973	-2,958	-2,954	-2,949	-2,943	-2,943	-2,941	-2,940	-2,937	-2,931	-2,927	0,607	0,466	0,365	0,196	0,138	0,094	0,076	0,056	0,045	0,031	0,025	0,020	0,017	0,015	0,012	0,031	11,338
1,000	-4,023	-4,088	-4,091	-4,057	-4,028	-4,006	-3,999	-3,993	-3,984	-3,986	-3,977	-3,971	-3,965	-3,951	-3,939	-0,147	-0,066	-0,020	0,038	0,047	0,038	0,038	0,034	0,030	0,025	0,027	0,029	0,030	0,030	0,020	0,049	11,565
2,000	-2,476	-2,537	-2,543	-2,560	-2,550	-2,540	-2,533	-2,524	-2,515	-2,511	-2,502	-2,495	-2,489	-2,481	-2,472	-0,107	-0,069	-0,048	-0,008	0,011	0,019	0,028	0,027	0,028	0,025	0,028	0,027	0,023	0,021	0,015	0,033	11,924
3,000	-4,985	-5,030	-5,058	-5,053	-5,030	-5,016	-5,009	-5,006	-5,000	-5,006	-5,003	-5,001	-4,999	-4,982	-4,965	-0,079	-0,064	-0,036	0,011	0,025	0,021	0,021	0,018	0,012	0,008	0,012	0,018	0,023	0,028	0,024	0,069	12,854
4,000	-2,772	-2,834	-2,838	-2,854	-2,848	-2,842	-2,840	-2,834	-2,826	-2,829	-2,820	-2,817	-2,802	-2,784	-2,765	-0,097	-0,065	-0,046	-0,014	0,001	0,011	0,013	0,016	0,020	0,022	0,029	0,034	0,036	0,040	0,031	0,041	12,737
5,000	-3,167	-3,227	-3,255	-3,279	-3,285	-3,287	-3,289	-3,288	-3,292	-3,294	-3,290	-3,289	-3,277	-3,258	-3,236	-0,114	-0,098	-0,078	-0,042	-0,026	-0,020	-0,011	-0,009	-0,004	0,004	0,016	0,023	0,034	0,042	0,035	0,047	11,624
6,000	-1,988	-2,023	-2,026	-2,018	-2,003	-1,990	-1,980	-1,973	-1,970	-1,966	-1,969	-1,960	-1,957	-1,952	-1,945	-0,060	-0,033	-0,018	0,019	0,030	0,029	0,024	0,030	0,020	0,024	0,017	0,015	0,010	0,016	0,014	0,032	11,887
7,000	-1,533	-1,556	-1,557	-1,565	-1,563	-1,563	-1,568	-1,569	-1,570	-1,576	-1,578	-1,579	-1,579	-1,576	-1,574	-0,032	-0,020	-0,018	-0,011	-0,010	-0,012	-0,010	-0,013	-0,009	-0,007	-0,003	-0,002	-0,001	0,002	0,004	0,029	11,206
8,000	-5,286	-5,317	-5,312	-5,314	-5,299	-5,294	-5,281	-5,283	-5,278	-5,278	-5,275	-5,275	-5,276	-5,269	-5,266	-0,026	-0,005	-0,007	0,013	0,017	0,018	0,018	0,019	0,012	0,005	0,008	0,008	0,007	0,009	0,003	0,060	11,177
9,000	-2,142	-2,115	-2,129	-2,105	-2,097	-2,090	-2,083	-2,081	-2,082	-2,078	-2,072	-2,056	-2,049	-2,033	-2,008	0,020	0,005	0,016	0,026	0,024	0,018	0,021	0,022	0,022	0,026	0,038	0,039	0,047	0,045	0,039	0,053	12,664
10,000	-1,413	-1,418	-1,399	-1,371	-1,349	-1,332	-1,321	-1,312	-1,313	-1,308	-1,308	-1,307	-1,299	-1,288	-1,275	-0,005	0,023	0,036	0,051	0,050	0,045	0,039	0,032	0,024	0,020	0,022	0,026	0,020	0,026	0,020	0,052	13,323
11,000	-2,933	-2,925	-2,914	-2,894	-2,880	-2,868	-2,864	-2,859	-2,850	-2,848	-2,841	-2,836	-2,829	-2,822	-2,817	-0,002	0,014	0,020	0,034	0,034	0,029	0,029	0,027	0,029	0,024	0,024	0,025	0,022	0,021	0,012	0,043	13,586
12,000	-4,293	-4,321	-4,309	-4,306	-4,295	-4,290	-4,290	-4,288	-4,284	-4,289	-4,286	-4,281	-4,271	-4,249	-4,228	-0,023	-0,005	0,002	0,012	0,013	0,012	0,012	0,012	0,012	0,013	0,021	0,031	0,036	0,041	0,033	0,059	12,949
13,000	-1,989	-2,002	-2,028	-2,030	-2,024	-2,022	-2,015	-2,018	-2,013	-2,008	-2,010	-2,003	-1,996	-1,974	-1,961	-0,048	-0,043	-0,030	-0,005	-0,001	0,006	0,011	0,014	0,012	0,014	0,022	0,024	0,035	0,034	0,027	0,042	11,624
14,000	-3,390	-3,269	-3,170	-3,076	-3,035	-3,016	-3,006	-2,998	-2,989	-2,990	-2,982	-2,977	-2,969	-2,954	-2,940	0,280	0,269	0,232	0,156	0,120	0,091	0,075	0,061	0,050	0,040	0,036	0,035	0,036	0,036	0,025	0,045	11,602
15,000	-1,966	-1,519	-1,385	-1,239	-1,205	-1,188	-1,177	-1,172	-1,166	-1,166	-1,166	-1,164	-1,160	-1,155	-1,152	0,931	0,665	0,505	0,262	0,180	0,125	0,094	0,073	0,054	0,039	0,030	0,023	0,018	0,013	0,008	0,041	12,195
	run	15	2022:11:15    09:15:56,232
0,000	-3,517	-3,236	-3,115	-3,008	-2,973	-2,958	-2,954	-2,949	-2,943	-2,943	-2,941	-2,940	-2,937	-2,931	-2,927	0,607	0,466	0,365	0,196	0,138	0,094	0,076	0,056	0,045	0,031	0,025	0,020	0,017	0,015	0,012	0,031	11,338
1,000	-4,023	-4,088	-4,091	-4,057	-4,028	-4,006	-3,999	-3,993	-3,984	-3,986	-3,977	-3,971	-3,965	-3,951	-3,939	-0,147	-0,066	-0,020	0,038	0,047	0,038	0,038	0,034	0,030	0,025	0,027	0,029	0,030	0,030	0,020	0,049	11,565
2,000	-2,476	-2,537	-2,543	-2,560	-2,550	-2,540	-2,533	-2,524	-2,515	-2,511	-2,502	-2,495	-2,489	-2,481	-2,472	-0,107	-0,069	-0,048	-0,008	0,011	0,019	0,028	0,027	0,028	0,025	0,028	0,027	0,023	0,021	0,015	0,033	11,924
3,000	-4,985	-5,030	-5,058	-5,053	-5,030	-5,016	-5,009	-5,006	-5,000	-5,006	-5,003	-5,001	-4,999	-4,982	-4,965	-0,079	-0,064	-0,036	0,011	0,025	0,021	0,021	0,018	0,012	0,008	0,012	0,018	0,023	0,028	0,024	0,069	12,854
4,000	-2,772	-2,834	-2,838	-2,854	-2,848	-2,842	-2,840	-2,834	-2,826	-2,829	-2,820	-2,817	-2,802	-2,784	-2,765	-0,097	-0,065	-0,046	-0,014	0,001	0,011	0,013	0,016	0,020	0,022	0,029	0,034	0,036	0,040	0,031	0,041	12,737
5,000	-3,167	-3,227	-3,255	-3,279	-3,285	-3,287	-3,289	-3,288	-3,292	-3,294	-3,290	-3,289	-3,277	-3,258	-3,236	-0,114	-0,098	-0,078	-0,042	-0,026	-0,020	-0,011	-0,009	-0,004	0,004	0,016	0,023	0,034	0,042	0,035	0,047	11,624
6,000	-2,009	-2,047	-2,044	-2,045	-2,026	-2,012	-2,006	-1,995	-1,988	-1,989	-1,994	-1,981	-1,978	-1,969	-1,971	-0,060	-0,036	-0,015	0,019	0,029	0,031	0,026	0,028	0,033	0,019	0,016	0,014	0,014	0,014	0,010	0,032	11,858
7,000	-1,562	-1,583	-1,584	-1,592	-1,590	-1,590	-1,593	-1,597	-1,598	-1,602	-1,605	-1,607	-1,609	-1,603	-1,602	-0,028	-0,021	-0,018	-0,011	-0,011	-0,011	-0,011	-0,011	-0,007	-0,008	-0,007	-0,003	0,000	0,004	0,002	0,029	11,177
8,000	-5,300	-5,327	-5,322	-5,327	-5,312	-5,304	-5,294	-5,295	-5,285	-5,287	-5,287	-5,283	-5,281	-5,279	-5,277	-0,026	-0,011	-0,001	0,015	0,015	0,023	0,019	0,015	0,015	0,009	0,006	0,005	0,004	0,012	0,002	0,061	11,147
9,000	-2,183	-2,166	-2,178	-2,155	-2,144	-2,137	-2,132	-2,131	-2,124	-2,120	-2,121	-2,107	-2,100	-2,075	-2,049	0,020	0,002	0,006	0,022	0,026	0,018	0,021	0,025	0,025	0,022	0,037	0,040	0,045	0,044	0,033	0,054	12,649
10,000	-1,419	-1,423	-1,405	-1,374	-1,348	-1,328	-1,319	-1,315	-1,310	-1,309	-1,307	-1,305	-1,296	-1,290	-1,271	-0,007	0,028	0,036	0,053	0,047	0,047	0,038	0,032	0,024	0,022	0,018	0,025	0,026	0,028	0,022	0,052	13,323
11,000	-2,949	-2,940	-2,929	-2,912	-2,893	-2,883	-2,875	-2,871	-2,863	-2,860	-2,854	-2,851	-2,843	-2,836	-2,824	0,002	0,014	0,023	0,035	0,036	0,032	0,029	0,030	0,029	0,025	0,026	0,025	0,021	0,020	0,016	0,043	13,564
12,000	-4,311	-4,338	-4,324	-4,326	-4,314	-4,308	-4,311	-4,307	-4,307	-4,310	-4,306	-4,303	-4,291	-4,269	-4,246	-0,025	-0,005	0,001	0,012	0,013	0,010	0,012	0,011	0,011	0,015	0,020	0,030	0,038	0,042	0,035	0,060	12,927
13,000	-1,973	-1,991	-2,011	-2,011	-2,011	-2,009	-2,004	-2,000	-1,995	-1,996	-1,996	-1,989	-1,980	-1,968	-1,944	-0,054	-0,044	-0,035	-0,001	0,000	0,006	0,010	0,010	0,009	0,014	0,027	0,023	0,030	0,031	0,029	0,042	11,631
14,000	-3,333	-3,207	-3,113	-3,018	-2,976	-2,957	-2,948	-2,940	-2,932	-2,932	-2,927	-2,920	-2,912	-2,900	-2,883	0,280	0,272	0,232	0,152	0,116	0,089	0,072	0,060	0,049	0,040	0,034	0,036	0,035	0,036	0,025	0,044	11,609
15,000	-1,921	-1,474	-1,348	-1,202	-1,169	-1,153	-1,143	-1,140	-1,132	-1,133	-1,132	-1,131	-1,127	-1,124	-1,121	0,908	0,655	0,496	0,258	0,174	0,120	0,093	0,070	0,052	0,038	0,028	0,021	0,018	0,013	0,008	0,042	12,253
	run	16	2022:11:15    09:15:56,332
0,000	-3,404	-3,123	-3,008	-2,904	-2,873	-2,857	-2,851	-2,847	-2,842	-2,842	-2,841	-2,839	-2,838	-2,831	-2,825	0,596	0,460	0,358	0,188	0,133	0,093	0,072	0,056	0,043	0,031	0,024	0,022	0,017	0,015	0,010	0,032	11,646
1,000	-4,054	-4,115	-4,117	-4,082	-4,047	-4,026	-4,019	-4,013	-4,005	-4,004	-3,996	-3,991	-3,983	-3,970	-3,956	-0,147	-0,065	-0,017	0,043	0,050	0,043	0,040	0,036	0,030	0,028	0,029	0,030	0,029	0,030	0,022	0,050	11,719
2,000	-2,628	-2,690	-2,698	-2,713	-2,697	-2,684	-2,674	-2,665	-2,654	-2,648	-2,639	-2,632	-2,626	-2,614	-2,605	-0,105	-0,072	-0,046	0,001	0,019	0,027	0,035	0,033	0,035	0,031	0,031	0,028	0,026	0,026	0,018	0,034	11,895
3,000	-5,387	-5,436	-5,451	-5,431	-5,403	-5,379	-5,371	-5,367	-5,356	-5,364	-5,361	-5,359	-5,353	-5,339	-5,320	-0,074	-0,053	-0,022	0,034	0,045	0,038	0,033	0,027	0,021	0,016	0,018	0,021	0,028	0,031	0,023	0,072	12,686
4,000	-2,858	-2,917	-2,928	-2,941	-2,935	-2,930	-2,931	-2,926	-2,918	-2,920	-2,911	-2,905	-2,893	-2,875	-2,853	-0,097	-0,065	-0,050	-0,015	-0,002	0,007	0,012	0,013	0,008	0,021	0,025	0,037	0,037	0,040	0,032	0,042	12,561
5,000	-3,221	-3,283	-3,307	-3,333	-3,336	-3,340	-3,340	-3,344	-3,340	-3,346	-3,345	-3,340	-3,329	-3,310	-3,284	-0,117	-0,096	-0,078	-0,040	-0,023	-0,017	-0,011	-0,008	-0,001	0,006	0,018	0,024	0,035	0,042	0,035	0,046	11,470
6,000	-2,033	-2,065	-2,065	-2,060	-2,044	-2,032	-2,021	-2,018	-2,009	-2,013	-2,011	-1,996	-1,999	-1,986	-1,989	-0,061	-0,034	-0,015	0,025	0,031	0,027	0,028	0,022	0,024	0,020	0,008	0,017	0,016	0,013	0,010	0,031	11,807
7,000	-1,579	-1,596	-1,596	-1,601	-1,600	-1,600	-1,604	-1,606	-1,607	-1,610	-1,611	-1,615	-1,613	-1,607	-1,606	-0,026	-0,022	-0,013	-0,007	-0,007	-0,010	-0,008	-0,010	-0,005	-0,007	-0,003	-0,002	0,000	0,002	0,002	0,027	11,104
8,000	-5,391	-5,419	-5,414	-5,420	-5,407	-5,398	-5,397	-5,389	-5,384	-5,390	-5,383	-5,383	-5,388	-5,378	-5,378	-0,029	-0,013	-0,006	0,013	0,017	0,014	0,012	0,013	0,010	0,008	0,007	0,003	0,002	0,005	-0,002	0,060	11,038
9,000	-2,158	-2,135	-2,141	-2,119	-2,114	-2,104	-2,097	-2,096	-2,091	-2,087	-2,083	-2,075	-2,055	-2,036	-2,014	0,025	0,003	0,014	0,029	0,031	0,021	0,026	0,025	0,028	0,030	0,036	0,048	0,041	0,050	0,039	0,053	12,561
10,000	-1,442	-1,450	-1,429	-1,400	-1,371	-1,354	-1,342	-1,340	-1,331	-1,333	-1,329	-1,330	-1,320	-1,311	-1,298	-0,004	0,026	0,040	0,056	0,051	0,045	0,040	0,033	0,029	0,020	0,020	0,022	0,025	0,025	0,022	0,053	13,213
11,000	-2,980	-2,977	-2,961	-2,946	-2,928	-2,918	-2,910	-2,905	-2,901	-2,895	-2,890	-2,886	-2,879	-2,871	-2,862	0,006	0,016	0,023	0,037	0,037	0,029	0,031	0,029	0,027	0,023	0,023	0,024	0,020	0,021	0,015	0,043	13,513
12,000	-4,314	-4,343	-4,330	-4,335	-4,324	-4,319	-4,318	-4,315	-4,312	-4,317	-4,313	-4,306	-4,298	-4,280	-4,255	-0,028	-0,010	-0,003	0,008	0,012	0,011	0,012	0,011	0,011	0,013	0,020	0,029	0,037	0,040	0,032	0,059	12,898
13,000	-1,942	-1,954	-1,983	-1,980	-1,980	-1,977	-1,972	-1,970	-1,966	-1,969	-1,964	-1,957	-1,952	-1,936	-1,914	-0,054	-0,044	-0,032	-0,004	-0,001	0,003	0,006	0,011	0,009	0,010	0,021	0,022	0,033	0,032	0,026	0,042	11,609
14,000	-3,170	-3,046	-2,950	-2,858	-2,822	-2,803	-2,794	-2,786	-2,778	-2,778	-2,772	-2,766	-2,760	-2,745	-2,730	0,272	0,268	0,228	0,148	0,111	0,084	0,069	0,057	0,046	0,037	0,036	0,034	0,032	0,031	0,023	0,042	11,689
15,000	-1,865	-1,429	-1,303	-1,159	-1,128	-1,113	-1,104	-1,101	-1,094	-1,094	-1,096	-1,094	-1,089	-1,088	-1,082	0,880	0,642	0,486	0,251	0,168	0,114	0,087	0,066	0,049	0,037	0,025	0,022	0,018	0,012	0,009	0,041	12,429
	run	17	2022:11:15    09:15:56,433
0,000	-3,432	-3,142	-3,021	-2,919	-2,887	-2,874	-2,867	-2,862	-2,857	-2,859	-2,856	-2,855	-2,852	-2,846	-2,841	0,604	0,468	0,364	0,191	0,134	0,094	0,074	0,057	0,042	0,029	0,023	0,021	0,016	0,017	0,012	0,032	11,689
1,000	-4,088	-4,150	-4,155	-4,114	-4,080	-4,058	-4,047	-4,042	-4,031	-4,029	-4,024	-4,016	-4,010	-3,995	-3,982	-0,138	-0,061	-0,011	0,047	0,056	0,047	0,045	0,039	0,035	0,029	0,029	0,031	0,030	0,030	0,022	0,050	11,704
2,000	-2,651	-2,707	-2,718	-2,732	-2,717	-2,704	-2,693	-2,685	-2,674	-2,668	-2,661	-2,652	-2,644	-2,635	-2,624	-0,109	-0,071	-0,045	-0,001	0,019	0,029	0,034	0,034	0,034	0,030	0,029	0,029	0,025	0,025	0,017	0,034	11,836
3,000	-5,389	-5,430	-5,454	-5,430	-5,403	-5,377	-5,368	-5,363	-5,355	-5,361	-5,360	-5,356	-5,350	-5,338	-5,318	-0,072	-0,056	-0,019	0,040	0,047	0,040	0,034	0,027	0,023	0,017	0,019	0,021	0,028	0,031	0,021	0,073	12,664
4,000	-2,947	-3,010	-3,020	-3,036	-3,032	-3,029	-3,028	-3,026	-3,019	-3,015	-3,011	-3,003	-2,992	-2,973	-2,949	-0,104	-0,069	-0,050	-0,021	-0,003	0,003	0,007	0,013	0,019	0,022	0,029	0,033	0,037	0,042	0,034	0,043	12,437
5,000	-3,304	-3,363	-3,390	-3,416	-3,419	-3,420	-3,422	-3,423	-3,422	-3,426	-3,424	-3,418	-3,407	-3,388	-3,363	-0,116	-0,100	-0,076	-0,037	-0,023	-0,017	-0,009	-0,007	-0,000	0,007	0,015	0,028	0,035	0,042	0,033	0,046	11,345
6,000	-2,052	-2,082	-2,089	-2,080	-2,066	-2,049	-2,042	-2,033	-2,030	-2,023	-2,019	-2,017	-2,010	-2,006	-2,000	-0,059	-0,032	-0,020	0,021	0,033	0,030	0,027	0,031	0,024	0,021	0,019	0,017	0,013	0,012	0,012	0,032	11,719
7,000	-1,597	-1,615	-1,613	-1,623	-1,620	-1,621	-1,622	-1,626	-1,627	-1,630	-1,634	-1,634	-1,636	-1,632	-1,629	-0,027	-0,021	-0,014	-0,009	-0,008	-0,009	-0,009	-0,009	-0,009	-0,006	-0,005	-0,001	-0,000	0,003	0,002	0,030	11,118
8,000	-5,426	-5,452	-5,443	-5,456	-5,440	-5,433	-5,430	-5,428	-5,420	-5,424	-5,423	-5,419	-5,419	-5,418	-5,414	-0,037	-0,016	-0,013	0,006	0,015	0,013	0,014	0,014	0,010	0,004	0,003	0,005	0,002	0,005	0,006	0,061	11,016
9,000	-2,221	-2,195	-2,203	-2,177	-2,161	-2,159	-2,148	-2,149	-2,141	-2,140	-2,136	-2,122	-2,115	-2,087	-2,060	0,024	0,015	0,017	0,035	0,030	0,022	0,026	0,027	0,034	0,028	0,036	0,040	0,047	0,048	0,037	0,055	12,473
10,000	-1,461	-1,468	-1,451	-1,415	-1,387	-1,370	-1,361	-1,353	-1,351	-1,350	-1,350	-1,346	-1,338	-1,328	-1,313	-0,002	0,024	0,039	0,053	0,053	0,047	0,039	0,031	0,023	0,023	0,020	0,025	0,025	0,022	0,019	0,053	13,176
11,000	-3,016	-3,008	-2,998	-2,981	-2,963	-2,953	-2,945	-2,940	-2,934	-2,932	-2,925	-2,922	-2,914	-2,907	-2,898	0,006	0,014	0,025	0,035	0,038	0,031	0,031	0,027	0,027	0,023	0,026	0,022	0,021	0,023	0,014	0,044	13,506
12,000	-4,238	-4,270	-4,258	-4,259	-4,248	-4,242	-4,242	-4,241	-4,238	-4,242	-4,238	-4,232	-4,223	-4,204	-4,182	-0,027	-0,007	-0,001	0,010	0,014	0,013	0,011	0,012	0,014	0,014	0,020	0,027	0,034	0,040	0,033	0,058	12,905
13,000	-1,896	-1,910	-1,937	-1,938	-1,935	-1,934	-1,927	-1,928	-1,922	-1,924	-1,921	-1,917	-1,908	-1,897	-1,873	-0,052	-0,045	-0,035	-0,006	0,001	0,003	0,006	0,006	0,008	0,010	0,022	0,020	0,025	0,031	0,029	0,041	11,646
14,000	-3,042	-2,923	-2,826	-2,743	-2,703	-2,686	-2,679	-2,670	-2,664	-2,662	-2,657	-2,651	-2,645	-2,631	-2,618	0,255	0,255	0,221	0,140	0,106	0,081	0,066	0,056	0,046	0,038	0,032	0,033	0,032	0,029	0,023	0,041	11,792
15,000	-1,850	-1,417	-1,288	-1,148	-1,117	-1,100	-1,092	-1,087	-1,084	-1,084	-1,083	-1,083	-1,079	-1,076	-1,072	0,867	0,632	0,481	0,248	0,166	0,113	0,087	0,067	0,048	0,036	0,025	0,021	0,018	0,013	0,009	0,041	12,510
	run	18	2022:11:15    09:15:56,481
0,000	-3,472	-3,186	-3,072	-2,964	-2,934	-2,919	-2,912	-2,908	-2,903	-2,904	-2,903	-2,899	-2,898	-2,891	-2,888	0,605	0,463	0,362	0,194	0,135	0,092	0,073	0,056	0,044	0,031	0,024	0,020	0,017	0,017	0,010	0,034	11,558
1,000	-4,115	-4,173	-4,173	-4,137	-4,104	-4,079	-4,071	-4,066	-4,054	-4,053	-4,048	-4,042	-4,033	-4,020	-4,006	-0,141	-0,060	-0,012	0,045	0,052	0,042	0,043	0,039	0,033	0,029	0,030	0,032	0,031	0,029	0,022	0,051	11,609
2,000	-2,651	-2,707	-2,718	-2,732	-2,717	-2,704	-2,693	-2,685	-2,674	-2,668	-2,661	-2,652	-2,644	-2,635	-2,624	-0,109	-0,071	-0,045	-0,001	0,019	0,029	0,034	0,034	0,034	0,030	0,029	0,029	0,025	0,025	0,017	0,034	11,836
3,000	-5,389	-5,430	-5,454	-5,430	-5,403	-5,377	-5,368	-5,363	-5,355	-5,361	-5,360	-5,356	-5,350	-5,338	-5,318	-0,072	-0,056	-0,019	0,040	0,047	0,040	0,034	0,027	0,023	0,017	0,019	0,021	0,028	0,031	0,021	0,073	12,664
4,000	-2,947	-3,010	-3,020	-3,036	-3,032	-3,029	-3,028	-3,026	-3,019	-3,015	-3,011	-3,003	-2,992	-2,973	-2,949	-0,104	-0,069	-0,050	-0,021	-0,003	0,003	0,007	0,013	0,019	0,022	0,029	0,033	0,037	0,042	0,034	0,043	12,437
5,000	-3,304	-3,363	-3,390	-3,416	-3,419	-3,420	-3,422	-3,423	-3,422	-3,426	-3,424	-3,418	-3,407	-3,388	-3,363	-0,116	-0,100	-0,076	-0,037	-0,023	-0,017	-0,009	-0,007	-0,000	0,007	0,015	0,028	0,035	0,042	0,033	0,046	11,345
6,000	-2,052	-2,082	-2,089	-2,080	-2,066	-2,049	-2,042	-2,033	-2,030	-2,023	-2,019	-2,017	-2,010	-2,006	-2,000	-0,059	-0,032	-0,020	0,021	0,033	0,030	0,027	0,031	0,024	0,021	0,019	0,017	0,013	0,012	0,012	0,032	11,719
7,000	-1,597	-1,615	-1,613	-1,623	-1,620	-1,621	-1,622	-1,626	-1,627	-1,630	-1,634	-1,634	-1,636	-1,632	-1,629	-0,027	-0,021	-0,014	-0,009	-0,008	-0,009	-0,009	-0,009	-0,009	-0,006	-0,005	-0,001	-0,000	0,003	0,002	0,030	11,118
8,000	-5,388	-5,415	-5,407	-5,416	-5,403	-5,391	-5,387	-5,384	-5,377	-5,383	-5,381	-5,379	-5,384	-5,376	-5,374	-0,031	-0,010	-0,011	0,011	0,014	0,016	0,018	0,016	0,011	0,006	0,004	0,005	0,003	0,004	0,004	0,062	11,074
9,000	-2,257	-2,222	-2,235	-2,210	-2,200	-2,193	-2,189	-2,183	-2,175	-2,171	-2,165	-2,157	-2,144	-2,121	-2,094	0,026	0,010	0,022	0,031	0,029	0,024	0,029	0,026	0,029	0,031	0,030	0,040	0,051	0,051	0,037	0,055	12,524
10,000	-1,452	-1,456	-1,436	-1,407	-1,377	-1,362	-1,352	-1,346	-1,339	-1,340	-1,341	-1,338	-1,332	-1,321	-1,306	0,001	0,026	0,040	0,053	0,051	0,046	0,038	0,035	0,022	0,022	0,019	0,020	0,023	0,027	0,018	0,052	13,220
11,000	-2,971	-2,969	-2,955	-2,940	-2,925	-2,914	-2,906	-2,902	-2,896	-2,894	-2,885	-2,882	-2,877	-2,868	-2,859	-0,003	0,012	0,021	0,033	0,033	0,029	0,030	0,027	0,026	0,023	0,023	0,023	0,020	0,020	0,014	0,043	13,513
12,000	-4,157	-4,183	-4,171	-4,171	-4,157	-4,156	-4,155	-4,153	-4,150	-4,152	-4,149	-4,145	-4,135	-4,116	-4,095	-0,024	-0,006	-0,001	0,011	0,014	0,011	0,011	0,012	0,013	0,013	0,020	0,027	0,034	0,041	0,032	0,057	12,957
13,000	-1,873	-1,885	-1,912	-1,913	-1,911	-1,911	-1,907	-1,903	-1,903	-1,902	-1,902	-1,894	-1,887	-1,876	-1,857	-0,052	-0,047	-0,031	-0,005	-0,006	0,002	0,007	0,008	0,011	0,011	0,018	0,026	0,031	0,033	0,028	0,041	11,733
14,000	-3,093	-2,971	-2,873	-2,788	-2,750	-2,731	-2,725	-2,715	-2,709	-2,708	-2,704	-2,698	-2,689	-2,675	-2,662	0,262	0,259	0,221	0,143	0,107	0,082	0,066	0,056	0,045	0,039	0,033	0,033	0,032	0,032	0,023	0,042	11,851
15,000	-1,881	-1,449	-1,321	-1,179	-1,147	-1,132	-1,121	-1,119	-1,113	-1,114	-1,113	-1,112	-1,106	-1,104	-1,102	0,878	0,642	0,483	0,251	0,169	0,115	0,089	0,066	0,050	0,037	0,027	0,021	0,016	0,013	0,011	0,042	12,458
	run	19	2022:11:15    09:15:56,580
0,000	-3,559	-3,267	-3,152	-3,043	-3,010	-2,995	-2,991	-2,983	-2,978	-2,981	-2,980	-2,977	-2,974	-2,966	-2,961	0,615	0,468	0,368	0,196	0,135	0,095	0,074	0,055	0,043	0,030	0,025	0,021	0,018	0,018	0,012	0,034	11,375
1,000	-4,181	-4,238	-4,242	-4,200	-4,164	-4,141	-4,132	-4,124	-4,116	-4,112	-4,105	-4,100	-4,093	-4,077	-4,064	-0,140	-0,061	-0,012	0,049	0,057	0,049	0,045	0,040	0,036	0,030	0,031	0,032	0,031	0,032	0,022	0,051	11,477
2,000	-2,638	-2,704	-2,707	-2,722	-2,712	-2,695	-2,686	-2,677	-2,667	-2,663	-2,654	-2,647	-2,637	-2,628	-2,618	-0,108	-0,071	-0,047	-0,003	0,018	0,027	0,034	0,033	0,033	0,029	0,030	0,028	0,027	0,026	0,018	0,034	11,792
3,000	-5,333	-5,379	-5,402	-5,382	-5,352	-5,329	-5,320	-5,314	-5,311	-5,314	-5,312	-5,306	-5,301	-5,287	-5,269	-0,076	-0,052	-0,024	0,035	0,043	0,034	0,032	0,028	0,021	0,018	0,017	0,025	0,028	0,029	0,022	0,071	12,656
4,000	-2,902	-2,963	-2,976	-2,994	-2,990	-2,987	-2,986	-2,977	-2,978	-2,973	-2,969	-2,960	-2,947	-2,929	-2,906	-0,103	-0,070	-0,050	-0,018	-0,002	0,006	0,013	0,013	0,020	0,021	0,029	0,035	0,039	0,044	0,034	0,044	12,458
5,000	-3,272	-3,333	-3,360	-3,386	-3,389	-3,392	-3,392	-3,397	-3,394	-3,399	-3,396	-3,390	-3,380	-3,359	-3,335	-0,112	-0,097	-0,080	-0,038	-0,024	-0,017	-0,009	-0,006	-0,002	0,005	0,015	0,026	0,035	0,042	0,033	0,045	11,382
6,000	-2,054	-2,088	-2,087	-2,085	-2,069	-2,051	-2,044	-2,037	-2,032	-2,029	-2,026	-2,016	-2,010	-2,008	-2,008	-0,058	-0,032	-0,021	0,019	0,032	0,033	0,031	0,025	0,024	0,018	0,021	0,016	0,016	0,010	0,007	0,031	11,704
7,000	-1,575	-1,594	-1,594	-1,600	-1,600	-1,599	-1,601	-1,603	-1,608	-1,613	-1,615	-1,615	-1,615	-1,613	-1,611	-0,028	-0,018	-0,018	-0,009	-0,009	-0,012	-0,009	-0,010	-0,008	-0,008	-0,004	-0,003	-0,001	0,003	0,003	0,029	11,082
8,000	-5,328	-5,352	-5,338	-5,351	-5,335	-5,329	-5,323	-5,319	-5,314	-5,316	-5,316	-5,313	-5,315	-5,309	-5,307	-0,018	-0,013	-0,004	0,012	0,020	0,017	0,017	0,016	0,011	0,012	0,007	0,004	0,007	0,006	0,005	0,061	11,082
9,000	-2,144	-2,114	-2,127	-2,106	-2,098	-2,090	-2,086	-2,084	-2,079	-2,077	-2,070	-2,061	-2,053	-2,030	-2,006	0,024	-0,001	0,009	0,029	0,025	0,021	0,026	0,021	0,028	0,027	0,028	0,045	0,043	0,045	0,036	0,054	12,642
10,000	-1,399	-1,409	-1,391	-1,364	-1,338	-1,324	-1,314	-1,308	-1,301	-1,303	-1,301	-1,299	-1,291	-1,282	-1,271	-0,010	0,023	0,034	0,048	0,047	0,041	0,037	0,029	0,025	0,020	0,018	0,020	0,020	0,024	0,019	0,052	13,330
11,000	-2,867	-2,867	-2,855	-2,843	-2,827	-2,819	-2,811	-2,807	-2,800	-2,799	-2,793	-2,787	-2,783	-2,776	-2,768	-0,010	0,007	0,014	0,028	0,032	0,028	0,029	0,027	0,024	0,022	0,022	0,022	0,020	0,020	0,012	0,042	13,608
12,000	-4,117	-4,142	-4,127	-4,127	-4,114	-4,109	-4,108	-4,107	-4,104	-4,108	-4,105	-4,098	-4,089	-4,069	-4,049	-0,019	-0,003	0,002	0,014	0,016	0,012	0,013	0,013	0,015	0,014	0,020	0,029	0,035	0,041	0,032	0,057	13,037
13,000	-1,888	-1,904	-1,934	-1,932	-1,932	-1,930	-1,924	-1,926	-1,921	-1,921	-1,920	-1,917	-1,906	-1,894	-1,874	-0,052	-0,047	-0,037	-0,007	-0,003	0,001	0,006	0,009	0,009	0,014	0,016	0,022	0,029	0,033	0,027	0,042	11,792
14,000	-3,231	-3,111	-3,016	-2,928	-2,891	-2,870	-2,859	-2,853	-2,848	-2,845	-2,838	-2,835	-2,827	-2,811	-2,796	0,267	0,264	0,226	0,145	0,111	0,085	0,070	0,058	0,044	0,040	0,036	0,032	0,036	0,034	0,025	0,044	11,807
15,000	-1,943	-1,505	-1,370	-1,223	-1,191	-1,173	-1,164	-1,159	-1,154	-1,153	-1,154	-1,152	-1,146	-1,144	-1,139	0,910	0,658	0,499	0,259	0,176	0,121	0,095	0,072	0,052	0,039	0,028	0,022	0,018	0,013	0,010	0,042	12,319
	run	20	2022:11:15    09:15:56,633
0,000	-3,559	-3,267	-3,152	-3,043	-3,010	-2,995	-2,991	-2,983	-2,978	-2,981	-2,980	-2,977	-2,974	-2,966	-2,961	0,615	0,468	0,368	0,196	0,135	0,095	0,074	0,055	0,043	0,030	0,025	0,021	0,018	0,018	0,012	0,034	11,375
1,000	-4,181	-4,238	-4,242	-4,200	-4,164	-4,141	-4,132	-4,124	-4,116	-4,112	-4,105	-4,100	-4,093	-4,077	-4,064	-0,140	-0,061	-0,012	0,049	0,057	0,049	0,045	0,040	0,036	0,030	0,031	0,032	0,031	0,032	0,022	0,051	11,477
2,000	-2,638	-2,704	-2,707	-2,722	-2,712	-2,695	-2,686	-2,677	-2,667	-2,663	-2,654	-2,647	-2,637	-2,628	-2,618	-0,108	-0,071	-0,047	-0,003	0,018	0,027	0,034	0,033	0,033	0,029	0,030	0,028	0,027	0,026	0,018	0,034	11,792
3,000	-5,333	-5,379	-5,402	-5,382	-5,352	-5,329	-5,320	-5,314	-5,311	-5,314	-5,312	-5,306	-5,301	-5,287	-5,269	-0,076	-0,052	-0,024	0,035	0,043	0,034	0,032	0,028	0,021	0,018	0,017	0,025	0,028	0,029	0,022	0,071	12,656
4,000	-2,902	-2,963	-2,976	-2,994	-2,990	-2,987	-2,986	-2,977	-2,978	-2,973	-2,969	-2,960	-2,947	-2,929	-2,906	-0,103	-0,070	-0,050	-0,018	-0,002	0,006	0,013	0,013	0,020	0,021	0,029	0,035	0,039	0,044	0,034	0,044	12,458
5,000	-3,272	-3,333	-3,360	-3,386	-3,389	-3,392	-3,392	-3,397	-3,394	-3,399	-3,396	-3,390	-3,380	-3,359	-3,335	-0,112	-0,097	-0,080	-0,038	-0,024	-0,017	-0,009	-0,006	-0,002	0,005	0,015	0,026	0,035	0,042	0,033	0,045	11,382
6,000	-2,051	-2,089	-2,079	-2,081	-2,061	-2,048	-2,040	-2,030	-2,020	-2,016	-2,013	-2,011	-2,007	-1,999	-1,999	-0,063	-0,032	-0,013	0,026	0,034	0,028	0,030	0,030	0,028	0,020	0,014	0,013	0,011	0,014	0,007	0,032	11,748
7,000	-1,550	-1,573	-1,574	-1,583	-1,582	-1,586	-1,586	-1,590	-1,591	-1,596	-1,595	-1,597	-1,599	-1,596	-1,596	-0,027	-0,023	-0,016	-0,012	-0,011	-0,012	-0,009	-0,011	-0,011	-0,008	-0,006	-0,002	-0,001	0,003	0,002	0,028	11,096
8,000	-5,260	-5,293	-5,286	-5,291	-5,275	-5,268	-5,262	-5,257	-5,253	-5,251	-5,253	-5,250	-5,252	-5,247	-5,246	-0,024	-0,011	-0,004	0,015	0,018	0,020	0,021	0,016	0,006	0,006	0,008	0,005	0,004	0,006	0,003	0,060	11,125
9,000	-2,030	-2,021	-2,034	-2,017	-2,010	-2,003	-1,997	-1,995	-1,988	-1,987	-1,983	-1,973	-1,962	-1,945	-1,922	0,019	0,003	0,014	0,025	0,027	0,021	0,023	0,024	0,024	0,025	0,029	0,034	0,041	0,045	0,033	0,052	12,715
10,000	-1,342	-1,353	-1,338	-1,312	-1,293	-1,279	-1,271	-1,267	-1,260	-1,263	-1,261	-1,260	-1,252	-1,243	-1,229	-0,011	0,019	0,026	0,039	0,042	0,038	0,034	0,024	0,023	0,016	0,016	0,020	0,023	0,022	0,020	0,052	13,411
11,000	-2,801	-2,798	-2,792	-2,776	-2,760	-2,753	-2,746	-2,742	-2,736	-2,732	-2,727	-2,726	-2,718	-2,710	-2,702	-0,002	0,002	0,013	0,028	0,031	0,024	0,025	0,024	0,024	0,022	0,020	0,023	0,020	0,019	0,013	0,042	13,726
12,000	-4,115	-4,143	-4,127	-4,125	-4,111	-4,108	-4,107	-4,104	-4,105	-4,106	-4,104	-4,097	-4,090	-4,069	-4,047	-0,020	-0,002	0,005	0,016	0,016	0,011	0,013	0,014	0,013	0,014	0,020	0,028	0,036	0,041	0,031	0,058	13,110
13,000	-1,936	-1,950	-1,981	-1,980	-1,974	-1,971	-1,969	-1,966	-1,964	-1,966	-1,961	-1,958	-1,948	-1,933	-1,914	-0,054	-0,047	-0,033	-0,006	-0,002	0,002	0,008	0,009	0,012	0,013	0,020	0,022	0,029	0,032	0,029	0,042	11,763
14,000	-3,321	-3,204	-3,107	-3,020	-2,980	-2,960	-2,951	-2,941	-2,936	-2,935	-2,930	-2,924	-2,914	-2,900	-2,883	0,274	0,262	0,227	0,149	0,114	0,089	0,072	0,059	0,048	0,037	0,037	0,036	0,036	0,036	0,027	0,045	11,719
15,000	-1,969	-1,525	-1,389	-1,245	-1,209	-1,192	-1,183	-1,178	-1,171	-1,171	-1,169	-1,168	-1,164	-1,161	-1,156	0,932	0,667	0,506	0,265	0,180	0,124	0,096	0,074	0,053	0,039	0,029	0,024	0,018	0,014	0,012	0,042	12,246
	run	21	2022:11:15    09:15:56,732
0,000	-3,615	-3,321	-3,204	-3,091	-3,056	-3,043	-3,036	-3,032	-3,027	-3,029	-3,028	-3,025	-3,023	-3,015	-3,010	0,623	0,479	0,375	0,199	0,139	0,095	0,075	0,057	0,043	0,030	0,025	0,021	0,017	0,018	0,011	0,034	11,353
1,000	-4,272	-4,328	-4,327	-4,284	-4,245	-4,221	-4,209	-4,201	-4,192	-4,188	-4,184	-4,175	-4,166	-4,152	-4,139	-0,137	-0,052	-0,006	0,054	0,061	0,054	0,050	0,045	0,039	0,033	0,035	0,033	0,032	0,032	0,022	0,052	11,411
2,000	-2,686	-2,745	-2,750	-2,766	-2,754	-2,740	-2,729	-2,720	-2,707	-2,703	-2,694	-2,688	-2,678	-2,669	-2,659	-0,111	-0,069	-0,046	-0,000	0,020	0,029	0,033	0,034	0,035	0,031	0,030	0,029	0,027	0,024	0,016	0,036	11,733
3,000	-5,365	-5,401	-5,425	-5,406	-5,377	-5,354	-5,345	-5,339	-5,331	-5,336	-5,336	-5,332	-5,326	-5,312	-5,294	-0,078	-0,058	-0,026	0,033	0,047	0,036	0,033	0,025	0,020	0,016	0,020	0,024	0,027	0,029	0,024	0,072	12,612
4,000	-2,884	-2,944	-2,953	-2,972	-2,966	-2,964	-2,960	-2,957	-2,953	-2,949	-2,944	-2,936	-2,926	-2,906	-2,883	-0,102	-0,069	-0,052	-0,015	-0,002	0,006	0,010	0,013	0,019	0,023	0,028	0,035	0,039	0,043	0,033	0,043	12,480
5,000	-3,217	-3,276	-3,306	-3,332	-3,332	-3,337	-3,338	-3,340	-3,338	-3,343	-3,340	-3,337	-3,325	-3,305	-3,279	-0,115	-0,098	-0,076	-0,038	-0,022	-0,018	-0,008	-0,006	0,000	0,005	0,016	0,026	0,035	0,039	0,035	0,045	11,426
6,000	-2,005	-2,040	-2,040	-2,035	-2,021	-2,004	-1,997	-1,989	-1,983	-1,979	-1,980	-1,971	-1,967	-1,963	-1,962	-0,064	-0,033	-0,015	0,017	0,031	0,033	0,028	0,025	0,025	0,020	0,011	0,016	0,015	0,014	0,011	0,031	11,799
7,000	-1,493	-1,508	-1,509	-1,517	-1,517	-1,522	-1,524	-1,527	-1,527	-1,534	-1,536	-1,536	-1,536	-1,534	-1,533	-0,029	-0,022	-0,017	-0,012	-0,010	-0,013	-0,012	-0,013	-0,010	-0,009	-0,006	-0,002	-0,002	0,003	0,002	0,028	11,191
8,000	-5,216	-5,245	-5,236	-5,243	-5,230	-5,221	-5,213	-5,211	-5,207	-5,207	-5,205	-5,207	-5,206	-5,203	-5,198	-0,027	-0,015	-0,009	0,011	0,019	0,018	0,016	0,017	0,014	0,009	0,006	0,005	0,005	0,008	0,003	0,061	11,228
9,000	-1,960	-1,940	-1,954	-1,937	-1,931	-1,925	-1,920	-1,916	-1,914	-1,913	-1,901	-1,901	-1,893	-1,869	-1,849	0,017	-0,002	0,008	0,025	0,022	0,015	0,018	0,019	0,020	0,026	0,030	0,036	0,039	0,042	0,036	0,051	12,759
10,000	-1,367	-1,372	-1,362	-1,336	-1,315	-1,299	-1,288	-1,284	-1,280	-1,280	-1,279	-1,275	-1,270	-1,259	-1,246	-0,004	0,021	0,029	0,043	0,042	0,039	0,034	0,025	0,018	0,019	0,016	0,019	0,021	0,022	0,019	0,052	13,374
11,000	-2,838	-2,835	-2,828	-2,811	-2,796	-2,784	-2,780	-2,776	-2,767	-2,765	-2,761	-2,754	-2,749	-2,740	-2,732	-0,001	0,007	0,022	0,030	0,035	0,031	0,028	0,027	0,026	0,024	0,021	0,022	0,019	0,019	0,015	0,043	13,682
12,000	-4,226	-4,253	-4,242	-4,239	-4,226	-4,223	-4,224	-4,221	-4,219	-4,222	-4,219	-4,212	-4,202	-4,184	-4,160	-0,020	-0,005	0,003	0,013	0,015	0,011	0,013	0,010	0,012	0,015	0,020	0,028	0,036	0,041	0,033	0,059	13,015
13,000	-1,949	-1,960	-1,990	-1,987	-1,988	-1,983	-1,979	-1,975	-1,973	-1,973	-1,970	-1,965	-1,957	-1,943	-1,921	-0,054	-0,046	-0,034	-0,008	-0,002	0,005	0,008	0,010	0,015	0,015	0,023	0,023	0,028	0,032	0,028	0,041	11,697
14,000	-3,305	-3,185	-3,086	-2,995	-2,959	-2,938	-2,930	-2,922	-2,914	-2,913	-2,907	-2,901	-2,895	-2,879	-2,862	0,275	0,261	0,226	0,149	0,116	0,087	0,070	0,059	0,048	0,037	0,036	0,035	0,037	0,035	0,024	0,044	11,689
15,000	-1,961	-1,522	-1,386	-1,240	-1,208	-1,190	-1,178	-1,174	-1,169	-1,167	-1,168	-1,165	-1,161	-1,159	-1,153	0,922	0,662	0,506	0,262	0,179	0,123	0,095	0,073	0,054	0,041	0,029	0,024	0,018	0,014	0,010	0,042	12,297
	run	22	2022:11:15    09:15:56,833
0,000	-3,581	-3,288	-3,168	-3,061	-3,027	-3,013	-3,007	-3,001	-2,996	-2,999	-2,996	-2,994	-2,992	-2,986	-2,980	0,624	0,474	0,374	0,196	0,139	0,095	0,074	0,059	0,043	0,030	0,025	0,021	0,017	0,016	0,012	0,033	11,418
1,000	-4,236	-4,294	-4,295	-4,253	-4,215	-4,192	-4,179	-4,170	-4,161	-4,159	-4,152	-4,144	-4,139	-4,122	-4,109	-0,135	-0,055	-0,005	0,057	0,062	0,052	0,048	0,044	0,040	0,033	0,033	0,032	0,033	0,032	0,023	0,051	11,462
2,000	-2,685	-2,752	-2,757	-2,773	-2,761	-2,746	-2,735	-2,726	-2,715	-2,709	-2,701	-2,694	-2,686	-2,674	-2,666	-0,113	-0,072	-0,047	0,001	0,019	0,027	0,033	0,035	0,034	0,031	0,032	0,031	0,028	0,026	0,016	0,036	11,741
3,000	-5,409	-5,456	-5,472	-5,453	-5,422	-5,399	-5,386	-5,383	-5,378	-5,377	-5,378	-5,374	-5,369	-5,351	-5,336	-0,072	-0,054	-0,019	0,036	0,049	0,039	0,033	0,025	0,024	0,017	0,018	0,027	0,027	0,033	0,025	0,072	12,612
4,000	-2,938	-3,000	-3,007	-3,025	-3,021	-3,019	-3,018	-3,013	-3,007	-3,007	-2,997	-2,992	-2,982	-2,962	-2,940	-0,097	-0,072	-0,050	-0,018	-0,002	0,002	0,010	0,013	0,019	0,022	0,030	0,035	0,038	0,043	0,033	0,043	12,415
5,000	-3,258	-3,309	-3,342	-3,366	-3,366	-3,368	-3,369	-3,372	-3,372	-3,373	-3,371	-3,366	-3,358	-3,336	-3,311	-0,114	-0,095	-0,075	-0,036	-0,022	-0,016	-0,009	-0,007	-0,002	0,006	0,016	0,024	0,035	0,040	0,034	0,046	11,338
6,000	-1,986	-2,020	-2,021	-2,018	-2,006	-1,990	-1,977	-1,974	-1,961	-1,960	-1,958	-1,956	-1,953	-1,947	-1,943	-0,055	-0,030	-0,014	0,019	0,030	0,029	0,027	0,026	0,021	0,027	0,019	0,019	0,011	0,014	0,008	0,031	11,748
7,000	-1,524	-1,546	-1,543	-1,556	-1,554	-1,559	-1,560	-1,563	-1,561	-1,570	-1,571	-1,573	-1,576	-1,571	-1,568	-0,027	-0,021	-0,021	-0,012	-0,012	-0,014	-0,013	-0,013	-0,010	-0,010	-0,006	-0,003	-0,001	0,003	0,002	0,029	11,206
8,000	-5,178	-5,203	-5,194	-5,204	-5,184	-5,176	-5,172	-5,165	-5,159	-5,163	-5,160	-5,157	-5,158	-5,153	-5,151	-0,027	-0,009	-0,004	0,011	0,021	0,023	0,019	0,019	0,012	0,010	0,007	0,008	0,009	0,008	0,005	0,059	11,301
9,000	-2,043	-2,031	-2,040	-2,026	-2,023	-2,016	-2,014	-2,011	-2,003	-1,999	-1,993	-1,985	-1,981	-1,961	-1,938	0,014	0,002	0,010	0,019	0,017	0,015	0,020	0,017	0,030	0,022	0,024	0,030	0,037	0,039	0,040	0,052	12,803
10,000	-1,412	-1,424	-1,403	-1,381	-1,347	-1,335	-1,324	-1,318	-1,314	-1,312	-1,308	-1,309	-1,302	-1,289	-1,276	-0,006	0,024	0,033	0,048	0,049	0,042	0,035	0,033	0,028	0,019	0,021	0,022	0,025	0,022	0,021	0,052	13,396
11,000	-2,951	-2,947	-2,932	-2,916	-2,898	-2,888	-2,883	-2,875	-2,870	-2,867	-2,860	-2,856	-2,848	-2,841	-2,834	0,002	0,015	0,022	0,036	0,036	0,032	0,032	0,027	0,026	0,024	0,024	0,023	0,021	0,022	0,014	0,044	13,594
12,000	-4,267	-4,295	-4,286	-4,285	-4,272	-4,270	-4,268	-4,267	-4,265	-4,268	-4,265	-4,258	-4,249	-4,230	-4,207	-0,026	-0,005	-0,000	0,011	0,014	0,013	0,011	0,009	0,013	0,015	0,019	0,027	0,036	0,041	0,033	0,059	12,935
13,000	-1,933	-1,949	-1,974	-1,974	-1,971	-1,969	-1,963	-1,963	-1,963	-1,958	-1,953	-1,954	-1,943	-1,929	-1,910	-0,051	-0,045	-0,032	-0,010	-0,000	0,002	0,009	0,012	0,004	0,014	0,020	0,023	0,029	0,033	0,030	0,041	11,660
14,000	-3,212	-3,084	-2,988	-2,900	-2,864	-2,844	-2,837	-2,829	-2,821	-2,821	-2,815	-2,811	-2,802	-2,788	-2,772	0,268	0,260	0,225	0,143	0,111	0,082	0,068	0,057	0,046	0,037	0,034	0,034	0,035	0,035	0,025	0,043	11,726
15,000	-1,935	-1,496	-1,362	-1,215	-1,185	-1,169	-1,157	-1,153	-1,147	-1,147	-1,147	-1,144	-1,140	-1,137	-1,135	0,906	0,655	0,496	0,259	0,175	0,120	0,092	0,071	0,055	0,039	0,028	0,022	0,019	0,013	0,010	0,042	12,371
	run	23	2022:11:15    09:15:56,880
0,000	-3,515	-3,223	-3,100	-2,996	-2,966	-2,950	-2,944	-2,937	-2,934	-2,934	-2,934	-2,929	-2,930	-2,921	-2,916	0,615	0,469	0,367	0,192	0,136	0,094	0,073	0,055	0,043	0,030	0,024	0,020	0,016	0,017	0,011	0,033	11,514
1,000	-4,160	-4,224	-4,221	-4,181	-4,146	-4,123	-4,113	-4,106	-4,095	-4,092	-4,088	-4,080	-4,073	-4,057	-4,044	-0,138	-0,057	-0,011	0,050	0,056	0,048	0,046	0,040	0,036	0,031	0,032	0,030	0,032	0,032	0,022	0,051	11,558
2,000	-2,685	-2,752	-2,757	-2,773	-2,761	-2,746	-2,735	-2,726	-2,715	-2,709	-2,701	-2,694	-2,686	-2,674	-2,666	-0,113	-0,072	-0,047	0,001	0,019	0,027	0,033	0,035	0,034	0,031	0,032	0,031	0,028	0,026	0,016	0,036	11,741
3,000	-5,409	-5,456	-5,472	-5,453	-5,422	-5,399	-5,386	-5,383	-5,378	-5,377	-5,378	-5,374	-5,369	-5,351	-5,336	-0,072	-0,054	-0,019	0,036	0,049	0,039	0,033	0,025	0,024	0,017	0,018	0,027	0,027	0,033	0,025	0,072	12,612
4,000	-2,938	-3,000	-3,007	-3,025	-3,021	-3,019	-3,018	-3,013	-3,007	-3,007	-2,997	-2,992	-2,982	-2,962	-2,940	-0,097	-0,072	-0,050	-0,018	-0,002	0,002	0,010	0,013	0,019	0,022	0,030	0,035	0,038	0,043	0,033	0,043	12,415
5,000	-3,258	-3,309	-3,342	-3,366	-3,366	-3,368	-3,369	-3,372	-3,372	-3,373	-3,371	-3,366	-3,358	-3,336	-3,311	-0,114	-0,095	-0,075	-0,036	-0,022	-0,016	-0,009	-0,007	-0,002	0,006	0,016	0,024	0,035	0,040	0,034	0,046	11,338
6,000	-1,986	-2,020	-2,021	-2,018	-2,006	-1,990	-1,977	-1,974	-1,961	-1,960	-1,958	-1,956	-1,953	-1,947	-1,943	-0,055	-0,030	-0,014	0,019	0,030	0,029	0,027	0,026	0,021	0,027	0,019	0,019	0,011	0,014	0,008	0,031	11,748
7,000	-1,524	-1,546	-1,543	-1,556	-1,554	-1,559	-1,560	-1,563	-1,561	-1,570	-1,571	-1,573	-1,576	-1,571	-1,568	-0,027	-0,021	-0,021	-0,012	-0,012	-0,014	-0,013	-0,013	-0,010	-0,010	-0,006	-0,003	-0,001	0,003	0,002	0,029	11,206
8,000	-5,257	-5,279	-5,272	-5,275	-5,260	-5,251	-5,243	-5,237	-5,234	-5,236	-5,236	-5,231	-5,231	-5,225	-5,224	-0,020	-0,011	-0,006	0,014	0,019	0,023	0,021	0,018	0,015	0,012	0,005	0,007	0,008	0,009	0,005	0,060	11,221
9,000	-2,152	-2,137	-2,151	-2,138	-2,125	-2,118	-2,114	-2,112	-2,110	-2,108	-2,101	-2,087	-2,077	-2,058	-2,032	0,019	0,003	0,010	0,026	0,025	0,020	0,019	0,017	0,027	0,020	0,026	0,041	0,041	0,044	0,037	0,054	12,722
10,000	-1,434	-1,440	-1,420	-1,390	-1,365	-1,351	-1,339	-1,333	-1,319	-1,328	-1,324	-1,324	-1,313	-1,307	-1,292	-0,006	0,030	0,037	0,052	0,052	0,043	0,038	0,032	0,024	0,020	0,018	0,025	0,025	0,024	0,022	0,053	13,389
11,000	-2,988	-2,981	-2,973	-2,954	-2,934	-2,927	-2,921	-2,914	-2,907	-2,905	-2,899	-2,894	-2,888	-2,877	-2,872	0,004	0,012	0,025	0,035	0,037	0,030	0,030	0,029	0,027	0,023	0,025	0,022	0,022	0,022	0,014	0,044	13,550
12,000	-4,233	-4,264	-4,251	-4,253	-4,241	-4,237	-4,235	-4,235	-4,232	-4,235	-4,233	-4,222	-4,218	-4,196	-4,176	-0,027	-0,007	0,000	0,010	0,013	0,012	0,011	0,013	0,015	0,013	0,021	0,028	0,034	0,039	0,033	0,059	12,927
13,000	-1,923	-1,937	-1,966	-1,965	-1,962	-1,961	-1,955	-1,952	-1,951	-1,948	-1,951	-1,944	-1,933	-1,919	-1,903	-0,050	-0,044	-0,037	-0,006	0,000	0,004	0,007	0,011	0,008	0,014	0,022	0,021	0,029	0,033	0,026	0,041	11,653
14,000	-3,163	-3,037	-2,939	-2,855	-2,817	-2,799	-2,792	-2,783	-2,777	-2,776	-2,771	-2,764	-2,758	-2,743	-2,730	0,262	0,256	0,221	0,145	0,109	0,082	0,069	0,057	0,044	0,037	0,035	0,034	0,033	0,033	0,024	0,042	11,748
15,000	-1,905	-1,468	-1,334	-1,193	-1,157	-1,144	-1,133	-1,131	-1,124	-1,124	-1,124	-1,124	-1,117	-1,114	-1,111	0,897	0,653	0,491	0,254	0,173	0,115	0,091	0,070	0,051	0,038	0,026	0,022	0,018	0,013	0,010	0,041	12,400
	run	24	2022:11:15    09:15:56,980
0,000	-3,445	-3,153	-3,038	-2,936	-2,904	-2,888	-2,880	-2,877	-2,873	-2,874	-2,872	-2,868	-2,868	-2,861	-2,856	0,597	0,458	0,361	0,190	0,135	0,091	0,074	0,056	0,041	0,030	0,025	0,021	0,017	0,016	0,012	0,033	11,558
1,000	-4,049	-4,111	-4,113	-4,081	-4,050	-4,029	-4,019	-4,013	-4,004	-4,004	-3,997	-3,990	-3,985	-3,971	-3,958	-0,142	-0,068	-0,018	0,044	0,047	0,041	0,039	0,033	0,032	0,027	0,028	0,031	0,030	0,029	0,020	0,051	11,660
2,000	-2,587	-2,649	-2,656	-2,672	-2,658	-2,648	-2,637	-2,628	-2,617	-2,611	-2,603	-2,594	-2,589	-2,578	-2,570	-0,109	-0,070	-0,050	-0,000	0,017	0,028	0,032	0,035	0,032	0,030	0,030	0,028	0,028	0,023	0,015	0,034	11,917
3,000	-5,284	-5,325	-5,348	-5,330	-5,304	-5,281	-5,271	-5,265	-5,260	-5,266	-5,269	-5,263	-5,257	-5,241	-5,224	-0,074	-0,054	-0,024	0,031	0,043	0,034	0,031	0,023	0,022	0,014	0,018	0,022	0,026	0,032	0,022	0,072	12,737
4,000	-2,891	-2,954	-2,964	-2,982	-2,971	-2,971	-2,968	-2,965	-2,962	-2,958	-2,954	-2,945	-2,932	-2,915	-2,893	-0,101	-0,065	-0,051	-0,015	-0,001	0,004	0,010	0,012	0,015	0,020	0,030	0,033	0,038	0,039	0,035	0,042	12,510
5,000	-3,276	-3,333	-3,359	-3,388	-3,394	-3,393	-3,395	-3,397	-3,398	-3,399	-3,398	-3,394	-3,383	-3,361	-3,336	-0,120	-0,098	-0,079	-0,039	-0,024	-0,017	-0,009	-0,007	-0,002	0,006	0,018	0,029	0,034	0,042	0,037	0,047	11,440
6,000	-2,037	-2,073	-2,073	-2,068	-2,055	-2,038	-2,033	-2,022	-2,016	-2,009	-2,007	-2,004	-2,007	-1,998	-1,993	-0,068	-0,036	-0,017	0,019	0,031	0,032	0,028	0,024	0,023	0,024	0,014	0,013	0,012	0,013	0,007	0,035	11,755
7,000	-1,585	-1,603	-1,603	-1,609	-1,606	-1,610	-1,614	-1,616	-1,615	-1,620	-1,620	-1,622	-1,622	-1,618	-1,617	-0,031	-0,026	-0,012	-0,008	-0,007	-0,008	-0,007	-0,007	-0,005	-0,006	-0,004	-0,000	-0,000	0,003	0,004	0,028	11,118
8,000	-5,393	-5,416	-5,412	-5,426	-5,409	-5,401	-5,395	-5,384	-5,384	-5,389	-5,392	-5,382	-5,387	-5,380	-5,378	-0,025	-0,013	-0,008	0,007	0,017	0,016	0,013	0,016	0,013	0,008	0,003	0,003	0,005	0,007	0,004	0,062	11,052
9,000	-2,178	-2,151	-2,162	-2,137	-2,128	-2,119	-2,118	-2,108	-2,105	-2,104	-2,094	-2,083	-2,075	-2,054	-2,029	0,027	0,011	0,018	0,030	0,031	0,023	0,022	0,026	0,027	0,030	0,028	0,040	0,048	0,049	0,036	0,053	12,517
10,000	-1,430	-1,434	-1,413	-1,391	-1,363	-1,351	-1,338	-1,333	-1,328	-1,329	-1,327	-1,325	-1,316	-1,307	-1,291	-0,003	0,024	0,034	0,047	0,051	0,046	0,039	0,030	0,028	0,020	0,017	0,021	0,024	0,021	0,019	0,052	13,198
11,000	-2,939	-2,942	-2,927	-2,915	-2,897	-2,888	-2,883	-2,875	-2,869	-2,869	-2,862	-2,859	-2,851	-2,843	-2,835	-0,003	0,007	0,020	0,034	0,035	0,030	0,030	0,026	0,026	0,023	0,024	0,023	0,022	0,019	0,016	0,043	13,557
12,000	-4,200	-4,228	-4,212	-4,216	-4,203	-4,197	-4,198	-4,194	-4,195	-4,198	-4,193	-4,189	-4,179	-4,160	-4,137	-0,022	-0,004	-0,000	0,012	0,015	0,012	0,012	0,012	0,013	0,013	0,021	0,029	0,035	0,040	0,033	0,058	12,964
13,000	-1,900	-1,911	-1,941	-1,941	-1,936	-1,937	-1,934	-1,930	-1,928	-1,926	-1,925	-1,919	-1,915	-1,898	-1,880	-0,053	-0,045	-0,032	-0,005	-0,002	0,003	0,004	0,008	0,010	0,012	0,021	0,025	0,027	0,032	0,027	0,042	11,689
14,000	-3,157	-3,033	-2,936	-2,851	-2,814	-2,794	-2,785	-2,778	-2,770	-2,769	-2,765	-2,759	-2,752	-2,737	-2,723	0,267	0,262	0,224	0,145	0,110	0,086	0,069	0,058	0,045	0,036	0,035	0,034	0,032	0,033	0,023	0,043	11,763
15,000	-1,889	-1,451	-1,319	-1,176	-1,143	-1,127	-1,120	-1,116	-1,110	-1,111	-1,111	-1,110	-1,105	-1,102	-1,097	0,885	0,645	0,489	0,252	0,169	0,116	0,089	0,069	0,050	0,036	0,027	0,021	0,017	0,012	0,009	0,041	12,407
	run	25	2022:11:15    09:15:57,033
0,000	-3,445	-3,153	-3,038	-2,936	-2,904	-2,888	-2,880	-2,877	-2,873	-2,874	-2,872	-2,868	-2,868	-2,861	-2,856	0,597	0,458	0,361	0,190	0,135	0,091	0,074	0,056	0,041	0,030	0,025	0,021	0,017	0,016	0,012	0,033	11,558
1,000	-4,049	-4,111	-4,113	-4,081	-4,050	-4,029	-4,019	-4,013	-4,004	-4,004	-3,997	-3,990	-3,985	-3,971	-3,958	-0,142	-0,068	-0,018	0,044	0,047	0,041	0,039	0,033	0,032	0,027	0,028	0,031	0,030	0,029	0,020	0,051	11,660
2,000	-2,587	-2,649	-2,656	-2,672	-2,658	-2,648	-2,637	-2,628	-2,617	-2,611	-2,603	-2,594	-2,589	-2,578	-2,570	-0,109	-0,070	-0,050	-0,000	0,017	0,028	0,032	0,035	0,032	0,030	0,030	0,028	0,028	0,023	0,015	0,034	11,917
3,000	-5,284	-5,325	-5,348	-5,330	-5,304	-5,281	-5,271	-5,265	-5,260	-5,266	-5,269	-5,263	-5,257	-5,241	-5,224	-0,074	-0,054	-0,024	0,031	0,043	0,034	0,031	0,023	0,022	0,014	0,018	0,022	0,026	0,032	0,022	0,072	12,737
4,000	-2,891	-2,954	-2,964	-2,982	-2,971	-2,971	-2,968	-2,965	-2,962	-2,958	-2,954	-2,945	-2,932	-2,915	-2,893	-0,101	-0,065	-0,051	-0,015	-0,001	0,004	0,010	0,012	0,015	0,020	0,030	0,033	0,038	0,039	0,035	0,042	12,510
5,000	-3,276	-3,333	-3,359	-3,388	-3,394	-3,393	-3,395	-3,397	-3,398	-3,399	-3,398	-3,394	-3,383	-3,361	-3,336	-0,120	-0,098	-0,079	-0,039	-0,024	-0,017	-0,009	-0,007	-0,002	0,006	0,018	0,029	0,034	0,042	0,037	0,047	11,440
6,000	-2,080	-2,112	-2,117	-2,109	-2,092	-2,074	-2,069	-2,064	-2,057	-2,056	-2,053	-2,040	-2,045	-2,034	-2,027	-0,063	-0,035	-0,016	0,021	0,029	0,027	0,031	0,027	0,014	0,023	0,008	0,014	0,016	0,007	0,007	0,032	11,763
7,000	-1,623	-1,641	-1,639	-1,640	-1,639	-1,638	-1,641	-1,643	-1,641	-1,649	-1,652	-1,650	-1,650	-1,647	-1,644	-0,028	-0,017	-0,011	-0,003	-0,004	-0,007	-0,005	-0,007	-0,005	-0,004	-0,003	-0,001	0,002	0,006	0,005	0,030	11,023
8,000	-5,461	-5,492	-5,481	-5,495	-5,485	-5,479	-5,477	-5,472	-5,459	-5,469	-5,472	-5,466	-5,465	-5,465	-5,461	-0,028	-0,013	-0,014	0,004	0,013	0,013	0,017	0,012	0,012	-0,000	0,002	0,007	0,002	0,005	0,004	0,062	10,935
9,000	-2,214	-2,194	-2,194	-2,164	-2,152	-2,137	-2,135	-2,132	-2,127	-2,119	-2,113	-2,110	-2,101	-2,069	-2,051	0,025	0,017	0,026	0,036	0,031	0,019	0,029	0,028	0,026	0,030	0,035	0,042	0,050	0,045	0,042	0,053	12,429
10,000	-1,429	-1,429	-1,412	-1,381	-1,360	-1,342	-1,333	-1,324	-1,319	-1,320	-1,323	-1,318	-1,308	-1,301	-1,291	-0,013	0,026	0,029	0,048	0,049	0,044	0,039	0,032	0,023	0,020	0,025	0,019	0,025	0,024	0,020	0,052	13,147
11,000	-2,902	-2,903	-2,892	-2,879	-2,861	-2,852	-2,845	-2,842	-2,835	-2,833	-2,827	-2,822	-2,817	-2,807	-2,800	-0,003	0,007	0,016	0,029	0,036	0,027	0,029	0,027	0,025	0,024	0,024	0,021	0,020	0,020	0,015	0,043	13,550
12,000	-4,149	-4,180	-4,161	-4,162	-4,150	-4,144	-4,144	-4,143	-4,140	-4,144	-4,140	-4,135	-4,123	-4,106	-4,085	-0,019	-0,006	0,002	0,012	0,015	0,012	0,013	0,013	0,013	0,014	0,019	0,029	0,035	0,040	0,033	0,058	13,015
13,000	-1,905	-1,915	-1,947	-1,947	-1,944	-1,942	-1,935	-1,935	-1,935	-1,930	-1,936	-1,929	-1,918	-1,904	-1,883	-0,055	-0,045	-0,035	-0,006	-0,003	0,004	0,009	0,010	0,009	0,011	0,018	0,019	0,027	0,032	0,026	0,041	11,733
14,000	-3,178	-3,059	-2,958	-2,871	-2,834	-2,815	-2,805	-2,797	-2,791	-2,791	-2,785	-2,777	-2,771	-2,757	-2,742	0,271	0,263	0,227	0,146	0,111	0,084	0,070	0,058	0,046	0,036	0,033	0,033	0,034	0,033	0,024	0,044	11,777
15,000	-1,881	-1,450	-1,320	-1,178	-1,145	-1,128	-1,120	-1,115	-1,110	-1,109	-1,111	-1,110	-1,105	-1,103	-1,098	0,882	0,641	0,485	0,252	0,170	0,116	0,088	0,068	0,049	0,036	0,028	0,021	0,017	0,013	0,009	0,042	12,378
	run	26	2022:11:15    09:15:57,132
0,000	-3,429	-3,140	-3,026	-2,921	-2,892	-2,875	-2,867	-2,863	-2,858	-2,861	-2,857	-2,855	-2,853	-2,846	-2,843	0,600	0,458	0,355	0,191	0,134	0,091	0,072	0,056	0,042	0,031	0,024	0,021	0,016	0,016	0,011	0,033	11,558
1,000	-3,983	-4,046	-4,049	-4,019	-3,986	-3,967	-3,959	-3,954	-3,945	-3,945	-3,939	-3,932	-3,926	-3,912	-3,902	-0,149	-0,070	-0,021	0,038	0,045	0,038	0,037	0,032	0,029	0,026	0,026	0,029	0,029	0,028	0,021	0,051	11,704
2,000	-2,517	-2,577	-2,582	-2,597	-2,587	-2,579	-2,569	-2,561	-2,550	-2,545	-2,537	-2,530	-2,524	-2,515	-2,505	-0,107	-0,070	-0,045	-0,003	0,013	0,023	0,027	0,030	0,029	0,029	0,030	0,026	0,023	0,023	0,015	0,035	11,953
3,000	-5,136	-5,177	-5,201	-5,191	-5,170	-5,150	-5,142	-5,136	-5,133	-5,135	-5,131	-5,130	-5,126	-5,108	-5,095	-0,076	-0,062	-0,031	0,022	0,031	0,026	0,024	0,023	0,019	0,013	0,016	0,020	0,028	0,027	0,023	0,071	12,803
4,000	-2,850	-2,910	-2,922	-2,935	-2,929	-2,927	-2,923	-2,919	-2,919	-2,911	-2,907	-2,898	-2,886	-2,868	-2,848	-0,103	-0,067	-0,047	-0,014	0,001	0,011	0,011	0,014	0,021	0,022	0,031	0,033	0,038	0,039	0,031	0,042	12,634
5,000	-3,262	-3,325	-3,352	-3,379	-3,384	-3,386	-3,390	-3,391	-3,392	-3,392	-3,391	-3,387	-3,375	-3,354	-3,331	-0,119	-0,101	-0,081	-0,043	-0,026	-0,018	-0,011	-0,010	-0,003	0,005	0,017	0,027	0,033	0,044	0,036	0,046	11,506
6,000	-2,080	-2,114	-2,113	-2,108	-2,094	-2,078	-2,072	-2,058	-2,046	-2,049	-2,046	-2,051	-2,040	-2,039	-2,032	-0,065	-0,035	-0,018	0,023	0,035	0,028	0,030	0,028	0,014	0,022	0,021	0,013	0,013	0,010	0,009	0,033	11,763
7,000	-1,616	-1,636	-1,632	-1,638	-1,635	-1,636	-1,639	-1,639	-1,640	-1,646	-1,646	-1,649	-1,649	-1,645	-1,646	-0,029	-0,020	-0,014	-0,008	-0,006	-0,009	-0,008	-0,008	-0,007	-0,005	-0,006	0,001	0,001	0,003	0,004	0,030	11,038
8,000	-5,412	-5,445	-5,433	-5,441	-5,431	-5,422	-5,420	-5,414	-5,408	-5,412	-5,408	-5,407	-5,409	-5,405	-5,404	-0,025	-0,014	-0,011	0,010	0,020	0,015	0,014	0,014	0,012	0,005	0,007	0,004	0,008	0,008	0,004	0,063	10,994
9,000	-2,227	-2,197	-2,203	-2,184	-2,172	-2,167	-2,156	-2,159	-2,151	-2,146	-2,135	-2,128	-2,120	-2,092	-2,072	0,024	0,012	0,017	0,033	0,029	0,025	0,028	0,025	0,032	0,030	0,048	0,042	0,050	0,053	0,034	0,053	12,502
10,000	-1,424	-1,425	-1,409	-1,382	-1,352	-1,335	-1,324	-1,318	-1,316	-1,314	-1,316	-1,310	-1,301	-1,293	-1,276	-0,002	0,025	0,034	0,054	0,052	0,042	0,038	0,031	0,022	0,022	0,015	0,022	0,023	0,024	0,020	0,052	13,220
11,000	-2,904	-2,898	-2,889	-2,873	-2,857	-2,846	-2,841	-2,836	-2,827	-2,825	-2,820	-2,816	-2,808	-2,799	-2,792	-0,001	0,013	0,018	0,034	0,036	0,031	0,029	0,027	0,027	0,025	0,024	0,023	0,021	0,021	0,015	0,043	13,528
12,000	-4,206	-4,235	-4,218	-4,223	-4,208	-4,203	-4,205	-4,200	-4,200	-4,203	-4,201	-4,194	-4,186	-4,165	-4,142	-0,026	-0,003	0,001	0,010	0,014	0,012	0,012	0,010	0,011	0,014	0,021	0,032	0,037	0,041	0,032	0,058	12,957
13,000	-1,918	-1,934	-1,962	-1,961	-1,955	-1,955	-1,954	-1,950	-1,942	-1,947	-1,944	-1,940	-1,928	-1,916	-1,898	-0,051	-0,047	-0,035	-0,002	-0,001	0,004	0,011	0,010	0,013	0,014	0,024	0,019	0,028	0,031	0,026	0,042	11,704
14,000	-3,214	-3,086	-2,990	-2,901	-2,866	-2,845	-2,837	-2,827	-2,822	-2,821	-2,814	-2,809	-2,802	-2,787	-2,771	0,275	0,266	0,225	0,148	0,113	0,086	0,071	0,057	0,046	0,038	0,034	0,035	0,033	0,034	0,025	0,044	11,741
15,000	-1,888	-1,454	-1,324	-1,181	-1,150	-1,134	-1,125	-1,117	-1,114	-1,116	-1,114	-1,114	-1,108	-1,105	-1,102	0,891	0,647	0,490	0,253	0,171	0,116	0,089	0,069	0,049	0,037	0,028	0,021	0,016	0,013	0,009	0,042	12,349
	run	27	2022:11:15    09:15:57,233
0,000	-3,471	-3,180	-3,064	-2,957	-2,927	-2,913	-2,905	-2,899	-2,894	-2,897	-2,893	-2,892	-2,888	-2,884	-2,877	0,603	0,460	0,363	0,191	0,136	0,091	0,072	0,056	0,044	0,032	0,025	0,021	0,017	0,016	0,010	0,033	11,521
1,000	-4,066	-4,128	-4,130	-4,098	-4,063	-4,042	-4,034	-4,029	-4,019	-4,019	-4,014	-4,005	-3,998	-3,984	-3,972	-0,142	-0,067	-0,017	0,041	0,049	0,042	0,040	0,035	0,031	0,028	0,030	0,030	0,029	0,029	0,022	0,050	11,624
2,000	-2,579	-2,642	-2,650	-2,665	-2,653	-2,641	-2,633	-2,622	-2,614	-2,608	-2,600	-2,591	-2,584	-2,575	-2,565	-0,108	-0,069	-0,048	-0,003	0,015	0,024	0,030	0,031	0,032	0,029	0,029	0,029	0,026	0,024	0,017	0,034	11,887
3,000	-5,269	-5,300	-5,326	-5,308	-5,284	-5,264	-5,255	-5,252	-5,245	-5,247	-5,243	-5,248	-5,240	-5,227	-5,208	-0,076	-0,057	-0,027	0,025	0,041	0,032	0,030	0,027	0,017	0,015	0,017	0,021	0,029	0,025	0,025	0,071	12,737
4,000	-2,855	-2,918	-2,923	-2,947	-2,940	-2,933	-2,933	-2,929	-2,925	-2,920	-2,913	-2,911	-2,894	-2,881	-2,857	-0,100	-0,070	-0,052	-0,015	0,000	0,005	0,012	0,015	0,017	0,022	0,029	0,034	0,042	0,041	0,032	0,043	12,532
5,000	-3,189	-3,252	-3,276	-3,303	-3,304	-3,310	-3,309	-3,312	-3,314	-3,315	-3,311	-3,306	-3,296	-3,277	-3,254	-0,114	-0,096	-0,074	-0,037	-0,023	-0,016	-0,010	-0,009	-0,001	0,005	0,014	0,024	0,034	0,041	0,032	0,045	11,448
6,000	-1,987	-2,027	-2,028	-2,022	-2,008	-1,994	-1,986	-1,983	-1,968	-1,974	-1,975	-1,959	-1,955	-1,954	-1,951	-0,061	-0,036	-0,016	0,013	0,026	0,029	0,028	0,028	0,021	0,016	0,027	0,018	0,016	0,011	0,008	0,033	11,836
7,000	-1,542	-1,562	-1,559	-1,563	-1,564	-1,566	-1,568	-1,570	-1,571	-1,577	-1,578	-1,580	-1,579	-1,577	-1,575	-0,033	-0,020	-0,017	-0,010	-0,007	-0,010	-0,011	-0,011	-0,008	-0,006	-0,004	-0,002	-0,000	0,001	0,004	0,028	11,177
8,000	-5,360	-5,388	-5,376	-5,390	-5,375	-5,365	-5,359	-5,357	-5,353	-5,352	-5,347	-5,351	-5,350	-5,345	-5,340	-0,037	-0,010	-0,007	0,010	0,017	0,019	0,013	0,013	0,011	0,006	0,017	0,009	0,004	0,009	0,007	0,060	11,082
9,000	-2,183	-2,151	-2,164	-2,140	-2,134	-2,124	-2,124	-2,118	-2,113	-2,114	-2,096	-2,096	-2,090	-2,066	-2,035	0,024	0,007	0,012	0,025	0,033	0,022	0,026	0,028	0,027	0,029	0,035	0,039	0,044	0,050	0,036	0,052	12,590
10,000	-1,429	-1,443	-1,422	-1,387	-1,363	-1,348	-1,335	-1,329	-1,324	-1,320	-1,319	-1,320	-1,308	-1,300	-1,288	-0,005	0,029	0,038	0,051	0,052	0,046	0,038	0,033	0,024	0,020	0,018	0,019	0,025	0,025	0,024	0,051	13,257
11,000	-2,966	-2,961	-2,948	-2,930	-2,913	-2,901	-2,894	-2,888	-2,881	-2,878	-2,872	-2,869	-2,863	-2,851	-2,845	0,000	0,015	0,024	0,035	0,038	0,032	0,033	0,028	0,027	0,025	0,023	0,024	0,020	0,022	0,014	0,043	13,528
12,000	-4,305	-4,334	-4,321	-4,326	-4,310	-4,307	-4,306	-4,303	-4,303	-4,306	-4,302	-4,296	-4,289	-4,266	-4,245	-0,026	-0,008	0,000	0,012	0,014	0,010	0,011	0,011	0,012	0,014	0,021	0,030	0,036	0,043	0,031	0,060	12,913
13,000	-1,957	-1,976	-1,999	-1,999	-1,998	-1,991	-1,986	-1,990	-1,985	-1,985	-1,981	-1,974	-1,965	-1,951	-1,931	-0,050	-0,044	-0,032	-0,004	0,004	0,004	0,009	0,010	0,012	0,013	0,018	0,027	0,031	0,030	0,029	0,042	11,624
14,000	-3,238	-3,112	-3,015	-2,925	-2,887	-2,868	-2,859	-2,850	-2,844	-2,840	-2,838	-2,831	-2,825	-2,809	-2,796	0,276	0,268	0,226	0,149	0,113	0,088	0,071	0,060	0,047	0,039	0,035	0,035	0,033	0,033	0,025	0,043	11,653
15,000	-1,903	-1,468	-1,334	-1,191	-1,160	-1,143	-1,133	-1,130	-1,124	-1,125	-1,125	-1,123	-1,119	-1,116	-1,111	0,900	0,650	0,494	0,254	0,171	0,118	0,092	0,070	0,050	0,038	0,028	0,020	0,017	0,013	0,010	0,042	12,334
	run	28	2022:11:15    09:15:57,280
0,000	-3,530	-3,236	-3,122	-3,015	-2,982	-2,967	-2,961	-2,956	-2,951	-2,952	-2,949	-2,948	-2,946	-2,940	-2,934	0,615	0,471	0,369	0,195	0,136	0,094	0,074	0,056	0,043	0,030	0,025	0,021	0,017	0,015	0,012	0,034	11,455
1,000	-4,169	-4,221	-4,224	-4,184	-4,149	-4,126	-4,116	-4,110	-4,101	-4,099	-4,093	-4,086	-4,077	-4,065	-4,050	-0,137	-0,060	-0,012	0,048	0,054	0,048	0,045	0,040	0,035	0,029	0,032	0,032	0,031	0,031	0,022	0,054	11,528
2,000	-2,579	-2,642	-2,650	-2,665	-2,653	-2,641	-2,633	-2,622	-2,614	-2,608	-2,600	-2,591	-2,584	-2,575	-2,565	-0,108	-0,069	-0,048	-0,003	0,015	0,024	0,030	0,031	0,032	0,029	0,029	0,029	0,026	0,024	0,017	0,034	11,887
3,000	-5,269	-5,300	-5,326	-5,308	-5,284	-5,264	-5,255	-5,252	-5,245	-5,247	-5,243	-5,248	-5,240	-5,227	-5,208	-0,076	-0,057	-0,027	0,025	0,041	0,032	0,030	0,027	0,017	0,015	0,017	0,021	0,029	0,025	0,025	0,071	12,737
4,000	-2,855	-2,918	-2,923	-2,947	-2,940	-2,933	-2,933	-2,929	-2,925	-2,920	-2,913	-2,911	-2,894	-2,881	-2,857	-0,100	-0,070	-0,052	-0,015	0,000	0,005	0,012	0,015	0,017	0,022	0,029	0,034	0,042	0,041	0,032	0,043	12,532
5,000	-3,189	-3,252	-3,276	-3,303	-3,304	-3,310	-3,309	-3,312	-3,314	-3,315	-3,311	-3,306	-3,296	-3,277	-3,254	-0,114	-0,096	-0,074	-0,037	-0,023	-0,016	-0,010	-0,009	-0,001	0,005	0,014	0,024	0,034	0,041	0,032	0,045	11,448
6,000	-1,987	-2,027	-2,028	-2,022	-2,008	-1,994	-1,986	-1,983	-1,968	-1,974	-1,975	-1,959	-1,955	-1,954	-1,951	-0,061	-0,036	-0,016	0,013	0,026	0,029	0,028	0,028	0,021	0,016	0,027	0,018	0,016	0,011	0,008	0,033	11,836
7,000	-1,542	-1,562	-1,559	-1,563	-1,564	-1,566	-1,568	-1,570	-1,571	-1,577	-1,578	-1,580	-1,579	-1,577	-1,575	-0,033	-0,020	-0,017	-0,010	-0,007	-0,010	-0,011	-0,011	-0,008	-0,006	-0,004	-0,002	-0,000	0,001	0,004	0,028	11,177
8,000	-5,318	-5,343	-5,335	-5,347	-5,330	-5,322	-5,317	-5,311	-5,305	-5,312	-5,310	-5,303	-5,307	-5,303	-5,297	-0,028	-0,008	-0,004	0,012	0,020	0,016	0,018	0,015	0,022	0,006	0,014	0,011	0,004	0,007	0,006	0,060	11,125
9,000	-2,131	-2,112	-2,115	-2,100	-2,095	-2,083	-2,081	-2,075	-2,067	-2,064	-2,061	-2,055	-2,044	-2,026	-1,997	0,023	0,004	0,013	0,028	0,027	0,021	0,018	0,021	0,027	0,032	0,037	0,039	0,046	0,053	0,034	0,053	12,649
10,000	-1,434	-1,447	-1,425	-1,400	-1,370	-1,355	-1,343	-1,337	-1,332	-1,334	-1,328	-1,329	-1,320	-1,310	-1,296	-0,005	0,024	0,033	0,050	0,052	0,045	0,040	0,032	0,025	0,024	0,025	0,021	0,026	0,025	0,019	0,052	13,301
11,000	-3,018	-3,007	-2,999	-2,977	-2,961	-2,950	-2,945	-2,939	-2,935	-2,929	-2,925	-2,920	-2,914	-2,906	-2,895	0,006	0,016	0,022	0,036	0,037	0,032	0,033	0,026	0,027	0,026	0,020	0,021	0,021	0,021	0,014	0,044	13,535
12,000	-4,363	-4,391	-4,380	-4,379	-4,367	-4,363	-4,362	-4,362	-4,358	-4,362	-4,358	-4,352	-4,343	-4,321	-4,297	-0,026	-0,009	0,000	0,012	0,014	0,012	0,010	0,013	0,015	0,016	0,022	0,029	0,038	0,043	0,033	0,060	12,876
13,000	-1,974	-1,985	-2,013	-2,012	-2,010	-2,009	-2,003	-2,002	-2,001	-2,000	-1,995	-1,993	-1,983	-1,969	-1,947	-0,051	-0,045	-0,034	-0,004	-0,001	0,002	0,004	0,009	0,015	0,015	0,020	0,024	0,030	0,034	0,028	0,043	11,572
14,000	-3,251	-3,124	-3,028	-2,938	-2,900	-2,879	-2,871	-2,862	-2,855	-2,856	-2,848	-2,843	-2,838	-2,821	-2,805	0,269	0,267	0,230	0,146	0,114	0,088	0,071	0,059	0,047	0,038	0,034	0,034	0,034	0,036	0,025	0,044	11,624
15,000	-1,920	-1,483	-1,350	-1,206	-1,173	-1,156	-1,145	-1,143	-1,135	-1,137	-1,137	-1,135	-1,132	-1,128	-1,124	0,907	0,656	0,496	0,258	0,174	0,118	0,092	0,072	0,050	0,039	0,028	0,021	0,018	0,012	0,009	0,042	12,334
