Device: PM2003001		2022:11:08    11:22:35,490  (DLL version: 1.20;  Status: HW:v1.02 SW:v1.3 CRC:31ED BATTERY:4154mV ST:0 ERR:0000;  MUX data; S: 92 I:143 R:200.000 C:1.094p F:)
Excitation level, V:	2,00
Voltage Channel Gain:	5
Current Channel Gain:	1
Voltmeter Range, V:	0,6
Ampermeter Range, A:	15,0m
Step Period, ms:	5
R transimp:	200
C transimp:	1,1p
Measurement Table: 	EEPROM  16

Freq, Hz	1,0k	2,0k	3,0k	7,0k	11,0k	17,0k	23,0k	31,0k	43,0k	61,0k	89,0k	127,0k	179,0k	251,0k	349,0k	1,0k	2,0k	3,0k	7,0k	11,0k	17,0k	23,0k	31,0k	43,0k	61,0k	89,0k	127,0k	179,0k	251,0k	349,0k
	run	1	2022:11:08    11:22:35,493
MUX	Re1, ohm	Re2, ohm	Re3, ohm	Re4, ohm	Re5, ohm	Re6, ohm	Re7, ohm	Re8, ohm	Re9, ohm	Re10, ohm	Re11, ohm	Re12, ohm	Re13, ohm	Re14, ohm	Re15, ohm	Im1, ohm	Im2, ohm	Im3, ohm	Im4, ohm	Im5, ohm	Im6, ohm	Im7, ohm	Im8, ohm	Im9, ohm	Im10, ohm	Im11, ohm	Im12, ohm	Im13, ohm	Im14, ohm	Im15, ohm	U, V	I, mA

0,000	-13,306	-13,425	-13,441	-13,531	-13,554	-13,571	-13,579	-13,580	-13,583	-13,588	-13,585	-13,553	-13,505	-13,415	-13,306	-0,316	-0,214	-0,182	-0,120	-0,087	-0,051	-0,029	-0,014	0,012	0,038	0,081	0,122	0,166	0,188	0,153	0,000	0,000
1,000	-17,141	-17,188	-17,113	-16,954	-16,817	-16,713	-16,655	-16,608	-16,568	-16,527	-16,479	-16,438	-16,384	-16,291	-16,190	-0,143	0,073	0,156	0,287	0,310	0,280	0,269	0,235	0,228	0,215	0,211	0,218	0,222	0,223	0,170	0,000	0,000
2,000	-10,356	-10,391	-10,378	-10,250	-10,156	-10,086	-10,042	-10,001	-9,945	-9,925	-9,856	-9,787	-9,694	-9,550	-9,387	-0,059	0,034	0,106	0,216	0,232	0,223	0,228	0,226	0,232	0,244	0,272	0,307	0,324	0,332	0,249	0,000	0,000
3,000	-20,319	-20,436	-20,396	-20,149	-19,962	-19,837	-19,774	-19,716	-19,664	-19,650	-19,618	-19,584	-19,538	-19,447	-19,343	-0,280	0,019	0,151	0,365	0,376	0,328	0,294	0,255	0,219	0,187	0,185	0,194	0,201	0,216	0,162	0,000	0,000
4,000	-10,676	-10,616	-10,473	-10,425	-10,395	-10,387	-10,389	-10,389	-10,388	-10,372	-10,346	-10,305	-10,213	-10,068	-9,881	0,038	0,191	0,137	0,106	0,079	0,064	0,072	0,077	0,088	0,130	0,188	0,240	0,300	0,340	0,276	0,000	0,000
5,000	-8,426	-7,802	-7,768	-7,591	-7,534	-7,486	-7,457	-7,450	-7,412	-7,406	-7,370	-7,299	-7,201	-7,019	-6,807	1,983	1,087	0,805	0,451	0,336	0,245	0,230	0,217	0,219	0,224	0,270	0,323	0,368	0,399	0,317	0,000	0,000
6,000	-5,904	-5,583	-5,407	-5,200	-5,087	-5,029	-4,999	-4,969	-4,933	-4,909	-4,873	-4,817	-4,741	-4,616	-4,466	1,238	0,862	0,677	0,456	0,367	0,295	0,257	0,233	0,224	0,220	0,234	0,261	0,281	0,292	0,228	0,000	0,000
7,000	-7,154	-7,085	-7,083	-6,976	-6,923	-6,884	-6,861	-6,855	-6,840	-6,832	-6,820	-6,798	-6,775	-6,731	-6,684	0,095	0,070	0,110	0,146	0,128	0,089	0,095	0,085	0,079	0,073	0,082	0,092	0,096	0,095	0,067	0,000	0,000
8,000	-20,090	-20,274	-20,317	-20,440	-20,443	-20,500	-20,533	-20,567	-20,587	-20,646	-20,658	-20,671	-20,676	-20,623	-20,573	-0,354	-0,257	-0,245	-0,174	-0,146	-0,159	-0,146	-0,136	-0,112	-0,100	-0,057	-0,010	0,022	0,067	0,062	0,000	0,000
9,000	-9,830	-9,798	-9,732	-9,525	-9,377	-9,257	-9,190	-9,131	-9,082	-9,037	-8,976	-8,920	-8,830	-8,704	-8,552	0,077	0,161	0,243	0,361	0,369	0,336	0,326	0,293	0,280	0,267	0,287	0,294	0,310	0,311	0,237	0,000	0,000
10,000	-9,920	-9,896	-9,754	-9,589	-9,496	-9,460	-9,438	-9,421	-9,401	-9,395	-9,365	-9,332	-9,269	-9,169	-9,051	-0,030	0,208	0,217	0,237	0,191	0,160	0,145	0,137	0,127	0,141	0,156	0,176	0,214	0,227	0,180	0,000	0,000
11,000	-9,963	-9,838	-9,801	-9,646	-9,561	-9,505	-9,472	-9,451	-9,422	-9,403	-9,361	-9,314	-9,246	-9,136	-9,007	0,170	0,187	0,207	0,227	0,217	0,182	0,174	0,167	0,169	0,175	0,204	0,218	0,246	0,254	0,194	0,000	0,000
12,000	-15,395	-15,464	-15,361	-15,327	-15,265	-15,247	-15,242	-15,231	-15,212	-15,227	-15,204	-15,163	-15,106	-14,984	-14,838	-0,037	0,082	0,085	0,100	0,099	0,080	0,083	0,087	0,091	0,105	0,146	0,181	0,227	0,258	0,206	0,000	0,000
13,000	-8,541	-8,528	-8,524	-8,530	-8,516	-8,498	-8,483	-8,460	-8,436	-8,400	-8,352	-8,276	-8,166	-8,002	-7,789	-0,018	-0,002	-0,001	0,042	0,069	0,092	0,119	0,137	0,174	0,209	0,260	0,314	0,368	0,391	0,310	0,000	0,000
14,000	-12,086	-11,962	-12,031	-11,969	-11,953	-11,921	-11,898	-11,905	-11,889	-11,882	-11,867	-11,820	-11,737	-11,588	-11,390	-0,051	-0,076	-0,015	0,051	0,052	0,053	0,070	0,075	0,098	0,121	0,177	0,228	0,300	0,333	0,279	0,000	0,000
15,000	-9,252	-9,430	-9,328	-9,341	-9,292	-9,291	-9,289	-9,274	-9,256	-9,246	-9,226	-9,199	-9,154	-9,081	-8,996	-0,298	-0,035	-0,035	0,031	0,042	0,054	0,062	0,072	0,077	0,088	0,111	0,125	0,150	0,161	0,129	0,000	0,000
	run	2	2022:11:08    11:22:35,541
0,000	-13,472	-13,582	-13,608	-13,698	-13,713	-13,733	-13,739	-13,747	-13,747	-13,752	-13,742	-13,714	-13,668	-13,573	-13,456	-0,308	-0,213	-0,173	-0,112	-0,089	-0,055	-0,034	-0,009	0,016	0,041	0,083	0,123	0,168	0,196	0,158	0,000	0,000
1,000	-17,161	-17,211	-17,136	-16,963	-16,833	-16,721	-16,664	-16,611	-16,568	-16,534	-16,484	-16,447	-16,385	-16,293	-16,182	-0,130	0,071	0,155	0,291	0,317	0,283	0,274	0,240	0,230	0,213	0,218	0,221	0,229	0,229	0,176	0,000	0,000
2,000	-10,356	-10,391	-10,378	-10,250	-10,156	-10,086	-10,042	-10,001	-9,945	-9,925	-9,856	-9,787	-9,694	-9,550	-9,387	-0,059	0,034	0,106	0,216	0,232	0,223	0,228	0,226	0,232	0,244	0,272	0,307	0,324	0,332	0,249	0,000	0,000
3,000	-20,319	-20,436	-20,396	-20,149	-19,962	-19,837	-19,774	-19,716	-19,664	-19,650	-19,618	-19,584	-19,538	-19,447	-19,343	-0,280	0,019	0,151	0,365	0,376	0,328	0,294	0,255	0,219	0,187	0,185	0,194	0,201	0,216	0,162	0,000	0,000
4,000	-10,676	-10,616	-10,473	-10,425	-10,395	-10,387	-10,389	-10,389	-10,388	-10,372	-10,346	-10,305	-10,213	-10,068	-9,881	0,038	0,191	0,137	0,106	0,079	0,064	0,072	0,077	0,088	0,130	0,188	0,240	0,300	0,340	0,276	0,000	0,000
5,000	-8,426	-7,802	-7,768	-7,591	-7,534	-7,486	-7,457	-7,450	-7,412	-7,406	-7,370	-7,299	-7,201	-7,019	-6,807	1,983	1,087	0,805	0,451	0,336	0,245	0,230	0,217	0,219	0,224	0,270	0,323	0,368	0,399	0,317	0,000	0,000
6,000	-5,904	-5,583	-5,407	-5,200	-5,087	-5,029	-4,999	-4,969	-4,933	-4,909	-4,873	-4,817	-4,741	-4,616	-4,466	1,238	0,862	0,677	0,456	0,367	0,295	0,257	0,233	0,224	0,220	0,234	0,261	0,281	0,292	0,228	0,000	0,000
7,000	-7,154	-7,085	-7,083	-6,976	-6,923	-6,884	-6,861	-6,855	-6,840	-6,832	-6,820	-6,798	-6,775	-6,731	-6,684	0,095	0,070	0,110	0,146	0,128	0,089	0,095	0,085	0,079	0,073	0,082	0,092	0,096	0,095	0,067	0,000	0,000
8,000	-19,935	-20,153	-20,165	-20,304	-20,310	-20,366	-20,409	-20,441	-20,461	-20,511	-20,523	-20,545	-20,540	-20,502	-20,446	-0,375	-0,256	-0,237	-0,177	-0,150	-0,161	-0,146	-0,141	-0,119	-0,098	-0,051	-0,013	0,020	0,063	0,067	0,000	0,000
9,000	-9,464	-9,431	-9,370	-9,179	-9,042	-8,923	-8,859	-8,804	-8,751	-8,716	-8,649	-8,598	-8,510	-8,393	-8,242	0,070	0,150	0,235	0,344	0,351	0,328	0,316	0,280	0,271	0,262	0,274	0,284	0,295	0,298	0,225	0,000	0,000
10,000	-9,521	-9,539	-9,417	-9,300	-9,217	-9,182	-9,162	-9,146	-9,126	-9,118	-9,104	-9,064	-9,004	-8,910	-8,795	-0,050	0,149	0,151	0,185	0,163	0,141	0,126	0,124	0,112	0,123	0,148	0,170	0,204	0,215	0,172	0,000	0,000
11,000	-9,519	-9,410	-9,382	-9,248	-9,172	-9,120	-9,093	-9,069	-9,038	-9,022	-8,979	-8,941	-8,880	-8,771	-8,656	0,119	0,143	0,163	0,202	0,190	0,172	0,166	0,157	0,155	0,162	0,182	0,208	0,225	0,240	0,184	0,000	0,000
12,000	-14,736	-14,789	-14,689	-14,656	-14,590	-14,578	-14,576	-14,558	-14,550	-14,562	-14,524	-14,500	-14,445	-14,331	-14,194	-0,035	0,094	0,090	0,100	0,091	0,080	0,078	0,076	0,084	0,104	0,145	0,171	0,215	0,245	0,197	0,000	0,000
13,000	-8,382	-8,297	-8,355	-8,341	-8,332	-8,310	-8,289	-8,283	-8,248	-8,218	-8,165	-8,100	-7,992	-7,829	-7,625	0,004	-0,019	0,001	0,040	0,067	0,086	0,117	0,132	0,160	0,202	0,254	0,311	0,354	0,381	0,300	0,000	0,000
14,000	-11,982	-11,913	-11,961	-11,909	-11,891	-11,859	-11,848	-11,851	-11,827	-11,822	-11,803	-11,763	-11,682	-11,536	-11,334	-0,121	-0,076	-0,024	0,051	0,064	0,067	0,077	0,081	0,106	0,135	0,179	0,233	0,295	0,327	0,270	0,000	0,000
15,000	-9,270	-9,419	-9,333	-9,353	-9,300	-9,304	-9,294	-9,280	-9,268	-9,255	-9,233	-9,203	-9,160	-9,090	-9,007	-0,289	-0,033	-0,039	0,029	0,035	0,048	0,054	0,070	0,079	0,085	0,112	0,133	0,148	0,162	0,128	0,000	0,000
	run	3	2022:11:08    11:22:35,641
0,000	-13,314	-13,421	-13,441	-13,537	-13,562	-13,574	-13,579	-13,581	-13,585	-13,594	-13,579	-13,551	-13,500	-13,407	-13,300	-0,305	-0,211	-0,183	-0,120	-0,084	-0,056	-0,032	-0,010	0,014	0,040	0,082	0,127	0,164	0,192	0,154	0,000	0,000
1,000	-17,126	-17,173	-17,099	-16,937	-16,793	-16,687	-16,624	-16,576	-16,532	-16,502	-16,448	-16,403	-16,346	-16,254	-16,136	-0,144	0,065	0,152	0,293	0,313	0,292	0,272	0,245	0,233	0,214	0,224	0,230	0,233	0,235	0,177	0,000	0,000
2,000	-10,730	-10,749	-10,730	-10,582	-10,469	-10,396	-10,348	-10,306	-10,257	-10,225	-10,154	-10,076	-9,975	-9,811	-9,630	-0,033	0,069	0,141	0,242	0,253	0,237	0,251	0,245	0,252	0,267	0,303	0,331	0,361	0,364	0,276	0,000	0,000
3,000	-21,781	-21,823	-21,748	-21,409	-21,193	-21,061	-20,994	-20,931	-20,887	-20,872	-20,838	-20,806	-20,756	-20,647	-20,531	-0,147	0,159	0,297	0,468	0,448	0,373	0,322	0,277	0,236	0,202	0,199	0,213	0,226	0,236	0,179	0,000	0,000
4,000	-11,579	-11,541	-11,391	-11,392	-11,364	-11,368	-11,371	-11,367	-11,366	-11,349	-11,316	-11,271	-11,161	-11,000	-10,787	0,024	0,174	0,102	0,075	0,059	0,060	0,075	0,076	0,102	0,152	0,217	0,273	0,339	0,382	0,312	0,000	0,000
5,000	-9,037	-8,390	-8,337	-8,138	-8,068	-8,023	-7,995	-7,991	-7,953	-7,944	-7,905	-7,825	-7,723	-7,531	-7,303	2,049	1,132	0,853	0,489	0,358	0,261	0,244	0,226	0,229	0,234	0,285	0,349	0,400	0,431	0,343	0,000	0,000
6,000	-6,024	-5,676	-5,492	-5,279	-5,165	-5,100	-5,070	-5,036	-5,010	-4,972	-4,938	-4,885	-4,807	-4,683	-4,526	1,228	0,877	0,695	0,465	0,373	0,300	0,264	0,236	0,222	0,220	0,234	0,263	0,285	0,297	0,227	0,000	0,000
7,000	-7,226	-7,140	-7,143	-7,033	-6,978	-6,941	-6,922	-6,912	-6,895	-6,886	-6,877	-6,856	-6,828	-6,781	-6,738	0,084	0,063	0,110	0,140	0,128	0,103	0,095	0,089	0,082	0,076	0,080	0,092	0,093	0,100	0,071	0,000	0,000
8,000	-19,949	-20,153	-20,181	-20,316	-20,321	-20,378	-20,413	-20,454	-20,476	-20,528	-20,541	-20,564	-20,566	-20,524	-20,473	-0,395	-0,255	-0,244	-0,178	-0,156	-0,168	-0,151	-0,149	-0,126	-0,104	-0,059	-0,020	0,014	0,059	0,062	0,000	0,000
9,000	-9,541	-9,474	-9,413	-9,217	-9,086	-8,959	-8,899	-8,847	-8,784	-8,745	-8,693	-8,631	-8,553	-8,431	-8,292	0,077	0,160	0,231	0,349	0,352	0,325	0,314	0,290	0,280	0,259	0,272	0,283	0,294	0,292	0,220	0,000	0,000
10,000	-9,264	-9,304	-9,194	-9,107	-9,037	-9,009	-8,998	-8,977	-8,961	-8,956	-8,936	-8,908	-8,847	-8,751	-8,641	-0,084	0,109	0,108	0,146	0,131	0,117	0,110	0,107	0,103	0,120	0,139	0,164	0,192	0,203	0,167	0,000	0,000
11,000	-9,364	-9,281	-9,255	-9,134	-9,061	-9,010	-8,978	-8,951	-8,929	-8,910	-8,870	-8,828	-8,769	-8,672	-8,553	0,105	0,134	0,147	0,189	0,186	0,164	0,162	0,150	0,154	0,156	0,186	0,203	0,217	0,228	0,175	0,000	0,000
12,000	-14,386	-14,450	-14,325	-14,308	-14,250	-14,230	-14,234	-14,217	-14,208	-14,219	-14,192	-14,162	-14,105	-13,994	-13,862	-0,018	0,095	0,092	0,102	0,092	0,074	0,078	0,072	0,081	0,094	0,131	0,169	0,212	0,235	0,191	0,000	0,000
13,000	-8,126	-8,157	-8,139	-8,162	-8,146	-8,130	-8,115	-8,101	-8,071	-8,036	-7,986	-7,923	-7,822	-7,672	-7,480	-0,058	-0,032	-0,025	0,028	0,059	0,077	0,105	0,126	0,155	0,185	0,243	0,291	0,332	0,360	0,287	0,000	0,000
14,000	-11,887	-11,731	-11,848	-11,766	-11,766	-11,742	-11,723	-11,721	-11,709	-11,705	-11,670	-11,639	-11,563	-11,422	-11,225	0,018	-0,103	-0,011	0,047	0,064	0,056	0,068	0,071	0,088	0,126	0,180	0,218	0,277	0,335	0,271	0,000	0,000
15,000	-9,089	-9,251	-9,153	-9,168	-9,122	-9,128	-9,118	-9,101	-9,086	-9,074	-9,058	-9,025	-8,979	-8,913	-8,825	-0,293	-0,031	-0,036	0,028	0,039	0,047	0,052	0,073	0,077	0,083	0,107	0,129	0,151	0,159	0,127	0,000	0,000
	run	4	2022:11:08    11:22:35,693
0,000	-13,314	-13,421	-13,441	-13,537	-13,562	-13,574	-13,579	-13,581	-13,585	-13,594	-13,579	-13,551	-13,500	-13,407	-13,300	-0,305	-0,211	-0,183	-0,120	-0,084	-0,056	-0,032	-0,010	0,014	0,040	0,082	0,127	0,164	0,192	0,154	0,000	0,000
1,000	-17,126	-17,173	-17,099	-16,937	-16,793	-16,687	-16,624	-16,576	-16,532	-16,502	-16,448	-16,403	-16,346	-16,254	-16,136	-0,144	0,065	0,152	0,293	0,313	0,292	0,272	0,245	0,233	0,214	0,224	0,230	0,233	0,235	0,177	0,000	0,000
2,000	-10,730	-10,749	-10,730	-10,582	-10,469	-10,396	-10,348	-10,306	-10,257	-10,225	-10,154	-10,076	-9,975	-9,811	-9,630	-0,033	0,069	0,141	0,242	0,253	0,237	0,251	0,245	0,252	0,267	0,303	0,331	0,361	0,364	0,276	0,000	0,000
3,000	-21,781	-21,823	-21,748	-21,409	-21,193	-21,061	-20,994	-20,931	-20,887	-20,872	-20,838	-20,806	-20,756	-20,647	-20,531	-0,147	0,159	0,297	0,468	0,448	0,373	0,322	0,277	0,236	0,202	0,199	0,213	0,226	0,236	0,179	0,000	0,000
4,000	-11,579	-11,541	-11,391	-11,392	-11,364	-11,368	-11,371	-11,367	-11,366	-11,349	-11,316	-11,271	-11,161	-11,000	-10,787	0,024	0,174	0,102	0,075	0,059	0,060	0,075	0,076	0,102	0,152	0,217	0,273	0,339	0,382	0,312	0,000	0,000
5,000	-9,037	-8,390	-8,337	-8,138	-8,068	-8,023	-7,995	-7,991	-7,953	-7,944	-7,905	-7,825	-7,723	-7,531	-7,303	2,049	1,132	0,853	0,489	0,358	0,261	0,244	0,226	0,229	0,234	0,285	0,349	0,400	0,431	0,343	0,000	0,000
6,000	-6,043	-5,691	-5,508	-5,280	-5,167	-5,105	-5,071	-5,037	-5,007	-4,979	-4,935	-4,884	-4,809	-4,674	-4,513	1,247	0,882	0,714	0,475	0,392	0,307	0,273	0,242	0,226	0,229	0,244	0,270	0,291	0,306	0,238	0,000	0,000
7,000	-7,134	-7,052	-7,060	-6,960	-6,912	-6,874	-6,854	-6,840	-6,824	-6,815	-6,806	-6,782	-6,758	-6,711	-6,669	0,073	0,053	0,083	0,138	0,123	0,094	0,092	0,090	0,082	0,074	0,084	0,087	0,097	0,102	0,072	0,000	0,000
8,000	-19,827	-20,019	-20,050	-20,170	-20,175	-20,227	-20,262	-20,302	-20,323	-20,380	-20,395	-20,413	-20,417	-20,372	-20,319	-0,358	-0,240	-0,228	-0,171	-0,151	-0,160	-0,153	-0,147	-0,124	-0,107	-0,065	-0,022	0,011	0,054	0,057	0,000	0,000
9,000	-9,539	-9,503	-9,443	-9,240	-9,109	-8,988	-8,920	-8,869	-8,811	-8,766	-8,716	-8,657	-8,575	-8,456	-8,317	0,076	0,165	0,233	0,356	0,358	0,326	0,311	0,280	0,275	0,264	0,266	0,280	0,290	0,291	0,220	0,000	0,000
10,000	-9,466	-9,475	-9,363	-9,259	-9,183	-9,149	-9,140	-9,122	-9,097	-9,094	-9,066	-9,044	-8,984	-8,894	-8,781	-0,069	0,127	0,127	0,169	0,151	0,122	0,114	0,113	0,107	0,123	0,144	0,163	0,194	0,208	0,165	0,000	0,000
11,000	-9,428	-9,324	-9,306	-9,180	-9,105	-9,052	-9,021	-9,000	-8,973	-8,950	-8,918	-8,877	-8,811	-8,716	-8,600	0,119	0,130	0,151	0,195	0,189	0,160	0,161	0,150	0,152	0,162	0,176	0,203	0,221	0,232	0,177	0,000	0,000
12,000	-14,409	-14,486	-14,375	-14,348	-14,285	-14,269	-14,264	-14,254	-14,241	-14,249	-14,229	-14,197	-14,140	-14,032	-13,895	-0,026	0,093	0,087	0,101	0,088	0,075	0,080	0,074	0,080	0,092	0,129	0,166	0,208	0,235	0,188	0,000	0,000
13,000	-8,067	-8,063	-8,075	-8,082	-8,078	-8,060	-8,046	-8,030	-7,998	-7,966	-7,916	-7,850	-7,752	-7,605	-7,405	-0,046	-0,021	-0,007	0,031	0,054	0,082	0,106	0,127	0,157	0,195	0,238	0,287	0,335	0,359	0,277	0,000	0,000
14,000	-11,531	-11,393	-11,463	-11,419	-11,416	-11,390	-11,372	-11,364	-11,357	-11,355	-11,336	-11,289	-11,214	-11,075	-10,890	-0,048	-0,099	-0,039	0,036	0,052	0,051	0,065	0,063	0,086	0,115	0,179	0,202	0,277	0,321	0,266	0,000	0,000
15,000	-8,954	-9,120	-9,030	-9,049	-9,004	-9,004	-8,997	-8,980	-8,962	-8,954	-8,935	-8,905	-8,863	-8,787	-8,703	-0,300	-0,034	-0,046	0,030	0,039	0,045	0,051	0,069	0,080	0,092	0,107	0,127	0,155	0,163	0,131	0,000	0,000
	run	5	2022:11:08    11:22:35,797
0,000	-13,418	-13,519	-13,564	-13,662	-13,687	-13,704	-13,711	-13,718	-13,716	-13,726	-13,713	-13,688	-13,635	-13,536	-13,418	-0,318	-0,236	-0,199	-0,124	-0,098	-0,060	-0,034	-0,014	0,008	0,039	0,083	0,134	0,176	0,201	0,161	0,000	0,000
1,000	-17,750	-17,783	-17,690	-17,494	-17,329	-17,220	-17,158	-17,101	-17,050	-17,019	-16,970	-16,925	-16,862	-16,766	-16,653	-0,067	0,130	0,201	0,339	0,344	0,316	0,294	0,263	0,246	0,230	0,234	0,236	0,240	0,242	0,179	0,000	0,000
2,000	-11,140	-11,141	-11,117	-10,956	-10,850	-10,775	-10,725	-10,684	-10,630	-10,603	-10,528	-10,444	-10,333	-10,162	-9,975	-0,021	0,089	0,156	0,254	0,266	0,245	0,254	0,256	0,265	0,278	0,317	0,357	0,379	0,388	0,298	0,000	0,000
3,000	-22,259	-22,254	-22,166	-21,822	-21,596	-21,466	-21,403	-21,340	-21,297	-21,284	-21,249	-21,220	-21,176	-21,067	-20,953	-0,107	0,205	0,320	0,478	0,460	0,372	0,324	0,277	0,241	0,200	0,197	0,212	0,226	0,238	0,182	0,000	0,000
4,000	-11,850	-11,821	-11,691	-11,671	-11,647	-11,644	-11,652	-11,647	-11,640	-11,625	-11,596	-11,537	-11,437	-11,266	-11,038	0,013	0,157	0,101	0,074	0,066	0,064	0,079	0,090	0,114	0,155	0,220	0,285	0,354	0,396	0,319	0,000	0,000
5,000	-9,122	-8,430	-8,392	-8,189	-8,122	-8,067	-8,039	-8,034	-7,995	-7,989	-7,947	-7,879	-7,768	-7,576	-7,333	2,118	1,184	0,870	0,506	0,365	0,266	0,247	0,230	0,227	0,238	0,284	0,341	0,398	0,433	0,345	0,000	0,000
6,000	-5,977	-5,644	-5,456	-5,235	-5,125	-5,059	-5,026	-4,997	-4,959	-4,945	-4,896	-4,842	-4,773	-4,651	-4,500	1,221	0,872	0,702	0,471	0,376	0,297	0,265	0,242	0,224	0,218	0,235	0,256	0,280	0,291	0,225	0,000	0,000
7,000	-6,953	-6,888	-6,908	-6,823	-6,770	-6,734	-6,723	-6,708	-6,696	-6,690	-6,676	-6,653	-6,632	-6,586	-6,536	0,078	0,042	0,075	0,118	0,105	0,082	0,084	0,082	0,079	0,070	0,079	0,090	0,093	0,096	0,070	0,000	0,000
8,000	-19,525	-19,705	-19,720	-19,823	-19,826	-19,874	-19,906	-19,941	-19,970	-20,015	-20,030	-20,046	-20,047	-20,013	-19,952	-0,351	-0,225	-0,225	-0,147	-0,134	-0,147	-0,139	-0,132	-0,117	-0,093	-0,048	-0,015	0,021	0,065	0,062	0,000	0,000
9,000	-9,387	-9,357	-9,307	-9,142	-9,017	-8,894	-8,830	-8,778	-8,725	-8,682	-8,629	-8,573	-8,491	-8,376	-8,239	0,059	0,122	0,191	0,314	0,331	0,312	0,299	0,275	0,260	0,251	0,264	0,277	0,287	0,285	0,211	0,000	0,000
10,000	-9,552	-9,552	-9,447	-9,314	-9,226	-9,194	-9,174	-9,161	-9,137	-9,139	-9,117	-9,081	-9,018	-8,929	-8,819	-0,062	0,152	0,149	0,187	0,161	0,138	0,127	0,121	0,111	0,121	0,142	0,163	0,200	0,210	0,169	0,000	0,000
11,000	-9,656	-9,543	-9,507	-9,376	-9,302	-9,251	-9,217	-9,196	-9,166	-9,148	-9,109	-9,068	-9,006	-8,905	-8,781	0,128	0,147	0,178	0,211	0,199	0,173	0,169	0,157	0,157	0,165	0,182	0,205	0,227	0,237	0,179	0,000	0,000
12,000	-14,754	-14,802	-14,717	-14,676	-14,616	-14,602	-14,602	-14,594	-14,579	-14,585	-14,563	-14,530	-14,470	-14,359	-14,229	-0,042	0,092	0,090	0,091	0,091	0,076	0,074	0,080	0,081	0,095	0,134	0,176	0,212	0,239	0,193	0,000	0,000
13,000	-8,250	-8,239	-8,247	-8,256	-8,243	-8,222	-8,209	-8,184	-8,158	-8,126	-8,082	-8,010	-7,908	-7,749	-7,558	-0,022	-0,018	-0,004	0,034	0,064	0,086	0,114	0,130	0,160	0,197	0,245	0,292	0,341	0,366	0,292	0,000	0,000
14,000	-11,619	-11,507	-11,564	-11,508	-11,498	-11,474	-11,459	-11,451	-11,452	-11,437	-11,404	-11,377	-11,305	-11,161	-10,970	-0,059	-0,079	-0,019	0,047	0,052	0,065	0,061	0,068	0,091	0,113	0,181	0,221	0,283	0,331	0,271	0,000	0,000
15,000	-9,062	-9,234	-9,134	-9,156	-9,107	-9,107	-9,098	-9,087	-9,068	-9,055	-9,040	-9,010	-8,962	-8,891	-8,803	-0,303	-0,034	-0,035	0,027	0,037	0,053	0,056	0,073	0,082	0,091	0,113	0,129	0,154	0,164	0,134	0,000	0,000
	run	6	2022:11:08    11:22:35,894
0,000	-13,479	-13,602	-13,622	-13,724	-13,751	-13,764	-13,771	-13,780	-13,774	-13,786	-13,775	-13,749	-13,701	-13,605	-13,490	-0,317	-0,215	-0,202	-0,124	-0,100	-0,052	-0,035	-0,013	0,015	0,038	0,078	0,126	0,165	0,197	0,157	0,000	0,000
1,000	-17,392	-17,413	-17,345	-17,160	-17,012	-16,906	-16,849	-16,797	-16,752	-16,720	-16,667	-16,625	-16,571	-16,474	-16,362	-0,106	0,095	0,171	0,303	0,324	0,296	0,278	0,251	0,228	0,217	0,219	0,225	0,226	0,229	0,173	0,000	0,000
2,000	-10,590	-10,610	-10,588	-10,450	-10,353	-10,283	-10,237	-10,199	-10,147	-10,120	-10,053	-9,973	-9,878	-9,721	-9,553	-0,039	0,059	0,126	0,228	0,237	0,223	0,235	0,234	0,241	0,251	0,290	0,322	0,349	0,353	0,262	0,000	0,000
3,000	-21,095	-21,160	-21,100	-20,807	-20,601	-20,470	-20,411	-20,351	-20,305	-20,293	-20,251	-20,225	-20,182	-20,085	-19,969	-0,220	0,101	0,218	0,415	0,412	0,345	0,307	0,259	0,228	0,192	0,187	0,200	0,212	0,222	0,171	0,000	0,000
4,000	-10,927	-10,858	-10,714	-10,694	-10,661	-10,656	-10,664	-10,662	-10,666	-10,651	-10,619	-10,575	-10,477	-10,325	-10,129	0,030	0,199	0,128	0,092	0,073	0,068	0,070	0,079	0,097	0,139	0,195	0,260	0,314	0,356	0,288	0,000	0,000
5,000	-8,500	-7,884	-7,844	-7,655	-7,605	-7,554	-7,531	-7,522	-7,482	-7,478	-7,435	-7,376	-7,279	-7,105	-6,895	1,988	1,094	0,808	0,458	0,338	0,246	0,221	0,210	0,211	0,215	0,254	0,309	0,358	0,392	0,309	0,000	0,000
6,000	-5,797	-5,461	-5,291	-5,093	-4,982	-4,917	-4,886	-4,862	-4,825	-4,803	-4,762	-4,711	-4,638	-4,520	-4,372	1,195	0,831	0,656	0,449	0,356	0,286	0,256	0,225	0,219	0,218	0,232	0,257	0,274	0,286	0,219	0,000	0,000
7,000	-6,927	-6,844	-6,867	-6,784	-6,742	-6,704	-6,684	-6,677	-6,659	-6,657	-6,647	-6,622	-6,602	-6,552	-6,502	0,062	0,036	0,071	0,119	0,102	0,084	0,083	0,075	0,077	0,072	0,080	0,088	0,092	0,096	0,067	0,000	0,000
8,000	-19,397	-19,588	-19,605	-19,709	-19,705	-19,751	-19,787	-19,816	-19,843	-19,892	-19,910	-19,921	-19,922	-19,895	-19,843	-0,358	-0,227	-0,205	-0,148	-0,130	-0,142	-0,142	-0,130	-0,117	-0,095	-0,058	-0,019	0,017	0,057	0,059	0,000	0,000
9,000	-9,455	-9,417	-9,372	-9,213	-9,090	-8,983	-8,911	-8,859	-8,809	-8,767	-8,708	-8,652	-8,573	-8,450	-8,315	0,048	0,115	0,187	0,306	0,324	0,306	0,295	0,274	0,263	0,251	0,265	0,276	0,290	0,290	0,213	0,000	0,000
10,000	-9,525	-9,544	-9,414	-9,287	-9,201	-9,166	-9,146	-9,132	-9,109	-9,107	-9,079	-9,046	-8,979	-8,890	-8,778	-0,060	0,150	0,164	0,197	0,168	0,148	0,137	0,126	0,118	0,126	0,151	0,166	0,206	0,214	0,170	0,000	0,000
11,000	-9,708	-9,601	-9,567	-9,430	-9,347	-9,293	-9,265	-9,242	-9,214	-9,196	-9,153	-9,107	-9,048	-8,945	-8,823	0,150	0,159	0,181	0,214	0,204	0,171	0,169	0,158	0,162	0,162	0,189	0,212	0,235	0,242	0,189	0,000	0,000
12,000	-15,124	-15,200	-15,095	-15,063	-15,004	-14,987	-14,982	-14,975	-14,958	-14,974	-14,950	-14,909	-14,854	-14,736	-14,595	-0,042	0,082	0,091	0,101	0,087	0,076	0,076	0,081	0,086	0,102	0,146	0,170	0,218	0,249	0,200	0,000	0,000
13,000	-8,463	-8,431	-8,461	-8,452	-8,438	-8,419	-8,403	-8,380	-8,358	-8,320	-8,272	-8,204	-8,095	-7,929	-7,721	0,000	-0,004	0,005	0,045	0,069	0,087	0,118	0,135	0,167	0,204	0,256	0,304	0,360	0,383	0,308	0,000	0,000
14,000	-11,981	-11,889	-11,950	-11,899	-11,887	-11,862	-11,844	-11,835	-11,829	-11,820	-11,792	-11,755	-11,677	-11,535	-11,334	-0,062	-0,100	-0,011	0,041	0,057	0,058	0,074	0,081	0,097	0,119	0,186	0,221	0,295	0,327	0,273	0,000	0,000
15,000	-9,238	-9,409	-9,296	-9,330	-9,279	-9,279	-9,274	-9,251	-9,237	-9,227	-9,207	-9,180	-9,133	-9,059	-8,973	-0,292	-0,034	-0,038	0,031	0,038	0,054	0,056	0,073	0,077	0,094	0,113	0,132	0,158	0,168	0,129	0,000	0,000
	run	7	2022:11:08    11:22:35,941
0,000	-13,588	-13,693	-13,708	-13,806	-13,826	-13,847	-13,857	-13,854	-13,854	-13,866	-13,857	-13,826	-13,778	-13,685	-13,570	-0,306	-0,219	-0,174	-0,118	-0,086	-0,060	-0,035	-0,013	0,009	0,032	0,079	0,125	0,164	0,192	0,153	0,000	0,000
1,000	-17,208	-17,258	-17,191	-17,031	-16,882	-16,779	-16,716	-16,673	-16,616	-16,593	-16,544	-16,500	-16,448	-16,353	-16,252	-0,113	0,080	0,160	0,292	0,311	0,280	0,270	0,243	0,233	0,210	0,218	0,218	0,224	0,223	0,165	0,000	0,000
2,000	-10,590	-10,610	-10,588	-10,450	-10,353	-10,283	-10,237	-10,199	-10,147	-10,120	-10,053	-9,973	-9,878	-9,721	-9,553	-0,039	0,059	0,126	0,228	0,237	0,223	0,235	0,234	0,241	0,251	0,290	0,322	0,349	0,353	0,262	0,000	0,000
3,000	-21,095	-21,160	-21,100	-20,807	-20,601	-20,470	-20,411	-20,351	-20,305	-20,293	-20,251	-20,225	-20,182	-20,085	-19,969	-0,220	0,101	0,218	0,415	0,412	0,345	0,307	0,259	0,228	0,192	0,187	0,200	0,212	0,222	0,171	0,000	0,000
4,000	-10,927	-10,858	-10,714	-10,694	-10,661	-10,656	-10,664	-10,662	-10,666	-10,651	-10,619	-10,575	-10,477	-10,325	-10,129	0,030	0,199	0,128	0,092	0,073	0,068	0,070	0,079	0,097	0,139	0,195	0,260	0,314	0,356	0,288	0,000	0,000
5,000	-8,500	-7,884	-7,844	-7,655	-7,605	-7,554	-7,531	-7,522	-7,482	-7,478	-7,435	-7,376	-7,279	-7,105	-6,895	1,988	1,094	0,808	0,458	0,338	0,246	0,221	0,210	0,211	0,215	0,254	0,309	0,358	0,392	0,309	0,000	0,000
6,000	-5,797	-5,461	-5,291	-5,093	-4,982	-4,917	-4,886	-4,862	-4,825	-4,803	-4,762	-4,711	-4,638	-4,520	-4,372	1,195	0,831	0,656	0,449	0,356	0,286	0,256	0,225	0,219	0,218	0,232	0,257	0,274	0,286	0,219	0,000	0,000
7,000	-6,927	-6,844	-6,867	-6,784	-6,742	-6,704	-6,684	-6,677	-6,659	-6,657	-6,647	-6,622	-6,602	-6,552	-6,502	0,062	0,036	0,071	0,119	0,102	0,084	0,083	0,075	0,077	0,072	0,080	0,088	0,092	0,096	0,067	0,000	0,000
8,000	-19,529	-19,674	-19,706	-19,811	-19,806	-19,862	-19,888	-19,924	-19,950	-19,997	-20,011	-20,031	-20,031	-19,990	-19,939	-0,335	-0,229	-0,206	-0,146	-0,126	-0,140	-0,131	-0,128	-0,111	-0,096	-0,056	-0,012	0,014	0,061	0,055	0,000	0,000
9,000	-9,382	-9,365	-9,303	-9,136	-9,005	-8,894	-8,828	-8,777	-8,719	-8,675	-8,622	-8,568	-8,484	-8,375	-8,236	0,048	0,125	0,196	0,308	0,333	0,304	0,300	0,275	0,263	0,255	0,266	0,280	0,289	0,288	0,217	0,000	0,000
10,000	-9,429	-9,434	-9,330	-9,220	-9,128	-9,101	-9,079	-9,063	-9,047	-9,040	-9,018	-8,985	-8,926	-8,829	-8,722	-0,080	0,132	0,127	0,174	0,145	0,137	0,119	0,114	0,112	0,120	0,133	0,167	0,204	0,213	0,167	0,000	0,000
11,000	-9,683	-9,577	-9,557	-9,418	-9,344	-9,285	-9,254	-9,238	-9,205	-9,188	-9,151	-9,106	-9,043	-8,936	-8,815	0,127	0,152	0,165	0,206	0,196	0,166	0,169	0,154	0,154	0,163	0,184	0,211	0,235	0,243	0,185	0,000	0,000
12,000	-15,087	-15,158	-15,061	-15,022	-14,962	-14,949	-14,943	-14,935	-14,917	-14,927	-14,899	-14,868	-14,806	-14,690	-14,548	-0,027	0,078	0,084	0,108	0,093	0,077	0,076	0,082	0,091	0,101	0,140	0,182	0,222	0,250	0,204	0,000	0,000
13,000	-8,586	-8,519	-8,565	-8,548	-8,539	-8,524	-8,502	-8,491	-8,462	-8,430	-8,375	-8,301	-8,202	-8,040	-7,831	0,001	-0,015	0,005	0,048	0,067	0,089	0,118	0,131	0,164	0,206	0,257	0,306	0,356	0,379	0,301	0,000	0,000
14,000	-12,370	-12,302	-12,335	-12,279	-12,275	-12,242	-12,220	-12,213	-12,209	-12,192	-12,174	-12,140	-12,050	-11,894	-11,685	-0,109	-0,084	-0,013	0,054	0,071	0,069	0,079	0,083	0,096	0,127	0,176	0,229	0,307	0,342	0,280	0,000	0,000
15,000	-9,413	-9,566	-9,472	-9,489	-9,444	-9,443	-9,439	-9,421	-9,400	-9,400	-9,379	-9,348	-9,299	-9,227	-9,140	-0,307	-0,030	-0,033	0,027	0,041	0,052	0,050	0,073	0,078	0,090	0,113	0,132	0,153	0,165	0,132	0,000	0,000
	run	8	2022:11:08    11:22:36,042
0,000	-13,384	-13,504	-13,532	-13,611	-13,626	-13,643	-13,654	-13,653	-13,653	-13,663	-13,654	-13,624	-13,577	-13,488	-13,382	-0,298	-0,205	-0,175	-0,106	-0,080	-0,053	-0,028	-0,006	0,013	0,034	0,073	0,114	0,157	0,182	0,147	0,000	0,000
1,000	-16,652	-16,713	-16,642	-16,508	-16,371	-16,282	-16,229	-16,180	-16,130	-16,108	-16,057	-16,017	-15,966	-15,877	-15,778	-0,114	0,060	0,139	0,260	0,284	0,257	0,247	0,227	0,214	0,197	0,199	0,202	0,201	0,206	0,154	0,000	0,000
2,000	-9,956	-9,986	-9,966	-9,870	-9,778	-9,708	-9,666	-9,632	-9,585	-9,556	-9,496	-9,425	-9,338	-9,205	-9,049	-0,066	0,027	0,085	0,194	0,217	0,208	0,219	0,209	0,224	0,232	0,257	0,288	0,309	0,315	0,238	0,000	0,000
3,000	-19,642	-19,770	-19,748	-19,557	-19,379	-19,270	-19,204	-19,155	-19,099	-19,090	-19,058	-19,021	-18,977	-18,887	-18,775	-0,292	-0,033	0,083	0,302	0,337	0,294	0,270	0,237	0,215	0,182	0,177	0,195	0,203	0,211	0,159	0,000	0,000
4,000	-10,585	-10,514	-10,356	-10,318	-10,286	-10,280	-10,287	-10,284	-10,281	-10,275	-10,240	-10,205	-10,117	-9,976	-9,796	0,024	0,205	0,150	0,103	0,083	0,072	0,073	0,077	0,091	0,125	0,181	0,237	0,290	0,324	0,266	0,000	0,000
5,000	-8,368	-7,765	-7,727	-7,549	-7,498	-7,449	-7,425	-7,411	-7,380	-7,369	-7,330	-7,270	-7,169	-7,005	-6,789	1,952	1,077	0,793	0,447	0,336	0,245	0,225	0,209	0,213	0,215	0,259	0,312	0,359	0,390	0,306	0,000	0,000
6,000	-5,765	-5,453	-5,279	-5,084	-4,983	-4,921	-4,893	-4,865	-4,831	-4,805	-4,763	-4,708	-4,641	-4,518	-4,366	1,195	0,819	0,644	0,440	0,358	0,276	0,252	0,224	0,217	0,212	0,235	0,251	0,276	0,287	0,224	0,000	0,000
7,000	-6,968	-6,872	-6,892	-6,797	-6,748	-6,710	-6,692	-6,684	-6,663	-6,657	-6,641	-6,621	-6,599	-6,552	-6,505	0,094	0,041	0,101	0,124	0,114	0,096	0,094	0,083	0,082	0,079	0,081	0,092	0,094	0,102	0,071	0,000	0,000
8,000	-19,599	-19,822	-19,831	-19,946	-19,948	-20,007	-20,037	-20,079	-20,093	-20,143	-20,165	-20,184	-20,180	-20,142	-20,082	-0,357	-0,237	-0,232	-0,168	-0,148	-0,155	-0,142	-0,136	-0,117	-0,094	-0,056	-0,009	0,017	0,062	0,059	0,000	0,000
9,000	-9,462	-9,407	-9,359	-9,164	-9,032	-8,913	-8,846	-8,795	-8,739	-8,699	-8,640	-8,584	-8,505	-8,375	-8,235	0,072	0,144	0,225	0,331	0,350	0,322	0,309	0,287	0,269	0,264	0,269	0,281	0,294	0,302	0,224	0,000	0,000
10,000	-9,681	-9,690	-9,556	-9,424	-9,332	-9,296	-9,273	-9,255	-9,237	-9,235	-9,216	-9,179	-9,115	-9,021	-8,908	-0,046	0,166	0,169	0,207	0,172	0,150	0,135	0,127	0,121	0,123	0,147	0,173	0,205	0,218	0,174	0,000	0,000
11,000	-9,694	-9,587	-9,558	-9,412	-9,330	-9,278	-9,253	-9,229	-9,200	-9,178	-9,142	-9,100	-9,032	-8,928	-8,809	0,136	0,157	0,178	0,209	0,198	0,166	0,166	0,154	0,161	0,161	0,188	0,209	0,233	0,244	0,186	0,000	0,000
12,000	-15,088	-15,152	-15,032	-15,010	-14,942	-14,929	-14,922	-14,911	-14,894	-14,906	-14,876	-14,836	-14,782	-14,658	-14,513	-0,029	0,094	0,096	0,106	0,101	0,082	0,082	0,088	0,089	0,104	0,139	0,189	0,233	0,264	0,210	0,000	0,000
13,000	-8,566	-8,506	-8,543	-8,542	-8,523	-8,506	-8,487	-8,470	-8,443	-8,410	-8,355	-8,285	-8,183	-8,026	-7,819	-0,009	-0,007	-0,005	0,047	0,066	0,086	0,112	0,131	0,166	0,206	0,256	0,300	0,350	0,380	0,298	0,000	0,000
14,000	-12,476	-12,400	-12,443	-12,367	-12,362	-12,333	-12,320	-12,307	-12,295	-12,291	-12,272	-12,223	-12,140	-12,001	-11,787	-0,110	-0,084	-0,009	0,051	0,071	0,073	0,080	0,087	0,100	0,125	0,172	0,233	0,296	0,352	0,286	0,000	0,000
15,000	-9,307	-9,459	-9,372	-9,386	-9,339	-9,342	-9,336	-9,320	-9,306	-9,298	-9,279	-9,243	-9,205	-9,132	-9,054	-0,296	-0,038	-0,040	0,025	0,035	0,046	0,056	0,070	0,077	0,088	0,108	0,124	0,148	0,161	0,128	0,000	0,000
	run	9	2022:11:08    11:22:36,092
0,000	-13,384	-13,504	-13,532	-13,611	-13,626	-13,643	-13,654	-13,653	-13,653	-13,663	-13,654	-13,624	-13,577	-13,488	-13,382	-0,298	-0,205	-0,175	-0,106	-0,080	-0,053	-0,028	-0,006	0,013	0,034	0,073	0,114	0,157	0,182	0,147	0,000	0,000
1,000	-16,652	-16,713	-16,642	-16,508	-16,371	-16,282	-16,229	-16,180	-16,130	-16,108	-16,057	-16,017	-15,966	-15,877	-15,778	-0,114	0,060	0,139	0,260	0,284	0,257	0,247	0,227	0,214	0,197	0,199	0,202	0,201	0,206	0,154	0,000	0,000
2,000	-9,956	-9,986	-9,966	-9,870	-9,778	-9,708	-9,666	-9,632	-9,585	-9,556	-9,496	-9,425	-9,338	-9,205	-9,049	-0,066	0,027	0,085	0,194	0,217	0,208	0,219	0,209	0,224	0,232	0,257	0,288	0,309	0,315	0,238	0,000	0,000
3,000	-19,642	-19,770	-19,748	-19,557	-19,379	-19,270	-19,204	-19,155	-19,099	-19,090	-19,058	-19,021	-18,977	-18,887	-18,775	-0,292	-0,033	0,083	0,302	0,337	0,294	0,270	0,237	0,215	0,182	0,177	0,195	0,203	0,211	0,159	0,000	0,000
4,000	-10,585	-10,514	-10,356	-10,318	-10,286	-10,280	-10,287	-10,284	-10,281	-10,275	-10,240	-10,205	-10,117	-9,976	-9,796	0,024	0,205	0,150	0,103	0,083	0,072	0,073	0,077	0,091	0,125	0,181	0,237	0,290	0,324	0,266	0,000	0,000
5,000	-8,368	-7,765	-7,727	-7,549	-7,498	-7,449	-7,425	-7,411	-7,380	-7,369	-7,330	-7,270	-7,169	-7,005	-6,789	1,952	1,077	0,793	0,447	0,336	0,245	0,225	0,209	0,213	0,215	0,259	0,312	0,359	0,390	0,306	0,000	0,000
6,000	-5,899	-5,566	-5,395	-5,184	-5,077	-5,019	-4,989	-4,954	-4,926	-4,904	-4,855	-4,797	-4,722	-4,594	-4,442	1,229	0,839	0,668	0,451	0,364	0,286	0,260	0,228	0,220	0,215	0,234	0,266	0,293	0,303	0,234	0,000	0,000
7,000	-7,226	-7,114	-7,124	-7,011	-6,960	-6,923	-6,902	-6,902	-6,870	-6,873	-6,858	-6,829	-6,807	-6,755	-6,700	0,105	0,082	0,112	0,149	0,134	0,107	0,101	0,092	0,087	0,080	0,088	0,099	0,109	0,114	0,086	0,000	0,000
8,000	-20,444	-20,657	-20,702	-20,846	-20,852	-20,912	-20,943	-20,979	-21,002	-21,056	-21,074	-21,091	-21,095	-21,054	-20,995	-0,385	-0,288	-0,271	-0,194	-0,166	-0,168	-0,158	-0,147	-0,130	-0,106	-0,060	-0,024	0,011	0,062	0,064	0,000	0,000
9,000	-10,040	-9,957	-9,880	-9,654	-9,505	-9,385	-9,316	-9,264	-9,201	-9,161	-9,099	-9,038	-8,952	-8,822	-8,666	0,111	0,202	0,286	0,381	0,382	0,346	0,333	0,306	0,288	0,280	0,290	0,306	0,317	0,321	0,241	0,000	0,000
10,000	-9,942	-9,939	-9,781	-9,623	-9,526	-9,483	-9,470	-9,452	-9,435	-9,432	-9,408	-9,365	-9,304	-9,204	-9,080	-0,020	0,212	0,216	0,243	0,197	0,165	0,140	0,137	0,126	0,136	0,162	0,185	0,217	0,226	0,182	0,000	0,000
11,000	-9,907	-9,770	-9,730	-9,572	-9,486	-9,433	-9,396	-9,373	-9,341	-9,323	-9,283	-9,240	-9,168	-9,061	-8,931	0,162	0,198	0,206	0,233	0,219	0,181	0,179	0,168	0,168	0,171	0,196	0,219	0,246	0,253	0,197	0,000	0,000
12,000	-15,204	-15,293	-15,179	-15,155	-15,092	-15,070	-15,074	-15,060	-15,041	-15,053	-15,032	-14,993	-14,934	-14,808	-14,664	-0,047	0,088	0,084	0,100	0,094	0,072	0,080	0,082	0,093	0,106	0,142	0,182	0,234	0,259	0,214	0,000	0,000
13,000	-8,453	-8,453	-8,463	-8,466	-8,446	-8,427	-8,411	-8,395	-8,371	-8,332	-8,280	-8,215	-8,117	-7,951	-7,754	-0,032	-0,016	-0,015	0,046	0,070	0,092	0,113	0,129	0,165	0,201	0,248	0,306	0,349	0,376	0,299	0,000	0,000
14,000	-12,050	-11,861	-12,014	-11,904	-11,905	-11,874	-11,854	-11,854	-11,840	-11,835	-11,815	-11,773	-11,697	-11,562	-11,362	0,007	-0,090	-0,003	0,061	0,063	0,054	0,071	0,076	0,092	0,120	0,167	0,212	0,282	0,326	0,273	0,000	0,000
15,000	-8,949	-9,117	-9,019	-9,040	-8,995	-8,996	-8,987	-8,975	-8,958	-8,957	-8,934	-8,903	-8,864	-8,792	-8,710	-0,278	-0,033	-0,038	0,022	0,038	0,048	0,050	0,063	0,072	0,085	0,102	0,117	0,142	0,154	0,124	0,000	0,000
	run	10	2022:11:08    11:22:36,193
0,000	-12,693	-12,789	-12,816	-12,899	-12,922	-12,929	-12,941	-12,940	-12,939	-12,946	-12,936	-12,912	-12,868	-12,784	-12,682	-0,299	-0,203	-0,173	-0,105	-0,079	-0,052	-0,024	-0,012	0,012	0,035	0,076	0,113	0,153	0,176	0,140	0,000	0,000
1,000	-16,634	-16,693	-16,644	-16,503	-16,367	-16,270	-16,220	-16,174	-16,121	-16,093	-16,051	-16,013	-15,950	-15,864	-15,762	-0,132	0,045	0,116	0,258	0,281	0,261	0,250	0,233	0,215	0,204	0,204	0,210	0,211	0,215	0,160	0,000	0,000
2,000	-10,459	-10,483	-10,461	-10,331	-10,227	-10,151	-10,106	-10,072	-10,019	-9,984	-9,928	-9,849	-9,755	-9,608	-9,441	-0,048	0,048	0,123	0,230	0,241	0,229	0,233	0,232	0,241	0,253	0,280	0,313	0,335	0,338	0,250	0,000	0,000
3,000	-21,203	-21,287	-21,237	-20,945	-20,746	-20,621	-20,545	-20,497	-20,447	-20,438	-20,403	-20,369	-20,322	-20,225	-20,118	-0,246	0,082	0,204	0,403	0,406	0,343	0,302	0,265	0,231	0,185	0,188	0,200	0,211	0,216	0,168	0,000	0,000
4,000	-10,843	-10,803	-10,643	-10,621	-10,591	-10,586	-10,594	-10,583	-10,586	-10,573	-10,544	-10,496	-10,412	-10,264	-10,072	0,030	0,195	0,142	0,094	0,076	0,066	0,072	0,078	0,098	0,131	0,191	0,245	0,302	0,336	0,276	0,000	0,000
5,000	-8,590	-7,979	-7,927	-7,751	-7,696	-7,641	-7,612	-7,607	-7,570	-7,562	-7,517	-7,453	-7,353	-7,177	-6,965	2,006	1,110	0,813	0,456	0,348	0,257	0,238	0,215	0,218	0,222	0,273	0,318	0,372	0,405	0,320	0,000	0,000
6,000	-5,991	-5,651	-5,475	-5,255	-5,150	-5,081	-5,050	-5,017	-4,986	-4,955	-4,909	-4,858	-4,776	-4,648	-4,483	1,229	0,860	0,697	0,465	0,374	0,301	0,262	0,236	0,229	0,230	0,236	0,273	0,299	0,316	0,248	0,000	0,000
7,000	-7,356	-7,226	-7,230	-7,107	-7,053	-7,014	-6,990	-6,987	-6,965	-6,958	-6,941	-6,920	-6,892	-6,837	-6,785	0,131	0,109	0,143	0,165	0,136	0,111	0,101	0,094	0,088	0,085	0,095	0,100	0,106	0,110	0,086	0,000	0,000
8,000	-20,870	-21,102	-21,153	-21,321	-21,328	-21,378	-21,420	-21,456	-21,474	-21,535	-21,550	-21,572	-21,570	-21,525	-21,463	-0,403	-0,316	-0,299	-0,219	-0,172	-0,178	-0,158	-0,148	-0,130	-0,106	-0,057	-0,017	0,017	0,061	0,064	0,000	0,000
9,000	-10,012	-9,925	-9,840	-9,599	-9,452	-9,327	-9,264	-9,210	-9,151	-9,107	-9,053	-8,991	-8,901	-8,770	-8,613	0,136	0,214	0,300	0,393	0,392	0,352	0,333	0,305	0,289	0,274	0,286	0,304	0,322	0,326	0,244	0,000	0,000
10,000	-9,963	-9,957	-9,809	-9,642	-9,545	-9,506	-9,484	-9,462	-9,447	-9,438	-9,413	-9,378	-9,312	-9,207	-9,087	-0,042	0,201	0,209	0,235	0,193	0,168	0,144	0,138	0,128	0,144	0,160	0,183	0,221	0,237	0,188	0,000	0,000
11,000	-9,901	-9,776	-9,733	-9,570	-9,486	-9,425	-9,389	-9,368	-9,339	-9,314	-9,275	-9,230	-9,155	-9,041	-8,911	0,170	0,204	0,218	0,242	0,226	0,189	0,185	0,175	0,174	0,182	0,207	0,232	0,252	0,260	0,204	0,000	0,000
12,000	-15,413	-15,504	-15,397	-15,375	-15,307	-15,294	-15,292	-15,280	-15,266	-15,279	-15,252	-15,215	-15,155	-15,036	-14,890	-0,065	0,077	0,087	0,095	0,092	0,077	0,083	0,082	0,085	0,100	0,136	0,182	0,229	0,258	0,208	0,000	0,000
13,000	-8,483	-8,470	-8,479	-8,482	-8,465	-8,441	-8,430	-8,412	-8,383	-8,347	-8,294	-8,227	-8,122	-7,954	-7,745	-0,021	-0,006	0,009	0,051	0,065	0,096	0,116	0,139	0,166	0,208	0,258	0,308	0,361	0,382	0,305	0,000	0,000
14,000	-11,527	-11,373	-11,481	-11,406	-11,398	-11,369	-11,346	-11,345	-11,341	-11,339	-11,310	-11,284	-11,197	-11,059	-10,870	-0,023	-0,075	-0,009	0,050	0,055	0,060	0,071	0,071	0,090	0,118	0,161	0,216	0,273	0,323	0,256	0,000	0,000
15,000	-8,721	-8,892	-8,788	-8,814	-8,771	-8,771	-8,762	-8,749	-8,733	-8,732	-8,710	-8,683	-8,644	-8,572	-8,494	-0,307	-0,038	-0,049	0,020	0,030	0,044	0,047	0,062	0,069	0,084	0,100	0,120	0,142	0,153	0,121	0,000	0,000
	run	11	2022:11:08    11:22:36,294
0,000	-12,734	-12,839	-12,860	-12,949	-12,962	-12,980	-12,984	-12,989	-12,988	-12,994	-12,981	-12,955	-12,909	-12,822	-12,715	-0,299	-0,207	-0,171	-0,105	-0,079	-0,046	-0,023	-0,012	0,016	0,035	0,076	0,117	0,158	0,179	0,148	0,000	0,000
1,000	-16,506	-16,559	-16,513	-16,362	-16,237	-16,144	-16,089	-16,045	-15,994	-15,964	-15,918	-15,877	-15,826	-15,736	-15,632	-0,151	0,036	0,123	0,245	0,279	0,264	0,246	0,223	0,214	0,201	0,207	0,210	0,212	0,220	0,166	0,000	0,000
2,000	-10,287	-10,316	-10,321	-10,187	-10,086	-10,012	-9,964	-9,928	-9,879	-9,851	-9,788	-9,713	-9,619	-9,478	-9,318	-0,060	0,046	0,106	0,212	0,236	0,219	0,230	0,225	0,239	0,245	0,271	0,305	0,328	0,330	0,250	0,000	0,000
3,000	-20,858	-20,955	-20,922	-20,650	-20,450	-20,320	-20,254	-20,198	-20,152	-20,140	-20,104	-20,069	-20,021	-19,921	-19,806	-0,243	0,049	0,177	0,387	0,393	0,336	0,307	0,259	0,230	0,195	0,192	0,206	0,216	0,227	0,167	0,000	0,000
4,000	-11,215	-11,166	-11,013	-10,996	-10,961	-10,967	-10,973	-10,976	-10,965	-10,960	-10,921	-10,879	-10,785	-10,640	-10,438	0,031	0,196	0,137	0,087	0,066	0,063	0,075	0,071	0,098	0,138	0,188	0,252	0,307	0,345	0,287	0,000	0,000
5,000	-8,822	-8,193	-8,140	-7,948	-7,889	-7,835	-7,814	-7,797	-7,766	-7,757	-7,710	-7,648	-7,541	-7,365	-7,134	2,009	1,122	0,825	0,477	0,349	0,265	0,238	0,225	0,220	0,231	0,275	0,338	0,384	0,418	0,330	0,000	0,000
6,000	-6,027	-5,697	-5,509	-5,290	-5,179	-5,121	-5,084	-5,056	-5,022	-4,995	-4,952	-4,902	-4,813	-4,682	-4,530	1,227	0,883	0,700	0,470	0,376	0,302	0,266	0,243	0,235	0,229	0,238	0,274	0,300	0,307	0,239	0,000	0,000
7,000	-7,198	-7,100	-7,102	-6,993	-6,944	-6,905	-6,886	-6,879	-6,861	-6,855	-6,834	-6,814	-6,792	-6,745	-6,685	0,107	0,081	0,118	0,144	0,130	0,097	0,093	0,085	0,085	0,079	0,089	0,098	0,106	0,108	0,079	0,000	0,000
8,000	-20,482	-20,715	-20,759	-20,922	-20,932	-20,989	-21,023	-21,062	-21,089	-21,144	-21,150	-21,177	-21,179	-21,136	-21,077	-0,386	-0,319	-0,289	-0,206	-0,174	-0,182	-0,158	-0,152	-0,126	-0,107	-0,061	-0,016	0,016	0,067	0,066	0,000	0,000
9,000	-9,895	-9,816	-9,729	-9,492	-9,343	-9,220	-9,151	-9,100	-9,040	-9,000	-8,943	-8,884	-8,796	-8,663	-8,505	0,126	0,225	0,304	0,385	0,382	0,349	0,327	0,298	0,285	0,275	0,290	0,308	0,316	0,322	0,242	0,000	0,000
10,000	-10,079	-10,035	-9,882	-9,703	-9,611	-9,570	-9,549	-9,532	-9,507	-9,507	-9,476	-9,441	-9,380	-9,280	-9,155	0,042	0,233	0,256	0,255	0,202	0,165	0,152	0,135	0,128	0,142	0,162	0,183	0,220	0,233	0,186	0,000	0,000
11,000	-9,929	-9,807	-9,754	-9,596	-9,508	-9,458	-9,426	-9,400	-9,368	-9,349	-9,309	-9,267	-9,194	-9,083	-8,953	0,174	0,199	0,221	0,244	0,222	0,185	0,182	0,172	0,169	0,175	0,200	0,225	0,248	0,261	0,203	0,000	0,000
12,000	-15,533	-15,614	-15,506	-15,476	-15,411	-15,394	-15,392	-15,380	-15,369	-15,384	-15,352	-15,318	-15,258	-15,140	-14,989	-0,053	0,088	0,080	0,096	0,089	0,084	0,082	0,079	0,088	0,100	0,146	0,191	0,224	0,260	0,207	0,000	0,000
13,000	-8,373	-8,377	-8,380	-8,381	-8,366	-8,351	-8,334	-8,312	-8,286	-8,247	-8,198	-8,130	-8,024	-7,867	-7,661	-0,025	-0,012	0,003	0,045	0,065	0,092	0,118	0,136	0,170	0,198	0,252	0,302	0,354	0,374	0,305	0,000	0,000
14,000	-11,361	-11,190	-11,303	-11,216	-11,215	-11,188	-11,162	-11,167	-11,155	-11,147	-11,137	-11,084	-11,010	-10,880	-10,697	-0,004	-0,078	-0,020	0,049	0,051	0,060	0,069	0,068	0,084	0,110	0,175	0,214	0,274	0,311	0,246	0,000	0,000
15,000	-8,722	-8,889	-8,781	-8,809	-8,762	-8,765	-8,761	-8,741	-8,729	-8,724	-8,704	-8,680	-8,634	-8,566	-8,490	-0,301	-0,042	-0,043	0,015	0,032	0,045	0,048	0,064	0,071	0,080	0,099	0,122	0,138	0,154	0,119	0,000	0,000
	run	12	2022:11:08    11:22:36,342
0,000	-13,021	-13,128	-13,148	-13,233	-13,252	-13,269	-13,273	-13,280	-13,277	-13,283	-13,273	-13,246	-13,203	-13,114	-13,007	-0,303	-0,209	-0,177	-0,107	-0,080	-0,051	-0,028	-0,006	0,012	0,036	0,076	0,117	0,161	0,183	0,147	0,000	0,000
1,000	-16,518	-16,588	-16,532	-16,389	-16,254	-16,163	-16,111	-16,062	-16,014	-15,987	-15,937	-15,901	-15,842	-15,751	-15,649	-0,143	0,056	0,128	0,254	0,278	0,262	0,247	0,225	0,218	0,201	0,206	0,215	0,209	0,219	0,162	0,000	0,000
2,000	-10,287	-10,316	-10,321	-10,187	-10,086	-10,012	-9,964	-9,928	-9,879	-9,851	-9,788	-9,713	-9,619	-9,478	-9,318	-0,060	0,046	0,106	0,212	0,236	0,219	0,230	0,225	0,239	0,245	0,271	0,305	0,328	0,330	0,250	0,000	0,000
3,000	-20,858	-20,955	-20,922	-20,650	-20,450	-20,320	-20,254	-20,198	-20,152	-20,140	-20,104	-20,069	-20,021	-19,921	-19,806	-0,243	0,049	0,177	0,387	0,393	0,336	0,307	0,259	0,230	0,195	0,192	0,206	0,216	0,227	0,167	0,000	0,000
4,000	-11,215	-11,166	-11,013	-10,996	-10,961	-10,967	-10,973	-10,976	-10,965	-10,960	-10,921	-10,879	-10,785	-10,640	-10,438	0,031	0,196	0,137	0,087	0,066	0,063	0,075	0,071	0,098	0,138	0,188	0,252	0,307	0,345	0,287	0,000	0,000
5,000	-8,822	-8,193	-8,140	-7,948	-7,889	-7,835	-7,814	-7,797	-7,766	-7,757	-7,710	-7,648	-7,541	-7,365	-7,134	2,009	1,122	0,825	0,477	0,349	0,265	0,238	0,225	0,220	0,231	0,275	0,338	0,384	0,418	0,330	0,000	0,000
6,000	-6,027	-5,697	-5,509	-5,290	-5,179	-5,121	-5,084	-5,056	-5,022	-4,995	-4,952	-4,902	-4,813	-4,682	-4,530	1,227	0,883	0,700	0,470	0,376	0,302	0,266	0,243	0,235	0,229	0,238	0,274	0,300	0,307	0,239	0,000	0,000
7,000	-7,198	-7,100	-7,102	-6,993	-6,944	-6,905	-6,886	-6,879	-6,861	-6,855	-6,834	-6,814	-6,792	-6,745	-6,685	0,107	0,081	0,118	0,144	0,130	0,097	0,093	0,085	0,085	0,079	0,089	0,098	0,106	0,108	0,079	0,000	0,000
8,000	-20,467	-20,650	-20,702	-20,841	-20,844	-20,901	-20,938	-20,976	-20,996	-21,044	-21,068	-21,082	-21,081	-21,040	-20,980	-0,374	-0,281	-0,267	-0,191	-0,165	-0,170	-0,155	-0,149	-0,122	-0,101	-0,060	-0,018	0,021	0,071	0,065	0,000	0,000
9,000	-10,003	-9,936	-9,862	-9,626	-9,486	-9,364	-9,295	-9,247	-9,190	-9,142	-9,085	-9,030	-8,942	-8,806	-8,651	0,111	0,188	0,279	0,381	0,383	0,346	0,334	0,302	0,285	0,275	0,286	0,301	0,317	0,318	0,240	0,000	0,000
10,000	-9,973	-9,954	-9,802	-9,641	-9,549	-9,512	-9,488	-9,473	-9,453	-9,455	-9,427	-9,391	-9,324	-9,226	-9,106	-0,008	0,216	0,216	0,236	0,192	0,157	0,142	0,133	0,123	0,136	0,157	0,178	0,213	0,230	0,187	0,000	0,000
11,000	-9,944	-9,811	-9,776	-9,622	-9,534	-9,478	-9,449	-9,426	-9,392	-9,372	-9,331	-9,293	-9,222	-9,111	-8,982	0,166	0,193	0,205	0,231	0,222	0,187	0,177	0,168	0,169	0,172	0,192	0,225	0,242	0,254	0,194	0,000	0,000
12,000	-15,048	-15,118	-15,026	-14,986	-14,926	-14,913	-14,911	-14,894	-14,885	-14,893	-14,866	-14,828	-14,776	-14,666	-14,524	-0,052	0,086	0,075	0,101	0,093	0,078	0,071	0,080	0,081	0,097	0,139	0,174	0,221	0,253	0,196	0,000	0,000
13,000	-8,378	-8,367	-8,376	-8,372	-8,362	-8,335	-8,320	-8,306	-8,274	-8,243	-8,193	-8,118	-8,015	-7,849	-7,641	-0,004	-0,011	-0,004	0,042	0,066	0,092	0,112	0,136	0,167	0,204	0,254	0,302	0,359	0,385	0,307	0,000	0,000
14,000	-11,742	-11,608	-11,681	-11,622	-11,612	-11,582	-11,575	-11,569	-11,556	-11,554	-11,524	-11,489	-11,413	-11,279	-11,089	-0,076	-0,092	-0,022	0,047	0,060	0,052	0,075	0,072	0,093	0,109	0,159	0,213	0,279	0,316	0,262	0,000	0,000
15,000	-9,003	-9,209	-9,069	-9,112	-9,053	-9,056	-9,056	-9,032	-9,020	-9,015	-8,991	-8,964	-8,920	-8,850	-8,770	-0,372	-0,028	-0,045	0,021	0,033	0,050	0,052	0,068	0,073	0,085	0,105	0,121	0,148	0,158	0,127	0,000	0,000
	run	13	2022:11:08    11:22:36,442
0,000	-13,533	-13,651	-13,654	-13,753	-13,780	-13,796	-13,807	-13,808	-13,806	-13,814	-13,806	-13,779	-13,727	-13,635	-13,521	-0,321	-0,215	-0,193	-0,112	-0,083	-0,056	-0,034	-0,011	0,013	0,038	0,082	0,126	0,169	0,193	0,159	0,000	0,000
1,000	-17,312	-17,341	-17,277	-17,107	-16,964	-16,857	-16,802	-16,755	-16,693	-16,669	-16,614	-16,575	-16,518	-16,425	-16,316	-0,128	0,079	0,147	0,296	0,315	0,289	0,275	0,246	0,231	0,221	0,220	0,225	0,222	0,229	0,176	0,000	0,000
2,000	-10,546	-10,579	-10,548	-10,417	-10,314	-10,240	-10,196	-10,159	-10,107	-10,069	-9,994	-9,931	-9,831	-9,679	-9,512	-0,057	0,043	0,117	0,232	0,235	0,226	0,244	0,235	0,242	0,253	0,285	0,323	0,343	0,349	0,264	0,000	0,000
3,000	-20,951	-21,030	-21,000	-20,715	-20,515	-20,387	-20,319	-20,262	-20,209	-20,200	-20,165	-20,132	-20,086	-19,988	-19,877	-0,201	0,067	0,195	0,403	0,409	0,339	0,307	0,263	0,232	0,195	0,191	0,202	0,206	0,224	0,168	0,000	0,000
4,000	-10,872	-10,815	-10,665	-10,631	-10,598	-10,596	-10,603	-10,598	-10,595	-10,589	-10,553	-10,508	-10,419	-10,269	-10,077	0,038	0,197	0,129	0,096	0,077	0,068	0,073	0,072	0,104	0,136	0,194	0,247	0,307	0,347	0,282	0,000	0,000
5,000	-8,473	-7,849	-7,806	-7,622	-7,569	-7,524	-7,492	-7,488	-7,453	-7,445	-7,403	-7,332	-7,239	-7,060	-6,845	2,008	1,107	0,817	0,458	0,338	0,245	0,237	0,215	0,214	0,219	0,269	0,318	0,369	0,401	0,316	0,000	0,000
6,000	-5,913	-5,578	-5,397	-5,179	-5,072	-5,007	-4,976	-4,947	-4,914	-4,890	-4,842	-4,793	-4,721	-4,590	-4,441	1,218	0,879	0,691	0,468	0,372	0,293	0,264	0,236	0,219	0,221	0,241	0,265	0,288	0,300	0,231	0,000	0,000
7,000	-7,137	-7,057	-7,078	-6,977	-6,923	-6,892	-6,871	-6,853	-6,837	-6,834	-6,819	-6,797	-6,769	-6,727	-6,673	0,110	0,050	0,096	0,143	0,114	0,094	0,090	0,089	0,085	0,079	0,084	0,093	0,096	0,102	0,076	0,000	0,000
8,000	-19,901	-20,117	-20,156	-20,279	-20,276	-20,337	-20,368	-20,397	-20,430	-20,481	-20,499	-20,515	-20,519	-20,475	-20,422	-0,351	-0,247	-0,226	-0,172	-0,150	-0,156	-0,149	-0,139	-0,126	-0,104	-0,060	-0,020	0,015	0,062	0,057	0,000	0,000
9,000	-9,635	-9,586	-9,532	-9,338	-9,197	-9,084	-9,018	-8,960	-8,911	-8,860	-8,803	-8,742	-8,664	-8,546	-8,398	0,097	0,144	0,227	0,347	0,360	0,332	0,315	0,290	0,277	0,268	0,280	0,283	0,296	0,299	0,227	0,000	0,000
10,000	-9,406	-9,436	-9,326	-9,216	-9,135	-9,109	-9,091	-9,077	-9,049	-9,050	-9,028	-8,997	-8,934	-8,841	-8,729	-0,084	0,129	0,133	0,165	0,145	0,131	0,119	0,113	0,109	0,119	0,145	0,166	0,196	0,209	0,169	0,000	0,000
11,000	-9,467	-9,367	-9,351	-9,215	-9,143	-9,090	-9,059	-9,040	-9,008	-8,990	-8,958	-8,909	-8,848	-8,743	-8,627	0,118	0,136	0,159	0,201	0,192	0,163	0,163	0,154	0,156	0,159	0,176	0,205	0,231	0,236	0,183	0,000	0,000
12,000	-14,682	-14,749	-14,648	-14,611	-14,553	-14,542	-14,538	-14,525	-14,516	-14,529	-14,493	-14,462	-14,414	-14,290	-14,156	-0,029	0,091	0,094	0,105	0,096	0,080	0,080	0,073	0,084	0,103	0,142	0,181	0,216	0,246	0,193	0,000	0,000
13,000	-8,380	-8,329	-8,371	-8,362	-8,355	-8,330	-8,318	-8,305	-8,274	-8,243	-8,189	-8,118	-8,014	-7,852	-7,650	-0,001	-0,017	-0,008	0,041	0,065	0,086	0,111	0,126	0,161	0,201	0,251	0,305	0,355	0,376	0,302	0,000	0,000
14,000	-12,270	-12,221	-12,261	-12,204	-12,188	-12,156	-12,142	-12,135	-12,127	-12,118	-12,083	-12,050	-11,969	-11,825	-11,618	-0,118	-0,076	-0,026	0,051	0,060	0,070	0,075	0,080	0,095	0,119	0,185	0,227	0,300	0,342	0,282	0,000	0,000
15,000	-9,296	-9,459	-9,353	-9,377	-9,328	-9,331	-9,318	-9,307	-9,291	-9,286	-9,264	-9,236	-9,192	-9,120	-9,034	-0,291	-0,040	-0,038	0,024	0,030	0,045	0,057	0,063	0,073	0,084	0,104	0,126	0,149	0,157	0,133	0,000	0,000
	run	14	2022:11:08    11:22:36,493
0,000	-13,533	-13,651	-13,654	-13,753	-13,780	-13,796	-13,807	-13,808	-13,806	-13,814	-13,806	-13,779	-13,727	-13,635	-13,521	-0,321	-0,215	-0,193	-0,112	-0,083	-0,056	-0,034	-0,011	0,013	0,038	0,082	0,126	0,169	0,193	0,159	0,000	0,000
1,000	-17,312	-17,341	-17,277	-17,107	-16,964	-16,857	-16,802	-16,755	-16,693	-16,669	-16,614	-16,575	-16,518	-16,425	-16,316	-0,128	0,079	0,147	0,296	0,315	0,289	0,275	0,246	0,231	0,221	0,220	0,225	0,222	0,229	0,176	0,000	0,000
2,000	-10,546	-10,579	-10,548	-10,417	-10,314	-10,240	-10,196	-10,159	-10,107	-10,069	-9,994	-9,931	-9,831	-9,679	-9,512	-0,057	0,043	0,117	0,232	0,235	0,226	0,244	0,235	0,242	0,253	0,285	0,323	0,343	0,349	0,264	0,000	0,000
3,000	-20,951	-21,030	-21,000	-20,715	-20,515	-20,387	-20,319	-20,262	-20,209	-20,200	-20,165	-20,132	-20,086	-19,988	-19,877	-0,201	0,067	0,195	0,403	0,409	0,339	0,307	0,263	0,232	0,195	0,191	0,202	0,206	0,224	0,168	0,000	0,000
4,000	-10,872	-10,815	-10,665	-10,631	-10,598	-10,596	-10,603	-10,598	-10,595	-10,589	-10,553	-10,508	-10,419	-10,269	-10,077	0,038	0,197	0,129	0,096	0,077	0,068	0,073	0,072	0,104	0,136	0,194	0,247	0,307	0,347	0,282	0,000	0,000
5,000	-8,473	-7,849	-7,806	-7,622	-7,569	-7,524	-7,492	-7,488	-7,453	-7,445	-7,403	-7,332	-7,239	-7,060	-6,845	2,008	1,107	0,817	0,458	0,338	0,245	0,237	0,215	0,214	0,219	0,269	0,318	0,369	0,401	0,316	0,000	0,000
6,000	-5,849	-5,529	-5,365	-5,160	-5,054	-4,994	-4,966	-4,931	-4,900	-4,876	-4,840	-4,779	-4,707	-4,586	-4,442	1,212	0,841	0,667	0,446	0,357	0,284	0,257	0,230	0,218	0,211	0,233	0,254	0,272	0,285	0,225	0,000	0,000
7,000	-6,992	-6,906	-6,916	-6,828	-6,781	-6,751	-6,722	-6,714	-6,700	-6,694	-6,677	-6,664	-6,638	-6,599	-6,547	0,070	0,052	0,074	0,129	0,116	0,088	0,087	0,083	0,085	0,075	0,083	0,085	0,088	0,096	0,071	0,000	0,000
8,000	-19,445	-19,617	-19,650	-19,749	-19,752	-19,804	-19,826	-19,862	-19,894	-19,943	-19,961	-19,977	-19,980	-19,944	-19,889	-0,336	-0,231	-0,210	-0,152	-0,134	-0,152	-0,142	-0,130	-0,113	-0,099	-0,050	-0,016	0,014	0,060	0,058	0,000	0,000
9,000	-9,114	-9,064	-9,018	-8,852	-8,722	-8,608	-8,546	-8,495	-8,438	-8,396	-8,355	-8,292	-8,212	-8,100	-7,961	0,044	0,114	0,188	0,313	0,328	0,310	0,299	0,268	0,255	0,246	0,257	0,269	0,283	0,281	0,213	0,000	0,000
10,000	-9,243	-9,275	-9,166	-9,077	-9,001	-8,969	-8,950	-8,939	-8,918	-8,912	-8,894	-8,867	-8,804	-8,712	-8,608	-0,080	0,118	0,118	0,159	0,134	0,121	0,113	0,109	0,105	0,113	0,138	0,157	0,193	0,206	0,164	0,000	0,000
11,000	-9,338	-9,254	-9,239	-9,112	-9,037	-8,984	-8,955	-8,938	-8,907	-8,890	-8,853	-8,815	-8,750	-8,648	-8,536	0,117	0,137	0,150	0,191	0,184	0,157	0,156	0,150	0,153	0,156	0,178	0,196	0,218	0,231	0,176	0,000	0,000
12,000	-14,793	-14,862	-14,771	-14,737	-14,672	-14,661	-14,654	-14,640	-14,629	-14,642	-14,613	-14,576	-14,520	-14,402	-14,261	-0,023	0,094	0,096	0,101	0,093	0,080	0,078	0,080	0,084	0,098	0,140	0,179	0,224	0,249	0,202	0,000	0,000
13,000	-8,458	-8,413	-8,449	-8,440	-8,430	-8,408	-8,398	-8,381	-8,353	-8,324	-8,268	-8,206	-8,096	-7,945	-7,747	-0,023	-0,013	-0,009	0,042	0,062	0,085	0,112	0,129	0,162	0,198	0,257	0,297	0,342	0,364	0,289	0,000	0,000
14,000	-12,395	-12,303	-12,358	-12,293	-12,284	-12,249	-12,230	-12,227	-12,212	-12,204	-12,177	-12,135	-12,056	-11,908	-11,696	-0,092	-0,059	-0,015	0,066	0,066	0,071	0,082	0,083	0,097	0,131	0,183	0,243	0,311	0,354	0,291	0,000	0,000
15,000	-9,485	-9,627	-9,534	-9,556	-9,513	-9,506	-9,506	-9,488	-9,470	-9,464	-9,440	-9,411	-9,360	-9,287	-9,197	-0,281	-0,032	-0,039	0,030	0,043	0,049	0,056	0,074	0,081	0,093	0,115	0,131	0,161	0,164	0,132	0,000	0,000
	run	15	2022:11:08    11:22:36,594
0,000	-13,812	-13,934	-13,965	-14,069	-14,091	-14,111	-14,122	-14,127	-14,129	-14,138	-14,123	-14,088	-14,049	-13,948	-13,838	-0,324	-0,237	-0,194	-0,125	-0,104	-0,068	-0,038	-0,016	0,010	0,032	0,079	0,126	0,169	0,194	0,152	0,000	0,000
1,000	-17,931	-17,942	-17,850	-17,653	-17,483	-17,373	-17,318	-17,267	-17,207	-17,183	-17,128	-17,081	-17,027	-16,926	-16,820	-0,030	0,164	0,236	0,350	0,354	0,312	0,293	0,266	0,247	0,222	0,223	0,233	0,228	0,230	0,169	0,000	0,000
2,000	-10,990	-10,991	-10,967	-10,821	-10,709	-10,633	-10,592	-10,553	-10,500	-10,463	-10,394	-10,318	-10,204	-10,046	-9,862	-0,037	0,074	0,145	0,244	0,254	0,239	0,249	0,249	0,259	0,270	0,306	0,344	0,368	0,376	0,284	0,000	0,000
3,000	-21,586	-21,633	-21,549	-21,217	-20,986	-20,853	-20,783	-20,726	-20,672	-20,668	-20,625	-20,594	-20,549	-20,451	-20,328	-0,170	0,145	0,274	0,461	0,455	0,369	0,323	0,284	0,244	0,202	0,197	0,208	0,222	0,228	0,173	0,000	0,000
4,000	-10,910	-10,846	-10,690	-10,665	-10,635	-10,637	-10,638	-10,638	-10,637	-10,621	-10,594	-10,548	-10,455	-10,305	-10,111	0,037	0,213	0,129	0,089	0,069	0,066	0,067	0,072	0,102	0,134	0,195	0,250	0,309	0,347	0,285	0,000	0,000
5,000	-8,470	-7,822	-7,804	-7,612	-7,564	-7,512	-7,485	-7,480	-7,443	-7,435	-7,398	-7,332	-7,242	-7,062	-6,857	2,001	1,084	0,808	0,455	0,336	0,244	0,229	0,212	0,209	0,215	0,254	0,317	0,360	0,392	0,306	0,000	0,000
6,000	-5,766	-5,453	-5,281	-5,067	-4,968	-4,906	-4,875	-4,840	-4,812	-4,782	-4,744	-4,694	-4,619	-4,495	-4,353	1,176	0,823	0,663	0,442	0,360	0,291	0,255	0,227	0,219	0,210	0,225	0,253	0,274	0,288	0,223	0,000	0,000
7,000	-6,897	-6,804	-6,821	-6,744	-6,702	-6,664	-6,651	-6,645	-6,626	-6,621	-6,610	-6,585	-6,566	-6,524	-6,479	0,094	0,032	0,071	0,110	0,097	0,075	0,078	0,068	0,073	0,063	0,078	0,082	0,094	0,092	0,069	0,000	0,000
8,000	-19,260	-19,442	-19,448	-19,550	-19,546	-19,594	-19,621	-19,655	-19,680	-19,730	-19,748	-19,761	-19,762	-19,723	-19,673	-0,341	-0,226	-0,200	-0,140	-0,125	-0,142	-0,131	-0,127	-0,112	-0,098	-0,056	-0,013	0,016	0,061	0,055	0,000	0,000
9,000	-9,411	-9,392	-9,363	-9,213	-9,091	-8,979	-8,916	-8,866	-8,808	-8,772	-8,717	-8,664	-8,582	-8,466	-8,325	0,040	0,106	0,173	0,289	0,315	0,298	0,288	0,269	0,254	0,247	0,260	0,277	0,285	0,283	0,209	0,000	0,000
10,000	-9,384	-9,410	-9,295	-9,188	-9,110	-9,079	-9,062	-9,045	-9,025	-9,020	-8,991	-8,961	-8,902	-8,810	-8,703	-0,075	0,128	0,128	0,175	0,148	0,133	0,122	0,116	0,108	0,122	0,144	0,158	0,197	0,208	0,166	0,000	0,000
11,000	-9,735	-9,633	-9,602	-9,475	-9,396	-9,345	-9,314	-9,292	-9,262	-9,243	-9,199	-9,163	-9,096	-8,994	-8,877	0,127	0,144	0,166	0,201	0,198	0,170	0,164	0,160	0,160	0,164	0,178	0,208	0,226	0,238	0,182	0,000	0,000
12,000	-14,863	-14,951	-14,842	-14,822	-14,752	-14,742	-14,737	-14,722	-14,712	-14,721	-14,696	-14,658	-14,602	-14,487	-14,350	-0,027	0,090	0,094	0,098	0,097	0,077	0,078	0,082	0,084	0,098	0,138	0,176	0,218	0,251	0,193	0,000	0,000
13,000	-8,419	-8,391	-8,428	-8,407	-8,393	-8,373	-8,359	-8,341	-8,314	-8,282	-8,234	-8,166	-8,063	-7,900	-7,705	-0,014	-0,005	-0,006	0,039	0,066	0,089	0,117	0,128	0,160	0,200	0,246	0,296	0,339	0,366	0,292	0,000	0,000
14,000	-12,038	-11,950	-12,013	-11,948	-11,945	-11,919	-11,898	-11,890	-11,884	-11,872	-11,860	-11,807	-11,728	-11,589	-11,372	-0,111	-0,094	-0,018	0,043	0,051	0,069	0,083	0,074	0,094	0,127	0,177	0,225	0,292	0,345	0,278	0,000	0,000
15,000	-9,424	-9,567	-9,476	-9,489	-9,442	-9,444	-9,435	-9,418	-9,396	-9,391	-9,367	-9,334	-9,289	-9,212	-9,120	-0,282	-0,033	-0,040	0,033	0,045	0,053	0,060	0,070	0,080	0,095	0,114	0,138	0,161	0,173	0,142	0,000	0,000
	run	16	2022:11:08    11:22:36,693
0,000	-13,509	-13,641	-13,667	-13,758	-13,771	-13,796	-13,804	-13,811	-13,810	-13,815	-13,813	-13,777	-13,729	-13,627	-13,512	-0,312	-0,209	-0,190	-0,121	-0,084	-0,058	-0,030	-0,009	0,012	0,042	0,082	0,133	0,172	0,199	0,164	0,000	0,000
1,000	-17,509	-17,546	-17,486	-17,302	-17,147	-17,036	-16,980	-16,923	-16,873	-16,843	-16,785	-16,746	-16,688	-16,581	-16,474	-0,087	0,091	0,184	0,314	0,332	0,299	0,279	0,257	0,239	0,228	0,226	0,231	0,236	0,239	0,177	0,000	0,000
2,000	-10,881	-10,883	-10,852	-10,708	-10,595	-10,519	-10,479	-10,432	-10,377	-10,341	-10,275	-10,196	-10,090	-9,927	-9,747	-0,043	0,079	0,144	0,250	0,258	0,240	0,250	0,247	0,257	0,259	0,305	0,334	0,364	0,373	0,280	0,000	0,000
3,000	-22,060	-22,062	-21,985	-21,648	-21,432	-21,299	-21,231	-21,171	-21,125	-21,114	-21,080	-21,045	-20,994	-20,890	-20,771	-0,125	0,171	0,292	0,465	0,450	0,372	0,326	0,279	0,248	0,204	0,199	0,211	0,225	0,236	0,179	0,000	0,000
4,000	-11,475	-11,439	-11,295	-11,281	-11,252	-11,252	-11,255	-11,251	-11,258	-11,239	-11,202	-11,156	-11,053	-10,901	-10,686	0,049	0,170	0,118	0,079	0,067	0,063	0,068	0,081	0,102	0,149	0,206	0,265	0,325	0,368	0,300	0,000	0,000
5,000	-8,813	-8,151	-8,098	-7,909	-7,846	-7,795	-7,775	-7,768	-7,727	-7,723	-7,676	-7,606	-7,506	-7,330	-7,106	2,060	1,139	0,846	0,474	0,351	0,256	0,240	0,220	0,222	0,226	0,280	0,331	0,379	0,411	0,331	0,000	0,000
6,000	-5,841	-5,516	-5,352	-5,139	-5,039	-4,972	-4,939	-4,914	-4,881	-4,855	-4,810	-4,756	-4,685	-4,563	-4,412	1,209	0,834	0,661	0,446	0,364	0,292	0,257	0,232	0,217	0,220	0,233	0,263	0,283	0,293	0,227	0,000	0,000
7,000	-6,989	-6,904	-6,899	-6,821	-6,778	-6,740	-6,722	-6,712	-6,693	-6,689	-6,674	-6,651	-6,623	-6,581	-6,530	0,077	0,045	0,091	0,119	0,105	0,090	0,086	0,082	0,076	0,075	0,083	0,094	0,103	0,103	0,075	0,000	0,000
8,000	-19,284	-19,465	-19,486	-19,569	-19,567	-19,619	-19,650	-19,679	-19,701	-19,755	-19,764	-19,786	-19,787	-19,747	-19,701	-0,321	-0,208	-0,191	-0,137	-0,117	-0,138	-0,127	-0,124	-0,109	-0,091	-0,045	-0,006	0,017	0,056	0,057	0,000	0,000
9,000	-9,319	-9,300	-9,246	-9,086	-8,961	-8,848	-8,784	-8,727	-8,678	-8,637	-8,576	-8,525	-8,446	-8,328	-8,189	0,064	0,121	0,187	0,309	0,331	0,305	0,298	0,272	0,263	0,254	0,261	0,272	0,284	0,286	0,217	0,000	0,000
10,000	-9,644	-9,651	-9,510	-9,386	-9,294	-9,262	-9,239	-9,220	-9,201	-9,203	-9,175	-9,141	-9,079	-8,984	-8,877	-0,046	0,160	0,168	0,202	0,174	0,145	0,132	0,123	0,115	0,125	0,145	0,164	0,202	0,212	0,168	0,000	0,000
11,000	-9,704	-9,598	-9,576	-9,434	-9,356	-9,297	-9,268	-9,248	-9,217	-9,197	-9,160	-9,115	-9,056	-8,954	-8,834	0,142	0,167	0,178	0,218	0,208	0,165	0,167	0,157	0,160	0,164	0,182	0,208	0,227	0,236	0,183	0,000	0,000
12,000	-14,885	-14,970	-14,850	-14,830	-14,762	-14,757	-14,747	-14,737	-14,723	-14,738	-14,712	-14,668	-14,616	-14,497	-14,363	-0,047	0,085	0,093	0,095	0,090	0,082	0,071	0,081	0,080	0,091	0,137	0,182	0,215	0,246	0,200	0,000	0,000
13,000	-8,267	-8,269	-8,270	-8,267	-8,258	-8,238	-8,222	-8,207	-8,180	-8,149	-8,098	-8,030	-7,923	-7,770	-7,573	-0,036	-0,019	-0,005	0,036	0,065	0,084	0,111	0,134	0,157	0,201	0,248	0,295	0,348	0,361	0,290	0,000	0,000
14,000	-11,847	-11,711	-11,808	-11,734	-11,730	-11,708	-11,683	-11,688	-11,671	-11,660	-11,642	-11,596	-11,520	-11,378	-11,180	0,010	-0,087	-0,015	0,043	0,055	0,064	0,068	0,087	0,094	0,120	0,172	0,223	0,303	0,336	0,278	0,000	0,000
15,000	-9,170	-9,312	-9,217	-9,233	-9,189	-9,189	-9,182	-9,169	-9,147	-9,144	-9,124	-9,097	-9,047	-8,976	-8,891	-0,276	-0,034	-0,039	0,033	0,039	0,056	0,060	0,070	0,077	0,093	0,104	0,128	0,155	0,161	0,129	0,000	0,000
	run	17	2022:11:08    11:22:36,741
0,000	-13,008	-13,131	-13,158	-13,234	-13,265	-13,280	-13,286	-13,287	-13,292	-13,297	-13,283	-13,260	-13,212	-13,117	-13,010	-0,311	-0,213	-0,179	-0,113	-0,083	-0,051	-0,025	-0,008	0,012	0,033	0,079	0,124	0,166	0,189	0,156	0,000	0,000
1,000	-16,919	-16,949	-16,903	-16,740	-16,609	-16,504	-16,443	-16,401	-16,352	-16,321	-16,268	-16,222	-16,163	-16,071	-15,960	-0,150	0,054	0,135	0,281	0,305	0,277	0,267	0,242	0,225	0,212	0,217	0,224	0,224	0,231	0,175	0,000	0,000
2,000	-10,881	-10,883	-10,852	-10,708	-10,595	-10,519	-10,479	-10,432	-10,377	-10,341	-10,275	-10,196	-10,090	-9,927	-9,747	-0,043	0,079	0,144	0,250	0,258	0,240	0,250	0,247	0,257	0,259	0,305	0,334	0,364	0,373	0,280	0,000	0,000
3,000	-22,060	-22,062	-21,985	-21,648	-21,432	-21,299	-21,231	-21,171	-21,125	-21,114	-21,080	-21,045	-20,994	-20,890	-20,771	-0,125	0,171	0,292	0,465	0,450	0,372	0,326	0,279	0,248	0,204	0,199	0,211	0,225	0,236	0,179	0,000	0,000
4,000	-11,475	-11,439	-11,295	-11,281	-11,252	-11,252	-11,255	-11,251	-11,258	-11,239	-11,202	-11,156	-11,053	-10,901	-10,686	0,049	0,170	0,118	0,079	0,067	0,063	0,068	0,081	0,102	0,149	0,206	0,265	0,325	0,368	0,300	0,000	0,000
5,000	-8,813	-8,151	-8,098	-7,909	-7,846	-7,795	-7,775	-7,768	-7,727	-7,723	-7,676	-7,606	-7,506	-7,330	-7,106	2,060	1,139	0,846	0,474	0,351	0,256	0,240	0,220	0,222	0,226	0,280	0,331	0,379	0,411	0,331	0,000	0,000
6,000	-5,841	-5,516	-5,352	-5,139	-5,039	-4,972	-4,939	-4,914	-4,881	-4,855	-4,810	-4,756	-4,685	-4,563	-4,412	1,209	0,834	0,661	0,446	0,364	0,292	0,257	0,232	0,217	0,220	0,233	0,263	0,283	0,293	0,227	0,000	0,000
7,000	-6,989	-6,904	-6,899	-6,821	-6,778	-6,740	-6,722	-6,712	-6,693	-6,689	-6,674	-6,651	-6,623	-6,581	-6,530	0,077	0,045	0,091	0,119	0,105	0,090	0,086	0,082	0,076	0,075	0,083	0,094	0,103	0,103	0,075	0,000	0,000
8,000	-19,655	-19,839	-19,872	-19,988	-19,985	-20,039	-20,074	-20,110	-20,139	-20,191	-20,207	-20,223	-20,226	-20,186	-20,127	-0,344	-0,251	-0,232	-0,165	-0,145	-0,157	-0,143	-0,142	-0,118	-0,104	-0,056	-0,015	0,012	0,060	0,056	0,000	0,000
9,000	-9,618	-9,577	-9,513	-9,315	-9,182	-9,062	-8,996	-8,938	-8,885	-8,845	-8,789	-8,729	-8,649	-8,523	-8,384	0,070	0,152	0,235	0,346	0,357	0,326	0,313	0,282	0,270	0,263	0,271	0,285	0,297	0,299	0,223	0,000	0,000
10,000	-9,636	-9,660	-9,520	-9,383	-9,293	-9,262	-9,244	-9,232	-9,203	-9,206	-9,181	-9,142	-9,083	-8,983	-8,874	-0,051	0,164	0,165	0,205	0,172	0,145	0,131	0,130	0,117	0,122	0,149	0,171	0,207	0,216	0,174	0,000	0,000
11,000	-9,678	-9,553	-9,527	-9,387	-9,301	-9,247	-9,224	-9,198	-9,166	-9,140	-9,110	-9,066	-9,006	-8,902	-8,780	0,134	0,160	0,181	0,206	0,204	0,174	0,165	0,156	0,160	0,161	0,189	0,213	0,230	0,239	0,181	0,000	0,000
12,000	-14,902	-14,972	-14,863	-14,840	-14,779	-14,760	-14,758	-14,741	-14,738	-14,743	-14,708	-14,676	-14,623	-14,507	-14,372	-0,036	0,088	0,091	0,102	0,097	0,078	0,078	0,083	0,086	0,102	0,138	0,179	0,221	0,243	0,198	0,000	0,000
13,000	-8,361	-8,370	-8,364	-8,374	-8,356	-8,338	-8,327	-8,309	-8,277	-8,241	-8,194	-8,124	-8,022	-7,862	-7,661	-0,039	-0,008	-0,004	0,042	0,070	0,089	0,116	0,134	0,160	0,198	0,253	0,303	0,350	0,374	0,294	0,000	0,000
14,000	-11,789	-11,662	-11,755	-11,687	-11,680	-11,657	-11,636	-11,628	-11,624	-11,616	-11,594	-11,561	-11,480	-11,331	-11,141	-0,044	-0,095	-0,008	0,051	0,053	0,058	0,070	0,074	0,091	0,110	0,163	0,217	0,284	0,323	0,264	0,000	0,000
15,000	-8,949	-9,111	-9,002	-9,026	-8,981	-8,980	-8,969	-8,961	-8,942	-8,941	-8,917	-8,897	-8,844	-8,780	-8,697	-0,294	-0,035	-0,044	0,019	0,032	0,047	0,058	0,066	0,071	0,086	0,106	0,126	0,147	0,151	0,127	0,000	0,000
	run	18	2022:11:08    11:22:36,842
0,000	-12,916	-13,036	-13,045	-13,144	-13,161	-13,175	-13,175	-13,182	-13,189	-13,187	-13,180	-13,152	-13,107	-13,015	-12,908	-0,305	-0,219	-0,178	-0,115	-0,086	-0,050	-0,023	-0,010	0,016	0,039	0,080	0,121	0,160	0,184	0,146	0,000	0,000
1,000	-16,736	-16,792	-16,715	-16,569	-16,420	-16,324	-16,268	-16,225	-16,174	-16,146	-16,098	-16,056	-15,999	-15,919	-15,810	-0,130	0,067	0,148	0,278	0,303	0,273	0,262	0,229	0,217	0,207	0,208	0,219	0,212	0,219	0,163	0,000	0,000
2,000	-10,444	-10,471	-10,455	-10,325	-10,224	-10,149	-10,101	-10,070	-10,017	-9,983	-9,919	-9,848	-9,748	-9,597	-9,432	-0,052	0,051	0,114	0,225	0,240	0,223	0,236	0,228	0,239	0,254	0,278	0,313	0,339	0,343	0,260	0,000	0,000
3,000	-20,911	-20,993	-20,947	-20,665	-20,473	-20,337	-20,270	-20,217	-20,169	-20,157	-20,124	-20,088	-20,043	-19,949	-19,836	-0,235	0,083	0,209	0,402	0,408	0,342	0,301	0,257	0,225	0,190	0,187	0,197	0,209	0,220	0,162	0,000	0,000
4,000	-11,086	-11,032	-10,876	-10,865	-10,830	-10,836	-10,837	-10,843	-10,838	-10,827	-10,793	-10,746	-10,648	-10,496	-10,290	0,037	0,177	0,126	0,087	0,072	0,056	0,067	0,079	0,097	0,139	0,198	0,260	0,320	0,360	0,298	0,000	0,000
5,000	-8,894	-8,269	-8,224	-8,032	-7,965	-7,912	-7,887	-7,876	-7,834	-7,826	-7,785	-7,715	-7,612	-7,422	-7,201	2,030	1,125	0,834	0,473	0,354	0,267	0,248	0,229	0,229	0,238	0,282	0,336	0,391	0,427	0,334	0,000	0,000
6,000	-6,043	-5,704	-5,526	-5,297	-5,181	-5,116	-5,078	-5,049	-5,017	-4,987	-4,948	-4,898	-4,812	-4,677	-4,516	1,238	0,872	0,703	0,467	0,383	0,304	0,274	0,237	0,234	0,235	0,254	0,278	0,304	0,313	0,248	0,000	0,000
7,000	-7,252	-7,129	-7,154	-7,040	-6,990	-6,954	-6,934	-6,922	-6,899	-6,894	-6,882	-6,856	-6,840	-6,790	-6,738	0,101	0,072	0,109	0,141	0,133	0,099	0,098	0,087	0,083	0,079	0,084	0,092	0,101	0,104	0,078	0,000	0,000
8,000	-20,237	-20,441	-20,470	-20,608	-20,612	-20,676	-20,705	-20,743	-20,765	-20,817	-20,830	-20,844	-20,859	-20,815	-20,760	-0,371	-0,260	-0,252	-0,179	-0,155	-0,163	-0,156	-0,152	-0,121	-0,105	-0,058	-0,018	0,015	0,059	0,060	0,000	0,000
9,000	-9,726	-9,686	-9,619	-9,421	-9,279	-9,158	-9,093	-9,038	-8,977	-8,936	-8,881	-8,819	-8,736	-8,606	-8,462	0,078	0,153	0,233	0,353	0,366	0,337	0,319	0,294	0,280	0,270	0,274	0,291	0,306	0,303	0,230	0,000	0,000
10,000	-9,442	-9,452	-9,338	-9,242	-9,166	-9,131	-9,119	-9,097	-9,076	-9,075	-9,056	-9,019	-8,956	-8,859	-8,750	-0,068	0,134	0,140	0,161	0,143	0,134	0,123	0,112	0,114	0,124	0,143	0,171	0,200	0,216	0,170	0,000	0,000
11,000	-9,599	-9,485	-9,464	-9,335	-9,250	-9,196	-9,165	-9,147	-9,115	-9,098	-9,059	-9,011	-8,953	-8,848	-8,728	0,115	0,146	0,173	0,204	0,198	0,169	0,167	0,156	0,162	0,162	0,183	0,213	0,231	0,243	0,187	0,000	0,000
12,000	-14,817	-14,880	-14,774	-14,740	-14,682	-14,664	-14,656	-14,649	-14,638	-14,649	-14,625	-14,582	-14,530	-14,413	-14,275	-0,022	0,090	0,090	0,101	0,094	0,076	0,080	0,082	0,087	0,096	0,133	0,177	0,219	0,246	0,195	0,000	0,000
13,000	-8,310	-8,318	-8,319	-8,324	-8,306	-8,290	-8,276	-8,253	-8,228	-8,198	-8,147	-8,076	-7,973	-7,816	-7,609	-0,027	-0,015	-0,002	0,038	0,064	0,087	0,114	0,138	0,166	0,200	0,249	0,303	0,351	0,377	0,299	0,000	0,000
14,000	-11,782	-11,662	-11,723	-11,661	-11,660	-11,626	-11,610	-11,621	-11,599	-11,584	-11,555	-11,529	-11,456	-11,313	-11,130	-0,032	-0,097	-0,011	0,054	0,054	0,055	0,072	0,078	0,088	0,116	0,158	0,216	0,278	0,319	0,262	0,000	0,000
15,000	-8,913	-9,086	-8,982	-9,008	-8,959	-8,960	-8,957	-8,938	-8,924	-8,920	-8,904	-8,872	-8,823	-8,748	-8,670	-0,301	-0,045	-0,041	0,022	0,035	0,050	0,050	0,067	0,070	0,083	0,107	0,123	0,150	0,162	0,129	0,000	0,000
	run	19	2022:11:08    11:22:36,892
0,000	-12,916	-13,036	-13,045	-13,144	-13,161	-13,175	-13,175	-13,182	-13,189	-13,187	-13,180	-13,152	-13,107	-13,015	-12,908	-0,305	-0,219	-0,178	-0,115	-0,086	-0,050	-0,023	-0,010	0,016	0,039	0,080	0,121	0,160	0,184	0,146	0,000	0,000
1,000	-16,736	-16,792	-16,715	-16,569	-16,420	-16,324	-16,268	-16,225	-16,174	-16,146	-16,098	-16,056	-15,999	-15,919	-15,810	-0,130	0,067	0,148	0,278	0,303	0,273	0,262	0,229	0,217	0,207	0,208	0,219	0,212	0,219	0,163	0,000	0,000
2,000	-10,444	-10,471	-10,455	-10,325	-10,224	-10,149	-10,101	-10,070	-10,017	-9,983	-9,919	-9,848	-9,748	-9,597	-9,432	-0,052	0,051	0,114	0,225	0,240	0,223	0,236	0,228	0,239	0,254	0,278	0,313	0,339	0,343	0,260	0,000	0,000
3,000	-20,911	-20,993	-20,947	-20,665	-20,473	-20,337	-20,270	-20,217	-20,169	-20,157	-20,124	-20,088	-20,043	-19,949	-19,836	-0,235	0,083	0,209	0,402	0,408	0,342	0,301	0,257	0,225	0,190	0,187	0,197	0,209	0,220	0,162	0,000	0,000
4,000	-11,086	-11,032	-10,876	-10,865	-10,830	-10,836	-10,837	-10,843	-10,838	-10,827	-10,793	-10,746	-10,648	-10,496	-10,290	0,037	0,177	0,126	0,087	0,072	0,056	0,067	0,079	0,097	0,139	0,198	0,260	0,320	0,360	0,298	0,000	0,000
5,000	-8,894	-8,269	-8,224	-8,032	-7,965	-7,912	-7,887	-7,876	-7,834	-7,826	-7,785	-7,715	-7,612	-7,422	-7,201	2,030	1,125	0,834	0,473	0,354	0,267	0,248	0,229	0,229	0,238	0,282	0,336	0,391	0,427	0,334	0,000	0,000
6,000	-6,139	-5,799	-5,587	-5,356	-5,253	-5,183	-5,147	-5,117	-5,087	-5,059	-5,017	-4,964	-4,881	-4,748	-4,593	1,278	0,908	0,724	0,488	0,389	0,303	0,279	0,247	0,230	0,229	0,250	0,272	0,298	0,311	0,240	0,000	0,000
7,000	-7,318	-7,207	-7,210	-7,097	-7,031	-6,994	-6,967	-6,959	-6,943	-6,938	-6,923	-6,897	-6,876	-6,822	-6,772	0,126	0,088	0,130	0,165	0,138	0,105	0,098	0,094	0,092	0,080	0,090	0,099	0,104	0,110	0,082	0,000	0,000
8,000	-20,255	-20,465	-20,526	-20,654	-20,675	-20,724	-20,759	-20,805	-20,824	-20,874	-20,892	-20,907	-20,908	-20,869	-20,807	-0,369	-0,300	-0,279	-0,188	-0,166	-0,171	-0,158	-0,145	-0,125	-0,104	-0,060	-0,018	0,022	0,065	0,066	0,000	0,000
9,000	-9,625	-9,534	-9,454	-9,220	-9,087	-8,964	-8,895	-8,843	-8,789	-8,747	-8,692	-8,632	-8,551	-8,417	-8,271	0,099	0,198	0,277	0,380	0,369	0,339	0,323	0,289	0,277	0,271	0,279	0,293	0,308	0,307	0,236	0,000	0,000
10,000	-9,804	-9,802	-9,664	-9,525	-9,435	-9,398	-9,371	-9,357	-9,337	-9,337	-9,305	-9,271	-9,208	-9,114	-8,994	-0,054	0,173	0,177	0,214	0,180	0,156	0,138	0,129	0,120	0,129	0,150	0,172	0,211	0,226	0,178	0,000	0,000
11,000	-9,668	-9,551	-9,511	-9,367	-9,282	-9,227	-9,192	-9,171	-9,142	-9,125	-9,085	-9,045	-8,976	-8,870	-8,751	0,148	0,170	0,193	0,222	0,210	0,177	0,175	0,161	0,160	0,168	0,190	0,214	0,235	0,241	0,185	0,000	0,000
12,000	-14,886	-14,960	-14,850	-14,822	-14,765	-14,750	-14,749	-14,735	-14,723	-14,741	-14,705	-14,668	-14,620	-14,498	-14,359	-0,042	0,086	0,090	0,096	0,088	0,078	0,078	0,077	0,086	0,098	0,133	0,176	0,221	0,251	0,200	0,000	0,000
13,000	-8,304	-8,313	-8,312	-8,317	-8,308	-8,284	-8,267	-8,250	-8,225	-8,190	-8,136	-8,068	-7,964	-7,806	-7,599	-0,036	-0,018	-0,007	0,038	0,069	0,086	0,118	0,135	0,164	0,200	0,246	0,303	0,354	0,374	0,304	0,000	0,000
14,000	-11,741	-11,606	-11,688	-11,635	-11,626	-11,596	-11,580	-11,574	-11,560	-11,560	-11,535	-11,490	-11,418	-11,274	-11,082	-0,046	-0,090	-0,024	0,042	0,060	0,059	0,072	0,081	0,090	0,128	0,157	0,227	0,288	0,322	0,272	0,000	0,000
15,000	-9,004	-9,159	-9,054	-9,082	-9,032	-9,030	-9,024	-9,003	-8,991	-8,988	-8,966	-8,944	-8,897	-8,832	-8,749	-0,294	-0,040	-0,040	0,029	0,037	0,048	0,054	0,063	0,073	0,083	0,104	0,120	0,143	0,152	0,121	0,000	0,000
	run	20	2022:11:08    11:22:36,992
0,000	-13,076	-13,206	-13,211	-13,304	-13,323	-13,339	-13,344	-13,354	-13,349	-13,351	-13,345	-13,321	-13,272	-13,183	-13,077	-0,298	-0,212	-0,182	-0,108	-0,087	-0,051	-0,026	-0,006	0,015	0,036	0,072	0,119	0,159	0,186	0,151	0,000	0,000
1,000	-16,680	-16,738	-16,678	-16,526	-16,396	-16,297	-16,244	-16,197	-16,153	-16,124	-16,074	-16,036	-15,978	-15,893	-15,787	-0,157	0,051	0,132	0,261	0,286	0,264	0,256	0,229	0,211	0,202	0,207	0,214	0,211	0,214	0,162	0,000	0,000
2,000	-10,165	-10,209	-10,186	-10,075	-9,974	-9,904	-9,869	-9,829	-9,777	-9,748	-9,686	-9,622	-9,526	-9,387	-9,232	-0,047	0,037	0,099	0,203	0,223	0,211	0,224	0,218	0,224	0,235	0,269	0,295	0,313	0,323	0,238	0,000	0,000
3,000	-20,043	-20,158	-20,137	-19,909	-19,722	-19,603	-19,538	-19,481	-19,433	-19,423	-19,387	-19,353	-19,317	-19,221	-19,115	-0,257	0,011	0,128	0,330	0,359	0,308	0,281	0,248	0,218	0,182	0,181	0,188	0,200	0,210	0,154	0,000	0,000
4,000	-10,723	-10,638	-10,513	-10,460	-10,425	-10,424	-10,425	-10,423	-10,421	-10,413	-10,383	-10,336	-10,247	-10,102	-9,912	0,043	0,196	0,131	0,100	0,080	0,064	0,072	0,072	0,088	0,129	0,190	0,237	0,299	0,333	0,277	0,000	0,000
5,000	-8,604	-7,970	-7,938	-7,756	-7,693	-7,646	-7,615	-7,607	-7,570	-7,564	-7,520	-7,455	-7,345	-7,169	-6,944	2,020	1,098	0,819	0,463	0,346	0,252	0,239	0,227	0,223	0,227	0,275	0,330	0,375	0,413	0,328	0,000	0,000
6,000	-5,988	-5,658	-5,469	-5,260	-5,157	-5,096	-5,060	-5,026	-4,996	-4,973	-4,933	-4,875	-4,797	-4,668	-4,513	1,236	0,862	0,678	0,455	0,372	0,296	0,265	0,234	0,221	0,228	0,246	0,266	0,291	0,306	0,237	0,000	0,000
7,000	-7,330	-7,220	-7,228	-7,111	-7,052	-7,015	-6,995	-6,988	-6,965	-6,960	-6,943	-6,922	-6,896	-6,842	-6,789	0,115	0,077	0,121	0,164	0,132	0,099	0,101	0,092	0,094	0,082	0,088	0,093	0,108	0,109	0,083	0,000	0,000
8,000	-20,472	-20,671	-20,724	-20,874	-20,877	-20,934	-20,972	-20,997	-21,029	-21,076	-21,096	-21,118	-21,122	-21,071	-21,021	-0,383	-0,291	-0,269	-0,199	-0,161	-0,173	-0,157	-0,150	-0,126	-0,098	-0,055	-0,019	0,018	0,062	0,070	0,000	0,000
9,000	-9,940	-9,865	-9,787	-9,552	-9,409	-9,283	-9,216	-9,163	-9,106	-9,067	-9,005	-8,946	-8,853	-8,727	-8,567	0,099	0,199	0,286	0,390	0,381	0,345	0,330	0,301	0,285	0,273	0,286	0,301	0,318	0,320	0,240	0,000	0,000
10,000	-9,995	-9,963	-9,817	-9,650	-9,547	-9,518	-9,496	-9,483	-9,457	-9,461	-9,428	-9,391	-9,330	-9,225	-9,105	-0,007	0,200	0,219	0,240	0,193	0,163	0,150	0,134	0,130	0,136	0,162	0,181	0,219	0,231	0,184	0,000	0,000
11,000	-9,907	-9,785	-9,742	-9,586	-9,500	-9,444	-9,409	-9,392	-9,357	-9,336	-9,302	-9,253	-9,183	-9,072	-8,943	0,166	0,192	0,211	0,233	0,219	0,180	0,181	0,169	0,170	0,176	0,198	0,223	0,246	0,255	0,198	0,000	0,000
12,000	-15,223	-15,310	-15,189	-15,170	-15,106	-15,090	-15,087	-15,072	-15,068	-15,068	-15,047	-15,010	-14,952	-14,833	-14,691	-0,042	0,081	0,083	0,094	0,093	0,079	0,079	0,075	0,086	0,101	0,141	0,184	0,225	0,252	0,205	0,000	0,000
13,000	-8,461	-8,449	-8,458	-8,462	-8,440	-8,426	-8,411	-8,389	-8,362	-8,324	-8,274	-8,199	-8,097	-7,933	-7,722	-0,016	-0,010	-0,001	0,042	0,071	0,094	0,115	0,135	0,175	0,206	0,261	0,315	0,366	0,389	0,308	0,000	0,000
14,000	-11,975	-11,843	-11,922	-11,850	-11,842	-11,808	-11,798	-11,789	-11,786	-11,776	-11,763	-11,716	-11,633	-11,493	-11,294	-0,067	-0,079	-0,007	0,046	0,061	0,058	0,076	0,073	0,097	0,125	0,171	0,215	0,289	0,319	0,266	0,000	0,000
15,000	-9,077	-9,239	-9,135	-9,160	-9,116	-9,115	-9,109	-9,089	-9,078	-9,070	-9,054	-9,027	-8,979	-8,917	-8,830	-0,296	-0,037	-0,037	0,028	0,034	0,052	0,054	0,067	0,071	0,084	0,102	0,120	0,141	0,153	0,124	0,000	0,000
	run	21	2022:11:08    11:22:37,094
0,000	-13,187	-13,328	-13,340	-13,434	-13,451	-13,465	-13,477	-13,483	-13,480	-13,482	-13,479	-13,449	-13,405	-13,314	-13,207	-0,334	-0,224	-0,189	-0,119	-0,083	-0,048	-0,030	-0,006	0,013	0,035	0,075	0,122	0,161	0,185	0,147	0,000	0,000
1,000	-16,934	-16,998	-16,928	-16,766	-16,630	-16,532	-16,474	-16,427	-16,380	-16,351	-16,299	-16,263	-16,204	-16,121	-16,015	-0,129	0,064	0,137	0,278	0,301	0,282	0,263	0,236	0,225	0,209	0,206	0,214	0,213	0,216	0,159	0,000	0,000
2,000	-10,309	-10,325	-10,315	-10,194	-10,093	-10,023	-9,977	-9,941	-9,894	-9,860	-9,798	-9,730	-9,635	-9,493	-9,334	-0,060	0,041	0,099	0,207	0,222	0,219	0,231	0,226	0,231	0,239	0,270	0,301	0,325	0,330	0,251	0,000	0,000
3,000	-20,322	-20,421	-20,398	-20,165	-19,981	-19,857	-19,787	-19,737	-19,690	-19,675	-19,643	-19,607	-19,568	-19,476	-19,371	-0,251	0,009	0,129	0,343	0,364	0,316	0,283	0,245	0,219	0,187	0,179	0,193	0,198	0,206	0,154	0,000	0,000
4,000	-10,552	-10,496	-10,330	-10,305	-10,263	-10,256	-10,261	-10,262	-10,262	-10,249	-10,219	-10,183	-10,094	-9,951	-9,773	0,044	0,192	0,148	0,100	0,084	0,075	0,074	0,075	0,096	0,128	0,179	0,237	0,287	0,321	0,262	0,000	0,000
5,000	-8,223	-7,609	-7,561	-7,383	-7,327	-7,281	-7,258	-7,247	-7,220	-7,213	-7,169	-7,108	-7,018	-6,844	-6,647	1,977	1,078	0,795	0,444	0,323	0,241	0,222	0,207	0,202	0,209	0,247	0,298	0,351	0,376	0,298	0,000	0,000
6,000	-5,659	-5,336	-5,181	-4,988	-4,894	-4,834	-4,795	-4,771	-4,739	-4,719	-4,673	-4,626	-4,552	-4,428	-4,274	1,170	0,805	0,634	0,425	0,348	0,275	0,247	0,218	0,207	0,214	0,230	0,252	0,279	0,291	0,225	0,000	0,000
7,000	-6,982	-6,876	-6,886	-6,783	-6,737	-6,703	-6,678	-6,670	-6,656	-6,649	-6,630	-6,610	-6,586	-6,536	-6,480	0,113	0,065	0,112	0,134	0,118	0,095	0,093	0,087	0,080	0,080	0,089	0,101	0,101	0,109	0,083	0,000	0,000
8,000	-20,526	-20,760	-20,794	-20,944	-20,947	-21,005	-21,041	-21,076	-21,104	-21,159	-21,168	-21,188	-21,194	-21,151	-21,088	-0,378	-0,288	-0,267	-0,201	-0,168	-0,166	-0,158	-0,142	-0,129	-0,103	-0,059	-0,019	0,015	0,067	0,058	0,000	0,000
9,000	-10,076	-9,995	-9,914	-9,683	-9,537	-9,415	-9,347	-9,291	-9,236	-9,190	-9,135	-9,078	-8,982	-8,851	-8,697	0,091	0,196	0,278	0,381	0,384	0,349	0,332	0,301	0,290	0,278	0,284	0,304	0,318	0,321	0,241	0,000	0,000
10,000	-9,903	-9,887	-9,739	-9,572	-9,477	-9,442	-9,418	-9,402	-9,378	-9,383	-9,350	-9,313	-9,252	-9,145	-9,027	-0,015	0,211	0,228	0,236	0,196	0,166	0,144	0,132	0,127	0,138	0,161	0,184	0,218	0,233	0,187	0,000	0,000
11,000	-9,921	-9,801	-9,755	-9,597	-9,508	-9,451	-9,421	-9,395	-9,364	-9,340	-9,300	-9,255	-9,187	-9,073	-8,935	0,173	0,197	0,211	0,241	0,225	0,184	0,182	0,175	0,170	0,177	0,202	0,229	0,251	0,266	0,205	0,000	0,000
12,000	-15,611	-15,700	-15,597	-15,566	-15,500	-15,486	-15,483	-15,467	-15,459	-15,465	-15,435	-15,401	-15,344	-15,219	-15,071	-0,043	0,085	0,088	0,098	0,092	0,079	0,083	0,081	0,088	0,099	0,155	0,186	0,232	0,263	0,207	0,000	0,000
13,000	-8,633	-8,632	-8,623	-8,634	-8,614	-8,594	-8,578	-8,563	-8,535	-8,500	-8,451	-8,376	-8,263	-8,098	-7,880	-0,023	-0,007	-0,001	0,039	0,072	0,099	0,118	0,141	0,171	0,213	0,268	0,316	0,371	0,396	0,314	0,000	0,000
14,000	-12,256	-12,096	-12,192	-12,107	-12,103	-12,072	-12,048	-12,057	-12,036	-12,041	-12,017	-11,963	-11,888	-11,744	-11,544	-0,044	-0,064	-0,019	0,057	0,063	0,062	0,065	0,072	0,103	0,113	0,163	0,217	0,288	0,329	0,270	0,000	0,000
15,000	-9,171	-9,334	-9,226	-9,247	-9,200	-9,197	-9,195	-9,182	-9,163	-9,150	-9,135	-9,105	-9,056	-8,986	-8,899	-0,287	-0,036	-0,037	0,021	0,039	0,052	0,054	0,064	0,072	0,087	0,106	0,124	0,154	0,161	0,130	0,000	0,000
	run	22	2022:11:08    11:22:37,152
0,000	-13,192	-13,293	-13,316	-13,403	-13,419	-13,435	-13,436	-13,446	-13,444	-13,453	-13,442	-13,410	-13,372	-13,281	-13,168	-0,311	-0,211	-0,182	-0,106	-0,078	-0,049	-0,029	-0,017	0,013	0,036	0,077	0,118	0,160	0,188	0,152	0,000	0,000
1,000	-16,697	-16,750	-16,701	-16,552	-16,421	-16,316	-16,270	-16,223	-16,173	-16,145	-16,093	-16,053	-16,004	-15,914	-15,811	-0,139	0,055	0,124	0,252	0,285	0,259	0,257	0,226	0,217	0,203	0,207	0,211	0,214	0,214	0,158	0,000	0,000
2,000	-10,309	-10,325	-10,315	-10,194	-10,093	-10,023	-9,977	-9,941	-9,894	-9,860	-9,798	-9,730	-9,635	-9,493	-9,334	-0,060	0,041	0,099	0,207	0,222	0,219	0,231	0,226	0,231	0,239	0,270	0,301	0,325	0,330	0,251	0,000	0,000
3,000	-20,322	-20,421	-20,398	-20,165	-19,981	-19,857	-19,787	-19,737	-19,690	-19,675	-19,643	-19,607	-19,568	-19,476	-19,371	-0,251	0,009	0,129	0,343	0,364	0,316	0,283	0,245	0,219	0,187	0,179	0,193	0,198	0,206	0,154	0,000	0,000
4,000	-10,552	-10,496	-10,330	-10,305	-10,263	-10,256	-10,261	-10,262	-10,262	-10,249	-10,219	-10,183	-10,094	-9,951	-9,773	0,044	0,192	0,148	0,100	0,084	0,075	0,074	0,075	0,096	0,128	0,179	0,237	0,287	0,321	0,262	0,000	0,000
5,000	-8,223	-7,609	-7,561	-7,383	-7,327	-7,281	-7,258	-7,247	-7,220	-7,213	-7,169	-7,108	-7,018	-6,844	-6,647	1,977	1,078	0,795	0,444	0,323	0,241	0,222	0,207	0,202	0,209	0,247	0,298	0,351	0,376	0,298	0,000	0,000
6,000	-5,659	-5,336	-5,181	-4,988	-4,894	-4,834	-4,795	-4,771	-4,739	-4,719	-4,673	-4,626	-4,552	-4,428	-4,274	1,170	0,805	0,634	0,425	0,348	0,275	0,247	0,218	0,207	0,214	0,230	0,252	0,279	0,291	0,225	0,000	0,000
7,000	-6,982	-6,876	-6,886	-6,783	-6,737	-6,703	-6,678	-6,670	-6,656	-6,649	-6,630	-6,610	-6,586	-6,536	-6,480	0,113	0,065	0,112	0,134	0,118	0,095	0,093	0,087	0,080	0,080	0,089	0,101	0,101	0,109	0,083	0,000	0,000
8,000	-20,068	-20,266	-20,300	-20,443	-20,437	-20,494	-20,530	-20,565	-20,588	-20,642	-20,652	-20,673	-20,674	-20,632	-20,572	-0,365	-0,269	-0,245	-0,181	-0,152	-0,162	-0,145	-0,141	-0,118	-0,102	-0,050	-0,020	0,017	0,063	0,058	0,000	0,000
9,000	-9,738	-9,661	-9,590	-9,366	-9,216	-9,096	-9,027	-8,982	-8,924	-8,875	-8,818	-8,760	-8,676	-8,546	-8,391	0,092	0,192	0,269	0,378	0,377	0,340	0,322	0,291	0,280	0,269	0,275	0,291	0,307	0,310	0,233	0,000	0,000
10,000	-10,027	-9,997	-9,841	-9,664	-9,567	-9,529	-9,510	-9,496	-9,469	-9,466	-9,441	-9,405	-9,346	-9,239	-9,117	0,005	0,240	0,239	0,239	0,203	0,165	0,147	0,135	0,127	0,142	0,160	0,182	0,219	0,227	0,185	0,000	0,000
11,000	-9,974	-9,840	-9,796	-9,637	-9,555	-9,496	-9,462	-9,444	-9,411	-9,387	-9,350	-9,303	-9,235	-9,124	-8,988	0,185	0,203	0,217	0,236	0,218	0,181	0,178	0,169	0,169	0,172	0,203	0,230	0,249	0,263	0,199	0,000	0,000
12,000	-15,733	-15,822	-15,699	-15,676	-15,610	-15,604	-15,587	-15,582	-15,568	-15,576	-15,546	-15,505	-15,451	-15,323	-15,179	-0,060	0,075	0,084	0,097	0,094	0,082	0,081	0,080	0,092	0,096	0,144	0,199	0,243	0,265	0,211	0,000	0,000
13,000	-8,729	-8,720	-8,715	-8,719	-8,702	-8,685	-8,663	-8,643	-8,621	-8,584	-8,528	-8,452	-8,343	-8,176	-7,961	-0,014	0,005	0,012	0,048	0,082	0,098	0,121	0,144	0,176	0,215	0,265	0,318	0,373	0,397	0,315	0,000	0,000
14,000	-12,098	-11,952	-12,046	-11,977	-11,963	-11,935	-11,915	-11,907	-11,895	-11,890	-11,880	-11,835	-11,750	-11,606	-11,403	-0,038	-0,068	-0,002	0,047	0,066	0,062	0,068	0,078	0,095	0,131	0,185	0,233	0,298	0,337	0,279	0,000	0,000
15,000	-9,113	-9,271	-9,169	-9,188	-9,142	-9,142	-9,139	-9,123	-9,104	-9,101	-9,079	-9,054	-9,005	-8,938	-8,861	-0,310	-0,036	-0,046	0,030	0,039	0,052	0,052	0,072	0,078	0,084	0,103	0,121	0,145	0,152	0,122	0,000	0,000
	run	23	2022:11:08    11:22:37,241
0,000	-12,993	-13,098	-13,114	-13,210	-13,229	-13,240	-13,252	-13,253	-13,253	-13,256	-13,251	-13,217	-13,175	-13,088	-12,978	-0,324	-0,213	-0,181	-0,104	-0,084	-0,048	-0,031	-0,012	0,016	0,039	0,076	0,121	0,160	0,180	0,151	0,000	0,000
1,000	-16,809	-16,857	-16,791	-16,650	-16,503	-16,410	-16,350	-16,303	-16,255	-16,227	-16,175	-16,131	-16,076	-15,986	-15,882	-0,133	0,043	0,128	0,263	0,296	0,271	0,259	0,231	0,221	0,210	0,209	0,217	0,218	0,223	0,167	0,000	0,000
2,000	-10,475	-10,501	-10,469	-10,339	-10,231	-10,156	-10,109	-10,077	-10,022	-9,988	-9,930	-9,849	-9,754	-9,609	-9,436	-0,050	0,052	0,124	0,235	0,241	0,230	0,239	0,238	0,242	0,255	0,281	0,316	0,340	0,345	0,259	0,000	0,000
3,000	-21,178	-21,217	-21,160	-20,867	-20,658	-20,530	-20,463	-20,405	-20,352	-20,344	-20,305	-20,279	-20,226	-20,133	-20,011	-0,201	0,086	0,223	0,420	0,419	0,355	0,313	0,269	0,229	0,196	0,197	0,211	0,214	0,221	0,173	0,000	0,000
4,000	-11,253	-11,191	-11,049	-11,032	-11,004	-11,007	-11,007	-11,009	-11,005	-10,994	-10,961	-10,908	-10,818	-10,659	-10,453	0,056	0,188	0,128	0,087	0,069	0,061	0,066	0,071	0,095	0,145	0,203	0,262	0,325	0,363	0,300	0,000	0,000
5,000	-8,892	-8,275	-8,217	-8,043	-7,969	-7,916	-7,887	-7,876	-7,844	-7,832	-7,787	-7,720	-7,618	-7,431	-7,199	2,003	1,127	0,828	0,481	0,359	0,264	0,248	0,229	0,226	0,240	0,280	0,338	0,393	0,423	0,341	0,000	0,000
6,000	-5,781	-5,465	-5,297	-5,090	-4,985	-4,920	-4,888	-4,860	-4,829	-4,804	-4,762	-4,713	-4,636	-4,519	-4,370	1,195	0,832	0,661	0,453	0,357	0,281	0,260	0,230	0,220	0,218	0,230	0,257	0,274	0,291	0,227	0,000	0,000
7,000	-7,019	-6,946	-6,961	-6,875	-6,827	-6,788	-6,771	-6,760	-6,743	-6,730	-6,723	-6,702	-6,680	-6,636	-6,588	0,081	0,048	0,088	0,128	0,112	0,084	0,090	0,085	0,079	0,077	0,081	0,089	0,094	0,098	0,070	0,000	0,000
8,000	-19,637	-19,791	-19,825	-19,946	-19,950	-19,998	-20,033	-20,065	-20,090	-20,141	-20,159	-20,175	-20,175	-20,130	-20,082	-0,326	-0,229	-0,217	-0,157	-0,141	-0,155	-0,146	-0,137	-0,117	-0,101	-0,060	-0,008	0,016	0,057	0,059	0,000	0,000
9,000	-9,717	-9,686	-9,630	-9,446	-9,316	-9,190	-9,122	-9,071	-9,008	-8,971	-8,910	-8,853	-8,772	-8,645	-8,498	0,056	0,130	0,212	0,336	0,348	0,327	0,314	0,290	0,275	0,273	0,279	0,287	0,303	0,305	0,226	0,000	0,000
10,000	-9,784	-9,766	-9,625	-9,461	-9,372	-9,332	-9,313	-9,299	-9,275	-9,271	-9,246	-9,214	-9,146	-9,051	-8,933	-0,016	0,195	0,212	0,230	0,190	0,154	0,141	0,132	0,122	0,134	0,157	0,175	0,212	0,223	0,178	0,000	0,000
11,000	-9,910	-9,802	-9,776	-9,621	-9,546	-9,488	-9,458	-9,436	-9,407	-9,392	-9,349	-9,301	-9,238	-9,131	-9,002	0,161	0,179	0,188	0,224	0,206	0,175	0,171	0,159	0,162	0,170	0,195	0,222	0,238	0,251	0,191	0,000	0,000
12,000	-15,327	-15,401	-15,289	-15,267	-15,202	-15,182	-15,175	-15,167	-15,153	-15,163	-15,132	-15,099	-15,042	-14,924	-14,784	-0,036	0,080	0,084	0,101	0,092	0,080	0,076	0,081	0,089	0,093	0,140	0,180	0,225	0,252	0,203	0,000	0,000
13,000	-8,469	-8,452	-8,460	-8,464	-8,444	-8,421	-8,407	-8,389	-8,368	-8,327	-8,275	-8,208	-8,098	-7,935	-7,722	-0,026	-0,016	-0,001	0,045	0,067	0,089	0,114	0,138	0,170	0,210	0,257	0,311	0,362	0,393	0,311	0,000	0,000
14,000	-11,891	-11,767	-11,857	-11,790	-11,781	-11,754	-11,735	-11,734	-11,719	-11,714	-11,698	-11,660	-11,579	-11,428	-11,239	-0,033	-0,091	-0,013	0,048	0,060	0,065	0,073	0,075	0,098	0,122	0,162	0,216	0,284	0,324	0,260	0,000	0,000
15,000	-9,045	-9,216	-9,101	-9,122	-9,078	-9,077	-9,077	-9,056	-9,042	-9,035	-9,018	-8,989	-8,946	-8,871	-8,794	-0,304	-0,038	-0,044	0,025	0,035	0,044	0,050	0,068	0,070	0,087	0,103	0,123	0,148	0,160	0,129	0,000	0,000
	run	24	2022:11:08    11:22:37,305
0,000	-12,993	-13,098	-13,114	-13,210	-13,229	-13,240	-13,252	-13,253	-13,253	-13,256	-13,251	-13,217	-13,175	-13,088	-12,978	-0,324	-0,213	-0,181	-0,104	-0,084	-0,048	-0,031	-0,012	0,016	0,039	0,076	0,121	0,160	0,180	0,151	0,000	0,000
1,000	-16,809	-16,857	-16,791	-16,650	-16,503	-16,410	-16,350	-16,303	-16,255	-16,227	-16,175	-16,131	-16,076	-15,986	-15,882	-0,133	0,043	0,128	0,263	0,296	0,271	0,259	0,231	0,221	0,210	0,209	0,217	0,218	0,223	0,167	0,000	0,000
2,000	-10,475	-10,501	-10,469	-10,339	-10,231	-10,156	-10,109	-10,077	-10,022	-9,988	-9,930	-9,849	-9,754	-9,609	-9,436	-0,050	0,052	0,124	0,235	0,241	0,230	0,239	0,238	0,242	0,255	0,281	0,316	0,340	0,345	0,259	0,000	0,000
3,000	-21,178	-21,217	-21,160	-20,867	-20,658	-20,530	-20,463	-20,405	-20,352	-20,344	-20,305	-20,279	-20,226	-20,133	-20,011	-0,201	0,086	0,223	0,420	0,419	0,355	0,313	0,269	0,229	0,196	0,197	0,211	0,214	0,221	0,173	0,000	0,000
4,000	-11,253	-11,191	-11,049	-11,032	-11,004	-11,007	-11,007	-11,009	-11,005	-10,994	-10,961	-10,908	-10,818	-10,659	-10,453	0,056	0,188	0,128	0,087	0,069	0,061	0,066	0,071	0,095	0,145	0,203	0,262	0,325	0,363	0,300	0,000	0,000
5,000	-8,892	-8,275	-8,217	-8,043	-7,969	-7,916	-7,887	-7,876	-7,844	-7,832	-7,787	-7,720	-7,618	-7,431	-7,199	2,003	1,127	0,828	0,481	0,359	0,264	0,248	0,229	0,226	0,240	0,280	0,338	0,393	0,423	0,341	0,000	0,000
6,000	-6,103	-5,760	-5,566	-5,320	-5,210	-5,151	-5,120	-5,087	-5,057	-5,030	-4,979	-4,929	-4,855	-4,724	-4,562	1,251	0,895	0,715	0,477	0,384	0,304	0,272	0,242	0,230	0,227	0,249	0,270	0,297	0,312	0,243	0,000	0,000
7,000	-7,129	-7,044	-7,052	-6,959	-6,907	-6,871	-6,852	-6,839	-6,825	-6,818	-6,803	-6,782	-6,762	-6,717	-6,674	0,088	0,048	0,094	0,133	0,118	0,091	0,090	0,083	0,082	0,076	0,073	0,089	0,091	0,096	0,070	0,000	0,000
8,000	-19,928	-20,103	-20,127	-20,246	-20,242	-20,292	-20,334	-20,362	-20,391	-20,444	-20,455	-20,474	-20,469	-20,429	-20,373	-0,349	-0,231	-0,210	-0,165	-0,142	-0,151	-0,138	-0,141	-0,116	-0,096	-0,055	-0,013	0,023	0,064	0,057	0,000	0,000
9,000	-9,408	-9,386	-9,351	-9,182	-9,050	-8,933	-8,874	-8,818	-8,764	-8,725	-8,658	-8,609	-8,528	-8,408	-8,263	0,054	0,120	0,199	0,312	0,331	0,308	0,301	0,280	0,264	0,257	0,267	0,280	0,291	0,292	0,222	0,000	0,000
10,000	-9,419	-9,441	-9,325	-9,220	-9,139	-9,105	-9,085	-9,071	-9,044	-9,049	-9,024	-8,993	-8,932	-8,838	-8,727	-0,066	0,135	0,143	0,179	0,153	0,131	0,124	0,116	0,115	0,117	0,144	0,165	0,199	0,216	0,167	0,000	0,000
11,000	-9,574	-9,481	-9,453	-9,320	-9,243	-9,192	-9,161	-9,141	-9,107	-9,086	-9,057	-9,012	-8,948	-8,846	-8,723	0,136	0,145	0,164	0,200	0,196	0,164	0,165	0,155	0,158	0,162	0,181	0,206	0,231	0,237	0,183	0,000	0,000
12,000	-14,537	-14,610	-14,513	-14,479	-14,420	-14,405	-14,402	-14,389	-14,378	-14,386	-14,354	-14,331	-14,277	-14,164	-14,033	-0,027	0,075	0,082	0,092	0,093	0,073	0,080	0,076	0,082	0,095	0,132	0,169	0,212	0,238	0,193	0,000	0,000
13,000	-8,203	-8,210	-8,216	-8,227	-8,203	-8,191	-8,176	-8,160	-8,131	-8,098	-8,053	-7,979	-7,874	-7,721	-7,519	-0,050	-0,019	-0,007	0,037	0,066	0,091	0,112	0,134	0,161	0,197	0,244	0,300	0,347	0,369	0,295	0,000	0,000
14,000	-11,721	-11,611	-11,702	-11,637	-11,634	-11,604	-11,585	-11,585	-11,571	-11,570	-11,539	-11,510	-11,422	-11,283	-11,096	-0,032	-0,092	-0,008	0,055	0,059	0,054	0,076	0,073	0,097	0,123	0,156	0,214	0,289	0,324	0,263	0,000	0,000
15,000	-9,019	-9,191	-9,085	-9,110	-9,065	-9,065	-9,057	-9,038	-9,024	-9,018	-8,999	-8,970	-8,923	-8,856	-8,770	-0,302	-0,044	-0,046	0,025	0,042	0,049	0,054	0,068	0,073	0,088	0,110	0,128	0,149	0,160	0,127	0,000	0,000
