Device: PM2003001		2022:11:08    11:46:09,901  (DLL version: 1.20;  Status: HW:v1.02 SW:v1.3 CRC:31ED BATTERY:4154mV ST:0 ERR:0000;  MUX data; S: 92 I:143 R:200.000 C:1.094p F:)
Excitation level, V:	2,00
Voltage Channel Gain:	5
Current Channel Gain:	1
Voltmeter Range, V:	0,6
Ampermeter Range, A:	15,0m
Step Period, ms:	5
R transimp:	200
C transimp:	1,1p
Measurement Table: 	EEPROM  16

Freq, Hz	1,0k	2,0k	3,0k	7,0k	11,0k	17,0k	23,0k	31,0k	43,0k	61,0k	89,0k	127,0k	179,0k	251,0k	349,0k	1,0k	2,0k	3,0k	7,0k	11,0k	17,0k	23,0k	31,0k	43,0k	61,0k	89,0k	127,0k	179,0k	251,0k	349,0k
	run	1	2022:11:08    11:46:09,903
MUX	Re1, ohm	Re2, ohm	Re3, ohm	Re4, ohm	Re5, ohm	Re6, ohm	Re7, ohm	Re8, ohm	Re9, ohm	Re10, ohm	Re11, ohm	Re12, ohm	Re13, ohm	Re14, ohm	Re15, ohm	Im1, ohm	Im2, ohm	Im3, ohm	Im4, ohm	Im5, ohm	Im6, ohm	Im7, ohm	Im8, ohm	Im9, ohm	Im10, ohm	Im11, ohm	Im12, ohm	Im13, ohm	Im14, ohm	Im15, ohm	U, V	I, mA

0,000	-13,083	-13,136	-13,158	-13,248	-13,274	-13,295	-13,301	-13,307	-13,312	-13,319	-13,313	-13,288	-13,244	-13,152	-13,049	-0,163	-0,135	-0,130	-0,107	-0,085	-0,055	-0,034	-0,015	0,003	0,032	0,072	0,112	0,159	0,184	0,152	0,000	0,000
1,000	-16,529	-16,484	-16,396	-16,164	-15,989	-15,865	-15,795	-15,731	-15,663	-15,630	-15,565	-15,512	-15,454	-15,350	-15,245	0,091	0,250	0,302	0,406	0,410	0,366	0,345	0,309	0,287	0,255	0,257	0,250	0,244	0,241	0,175	0,000	0,000
2,000	-10,210	-10,183	-10,146	-10,013	-9,902	-9,828	-9,781	-9,741	-9,685	-9,657	-9,591	-9,511	-9,417	-9,261	-9,100	0,072	0,132	0,182	0,253	0,265	0,243	0,249	0,245	0,251	0,261	0,289	0,321	0,342	0,345	0,258	0,000	0,000
3,000	-20,434	-20,387	-20,313	-19,974	-19,764	-19,625	-19,554	-19,493	-19,442	-19,434	-19,392	-19,356	-19,303	-19,196	-19,071	0,124	0,301	0,390	0,503	0,480	0,396	0,343	0,295	0,256	0,213	0,212	0,228	0,237	0,247	0,187	0,000	0,000
4,000	-10,914	-10,956	-10,869	-10,867	-10,850	-10,845	-10,839	-10,842	-10,834	-10,821	-10,775	-10,703	-10,563	-10,352	-10,060	-0,164	0,000	0,004	0,050	0,056	0,059	0,083	0,096	0,134	0,196	0,277	0,365	0,448	0,507	0,410	0,000	0,000
5,000	-12,409	-12,438	-12,547	-12,598	-12,580	-12,571	-12,560	-12,555	-12,523	-12,532	-12,487	-12,406	-12,281	-12,035	-11,740	-0,119	-0,188	-0,138	-0,014	0,015	0,027	0,073	0,099	0,140	0,194	0,268	0,366	0,465	0,520	0,421	0,000	0,000
6,000	-7,436	-7,229	-7,091	-6,893	-6,777	-6,718	-6,681	-6,650	-6,605	-6,580	-6,539	-6,498	-6,436	-6,341	-6,241	0,667	0,535	0,458	0,369	0,315	0,261	0,238	0,216	0,206	0,195	0,201	0,209	0,214	0,216	0,161	0,000	0,000
7,000	-3,156	-2,880	-2,828	-2,704	-2,657	-2,630	-2,621	-2,610	-2,592	-2,591	-2,584	-2,577	-2,565	-2,546	-2,520	1,321	0,747	0,549	0,307	0,228	0,154	0,128	0,107	0,089	0,068	0,063	0,059	0,055	0,055	0,036	0,000	0,000
8,000	-14,588	-14,271	-14,115	-14,088	-14,057	-14,056	-14,074	-14,094	-14,125	-14,150	-14,177	-14,198	-14,206	-14,185	-14,153	1,827	1,048	0,695	0,293	0,175	0,085	0,034	0,004	-0,030	-0,030	-0,028	-0,018	0,006	0,036	0,043	0,000	0,000
9,000	-10,089	-9,948	-9,851	-9,608	-9,459	-9,343	-9,279	-9,234	-9,181	-9,149	-9,098	-9,059	-8,999	-8,911	-8,818	0,227	0,290	0,338	0,397	0,381	0,329	0,300	0,266	0,245	0,223	0,221	0,230	0,221	0,215	0,157	0,000	0,000
10,000	-10,199	-10,260	-10,152	-10,040	-9,956	-9,922	-9,897	-9,883	-9,850	-9,845	-9,821	-9,793	-9,736	-9,653	-9,555	-0,303	0,017	0,058	0,153	0,136	0,124	0,120	0,114	0,118	0,124	0,139	0,153	0,182	0,190	0,149	0,000	0,000
11,000	-10,079	-10,033	-10,013	-9,890	-9,820	-9,769	-9,738	-9,717	-9,686	-9,668	-9,630	-9,589	-9,527	-9,429	-9,311	-0,083	0,030	0,082	0,160	0,173	0,153	0,148	0,142	0,150	0,157	0,171	0,204	0,222	0,231	0,175	0,000	0,000
12,000	-15,323	-15,464	-15,372	-15,354	-15,288	-15,277	-15,274	-15,262	-15,246	-15,264	-15,235	-15,206	-15,150	-15,041	-14,917	-0,241	-0,038	-0,004	0,063	0,074	0,062	0,065	0,068	0,076	0,087	0,123	0,167	0,205	0,229	0,185	0,000	0,000
13,000	-8,477	-8,532	-8,522	-8,542	-8,526	-8,514	-8,500	-8,483	-8,456	-8,422	-8,372	-8,304	-8,200	-8,039	-7,836	-0,119	-0,053	-0,034	0,014	0,051	0,083	0,102	0,125	0,161	0,201	0,253	0,294	0,349	0,373	0,297	0,000	0,000
14,000	-11,902	-11,750	-11,853	-11,773	-11,774	-11,736	-11,722	-11,721	-11,707	-11,709	-11,688	-11,644	-11,557	-11,413	-11,215	0,047	-0,082	0,005	0,052	0,064	0,056	0,071	0,077	0,095	0,116	0,163	0,228	0,292	0,336	0,275	0,000	0,000
15,000	-8,934	-9,033	-8,962	-8,957	-8,913	-8,915	-8,905	-8,886	-8,870	-8,861	-8,842	-8,805	-8,759	-8,686	-8,599	-0,149	0,024	0,001	0,052	0,051	0,060	0,065	0,081	0,085	0,094	0,117	0,135	0,158	0,169	0,136	0,000	0,000
	run	2	2022:11:08    11:46:09,952
0,000	-13,069	-13,164	-13,165	-13,266	-13,284	-13,307	-13,320	-13,323	-13,328	-13,331	-13,329	-13,303	-13,258	-13,168	-13,065	-0,169	-0,137	-0,136	-0,095	-0,079	-0,058	-0,031	-0,016	0,003	0,031	0,073	0,114	0,154	0,182	0,145	0,000	0,000
1,000	-16,533	-16,490	-16,419	-16,179	-16,003	-15,879	-15,811	-15,745	-15,682	-15,646	-15,576	-15,531	-15,475	-15,370	-15,262	0,136	0,241	0,307	0,408	0,411	0,365	0,339	0,314	0,284	0,258	0,254	0,247	0,249	0,238	0,176	0,000	0,000
2,000	-10,210	-10,183	-10,146	-10,013	-9,902	-9,828	-9,781	-9,741	-9,685	-9,657	-9,591	-9,511	-9,417	-9,261	-9,100	0,072	0,132	0,182	0,253	0,265	0,243	0,249	0,245	0,251	0,261	0,289	0,321	0,342	0,345	0,258	0,000	0,000
3,000	-20,434	-20,387	-20,313	-19,974	-19,764	-19,625	-19,554	-19,493	-19,442	-19,434	-19,392	-19,356	-19,303	-19,196	-19,071	0,124	0,301	0,390	0,503	0,480	0,396	0,343	0,295	0,256	0,213	0,212	0,228	0,237	0,247	0,187	0,000	0,000
4,000	-10,914	-10,956	-10,869	-10,867	-10,850	-10,845	-10,839	-10,842	-10,834	-10,821	-10,775	-10,703	-10,563	-10,352	-10,060	-0,164	0,000	0,004	0,050	0,056	0,059	0,083	0,096	0,134	0,196	0,277	0,365	0,448	0,507	0,410	0,000	0,000
5,000	-12,409	-12,438	-12,547	-12,598	-12,580	-12,571	-12,560	-12,555	-12,523	-12,532	-12,487	-12,406	-12,281	-12,035	-11,740	-0,119	-0,188	-0,138	-0,014	0,015	0,027	0,073	0,099	0,140	0,194	0,268	0,366	0,465	0,520	0,421	0,000	0,000
6,000	-7,436	-7,229	-7,091	-6,893	-6,777	-6,718	-6,681	-6,650	-6,605	-6,580	-6,539	-6,498	-6,436	-6,341	-6,241	0,667	0,535	0,458	0,369	0,315	0,261	0,238	0,216	0,206	0,195	0,201	0,209	0,214	0,216	0,161	0,000	0,000
7,000	-3,156	-2,880	-2,828	-2,704	-2,657	-2,630	-2,621	-2,610	-2,592	-2,591	-2,584	-2,577	-2,565	-2,546	-2,520	1,321	0,747	0,549	0,307	0,228	0,154	0,128	0,107	0,089	0,068	0,063	0,059	0,055	0,055	0,036	0,000	0,000
8,000	-14,562	-14,251	-14,108	-14,075	-14,047	-14,046	-14,067	-14,083	-14,108	-14,140	-14,168	-14,191	-14,194	-14,179	-14,144	1,804	1,045	0,681	0,295	0,168	0,075	0,034	0,004	-0,032	-0,030	-0,023	-0,015	0,008	0,036	0,041	0,000	0,000
9,000	-10,093	-9,956	-9,862	-9,619	-9,470	-9,359	-9,296	-9,246	-9,196	-9,161	-9,113	-9,072	-9,012	-8,923	-8,825	0,216	0,278	0,325	0,391	0,372	0,327	0,299	0,263	0,243	0,221	0,225	0,224	0,223	0,219	0,158	0,000	0,000
10,000	-10,200	-10,257	-10,152	-10,041	-9,958	-9,924	-9,900	-9,883	-9,855	-9,850	-9,823	-9,791	-9,736	-9,650	-9,558	-0,305	0,009	0,059	0,151	0,139	0,128	0,120	0,118	0,116	0,127	0,139	0,164	0,183	0,186	0,150	0,000	0,000
11,000	-10,108	-10,072	-10,038	-9,919	-9,848	-9,801	-9,766	-9,748	-9,716	-9,687	-9,658	-9,618	-9,557	-9,459	-9,341	-0,098	0,031	0,087	0,173	0,173	0,151	0,150	0,142	0,147	0,158	0,177	0,203	0,218	0,226	0,176	0,000	0,000
12,000	-15,362	-15,496	-15,407	-15,388	-15,331	-15,311	-15,310	-15,301	-15,292	-15,303	-15,280	-15,242	-15,192	-15,081	-14,950	-0,229	-0,041	0,008	0,059	0,068	0,064	0,067	0,063	0,071	0,086	0,122	0,169	0,206	0,228	0,187	0,000	0,000
13,000	-8,498	-8,561	-8,549	-8,577	-8,562	-8,550	-8,536	-8,512	-8,491	-8,451	-8,407	-8,335	-8,232	-8,071	-7,863	-0,111	-0,057	-0,037	0,016	0,052	0,083	0,106	0,126	0,159	0,200	0,249	0,300	0,353	0,375	0,298	0,000	0,000
14,000	-11,935	-11,773	-11,881	-11,802	-11,798	-11,767	-11,742	-11,749	-11,735	-11,725	-11,710	-11,674	-11,591	-11,446	-11,244	0,032	-0,072	-0,013	0,052	0,056	0,058	0,072	0,078	0,089	0,113	0,167	0,228	0,301	0,338	0,279	0,000	0,000
15,000	-8,964	-9,049	-8,990	-8,976	-8,941	-8,946	-8,930	-8,914	-8,896	-8,886	-8,866	-8,832	-8,782	-8,713	-8,625	-0,146	0,017	0,006	0,052	0,050	0,058	0,068	0,082	0,087	0,100	0,118	0,136	0,157	0,169	0,135	0,000	0,000
	run	3	2022:11:08    11:46:10,051
0,000	-13,054	-13,138	-13,143	-13,241	-13,260	-13,283	-13,293	-13,297	-13,295	-13,313	-13,301	-13,276	-13,230	-13,143	-13,031	-0,164	-0,148	-0,131	-0,098	-0,082	-0,054	-0,033	-0,020	0,005	0,028	0,071	0,118	0,157	0,180	0,147	0,000	0,000
1,000	-16,492	-16,451	-16,359	-16,131	-15,957	-15,838	-15,760	-15,700	-15,638	-15,608	-15,540	-15,487	-15,433	-15,329	-15,224	0,108	0,244	0,305	0,402	0,406	0,366	0,345	0,308	0,288	0,257	0,250	0,245	0,248	0,239	0,176	0,000	0,000
2,000	-10,145	-10,131	-10,091	-9,953	-9,848	-9,773	-9,730	-9,686	-9,636	-9,598	-9,537	-9,462	-9,367	-9,222	-9,055	0,069	0,129	0,169	0,251	0,263	0,240	0,245	0,243	0,248	0,260	0,292	0,313	0,338	0,338	0,257	0,000	0,000
3,000	-20,307	-20,277	-20,188	-19,860	-19,649	-19,513	-19,436	-19,385	-19,332	-19,319	-19,280	-19,243	-19,192	-19,082	-18,964	0,139	0,285	0,374	0,490	0,469	0,391	0,338	0,294	0,250	0,217	0,213	0,229	0,232	0,248	0,190	0,000	0,000
4,000	-10,855	-10,911	-10,804	-10,811	-10,776	-10,779	-10,780	-10,773	-10,773	-10,746	-10,708	-10,638	-10,500	-10,291	-10,002	-0,153	0,009	0,004	0,045	0,054	0,060	0,083	0,102	0,133	0,192	0,273	0,364	0,447	0,502	0,413	0,000	0,000
5,000	-12,346	-12,388	-12,493	-12,542	-12,524	-12,509	-12,495	-12,498	-12,474	-12,469	-12,425	-12,345	-12,219	-11,972	-11,683	-0,133	-0,189	-0,144	-0,017	0,016	0,035	0,070	0,092	0,141	0,185	0,276	0,367	0,463	0,524	0,422	0,000	0,000
6,000	-7,441	-7,215	-7,078	-6,885	-6,772	-6,704	-6,672	-6,643	-6,593	-6,575	-6,532	-6,490	-6,427	-6,335	-6,232	0,658	0,536	0,455	0,368	0,311	0,257	0,240	0,211	0,202	0,198	0,197	0,211	0,216	0,217	0,157	0,000	0,000
7,000	-3,151	-2,865	-2,809	-2,697	-2,649	-2,623	-2,607	-2,604	-2,591	-2,582	-2,574	-2,568	-2,558	-2,530	-2,512	1,354	0,737	0,545	0,306	0,219	0,154	0,130	0,105	0,083	0,074	0,068	0,061	0,056	0,057	0,040	0,000	0,000
8,000	-14,541	-14,232	-14,088	-14,052	-14,015	-14,018	-14,032	-14,052	-14,081	-14,106	-14,140	-14,164	-14,165	-14,146	-14,109	1,824	1,040	0,686	0,293	0,164	0,079	0,036	0,004	-0,028	-0,028	-0,028	-0,012	0,010	0,033	0,041	0,000	0,000
9,000	-10,111	-9,938	-9,834	-9,593	-9,443	-9,330	-9,271	-9,219	-9,164	-9,134	-9,090	-9,046	-8,986	-8,896	-8,801	0,217	0,294	0,348	0,398	0,379	0,328	0,299	0,269	0,245	0,221	0,220	0,222	0,223	0,217	0,160	0,000	0,000
10,000	-10,248	-10,290	-10,189	-10,069	-9,987	-9,949	-9,927	-9,912	-9,880	-9,879	-9,851	-9,821	-9,763	-9,677	-9,583	-0,292	0,022	0,079	0,156	0,144	0,126	0,120	0,119	0,119	0,121	0,138	0,159	0,186	0,188	0,152	0,000	0,000
11,000	-10,114	-10,080	-10,055	-9,927	-9,852	-9,802	-9,769	-9,751	-9,718	-9,699	-9,663	-9,623	-9,560	-9,463	-9,338	-0,082	0,032	0,094	0,170	0,170	0,154	0,154	0,146	0,154	0,157	0,175	0,203	0,223	0,230	0,175	0,000	0,000
12,000	-15,412	-15,547	-15,464	-15,439	-15,376	-15,366	-15,359	-15,349	-15,335	-15,352	-15,323	-15,292	-15,237	-15,126	-15,000	-0,231	-0,042	-0,009	0,057	0,068	0,061	0,067	0,071	0,075	0,087	0,122	0,166	0,207	0,229	0,186	0,000	0,000
13,000	-8,523	-8,580	-8,566	-8,589	-8,576	-8,563	-8,546	-8,530	-8,495	-8,466	-8,419	-8,347	-8,243	-8,082	-7,878	-0,110	-0,052	-0,031	0,020	0,053	0,083	0,103	0,136	0,161	0,198	0,249	0,300	0,352	0,375	0,303	0,000	0,000
14,000	-11,962	-11,800	-11,920	-11,836	-11,836	-11,794	-11,779	-11,780	-11,767	-11,756	-11,738	-11,697	-11,616	-11,466	-11,270	0,035	-0,067	-0,013	0,054	0,058	0,058	0,077	0,070	0,094	0,111	0,166	0,235	0,301	0,337	0,280	0,000	0,000
15,000	-8,956	-9,051	-8,977	-8,978	-8,932	-8,938	-8,926	-8,912	-8,888	-8,882	-8,859	-8,827	-8,781	-8,708	-8,618	-0,141	0,029	0,010	0,052	0,053	0,057	0,062	0,081	0,085	0,093	0,117	0,134	0,153	0,169	0,133	0,000	0,000
	run	4	2022:11:08    11:46:10,104
0,000	-13,054	-13,138	-13,143	-13,241	-13,260	-13,283	-13,293	-13,297	-13,295	-13,313	-13,301	-13,276	-13,230	-13,143	-13,031	-0,164	-0,148	-0,131	-0,098	-0,082	-0,054	-0,033	-0,020	0,005	0,028	0,071	0,118	0,157	0,180	0,147	0,000	0,000
1,000	-16,492	-16,451	-16,359	-16,131	-15,957	-15,838	-15,760	-15,700	-15,638	-15,608	-15,540	-15,487	-15,433	-15,329	-15,224	0,108	0,244	0,305	0,402	0,406	0,366	0,345	0,308	0,288	0,257	0,250	0,245	0,248	0,239	0,176	0,000	0,000
2,000	-10,145	-10,131	-10,091	-9,953	-9,848	-9,773	-9,730	-9,686	-9,636	-9,598	-9,537	-9,462	-9,367	-9,222	-9,055	0,069	0,129	0,169	0,251	0,263	0,240	0,245	0,243	0,248	0,260	0,292	0,313	0,338	0,338	0,257	0,000	0,000
3,000	-20,307	-20,277	-20,188	-19,860	-19,649	-19,513	-19,436	-19,385	-19,332	-19,319	-19,280	-19,243	-19,192	-19,082	-18,964	0,139	0,285	0,374	0,490	0,469	0,391	0,338	0,294	0,250	0,217	0,213	0,229	0,232	0,248	0,190	0,000	0,000
4,000	-10,855	-10,911	-10,804	-10,811	-10,776	-10,779	-10,780	-10,773	-10,773	-10,746	-10,708	-10,638	-10,500	-10,291	-10,002	-0,153	0,009	0,004	0,045	0,054	0,060	0,083	0,102	0,133	0,192	0,273	0,364	0,447	0,502	0,413	0,000	0,000
5,000	-12,346	-12,388	-12,493	-12,542	-12,524	-12,509	-12,495	-12,498	-12,474	-12,469	-12,425	-12,345	-12,219	-11,972	-11,683	-0,133	-0,189	-0,144	-0,017	0,016	0,035	0,070	0,092	0,141	0,185	0,276	0,367	0,463	0,524	0,422	0,000	0,000
6,000	-7,423	-7,207	-7,077	-6,881	-6,774	-6,714	-6,674	-6,640	-6,597	-6,571	-6,529	-6,490	-6,428	-6,337	-6,236	0,651	0,526	0,463	0,366	0,307	0,256	0,236	0,213	0,204	0,197	0,205	0,212	0,222	0,218	0,160	0,000	0,000
7,000	-3,165	-2,891	-2,835	-2,710	-2,665	-2,637	-2,620	-2,615	-2,603	-2,602	-2,589	-2,584	-2,572	-2,545	-2,521	1,331	0,748	0,555	0,309	0,217	0,156	0,134	0,106	0,089	0,072	0,061	0,060	0,056	0,054	0,039	0,000	0,000
8,000	-14,633	-14,318	-14,175	-14,138	-14,107	-14,110	-14,124	-14,150	-14,170	-14,197	-14,227	-14,246	-14,256	-14,244	-14,212	1,811	1,044	0,694	0,296	0,173	0,080	0,033	-0,001	-0,031	-0,030	-0,023	-0,015	0,009	0,036	0,041	0,000	0,000
9,000	-10,156	-10,015	-9,913	-9,673	-9,522	-9,399	-9,340	-9,291	-9,236	-9,206	-9,160	-9,119	-9,057	-8,967	-8,867	0,200	0,291	0,339	0,398	0,372	0,336	0,307	0,270	0,245	0,226	0,226	0,225	0,224	0,215	0,159	0,000	0,000
10,000	-10,224	-10,299	-10,186	-10,080	-9,992	-9,957	-9,934	-9,916	-9,890	-9,885	-9,861	-9,827	-9,772	-9,689	-9,588	-0,301	0,014	0,067	0,162	0,144	0,126	0,120	0,119	0,116	0,120	0,141	0,166	0,183	0,190	0,149	0,000	0,000
11,000	-10,121	-10,084	-10,067	-9,943	-9,864	-9,813	-9,780	-9,762	-9,730	-9,712	-9,680	-9,634	-9,570	-9,472	-9,352	-0,084	0,033	0,087	0,166	0,172	0,155	0,154	0,142	0,144	0,158	0,175	0,203	0,222	0,228	0,177	0,000	0,000
12,000	-15,423	-15,557	-15,458	-15,447	-15,386	-15,370	-15,365	-15,357	-15,339	-15,350	-15,336	-15,292	-15,239	-15,129	-14,998	-0,236	-0,042	-0,005	0,062	0,071	0,066	0,067	0,066	0,076	0,083	0,129	0,169	0,203	0,229	0,186	0,000	0,000
13,000	-8,520	-8,579	-8,558	-8,582	-8,564	-8,551	-8,539	-8,517	-8,493	-8,460	-8,407	-8,335	-8,234	-8,071	-7,868	-0,117	-0,043	-0,040	0,020	0,048	0,084	0,105	0,128	0,162	0,199	0,256	0,298	0,354	0,378	0,301	0,000	0,000
14,000	-11,907	-11,744	-11,851	-11,776	-11,776	-11,748	-11,723	-11,722	-11,713	-11,702	-11,690	-11,653	-11,564	-11,416	-11,221	0,023	-0,074	-0,010	0,055	0,065	0,056	0,076	0,074	0,088	0,120	0,162	0,231	0,291	0,334	0,275	0,000	0,000
15,000	-8,926	-9,026	-8,951	-8,939	-8,904	-8,907	-8,890	-8,878	-8,857	-8,849	-8,826	-8,797	-8,749	-8,674	-8,586	-0,145	0,019	0,003	0,055	0,052	0,062	0,071	0,086	0,082	0,096	0,118	0,137	0,159	0,169	0,136	0,000	0,000
	run	5	2022:11:08    11:46:10,204
0,000	-12,970	-13,063	-13,071	-13,159	-13,183	-13,205	-13,215	-13,220	-13,225	-13,232	-13,225	-13,196	-13,153	-13,065	-12,957	-0,165	-0,130	-0,128	-0,101	-0,079	-0,056	-0,035	-0,021	0,007	0,032	0,071	0,115	0,156	0,182	0,145	0,000	0,000
1,000	-16,403	-16,383	-16,296	-16,072	-15,892	-15,772	-15,698	-15,641	-15,570	-15,537	-15,480	-15,428	-15,365	-15,270	-15,162	0,080	0,230	0,276	0,390	0,402	0,358	0,337	0,308	0,282	0,258	0,252	0,257	0,244	0,238	0,174	0,000	0,000
2,000	-10,134	-10,122	-10,084	-9,948	-9,841	-9,771	-9,728	-9,685	-9,626	-9,598	-9,534	-9,459	-9,361	-9,212	-9,049	0,078	0,126	0,174	0,249	0,264	0,240	0,252	0,247	0,250	0,258	0,288	0,315	0,335	0,344	0,256	0,000	0,000
3,000	-20,364	-20,330	-20,243	-19,920	-19,708	-19,567	-19,494	-19,438	-19,388	-19,380	-19,335	-19,300	-19,250	-19,140	-19,016	0,138	0,302	0,380	0,496	0,475	0,390	0,342	0,292	0,256	0,213	0,211	0,222	0,238	0,245	0,192	0,000	0,000
4,000	-10,873	-10,907	-10,823	-10,819	-10,789	-10,790	-10,786	-10,789	-10,777	-10,756	-10,716	-10,647	-10,516	-10,293	-10,007	-0,150	0,010	0,003	0,045	0,049	0,063	0,086	0,100	0,133	0,198	0,276	0,363	0,449	0,506	0,411	0,000	0,000
5,000	-12,407	-12,433	-12,541	-12,587	-12,573	-12,555	-12,548	-12,548	-12,515	-12,523	-12,472	-12,392	-12,263	-12,027	-11,718	-0,148	-0,196	-0,136	-0,025	0,016	0,031	0,068	0,101	0,144	0,182	0,276	0,369	0,467	0,529	0,417	0,000	0,000
6,000	-7,465	-7,254	-7,118	-6,916	-6,805	-6,743	-6,706	-6,676	-6,631	-6,609	-6,570	-6,520	-6,459	-6,366	-6,266	0,652	0,535	0,456	0,366	0,313	0,257	0,240	0,220	0,207	0,195	0,201	0,216	0,219	0,221	0,167	0,000	0,000
7,000	-3,169	-2,891	-2,829	-2,716	-2,671	-2,639	-2,625	-2,622	-2,608	-2,602	-2,594	-2,582	-2,574	-2,548	-2,525	1,347	0,757	0,554	0,310	0,226	0,159	0,132	0,106	0,086	0,074	0,064	0,058	0,052	0,058	0,037	0,000	0,000
8,000	-14,669	-14,363	-14,218	-14,188	-14,161	-14,159	-14,179	-14,198	-14,227	-14,255	-14,280	-14,305	-14,310	-14,296	-14,257	1,800	1,037	0,676	0,284	0,166	0,083	0,033	0,001	-0,031	-0,034	-0,026	-0,012	0,004	0,041	0,043	0,000	0,000
9,000	-10,152	-10,003	-9,895	-9,650	-9,497	-9,372	-9,316	-9,266	-9,219	-9,186	-9,141	-9,095	-9,032	-8,945	-8,848	0,225	0,305	0,354	0,407	0,393	0,331	0,306	0,270	0,242	0,222	0,222	0,224	0,220	0,217	0,157	0,000	0,000
10,000	-10,271	-10,328	-10,218	-10,101	-10,020	-9,978	-9,961	-9,938	-9,910	-9,907	-9,885	-9,849	-9,792	-9,709	-9,613	-0,288	0,015	0,068	0,158	0,147	0,131	0,125	0,116	0,119	0,125	0,139	0,160	0,183	0,191	0,152	0,000	0,000
11,000	-10,140	-10,089	-10,062	-9,937	-9,858	-9,811	-9,781	-9,763	-9,732	-9,709	-9,668	-9,629	-9,570	-9,468	-9,346	-0,090	0,037	0,094	0,172	0,170	0,150	0,153	0,147	0,153	0,160	0,179	0,202	0,223	0,232	0,180	0,000	0,000
12,000	-15,374	-15,517	-15,418	-15,409	-15,341	-15,330	-15,320	-15,310	-15,301	-15,311	-15,288	-15,256	-15,204	-15,091	-14,963	-0,247	-0,034	0,006	0,065	0,073	0,062	0,067	0,066	0,077	0,082	0,127	0,165	0,206	0,230	0,184	0,000	0,000
13,000	-8,487	-8,564	-8,534	-8,562	-8,547	-8,532	-8,518	-8,500	-8,476	-8,445	-8,395	-8,317	-8,219	-8,060	-7,849	-0,113	-0,051	-0,036	0,015	0,050	0,082	0,103	0,131	0,162	0,194	0,254	0,300	0,351	0,376	0,302	0,000	0,000
14,000	-11,873	-11,706	-11,811	-11,743	-11,743	-11,708	-11,698	-11,690	-11,689	-11,675	-11,659	-11,621	-11,530	-11,381	-11,186	0,013	-0,074	-0,005	0,056	0,067	0,059	0,069	0,076	0,088	0,120	0,163	0,227	0,297	0,334	0,276	0,000	0,000
15,000	-8,895	-8,994	-8,931	-8,927	-8,881	-8,885	-8,874	-8,855	-8,839	-8,831	-8,804	-8,772	-8,726	-8,658	-8,570	-0,150	0,011	0,002	0,050	0,052	0,059	0,066	0,080	0,084	0,092	0,118	0,134	0,157	0,169	0,135	0,000	0,000
	run	6	2022:11:08    11:46:10,304
0,000	-12,990	-13,061	-13,079	-13,161	-13,188	-13,208	-13,216	-13,223	-13,218	-13,236	-13,228	-13,203	-13,157	-13,065	-12,962	-0,161	-0,130	-0,126	-0,102	-0,073	-0,052	-0,033	-0,019	0,007	0,031	0,071	0,120	0,159	0,184	0,146	0,000	0,000
1,000	-16,437	-16,413	-16,314	-16,098	-15,930	-15,802	-15,726	-15,670	-15,599	-15,571	-15,514	-15,451	-15,399	-15,290	-15,187	0,091	0,226	0,290	0,396	0,402	0,365	0,337	0,306	0,286	0,259	0,253	0,249	0,247	0,242	0,177	0,000	0,000
2,000	-10,152	-10,139	-10,111	-9,967	-9,865	-9,786	-9,740	-9,695	-9,644	-9,615	-9,547	-9,470	-9,370	-9,221	-9,060	0,073	0,130	0,171	0,260	0,264	0,243	0,242	0,246	0,256	0,259	0,290	0,314	0,337	0,340	0,257	0,000	0,000
3,000	-20,428	-20,376	-20,295	-19,975	-19,762	-19,621	-19,550	-19,491	-19,437	-19,426	-19,390	-19,352	-19,298	-19,192	-19,062	0,129	0,292	0,385	0,497	0,474	0,390	0,344	0,293	0,259	0,216	0,214	0,226	0,238	0,252	0,187	0,000	0,000
4,000	-10,912	-10,945	-10,863	-10,861	-10,836	-10,828	-10,830	-10,829	-10,823	-10,805	-10,759	-10,692	-10,556	-10,346	-10,054	-0,158	0,004	0,001	0,050	0,054	0,060	0,082	0,098	0,135	0,193	0,282	0,365	0,451	0,498	0,408	0,000	0,000
5,000	-12,478	-12,494	-12,614	-12,654	-12,639	-12,628	-12,615	-12,616	-12,586	-12,590	-12,554	-12,458	-12,332	-12,087	-11,790	-0,149	-0,192	-0,153	-0,026	0,014	0,031	0,074	0,100	0,147	0,189	0,284	0,368	0,471	0,531	0,429	0,000	0,000
6,000	-7,500	-7,283	-7,151	-6,948	-6,838	-6,767	-6,734	-6,703	-6,661	-6,636	-6,599	-6,550	-6,493	-6,397	-6,292	0,639	0,525	0,456	0,377	0,317	0,259	0,240	0,219	0,207	0,198	0,205	0,217	0,226	0,218	0,164	0,000	0,000
7,000	-3,174	-2,909	-2,826	-2,715	-2,673	-2,641	-2,629	-2,620	-2,604	-2,603	-2,596	-2,584	-2,571	-2,547	-2,520	1,296	0,750	0,555	0,313	0,219	0,154	0,132	0,109	0,089	0,074	0,066	0,057	0,061	0,060	0,041	0,000	0,000
8,000	-14,691	-14,383	-14,239	-14,208	-14,178	-14,170	-14,190	-14,208	-14,235	-14,263	-14,292	-14,317	-14,323	-14,309	-14,274	1,821	1,048	0,676	0,291	0,171	0,077	0,034	-0,004	-0,033	-0,033	-0,025	-0,013	0,005	0,035	0,040	0,000	0,000
9,000	-10,180	-10,037	-9,926	-9,674	-9,522	-9,407	-9,346	-9,296	-9,241	-9,212	-9,170	-9,120	-9,061	-8,970	-8,875	0,223	0,298	0,348	0,408	0,386	0,336	0,304	0,273	0,248	0,226	0,224	0,224	0,220	0,222	0,157	0,000	0,000
10,000	-10,256	-10,309	-10,199	-10,084	-10,001	-9,968	-9,944	-9,928	-9,897	-9,893	-9,865	-9,837	-9,777	-9,693	-9,599	-0,299	0,013	0,068	0,154	0,144	0,125	0,126	0,119	0,122	0,121	0,143	0,158	0,182	0,189	0,150	0,000	0,000
11,000	-10,099	-10,053	-10,031	-9,904	-9,833	-9,781	-9,747	-9,732	-9,699	-9,679	-9,646	-9,602	-9,538	-9,443	-9,322	-0,084	0,030	0,091	0,164	0,173	0,150	0,154	0,148	0,151	0,156	0,181	0,199	0,217	0,231	0,178	0,000	0,000
12,000	-15,365	-15,511	-15,403	-15,391	-15,332	-15,319	-15,317	-15,305	-15,290	-15,303	-15,279	-15,248	-15,192	-15,080	-14,957	-0,237	-0,041	-0,004	0,060	0,071	0,057	0,066	0,068	0,076	0,082	0,120	0,169	0,206	0,228	0,186	0,000	0,000
13,000	-8,473	-8,538	-8,521	-8,546	-8,528	-8,517	-8,494	-8,483	-8,457	-8,419	-8,374	-8,300	-8,196	-8,041	-7,836	-0,111	-0,050	-0,038	0,011	0,047	0,083	0,103	0,130	0,161	0,195	0,253	0,300	0,347	0,372	0,297	0,000	0,000
14,000	-11,819	-11,683	-11,786	-11,709	-11,701	-11,672	-11,657	-11,658	-11,643	-11,639	-11,615	-11,585	-11,496	-11,356	-11,154	0,023	-0,071	-0,006	0,057	0,055	0,053	0,068	0,073	0,095	0,125	0,163	0,234	0,298	0,329	0,276	0,000	0,000
15,000	-8,900	-8,994	-8,931	-8,916	-8,883	-8,884	-8,869	-8,851	-8,836	-8,826	-8,809	-8,770	-8,727	-8,658	-8,566	-0,136	0,022	0,011	0,054	0,050	0,060	0,066	0,084	0,083	0,097	0,120	0,135	0,157	0,165	0,134	0,000	0,000
	run	7	2022:11:08    11:46:10,352
0,000	-13,007	-13,082	-13,098	-13,188	-13,216	-13,233	-13,247	-13,255	-13,247	-13,260	-13,254	-13,224	-13,183	-13,094	-12,988	-0,166	-0,137	-0,125	-0,099	-0,078	-0,057	-0,035	-0,014	0,007	0,032	0,070	0,114	0,156	0,180	0,147	0,000	0,000
1,000	-16,424	-16,373	-16,297	-16,071	-15,900	-15,768	-15,700	-15,640	-15,576	-15,537	-15,479	-15,426	-15,366	-15,268	-15,159	0,110	0,243	0,292	0,398	0,404	0,356	0,339	0,308	0,280	0,256	0,250	0,246	0,240	0,236	0,180	0,000	0,000
2,000	-10,152	-10,139	-10,111	-9,967	-9,865	-9,786	-9,740	-9,695	-9,644	-9,615	-9,547	-9,470	-9,370	-9,221	-9,060	0,073	0,130	0,171	0,260	0,264	0,243	0,242	0,246	0,256	0,259	0,290	0,314	0,337	0,340	0,257	0,000	0,000
3,000	-20,428	-20,376	-20,295	-19,975	-19,762	-19,621	-19,550	-19,491	-19,437	-19,426	-19,390	-19,352	-19,298	-19,192	-19,062	0,129	0,292	0,385	0,497	0,474	0,390	0,344	0,293	0,259	0,216	0,214	0,226	0,238	0,252	0,187	0,000	0,000
4,000	-10,912	-10,945	-10,863	-10,861	-10,836	-10,828	-10,830	-10,829	-10,823	-10,805	-10,759	-10,692	-10,556	-10,346	-10,054	-0,158	0,004	0,001	0,050	0,054	0,060	0,082	0,098	0,135	0,193	0,282	0,365	0,451	0,498	0,408	0,000	0,000
5,000	-12,478	-12,494	-12,614	-12,654	-12,639	-12,628	-12,615	-12,616	-12,586	-12,590	-12,554	-12,458	-12,332	-12,087	-11,790	-0,149	-0,192	-0,153	-0,026	0,014	0,031	0,074	0,100	0,147	0,189	0,284	0,368	0,471	0,531	0,429	0,000	0,000
6,000	-7,500	-7,283	-7,151	-6,948	-6,838	-6,767	-6,734	-6,703	-6,661	-6,636	-6,599	-6,550	-6,493	-6,397	-6,292	0,639	0,525	0,456	0,377	0,317	0,259	0,240	0,219	0,207	0,198	0,205	0,217	0,226	0,218	0,164	0,000	0,000
7,000	-3,174	-2,909	-2,826	-2,715	-2,673	-2,641	-2,629	-2,620	-2,604	-2,603	-2,596	-2,584	-2,571	-2,547	-2,520	1,296	0,750	0,555	0,313	0,219	0,154	0,132	0,109	0,089	0,074	0,066	0,057	0,061	0,060	0,041	0,000	0,000
8,000	-14,663	-14,363	-14,211	-14,181	-14,156	-14,149	-14,167	-14,179	-14,216	-14,240	-14,274	-14,296	-14,295	-14,283	-14,248	1,809	1,053	0,691	0,296	0,171	0,077	0,033	0,003	-0,034	-0,032	-0,022	-0,016	0,005	0,034	0,041	0,000	0,000
9,000	-10,159	-9,995	-9,889	-9,634	-9,477	-9,363	-9,304	-9,253	-9,203	-9,173	-9,125	-9,081	-9,022	-8,934	-8,838	0,238	0,301	0,353	0,411	0,387	0,331	0,300	0,268	0,246	0,225	0,225	0,227	0,222	0,222	0,157	0,000	0,000
10,000	-10,309	-10,362	-10,237	-10,114	-10,034	-10,003	-9,977	-9,959	-9,933	-9,926	-9,900	-9,869	-9,810	-9,725	-9,630	-0,290	0,024	0,079	0,156	0,145	0,128	0,122	0,117	0,123	0,124	0,143	0,161	0,183	0,187	0,147	0,000	0,000
11,000	-10,142	-10,092	-10,068	-9,940	-9,861	-9,809	-9,778	-9,758	-9,728	-9,714	-9,672	-9,630	-9,567	-9,469	-9,350	-0,088	0,039	0,100	0,169	0,176	0,152	0,155	0,144	0,152	0,163	0,179	0,205	0,221	0,232	0,176	0,000	0,000
12,000	-15,345	-15,496	-15,403	-15,390	-15,314	-15,309	-15,302	-15,297	-15,278	-15,291	-15,268	-15,236	-15,182	-15,071	-14,948	-0,232	-0,041	0,001	0,058	0,070	0,063	0,066	0,068	0,074	0,080	0,123	0,163	0,202	0,233	0,184	0,000	0,000
13,000	-8,490	-8,552	-8,533	-8,554	-8,534	-8,524	-8,511	-8,496	-8,469	-8,437	-8,382	-8,310	-8,206	-8,047	-7,841	-0,105	-0,047	-0,030	0,018	0,050	0,081	0,102	0,130	0,161	0,196	0,249	0,303	0,350	0,374	0,300	0,000	0,000
14,000	-11,875	-11,738	-11,846	-11,767	-11,760	-11,729	-11,709	-11,711	-11,698	-11,691	-11,675	-11,633	-11,548	-11,406	-11,205	0,015	-0,079	-0,006	0,052	0,059	0,054	0,070	0,073	0,094	0,111	0,167	0,232	0,290	0,330	0,273	0,000	0,000
15,000	-8,931	-8,997	-8,937	-8,929	-8,887	-8,891	-8,880	-8,863	-8,843	-8,833	-8,812	-8,783	-8,738	-8,662	-8,571	-0,139	0,021	0,002	0,045	0,050	0,058	0,064	0,081	0,085	0,094	0,116	0,133	0,158	0,169	0,136	0,000	0,000
	run	8	2022:11:08    11:46:10,451
0,000	-13,043	-13,129	-13,144	-13,228	-13,256	-13,277	-13,290	-13,290	-13,295	-13,303	-13,299	-13,271	-13,228	-13,135	-13,028	-0,146	-0,131	-0,138	-0,105	-0,085	-0,056	-0,036	-0,019	0,005	0,027	0,074	0,115	0,160	0,187	0,150	0,000	0,000
1,000	-16,550	-16,533	-16,424	-16,202	-16,012	-15,887	-15,826	-15,760	-15,692	-15,654	-15,587	-15,536	-15,477	-15,381	-15,276	0,107	0,243	0,315	0,410	0,404	0,370	0,346	0,314	0,282	0,263	0,252	0,256	0,246	0,241	0,173	0,000	0,000
2,000	-10,212	-10,198	-10,154	-10,017	-9,910	-9,835	-9,789	-9,750	-9,697	-9,657	-9,590	-9,516	-9,420	-9,271	-9,103	0,072	0,134	0,171	0,248	0,263	0,248	0,249	0,246	0,250	0,261	0,288	0,320	0,343	0,339	0,262	0,000	0,000
3,000	-20,448	-20,427	-20,337	-20,001	-19,779	-19,641	-19,569	-19,514	-19,461	-19,448	-19,412	-19,373	-19,321	-19,215	-19,088	0,120	0,303	0,384	0,505	0,480	0,395	0,344	0,292	0,254	0,219	0,210	0,225	0,241	0,251	0,190	0,000	0,000
4,000	-10,878	-10,929	-10,849	-10,850	-10,828	-10,821	-10,820	-10,822	-10,813	-10,798	-10,750	-10,686	-10,553	-10,332	-10,049	-0,149	0,005	0,006	0,042	0,056	0,063	0,079	0,095	0,134	0,190	0,278	0,359	0,447	0,497	0,408	0,000	0,000
5,000	-12,437	-12,465	-12,575	-12,627	-12,605	-12,589	-12,585	-12,584	-12,555	-12,558	-12,513	-12,423	-12,296	-12,058	-11,764	-0,137	-0,189	-0,144	-0,021	0,013	0,025	0,070	0,103	0,145	0,192	0,290	0,376	0,465	0,528	0,425	0,000	0,000
6,000	-7,450	-7,211	-7,076	-6,886	-6,783	-6,710	-6,675	-6,642	-6,602	-6,575	-6,534	-6,492	-6,429	-6,343	-6,232	0,663	0,529	0,464	0,366	0,311	0,256	0,237	0,215	0,206	0,197	0,201	0,210	0,217	0,214	0,158	0,000	0,000
7,000	-3,172	-2,890	-2,818	-2,713	-2,667	-2,635	-2,623	-2,612	-2,604	-2,600	-2,595	-2,586	-2,567	-2,547	-2,521	1,309	0,739	0,541	0,314	0,219	0,154	0,133	0,104	0,085	0,069	0,064	0,061	0,057	0,060	0,040	0,000	0,000
8,000	-14,631	-14,318	-14,181	-14,149	-14,121	-14,114	-14,133	-14,151	-14,178	-14,208	-14,238	-14,259	-14,261	-14,246	-14,209	1,808	1,055	0,684	0,289	0,173	0,082	0,031	-0,001	-0,032	-0,035	-0,028	-0,010	0,008	0,043	0,047	0,000	0,000
9,000	-10,143	-10,021	-9,921	-9,687	-9,535	-9,417	-9,351	-9,306	-9,252	-9,223	-9,175	-9,131	-9,068	-8,981	-8,885	0,223	0,286	0,336	0,395	0,380	0,326	0,305	0,271	0,248	0,223	0,225	0,226	0,223	0,217	0,159	0,000	0,000
10,000	-10,195	-10,256	-10,144	-10,036	-9,957	-9,916	-9,894	-9,873	-9,845	-9,841	-9,813	-9,786	-9,730	-9,645	-9,549	-0,296	0,011	0,071	0,150	0,143	0,125	0,125	0,118	0,113	0,123	0,143	0,156	0,184	0,192	0,151	0,000	0,000
11,000	-10,109	-10,077	-10,043	-9,928	-9,856	-9,805	-9,778	-9,756	-9,727	-9,703	-9,665	-9,622	-9,561	-9,463	-9,350	-0,096	0,034	0,085	0,164	0,167	0,150	0,152	0,145	0,149	0,159	0,182	0,203	0,222	0,230	0,177	0,000	0,000
12,000	-15,400	-15,529	-15,444	-15,425	-15,365	-15,351	-15,344	-15,341	-15,325	-15,336	-15,312	-15,276	-15,225	-15,118	-14,987	-0,231	-0,041	-0,002	0,061	0,072	0,064	0,062	0,062	0,073	0,085	0,125	0,167	0,203	0,230	0,183	0,000	0,000
13,000	-8,506	-8,585	-8,543	-8,584	-8,561	-8,548	-8,541	-8,519	-8,493	-8,462	-8,408	-8,336	-8,238	-8,081	-7,883	-0,138	-0,054	-0,041	0,011	0,046	0,080	0,107	0,125	0,155	0,199	0,250	0,295	0,346	0,370	0,295	0,000	0,000
14,000	-11,897	-11,739	-11,850	-11,773	-11,766	-11,733	-11,715	-11,720	-11,704	-11,696	-11,672	-11,634	-11,553	-11,411	-11,214	0,026	-0,070	-0,005	0,058	0,063	0,058	0,073	0,068	0,093	0,114	0,171	0,233	0,297	0,332	0,274	0,000	0,000
15,000	-8,949	-9,036	-8,977	-8,958	-8,925	-8,928	-8,913	-8,896	-8,878	-8,870	-8,842	-8,809	-8,766	-8,692	-8,608	-0,152	0,021	0,014	0,051	0,053	0,067	0,071	0,083	0,084	0,098	0,121	0,139	0,157	0,171	0,138	0,000	0,000
	run	9	2022:11:08    11:46:10,503
0,000	-13,043	-13,129	-13,144	-13,228	-13,256	-13,277	-13,290	-13,290	-13,295	-13,303	-13,299	-13,271	-13,228	-13,135	-13,028	-0,146	-0,131	-0,138	-0,105	-0,085	-0,056	-0,036	-0,019	0,005	0,027	0,074	0,115	0,160	0,187	0,150	0,000	0,000
1,000	-16,550	-16,533	-16,424	-16,202	-16,012	-15,887	-15,826	-15,760	-15,692	-15,654	-15,587	-15,536	-15,477	-15,381	-15,276	0,107	0,243	0,315	0,410	0,404	0,370	0,346	0,314	0,282	0,263	0,252	0,256	0,246	0,241	0,173	0,000	0,000
2,000	-10,212	-10,198	-10,154	-10,017	-9,910	-9,835	-9,789	-9,750	-9,697	-9,657	-9,590	-9,516	-9,420	-9,271	-9,103	0,072	0,134	0,171	0,248	0,263	0,248	0,249	0,246	0,250	0,261	0,288	0,320	0,343	0,339	0,262	0,000	0,000
3,000	-20,448	-20,427	-20,337	-20,001	-19,779	-19,641	-19,569	-19,514	-19,461	-19,448	-19,412	-19,373	-19,321	-19,215	-19,088	0,120	0,303	0,384	0,505	0,480	0,395	0,344	0,292	0,254	0,219	0,210	0,225	0,241	0,251	0,190	0,000	0,000
4,000	-10,878	-10,929	-10,849	-10,850	-10,828	-10,821	-10,820	-10,822	-10,813	-10,798	-10,750	-10,686	-10,553	-10,332	-10,049	-0,149	0,005	0,006	0,042	0,056	0,063	0,079	0,095	0,134	0,190	0,278	0,359	0,447	0,497	0,408	0,000	0,000
5,000	-12,437	-12,465	-12,575	-12,627	-12,605	-12,589	-12,585	-12,584	-12,555	-12,558	-12,513	-12,423	-12,296	-12,058	-11,764	-0,137	-0,189	-0,144	-0,021	0,013	0,025	0,070	0,103	0,145	0,192	0,290	0,376	0,465	0,528	0,425	0,000	0,000
6,000	-7,469	-7,254	-7,112	-6,909	-6,806	-6,738	-6,701	-6,670	-6,631	-6,602	-6,565	-6,516	-6,455	-6,363	-6,260	0,662	0,531	0,472	0,371	0,324	0,258	0,240	0,215	0,212	0,197	0,200	0,214	0,226	0,227	0,163	0,000	0,000
7,000	-3,175	-2,899	-2,841	-2,710	-2,664	-2,643	-2,623	-2,619	-2,602	-2,601	-2,594	-2,585	-2,574	-2,546	-2,529	1,334	0,753	0,559	0,309	0,219	0,162	0,135	0,109	0,086	0,069	0,063	0,056	0,057	0,055	0,042	0,000	0,000
8,000	-14,578	-14,263	-14,112	-14,076	-14,047	-14,047	-14,065	-14,083	-14,109	-14,144	-14,171	-14,196	-14,199	-14,183	-14,152	1,811	1,046	0,681	0,295	0,174	0,077	0,043	0,000	-0,032	-0,036	-0,025	-0,018	0,007	0,035	0,041	0,000	0,000
9,000	-10,064	-9,903	-9,812	-9,562	-9,421	-9,297	-9,239	-9,188	-9,139	-9,111	-9,067	-9,017	-8,961	-8,868	-8,772	0,214	0,291	0,343	0,401	0,386	0,337	0,304	0,265	0,245	0,221	0,224	0,228	0,224	0,219	0,160	0,000	0,000
10,000	-10,207	-10,283	-10,169	-10,054	-9,977	-9,944	-9,917	-9,903	-9,872	-9,867	-9,849	-9,809	-9,757	-9,670	-9,575	-0,305	0,004	0,062	0,154	0,138	0,125	0,120	0,116	0,117	0,121	0,137	0,160	0,181	0,192	0,149	0,000	0,000
11,000	-10,072	-10,021	-10,004	-9,880	-9,807	-9,757	-9,725	-9,703	-9,677	-9,658	-9,616	-9,575	-9,514	-9,418	-9,301	-0,094	0,035	0,089	0,161	0,172	0,152	0,153	0,146	0,149	0,157	0,182	0,200	0,223	0,226	0,172	0,000	0,000
12,000	-15,286	-15,405	-15,318	-15,307	-15,245	-15,227	-15,224	-15,215	-15,209	-15,215	-15,197	-15,157	-15,104	-14,996	-14,874	-0,233	-0,045	0,007	0,060	0,066	0,064	0,068	0,068	0,076	0,084	0,122	0,160	0,206	0,230	0,182	0,000	0,000
13,000	-8,452	-8,515	-8,500	-8,528	-8,508	-8,498	-8,484	-8,459	-8,434	-8,400	-8,355	-8,281	-8,183	-8,025	-7,822	-0,115	-0,052	-0,032	0,016	0,053	0,077	0,103	0,123	0,158	0,197	0,249	0,302	0,342	0,366	0,297	0,000	0,000
14,000	-11,866	-11,691	-11,790	-11,720	-11,717	-11,692	-11,665	-11,670	-11,657	-11,656	-11,633	-11,589	-11,510	-11,369	-11,162	-0,001	-0,080	-0,008	0,053	0,059	0,053	0,074	0,069	0,096	0,117	0,166	0,229	0,301	0,339	0,276	0,000	0,000
15,000	-8,932	-9,015	-8,953	-8,939	-8,902	-8,910	-8,892	-8,870	-8,854	-8,844	-8,827	-8,790	-8,748	-8,672	-8,585	-0,134	0,020	0,007	0,051	0,056	0,064	0,068	0,083	0,080	0,095	0,123	0,134	0,155	0,168	0,134	0,000	0,000
	run	10	2022:11:08    11:46:10,603
0,000	-13,064	-13,147	-13,162	-13,243	-13,269	-13,290	-13,304	-13,306	-13,308	-13,321	-13,309	-13,286	-13,244	-13,152	-13,041	-0,160	-0,135	-0,125	-0,100	-0,081	-0,059	-0,038	-0,018	0,004	0,033	0,066	0,120	0,154	0,184	0,151	0,000	0,000
1,000	-16,508	-16,486	-16,404	-16,178	-15,991	-15,864	-15,800	-15,737	-15,669	-15,634	-15,572	-15,519	-15,456	-15,358	-15,245	0,117	0,241	0,301	0,405	0,407	0,360	0,343	0,311	0,291	0,258	0,260	0,253	0,247	0,244	0,178	0,000	0,000
2,000	-10,200	-10,175	-10,139	-9,996	-9,892	-9,818	-9,771	-9,731	-9,674	-9,640	-9,578	-9,497	-9,403	-9,256	-9,091	0,074	0,128	0,173	0,251	0,260	0,243	0,247	0,245	0,252	0,260	0,293	0,323	0,343	0,342	0,256	0,000	0,000
3,000	-20,422	-20,365	-20,297	-19,965	-19,739	-19,601	-19,525	-19,472	-19,418	-19,408	-19,373	-19,335	-19,279	-19,170	-19,046	0,163	0,305	0,385	0,508	0,485	0,393	0,345	0,294	0,257	0,215	0,213	0,225	0,232	0,248	0,187	0,000	0,000
4,000	-10,939	-10,982	-10,902	-10,906	-10,882	-10,874	-10,877	-10,874	-10,863	-10,853	-10,805	-10,736	-10,603	-10,385	-10,098	-0,156	0,005	-0,006	0,047	0,054	0,064	0,080	0,096	0,135	0,195	0,279	0,368	0,448	0,505	0,414	0,000	0,000
5,000	-12,440	-12,443	-12,582	-12,624	-12,605	-12,589	-12,580	-12,582	-12,544	-12,555	-12,501	-12,415	-12,293	-12,053	-11,753	-0,110	-0,195	-0,141	-0,015	0,014	0,033	0,074	0,104	0,148	0,187	0,280	0,381	0,465	0,532	0,427	0,000	0,000
6,000	-7,467	-7,248	-7,114	-6,916	-6,802	-6,740	-6,706	-6,673	-6,633	-6,608	-6,563	-6,516	-6,460	-6,368	-6,270	0,645	0,530	0,454	0,373	0,317	0,258	0,238	0,218	0,205	0,196	0,202	0,211	0,220	0,214	0,160	0,000	0,000
7,000	-3,146	-2,883	-2,813	-2,703	-2,659	-2,633	-2,618	-2,610	-2,595	-2,594	-2,584	-2,569	-2,560	-2,538	-2,514	1,312	0,741	0,543	0,306	0,220	0,157	0,133	0,109	0,086	0,070	0,064	0,061	0,063	0,055	0,043	0,000	0,000
8,000	-14,613	-14,333	-14,170	-14,142	-14,108	-14,100	-14,124	-14,137	-14,164	-14,193	-14,223	-14,241	-14,249	-14,235	-14,199	1,821	1,055	0,687	0,296	0,171	0,076	0,032	-0,005	-0,032	-0,033	-0,027	-0,014	0,002	0,039	0,041	0,000	0,000
9,000	-10,115	-9,970	-9,865	-9,624	-9,478	-9,359	-9,297	-9,253	-9,198	-9,171	-9,118	-9,076	-9,016	-8,929	-8,833	0,193	0,283	0,337	0,399	0,380	0,329	0,302	0,267	0,246	0,223	0,223	0,227	0,223	0,216	0,156	0,000	0,000
10,000	-10,205	-10,274	-10,159	-10,052	-9,971	-9,931	-9,903	-9,890	-9,861	-9,852	-9,832	-9,798	-9,744	-9,662	-9,564	-0,303	0,013	0,065	0,156	0,139	0,124	0,124	0,122	0,116	0,124	0,135	0,157	0,178	0,192	0,145	0,000	0,000
11,000	-10,087	-10,044	-10,022	-9,898	-9,821	-9,770	-9,740	-9,723	-9,691	-9,673	-9,635	-9,593	-9,530	-9,430	-9,317	-0,090	0,032	0,098	0,171	0,170	0,153	0,153	0,143	0,150	0,159	0,181	0,203	0,218	0,232	0,177	0,000	0,000
12,000	-15,321	-15,458	-15,365	-15,350	-15,281	-15,276	-15,275	-15,258	-15,248	-15,261	-15,238	-15,203	-15,151	-15,042	-14,913	-0,233	-0,037	-0,002	0,061	0,076	0,061	0,066	0,068	0,070	0,081	0,124	0,164	0,204	0,228	0,179	0,000	0,000
13,000	-8,503	-8,551	-8,539	-8,564	-8,549	-8,535	-8,520	-8,501	-8,476	-8,446	-8,384	-8,317	-8,218	-8,060	-7,849	-0,111	-0,049	-0,034	0,018	0,053	0,082	0,109	0,127	0,159	0,199	0,253	0,305	0,350	0,375	0,299	0,000	0,000
14,000	-11,936	-11,800	-11,891	-11,822	-11,818	-11,783	-11,768	-11,763	-11,754	-11,749	-11,729	-11,696	-11,599	-11,455	-11,257	0,021	-0,088	-0,006	0,058	0,058	0,057	0,073	0,073	0,096	0,121	0,166	0,231	0,295	0,339	0,277	0,000	0,000
15,000	-8,970	-9,058	-9,001	-8,981	-8,947	-8,949	-8,933	-8,915	-8,901	-8,892	-8,867	-8,832	-8,786	-8,718	-8,629	-0,139	0,020	0,013	0,055	0,049	0,065	0,069	0,082	0,082	0,099	0,118	0,135	0,160	0,167	0,134	0,000	0,000
	run	11	2022:11:08    11:46:10,703
0,000	-13,112	-13,205	-13,221	-13,308	-13,338	-13,356	-13,368	-13,374	-13,377	-13,384	-13,375	-13,354	-13,307	-13,211	-13,106	-0,163	-0,141	-0,129	-0,102	-0,083	-0,056	-0,032	-0,015	0,002	0,030	0,075	0,118	0,154	0,189	0,152	0,000	0,000
1,000	-16,578	-16,538	-16,446	-16,212	-16,036	-15,910	-15,833	-15,769	-15,707	-15,672	-15,606	-15,553	-15,497	-15,402	-15,293	0,091	0,248	0,304	0,406	0,415	0,367	0,344	0,306	0,290	0,264	0,246	0,255	0,246	0,244	0,177	0,000	0,000
2,000	-10,194	-10,181	-10,137	-10,010	-9,901	-9,827	-9,783	-9,742	-9,690	-9,656	-9,589	-9,514	-9,414	-9,262	-9,098	0,074	0,137	0,177	0,251	0,260	0,245	0,253	0,244	0,256	0,257	0,286	0,323	0,344	0,345	0,259	0,000	0,000
3,000	-20,407	-20,361	-20,274	-19,941	-19,728	-19,587	-19,522	-19,457	-19,411	-19,399	-19,363	-19,322	-19,271	-19,161	-19,036	0,125	0,298	0,378	0,508	0,475	0,387	0,345	0,293	0,252	0,214	0,211	0,227	0,238	0,249	0,184	0,000	0,000
4,000	-10,879	-10,925	-10,850	-10,834	-10,810	-10,814	-10,805	-10,809	-10,799	-10,776	-10,740	-10,671	-10,536	-10,319	-10,033	-0,151	0,010	0,004	0,042	0,054	0,063	0,080	0,092	0,135	0,194	0,274	0,366	0,451	0,501	0,414	0,000	0,000
5,000	-12,384	-12,410	-12,527	-12,569	-12,555	-12,536	-12,535	-12,531	-12,499	-12,506	-12,458	-12,371	-12,245	-12,004	-11,712	-0,126	-0,191	-0,141	-0,025	0,023	0,032	0,073	0,107	0,147	0,185	0,281	0,373	0,471	0,522	0,423	0,000	0,000
6,000	-7,457	-7,223	-7,094	-6,893	-6,785	-6,716	-6,682	-6,648	-6,613	-6,587	-6,542	-6,497	-6,436	-6,345	-6,241	0,654	0,534	0,459	0,368	0,314	0,265	0,241	0,218	0,205	0,197	0,204	0,213	0,221	0,215	0,164	0,000	0,000
7,000	-3,135	-2,869	-2,813	-2,699	-2,655	-2,626	-2,609	-2,604	-2,588	-2,587	-2,574	-2,569	-2,555	-2,535	-2,509	1,306	0,730	0,540	0,304	0,226	0,151	0,127	0,101	0,085	0,072	0,066	0,061	0,057	0,057	0,038	0,000	0,000
8,000	-14,519	-14,220	-14,070	-14,038	-14,010	-14,012	-14,023	-14,048	-14,067	-14,097	-14,126	-14,146	-14,153	-14,140	-14,110	1,812	1,038	0,683	0,291	0,166	0,076	0,036	-0,004	-0,031	-0,033	-0,024	-0,014	0,009	0,036	0,037	0,000	0,000
9,000	-10,106	-9,946	-9,861	-9,627	-9,471	-9,362	-9,294	-9,245	-9,199	-9,164	-9,122	-9,069	-9,012	-8,921	-8,832	0,206	0,267	0,325	0,387	0,377	0,326	0,302	0,267	0,245	0,224	0,221	0,222	0,222	0,217	0,156	0,000	0,000
10,000	-10,163	-10,234	-10,140	-10,021	-9,941	-9,905	-9,879	-9,865	-9,834	-9,832	-9,810	-9,773	-9,716	-9,636	-9,536	-0,307	0,004	0,061	0,146	0,136	0,125	0,120	0,116	0,117	0,121	0,138	0,161	0,183	0,191	0,148	0,000	0,000
11,000	-10,098	-10,052	-10,031	-9,917	-9,837	-9,787	-9,757	-9,738	-9,709	-9,689	-9,651	-9,606	-9,547	-9,449	-9,330	-0,089	0,025	0,086	0,166	0,165	0,149	0,152	0,143	0,147	0,158	0,181	0,203	0,217	0,231	0,174	0,000	0,000
12,000	-15,384	-15,514	-15,428	-15,407	-15,347	-15,335	-15,329	-15,319	-15,306	-15,321	-15,293	-15,262	-15,209	-15,098	-14,974	-0,235	-0,040	0,005	0,057	0,072	0,061	0,069	0,068	0,073	0,081	0,120	0,169	0,202	0,233	0,187	0,000	0,000
13,000	-8,490	-8,551	-8,528	-8,559	-8,546	-8,529	-8,516	-8,493	-8,472	-8,437	-8,385	-8,315	-8,212	-8,053	-7,851	-0,112	-0,053	-0,032	0,015	0,052	0,084	0,107	0,128	0,164	0,199	0,247	0,301	0,346	0,371	0,298	0,000	0,000
14,000	-11,919	-11,786	-11,876	-11,827	-11,812	-11,775	-11,759	-11,762	-11,749	-11,746	-11,728	-11,683	-11,593	-11,457	-11,253	0,023	-0,079	-0,000	0,059	0,056	0,055	0,063	0,074	0,093	0,122	0,176	0,233	0,304	0,339	0,281	0,000	0,000
15,000	-8,962	-9,046	-8,984	-8,972	-8,939	-8,936	-8,922	-8,906	-8,884	-8,875	-8,858	-8,823	-8,780	-8,703	-8,612	-0,138	0,019	0,014	0,053	0,055	0,062	0,063	0,086	0,079	0,097	0,122	0,136	0,162	0,172	0,138	0,000	0,000
	run	12	2022:11:08    11:46:10,751
0,000	-13,113	-13,191	-13,207	-13,294	-13,319	-13,346	-13,356	-13,362	-13,368	-13,380	-13,361	-13,337	-13,294	-13,206	-13,091	-0,167	-0,127	-0,129	-0,107	-0,083	-0,060	-0,033	-0,023	0,005	0,029	0,070	0,116	0,158	0,182	0,152	0,000	0,000
1,000	-16,628	-16,590	-16,503	-16,268	-16,091	-15,965	-15,891	-15,824	-15,760	-15,729	-15,664	-15,609	-15,552	-15,448	-15,340	0,107	0,250	0,314	0,419	0,418	0,364	0,345	0,314	0,288	0,261	0,256	0,253	0,249	0,239	0,179	0,000	0,000
2,000	-10,194	-10,181	-10,137	-10,010	-9,901	-9,827	-9,783	-9,742	-9,690	-9,656	-9,589	-9,514	-9,414	-9,262	-9,098	0,074	0,137	0,177	0,251	0,260	0,245	0,253	0,244	0,256	0,257	0,286	0,323	0,344	0,345	0,259	0,000	0,000
3,000	-20,407	-20,361	-20,274	-19,941	-19,728	-19,587	-19,522	-19,457	-19,411	-19,399	-19,363	-19,322	-19,271	-19,161	-19,036	0,125	0,298	0,378	0,508	0,475	0,387	0,345	0,293	0,252	0,214	0,211	0,227	0,238	0,249	0,184	0,000	0,000
4,000	-10,879	-10,925	-10,850	-10,834	-10,810	-10,814	-10,805	-10,809	-10,799	-10,776	-10,740	-10,671	-10,536	-10,319	-10,033	-0,151	0,010	0,004	0,042	0,054	0,063	0,080	0,092	0,135	0,194	0,274	0,366	0,451	0,501	0,414	0,000	0,000
5,000	-12,384	-12,410	-12,527	-12,569	-12,555	-12,536	-12,535	-12,531	-12,499	-12,506	-12,458	-12,371	-12,245	-12,004	-11,712	-0,126	-0,191	-0,141	-0,025	0,023	0,032	0,073	0,107	0,147	0,185	0,281	0,373	0,471	0,522	0,423	0,000	0,000
6,000	-7,457	-7,223	-7,094	-6,893	-6,785	-6,716	-6,682	-6,648	-6,613	-6,587	-6,542	-6,497	-6,436	-6,345	-6,241	0,654	0,534	0,459	0,368	0,314	0,265	0,241	0,218	0,205	0,197	0,204	0,213	0,221	0,215	0,164	0,000	0,000
7,000	-3,135	-2,869	-2,813	-2,699	-2,655	-2,626	-2,609	-2,604	-2,588	-2,587	-2,574	-2,569	-2,555	-2,535	-2,509	1,306	0,730	0,540	0,304	0,226	0,151	0,127	0,101	0,085	0,072	0,066	0,061	0,057	0,057	0,038	0,000	0,000
8,000	-14,555	-14,239	-14,094	-14,047	-14,019	-14,022	-14,035	-14,056	-14,083	-14,103	-14,132	-14,151	-14,163	-14,151	-14,116	1,821	1,064	0,698	0,298	0,179	0,080	0,036	0,005	-0,027	-0,034	-0,021	-0,016	0,002	0,034	0,036	0,000	0,000
9,000	-10,024	-9,873	-9,784	-9,552	-9,399	-9,290	-9,227	-9,177	-9,127	-9,095	-9,053	-9,005	-8,944	-8,857	-8,759	0,197	0,284	0,328	0,389	0,375	0,324	0,299	0,265	0,242	0,218	0,218	0,224	0,218	0,217	0,162	0,000	0,000
10,000	-10,173	-10,244	-10,142	-10,023	-9,940	-9,909	-9,883	-9,867	-9,843	-9,837	-9,811	-9,778	-9,722	-9,645	-9,546	-0,298	0,008	0,061	0,155	0,139	0,127	0,119	0,113	0,115	0,123	0,137	0,157	0,180	0,186	0,149	0,000	0,000
11,000	-10,102	-10,062	-10,035	-9,920	-9,840	-9,795	-9,758	-9,742	-9,712	-9,694	-9,653	-9,610	-9,554	-9,449	-9,334	-0,093	0,024	0,090	0,168	0,169	0,155	0,156	0,147	0,148	0,152	0,181	0,204	0,222	0,229	0,175	0,000	0,000
12,000	-15,349	-15,478	-15,390	-15,372	-15,310	-15,296	-15,289	-15,280	-15,268	-15,279	-15,256	-15,217	-15,168	-15,056	-14,929	-0,226	-0,042	0,001	0,060	0,071	0,068	0,065	0,066	0,074	0,087	0,122	0,166	0,204	0,230	0,184	0,000	0,000
13,000	-8,539	-8,594	-8,576	-8,604	-8,586	-8,573	-8,559	-8,535	-8,510	-8,485	-8,429	-8,356	-8,251	-8,099	-7,889	-0,120	-0,051	-0,031	0,016	0,051	0,081	0,106	0,130	0,161	0,199	0,252	0,304	0,351	0,373	0,299	0,000	0,000
14,000	-11,969	-11,822	-11,910	-11,847	-11,839	-11,806	-11,790	-11,796	-11,775	-11,768	-11,754	-11,711	-11,624	-11,474	-11,277	0,017	-0,073	-0,007	0,064	0,065	0,060	0,074	0,076	0,097	0,120	0,177	0,240	0,308	0,336	0,279	0,000	0,000
15,000	-9,021	-9,094	-9,037	-9,026	-8,986	-8,988	-8,977	-8,956	-8,937	-8,928	-8,906	-8,879	-8,827	-8,752	-8,665	-0,145	0,023	0,011	0,054	0,054	0,057	0,067	0,082	0,086	0,096	0,117	0,138	0,158	0,168	0,137	0,000	0,000
	run	13	2022:11:08    11:46:10,851
0,000	-13,052	-13,113	-13,112	-13,215	-13,235	-13,259	-13,268	-13,276	-13,279	-13,288	-13,276	-13,250	-13,203	-13,115	-13,004	-0,164	-0,127	-0,133	-0,100	-0,084	-0,053	-0,032	-0,016	0,007	0,034	0,070	0,117	0,155	0,188	0,149	0,000	0,000
1,000	-16,465	-16,444	-16,360	-16,134	-15,952	-15,828	-15,758	-15,696	-15,633	-15,594	-15,541	-15,481	-15,421	-15,321	-15,212	0,108	0,234	0,294	0,403	0,410	0,368	0,340	0,311	0,288	0,259	0,251	0,252	0,244	0,240	0,171	0,000	0,000
2,000	-10,161	-10,145	-10,108	-9,971	-9,860	-9,786	-9,741	-9,702	-9,647	-9,616	-9,547	-9,471	-9,377	-9,226	-9,061	0,065	0,127	0,178	0,256	0,260	0,245	0,247	0,245	0,254	0,257	0,291	0,315	0,338	0,344	0,256	0,000	0,000
3,000	-20,416	-20,375	-20,286	-19,952	-19,735	-19,595	-19,526	-19,467	-19,413	-19,406	-19,367	-19,329	-19,280	-19,167	-19,043	0,158	0,309	0,390	0,504	0,474	0,392	0,345	0,293	0,256	0,214	0,209	0,225	0,235	0,249	0,182	0,000	0,000
4,000	-10,918	-10,952	-10,876	-10,868	-10,846	-10,843	-10,845	-10,839	-10,836	-10,814	-10,771	-10,700	-10,565	-10,345	-10,053	-0,145	0,006	0,006	0,040	0,052	0,063	0,079	0,100	0,138	0,195	0,275	0,368	0,457	0,505	0,416	0,000	0,000
5,000	-12,501	-12,534	-12,639	-12,692	-12,671	-12,657	-12,651	-12,653	-12,626	-12,628	-12,576	-12,487	-12,364	-12,122	-11,821	-0,137	-0,187	-0,152	-0,025	0,015	0,037	0,073	0,103	0,142	0,189	0,283	0,380	0,468	0,530	0,427	0,000	0,000
6,000	-7,380	-7,153	-7,024	-6,835	-6,723	-6,659	-6,623	-6,587	-6,555	-6,527	-6,483	-6,439	-6,380	-6,292	-6,188	0,636	0,522	0,447	0,363	0,306	0,252	0,239	0,213	0,206	0,198	0,201	0,216	0,215	0,220	0,160	0,000	0,000
7,000	-3,154	-2,870	-2,796	-2,693	-2,643	-2,617	-2,602	-2,598	-2,584	-2,582	-2,570	-2,563	-2,548	-2,532	-2,509	1,321	0,746	0,540	0,306	0,217	0,149	0,129	0,102	0,085	0,070	0,062	0,062	0,052	0,056	0,037	0,000	0,000
8,000	-14,467	-14,149	-14,007	-13,970	-13,940	-13,941	-13,958	-13,977	-14,002	-14,030	-14,057	-14,080	-14,088	-14,068	-14,036	1,810	1,051	0,692	0,290	0,172	0,077	0,036	-0,001	-0,026	-0,032	-0,026	-0,013	0,011	0,038	0,039	0,000	0,000
9,000	-10,073	-9,933	-9,839	-9,604	-9,456	-9,343	-9,282	-9,228	-9,181	-9,149	-9,105	-9,060	-8,998	-8,913	-8,815	0,207	0,283	0,335	0,387	0,371	0,336	0,302	0,266	0,242	0,219	0,223	0,223	0,220	0,213	0,157	0,000	0,000
10,000	-10,213	-10,255	-10,157	-10,038	-9,959	-9,924	-9,898	-9,881	-9,854	-9,848	-9,823	-9,789	-9,733	-9,652	-9,556	-0,306	0,016	0,060	0,155	0,140	0,129	0,123	0,116	0,116	0,123	0,136	0,156	0,187	0,185	0,148	0,000	0,000
11,000	-10,097	-10,060	-10,038	-9,915	-9,833	-9,792	-9,758	-9,738	-9,708	-9,691	-9,649	-9,610	-9,545	-9,446	-9,334	-0,089	0,029	0,088	0,164	0,168	0,149	0,151	0,146	0,149	0,156	0,178	0,203	0,218	0,228	0,176	0,000	0,000
12,000	-15,414	-15,545	-15,456	-15,433	-15,374	-15,361	-15,351	-15,342	-15,329	-15,346	-15,318	-15,289	-15,235	-15,124	-14,997	-0,221	-0,034	-0,000	0,061	0,074	0,067	0,067	0,072	0,076	0,086	0,122	0,169	0,207	0,232	0,181	0,000	0,000
13,000	-8,485	-8,557	-8,534	-8,563	-8,546	-8,532	-8,524	-8,500	-8,480	-8,445	-8,397	-8,316	-8,217	-8,058	-7,858	-0,120	-0,059	-0,040	0,020	0,050	0,081	0,103	0,131	0,160	0,203	0,247	0,304	0,345	0,371	0,294	0,000	0,000
14,000	-11,928	-11,754	-11,870	-11,795	-11,795	-11,758	-11,741	-11,743	-11,734	-11,725	-11,708	-11,668	-11,576	-11,435	-11,235	0,026	-0,070	-0,001	0,050	0,065	0,060	0,074	0,075	0,095	0,118	0,165	0,233	0,299	0,338	0,278	0,000	0,000
15,000	-8,934	-9,029	-8,960	-8,951	-8,914	-8,911	-8,903	-8,881	-8,862	-8,854	-8,838	-8,803	-8,757	-8,685	-8,591	-0,130	0,023	0,003	0,053	0,053	0,061	0,063	0,083	0,086	0,094	0,119	0,134	0,160	0,168	0,135	0,000	0,000
	run	14	2022:11:08    11:46:10,904
0,000	-13,052	-13,113	-13,112	-13,215	-13,235	-13,259	-13,268	-13,276	-13,279	-13,288	-13,276	-13,250	-13,203	-13,115	-13,004	-0,164	-0,127	-0,133	-0,100	-0,084	-0,053	-0,032	-0,016	0,007	0,034	0,070	0,117	0,155	0,188	0,149	0,000	0,000
1,000	-16,465	-16,444	-16,360	-16,134	-15,952	-15,828	-15,758	-15,696	-15,633	-15,594	-15,541	-15,481	-15,421	-15,321	-15,212	0,108	0,234	0,294	0,403	0,410	0,368	0,340	0,311	0,288	0,259	0,251	0,252	0,244	0,240	0,171	0,000	0,000
2,000	-10,161	-10,145	-10,108	-9,971	-9,860	-9,786	-9,741	-9,702	-9,647	-9,616	-9,547	-9,471	-9,377	-9,226	-9,061	0,065	0,127	0,178	0,256	0,260	0,245	0,247	0,245	0,254	0,257	0,291	0,315	0,338	0,344	0,256	0,000	0,000
3,000	-20,416	-20,375	-20,286	-19,952	-19,735	-19,595	-19,526	-19,467	-19,413	-19,406	-19,367	-19,329	-19,280	-19,167	-19,043	0,158	0,309	0,390	0,504	0,474	0,392	0,345	0,293	0,256	0,214	0,209	0,225	0,235	0,249	0,182	0,000	0,000
4,000	-10,918	-10,952	-10,876	-10,868	-10,846	-10,843	-10,845	-10,839	-10,836	-10,814	-10,771	-10,700	-10,565	-10,345	-10,053	-0,145	0,006	0,006	0,040	0,052	0,063	0,079	0,100	0,138	0,195	0,275	0,368	0,457	0,505	0,416	0,000	0,000
5,000	-12,501	-12,534	-12,639	-12,692	-12,671	-12,657	-12,651	-12,653	-12,626	-12,628	-12,576	-12,487	-12,364	-12,122	-11,821	-0,137	-0,187	-0,152	-0,025	0,015	0,037	0,073	0,103	0,142	0,189	0,283	0,380	0,468	0,530	0,427	0,000	0,000
6,000	-7,522	-7,293	-7,145	-6,953	-6,842	-6,773	-6,736	-6,704	-6,665	-6,643	-6,601	-6,552	-6,490	-6,399	-6,290	0,664	0,535	0,463	0,375	0,316	0,264	0,244	0,220	0,206	0,202	0,204	0,216	0,225	0,222	0,163	0,000	0,000
7,000	-3,194	-2,916	-2,842	-2,729	-2,688	-2,657	-2,636	-2,638	-2,617	-2,611	-2,609	-2,603	-2,583	-2,563	-2,538	1,332	0,760	0,560	0,314	0,227	0,155	0,128	0,104	0,087	0,075	0,064	0,059	0,062	0,060	0,041	0,000	0,000
8,000	-14,728	-14,418	-14,262	-14,241	-14,214	-14,209	-14,222	-14,245	-14,274	-14,297	-14,331	-14,355	-14,357	-14,344	-14,311	1,810	1,048	0,670	0,287	0,164	0,077	0,034	0,002	-0,029	-0,033	-0,028	-0,016	0,003	0,030	0,039	0,000	0,000
9,000	-10,199	-10,046	-9,946	-9,694	-9,536	-9,422	-9,360	-9,313	-9,263	-9,235	-9,186	-9,138	-9,074	-8,987	-8,887	0,230	0,296	0,354	0,410	0,394	0,334	0,305	0,275	0,245	0,224	0,220	0,233	0,223	0,219	0,160	0,000	0,000
10,000	-10,279	-10,327	-10,218	-10,105	-10,021	-9,987	-9,961	-9,943	-9,918	-9,910	-9,884	-9,853	-9,795	-9,716	-9,616	-0,305	0,018	0,073	0,158	0,142	0,129	0,123	0,117	0,118	0,124	0,143	0,160	0,183	0,194	0,151	0,000	0,000
11,000	-10,114	-10,075	-10,049	-9,918	-9,845	-9,792	-9,761	-9,742	-9,713	-9,688	-9,650	-9,610	-9,551	-9,452	-9,333	-0,082	0,033	0,086	0,156	0,172	0,152	0,153	0,142	0,149	0,157	0,179	0,201	0,221	0,227	0,172	0,000	0,000
12,000	-15,241	-15,369	-15,290	-15,272	-15,210	-15,199	-15,193	-15,177	-15,172	-15,187	-15,159	-15,123	-15,071	-14,965	-14,838	-0,242	-0,035	0,003	0,058	0,071	0,061	0,060	0,064	0,072	0,087	0,123	0,167	0,203	0,232	0,184	0,000	0,000
13,000	-8,410	-8,473	-8,454	-8,481	-8,464	-8,453	-8,437	-8,419	-8,392	-8,363	-8,307	-8,241	-8,140	-7,981	-7,780	-0,112	-0,055	-0,035	0,014	0,045	0,084	0,106	0,127	0,160	0,191	0,249	0,296	0,344	0,369	0,296	0,000	0,000
14,000	-11,719	-11,579	-11,679	-11,612	-11,606	-11,575	-11,559	-11,550	-11,544	-11,536	-11,513	-11,483	-11,399	-11,254	-11,060	0,023	-0,086	-0,008	0,054	0,059	0,058	0,070	0,072	0,094	0,114	0,169	0,232	0,291	0,330	0,271	0,000	0,000
15,000	-8,841	-8,924	-8,859	-8,849	-8,813	-8,812	-8,802	-8,787	-8,764	-8,757	-8,738	-8,704	-8,660	-8,581	-8,502	-0,144	0,026	0,004	0,051	0,057	0,058	0,065	0,085	0,084	0,095	0,115	0,133	0,154	0,168	0,134	0,000	0,000
	run	15	2022:11:08    11:46:11,003
0,000	-12,907	-12,979	-13,005	-13,086	-13,112	-13,130	-13,144	-13,149	-13,151	-13,160	-13,151	-13,125	-13,085	-12,992	-12,888	-0,155	-0,129	-0,123	-0,091	-0,080	-0,055	-0,029	-0,016	0,004	0,027	0,067	0,112	0,154	0,180	0,143	0,000	0,000
1,000	-16,400	-16,380	-16,289	-16,071	-15,898	-15,780	-15,706	-15,644	-15,586	-15,548	-15,484	-15,431	-15,369	-15,268	-15,164	0,081	0,232	0,281	0,393	0,402	0,353	0,335	0,308	0,285	0,259	0,251	0,247	0,245	0,239	0,176	0,000	0,000
2,000	-10,126	-10,114	-10,070	-9,937	-9,826	-9,754	-9,704	-9,666	-9,618	-9,579	-9,513	-9,440	-9,345	-9,196	-9,036	0,065	0,130	0,181	0,253	0,268	0,245	0,249	0,246	0,249	0,256	0,289	0,316	0,338	0,343	0,259	0,000	0,000
3,000	-20,415	-20,382	-20,300	-19,971	-19,743	-19,610	-19,534	-19,477	-19,424	-19,411	-19,371	-19,340	-19,285	-19,174	-19,051	0,145	0,307	0,385	0,497	0,477	0,393	0,341	0,297	0,257	0,214	0,212	0,226	0,237	0,247	0,186	0,000	0,000
4,000	-11,011	-11,042	-10,964	-10,961	-10,936	-10,933	-10,932	-10,935	-10,924	-10,901	-10,862	-10,788	-10,653	-10,429	-10,136	-0,143	0,007	-0,003	0,039	0,051	0,062	0,080	0,101	0,137	0,195	0,280	0,365	0,458	0,512	0,419	0,000	0,000
5,000	-12,569	-12,586	-12,708	-12,753	-12,735	-12,721	-12,706	-12,710	-12,678	-12,688	-12,623	-12,541	-12,421	-12,172	-11,863	-0,141	-0,196	-0,141	-0,021	0,013	0,031	0,080	0,110	0,145	0,190	0,281	0,383	0,478	0,537	0,437	0,000	0,000
6,000	-7,577	-7,334	-7,194	-7,000	-6,883	-6,823	-6,786	-6,750	-6,712	-6,683	-6,638	-6,595	-6,529	-6,441	-6,336	0,659	0,550	0,469	0,374	0,319	0,266	0,242	0,223	0,212	0,192	0,206	0,221	0,226	0,226	0,168	0,000	0,000
7,000	-3,214	-2,918	-2,859	-2,727	-2,681	-2,655	-2,638	-2,632	-2,620	-2,616	-2,605	-2,595	-2,583	-2,561	-2,535	1,352	0,761	0,575	0,324	0,233	0,163	0,130	0,111	0,091	0,070	0,067	0,061	0,062	0,056	0,042	0,000	0,000
8,000	-14,816	-14,519	-14,364	-14,330	-14,296	-14,313	-14,327	-14,345	-14,367	-14,397	-14,419	-14,447	-14,454	-14,438	-14,409	1,831	1,068	0,700	0,297	0,176	0,080	0,034	-0,002	-0,028	-0,038	-0,025	-0,013	0,006	0,032	0,042	0,000	0,000
9,000	-10,210	-10,026	-9,929	-9,665	-9,511	-9,400	-9,339	-9,292	-9,239	-9,200	-9,163	-9,117	-9,057	-8,966	-8,865	0,227	0,321	0,358	0,422	0,390	0,336	0,308	0,271	0,248	0,227	0,220	0,225	0,222	0,218	0,161	0,000	0,000
10,000	-10,251	-10,313	-10,205	-10,087	-10,003	-9,968	-9,947	-9,927	-9,905	-9,899	-9,868	-9,841	-9,782	-9,701	-9,607	-0,297	0,014	0,073	0,157	0,148	0,129	0,123	0,118	0,116	0,129	0,141	0,157	0,185	0,190	0,151	0,000	0,000
11,000	-10,073	-10,026	-9,997	-9,880	-9,802	-9,750	-9,716	-9,699	-9,669	-9,650	-9,613	-9,568	-9,505	-9,408	-9,290	-0,098	0,037	0,096	0,166	0,176	0,153	0,156	0,147	0,149	0,156	0,182	0,204	0,221	0,234	0,178	0,000	0,000
12,000	-15,319	-15,450	-15,362	-15,342	-15,283	-15,265	-15,261	-15,255	-15,239	-15,253	-15,228	-15,195	-15,144	-15,036	-14,904	-0,229	-0,047	-0,005	0,062	0,067	0,057	0,060	0,068	0,072	0,086	0,118	0,166	0,203	0,232	0,179	0,000	0,000
13,000	-8,492	-8,544	-8,523	-8,552	-8,539	-8,526	-8,511	-8,489	-8,466	-8,432	-8,381	-8,309	-8,207	-8,052	-7,852	-0,117	-0,059	-0,036	0,016	0,054	0,082	0,107	0,128	0,162	0,197	0,245	0,299	0,348	0,370	0,300	0,000	0,000
14,000	-11,841	-11,692	-11,820	-11,736	-11,732	-11,698	-11,672	-11,680	-11,663	-11,662	-11,651	-11,600	-11,517	-11,373	-11,182	0,014	-0,083	-0,007	0,054	0,057	0,052	0,071	0,080	0,092	0,117	0,163	0,229	0,297	0,336	0,271	0,000	0,000
15,000	-8,883	-8,970	-8,918	-8,893	-8,860	-8,858	-8,846	-8,831	-8,815	-8,808	-8,780	-8,747	-8,699	-8,635	-8,544	-0,148	0,016	0,006	0,047	0,050	0,064	0,071	0,079	0,079	0,099	0,115	0,134	0,156	0,166	0,133	0,000	0,000
	run	16	2022:11:08    11:46:11,103
0,000	-13,050	-13,113	-13,133	-13,226	-13,246	-13,269	-13,280	-13,289	-13,281	-13,299	-13,286	-13,260	-13,217	-13,126	-13,019	-0,157	-0,134	-0,135	-0,106	-0,084	-0,057	-0,032	-0,016	0,003	0,029	0,071	0,123	0,161	0,184	0,149	0,000	0,000
1,000	-16,494	-16,467	-16,374	-16,144	-15,961	-15,835	-15,763	-15,707	-15,642	-15,609	-15,544	-15,489	-15,435	-15,334	-15,223	0,104	0,246	0,305	0,405	0,414	0,369	0,345	0,311	0,287	0,259	0,253	0,250	0,246	0,241	0,180	0,000	0,000
2,000	-10,199	-10,185	-10,155	-10,021	-9,903	-9,837	-9,785	-9,748	-9,691	-9,667	-9,597	-9,518	-9,421	-9,265	-9,102	0,068	0,131	0,172	0,254	0,258	0,246	0,254	0,248	0,253	0,264	0,288	0,322	0,341	0,340	0,257	0,000	0,000
3,000	-20,380	-20,318	-20,236	-19,898	-19,688	-19,551	-19,481	-19,424	-19,376	-19,362	-19,327	-19,293	-19,237	-19,126	-19,009	0,162	0,305	0,391	0,503	0,470	0,388	0,341	0,290	0,254	0,214	0,207	0,224	0,230	0,243	0,183	0,000	0,000
4,000	-10,837	-10,871	-10,790	-10,796	-10,763	-10,764	-10,763	-10,767	-10,758	-10,729	-10,692	-10,621	-10,489	-10,270	-9,978	-0,152	0,013	-0,004	0,049	0,051	0,062	0,081	0,097	0,134	0,190	0,270	0,365	0,446	0,504	0,413	0,000	0,000
5,000	-12,370	-12,389	-12,508	-12,546	-12,525	-12,518	-12,509	-12,505	-12,474	-12,476	-12,427	-12,347	-12,224	-11,986	-11,693	-0,138	-0,198	-0,147	-0,018	0,021	0,033	0,074	0,105	0,142	0,183	0,281	0,374	0,462	0,524	0,422	0,000	0,000
6,000	-7,433	-7,193	-7,069	-6,870	-6,767	-6,702	-6,665	-6,625	-6,591	-6,564	-6,524	-6,473	-6,418	-6,322	-6,223	0,650	0,527	0,455	0,365	0,311	0,257	0,239	0,217	0,206	0,197	0,201	0,214	0,222	0,218	0,163	0,000	0,000
7,000	-3,165	-2,887	-2,829	-2,709	-2,660	-2,635	-2,620	-2,608	-2,598	-2,596	-2,588	-2,577	-2,566	-2,541	-2,520	1,345	0,749	0,561	0,315	0,223	0,160	0,129	0,106	0,087	0,069	0,060	0,060	0,058	0,058	0,038	0,000	0,000
8,000	-14,676	-14,371	-14,214	-14,177	-14,145	-14,151	-14,163	-14,181	-14,210	-14,243	-14,262	-14,290	-14,297	-14,282	-14,254	1,828	1,059	0,696	0,295	0,175	0,081	0,035	-0,000	-0,038	-0,036	-0,027	-0,016	0,003	0,034	0,039	0,000	0,000
9,000	-10,154	-9,997	-9,892	-9,635	-9,490	-9,374	-9,310	-9,266	-9,215	-9,184	-9,133	-9,087	-9,022	-8,939	-8,835	0,204	0,289	0,355	0,410	0,384	0,338	0,307	0,265	0,250	0,229	0,223	0,221	0,225	0,219	0,162	0,000	0,000
10,000	-10,265	-10,320	-10,214	-10,096	-10,013	-9,976	-9,953	-9,937	-9,909	-9,907	-9,875	-9,846	-9,789	-9,708	-9,611	-0,309	0,011	0,074	0,159	0,147	0,133	0,124	0,114	0,119	0,122	0,141	0,163	0,184	0,190	0,152	0,000	0,000
11,000	-10,133	-10,087	-10,057	-9,932	-9,857	-9,802	-9,778	-9,753	-9,721	-9,702	-9,664	-9,622	-9,562	-9,463	-9,344	-0,092	0,037	0,083	0,165	0,171	0,151	0,153	0,146	0,151	0,154	0,178	0,207	0,219	0,231	0,176	0,000	0,000
12,000	-15,461	-15,597	-15,511	-15,494	-15,427	-15,411	-15,408	-15,397	-15,386	-15,399	-15,370	-15,346	-15,286	-15,176	-15,047	-0,243	-0,042	0,001	0,067	0,073	0,063	0,064	0,068	0,075	0,086	0,130	0,169	0,210	0,234	0,187	0,000	0,000
13,000	-8,484	-8,549	-8,533	-8,549	-8,535	-8,526	-8,510	-8,491	-8,463	-8,425	-8,378	-8,307	-8,207	-8,045	-7,846	-0,109	-0,052	-0,040	0,015	0,053	0,084	0,104	0,130	0,156	0,192	0,253	0,302	0,353	0,378	0,294	0,000	0,000
14,000	-11,859	-11,687	-11,808	-11,728	-11,721	-11,690	-11,671	-11,676	-11,658	-11,646	-11,634	-11,592	-11,499	-11,366	-11,162	-0,007	-0,077	0,003	0,056	0,058	0,055	0,078	0,071	0,087	0,111	0,173	0,229	0,299	0,337	0,274	0,000	0,000
15,000	-8,925	-9,016	-8,944	-8,939	-8,898	-8,900	-8,886	-8,873	-8,853	-8,842	-8,821	-8,789	-8,740	-8,670	-8,581	-0,145	0,025	0,000	0,053	0,050	0,056	0,065	0,084	0,082	0,093	0,122	0,134	0,157	0,169	0,133	0,000	0,000
	run	17	2022:11:08    11:46:11,151
0,000	-13,106	-13,186	-13,220	-13,295	-13,315	-13,342	-13,354	-13,359	-13,358	-13,370	-13,358	-13,339	-13,292	-13,201	-13,093	-0,165	-0,136	-0,126	-0,101	-0,086	-0,066	-0,035	-0,016	0,005	0,026	0,070	0,114	0,157	0,182	0,149	0,000	0,000
1,000	-16,534	-16,509	-16,424	-16,199	-16,010	-15,888	-15,821	-15,758	-15,689	-15,658	-15,598	-15,543	-15,482	-15,381	-15,277	0,112	0,242	0,299	0,404	0,405	0,365	0,344	0,307	0,292	0,263	0,250	0,255	0,247	0,238	0,174	0,000	0,000
2,000	-10,199	-10,185	-10,155	-10,021	-9,903	-9,837	-9,785	-9,748	-9,691	-9,667	-9,597	-9,518	-9,421	-9,265	-9,102	0,068	0,131	0,172	0,254	0,258	0,246	0,254	0,248	0,253	0,264	0,288	0,322	0,341	0,340	0,257	0,000	0,000
3,000	-20,380	-20,318	-20,236	-19,898	-19,688	-19,551	-19,481	-19,424	-19,376	-19,362	-19,327	-19,293	-19,237	-19,126	-19,009	0,162	0,305	0,391	0,503	0,470	0,388	0,341	0,290	0,254	0,214	0,207	0,224	0,230	0,243	0,183	0,000	0,000
4,000	-10,837	-10,871	-10,790	-10,796	-10,763	-10,764	-10,763	-10,767	-10,758	-10,729	-10,692	-10,621	-10,489	-10,270	-9,978	-0,152	0,013	-0,004	0,049	0,051	0,062	0,081	0,097	0,134	0,190	0,270	0,365	0,446	0,504	0,413	0,000	0,000
5,000	-12,370	-12,389	-12,508	-12,546	-12,525	-12,518	-12,509	-12,505	-12,474	-12,476	-12,427	-12,347	-12,224	-11,986	-11,693	-0,138	-0,198	-0,147	-0,018	0,021	0,033	0,074	0,105	0,142	0,183	0,281	0,374	0,462	0,524	0,422	0,000	0,000
6,000	-7,433	-7,193	-7,069	-6,870	-6,767	-6,702	-6,665	-6,625	-6,591	-6,564	-6,524	-6,473	-6,418	-6,322	-6,223	0,650	0,527	0,455	0,365	0,311	0,257	0,239	0,217	0,206	0,197	0,201	0,214	0,222	0,218	0,163	0,000	0,000
7,000	-3,165	-2,887	-2,829	-2,709	-2,660	-2,635	-2,620	-2,608	-2,598	-2,596	-2,588	-2,577	-2,566	-2,541	-2,520	1,345	0,749	0,561	0,315	0,223	0,160	0,129	0,106	0,087	0,069	0,060	0,060	0,058	0,058	0,038	0,000	0,000
8,000	-14,629	-14,318	-14,186	-14,145	-14,119	-14,110	-14,132	-14,149	-14,178	-14,200	-14,233	-14,254	-14,259	-14,244	-14,211	1,823	1,043	0,684	0,284	0,172	0,078	0,035	0,007	-0,031	-0,035	-0,030	-0,011	0,007	0,036	0,039	0,000	0,000
9,000	-10,140	-9,978	-9,883	-9,653	-9,501	-9,383	-9,316	-9,272	-9,222	-9,191	-9,145	-9,097	-9,037	-8,950	-8,854	0,206	0,274	0,342	0,394	0,383	0,331	0,302	0,271	0,247	0,225	0,223	0,221	0,225	0,216	0,158	0,000	0,000
10,000	-10,251	-10,309	-10,190	-10,073	-9,996	-9,962	-9,935	-9,922	-9,891	-9,885	-9,858	-9,827	-9,776	-9,687	-9,592	-0,320	0,013	0,061	0,155	0,143	0,130	0,123	0,119	0,122	0,124	0,141	0,160	0,182	0,193	0,151	0,000	0,000
11,000	-10,171	-10,119	-10,100	-9,972	-9,894	-9,848	-9,818	-9,794	-9,763	-9,748	-9,708	-9,665	-9,603	-9,504	-9,383	-0,085	0,034	0,086	0,169	0,173	0,152	0,154	0,146	0,152	0,158	0,177	0,208	0,224	0,234	0,178	0,000	0,000
12,000	-15,365	-15,491	-15,405	-15,386	-15,324	-15,311	-15,303	-15,292	-15,286	-15,295	-15,271	-15,239	-15,183	-15,077	-14,948	-0,239	-0,044	0,006	0,061	0,076	0,061	0,065	0,069	0,075	0,084	0,130	0,167	0,200	0,228	0,183	0,000	0,000
13,000	-8,559	-8,622	-8,606	-8,628	-8,608	-8,595	-8,584	-8,567	-8,531	-8,499	-8,450	-8,377	-8,276	-8,112	-7,903	-0,112	-0,047	-0,032	0,013	0,048	0,082	0,108	0,126	0,162	0,200	0,251	0,313	0,351	0,379	0,298	0,000	0,000
14,000	-11,967	-11,817	-11,921	-11,846	-11,843	-11,814	-11,793	-11,794	-11,776	-11,769	-11,759	-11,716	-11,632	-11,475	-11,281	0,007	-0,073	0,006	0,058	0,060	0,058	0,072	0,069	0,091	0,121	0,168	0,232	0,303	0,336	0,274	0,000	0,000
15,000	-9,001	-9,092	-9,033	-9,015	-8,985	-8,981	-8,971	-8,953	-8,933	-8,928	-8,901	-8,871	-8,820	-8,751	-8,661	-0,136	0,022	0,007	0,049	0,051	0,064	0,071	0,082	0,085	0,098	0,120	0,138	0,155	0,170	0,134	0,000	0,000
	run	18	2022:11:08    11:46:11,251
0,000	-13,105	-13,183	-13,193	-13,275	-13,304	-13,324	-13,340	-13,338	-13,343	-13,353	-13,345	-13,320	-13,275	-13,185	-13,078	-0,165	-0,139	-0,125	-0,098	-0,076	-0,060	-0,029	-0,018	0,008	0,029	0,071	0,119	0,161	0,182	0,149	0,000	0,000
1,000	-16,498	-16,461	-16,375	-16,150	-15,977	-15,861	-15,787	-15,723	-15,664	-15,625	-15,561	-15,507	-15,447	-15,351	-15,239	0,112	0,230	0,291	0,407	0,403	0,358	0,341	0,312	0,285	0,254	0,257	0,251	0,241	0,237	0,175	0,000	0,000
2,000	-10,129	-10,118	-10,084	-9,947	-9,843	-9,766	-9,722	-9,683	-9,628	-9,593	-9,522	-9,447	-9,349	-9,206	-9,035	0,080	0,121	0,172	0,249	0,261	0,240	0,250	0,240	0,251	0,258	0,288	0,320	0,345	0,349	0,258	0,000	0,000
3,000	-20,299	-20,260	-20,170	-19,847	-19,633	-19,493	-19,422	-19,364	-19,313	-19,298	-19,262	-19,224	-19,170	-19,057	-18,935	0,161	0,310	0,381	0,497	0,464	0,392	0,346	0,294	0,255	0,218	0,212	0,229	0,238	0,249	0,186	0,000	0,000
4,000	-10,858	-10,905	-10,816	-10,821	-10,786	-10,779	-10,782	-10,782	-10,779	-10,752	-10,711	-10,648	-10,514	-10,296	-10,007	-0,154	0,011	0,001	0,046	0,054	0,064	0,088	0,096	0,136	0,192	0,272	0,362	0,450	0,500	0,410	0,000	0,000
5,000	-12,381	-12,402	-12,519	-12,574	-12,552	-12,534	-12,524	-12,522	-12,494	-12,496	-12,456	-12,377	-12,243	-12,010	-11,715	-0,147	-0,203	-0,145	-0,022	0,016	0,034	0,071	0,101	0,143	0,186	0,277	0,363	0,460	0,520	0,417	0,000	0,000
6,000	-7,337	-7,139	-7,009	-6,807	-6,707	-6,640	-6,601	-6,568	-6,530	-6,504	-6,466	-6,422	-6,361	-6,269	-6,171	0,649	0,519	0,447	0,369	0,312	0,257	0,235	0,212	0,199	0,196	0,200	0,212	0,215	0,216	0,159	0,000	0,000
7,000	-3,122	-2,844	-2,787	-2,668	-2,636	-2,605	-2,585	-2,581	-2,569	-2,565	-2,554	-2,545	-2,536	-2,512	-2,486	1,324	0,738	0,543	0,305	0,222	0,157	0,124	0,102	0,084	0,069	0,061	0,054	0,057	0,058	0,042	0,000	0,000
8,000	-14,489	-14,175	-14,018	-13,987	-13,943	-13,949	-13,963	-13,987	-14,018	-14,040	-14,066	-14,093	-14,096	-14,081	-14,047	1,813	1,069	0,698	0,300	0,174	0,083	0,033	-0,002	-0,030	-0,034	-0,025	-0,015	0,008	0,036	0,035	0,000	0,000
9,000	-10,098	-9,946	-9,847	-9,614	-9,462	-9,348	-9,285	-9,237	-9,188	-9,152	-9,107	-9,063	-9,004	-8,918	-8,818	0,216	0,278	0,329	0,395	0,375	0,329	0,303	0,269	0,249	0,222	0,228	0,223	0,228	0,215	0,163	0,000	0,000
10,000	-10,283	-10,323	-10,212	-10,083	-9,999	-9,961	-9,932	-9,916	-9,893	-9,889	-9,857	-9,830	-9,770	-9,690	-9,594	-0,293	0,027	0,086	0,165	0,150	0,135	0,125	0,117	0,117	0,126	0,145	0,157	0,184	0,193	0,148	0,000	0,000
11,000	-10,122	-10,095	-10,052	-9,932	-9,860	-9,806	-9,777	-9,758	-9,733	-9,710	-9,670	-9,628	-9,565	-9,462	-9,347	-0,087	0,044	0,085	0,168	0,169	0,154	0,151	0,148	0,153	0,156	0,180	0,211	0,221	0,233	0,178	0,000	0,000
12,000	-15,520	-15,646	-15,564	-15,543	-15,485	-15,467	-15,462	-15,453	-15,438	-15,450	-15,430	-15,397	-15,339	-15,230	-15,100	-0,225	-0,030	0,007	0,069	0,072	0,062	0,067	0,066	0,074	0,085	0,125	0,169	0,208	0,235	0,187	0,000	0,000
13,000	-8,538	-8,582	-8,576	-8,602	-8,585	-8,574	-8,556	-8,541	-8,514	-8,480	-8,430	-8,355	-8,255	-8,095	-7,891	-0,117	-0,054	-0,034	0,015	0,055	0,078	0,105	0,127	0,154	0,198	0,255	0,298	0,348	0,375	0,301	0,000	0,000
14,000	-12,072	-11,922	-12,018	-11,946	-11,930	-11,900	-11,880	-11,879	-11,862	-11,860	-11,842	-11,794	-11,713	-11,565	-11,361	0,003	-0,065	-0,003	0,058	0,057	0,064	0,073	0,086	0,095	0,119	0,170	0,233	0,308	0,338	0,280	0,000	0,000
15,000	-9,001	-9,087	-9,027	-9,013	-8,975	-8,976	-8,961	-8,942	-8,925	-8,919	-8,897	-8,862	-8,816	-8,745	-8,659	-0,116	0,018	0,010	0,052	0,052	0,062	0,072	0,083	0,086	0,101	0,115	0,137	0,153	0,171	0,131	0,000	0,000
	run	19	2022:11:08    11:46:11,304
0,000	-13,105	-13,183	-13,193	-13,275	-13,304	-13,324	-13,340	-13,338	-13,343	-13,353	-13,345	-13,320	-13,275	-13,185	-13,078	-0,165	-0,139	-0,125	-0,098	-0,076	-0,060	-0,029	-0,018	0,008	0,029	0,071	0,119	0,161	0,182	0,149	0,000	0,000
1,000	-16,498	-16,461	-16,375	-16,150	-15,977	-15,861	-15,787	-15,723	-15,664	-15,625	-15,561	-15,507	-15,447	-15,351	-15,239	0,112	0,230	0,291	0,407	0,403	0,358	0,341	0,312	0,285	0,254	0,257	0,251	0,241	0,237	0,175	0,000	0,000
2,000	-10,129	-10,118	-10,084	-9,947	-9,843	-9,766	-9,722	-9,683	-9,628	-9,593	-9,522	-9,447	-9,349	-9,206	-9,035	0,080	0,121	0,172	0,249	0,261	0,240	0,250	0,240	0,251	0,258	0,288	0,320	0,345	0,349	0,258	0,000	0,000
3,000	-20,299	-20,260	-20,170	-19,847	-19,633	-19,493	-19,422	-19,364	-19,313	-19,298	-19,262	-19,224	-19,170	-19,057	-18,935	0,161	0,310	0,381	0,497	0,464	0,392	0,346	0,294	0,255	0,218	0,212	0,229	0,238	0,249	0,186	0,000	0,000
4,000	-10,858	-10,905	-10,816	-10,821	-10,786	-10,779	-10,782	-10,782	-10,779	-10,752	-10,711	-10,648	-10,514	-10,296	-10,007	-0,154	0,011	0,001	0,046	0,054	0,064	0,088	0,096	0,136	0,192	0,272	0,362	0,450	0,500	0,410	0,000	0,000
5,000	-12,381	-12,402	-12,519	-12,574	-12,552	-12,534	-12,524	-12,522	-12,494	-12,496	-12,456	-12,377	-12,243	-12,010	-11,715	-0,147	-0,203	-0,145	-0,022	0,016	0,034	0,071	0,101	0,143	0,186	0,277	0,363	0,460	0,520	0,417	0,000	0,000
6,000	-7,425	-7,198	-7,061	-6,865	-6,760	-6,696	-6,656	-6,626	-6,589	-6,559	-6,518	-6,475	-6,415	-6,325	-6,220	0,654	0,530	0,457	0,370	0,319	0,261	0,242	0,214	0,200	0,196	0,207	0,212	0,217	0,214	0,162	0,000	0,000
7,000	-3,158	-2,883	-2,818	-2,708	-2,665	-2,638	-2,618	-2,616	-2,596	-2,596	-2,590	-2,582	-2,562	-2,544	-2,523	1,337	0,753	0,556	0,313	0,220	0,157	0,129	0,107	0,088	0,065	0,062	0,055	0,058	0,058	0,041	0,000	0,000
8,000	-14,532	-14,221	-14,074	-14,040	-14,011	-14,008	-14,029	-14,044	-14,069	-14,097	-14,129	-14,156	-14,155	-14,146	-14,108	1,827	1,046	0,688	0,292	0,170	0,077	0,032	-0,002	-0,029	-0,035	-0,027	-0,016	0,003	0,033	0,041	0,000	0,000
9,000	-10,097	-9,946	-9,849	-9,610	-9,459	-9,344	-9,283	-9,233	-9,185	-9,149	-9,108	-9,055	-9,001	-8,912	-8,817	0,216	0,283	0,332	0,397	0,377	0,329	0,302	0,270	0,245	0,225	0,218	0,228	0,220	0,216	0,154	0,000	0,000
10,000	-10,186	-10,246	-10,140	-10,028	-9,943	-9,910	-9,884	-9,866	-9,838	-9,841	-9,812	-9,778	-9,722	-9,640	-9,542	-0,325	0,017	0,060	0,154	0,135	0,129	0,119	0,115	0,118	0,123	0,143	0,156	0,183	0,189	0,149	0,000	0,000
11,000	-10,103	-10,063	-10,032	-9,914	-9,841	-9,785	-9,754	-9,734	-9,704	-9,689	-9,648	-9,606	-9,542	-9,447	-9,331	-0,089	0,034	0,081	0,165	0,173	0,151	0,149	0,146	0,150	0,155	0,186	0,196	0,219	0,229	0,175	0,000	0,000
12,000	-15,366	-15,498	-15,407	-15,392	-15,327	-15,310	-15,311	-15,297	-15,287	-15,303	-15,281	-15,243	-15,184	-15,077	-14,949	-0,233	-0,043	0,003	0,066	0,075	0,061	0,067	0,065	0,070	0,084	0,125	0,163	0,209	0,231	0,182	0,000	0,000
13,000	-8,500	-8,563	-8,544	-8,572	-8,559	-8,547	-8,532	-8,513	-8,486	-8,453	-8,399	-8,330	-8,226	-8,071	-7,868	-0,123	-0,059	-0,034	0,017	0,046	0,084	0,103	0,126	0,158	0,196	0,248	0,305	0,346	0,371	0,297	0,000	0,000
14,000	-11,895	-11,739	-11,862	-11,776	-11,771	-11,744	-11,720	-11,728	-11,716	-11,708	-11,686	-11,645	-11,559	-11,418	-11,232	0,023	-0,088	-0,004	0,056	0,056	0,057	0,073	0,069	0,092	0,116	0,165	0,231	0,295	0,332	0,276	0,000	0,000
15,000	-8,930	-9,021	-8,966	-8,944	-8,907	-8,913	-8,898	-8,886	-8,865	-8,858	-8,832	-8,800	-8,751	-8,679	-8,591	-0,131	0,023	0,004	0,057	0,050	0,061	0,068	0,088	0,086	0,099	0,123	0,136	0,158	0,171	0,130	0,000	0,000
	run	20	2022:11:08    11:46:11,404
0,000	-12,959	-13,042	-13,054	-13,133	-13,170	-13,188	-13,197	-13,202	-13,199	-13,213	-13,202	-13,178	-13,131	-13,041	-12,938	-0,165	-0,130	-0,125	-0,100	-0,081	-0,055	-0,030	-0,018	0,008	0,031	0,074	0,117	0,154	0,184	0,149	0,000	0,000
1,000	-16,511	-16,473	-16,399	-16,168	-15,992	-15,862	-15,793	-15,732	-15,665	-15,629	-15,570	-15,511	-15,454	-15,355	-15,248	0,104	0,234	0,296	0,400	0,406	0,362	0,349	0,315	0,287	0,262	0,248	0,256	0,249	0,244	0,179	0,000	0,000
2,000	-10,209	-10,181	-10,135	-10,001	-9,891	-9,815	-9,767	-9,733	-9,675	-9,641	-9,571	-9,499	-9,404	-9,251	-9,085	0,071	0,124	0,176	0,260	0,264	0,248	0,248	0,246	0,253	0,263	0,295	0,318	0,341	0,343	0,261	0,000	0,000
3,000	-20,528	-20,489	-20,396	-20,056	-19,844	-19,698	-19,626	-19,569	-19,518	-19,507	-19,464	-19,429	-19,375	-19,263	-19,136	0,146	0,332	0,392	0,512	0,480	0,396	0,352	0,302	0,258	0,223	0,215	0,228	0,240	0,249	0,192	0,000	0,000
4,000	-10,921	-10,961	-10,886	-10,875	-10,851	-10,841	-10,850	-10,847	-10,841	-10,823	-10,779	-10,708	-10,566	-10,350	-10,055	-0,157	0,011	-0,003	0,042	0,053	0,062	0,083	0,103	0,136	0,196	0,281	0,369	0,460	0,513	0,420	0,000	0,000
5,000	-12,471	-12,488	-12,623	-12,665	-12,645	-12,633	-12,622	-12,624	-12,590	-12,592	-12,539	-12,465	-12,334	-12,091	-11,796	-0,129	-0,195	-0,143	-0,018	0,015	0,027	0,074	0,103	0,149	0,183	0,275	0,376	0,462	0,527	0,425	0,000	0,000
6,000	-7,530	-7,289	-7,148	-6,956	-6,843	-6,781	-6,743	-6,709	-6,670	-6,644	-6,600	-6,557	-6,500	-6,404	-6,298	0,668	0,541	0,471	0,376	0,317	0,259	0,241	0,218	0,208	0,198	0,202	0,213	0,220	0,219	0,163	0,000	0,000
7,000	-3,180	-2,897	-2,835	-2,713	-2,672	-2,641	-2,626	-2,618	-2,607	-2,600	-2,597	-2,588	-2,574	-2,551	-2,522	1,322	0,738	0,544	0,315	0,221	0,157	0,131	0,107	0,085	0,067	0,059	0,058	0,054	0,058	0,043	0,000	0,000
8,000	-14,659	-14,371	-14,204	-14,182	-14,154	-14,150	-14,167	-14,190	-14,218	-14,241	-14,273	-14,297	-14,298	-14,281	-14,253	1,799	1,060	0,694	0,291	0,171	0,078	0,033	-0,001	-0,030	-0,031	-0,023	-0,017	0,008	0,032	0,040	0,000	0,000
9,000	-10,107	-9,955	-9,863	-9,620	-9,474	-9,355	-9,294	-9,244	-9,194	-9,161	-9,119	-9,068	-9,009	-8,923	-8,821	0,208	0,292	0,338	0,393	0,380	0,335	0,306	0,269	0,243	0,222	0,219	0,225	0,222	0,218	0,156	0,000	0,000
10,000	-10,173	-10,221	-10,115	-10,009	-9,926	-9,894	-9,871	-9,853	-9,832	-9,824	-9,796	-9,764	-9,710	-9,629	-9,536	-0,307	0,002	0,048	0,141	0,136	0,125	0,118	0,117	0,117	0,125	0,143	0,152	0,181	0,187	0,148	0,000	0,000
11,000	-10,075	-10,019	-10,000	-9,880	-9,805	-9,754	-9,728	-9,707	-9,670	-9,655	-9,625	-9,572	-9,516	-9,416	-9,302	-0,097	0,031	0,081	0,164	0,168	0,148	0,150	0,145	0,148	0,154	0,179	0,201	0,216	0,228	0,173	0,000	0,000
12,000	-15,268	-15,407	-15,318	-15,305	-15,239	-15,224	-15,220	-15,208	-15,201	-15,212	-15,184	-15,155	-15,102	-14,992	-14,865	-0,224	-0,041	0,003	0,063	0,068	0,061	0,061	0,067	0,073	0,082	0,126	0,164	0,205	0,228	0,186	0,000	0,000
13,000	-8,467	-8,537	-8,509	-8,537	-8,519	-8,510	-8,495	-8,477	-8,453	-8,420	-8,366	-8,298	-8,193	-8,037	-7,836	-0,119	-0,054	-0,035	0,016	0,051	0,084	0,107	0,130	0,160	0,201	0,246	0,299	0,349	0,370	0,297	0,000	0,000
14,000	-11,834	-11,664	-11,776	-11,706	-11,702	-11,675	-11,647	-11,651	-11,641	-11,632	-11,618	-11,573	-11,489	-11,351	-11,149	0,034	-0,090	0,009	0,050	0,060	0,060	0,073	0,079	0,093	0,116	0,167	0,230	0,294	0,338	0,277	0,000	0,000
15,000	-8,903	-8,988	-8,929	-8,915	-8,882	-8,883	-8,866	-8,853	-8,839	-8,827	-8,803	-8,770	-8,723	-8,655	-8,568	-0,135	0,022	0,017	0,052	0,051	0,062	0,068	0,081	0,085	0,096	0,116	0,135	0,155	0,165	0,134	0,000	0,000
	run	21	2022:11:08    11:46:11,504
0,000	-12,989	-13,067	-13,089	-13,172	-13,193	-13,216	-13,228	-13,234	-13,231	-13,249	-13,232	-13,208	-13,165	-13,077	-12,966	-0,164	-0,126	-0,134	-0,099	-0,084	-0,058	-0,034	-0,015	0,004	0,032	0,073	0,115	0,159	0,184	0,146	0,000	0,000
1,000	-16,434	-16,405	-16,315	-16,091	-15,912	-15,781	-15,714	-15,656	-15,587	-15,558	-15,497	-15,442	-15,387	-15,283	-15,176	0,107	0,235	0,297	0,408	0,410	0,365	0,340	0,315	0,289	0,261	0,253	0,257	0,244	0,239	0,172	0,000	0,000
2,000	-10,223	-10,202	-10,165	-10,022	-9,916	-9,845	-9,804	-9,759	-9,703	-9,670	-9,604	-9,526	-9,427	-9,277	-9,108	0,072	0,139	0,173	0,254	0,266	0,246	0,251	0,248	0,255	0,256	0,287	0,323	0,343	0,348	0,260	0,000	0,000
3,000	-20,567	-20,518	-20,436	-20,094	-19,875	-19,737	-19,663	-19,608	-19,557	-19,549	-19,512	-19,473	-19,419	-19,310	-19,183	0,174	0,334	0,412	0,520	0,487	0,393	0,344	0,291	0,252	0,219	0,210	0,231	0,237	0,251	0,190	0,000	0,000
4,000	-10,990	-11,023	-10,933	-10,943	-10,912	-10,905	-10,911	-10,912	-10,899	-10,878	-10,832	-10,767	-10,626	-10,404	-10,114	-0,167	0,008	-0,003	0,043	0,049	0,069	0,084	0,099	0,137	0,197	0,287	0,372	0,462	0,515	0,421	0,000	0,000
5,000	-12,538	-12,568	-12,671	-12,724	-12,702	-12,691	-12,682	-12,681	-12,649	-12,658	-12,598	-12,523	-12,390	-12,146	-11,853	-0,131	-0,193	-0,146	-0,026	0,017	0,031	0,075	0,101	0,143	0,193	0,278	0,382	0,473	0,529	0,433	0,000	0,000
6,000	-7,507	-7,279	-7,146	-6,943	-6,834	-6,764	-6,728	-6,695	-6,654	-6,633	-6,590	-6,542	-6,482	-6,388	-6,282	0,659	0,534	0,470	0,379	0,317	0,262	0,241	0,217	0,208	0,198	0,207	0,222	0,221	0,225	0,169	0,000	0,000
7,000	-3,190	-2,905	-2,841	-2,719	-2,680	-2,644	-2,632	-2,619	-2,613	-2,610	-2,595	-2,592	-2,579	-2,559	-2,525	1,368	0,765	0,560	0,313	0,228	0,159	0,136	0,106	0,087	0,071	0,064	0,062	0,056	0,059	0,037	0,000	0,000
8,000	-14,657	-14,341	-14,174	-14,155	-14,122	-14,127	-14,142	-14,161	-14,189	-14,217	-14,245	-14,267	-14,274	-14,259	-14,225	1,822	1,055	0,701	0,294	0,177	0,079	0,039	-0,001	-0,034	-0,038	-0,024	-0,014	0,005	0,033	0,039	0,000	0,000
9,000	-10,120	-9,965	-9,866	-9,611	-9,460	-9,338	-9,283	-9,232	-9,183	-9,150	-9,102	-9,061	-8,999	-8,914	-8,816	0,204	0,303	0,356	0,400	0,381	0,331	0,307	0,266	0,246	0,221	0,223	0,222	0,225	0,218	0,158	0,000	0,000
10,000	-10,248	-10,308	-10,208	-10,094	-10,017	-9,979	-9,955	-9,940	-9,913	-9,908	-9,884	-9,850	-9,791	-9,712	-9,617	-0,296	0,008	0,060	0,146	0,138	0,126	0,122	0,114	0,117	0,122	0,142	0,153	0,185	0,188	0,149	0,000	0,000
11,000	-10,082	-10,049	-10,019	-9,903	-9,823	-9,775	-9,743	-9,721	-9,692	-9,672	-9,639	-9,593	-9,534	-9,433	-9,321	-0,091	0,030	0,089	0,160	0,169	0,149	0,150	0,141	0,149	0,155	0,183	0,202	0,217	0,231	0,173	0,000	0,000
12,000	-15,276	-15,394	-15,308	-15,287	-15,228	-15,213	-15,206	-15,196	-15,184	-15,200	-15,173	-15,137	-15,087	-14,976	-14,853	-0,232	-0,033	0,003	0,063	0,070	0,061	0,064	0,070	0,073	0,082	0,127	0,160	0,201	0,229	0,180	0,000	0,000
13,000	-8,399	-8,459	-8,438	-8,462	-8,451	-8,442	-8,428	-8,407	-8,380	-8,346	-8,294	-8,224	-8,125	-7,965	-7,766	-0,122	-0,055	-0,033	0,013	0,050	0,077	0,102	0,129	0,158	0,195	0,246	0,298	0,349	0,366	0,290	0,000	0,000
14,000	-11,773	-11,607	-11,698	-11,625	-11,628	-11,602	-11,582	-11,582	-11,569	-11,557	-11,541	-11,504	-11,418	-11,273	-11,078	0,009	-0,068	0,009	0,051	0,055	0,051	0,072	0,074	0,094	0,117	0,170	0,227	0,295	0,331	0,280	0,000	0,000
15,000	-8,873	-8,968	-8,895	-8,890	-8,851	-8,851	-8,841	-8,822	-8,804	-8,796	-8,776	-8,744	-8,698	-8,622	-8,536	-0,138	0,025	0,002	0,054	0,053	0,057	0,067	0,083	0,081	0,092	0,118	0,134	0,156	0,164	0,136	0,000	0,000
	run	22	2022:11:08    11:46:11,552
0,000	-13,040	-13,123	-13,144	-13,232	-13,258	-13,282	-13,287	-13,294	-13,299	-13,304	-13,301	-13,274	-13,229	-13,137	-13,033	-0,164	-0,138	-0,132	-0,101	-0,082	-0,060	-0,034	-0,022	0,005	0,031	0,069	0,117	0,158	0,179	0,149	0,000	0,000
1,000	-16,523	-16,494	-16,399	-16,177	-15,998	-15,876	-15,799	-15,741	-15,671	-15,638	-15,577	-15,526	-15,464	-15,366	-15,253	0,096	0,241	0,297	0,399	0,408	0,367	0,346	0,313	0,286	0,259	0,257	0,249	0,252	0,242	0,179	0,000	0,000
2,000	-10,223	-10,202	-10,165	-10,022	-9,916	-9,845	-9,804	-9,759	-9,703	-9,670	-9,604	-9,526	-9,427	-9,277	-9,108	0,072	0,139	0,173	0,254	0,266	0,246	0,251	0,248	0,255	0,256	0,287	0,323	0,343	0,348	0,260	0,000	0,000
3,000	-20,567	-20,518	-20,436	-20,094	-19,875	-19,737	-19,663	-19,608	-19,557	-19,549	-19,512	-19,473	-19,419	-19,310	-19,183	0,174	0,334	0,412	0,520	0,487	0,393	0,344	0,291	0,252	0,219	0,210	0,231	0,237	0,251	0,190	0,000	0,000
4,000	-10,990	-11,023	-10,933	-10,943	-10,912	-10,905	-10,911	-10,912	-10,899	-10,878	-10,832	-10,767	-10,626	-10,404	-10,114	-0,167	0,008	-0,003	0,043	0,049	0,069	0,084	0,099	0,137	0,197	0,287	0,372	0,462	0,515	0,421	0,000	0,000
5,000	-12,538	-12,568	-12,671	-12,724	-12,702	-12,691	-12,682	-12,681	-12,649	-12,658	-12,598	-12,523	-12,390	-12,146	-11,853	-0,131	-0,193	-0,146	-0,026	0,017	0,031	0,075	0,101	0,143	0,193	0,278	0,382	0,473	0,529	0,433	0,000	0,000
6,000	-7,507	-7,279	-7,146	-6,943	-6,834	-6,764	-6,728	-6,695	-6,654	-6,633	-6,590	-6,542	-6,482	-6,388	-6,282	0,659	0,534	0,470	0,379	0,317	0,262	0,241	0,217	0,208	0,198	0,207	0,222	0,221	0,225	0,169	0,000	0,000
7,000	-3,190	-2,905	-2,841	-2,719	-2,680	-2,644	-2,632	-2,619	-2,613	-2,610	-2,595	-2,592	-2,579	-2,559	-2,525	1,368	0,765	0,560	0,313	0,228	0,159	0,136	0,106	0,087	0,071	0,064	0,062	0,056	0,059	0,037	0,000	0,000
8,000	-14,668	-14,362	-14,215	-14,182	-14,151	-14,155	-14,174	-14,195	-14,223	-14,246	-14,277	-14,297	-14,301	-14,287	-14,259	1,821	1,047	0,697	0,289	0,174	0,074	0,038	-0,001	-0,030	-0,039	-0,023	-0,016	0,005	0,032	0,042	0,000	0,000
9,000	-10,187	-10,014	-9,910	-9,666	-9,514	-9,398	-9,333	-9,289	-9,233	-9,204	-9,153	-9,108	-9,050	-8,963	-8,860	0,219	0,288	0,349	0,406	0,382	0,333	0,304	0,272	0,243	0,227	0,224	0,224	0,223	0,218	0,162	0,000	0,000
10,000	-10,220	-10,275	-10,174	-10,059	-9,976	-9,946	-9,916	-9,905	-9,877	-9,866	-9,848	-9,812	-9,762	-9,674	-9,579	-0,298	0,015	0,069	0,150	0,138	0,130	0,121	0,118	0,117	0,121	0,136	0,156	0,184	0,188	0,147	0,000	0,000
11,000	-10,084	-10,042	-10,008	-9,887	-9,811	-9,765	-9,733	-9,707	-9,677	-9,663	-9,622	-9,578	-9,519	-9,423	-9,305	-0,088	0,031	0,087	0,162	0,171	0,155	0,152	0,144	0,147	0,156	0,175	0,203	0,221	0,227	0,174	0,000	0,000
12,000	-15,226	-15,358	-15,271	-15,254	-15,187	-15,172	-15,171	-15,167	-15,152	-15,164	-15,144	-15,111	-15,051	-14,951	-14,824	-0,233	-0,038	0,006	0,063	0,072	0,063	0,063	0,064	0,070	0,084	0,123	0,161	0,202	0,229	0,181	0,000	0,000
13,000	-8,462	-8,518	-8,501	-8,529	-8,513	-8,497	-8,485	-8,466	-8,440	-8,408	-8,354	-8,286	-8,185	-8,026	-7,823	-0,109	-0,051	-0,034	0,010	0,045	0,086	0,105	0,129	0,159	0,198	0,248	0,299	0,345	0,368	0,296	0,000	0,000
14,000	-11,872	-11,703	-11,808	-11,740	-11,734	-11,698	-11,679	-11,686	-11,675	-11,665	-11,659	-11,608	-11,520	-11,379	-11,177	0,032	-0,067	-0,003	0,053	0,055	0,056	0,067	0,073	0,090	0,117	0,167	0,230	0,292	0,337	0,276	0,000	0,000
15,000	-8,940	-9,030	-8,965	-8,952	-8,909	-8,912	-8,899	-8,884	-8,864	-8,854	-8,836	-8,802	-8,754	-8,683	-8,593	-0,159	0,026	0,005	0,053	0,053	0,060	0,067	0,083	0,081	0,098	0,119	0,139	0,157	0,170	0,135	0,000	0,000
	run	23	2022:11:08    11:46:11,651
0,000	-13,084	-13,175	-13,182	-13,273	-13,300	-13,319	-13,329	-13,336	-13,333	-13,349	-13,339	-13,315	-13,275	-13,187	-13,070	-0,171	-0,138	-0,146	-0,105	-0,079	-0,059	-0,036	-0,018	0,003	0,027	0,074	0,117	0,158	0,182	0,149	0,000	0,000
1,000	-16,543	-16,490	-16,416	-16,181	-15,999	-15,876	-15,803	-15,748	-15,676	-15,646	-15,583	-15,526	-15,466	-15,369	-15,262	0,114	0,243	0,308	0,403	0,413	0,361	0,340	0,311	0,284	0,258	0,249	0,249	0,249	0,239	0,176	0,000	0,000
2,000	-10,185	-10,167	-10,133	-9,991	-9,886	-9,816	-9,771	-9,730	-9,672	-9,639	-9,575	-9,493	-9,400	-9,249	-9,088	0,075	0,131	0,173	0,250	0,265	0,241	0,252	0,245	0,253	0,259	0,289	0,320	0,343	0,343	0,259	0,000	0,000
3,000	-20,396	-20,368	-20,289	-19,954	-19,740	-19,603	-19,525	-19,474	-19,419	-19,410	-19,374	-19,338	-19,279	-19,174	-19,047	0,127	0,294	0,372	0,494	0,477	0,395	0,346	0,294	0,256	0,215	0,213	0,225	0,236	0,249	0,188	0,000	0,000
4,000	-10,860	-10,897	-10,811	-10,813	-10,786	-10,775	-10,781	-10,780	-10,778	-10,759	-10,711	-10,646	-10,510	-10,297	-10,008	-0,160	0,010	0,007	0,049	0,054	0,061	0,085	0,099	0,137	0,189	0,277	0,361	0,448	0,499	0,409	0,000	0,000
5,000	-12,364	-12,378	-12,493	-12,536	-12,517	-12,501	-12,499	-12,496	-12,467	-12,467	-12,422	-12,350	-12,219	-11,980	-11,684	-0,143	-0,183	-0,141	-0,021	0,011	0,036	0,072	0,100	0,139	0,189	0,271	0,367	0,462	0,517	0,425	0,000	0,000
6,000	-7,443	-7,233	-7,091	-6,890	-6,788	-6,720	-6,690	-6,652	-6,618	-6,588	-6,543	-6,503	-6,438	-6,348	-6,248	0,669	0,541	0,462	0,366	0,319	0,258	0,238	0,219	0,206	0,195	0,203	0,215	0,221	0,217	0,164	0,000	0,000
7,000	-3,169	-2,874	-2,814	-2,701	-2,657	-2,627	-2,611	-2,607	-2,591	-2,588	-2,581	-2,568	-2,560	-2,536	-2,510	1,344	0,746	0,547	0,312	0,227	0,151	0,127	0,102	0,084	0,073	0,066	0,058	0,056	0,059	0,041	0,000	0,000
8,000	-14,602	-14,293	-14,145	-14,121	-14,084	-14,080	-14,100	-14,124	-14,148	-14,176	-14,202	-14,230	-14,230	-14,214	-14,181	1,823	1,056	0,689	0,295	0,168	0,083	0,033	0,001	-0,027	-0,034	-0,023	-0,014	0,011	0,033	0,044	0,000	0,000
9,000	-10,098	-9,958	-9,858	-9,612	-9,462	-9,341	-9,285	-9,238	-9,181	-9,149	-9,105	-9,061	-9,001	-8,915	-8,817	0,204	0,294	0,338	0,399	0,381	0,331	0,302	0,267	0,246	0,224	0,218	0,225	0,224	0,214	0,158	0,000	0,000
10,000	-10,212	-10,267	-10,161	-10,047	-9,967	-9,928	-9,907	-9,890	-9,863	-9,857	-9,833	-9,797	-9,744	-9,658	-9,563	-0,316	0,017	0,064	0,154	0,142	0,129	0,125	0,118	0,119	0,126	0,137	0,157	0,182	0,189	0,148	0,000	0,000
11,000	-10,093	-10,032	-10,016	-9,896	-9,814	-9,763	-9,738	-9,713	-9,685	-9,665	-9,625	-9,582	-9,521	-9,425	-9,308	-0,098	0,033	0,093	0,167	0,171	0,154	0,153	0,147	0,149	0,155	0,177	0,200	0,217	0,229	0,177	0,000	0,000
12,000	-15,406	-15,534	-15,447	-15,428	-15,369	-15,350	-15,350	-15,335	-15,331	-15,339	-15,315	-15,284	-15,229	-15,116	-14,988	-0,231	-0,044	0,001	0,059	0,070	0,065	0,067	0,065	0,073	0,080	0,125	0,165	0,207	0,232	0,185	0,000	0,000
13,000	-8,513	-8,565	-8,550	-8,577	-8,558	-8,547	-8,529	-8,514	-8,484	-8,452	-8,404	-8,330	-8,226	-8,070	-7,864	-0,119	-0,049	-0,029	0,018	0,050	0,077	0,105	0,125	0,157	0,201	0,252	0,303	0,349	0,373	0,300	0,000	0,000
14,000	-11,964	-11,806	-11,919	-11,840	-11,835	-11,808	-11,784	-11,790	-11,779	-11,763	-11,753	-11,711	-11,626	-11,483	-11,277	0,013	-0,073	0,003	0,057	0,063	0,062	0,069	0,070	0,096	0,120	0,173	0,231	0,303	0,337	0,282	0,000	0,000
15,000	-8,971	-9,057	-8,993	-8,990	-8,947	-8,947	-8,938	-8,919	-8,896	-8,891	-8,866	-8,839	-8,790	-8,715	-8,630	-0,127	0,028	0,009	0,051	0,051	0,057	0,065	0,081	0,086	0,096	0,118	0,133	0,159	0,170	0,134	0,000	0,000
	run	24	2022:11:08    11:46:11,703
0,000	-13,084	-13,175	-13,182	-13,273	-13,300	-13,319	-13,329	-13,336	-13,333	-13,349	-13,339	-13,315	-13,275	-13,187	-13,070	-0,171	-0,138	-0,146	-0,105	-0,079	-0,059	-0,036	-0,018	0,003	0,027	0,074	0,117	0,158	0,182	0,149	0,000	0,000
1,000	-16,543	-16,490	-16,416	-16,181	-15,999	-15,876	-15,803	-15,748	-15,676	-15,646	-15,583	-15,526	-15,466	-15,369	-15,262	0,114	0,243	0,308	0,403	0,413	0,361	0,340	0,311	0,284	0,258	0,249	0,249	0,249	0,239	0,176	0,000	0,000
2,000	-10,185	-10,167	-10,133	-9,991	-9,886	-9,816	-9,771	-9,730	-9,672	-9,639	-9,575	-9,493	-9,400	-9,249	-9,088	0,075	0,131	0,173	0,250	0,265	0,241	0,252	0,245	0,253	0,259	0,289	0,320	0,343	0,343	0,259	0,000	0,000
3,000	-20,396	-20,368	-20,289	-19,954	-19,740	-19,603	-19,525	-19,474	-19,419	-19,410	-19,374	-19,338	-19,279	-19,174	-19,047	0,127	0,294	0,372	0,494	0,477	0,395	0,346	0,294	0,256	0,215	0,213	0,225	0,236	0,249	0,188	0,000	0,000
4,000	-10,860	-10,897	-10,811	-10,813	-10,786	-10,775	-10,781	-10,780	-10,778	-10,759	-10,711	-10,646	-10,510	-10,297	-10,008	-0,160	0,010	0,007	0,049	0,054	0,061	0,085	0,099	0,137	0,189	0,277	0,361	0,448	0,499	0,409	0,000	0,000
5,000	-12,364	-12,378	-12,493	-12,536	-12,517	-12,501	-12,499	-12,496	-12,467	-12,467	-12,422	-12,350	-12,219	-11,980	-11,684	-0,143	-0,183	-0,141	-0,021	0,011	0,036	0,072	0,100	0,139	0,189	0,271	0,367	0,462	0,517	0,425	0,000	0,000
6,000	-7,417	-7,198	-7,061	-6,867	-6,764	-6,695	-6,660	-6,623	-6,590	-6,562	-6,518	-6,474	-6,410	-6,320	-6,219	0,656	0,526	0,442	0,365	0,313	0,260	0,239	0,218	0,204	0,198	0,202	0,212	0,217	0,218	0,166	0,000	0,000
7,000	-3,174	-2,880	-2,833	-2,704	-2,664	-2,633	-2,620	-2,612	-2,599	-2,596	-2,589	-2,577	-2,568	-2,547	-2,517	1,337	0,754	0,551	0,307	0,224	0,158	0,132	0,103	0,094	0,074	0,061	0,056	0,055	0,057	0,045	0,000	0,000
8,000	-14,551	-14,239	-14,077	-14,049	-14,011	-14,022	-14,033	-14,059	-14,078	-14,105	-14,132	-14,156	-14,165	-14,147	-14,121	1,783	1,058	0,692	0,303	0,173	0,077	0,042	-0,003	-0,032	-0,040	-0,022	-0,018	0,004	0,035	0,041	0,000	0,000
9,000	-10,085	-9,930	-9,842	-9,610	-9,462	-9,347	-9,282	-9,233	-9,184	-9,150	-9,106	-9,056	-9,002	-8,914	-8,810	0,196	0,279	0,322	0,390	0,375	0,329	0,301	0,266	0,240	0,229	0,223	0,227	0,218	0,216	0,161	0,000	0,000
10,000	-10,177	-10,234	-10,130	-10,019	-9,940	-9,898	-9,877	-9,854	-9,826	-9,826	-9,800	-9,770	-9,711	-9,631	-9,531	-0,318	0,011	0,060	0,156	0,141	0,129	0,118	0,121	0,116	0,118	0,140	0,158	0,183	0,186	0,147	0,000	0,000
11,000	-10,085	-10,058	-10,033	-9,910	-9,836	-9,783	-9,759	-9,734	-9,707	-9,688	-9,644	-9,601	-9,543	-9,448	-9,328	-0,084	0,031	0,083	0,165	0,174	0,152	0,150	0,145	0,150	0,158	0,181	0,207	0,220	0,229	0,177	0,000	0,000
12,000	-15,441	-15,559	-15,473	-15,454	-15,387	-15,375	-15,367	-15,358	-15,349	-15,361	-15,338	-15,301	-15,247	-15,134	-15,011	-0,235	-0,043	0,006	0,065	0,072	0,065	0,063	0,068	0,076	0,086	0,126	0,167	0,205	0,231	0,186	0,000	0,000
13,000	-8,545	-8,606	-8,582	-8,609	-8,597	-8,582	-8,569	-8,555	-8,524	-8,491	-8,437	-8,363	-8,256	-8,106	-7,897	-0,116	-0,053	-0,034	0,015	0,053	0,080	0,106	0,130	0,162	0,200	0,251	0,304	0,353	0,378	0,300	0,000	0,000
14,000	-12,005	-11,828	-11,941	-11,852	-11,849	-11,821	-11,799	-11,799	-11,792	-11,780	-11,767	-11,726	-11,634	-11,485	-11,288	-0,000	-0,080	-0,001	0,055	0,062	0,057	0,073	0,074	0,088	0,121	0,172	0,231	0,305	0,337	0,276	0,000	0,000
15,000	-8,990	-9,074	-9,019	-9,003	-8,966	-8,962	-8,953	-8,941	-8,921	-8,914	-8,883	-8,854	-8,806	-8,733	-8,645	-0,147	0,017	0,010	0,050	0,051	0,066	0,075	0,085	0,084	0,098	0,121	0,138	0,159	0,169	0,140	0,000	0,000
