Device: PM2003001		2022:11:15    09:45:31,288  (DLL version: 1.20;  Status: HW:v1.02 SW:v1.3 CRC:31ED BATTERY:4170mV ST:2 ERR:0010;  MUX data; S: 92 I:143 R:200.000 C:1.094p F:)
Excitation level, V:	1,50
Voltage Channel Gain:	10
Current Channel Gain:	1
Voltmeter Range, V:	0,3
Ampermeter Range, A:	15,0m
Step Period, ms:	5
R transimp:	200
C transimp:	1,1p
Measurement Table: 	EEPROM  16

Freq, Hz	1,0k	2,0k	3,0k	7,0k	11,0k	17,0k	23,0k	31,0k	43,0k	61,0k	89,0k	127,0k	179,0k	251,0k	349,0k	1,0k	2,0k	3,0k	7,0k	11,0k	17,0k	23,0k	31,0k	43,0k	61,0k	89,0k	127,0k	179,0k	251,0k	349,0k
	run	1	2022:11:15    09:45:31,290
MUX	Re1, ohm	Re2, ohm	Re3, ohm	Re4, ohm	Re5, ohm	Re6, ohm	Re7, ohm	Re8, ohm	Re9, ohm	Re10, ohm	Re11, ohm	Re12, ohm	Re13, ohm	Re14, ohm	Re15, ohm	Im1, ohm	Im2, ohm	Im3, ohm	Im4, ohm	Im5, ohm	Im6, ohm	Im7, ohm	Im8, ohm	Im9, ohm	Im10, ohm	Im11, ohm	Im12, ohm	Im13, ohm	Im14, ohm	Im15, ohm	U, V	I, mA

0,000	-3,742	-3,763	-3,764	-3,784	-3,782	-3,786	-3,787	-3,788	-3,788	-3,793	-3,794	-3,790	-3,788	-3,778	-3,766	-0,022	-0,023	-0,023	-0,013	-0,012	-0,010	-0,007	-0,004	-0,002	-0,001	0,003	0,011	0,014	0,019	0,015	0,048	10,884
1,000	-4,220	-4,207	-4,184	-4,136	-4,097	-4,076	-4,065	-4,055	-4,047	-4,045	-4,038	-4,028	-4,020	-4,004	-3,988	0,028	0,051	0,065	0,086	0,078	0,061	0,055	0,050	0,046	0,038	0,038	0,038	0,037	0,039	0,027	0,045	11,191
2,000	-2,704	-2,719	-2,704	-2,699	-2,679	-2,661	-2,649	-2,640	-2,627	-2,624	-2,615	-2,605	-2,600	-2,588	-2,577	-0,009	0,007	0,016	0,036	0,047	0,045	0,046	0,043	0,043	0,034	0,032	0,032	0,031	0,026	0,018	0,037	11,624
3,000	-5,462	-5,464	-5,449	-5,411	-5,372	-5,351	-5,341	-5,336	-5,331	-5,336	-5,332	-5,331	-5,325	-5,305	-5,289	0,017	0,033	0,050	0,071	0,070	0,055	0,045	0,035	0,031	0,021	0,026	0,026	0,032	0,034	0,025	0,077	12,422
4,000	-3,015	-3,028	-3,027	-3,032	-3,020	-3,016	-3,012	-3,009	-3,004	-2,997	-2,993	-2,987	-2,974	-2,952	-2,927	-0,020	-0,014	-0,005	0,010	0,016	0,016	0,021	0,021	0,025	0,028	0,033	0,040	0,045	0,047	0,037	0,043	12,268
5,000	-3,340	-3,364	-3,371	-3,381	-3,373	-3,375	-3,373	-3,373	-3,374	-3,373	-3,372	-3,364	-3,352	-3,330	-3,302	-0,051	-0,036	-0,026	-0,007	0,002	0,001	0,006	0,006	0,011	0,016	0,024	0,035	0,042	0,049	0,040	0,047	11,199
6,000	-2,111	-2,132	-2,141	-2,131	-2,117	-2,100	-2,094	-2,092	-2,083	-2,077	-2,072	-2,073	-2,068	-2,062	-2,053	-0,062	-0,036	-0,013	0,023	0,028	0,030	0,030	0,024	0,022	0,021	0,020	0,019	0,018	0,016	0,009	0,025	11,565
7,000	-1,641	-1,684	-1,693	-1,707	-1,711	-1,715	-1,718	-1,722	-1,722	-1,727	-1,729	-1,730	-1,728	-1,728	-1,721	-0,080	-0,063	-0,052	-0,029	-0,020	-0,015	-0,015	-0,013	-0,012	-0,010	-0,005	-0,001	-0,002	0,004	0,003	0,038	10,935
8,000	-5,163	-5,277	-5,313	-5,362	-5,362	-5,364	-5,365	-5,367	-5,364	-5,376	-5,376	-5,376	-5,378	-5,373	-5,375	-0,221	-0,171	-0,137	-0,066	-0,042	-0,029	-0,024	-0,020	-0,015	-0,013	-0,010	-0,005	-0,004	0,001	0,001	0,064	10,920
9,000	-2,174	-2,229	-2,262	-2,269	-2,265	-2,257	-2,256	-2,255	-2,247	-2,248	-2,241	-2,233	-2,218	-2,204	-2,176	-0,128	-0,101	-0,070	-0,024	-0,007	0,003	0,007	0,009	0,015	0,019	0,027	0,036	0,039	0,043	0,034	0,051	12,810
10,000	-1,545	-1,448	-1,375	-1,251	-1,194	-1,164	-1,147	-1,133	-1,123	-1,120	-1,116	-1,112	-1,104	-1,096	-1,089	0,171	0,211	0,203	0,171	0,138	0,110	0,089	0,074	0,056	0,046	0,034	0,029	0,029	0,027	0,019	0,049	13,528
11,000	-2,874	-2,510	-2,345	-2,141	-2,072	-2,029	-2,011	-1,993	-1,979	-1,969	-1,960	-1,953	-1,949	-1,943	-1,938	0,740	0,615	0,516	0,327	0,246	0,183	0,149	0,120	0,095	0,076	0,056	0,044	0,035	0,024	0,012	0,023	13,594
12,000	-4,281	-3,965	-3,826	-3,693	-3,653	-3,634	-3,628	-3,625	-3,622	-3,625	-3,624	-3,620	-3,613	-3,598	-3,580	0,671	0,528	0,418	0,227	0,158	0,107	0,079	0,061	0,046	0,036	0,032	0,031	0,036	0,037	0,029	0,053	13,110
13,000	-1,959	-1,864	-1,832	-1,767	-1,751	-1,739	-1,731	-1,729	-1,721	-1,724	-1,718	-1,717	-1,703	-1,691	-1,672	0,159	0,143	0,128	0,088	0,064	0,047	0,043	0,032	0,030	0,023	0,025	0,029	0,033	0,034	0,029	0,040	11,807
14,000	-3,362	-3,452	-3,454	-3,477	-3,466	-3,464	-3,463	-3,458	-3,458	-3,459	-3,454	-3,449	-3,439	-3,419	-3,397	-0,158	-0,096	-0,067	-0,022	-0,005	0,000	0,004	0,006	0,009	0,014	0,019	0,029	0,036	0,041	0,033	0,054	11,711
15,000	-2,276	-2,281	-2,294	-2,292	-2,285	-2,284	-2,281	-2,282	-2,278	-2,280	-2,280	-2,280	-2,275	-2,264	-2,256	-0,027	-0,021	-0,018	0,000	0,003	0,002	0,004	0,004	0,006	0,006	0,008	0,014	0,016	0,019	0,014	0,058	12,063
	run	2	2022:11:15    09:45:31,391
0,000	-3,760	-3,776	-3,778	-3,799	-3,799	-3,801	-3,804	-3,806	-3,806	-3,811	-3,809	-3,810	-3,806	-3,795	-3,782	-0,023	-0,025	-0,023	-0,017	-0,013	-0,013	-0,009	-0,007	-0,003	-0,003	0,002	0,008	0,015	0,020	0,016	0,048	10,847
1,000	-4,212	-4,197	-4,176	-4,127	-4,088	-4,063	-4,052	-4,045	-4,034	-4,033	-4,025	-4,014	-4,005	-3,990	-3,974	0,038	0,054	0,067	0,085	0,080	0,066	0,061	0,051	0,046	0,038	0,038	0,038	0,037	0,035	0,027	0,044	11,162
2,000	-2,702	-2,718	-2,706	-2,701	-2,681	-2,664	-2,654	-2,643	-2,633	-2,627	-2,617	-2,610	-2,603	-2,590	-2,581	-0,007	0,006	0,015	0,036	0,044	0,045	0,046	0,041	0,039	0,035	0,035	0,033	0,029	0,028	0,019	0,036	11,587
3,000	-5,446	-5,451	-5,439	-5,397	-5,361	-5,339	-5,328	-5,322	-5,318	-5,321	-5,319	-5,315	-5,312	-5,294	-5,275	0,019	0,037	0,048	0,071	0,068	0,054	0,044	0,036	0,029	0,022	0,022	0,026	0,030	0,036	0,025	0,078	12,422
4,000	-3,002	-3,016	-3,009	-3,014	-3,002	-2,997	-2,994	-2,991	-2,984	-2,982	-2,976	-2,969	-2,956	-2,938	-2,913	-0,023	-0,007	-0,005	0,010	0,014	0,018	0,021	0,022	0,026	0,026	0,034	0,037	0,043	0,047	0,036	0,040	12,268
5,000	-3,335	-3,361	-3,362	-3,376	-3,371	-3,367	-3,368	-3,368	-3,367	-3,367	-3,364	-3,358	-3,342	-3,323	-3,293	-0,049	-0,033	-0,027	-0,008	-0,001	0,004	0,006	0,005	0,011	0,018	0,025	0,034	0,044	0,052	0,041	0,050	11,213
6,000	-2,095	-2,118	-2,124	-2,120	-2,105	-2,086	-2,079	-2,075	-2,067	-2,069	-2,058	-2,060	-2,057	-2,047	-2,043	-0,057	-0,033	-0,011	0,021	0,025	0,030	0,028	0,022	0,021	0,021	0,015	0,018	0,018	0,016	0,008	0,026	11,587
7,000	-1,624	-1,664	-1,673	-1,690	-1,693	-1,700	-1,702	-1,705	-1,706	-1,710	-1,710	-1,712	-1,713	-1,709	-1,705	-0,084	-0,060	-0,048	-0,028	-0,021	-0,018	-0,016	-0,012	-0,008	-0,009	-0,006	-0,002	-0,001	0,002	0,005	0,038	10,950
8,000	-5,177	-5,297	-5,335	-5,383	-5,386	-5,384	-5,390	-5,388	-5,387	-5,396	-5,397	-5,398	-5,398	-5,393	-5,395	-0,230	-0,168	-0,136	-0,066	-0,044	-0,030	-0,025	-0,019	-0,013	-0,015	-0,006	-0,004	-0,003	0,001	0,002	0,064	10,957
9,000	-2,155	-2,199	-2,229	-2,241	-2,236	-2,235	-2,229	-2,229	-2,221	-2,221	-2,215	-2,208	-2,200	-2,176	-2,152	-0,122	-0,098	-0,065	-0,018	-0,008	-0,001	0,004	0,008	0,016	0,022	0,026	0,030	0,040	0,044	0,032	0,050	12,832
10,000	-1,570	-1,466	-1,389	-1,263	-1,206	-1,175	-1,158	-1,141	-1,133	-1,133	-1,126	-1,122	-1,120	-1,109	-1,098	0,175	0,218	0,210	0,177	0,143	0,111	0,092	0,076	0,058	0,047	0,037	0,029	0,028	0,027	0,019	0,048	13,521
11,000	-2,888	-2,519	-2,353	-2,144	-2,077	-2,033	-2,013	-1,997	-1,981	-1,971	-1,962	-1,956	-1,950	-1,945	-1,939	0,746	0,618	0,518	0,330	0,250	0,183	0,152	0,121	0,098	0,075	0,058	0,043	0,033	0,026	0,013	0,023	13,586
12,000	-4,284	-3,968	-3,831	-3,699	-3,660	-3,640	-3,638	-3,633	-3,632	-3,631	-3,632	-3,627	-3,621	-3,605	-3,587	0,671	0,522	0,419	0,229	0,159	0,106	0,081	0,061	0,045	0,035	0,033	0,033	0,034	0,037	0,027	0,054	13,081
13,000	-1,962	-1,864	-1,831	-1,769	-1,748	-1,736	-1,730	-1,727	-1,720	-1,719	-1,718	-1,716	-1,704	-1,687	-1,672	0,160	0,146	0,126	0,088	0,064	0,049	0,042	0,034	0,031	0,026	0,029	0,029	0,034	0,035	0,031	0,041	11,814
14,000	-3,352	-3,450	-3,450	-3,474	-3,461	-3,457	-3,457	-3,455	-3,453	-3,454	-3,450	-3,445	-3,435	-3,414	-3,392	-0,160	-0,095	-0,070	-0,022	-0,006	0,001	0,005	0,007	0,010	0,012	0,020	0,028	0,035	0,042	0,033	0,054	11,733
15,000	-2,271	-2,280	-2,292	-2,289	-2,283	-2,282	-2,281	-2,279	-2,276	-2,280	-2,280	-2,278	-2,272	-2,263	-2,254	-0,026	-0,020	-0,016	0,001	0,002	0,003	0,005	0,005	0,006	0,006	0,010	0,012	0,015	0,019	0,013	0,058	12,034
	run	3	2022:11:15    09:45:31,442
0,000	-3,760	-3,776	-3,778	-3,799	-3,799	-3,801	-3,804	-3,806	-3,806	-3,811	-3,809	-3,810	-3,806	-3,795	-3,782	-0,023	-0,025	-0,023	-0,017	-0,013	-0,013	-0,009	-0,007	-0,003	-0,003	0,002	0,008	0,015	0,020	0,016	0,048	10,847
1,000	-4,212	-4,197	-4,176	-4,127	-4,088	-4,063	-4,052	-4,045	-4,034	-4,033	-4,025	-4,014	-4,005	-3,990	-3,974	0,038	0,054	0,067	0,085	0,080	0,066	0,061	0,051	0,046	0,038	0,038	0,038	0,037	0,035	0,027	0,044	11,162
2,000	-2,702	-2,718	-2,706	-2,701	-2,681	-2,664	-2,654	-2,643	-2,633	-2,627	-2,617	-2,610	-2,603	-2,590	-2,581	-0,007	0,006	0,015	0,036	0,044	0,045	0,046	0,041	0,039	0,035	0,035	0,033	0,029	0,028	0,019	0,036	11,587
3,000	-5,446	-5,451	-5,439	-5,397	-5,361	-5,339	-5,328	-5,322	-5,318	-5,321	-5,319	-5,315	-5,312	-5,294	-5,275	0,019	0,037	0,048	0,071	0,068	0,054	0,044	0,036	0,029	0,022	0,022	0,026	0,030	0,036	0,025	0,078	12,422
4,000	-3,002	-3,016	-3,009	-3,014	-3,002	-2,997	-2,994	-2,991	-2,984	-2,982	-2,976	-2,969	-2,956	-2,938	-2,913	-0,023	-0,007	-0,005	0,010	0,014	0,018	0,021	0,022	0,026	0,026	0,034	0,037	0,043	0,047	0,036	0,040	12,268
5,000	-3,335	-3,361	-3,362	-3,376	-3,371	-3,367	-3,368	-3,368	-3,367	-3,367	-3,364	-3,358	-3,342	-3,323	-3,293	-0,049	-0,033	-0,027	-0,008	-0,001	0,004	0,006	0,005	0,011	0,018	0,025	0,034	0,044	0,052	0,041	0,050	11,213
6,000	-2,093	-2,125	-2,128	-2,118	-2,104	-2,088	-2,087	-2,078	-2,068	-2,068	-2,060	-2,059	-2,058	-2,048	-2,046	-0,059	-0,030	-0,013	0,021	0,028	0,025	0,029	0,027	0,022	0,016	0,022	0,013	0,016	0,015	0,008	0,026	11,587
7,000	-1,642	-1,682	-1,693	-1,711	-1,716	-1,719	-1,723	-1,726	-1,726	-1,731	-1,734	-1,735	-1,733	-1,729	-1,729	-0,083	-0,062	-0,052	-0,029	-0,024	-0,021	-0,018	-0,015	-0,010	-0,010	-0,008	-0,001	-0,001	0,004	0,003	0,038	10,972
8,000	-5,123	-5,243	-5,274	-5,321	-5,323	-5,325	-5,325	-5,326	-5,326	-5,334	-5,333	-5,336	-5,337	-5,330	-5,331	-0,231	-0,166	-0,131	-0,066	-0,039	-0,029	-0,018	-0,017	-0,013	-0,014	-0,005	-0,006	-0,001	0,002	-0,001	0,063	10,972
9,000	-2,231	-2,284	-2,320	-2,329	-2,328	-2,328	-2,322	-2,320	-2,314	-2,315	-2,310	-2,303	-2,289	-2,272	-2,246	-0,129	-0,104	-0,072	-0,021	-0,009	-0,005	0,004	0,008	0,017	0,022	0,025	0,031	0,041	0,043	0,031	0,049	12,847
10,000	-1,543	-1,441	-1,362	-1,243	-1,183	-1,151	-1,135	-1,123	-1,109	-1,110	-1,104	-1,104	-1,094	-1,083	-1,078	0,175	0,217	0,209	0,174	0,143	0,111	0,092	0,074	0,057	0,046	0,035	0,032	0,029	0,026	0,018	0,047	13,638
11,000	-2,875	-2,505	-2,341	-2,133	-2,061	-2,019	-1,998	-1,981	-1,966	-1,958	-1,947	-1,942	-1,935	-1,928	-1,926	0,743	0,622	0,523	0,332	0,249	0,186	0,152	0,122	0,098	0,074	0,058	0,043	0,033	0,025	0,014	0,023	13,586
12,000	-4,266	-3,953	-3,814	-3,681	-3,642	-3,625	-3,620	-3,616	-3,613	-3,615	-3,613	-3,610	-3,603	-3,588	-3,570	0,669	0,523	0,417	0,230	0,157	0,107	0,080	0,062	0,046	0,036	0,033	0,033	0,033	0,035	0,028	0,053	13,088
13,000	-1,950	-1,856	-1,825	-1,762	-1,739	-1,729	-1,721	-1,719	-1,712	-1,713	-1,709	-1,708	-1,697	-1,681	-1,664	0,157	0,146	0,124	0,087	0,065	0,049	0,041	0,035	0,029	0,024	0,025	0,028	0,031	0,036	0,030	0,040	11,821
14,000	-3,377	-3,470	-3,471	-3,496	-3,486	-3,483	-3,482	-3,478	-3,477	-3,479	-3,475	-3,470	-3,459	-3,440	-3,415	-0,162	-0,097	-0,070	-0,022	-0,005	-0,001	0,003	0,006	0,011	0,011	0,020	0,029	0,037	0,041	0,031	0,054	11,719
15,000	-2,282	-2,288	-2,304	-2,301	-2,294	-2,292	-2,290	-2,289	-2,286	-2,288	-2,288	-2,286	-2,281	-2,272	-2,263	-0,025	-0,018	-0,017	0,001	0,005	0,004	0,008	0,004	0,005	0,007	0,008	0,012	0,017	0,017	0,015	0,058	12,034
	run	4	2022:11:15    09:45:31,542
0,000	-3,763	-3,788	-3,787	-3,807	-3,807	-3,807	-3,813	-3,814	-3,812	-3,819	-3,817	-3,815	-3,813	-3,803	-3,790	-0,020	-0,022	-0,023	-0,017	-0,014	-0,012	-0,006	-0,005	-0,003	-0,002	0,004	0,010	0,014	0,019	0,017	0,049	10,847
1,000	-4,228	-4,209	-4,189	-4,137	-4,099	-4,075	-4,065	-4,058	-4,044	-4,043	-4,035	-4,027	-4,019	-4,002	-3,987	0,037	0,057	0,066	0,085	0,082	0,065	0,060	0,051	0,045	0,038	0,040	0,038	0,037	0,037	0,027	0,046	11,162
2,000	-2,705	-2,717	-2,707	-2,699	-2,681	-2,665	-2,652	-2,644	-2,634	-2,626	-2,616	-2,610	-2,604	-2,591	-2,583	-0,008	0,007	0,016	0,033	0,045	0,044	0,046	0,044	0,041	0,036	0,037	0,030	0,029	0,028	0,017	0,037	11,602
3,000	-5,475	-5,480	-5,466	-5,424	-5,388	-5,365	-5,357	-5,350	-5,346	-5,347	-5,345	-5,342	-5,336	-5,322	-5,304	0,017	0,036	0,048	0,073	0,067	0,055	0,046	0,035	0,028	0,021	0,023	0,028	0,030	0,033	0,025	0,079	12,422
4,000	-3,014	-3,026	-3,025	-3,025	-3,016	-3,011	-3,007	-3,004	-2,997	-2,996	-2,992	-2,982	-2,970	-2,947	-2,922	-0,024	-0,010	-0,006	0,009	0,016	0,019	0,022	0,023	0,025	0,027	0,035	0,041	0,046	0,046	0,037	0,041	12,283
5,000	-3,353	-3,374	-3,379	-3,388	-3,389	-3,384	-3,383	-3,383	-3,385	-3,383	-3,380	-3,373	-3,359	-3,337	-3,307	-0,047	-0,036	-0,028	-0,009	0,000	0,002	0,006	0,003	0,010	0,016	0,026	0,035	0,042	0,051	0,043	0,050	11,206
6,000	-2,097	-2,131	-2,133	-2,121	-2,106	-2,093	-2,085	-2,081	-2,073	-2,068	-2,062	-2,061	-2,059	-2,051	-2,044	-0,054	-0,037	-0,005	0,021	0,027	0,033	0,029	0,022	0,023	0,017	0,018	0,018	0,014	0,014	0,012	0,026	11,550
7,000	-1,641	-1,685	-1,690	-1,710	-1,711	-1,718	-1,719	-1,722	-1,722	-1,728	-1,729	-1,727	-1,731	-1,726	-1,726	-0,082	-0,060	-0,048	-0,028	-0,022	-0,018	-0,016	-0,015	-0,011	-0,010	-0,006	-0,003	0,003	0,001	0,002	0,037	10,942
8,000	-5,153	-5,273	-5,311	-5,355	-5,360	-5,360	-5,362	-5,360	-5,362	-5,374	-5,366	-5,374	-5,371	-5,370	-5,369	-0,224	-0,168	-0,137	-0,067	-0,041	-0,030	-0,021	-0,021	-0,014	-0,009	-0,010	-0,004	-0,006	0,003	0,003	0,063	10,935
9,000	-2,193	-2,246	-2,276	-2,290	-2,280	-2,282	-2,277	-2,277	-2,271	-2,268	-2,261	-2,254	-2,247	-2,223	-2,203	-0,126	-0,102	-0,070	-0,015	-0,009	-0,001	0,005	0,004	0,018	0,018	0,026	0,038	0,041	0,045	0,033	0,049	12,825
10,000	-1,545	-1,441	-1,368	-1,247	-1,189	-1,159	-1,140	-1,127	-1,122	-1,117	-1,113	-1,109	-1,103	-1,093	-1,085	0,175	0,216	0,209	0,175	0,141	0,111	0,094	0,073	0,057	0,043	0,033	0,030	0,030	0,026	0,017	0,048	13,550
11,000	-2,868	-2,500	-2,337	-2,132	-2,065	-2,021	-2,001	-1,987	-1,972	-1,962	-1,953	-1,944	-1,941	-1,933	-1,932	0,732	0,611	0,512	0,325	0,246	0,182	0,148	0,119	0,097	0,072	0,056	0,045	0,032	0,025	0,014	0,024	13,594
12,000	-4,266	-3,949	-3,814	-3,681	-3,639	-3,622	-3,617	-3,615	-3,610	-3,612	-3,612	-3,608	-3,600	-3,586	-3,568	0,665	0,522	0,416	0,227	0,157	0,105	0,080	0,061	0,046	0,034	0,033	0,033	0,033	0,036	0,026	0,054	13,110
13,000	-1,947	-1,857	-1,823	-1,765	-1,742	-1,730	-1,723	-1,720	-1,714	-1,717	-1,714	-1,705	-1,698	-1,683	-1,668	0,155	0,143	0,124	0,085	0,066	0,048	0,043	0,036	0,028	0,027	0,026	0,027	0,036	0,031	0,031	0,040	11,829
14,000	-3,367	-3,459	-3,458	-3,483	-3,475	-3,469	-3,470	-3,467	-3,463	-3,467	-3,463	-3,457	-3,447	-3,429	-3,406	-0,160	-0,096	-0,070	-0,021	-0,007	-0,002	0,003	0,006	0,010	0,013	0,020	0,027	0,036	0,041	0,035	0,054	11,733
15,000	-2,272	-2,279	-2,292	-2,291	-2,285	-2,283	-2,280	-2,280	-2,277	-2,279	-2,280	-2,276	-2,271	-2,262	-2,253	-0,028	-0,018	-0,016	0,002	0,003	0,004	0,006	0,004	0,005	0,006	0,009	0,014	0,016	0,019	0,015	0,058	12,041
	run	5	2022:11:15    09:45:31,643
0,000	-3,736	-3,756	-3,757	-3,776	-3,778	-3,781	-3,783	-3,784	-3,783	-3,789	-3,788	-3,787	-3,785	-3,773	-3,761	-0,025	-0,023	-0,020	-0,020	-0,012	-0,012	-0,006	-0,006	-0,004	-0,002	0,003	0,011	0,016	0,021	0,016	0,050	10,884
1,000	-4,210	-4,191	-4,173	-4,124	-4,084	-4,060	-4,049	-4,042	-4,031	-4,029	-4,019	-4,014	-4,003	-3,988	-3,973	0,028	0,054	0,064	0,083	0,078	0,063	0,058	0,050	0,044	0,038	0,038	0,038	0,037	0,038	0,027	0,045	11,184
2,000	-2,710	-2,720	-2,713	-2,702	-2,685	-2,668	-2,657	-2,645	-2,634	-2,629	-2,619	-2,611	-2,605	-2,592	-2,584	-0,007	0,007	0,012	0,038	0,044	0,048	0,045	0,045	0,042	0,035	0,032	0,032	0,028	0,026	0,018	0,036	11,609
3,000	-5,498	-5,499	-5,486	-5,444	-5,406	-5,385	-5,372	-5,369	-5,362	-5,367	-5,363	-5,358	-5,355	-5,338	-5,322	0,015	0,035	0,051	0,070	0,071	0,055	0,046	0,035	0,026	0,022	0,023	0,028	0,031	0,034	0,027	0,079	12,407
4,000	-3,018	-3,031	-3,031	-3,034	-3,024	-3,020	-3,018	-3,011	-3,006	-3,004	-2,998	-2,991	-2,980	-2,958	-2,935	-0,022	-0,011	-0,007	0,010	0,017	0,019	0,023	0,018	0,024	0,024	0,033	0,037	0,042	0,046	0,037	0,040	12,231
5,000	-3,374	-3,392	-3,400	-3,410	-3,406	-3,404	-3,404	-3,402	-3,403	-3,403	-3,396	-3,392	-3,379	-3,358	-3,328	-0,049	-0,035	-0,027	-0,007	0,001	0,003	0,006	0,007	0,010	0,016	0,026	0,037	0,044	0,052	0,041	0,050	11,169
6,000	-2,113	-2,141	-2,147	-2,141	-2,123	-2,110	-2,102	-2,097	-2,089	-2,089	-2,086	-2,082	-2,075	-2,069	-2,062	-0,055	-0,035	-0,016	0,019	0,025	0,032	0,029	0,027	0,022	0,020	0,018	0,017	0,016	0,014	0,008	0,026	11,550
7,000	-1,648	-1,690	-1,698	-1,714	-1,717	-1,722	-1,724	-1,729	-1,728	-1,734	-1,733	-1,735	-1,734	-1,732	-1,731	-0,083	-0,058	-0,050	-0,028	-0,020	-0,020	-0,015	-0,013	-0,011	-0,009	-0,005	-0,002	0,001	0,001	0,002	0,037	10,935
8,000	-5,175	-5,301	-5,330	-5,382	-5,379	-5,386	-5,387	-5,388	-5,387	-5,395	-5,400	-5,398	-5,394	-5,395	-5,394	-0,227	-0,173	-0,134	-0,065	-0,041	-0,031	-0,024	-0,020	-0,013	-0,016	-0,013	-0,009	-0,006	0,002	-0,001	0,064	10,920
9,000	-2,174	-2,217	-2,247	-2,260	-2,257	-2,249	-2,244	-2,247	-2,240	-2,243	-2,227	-2,227	-2,212	-2,195	-2,172	-0,125	-0,103	-0,064	-0,021	-0,003	-0,000	0,006	0,009	0,017	0,015	0,027	0,038	0,041	0,041	0,035	0,049	12,810
10,000	-1,547	-1,444	-1,365	-1,249	-1,195	-1,162	-1,143	-1,133	-1,123	-1,119	-1,113	-1,112	-1,105	-1,095	-1,085	0,175	0,217	0,205	0,172	0,140	0,107	0,092	0,073	0,056	0,046	0,036	0,028	0,030	0,027	0,020	0,047	13,528
11,000	-2,854	-2,490	-2,325	-2,120	-2,054	-2,011	-1,990	-1,973	-1,960	-1,950	-1,942	-1,936	-1,931	-1,923	-1,922	0,733	0,610	0,513	0,324	0,245	0,181	0,147	0,118	0,096	0,072	0,055	0,042	0,032	0,024	0,014	0,023	13,608
12,000	-4,241	-3,919	-3,785	-3,650	-3,614	-3,596	-3,589	-3,586	-3,582	-3,585	-3,585	-3,580	-3,574	-3,559	-3,543	0,667	0,521	0,415	0,229	0,158	0,108	0,080	0,060	0,047	0,036	0,033	0,032	0,033	0,034	0,026	0,052	13,118
13,000	-1,947	-1,854	-1,822	-1,764	-1,738	-1,726	-1,720	-1,714	-1,710	-1,712	-1,708	-1,706	-1,695	-1,681	-1,661	0,159	0,142	0,126	0,087	0,064	0,049	0,041	0,034	0,030	0,026	0,025	0,027	0,034	0,034	0,031	0,040	11,858
14,000	-3,352	-3,445	-3,446	-3,468	-3,458	-3,456	-3,453	-3,449	-3,448	-3,448	-3,446	-3,440	-3,430	-3,413	-3,388	-0,160	-0,099	-0,067	-0,022	-0,006	-0,002	0,007	0,006	0,011	0,011	0,018	0,028	0,036	0,038	0,033	0,054	11,741
15,000	-2,263	-2,269	-2,284	-2,282	-2,274	-2,275	-2,272	-2,272	-2,268	-2,271	-2,272	-2,270	-2,264	-2,254	-2,246	-0,024	-0,021	-0,018	0,002	0,003	0,003	0,004	0,005	0,006	0,007	0,008	0,012	0,017	0,020	0,015	0,059	12,048
	run	6	2022:11:15    09:45:31,690
0,000	-3,735	-3,751	-3,756	-3,774	-3,775	-3,778	-3,779	-3,780	-3,779	-3,785	-3,784	-3,781	-3,780	-3,766	-3,756	-0,019	-0,024	-0,022	-0,016	-0,012	-0,009	-0,007	-0,004	-0,002	-0,003	0,004	0,011	0,016	0,020	0,016	0,049	10,862
1,000	-4,210	-4,194	-4,177	-4,124	-4,086	-4,063	-4,053	-4,044	-4,033	-4,031	-4,023	-4,015	-4,009	-3,991	-3,974	0,032	0,052	0,066	0,083	0,080	0,062	0,057	0,050	0,043	0,038	0,038	0,039	0,038	0,037	0,026	0,045	11,184
2,000	-2,710	-2,720	-2,713	-2,702	-2,685	-2,668	-2,657	-2,645	-2,634	-2,629	-2,619	-2,611	-2,605	-2,592	-2,584	-0,007	0,007	0,012	0,038	0,044	0,048	0,045	0,045	0,042	0,035	0,032	0,032	0,028	0,026	0,018	0,036	11,609
3,000	-5,498	-5,499	-5,486	-5,444	-5,406	-5,385	-5,372	-5,369	-5,362	-5,367	-5,363	-5,358	-5,355	-5,338	-5,322	0,015	0,035	0,051	0,070	0,071	0,055	0,046	0,035	0,026	0,022	0,023	0,028	0,031	0,034	0,027	0,079	12,407
4,000	-3,018	-3,031	-3,031	-3,034	-3,024	-3,020	-3,018	-3,011	-3,006	-3,004	-2,998	-2,991	-2,980	-2,958	-2,935	-0,022	-0,011	-0,007	0,010	0,017	0,019	0,023	0,018	0,024	0,024	0,033	0,037	0,042	0,046	0,037	0,040	12,231
5,000	-3,374	-3,392	-3,400	-3,410	-3,406	-3,404	-3,404	-3,402	-3,403	-3,403	-3,396	-3,392	-3,379	-3,358	-3,328	-0,049	-0,035	-0,027	-0,007	0,001	0,003	0,006	0,007	0,010	0,016	0,026	0,037	0,044	0,052	0,041	0,050	11,169
6,000	-2,113	-2,141	-2,147	-2,141	-2,123	-2,110	-2,102	-2,097	-2,089	-2,089	-2,086	-2,082	-2,075	-2,069	-2,062	-0,055	-0,035	-0,016	0,019	0,025	0,032	0,029	0,027	0,022	0,020	0,018	0,017	0,016	0,014	0,008	0,026	11,550
7,000	-1,648	-1,690	-1,698	-1,714	-1,717	-1,722	-1,724	-1,729	-1,728	-1,734	-1,733	-1,735	-1,734	-1,732	-1,731	-0,083	-0,058	-0,050	-0,028	-0,020	-0,020	-0,015	-0,013	-0,011	-0,009	-0,005	-0,002	0,001	0,001	0,002	0,037	10,935
8,000	-5,145	-5,273	-5,306	-5,354	-5,357	-5,356	-5,360	-5,362	-5,362	-5,370	-5,368	-5,367	-5,374	-5,368	-5,367	-0,224	-0,171	-0,134	-0,063	-0,044	-0,030	-0,023	-0,021	-0,014	-0,014	-0,012	-0,003	-0,002	0,002	0,001	0,063	10,928
9,000	-2,187	-2,234	-2,268	-2,277	-2,276	-2,265	-2,268	-2,263	-2,258	-2,254	-2,255	-2,244	-2,232	-2,208	-2,189	-0,125	-0,101	-0,070	-0,018	-0,004	-0,001	0,005	0,010	0,016	0,020	0,027	0,033	0,042	0,044	0,034	0,049	12,810
10,000	-1,544	-1,441	-1,369	-1,246	-1,192	-1,158	-1,143	-1,129	-1,121	-1,116	-1,116	-1,112	-1,105	-1,093	-1,085	0,182	0,215	0,201	0,173	0,142	0,111	0,088	0,072	0,057	0,045	0,035	0,030	0,032	0,025	0,017	0,048	13,557
11,000	-2,863	-2,496	-2,334	-2,127	-2,063	-2,018	-1,997	-1,983	-1,967	-1,959	-1,949	-1,942	-1,937	-1,930	-1,927	0,729	0,610	0,513	0,325	0,244	0,182	0,147	0,119	0,096	0,074	0,055	0,043	0,034	0,024	0,012	0,023	13,601
12,000	-4,242	-3,926	-3,790	-3,660	-3,617	-3,602	-3,597	-3,591	-3,590	-3,592	-3,589	-3,588	-3,579	-3,565	-3,547	0,664	0,524	0,413	0,226	0,157	0,106	0,080	0,061	0,046	0,036	0,032	0,031	0,033	0,036	0,028	0,053	13,110
13,000	-1,936	-1,846	-1,812	-1,752	-1,730	-1,720	-1,712	-1,706	-1,702	-1,705	-1,701	-1,697	-1,685	-1,669	-1,653	0,160	0,142	0,122	0,086	0,066	0,048	0,040	0,034	0,025	0,027	0,026	0,027	0,033	0,035	0,028	0,040	11,851
14,000	-3,337	-3,429	-3,429	-3,456	-3,445	-3,440	-3,438	-3,437	-3,432	-3,437	-3,432	-3,426	-3,417	-3,398	-3,375	-0,157	-0,093	-0,065	-0,020	-0,007	0,000	0,005	0,007	0,010	0,011	0,020	0,027	0,035	0,039	0,034	0,054	11,748
15,000	-2,257	-2,259	-2,275	-2,275	-2,265	-2,267	-2,264	-2,264	-2,259	-2,263	-2,263	-2,262	-2,255	-2,246	-2,238	-0,021	-0,021	-0,016	-0,000	0,002	0,002	0,004	0,005	0,006	0,007	0,009	0,012	0,017	0,020	0,015	0,059	12,041
	run	7	2022:11:15    09:45:31,790
0,000	-3,771	-3,794	-3,794	-3,813	-3,813	-3,816	-3,819	-3,819	-3,821	-3,826	-3,826	-3,822	-3,820	-3,808	-3,796	-0,024	-0,024	-0,021	-0,017	-0,013	-0,008	-0,006	-0,005	-0,003	-0,002	0,004	0,010	0,016	0,019	0,016	0,049	10,854
1,000	-4,220	-4,202	-4,187	-4,132	-4,094	-4,071	-4,060	-4,052	-4,041	-4,040	-4,031	-4,023	-4,012	-3,998	-3,981	0,028	0,052	0,066	0,085	0,080	0,065	0,056	0,050	0,044	0,039	0,036	0,039	0,039	0,039	0,027	0,045	11,169
2,000	-2,698	-2,713	-2,702	-2,695	-2,677	-2,659	-2,647	-2,636	-2,624	-2,621	-2,610	-2,605	-2,597	-2,588	-2,576	-0,008	0,005	0,016	0,035	0,046	0,045	0,046	0,043	0,041	0,036	0,034	0,032	0,030	0,027	0,019	0,036	11,616
3,000	-5,458	-5,470	-5,452	-5,411	-5,377	-5,353	-5,343	-5,340	-5,333	-5,338	-5,336	-5,329	-5,324	-5,307	-5,289	0,015	0,037	0,048	0,071	0,070	0,053	0,047	0,036	0,029	0,022	0,023	0,027	0,033	0,031	0,026	0,078	12,422
4,000	-3,002	-3,016	-3,017	-3,016	-3,010	-3,004	-2,999	-2,998	-2,991	-2,984	-2,978	-2,973	-2,965	-2,941	-2,916	-0,023	-0,011	-0,006	0,011	0,016	0,019	0,020	0,018	0,024	0,026	0,032	0,036	0,042	0,047	0,036	0,041	12,268
5,000	-3,364	-3,385	-3,392	-3,402	-3,397	-3,394	-3,395	-3,396	-3,393	-3,393	-3,389	-3,384	-3,372	-3,351	-3,319	-0,047	-0,034	-0,023	-0,010	-0,002	0,005	0,008	0,004	0,010	0,015	0,025	0,034	0,044	0,051	0,041	0,049	11,184
6,000	-2,115	-2,143	-2,148	-2,139	-2,123	-2,106	-2,098	-2,098	-2,086	-2,083	-2,080	-2,073	-2,069	-2,064	-2,059	-0,062	-0,035	-0,017	0,021	0,032	0,024	0,026	0,023	0,020	0,018	0,017	0,020	0,016	0,019	0,008	0,026	11,558
7,000	-1,637	-1,680	-1,690	-1,709	-1,712	-1,719	-1,720	-1,722	-1,723	-1,727	-1,731	-1,735	-1,730	-1,731	-1,725	-0,087	-0,064	-0,048	-0,032	-0,023	-0,019	-0,015	-0,013	-0,012	-0,010	-0,006	-0,002	0,000	0,004	0,002	0,038	10,942
8,000	-5,159	-5,276	-5,311	-5,359	-5,360	-5,363	-5,362	-5,369	-5,364	-5,373	-5,375	-5,375	-5,372	-5,369	-5,367	-0,231	-0,168	-0,135	-0,065	-0,041	-0,030	-0,024	-0,021	-0,012	-0,016	-0,007	-0,007	-0,002	0,001	0,002	0,064	10,964
9,000	-2,189	-2,247	-2,278	-2,290	-2,284	-2,280	-2,279	-2,277	-2,268	-2,270	-2,264	-2,254	-2,247	-2,226	-2,203	-0,133	-0,100	-0,070	-0,024	-0,007	-0,000	0,003	0,008	0,012	0,018	0,022	0,032	0,041	0,043	0,031	0,050	12,854
10,000	-1,543	-1,444	-1,367	-1,246	-1,192	-1,158	-1,141	-1,129	-1,120	-1,117	-1,113	-1,108	-1,100	-1,092	-1,083	0,179	0,213	0,206	0,173	0,140	0,108	0,090	0,076	0,057	0,042	0,035	0,031	0,030	0,027	0,020	0,048	13,557
11,000	-2,865	-2,496	-2,332	-2,125	-2,057	-2,017	-1,995	-1,978	-1,965	-1,956	-1,946	-1,939	-1,932	-1,928	-1,923	0,740	0,614	0,519	0,326	0,246	0,182	0,149	0,121	0,098	0,074	0,059	0,043	0,032	0,025	0,013	0,023	13,601
12,000	-4,244	-3,935	-3,794	-3,662	-3,624	-3,605	-3,600	-3,597	-3,595	-3,597	-3,595	-3,590	-3,584	-3,570	-3,551	0,663	0,521	0,413	0,226	0,157	0,106	0,080	0,062	0,046	0,035	0,031	0,032	0,035	0,034	0,027	0,054	13,110
13,000	-1,944	-1,855	-1,821	-1,758	-1,737	-1,724	-1,718	-1,715	-1,709	-1,710	-1,709	-1,706	-1,697	-1,679	-1,661	0,160	0,145	0,122	0,086	0,067	0,047	0,044	0,035	0,029	0,026	0,028	0,031	0,035	0,034	0,028	0,040	11,836
14,000	-3,361	-3,449	-3,456	-3,475	-3,467	-3,466	-3,462	-3,461	-3,457	-3,462	-3,457	-3,451	-3,442	-3,422	-3,399	-0,159	-0,095	-0,069	-0,021	-0,007	0,001	0,004	0,006	0,008	0,014	0,020	0,027	0,036	0,042	0,032	0,054	11,733
15,000	-2,272	-2,281	-2,293	-2,293	-2,284	-2,284	-2,282	-2,281	-2,276	-2,281	-2,281	-2,278	-2,273	-2,263	-2,254	-0,026	-0,019	-0,015	0,002	0,003	0,001	0,005	0,004	0,005	0,007	0,010	0,012	0,018	0,017	0,015	0,058	12,056
	run	8	2022:11:15    09:45:31,843
0,000	-3,771	-3,794	-3,794	-3,813	-3,813	-3,816	-3,819	-3,819	-3,821	-3,826	-3,826	-3,822	-3,820	-3,808	-3,796	-0,024	-0,024	-0,021	-0,017	-0,013	-0,008	-0,006	-0,005	-0,003	-0,002	0,004	0,010	0,016	0,019	0,016	0,049	10,854
1,000	-4,220	-4,202	-4,187	-4,132	-4,094	-4,071	-4,060	-4,052	-4,041	-4,040	-4,031	-4,023	-4,012	-3,998	-3,981	0,028	0,052	0,066	0,085	0,080	0,065	0,056	0,050	0,044	0,039	0,036	0,039	0,039	0,039	0,027	0,045	11,169
2,000	-2,698	-2,713	-2,702	-2,695	-2,677	-2,659	-2,647	-2,636	-2,624	-2,621	-2,610	-2,605	-2,597	-2,588	-2,576	-0,008	0,005	0,016	0,035	0,046	0,045	0,046	0,043	0,041	0,036	0,034	0,032	0,030	0,027	0,019	0,036	11,616
3,000	-5,458	-5,470	-5,452	-5,411	-5,377	-5,353	-5,343	-5,340	-5,333	-5,338	-5,336	-5,329	-5,324	-5,307	-5,289	0,015	0,037	0,048	0,071	0,070	0,053	0,047	0,036	0,029	0,022	0,023	0,027	0,033	0,031	0,026	0,078	12,422
4,000	-3,002	-3,016	-3,017	-3,016	-3,010	-3,004	-2,999	-2,998	-2,991	-2,984	-2,978	-2,973	-2,965	-2,941	-2,916	-0,023	-0,011	-0,006	0,011	0,016	0,019	0,020	0,018	0,024	0,026	0,032	0,036	0,042	0,047	0,036	0,041	12,268
5,000	-3,364	-3,385	-3,392	-3,402	-3,397	-3,394	-3,395	-3,396	-3,393	-3,393	-3,389	-3,384	-3,372	-3,351	-3,319	-0,047	-0,034	-0,023	-0,010	-0,002	0,005	0,008	0,004	0,010	0,015	0,025	0,034	0,044	0,051	0,041	0,049	11,184
6,000	-2,101	-2,124	-2,131	-2,123	-2,106	-2,091	-2,081	-2,077	-2,074	-2,071	-2,061	-2,060	-2,060	-2,051	-2,047	-0,052	-0,031	-0,010	0,021	0,027	0,027	0,032	0,025	0,024	0,018	0,016	0,016	0,017	0,013	0,011	0,027	11,543
7,000	-1,634	-1,678	-1,682	-1,703	-1,704	-1,708	-1,711	-1,712	-1,714	-1,720	-1,720	-1,723	-1,722	-1,721	-1,716	-0,084	-0,060	-0,049	-0,026	-0,024	-0,018	-0,014	-0,016	-0,012	-0,010	-0,007	-0,004	-0,000	0,002	0,002	0,038	10,935
8,000	-5,135	-5,266	-5,297	-5,350	-5,348	-5,349	-5,358	-5,359	-5,353	-5,357	-5,359	-5,363	-5,363	-5,362	-5,358	-0,230	-0,166	-0,135	-0,066	-0,043	-0,032	-0,024	-0,018	-0,014	-0,017	-0,005	-0,005	-0,001	0,002	-0,003	0,063	10,928
9,000	-2,173	-2,212	-2,250	-2,258	-2,254	-2,250	-2,243	-2,244	-2,239	-2,240	-2,237	-2,224	-2,207	-2,194	-2,168	-0,122	-0,098	-0,071	-0,021	-0,003	-0,003	0,005	0,006	0,012	0,018	0,025	0,035	0,039	0,046	0,036	0,049	12,795
10,000	-1,544	-1,442	-1,363	-1,242	-1,187	-1,152	-1,135	-1,123	-1,112	-1,111	-1,110	-1,104	-1,100	-1,085	-1,078	0,180	0,216	0,208	0,175	0,143	0,112	0,091	0,073	0,057	0,045	0,032	0,031	0,029	0,024	0,019	0,047	13,535
11,000	-2,864	-2,492	-2,331	-2,122	-2,052	-2,009	-1,989	-1,974	-1,959	-1,948	-1,943	-1,934	-1,928	-1,922	-1,918	0,738	0,616	0,516	0,328	0,247	0,183	0,151	0,120	0,096	0,073	0,057	0,043	0,031	0,024	0,014	0,023	13,608
12,000	-4,274	-3,960	-3,821	-3,688	-3,648	-3,631	-3,625	-3,623	-3,619	-3,623	-3,621	-3,616	-3,609	-3,595	-3,577	0,672	0,528	0,417	0,228	0,158	0,106	0,082	0,062	0,046	0,036	0,033	0,032	0,034	0,036	0,027	0,054	13,096
13,000	-1,951	-1,862	-1,826	-1,766	-1,741	-1,734	-1,726	-1,722	-1,716	-1,717	-1,716	-1,711	-1,703	-1,689	-1,671	0,158	0,145	0,120	0,086	0,066	0,050	0,040	0,035	0,031	0,025	0,024	0,030	0,033	0,034	0,028	0,040	11,843
14,000	-3,362	-3,455	-3,457	-3,479	-3,470	-3,466	-3,468	-3,465	-3,462	-3,463	-3,457	-3,454	-3,443	-3,425	-3,401	-0,163	-0,095	-0,068	-0,021	-0,008	0,000	0,007	0,006	0,010	0,013	0,018	0,027	0,035	0,041	0,033	0,054	11,741
15,000	-2,283	-2,287	-2,299	-2,299	-2,291	-2,292	-2,289	-2,289	-2,285	-2,288	-2,287	-2,286	-2,281	-2,271	-2,263	-0,027	-0,020	-0,016	0,001	0,004	0,002	0,007	0,005	0,003	0,007	0,010	0,013	0,017	0,019	0,015	0,058	12,034
	run	9	2022:11:15    09:45:31,942
0,000	-3,762	-3,782	-3,783	-3,804	-3,802	-3,805	-3,809	-3,810	-3,808	-3,814	-3,815	-3,814	-3,812	-3,798	-3,787	-0,019	-0,022	-0,022	-0,016	-0,012	-0,012	-0,008	-0,007	-0,004	-0,002	0,006	0,008	0,017	0,020	0,015	0,048	10,818
1,000	-4,246	-4,226	-4,208	-4,156	-4,117	-4,093	-4,081	-4,072	-4,063	-4,060	-4,053	-4,043	-4,038	-4,019	-4,002	0,034	0,053	0,066	0,087	0,081	0,066	0,059	0,051	0,045	0,039	0,037	0,040	0,039	0,037	0,024	0,045	11,140
2,000	-2,723	-2,734	-2,724	-2,716	-2,696	-2,678	-2,666	-2,656	-2,645	-2,640	-2,631	-2,622	-2,614	-2,603	-2,593	-0,009	0,005	0,014	0,037	0,047	0,048	0,048	0,045	0,040	0,037	0,036	0,033	0,029	0,029	0,018	0,036	11,602
3,000	-5,478	-5,487	-5,474	-5,431	-5,392	-5,373	-5,362	-5,358	-5,350	-5,355	-5,352	-5,349	-5,343	-5,324	-5,309	0,019	0,038	0,052	0,073	0,069	0,054	0,045	0,035	0,028	0,022	0,022	0,028	0,029	0,038	0,023	0,078	12,400
4,000	-3,012	-3,028	-3,024	-3,027	-3,013	-3,013	-3,005	-3,005	-2,998	-2,996	-2,982	-2,982	-2,965	-2,949	-2,924	-0,019	-0,014	-0,004	0,009	0,014	0,017	0,021	0,023	0,026	0,027	0,032	0,040	0,044	0,046	0,037	0,041	12,246
5,000	-3,356	-3,380	-3,386	-3,393	-3,389	-3,389	-3,388	-3,387	-3,384	-3,387	-3,383	-3,378	-3,366	-3,342	-3,314	-0,054	-0,036	-0,024	-0,006	0,000	0,003	0,006	0,006	0,011	0,019	0,025	0,032	0,044	0,050	0,042	0,049	11,177
6,000	-2,094	-2,130	-2,133	-2,125	-2,109	-2,095	-2,088	-2,079	-2,076	-2,071	-2,068	-2,063	-2,060	-2,054	-2,048	-0,050	-0,033	-0,015	0,019	0,028	0,025	0,027	0,026	0,024	0,017	0,021	0,017	0,015	0,012	0,012	0,025	11,580
7,000	-1,638	-1,681	-1,688	-1,705	-1,710	-1,714	-1,718	-1,721	-1,721	-1,724	-1,729	-1,729	-1,726	-1,725	-1,723	-0,088	-0,062	-0,047	-0,028	-0,022	-0,019	-0,016	-0,014	-0,010	-0,009	-0,005	-0,002	-0,001	0,002	0,003	0,038	10,979
8,000	-5,140	-5,261	-5,294	-5,342	-5,340	-5,341	-5,341	-5,344	-5,345	-5,351	-5,353	-5,351	-5,351	-5,351	-5,348	-0,228	-0,171	-0,136	-0,067	-0,045	-0,029	-0,022	-0,017	-0,014	-0,017	-0,009	-0,004	-0,004	-0,000	0,002	0,063	10,957
9,000	-2,200	-2,247	-2,277	-2,289	-2,289	-2,287	-2,280	-2,282	-2,274	-2,273	-2,270	-2,263	-2,250	-2,226	-2,210	-0,127	-0,104	-0,068	-0,022	-0,003	-0,002	0,008	0,009	0,016	0,019	0,027	0,033	0,042	0,046	0,034	0,050	12,832
10,000	-1,542	-1,437	-1,363	-1,242	-1,190	-1,156	-1,139	-1,128	-1,117	-1,114	-1,112	-1,107	-1,101	-1,091	-1,081	0,175	0,213	0,206	0,173	0,142	0,109	0,090	0,075	0,055	0,044	0,034	0,028	0,029	0,026	0,018	0,047	13,608
11,000	-2,868	-2,498	-2,334	-2,131	-2,061	-2,018	-1,998	-1,982	-1,968	-1,961	-1,949	-1,943	-1,937	-1,930	-1,926	0,735	0,615	0,513	0,327	0,247	0,183	0,148	0,120	0,096	0,073	0,056	0,043	0,034	0,023	0,014	0,024	13,616
12,000	-4,254	-3,936	-3,797	-3,665	-3,624	-3,609	-3,602	-3,598	-3,595	-3,599	-3,598	-3,593	-3,586	-3,571	-3,555	0,669	0,524	0,416	0,230	0,158	0,105	0,081	0,061	0,048	0,035	0,033	0,031	0,034	0,035	0,026	0,053	13,118
13,000	-1,950	-1,857	-1,826	-1,765	-1,739	-1,729	-1,723	-1,716	-1,714	-1,716	-1,715	-1,707	-1,698	-1,684	-1,665	0,160	0,148	0,127	0,084	0,069	0,049	0,043	0,033	0,031	0,028	0,026	0,030	0,035	0,032	0,028	0,040	11,807
14,000	-3,379	-3,470	-3,470	-3,492	-3,484	-3,478	-3,478	-3,476	-3,475	-3,476	-3,469	-3,466	-3,457	-3,435	-3,414	-0,157	-0,096	-0,070	-0,024	-0,005	0,002	0,007	0,006	0,011	0,013	0,020	0,028	0,036	0,042	0,034	0,054	11,711
15,000	-2,280	-2,285	-2,298	-2,297	-2,289	-2,290	-2,286	-2,287	-2,282	-2,286	-2,285	-2,283	-2,278	-2,268	-2,260	-0,027	-0,021	-0,017	0,002	0,002	0,003	0,005	0,005	0,005	0,006	0,009	0,012	0,015	0,017	0,015	0,058	12,019
	run	10	2022:11:15    09:45:32,043
0,000	-3,765	-3,782	-3,783	-3,803	-3,800	-3,804	-3,806	-3,807	-3,806	-3,811	-3,812	-3,810	-3,806	-3,796	-3,786	-0,019	-0,021	-0,024	-0,016	-0,014	-0,010	-0,008	-0,006	-0,003	-0,002	0,004	0,010	0,013	0,019	0,016	0,048	10,869
1,000	-4,203	-4,187	-4,170	-4,116	-4,080	-4,059	-4,047	-4,038	-4,029	-4,026	-4,018	-4,010	-4,003	-3,987	-3,969	0,030	0,054	0,064	0,083	0,079	0,064	0,058	0,051	0,046	0,039	0,038	0,038	0,036	0,037	0,026	0,046	11,191
2,000	-2,685	-2,700	-2,688	-2,685	-2,661	-2,643	-2,634	-2,625	-2,613	-2,608	-2,597	-2,590	-2,585	-2,571	-2,562	-0,009	0,007	0,015	0,034	0,047	0,044	0,044	0,044	0,038	0,037	0,033	0,031	0,027	0,026	0,019	0,037	11,638
3,000	-5,431	-5,438	-5,427	-5,385	-5,349	-5,328	-5,319	-5,312	-5,308	-5,312	-5,309	-5,308	-5,300	-5,285	-5,268	0,015	0,031	0,047	0,072	0,067	0,052	0,041	0,034	0,028	0,023	0,023	0,027	0,028	0,034	0,027	0,078	12,444
4,000	-2,995	-3,005	-3,008	-3,005	-2,995	-2,990	-2,989	-2,985	-2,978	-2,978	-2,967	-2,960	-2,950	-2,928	-2,906	-0,020	-0,011	-0,005	0,008	0,015	0,017	0,021	0,022	0,025	0,025	0,033	0,039	0,045	0,048	0,037	0,041	12,305
5,000	-3,364	-3,388	-3,394	-3,405	-3,401	-3,400	-3,398	-3,397	-3,399	-3,397	-3,393	-3,387	-3,375	-3,352	-3,324	-0,047	-0,038	-0,026	-0,007	-0,001	0,002	0,005	0,006	0,009	0,016	0,024	0,036	0,044	0,052	0,042	0,050	11,213
6,000	-2,106	-2,135	-2,143	-2,135	-2,113	-2,101	-2,094	-2,089	-2,078	-2,078	-2,075	-2,071	-2,066	-2,059	-2,053	-0,053	-0,036	-0,015	0,021	0,024	0,027	0,029	0,024	0,025	0,020	0,018	0,014	0,019	0,014	0,011	0,027	11,558
7,000	-1,644	-1,687	-1,691	-1,714	-1,711	-1,716	-1,721	-1,723	-1,724	-1,728	-1,728	-1,728	-1,729	-1,726	-1,724	-0,082	-0,058	-0,049	-0,027	-0,020	-0,019	-0,016	-0,016	-0,010	-0,010	-0,006	-0,006	-0,002	0,003	0,001	0,037	10,928
8,000	-5,156	-5,274	-5,304	-5,357	-5,356	-5,357	-5,360	-5,362	-5,359	-5,368	-5,368	-5,369	-5,371	-5,367	-5,367	-0,227	-0,173	-0,134	-0,066	-0,042	-0,032	-0,025	-0,019	-0,015	-0,016	-0,011	-0,005	-0,006	-0,001	0,002	0,065	10,972
9,000	-2,166	-2,222	-2,247	-2,258	-2,259	-2,251	-2,251	-2,251	-2,241	-2,244	-2,239	-2,229	-2,219	-2,198	-2,172	-0,124	-0,100	-0,068	-0,020	-0,008	-0,003	0,003	0,008	0,014	0,022	0,032	0,032	0,034	0,046	0,033	0,052	12,839
10,000	-1,559	-1,453	-1,378	-1,257	-1,201	-1,169	-1,149	-1,139	-1,128	-1,127	-1,123	-1,119	-1,115	-1,104	-1,095	0,183	0,214	0,205	0,171	0,142	0,110	0,091	0,073	0,056	0,047	0,036	0,029	0,029	0,027	0,018	0,048	13,542
11,000	-2,876	-2,512	-2,345	-2,140	-2,073	-2,032	-2,010	-1,994	-1,980	-1,971	-1,962	-1,955	-1,952	-1,943	-1,940	0,737	0,612	0,512	0,326	0,244	0,182	0,148	0,120	0,095	0,074	0,056	0,043	0,033	0,025	0,015	0,023	13,586
12,000	-4,272	-3,956	-3,817	-3,685	-3,646	-3,629	-3,623	-3,621	-3,616	-3,619	-3,619	-3,613	-3,606	-3,592	-3,574	0,667	0,521	0,412	0,229	0,158	0,107	0,080	0,064	0,046	0,037	0,033	0,031	0,033	0,035	0,029	0,053	13,096
13,000	-1,956	-1,863	-1,831	-1,766	-1,747	-1,734	-1,731	-1,723	-1,722	-1,724	-1,722	-1,714	-1,704	-1,688	-1,671	0,156	0,144	0,123	0,085	0,064	0,048	0,044	0,031	0,030	0,029	0,024	0,030	0,035	0,035	0,030	0,040	11,829
14,000	-3,363	-3,462	-3,460	-3,482	-3,474	-3,469	-3,468	-3,466	-3,462	-3,466	-3,460	-3,455	-3,446	-3,425	-3,403	-0,159	-0,097	-0,068	-0,022	-0,008	-0,000	0,006	0,007	0,009	0,012	0,020	0,027	0,037	0,039	0,033	0,054	11,733
15,000	-2,270	-2,278	-2,292	-2,287	-2,284	-2,281	-2,279	-2,279	-2,274	-2,278	-2,277	-2,276	-2,270	-2,262	-2,251	-0,028	-0,020	-0,018	0,001	0,002	0,003	0,007	0,005	0,005	0,007	0,009	0,012	0,017	0,019	0,016	0,058	12,041
	run	11	2022:11:15    09:45:32,090
0,000	-3,737	-3,759	-3,760	-3,781	-3,777	-3,779	-3,782	-3,783	-3,782	-3,789	-3,788	-3,788	-3,785	-3,771	-3,762	-0,023	-0,020	-0,020	-0,016	-0,012	-0,010	-0,008	-0,005	-0,004	-0,004	0,004	0,009	0,013	0,018	0,015	0,048	10,862
1,000	-4,181	-4,166	-4,144	-4,096	-4,059	-4,036	-4,024	-4,017	-4,006	-4,005	-3,997	-3,989	-3,980	-3,964	-3,950	0,030	0,054	0,062	0,083	0,078	0,061	0,056	0,049	0,044	0,036	0,037	0,038	0,038	0,037	0,026	0,045	11,206
2,000	-2,685	-2,700	-2,688	-2,685	-2,661	-2,643	-2,634	-2,625	-2,613	-2,608	-2,597	-2,590	-2,585	-2,571	-2,562	-0,009	0,007	0,015	0,034	0,047	0,044	0,044	0,044	0,038	0,037	0,033	0,031	0,027	0,026	0,019	0,037	11,638
3,000	-5,431	-5,438	-5,427	-5,385	-5,349	-5,328	-5,319	-5,312	-5,308	-5,312	-5,309	-5,308	-5,300	-5,285	-5,268	0,015	0,031	0,047	0,072	0,067	0,052	0,041	0,034	0,028	0,023	0,023	0,027	0,028	0,034	0,027	0,078	12,444
4,000	-2,995	-3,005	-3,008	-3,005	-2,995	-2,990	-2,989	-2,985	-2,978	-2,978	-2,967	-2,960	-2,950	-2,928	-2,906	-0,020	-0,011	-0,005	0,008	0,015	0,017	0,021	0,022	0,025	0,025	0,033	0,039	0,045	0,048	0,037	0,041	12,305
5,000	-3,364	-3,388	-3,394	-3,405	-3,401	-3,400	-3,398	-3,397	-3,399	-3,397	-3,393	-3,387	-3,375	-3,352	-3,324	-0,047	-0,038	-0,026	-0,007	-0,001	0,002	0,005	0,006	0,009	0,016	0,024	0,036	0,044	0,052	0,042	0,050	11,213
6,000	-2,106	-2,135	-2,143	-2,135	-2,113	-2,101	-2,094	-2,089	-2,078	-2,078	-2,075	-2,071	-2,066	-2,059	-2,053	-0,053	-0,036	-0,015	0,021	0,024	0,027	0,029	0,024	0,025	0,020	0,018	0,014	0,019	0,014	0,011	0,027	11,558
7,000	-1,644	-1,687	-1,691	-1,714	-1,711	-1,716	-1,721	-1,723	-1,724	-1,728	-1,728	-1,728	-1,729	-1,726	-1,724	-0,082	-0,058	-0,049	-0,027	-0,020	-0,019	-0,016	-0,016	-0,010	-0,010	-0,006	-0,006	-0,002	0,003	0,001	0,037	10,928
8,000	-5,156	-5,281	-5,315	-5,359	-5,363	-5,362	-5,367	-5,367	-5,364	-5,375	-5,374	-5,374	-5,374	-5,373	-5,370	-0,226	-0,166	-0,137	-0,068	-0,041	-0,029	-0,026	-0,017	-0,015	-0,015	-0,010	-0,005	0,001	0,004	-0,001	0,063	10,920
9,000	-2,188	-2,241	-2,274	-2,280	-2,279	-2,274	-2,270	-2,268	-2,265	-2,263	-2,255	-2,249	-2,237	-2,215	-2,194	-0,120	-0,100	-0,070	-0,018	-0,005	0,003	0,004	0,010	0,017	0,020	0,028	0,031	0,042	0,045	0,035	0,050	12,817
10,000	-1,560	-1,454	-1,376	-1,255	-1,198	-1,167	-1,149	-1,134	-1,125	-1,122	-1,120	-1,114	-1,109	-1,096	-1,089	0,181	0,216	0,207	0,177	0,146	0,112	0,093	0,074	0,056	0,045	0,037	0,030	0,027	0,028	0,017	0,048	13,535
11,000	-2,887	-2,516	-2,352	-2,143	-2,074	-2,030	-2,009	-1,993	-1,978	-1,969	-1,959	-1,953	-1,950	-1,943	-1,936	0,741	0,614	0,518	0,329	0,250	0,185	0,149	0,121	0,096	0,076	0,058	0,045	0,033	0,024	0,014	0,023	13,579
12,000	-4,275	-3,959	-3,821	-3,688	-3,648	-3,632	-3,625	-3,622	-3,619	-3,622	-3,621	-3,617	-3,606	-3,595	-3,578	0,672	0,525	0,419	0,228	0,159	0,105	0,083	0,061	0,047	0,036	0,032	0,031	0,033	0,034	0,027	0,054	13,081
13,000	-1,950	-1,857	-1,822	-1,762	-1,741	-1,727	-1,722	-1,719	-1,710	-1,712	-1,711	-1,705	-1,699	-1,684	-1,664	0,159	0,148	0,125	0,088	0,068	0,051	0,043	0,036	0,029	0,029	0,027	0,028	0,036	0,032	0,029	0,040	11,821
14,000	-3,362	-3,456	-3,457	-3,481	-3,470	-3,468	-3,465	-3,465	-3,460	-3,463	-3,456	-3,451	-3,443	-3,423	-3,400	-0,157	-0,099	-0,067	-0,020	-0,005	-0,001	0,006	0,008	0,008	0,012	0,020	0,026	0,034	0,042	0,033	0,054	11,711
15,000	-2,264	-2,270	-2,282	-2,279	-2,274	-2,273	-2,270	-2,272	-2,267	-2,271	-2,271	-2,269	-2,263	-2,254	-2,244	-0,028	-0,022	-0,017	-0,000	0,004	0,003	0,005	0,005	0,004	0,006	0,009	0,012	0,016	0,018	0,016	0,058	12,034
	run	12	2022:11:15    09:45:32,190
0,000	-3,729	-3,751	-3,751	-3,773	-3,771	-3,773	-3,776	-3,778	-3,777	-3,783	-3,781	-3,781	-3,775	-3,766	-3,756	-0,023	-0,022	-0,020	-0,018	-0,012	-0,009	-0,007	-0,006	-0,002	-0,004	0,003	0,008	0,013	0,019	0,015	0,048	10,862
1,000	-4,213	-4,197	-4,177	-4,129	-4,087	-4,064	-4,054	-4,048	-4,037	-4,035	-4,029	-4,020	-4,011	-3,994	-3,978	0,030	0,052	0,064	0,083	0,076	0,062	0,056	0,049	0,047	0,038	0,038	0,039	0,037	0,037	0,026	0,045	11,184
2,000	-2,699	-2,714	-2,701	-2,693	-2,674	-2,653	-2,646	-2,635	-2,622	-2,619	-2,608	-2,600	-2,593	-2,583	-2,571	-0,005	0,006	0,019	0,038	0,046	0,044	0,047	0,044	0,043	0,036	0,034	0,030	0,030	0,024	0,020	0,037	11,631
3,000	-5,465	-5,468	-5,454	-5,415	-5,374	-5,355	-5,342	-5,339	-5,332	-5,339	-5,339	-5,332	-5,327	-5,310	-5,292	0,010	0,034	0,046	0,073	0,070	0,051	0,045	0,035	0,027	0,020	0,024	0,026	0,030	0,036	0,026	0,078	12,422
4,000	-3,001	-3,018	-3,016	-3,017	-3,006	-3,004	-2,999	-2,993	-2,990	-2,987	-2,977	-2,973	-2,960	-2,940	-2,917	-0,018	-0,007	-0,007	0,009	0,016	0,018	0,021	0,019	0,024	0,023	0,031	0,039	0,043	0,045	0,037	0,041	12,261
5,000	-3,350	-3,372	-3,375	-3,387	-3,386	-3,385	-3,383	-3,383	-3,381	-3,383	-3,377	-3,373	-3,359	-3,338	-3,308	-0,045	-0,037	-0,028	-0,008	-0,000	0,001	0,005	0,005	0,009	0,018	0,026	0,034	0,044	0,051	0,042	0,050	11,206
6,000	-2,111	-2,137	-2,150	-2,139	-2,118	-2,104	-2,098	-2,093	-2,084	-2,081	-2,078	-2,075	-2,070	-2,064	-2,060	-0,053	-0,037	-0,013	0,019	0,028	0,029	0,030	0,022	0,021	0,018	0,017	0,016	0,017	0,014	0,010	0,027	11,572
7,000	-1,650	-1,694	-1,702	-1,718	-1,721	-1,726	-1,730	-1,730	-1,731	-1,737	-1,739	-1,739	-1,741	-1,737	-1,733	-0,083	-0,067	-0,048	-0,025	-0,020	-0,020	-0,016	-0,013	-0,011	-0,009	-0,007	-0,002	0,002	0,002	0,002	0,038	10,942
8,000	-5,171	-5,290	-5,324	-5,369	-5,372	-5,373	-5,374	-5,375	-5,378	-5,385	-5,381	-5,388	-5,386	-5,379	-5,382	-0,224	-0,168	-0,135	-0,067	-0,046	-0,029	-0,025	-0,020	-0,014	-0,016	-0,011	-0,006	-0,000	0,001	0,003	0,063	10,928
9,000	-2,218	-2,267	-2,306	-2,312	-2,311	-2,305	-2,299	-2,300	-2,292	-2,295	-2,290	-2,281	-2,270	-2,248	-2,225	-0,129	-0,098	-0,073	-0,024	-0,004	-0,004	0,005	0,007	0,016	0,023	0,027	0,034	0,038	0,045	0,031	0,050	12,810
10,000	-1,549	-1,448	-1,365	-1,243	-1,187	-1,153	-1,137	-1,126	-1,115	-1,110	-1,108	-1,104	-1,100	-1,088	-1,080	0,177	0,213	0,206	0,177	0,142	0,110	0,092	0,074	0,059	0,045	0,035	0,027	0,028	0,027	0,020	0,048	13,542
11,000	-2,872	-2,504	-2,334	-2,132	-2,060	-2,017	-1,995	-1,982	-1,965	-1,957	-1,948	-1,941	-1,935	-1,930	-1,926	0,743	0,615	0,519	0,329	0,248	0,183	0,150	0,121	0,097	0,074	0,056	0,045	0,033	0,026	0,014	0,023	13,601
12,000	-4,269	-3,955	-3,820	-3,684	-3,646	-3,628	-3,622	-3,618	-3,616	-3,618	-3,615	-3,614	-3,606	-3,591	-3,574	0,667	0,524	0,415	0,228	0,158	0,107	0,080	0,062	0,045	0,038	0,032	0,031	0,034	0,037	0,028	0,054	13,103
13,000	-1,960	-1,870	-1,834	-1,771	-1,749	-1,739	-1,731	-1,726	-1,720	-1,721	-1,720	-1,715	-1,706	-1,691	-1,677	0,159	0,145	0,128	0,085	0,065	0,050	0,041	0,033	0,032	0,026	0,028	0,028	0,034	0,035	0,027	0,040	11,807
14,000	-3,374	-3,465	-3,467	-3,492	-3,481	-3,476	-3,476	-3,474	-3,469	-3,473	-3,465	-3,461	-3,453	-3,433	-3,411	-0,161	-0,097	-0,070	-0,021	-0,008	0,001	0,004	0,006	0,009	0,011	0,022	0,027	0,035	0,040	0,032	0,053	11,704
15,000	-2,277	-2,282	-2,296	-2,292	-2,286	-2,286	-2,282	-2,282	-2,280	-2,281	-2,279	-2,280	-2,275	-2,264	-2,256	-0,027	-0,019	-0,017	0,002	0,003	0,001	0,007	0,007	0,006	0,007	0,007	0,013	0,017	0,018	0,016	0,058	12,019
	run	13	2022:11:15    09:45:32,242
0,000	-3,729	-3,751	-3,751	-3,773	-3,771	-3,773	-3,776	-3,778	-3,777	-3,783	-3,781	-3,781	-3,775	-3,766	-3,756	-0,023	-0,022	-0,020	-0,018	-0,012	-0,009	-0,007	-0,006	-0,002	-0,004	0,003	0,008	0,013	0,019	0,015	0,048	10,862
1,000	-4,213	-4,197	-4,177	-4,129	-4,087	-4,064	-4,054	-4,048	-4,037	-4,035	-4,029	-4,020	-4,011	-3,994	-3,978	0,030	0,052	0,064	0,083	0,076	0,062	0,056	0,049	0,047	0,038	0,038	0,039	0,037	0,037	0,026	0,045	11,184
2,000	-2,699	-2,714	-2,701	-2,693	-2,674	-2,653	-2,646	-2,635	-2,622	-2,619	-2,608	-2,600	-2,593	-2,583	-2,571	-0,005	0,006	0,019	0,038	0,046	0,044	0,047	0,044	0,043	0,036	0,034	0,030	0,030	0,024	0,020	0,037	11,631
3,000	-5,465	-5,468	-5,454	-5,415	-5,374	-5,355	-5,342	-5,339	-5,332	-5,339	-5,339	-5,332	-5,327	-5,310	-5,292	0,010	0,034	0,046	0,073	0,070	0,051	0,045	0,035	0,027	0,020	0,024	0,026	0,030	0,036	0,026	0,078	12,422
4,000	-3,001	-3,018	-3,016	-3,017	-3,006	-3,004	-2,999	-2,993	-2,990	-2,987	-2,977	-2,973	-2,960	-2,940	-2,917	-0,018	-0,007	-0,007	0,009	0,016	0,018	0,021	0,019	0,024	0,023	0,031	0,039	0,043	0,045	0,037	0,041	12,261
5,000	-3,350	-3,372	-3,375	-3,387	-3,386	-3,385	-3,383	-3,383	-3,381	-3,383	-3,377	-3,373	-3,359	-3,338	-3,308	-0,045	-0,037	-0,028	-0,008	-0,000	0,001	0,005	0,005	0,009	0,018	0,026	0,034	0,044	0,051	0,042	0,050	11,206
6,000	-2,103	-2,130	-2,139	-2,127	-2,108	-2,098	-2,090	-2,082	-2,077	-2,073	-2,070	-2,067	-2,062	-2,058	-2,050	-0,060	-0,035	-0,013	0,019	0,026	0,025	0,029	0,026	0,022	0,021	0,019	0,014	0,015	0,015	0,010	0,027	11,580
7,000	-1,647	-1,685	-1,696	-1,711	-1,712	-1,719	-1,724	-1,724	-1,725	-1,729	-1,731	-1,732	-1,730	-1,728	-1,726	-0,083	-0,061	-0,049	-0,028	-0,019	-0,019	-0,017	-0,013	-0,012	-0,007	-0,006	-0,003	-0,001	0,003	0,000	0,038	10,920
8,000	-5,175	-5,291	-5,323	-5,369	-5,373	-5,379	-5,377	-5,376	-5,379	-5,387	-5,386	-5,384	-5,387	-5,383	-5,385	-0,230	-0,168	-0,136	-0,069	-0,042	-0,033	-0,027	-0,019	-0,012	-0,013	-0,006	-0,009	-0,005	-0,001	-0,001	0,063	10,920
9,000	-2,182	-2,235	-2,266	-2,277	-2,272	-2,267	-2,262	-2,262	-2,255	-2,256	-2,249	-2,242	-2,233	-2,209	-2,190	-0,116	-0,099	-0,071	-0,014	-0,006	-0,001	0,004	0,011	0,015	0,020	0,026	0,033	0,045	0,041	0,035	0,049	12,817
10,000	-1,550	-1,445	-1,367	-1,249	-1,191	-1,162	-1,143	-1,127	-1,120	-1,113	-1,112	-1,110	-1,101	-1,093	-1,083	0,177	0,214	0,206	0,173	0,141	0,109	0,092	0,072	0,057	0,042	0,032	0,031	0,027	0,026	0,020	0,048	13,535
11,000	-2,869	-2,504	-2,342	-2,133	-2,067	-2,022	-2,001	-1,988	-1,971	-1,963	-1,953	-1,945	-1,941	-1,935	-1,930	0,733	0,616	0,517	0,327	0,246	0,182	0,147	0,120	0,095	0,074	0,057	0,044	0,033	0,025	0,014	0,023	13,608
12,000	-4,285	-3,968	-3,827	-3,694	-3,656	-3,639	-3,633	-3,629	-3,627	-3,629	-3,626	-3,623	-3,617	-3,601	-3,584	0,665	0,523	0,418	0,230	0,158	0,107	0,080	0,060	0,046	0,036	0,034	0,032	0,035	0,036	0,028	0,053	13,103
13,000	-1,953	-1,860	-1,830	-1,767	-1,742	-1,733	-1,726	-1,723	-1,716	-1,717	-1,714	-1,711	-1,699	-1,683	-1,667	0,159	0,146	0,123	0,085	0,068	0,050	0,041	0,036	0,030	0,027	0,028	0,028	0,035	0,034	0,029	0,040	11,829
14,000	-3,354	-3,442	-3,446	-3,470	-3,459	-3,457	-3,456	-3,452	-3,450	-3,453	-3,447	-3,442	-3,433	-3,414	-3,390	-0,158	-0,093	-0,068	-0,022	-0,005	-0,001	0,004	0,004	0,008	0,011	0,019	0,028	0,036	0,040	0,032	0,053	11,726
15,000	-2,260	-2,266	-2,279	-2,276	-2,271	-2,270	-2,266	-2,266	-2,265	-2,267	-2,267	-2,266	-2,259	-2,250	-2,242	-0,030	-0,022	-0,019	0,001	0,002	0,003	0,005	0,006	0,004	0,006	0,008	0,012	0,016	0,017	0,015	0,058	12,056
	run	14	2022:11:15    09:45:32,343
0,000	-3,751	-3,776	-3,779	-3,798	-3,797	-3,799	-3,800	-3,803	-3,803	-3,808	-3,807	-3,804	-3,802	-3,790	-3,781	-0,022	-0,023	-0,019	-0,018	-0,011	-0,010	-0,007	-0,005	-0,003	-0,003	0,003	0,011	0,015	0,021	0,017	0,048	10,862
1,000	-4,231	-4,216	-4,195	-4,144	-4,106	-4,084	-4,070	-4,063	-4,054	-4,053	-4,044	-4,035	-4,027	-4,011	-3,995	0,032	0,050	0,067	0,083	0,079	0,063	0,058	0,052	0,045	0,038	0,038	0,038	0,039	0,036	0,026	0,045	11,169
2,000	-2,701	-2,714	-2,705	-2,698	-2,677	-2,661	-2,648	-2,638	-2,624	-2,622	-2,612	-2,604	-2,598	-2,587	-2,576	-0,009	0,003	0,015	0,037	0,044	0,045	0,046	0,043	0,044	0,037	0,035	0,033	0,028	0,028	0,018	0,036	11,631
3,000	-5,481	-5,485	-5,472	-5,435	-5,394	-5,371	-5,364	-5,358	-5,352	-5,357	-5,354	-5,351	-5,343	-5,330	-5,313	0,013	0,035	0,046	0,071	0,071	0,054	0,044	0,035	0,030	0,023	0,023	0,026	0,031	0,035	0,025	0,078	12,429
4,000	-3,003	-3,025	-3,022	-3,025	-3,013	-3,010	-3,007	-3,001	-2,997	-2,995	-2,987	-2,984	-2,970	-2,948	-2,925	-0,020	-0,011	-0,005	0,010	0,013	0,019	0,020	0,021	0,023	0,027	0,031	0,036	0,043	0,045	0,037	0,040	12,253
5,000	-3,362	-3,386	-3,389	-3,398	-3,396	-3,392	-3,391	-3,392	-3,391	-3,392	-3,388	-3,383	-3,370	-3,347	-3,319	-0,043	-0,035	-0,024	-0,008	-0,001	0,003	0,006	0,005	0,011	0,016	0,025	0,034	0,043	0,052	0,043	0,049	11,177
6,000	-2,100	-2,131	-2,139	-2,126	-2,108	-2,096	-2,090	-2,083	-2,080	-2,073	-2,071	-2,067	-2,060	-2,055	-2,054	-0,058	-0,033	-0,016	0,015	0,028	0,032	0,026	0,023	0,023	0,020	0,017	0,015	0,016	0,015	0,012	0,027	11,558
7,000	-1,641	-1,684	-1,696	-1,713	-1,715	-1,719	-1,721	-1,723	-1,726	-1,731	-1,731	-1,733	-1,733	-1,729	-1,726	-0,086	-0,061	-0,048	-0,027	-0,025	-0,018	-0,015	-0,012	-0,009	-0,010	-0,005	-0,001	0,001	0,003	0,005	0,039	10,935
8,000	-5,149	-5,276	-5,314	-5,360	-5,359	-5,362	-5,366	-5,367	-5,364	-5,373	-5,371	-5,374	-5,378	-5,372	-5,372	-0,227	-0,170	-0,135	-0,065	-0,042	-0,030	-0,026	-0,016	-0,013	-0,018	-0,010	-0,006	-0,006	0,000	0,001	0,065	10,920
9,000	-2,206	-2,251	-2,285	-2,295	-2,291	-2,283	-2,284	-2,281	-2,275	-2,276	-2,270	-2,264	-2,250	-2,230	-2,207	-0,113	-0,099	-0,070	-0,020	-0,005	-0,003	0,008	0,008	0,014	0,018	0,027	0,033	0,041	0,043	0,035	0,050	12,810
10,000	-1,551	-1,449	-1,372	-1,250	-1,193	-1,162	-1,145	-1,130	-1,123	-1,121	-1,115	-1,110	-1,103	-1,094	-1,086	0,174	0,217	0,206	0,175	0,141	0,112	0,092	0,073	0,057	0,048	0,035	0,032	0,031	0,028	0,018	0,047	13,550
11,000	-2,871	-2,498	-2,335	-2,128	-2,059	-2,017	-1,995	-1,981	-1,965	-1,957	-1,947	-1,940	-1,934	-1,928	-1,924	0,734	0,616	0,515	0,328	0,247	0,181	0,149	0,121	0,095	0,075	0,056	0,042	0,033	0,024	0,014	0,023	13,579
12,000	-4,243	-3,925	-3,787	-3,652	-3,613	-3,597	-3,592	-3,589	-3,586	-3,588	-3,589	-3,583	-3,576	-3,561	-3,545	0,673	0,525	0,419	0,228	0,158	0,108	0,081	0,062	0,047	0,034	0,032	0,031	0,036	0,035	0,028	0,053	13,125
13,000	-1,941	-1,849	-1,817	-1,754	-1,730	-1,721	-1,719	-1,707	-1,704	-1,709	-1,703	-1,703	-1,690	-1,675	-1,659	0,162	0,145	0,124	0,084	0,065	0,047	0,043	0,035	0,030	0,023	0,029	0,030	0,031	0,036	0,028	0,039	11,836
14,000	-3,355	-3,441	-3,445	-3,469	-3,458	-3,455	-3,453	-3,451	-3,448	-3,454	-3,443	-3,441	-3,432	-3,410	-3,390	-0,159	-0,092	-0,070	-0,020	-0,006	0,003	0,004	0,005	0,010	0,014	0,019	0,027	0,038	0,038	0,032	0,053	11,741
15,000	-2,275	-2,284	-2,296	-2,294	-2,288	-2,284	-2,282	-2,283	-2,279	-2,283	-2,283	-2,280	-2,275	-2,267	-2,256	-0,026	-0,024	-0,018	0,003	0,004	0,002	0,005	0,006	0,006	0,006	0,009	0,012	0,017	0,018	0,016	0,058	12,056
	run	15	2022:11:15    09:45:32,443
0,000	-3,742	-3,765	-3,767	-3,785	-3,784	-3,788	-3,789	-3,793	-3,792	-3,796	-3,796	-3,794	-3,791	-3,780	-3,769	-0,019	-0,020	-0,025	-0,013	-0,011	-0,010	-0,006	-0,008	-0,002	-0,004	0,003	0,009	0,015	0,018	0,017	0,048	10,840
1,000	-4,190	-4,175	-4,157	-4,108	-4,066	-4,045	-4,034	-4,025	-4,016	-4,013	-4,006	-3,998	-3,988	-3,974	-3,957	0,032	0,051	0,065	0,083	0,077	0,063	0,057	0,051	0,044	0,037	0,036	0,037	0,038	0,037	0,025	0,045	11,177
2,000	-2,697	-2,709	-2,698	-2,693	-2,671	-2,656	-2,645	-2,635	-2,622	-2,617	-2,608	-2,602	-2,594	-2,583	-2,572	-0,009	0,006	0,018	0,035	0,044	0,045	0,048	0,044	0,042	0,037	0,032	0,031	0,029	0,026	0,018	0,037	11,616
3,000	-5,463	-5,463	-5,455	-5,409	-5,373	-5,353	-5,343	-5,336	-5,329	-5,334	-5,331	-5,328	-5,322	-5,304	-5,289	0,013	0,036	0,053	0,071	0,070	0,054	0,045	0,035	0,027	0,022	0,021	0,025	0,029	0,034	0,025	0,079	12,422
4,000	-3,016	-3,034	-3,036	-3,038	-3,026	-3,022	-3,018	-3,015	-3,010	-3,008	-3,001	-2,994	-2,979	-2,960	-2,934	-0,022	-0,014	-0,004	0,008	0,013	0,019	0,022	0,021	0,026	0,027	0,031	0,039	0,043	0,048	0,036	0,040	12,239
5,000	-3,371	-3,396	-3,398	-3,406	-3,407	-3,404	-3,405	-3,403	-3,400	-3,403	-3,398	-3,393	-3,379	-3,358	-3,329	-0,043	-0,032	-0,025	-0,007	-0,001	0,004	0,005	0,007	0,010	0,017	0,026	0,035	0,042	0,050	0,041	0,049	11,184
6,000	-2,106	-2,138	-2,141	-2,132	-2,116	-2,104	-2,097	-2,087	-2,084	-2,076	-2,079	-2,069	-2,070	-2,061	-2,055	-0,057	-0,037	-0,011	0,023	0,028	0,028	0,032	0,026	0,023	0,024	0,026	0,020	0,014	0,014	0,010	0,027	11,565
7,000	-1,649	-1,693	-1,703	-1,721	-1,724	-1,727	-1,733	-1,736	-1,737	-1,741	-1,740	-1,742	-1,744	-1,741	-1,738	-0,083	-0,062	-0,048	-0,029	-0,023	-0,020	-0,017	-0,015	-0,012	-0,011	-0,005	-0,002	-0,001	0,004	0,002	0,038	10,942
8,000	-5,158	-5,275	-5,314	-5,362	-5,362	-5,362	-5,367	-5,370	-5,366	-5,371	-5,374	-5,379	-5,379	-5,374	-5,371	-0,232	-0,170	-0,133	-0,066	-0,040	-0,032	-0,025	-0,013	-0,014	-0,015	-0,010	-0,003	-0,002	0,001	0,002	0,064	10,942
9,000	-2,187	-2,242	-2,269	-2,277	-2,275	-2,273	-2,267	-2,268	-2,262	-2,258	-2,262	-2,249	-2,239	-2,216	-2,192	-0,122	-0,094	-0,071	-0,020	-0,007	-0,002	0,006	0,006	0,016	0,021	0,031	0,032	0,041	0,042	0,035	0,051	12,810
10,000	-1,557	-1,457	-1,374	-1,253	-1,199	-1,165	-1,148	-1,134	-1,124	-1,123	-1,119	-1,115	-1,108	-1,097	-1,089	0,177	0,217	0,210	0,176	0,142	0,115	0,093	0,073	0,057	0,048	0,036	0,030	0,030	0,027	0,018	0,048	13,542
11,000	-2,881	-2,512	-2,346	-2,141	-2,070	-2,029	-2,009	-1,992	-1,977	-1,968	-1,959	-1,953	-1,947	-1,942	-1,937	0,740	0,617	0,515	0,329	0,246	0,183	0,151	0,121	0,095	0,073	0,057	0,046	0,033	0,022	0,014	0,023	13,586
12,000	-4,252	-3,941	-3,805	-3,671	-3,632	-3,617	-3,611	-3,609	-3,606	-3,608	-3,606	-3,601	-3,596	-3,581	-3,562	0,663	0,517	0,411	0,227	0,156	0,106	0,079	0,061	0,046	0,036	0,031	0,032	0,035	0,035	0,027	0,054	13,103
13,000	-1,948	-1,856	-1,823	-1,763	-1,742	-1,730	-1,722	-1,718	-1,713	-1,715	-1,713	-1,706	-1,699	-1,684	-1,665	0,164	0,142	0,125	0,088	0,066	0,048	0,043	0,035	0,030	0,024	0,025	0,028	0,035	0,037	0,026	0,040	11,836
14,000	-3,346	-3,442	-3,442	-3,466	-3,457	-3,453	-3,451	-3,450	-3,448	-3,450	-3,445	-3,439	-3,430	-3,410	-3,387	-0,159	-0,095	-0,067	-0,024	-0,007	-0,001	0,002	0,007	0,009	0,014	0,021	0,027	0,035	0,041	0,034	0,054	11,748
15,000	-2,266	-2,275	-2,285	-2,285	-2,277	-2,277	-2,273	-2,274	-2,270	-2,272	-2,273	-2,272	-2,265	-2,257	-2,248	-0,025	-0,019	-0,016	0,000	0,003	0,003	0,005	0,007	0,004	0,008	0,009	0,011	0,015	0,017	0,014	0,058	12,026
	run	16	2022:11:15    09:45:32,490
0,000	-3,767	-3,787	-3,788	-3,811	-3,807	-3,810	-3,812	-3,812	-3,812	-3,819	-3,819	-3,815	-3,814	-3,800	-3,792	-0,020	-0,024	-0,020	-0,016	-0,012	-0,011	-0,008	-0,006	-0,005	-0,003	0,003	0,010	0,015	0,017	0,016	0,048	10,862
1,000	-4,240	-4,219	-4,202	-4,152	-4,110	-4,086	-4,076	-4,068	-4,056	-4,053	-4,046	-4,037	-4,030	-4,013	-3,996	0,036	0,055	0,068	0,087	0,081	0,067	0,057	0,053	0,045	0,038	0,038	0,038	0,038	0,039	0,026	0,045	11,169
2,000	-2,697	-2,709	-2,698	-2,693	-2,671	-2,656	-2,645	-2,635	-2,622	-2,617	-2,608	-2,602	-2,594	-2,583	-2,572	-0,009	0,006	0,018	0,035	0,044	0,045	0,048	0,044	0,042	0,037	0,032	0,031	0,029	0,026	0,018	0,037	11,616
3,000	-5,463	-5,463	-5,455	-5,409	-5,373	-5,353	-5,343	-5,336	-5,329	-5,334	-5,331	-5,328	-5,322	-5,304	-5,289	0,013	0,036	0,053	0,071	0,070	0,054	0,045	0,035	0,027	0,022	0,021	0,025	0,029	0,034	0,025	0,079	12,422
4,000	-3,016	-3,034	-3,036	-3,038	-3,026	-3,022	-3,018	-3,015	-3,010	-3,008	-3,001	-2,994	-2,979	-2,960	-2,934	-0,022	-0,014	-0,004	0,008	0,013	0,019	0,022	0,021	0,026	0,027	0,031	0,039	0,043	0,048	0,036	0,040	12,239
5,000	-3,371	-3,396	-3,398	-3,406	-3,407	-3,404	-3,405	-3,403	-3,400	-3,403	-3,398	-3,393	-3,379	-3,358	-3,329	-0,043	-0,032	-0,025	-0,007	-0,001	0,004	0,005	0,007	0,010	0,017	0,026	0,035	0,042	0,050	0,041	0,049	11,184
6,000	-2,106	-2,138	-2,141	-2,132	-2,116	-2,104	-2,097	-2,087	-2,084	-2,076	-2,079	-2,069	-2,070	-2,061	-2,055	-0,057	-0,037	-0,011	0,023	0,028	0,028	0,032	0,026	0,023	0,024	0,026	0,020	0,014	0,014	0,010	0,027	11,565
7,000	-1,649	-1,693	-1,703	-1,721	-1,724	-1,727	-1,733	-1,736	-1,737	-1,741	-1,740	-1,742	-1,744	-1,741	-1,738	-0,083	-0,062	-0,048	-0,029	-0,023	-0,020	-0,017	-0,015	-0,012	-0,011	-0,005	-0,002	-0,001	0,004	0,002	0,038	10,942
8,000	-5,139	-5,263	-5,295	-5,343	-5,341	-5,342	-5,342	-5,343	-5,340	-5,352	-5,349	-5,352	-5,355	-5,350	-5,346	-0,225	-0,163	-0,134	-0,066	-0,040	-0,030	-0,026	-0,017	-0,013	-0,015	-0,008	-0,006	0,000	0,002	0,001	0,064	10,957
9,000	-2,217	-2,267	-2,297	-2,309	-2,308	-2,302	-2,299	-2,296	-2,292	-2,294	-2,288	-2,279	-2,272	-2,245	-2,225	-0,126	-0,105	-0,071	-0,023	-0,005	-0,004	0,002	0,013	0,018	0,016	0,027	0,034	0,038	0,040	0,029	0,050	12,839
10,000	-1,548	-1,447	-1,372	-1,249	-1,198	-1,165	-1,150	-1,133	-1,122	-1,123	-1,118	-1,115	-1,107	-1,097	-1,091	0,177	0,208	0,204	0,171	0,141	0,112	0,090	0,072	0,055	0,043	0,033	0,028	0,031	0,025	0,017	0,048	13,586
11,000	-2,874	-2,508	-2,343	-2,138	-2,069	-2,026	-2,007	-1,990	-1,975	-1,967	-1,957	-1,951	-1,946	-1,940	-1,934	0,733	0,610	0,510	0,325	0,248	0,182	0,148	0,119	0,096	0,072	0,056	0,044	0,031	0,024	0,017	0,023	13,601
12,000	-4,247	-3,933	-3,794	-3,661	-3,621	-3,603	-3,598	-3,595	-3,591	-3,592	-3,590	-3,587	-3,582	-3,568	-3,549	0,668	0,524	0,417	0,228	0,159	0,107	0,081	0,061	0,046	0,035	0,033	0,033	0,035	0,036	0,028	0,053	13,125
13,000	-1,947	-1,852	-1,814	-1,756	-1,734	-1,725	-1,718	-1,711	-1,708	-1,710	-1,710	-1,703	-1,694	-1,677	-1,660	0,157	0,147	0,125	0,086	0,064	0,049	0,043	0,035	0,028	0,022	0,027	0,027	0,035	0,034	0,027	0,040	11,836
14,000	-3,369	-3,463	-3,463	-3,487	-3,475	-3,471	-3,471	-3,469	-3,468	-3,468	-3,464	-3,458	-3,448	-3,429	-3,405	-0,158	-0,096	-0,069	-0,020	-0,006	0,001	0,005	0,007	0,009	0,011	0,017	0,028	0,036	0,042	0,032	0,054	11,711
15,000	-2,269	-2,277	-2,288	-2,286	-2,279	-2,279	-2,277	-2,276	-2,273	-2,276	-2,276	-2,275	-2,267	-2,257	-2,249	-0,026	-0,019	-0,018	0,002	0,003	0,003	0,005	0,005	0,005	0,006	0,009	0,011	0,018	0,018	0,015	0,059	12,048
	run	17	2022:11:15    09:45:32,591
0,000	-3,764	-3,786	-3,784	-3,803	-3,802	-3,807	-3,809	-3,814	-3,809	-3,815	-3,813	-3,814	-3,810	-3,800	-3,787	-0,024	-0,025	-0,021	-0,016	-0,010	-0,010	-0,008	-0,006	-0,002	-0,001	0,004	0,010	0,015	0,020	0,018	0,049	10,833
1,000	-4,237	-4,224	-4,204	-4,149	-4,112	-4,089	-4,077	-4,070	-4,059	-4,057	-4,046	-4,039	-4,032	-4,016	-3,999	0,032	0,056	0,065	0,086	0,080	0,064	0,057	0,051	0,046	0,039	0,039	0,037	0,038	0,037	0,027	0,046	11,147
2,000	-2,709	-2,722	-2,714	-2,706	-2,684	-2,668	-2,655	-2,647	-2,632	-2,629	-2,619	-2,612	-2,606	-2,595	-2,585	-0,011	0,005	0,015	0,036	0,044	0,045	0,046	0,045	0,039	0,035	0,035	0,033	0,030	0,028	0,018	0,037	11,587
3,000	-5,475	-5,477	-5,462	-5,420	-5,388	-5,363	-5,353	-5,348	-5,342	-5,347	-5,346	-5,343	-5,338	-5,317	-5,301	0,015	0,035	0,047	0,073	0,069	0,053	0,046	0,036	0,026	0,022	0,024	0,026	0,031	0,035	0,028	0,079	12,415
4,000	-2,999	-3,021	-3,016	-3,018	-3,008	-3,006	-3,000	-2,997	-2,992	-2,990	-2,983	-2,975	-2,963	-2,942	-2,918	-0,025	-0,008	-0,003	0,009	0,014	0,017	0,021	0,021	0,024	0,028	0,032	0,038	0,043	0,045	0,037	0,040	12,268
5,000	-3,352	-3,376	-3,377	-3,389	-3,382	-3,381	-3,380	-3,380	-3,381	-3,378	-3,375	-3,373	-3,359	-3,337	-3,308	-0,042	-0,035	-0,027	-0,009	-0,000	0,004	0,007	0,007	0,011	0,016	0,027	0,035	0,041	0,049	0,041	0,049	11,206
6,000	-2,109	-2,142	-2,141	-2,135	-2,115	-2,098	-2,096	-2,087	-2,084	-2,072	-2,069	-2,072	-2,069	-2,058	-2,056	-0,057	-0,034	-0,017	0,024	0,029	0,028	0,026	0,025	0,023	0,018	0,026	0,016	0,014	0,010	0,009	0,027	11,558
7,000	-1,627	-1,668	-1,683	-1,700	-1,701	-1,709	-1,709	-1,708	-1,711	-1,716	-1,719	-1,717	-1,721	-1,717	-1,715	-0,086	-0,059	-0,050	-0,027	-0,021	-0,020	-0,015	-0,014	-0,012	-0,009	-0,005	-0,004	-0,002	0,002	0,000	0,037	10,920
8,000	-5,156	-5,277	-5,311	-5,362	-5,364	-5,362	-5,362	-5,368	-5,365	-5,372	-5,373	-5,374	-5,379	-5,374	-5,371	-0,225	-0,174	-0,133	-0,065	-0,042	-0,031	-0,023	-0,016	-0,013	-0,014	-0,010	-0,003	-0,003	-0,000	-0,001	0,064	10,928
9,000	-2,126	-2,182	-2,214	-2,226	-2,222	-2,217	-2,214	-2,211	-2,207	-2,209	-2,201	-2,192	-2,185	-2,160	-2,140	-0,122	-0,094	-0,064	-0,021	-0,006	0,001	0,004	0,012	0,016	0,014	0,026	0,030	0,041	0,041	0,036	0,049	12,832
10,000	-1,527	-1,426	-1,350	-1,231	-1,176	-1,143	-1,125	-1,111	-1,104	-1,101	-1,095	-1,097	-1,093	-1,076	-1,068	0,176	0,216	0,204	0,172	0,141	0,108	0,090	0,070	0,058	0,042	0,036	0,028	0,031	0,026	0,020	0,048	13,557
11,000	-2,836	-2,465	-2,303	-2,099	-2,032	-1,989	-1,970	-1,952	-1,940	-1,930	-1,923	-1,913	-1,908	-1,902	-1,900	0,726	0,615	0,514	0,324	0,244	0,181	0,147	0,119	0,095	0,075	0,056	0,043	0,034	0,023	0,014	0,023	13,616
12,000	-4,267	-3,947	-3,810	-3,674	-3,634	-3,619	-3,613	-3,609	-3,607	-3,611	-3,609	-3,604	-3,599	-3,584	-3,564	0,672	0,526	0,418	0,229	0,157	0,104	0,080	0,062	0,045	0,035	0,033	0,032	0,033	0,036	0,027	0,054	13,110
13,000	-1,955	-1,863	-1,829	-1,769	-1,745	-1,734	-1,727	-1,722	-1,718	-1,718	-1,718	-1,711	-1,699	-1,687	-1,669	0,156	0,144	0,122	0,087	0,063	0,049	0,042	0,034	0,029	0,026	0,027	0,027	0,033	0,036	0,029	0,039	11,851
14,000	-3,366	-3,458	-3,461	-3,484	-3,473	-3,468	-3,468	-3,465	-3,464	-3,464	-3,458	-3,454	-3,446	-3,425	-3,402	-0,161	-0,097	-0,069	-0,021	-0,007	0,001	0,004	0,008	0,010	0,012	0,020	0,027	0,035	0,041	0,033	0,054	11,719
15,000	-2,281	-2,283	-2,299	-2,298	-2,290	-2,293	-2,288	-2,288	-2,284	-2,287	-2,288	-2,284	-2,280	-2,269	-2,262	-0,022	-0,022	-0,016	-0,001	0,002	0,001	0,005	0,006	0,005	0,006	0,008	0,011	0,017	0,019	0,015	0,059	12,026
	run	18	2022:11:15    09:45:32,642
0,000	-3,764	-3,786	-3,784	-3,803	-3,802	-3,807	-3,809	-3,814	-3,809	-3,815	-3,813	-3,814	-3,810	-3,800	-3,787	-0,024	-0,025	-0,021	-0,016	-0,010	-0,010	-0,008	-0,006	-0,002	-0,001	0,004	0,010	0,015	0,020	0,018	0,049	10,833
1,000	-4,237	-4,224	-4,204	-4,149	-4,112	-4,089	-4,077	-4,070	-4,059	-4,057	-4,046	-4,039	-4,032	-4,016	-3,999	0,032	0,056	0,065	0,086	0,080	0,064	0,057	0,051	0,046	0,039	0,039	0,037	0,038	0,037	0,027	0,046	11,147
2,000	-2,709	-2,722	-2,714	-2,706	-2,684	-2,668	-2,655	-2,647	-2,632	-2,629	-2,619	-2,612	-2,606	-2,595	-2,585	-0,011	0,005	0,015	0,036	0,044	0,045	0,046	0,045	0,039	0,035	0,035	0,033	0,030	0,028	0,018	0,037	11,587
3,000	-5,475	-5,477	-5,462	-5,420	-5,388	-5,363	-5,353	-5,348	-5,342	-5,347	-5,346	-5,343	-5,338	-5,317	-5,301	0,015	0,035	0,047	0,073	0,069	0,053	0,046	0,036	0,026	0,022	0,024	0,026	0,031	0,035	0,028	0,079	12,415
4,000	-2,999	-3,021	-3,016	-3,018	-3,008	-3,006	-3,000	-2,997	-2,992	-2,990	-2,983	-2,975	-2,963	-2,942	-2,918	-0,025	-0,008	-0,003	0,009	0,014	0,017	0,021	0,021	0,024	0,028	0,032	0,038	0,043	0,045	0,037	0,040	12,268
5,000	-3,352	-3,376	-3,377	-3,389	-3,382	-3,381	-3,380	-3,380	-3,381	-3,378	-3,375	-3,373	-3,359	-3,337	-3,308	-0,042	-0,035	-0,027	-0,009	-0,000	0,004	0,007	0,007	0,011	0,016	0,027	0,035	0,041	0,049	0,041	0,049	11,206
6,000	-2,097	-2,127	-2,134	-2,128	-2,105	-2,099	-2,088	-2,086	-2,076	-2,071	-2,070	-2,064	-2,060	-2,058	-2,053	-0,062	-0,038	-0,018	0,017	0,029	0,026	0,027	0,023	0,018	0,021	0,020	0,018	0,015	0,015	0,011	0,026	11,594
7,000	-1,627	-1,668	-1,675	-1,692	-1,697	-1,699	-1,704	-1,705	-1,707	-1,711	-1,715	-1,717	-1,715	-1,711	-1,709	-0,086	-0,058	-0,049	-0,029	-0,023	-0,018	-0,016	-0,013	-0,012	-0,009	-0,007	-0,004	-0,002	0,003	0,005	0,038	10,957
8,000	-5,152	-5,278	-5,310	-5,363	-5,363	-5,367	-5,366	-5,370	-5,366	-5,377	-5,376	-5,377	-5,376	-5,375	-5,370	-0,235	-0,173	-0,138	-0,070	-0,044	-0,032	-0,025	-0,019	-0,016	-0,014	-0,009	-0,004	-0,004	0,003	-0,001	0,063	10,957
9,000	-2,158	-2,209	-2,235	-2,243	-2,245	-2,239	-2,231	-2,235	-2,233	-2,226	-2,219	-2,218	-2,204	-2,181	-2,159	-0,123	-0,100	-0,067	-0,018	-0,005	0,002	0,007	0,013	0,015	0,017	0,025	0,036	0,042	0,039	0,031	0,048	12,825
10,000	-1,545	-1,450	-1,373	-1,252	-1,196	-1,167	-1,147	-1,134	-1,124	-1,123	-1,121	-1,115	-1,107	-1,097	-1,090	0,179	0,214	0,204	0,173	0,142	0,107	0,091	0,075	0,056	0,045	0,035	0,033	0,029	0,027	0,016	0,048	13,542
11,000	-2,873	-2,508	-2,345	-2,139	-2,071	-2,029	-2,005	-1,992	-1,974	-1,967	-1,959	-1,951	-1,946	-1,940	-1,937	0,732	0,612	0,511	0,323	0,245	0,181	0,151	0,120	0,097	0,074	0,056	0,045	0,033	0,024	0,014	0,024	13,616
12,000	-4,261	-3,948	-3,814	-3,680	-3,639	-3,623	-3,615	-3,612	-3,611	-3,610	-3,610	-3,606	-3,598	-3,584	-3,570	0,665	0,520	0,415	0,228	0,158	0,105	0,081	0,062	0,046	0,035	0,031	0,033	0,035	0,037	0,028	0,054	13,118
13,000	-1,958	-1,860	-1,830	-1,766	-1,746	-1,735	-1,727	-1,726	-1,719	-1,718	-1,716	-1,714	-1,705	-1,685	-1,670	0,159	0,150	0,125	0,089	0,067	0,052	0,043	0,037	0,031	0,026	0,026	0,031	0,034	0,037	0,028	0,040	11,836
14,000	-3,368	-3,459	-3,464	-3,489	-3,477	-3,472	-3,471	-3,469	-3,466	-3,468	-3,464	-3,460	-3,448	-3,428	-3,406	-0,162	-0,097	-0,068	-0,021	-0,006	0,002	0,004	0,006	0,010	0,012	0,021	0,026	0,037	0,042	0,034	0,054	11,726
15,000	-2,277	-2,285	-2,296	-2,294	-2,288	-2,290	-2,286	-2,284	-2,280	-2,285	-2,283	-2,282	-2,275	-2,267	-2,259	-0,025	-0,020	-0,018	0,000	0,003	0,003	0,006	0,006	0,006	0,006	0,008	0,012	0,017	0,017	0,015	0,058	12,048
	run	19	2022:11:15    09:45:32,742
0,000	-3,773	-3,791	-3,797	-3,814	-3,811	-3,816	-3,818	-3,818	-3,816	-3,825	-3,824	-3,821	-3,819	-3,807	-3,797	-0,024	-0,024	-0,020	-0,014	-0,013	-0,011	-0,008	-0,006	-0,004	-0,002	0,004	0,010	0,015	0,021	0,015	0,048	10,847
1,000	-4,232	-4,215	-4,194	-4,145	-4,106	-4,083	-4,072	-4,065	-4,053	-4,052	-4,044	-4,033	-4,027	-4,011	-3,993	0,031	0,053	0,066	0,084	0,079	0,064	0,057	0,050	0,046	0,039	0,038	0,038	0,038	0,038	0,026	0,045	11,184
2,000	-2,701	-2,717	-2,711	-2,700	-2,680	-2,663	-2,652	-2,640	-2,628	-2,624	-2,613	-2,609	-2,601	-2,589	-2,579	-0,008	0,004	0,015	0,034	0,046	0,044	0,046	0,045	0,040	0,036	0,034	0,033	0,028	0,025	0,017	0,036	11,631
3,000	-5,484	-5,488	-5,476	-5,432	-5,397	-5,375	-5,365	-5,359	-5,355	-5,358	-5,358	-5,353	-5,344	-5,329	-5,312	0,015	0,033	0,050	0,072	0,070	0,054	0,044	0,035	0,030	0,021	0,023	0,027	0,030	0,035	0,024	0,079	12,429
4,000	-3,016	-3,029	-3,032	-3,031	-3,022	-3,017	-3,015	-3,009	-3,004	-3,002	-2,993	-2,985	-2,974	-2,955	-2,931	-0,025	-0,012	-0,003	0,009	0,018	0,019	0,020	0,020	0,023	0,028	0,032	0,038	0,045	0,048	0,035	0,041	12,231
5,000	-3,356	-3,381	-3,387	-3,396	-3,393	-3,392	-3,391	-3,391	-3,391	-3,390	-3,386	-3,382	-3,369	-3,346	-3,318	-0,053	-0,035	-0,028	-0,007	-0,002	0,000	0,006	0,004	0,010	0,015	0,025	0,034	0,042	0,052	0,042	0,050	11,169
6,000	-2,096	-2,121	-2,128	-2,123	-2,102	-2,089	-2,081	-2,076	-2,069	-2,067	-2,061	-2,060	-2,054	-2,051	-2,043	-0,061	-0,032	-0,015	0,021	0,030	0,030	0,032	0,026	0,021	0,020	0,019	0,019	0,018	0,014	0,007	0,027	11,558
7,000	-1,643	-1,685	-1,696	-1,714	-1,718	-1,723	-1,728	-1,730	-1,731	-1,734	-1,737	-1,734	-1,737	-1,735	-1,732	-0,089	-0,065	-0,049	-0,030	-0,025	-0,020	-0,017	-0,013	-0,013	-0,010	-0,006	-0,000	-0,002	0,002	0,002	0,039	10,942
8,000	-5,106	-5,225	-5,257	-5,303	-5,305	-5,305	-5,307	-5,307	-5,307	-5,315	-5,316	-5,314	-5,319	-5,311	-5,312	-0,223	-0,167	-0,136	-0,060	-0,042	-0,024	-0,023	-0,018	-0,012	-0,011	-0,007	-0,008	-0,002	0,002	0,002	0,063	10,957
9,000	-2,222	-2,272	-2,307	-2,319	-2,313	-2,313	-2,309	-2,307	-2,303	-2,303	-2,297	-2,287	-2,279	-2,259	-2,232	-0,126	-0,099	-0,072	-0,022	-0,007	-0,004	0,005	0,007	0,018	0,019	0,023	0,030	0,036	0,043	0,034	0,050	12,861
10,000	-1,541	-1,436	-1,363	-1,238	-1,182	-1,150	-1,134	-1,121	-1,111	-1,109	-1,104	-1,103	-1,093	-1,086	-1,076	0,174	0,212	0,202	0,174	0,141	0,110	0,089	0,074	0,054	0,046	0,036	0,030	0,030	0,025	0,019	0,048	13,601
11,000	-2,866	-2,495	-2,326	-2,124	-2,055	-2,012	-1,990	-1,977	-1,960	-1,952	-1,942	-1,932	-1,930	-1,923	-1,918	0,739	0,619	0,518	0,331	0,247	0,181	0,151	0,120	0,095	0,073	0,057	0,044	0,034	0,025	0,015	0,023	13,601
12,000	-4,246	-3,925	-3,787	-3,653	-3,614	-3,598	-3,590	-3,587	-3,586	-3,588	-3,586	-3,581	-3,576	-3,561	-3,546	0,670	0,527	0,415	0,227	0,157	0,105	0,081	0,063	0,047	0,036	0,033	0,031	0,034	0,035	0,027	0,053	13,110
13,000	-1,942	-1,848	-1,815	-1,757	-1,734	-1,720	-1,715	-1,711	-1,704	-1,706	-1,706	-1,701	-1,690	-1,676	-1,656	0,157	0,146	0,122	0,084	0,066	0,049	0,043	0,037	0,029	0,028	0,025	0,030	0,034	0,036	0,028	0,039	11,851
14,000	-3,366	-3,454	-3,459	-3,479	-3,471	-3,468	-3,466	-3,465	-3,462	-3,465	-3,460	-3,454	-3,444	-3,422	-3,401	-0,156	-0,099	-0,068	-0,019	-0,008	-0,001	0,005	0,009	0,011	0,012	0,019	0,028	0,038	0,041	0,032	0,054	11,741
15,000	-2,278	-2,282	-2,296	-2,295	-2,288	-2,287	-2,283	-2,284	-2,280	-2,283	-2,281	-2,282	-2,275	-2,266	-2,256	-0,027	-0,021	-0,017	0,001	0,005	0,003	0,006	0,005	0,005	0,007	0,008	0,013	0,016	0,016	0,016	0,058	12,041
	run	20	2022:11:15    09:45:32,845
0,000	-3,765	-3,782	-3,786	-3,806	-3,805	-3,807	-3,810	-3,812	-3,809	-3,815	-3,816	-3,815	-3,812	-3,802	-3,788	-0,026	-0,023	-0,020	-0,018	-0,012	-0,011	-0,010	-0,006	-0,005	-0,003	0,003	0,011	0,016	0,019	0,015	0,048	10,825
1,000	-4,217	-4,203	-4,182	-4,133	-4,095	-4,070	-4,060	-4,051	-4,042	-4,040	-4,031	-4,022	-4,013	-3,996	-3,982	0,032	0,051	0,067	0,088	0,079	0,066	0,057	0,050	0,046	0,041	0,038	0,038	0,038	0,036	0,027	0,044	11,155
2,000	-2,703	-2,717	-2,705	-2,697	-2,681	-2,660	-2,649	-2,639	-2,628	-2,622	-2,615	-2,605	-2,599	-2,588	-2,577	-0,007	0,005	0,016	0,036	0,044	0,044	0,047	0,044	0,041	0,037	0,034	0,031	0,027	0,027	0,018	0,036	11,594
3,000	-5,467	-5,465	-5,456	-5,411	-5,376	-5,351	-5,342	-5,339	-5,332	-5,337	-5,333	-5,331	-5,327	-5,309	-5,291	0,014	0,037	0,048	0,073	0,072	0,053	0,043	0,035	0,027	0,021	0,025	0,024	0,026	0,034	0,027	0,079	12,422
4,000	-3,001	-3,016	-3,015	-3,017	-3,006	-3,003	-2,999	-2,994	-2,990	-2,987	-2,980	-2,973	-2,959	-2,937	-2,918	-0,024	-0,013	-0,006	0,012	0,014	0,018	0,020	0,024	0,025	0,028	0,033	0,038	0,044	0,043	0,035	0,040	12,261
5,000	-3,336	-3,358	-3,362	-3,373	-3,369	-3,366	-3,367	-3,367	-3,366	-3,366	-3,362	-3,357	-3,343	-3,320	-3,292	-0,043	-0,035	-0,027	-0,006	-0,000	0,001	0,007	0,007	0,010	0,018	0,024	0,035	0,043	0,051	0,042	0,049	11,199
6,000	-2,090	-2,120	-2,124	-2,117	-2,100	-2,090	-2,080	-2,075	-2,070	-2,072	-2,062	-2,057	-2,051	-2,049	-2,044	-0,056	-0,031	-0,017	0,018	0,029	0,032	0,027	0,023	0,024	0,025	0,023	0,019	0,013	0,014	0,007	0,026	11,587
7,000	-1,640	-1,684	-1,695	-1,713	-1,714	-1,717	-1,718	-1,723	-1,728	-1,726	-1,729	-1,732	-1,731	-1,727	-1,726	-0,087	-0,063	-0,046	-0,027	-0,022	-0,019	-0,014	-0,012	-0,011	-0,010	-0,005	-0,001	0,000	0,002	0,004	0,039	10,957
8,000	-5,162	-5,283	-5,315	-5,366	-5,366	-5,366	-5,367	-5,368	-5,371	-5,375	-5,375	-5,380	-5,381	-5,377	-5,377	-0,226	-0,170	-0,137	-0,067	-0,042	-0,029	-0,024	-0,022	-0,017	-0,013	-0,010	-0,004	-0,002	0,000	0,001	0,064	10,972
9,000	-2,146	-2,195	-2,228	-2,235	-2,232	-2,230	-2,224	-2,233	-2,219	-2,228	-2,214	-2,208	-2,189	-2,175	-2,153	-0,128	-0,100	-0,067	-0,019	-0,007	0,002	0,004	0,011	0,015	0,018	0,031	0,032	0,043	0,040	0,036	0,050	12,861
10,000	-1,566	-1,460	-1,382	-1,257	-1,204	-1,169	-1,151	-1,139	-1,128	-1,130	-1,125	-1,121	-1,114	-1,103	-1,094	0,180	0,216	0,210	0,180	0,146	0,111	0,092	0,073	0,056	0,045	0,037	0,031	0,027	0,027	0,018	0,048	13,528
11,000	-2,880	-2,512	-2,348	-2,145	-2,072	-2,031	-2,012	-1,995	-1,980	-1,969	-1,961	-1,954	-1,949	-1,942	-1,939	0,732	0,616	0,516	0,327	0,247	0,183	0,150	0,121	0,096	0,073	0,056	0,042	0,034	0,024	0,013	0,024	13,579
12,000	-4,259	-3,941	-3,805	-3,672	-3,634	-3,617	-3,611	-3,606	-3,604	-3,608	-3,607	-3,600	-3,594	-3,579	-3,561	0,670	0,525	0,414	0,226	0,155	0,106	0,082	0,060	0,047	0,036	0,031	0,032	0,034	0,036	0,028	0,054	13,096
13,000	-1,955	-1,860	-1,824	-1,764	-1,740	-1,729	-1,724	-1,717	-1,711	-1,713	-1,711	-1,707	-1,697	-1,683	-1,668	0,163	0,146	0,127	0,088	0,066	0,049	0,042	0,037	0,029	0,025	0,029	0,029	0,035	0,033	0,027	0,039	11,829
14,000	-3,371	-3,461	-3,466	-3,486	-3,478	-3,475	-3,472	-3,470	-3,471	-3,470	-3,466	-3,459	-3,452	-3,430	-3,408	-0,158	-0,095	-0,071	-0,022	-0,008	0,002	0,003	0,006	0,008	0,010	0,020	0,027	0,037	0,041	0,032	0,054	11,726
15,000	-2,279	-2,284	-2,296	-2,296	-2,287	-2,286	-2,283	-2,284	-2,281	-2,285	-2,283	-2,282	-2,276	-2,267	-2,258	-0,022	-0,019	-0,017	0,001	0,003	0,003	0,005	0,005	0,006	0,006	0,010	0,010	0,015	0,018	0,014	0,059	12,034
	run	21	2022:11:15    09:45:32,890
0,000	-3,746	-3,770	-3,771	-3,788	-3,789	-3,792	-3,795	-3,796	-3,794	-3,800	-3,800	-3,797	-3,793	-3,785	-3,772	-0,021	-0,024	-0,024	-0,014	-0,013	-0,010	-0,008	-0,004	-0,003	-0,003	0,004	0,009	0,015	0,020	0,015	0,048	10,876
1,000	-4,229	-4,214	-4,193	-4,143	-4,106	-4,083	-4,071	-4,061	-4,050	-4,050	-4,041	-4,033	-4,025	-4,006	-3,992	0,034	0,054	0,065	0,082	0,081	0,064	0,060	0,051	0,044	0,040	0,039	0,038	0,036	0,037	0,026	0,046	11,177
2,000	-2,703	-2,717	-2,705	-2,697	-2,681	-2,660	-2,649	-2,639	-2,628	-2,622	-2,615	-2,605	-2,599	-2,588	-2,577	-0,007	0,005	0,016	0,036	0,044	0,044	0,047	0,044	0,041	0,037	0,034	0,031	0,027	0,027	0,018	0,036	11,594
3,000	-5,467	-5,465	-5,456	-5,411	-5,376	-5,351	-5,342	-5,339	-5,332	-5,337	-5,333	-5,331	-5,327	-5,309	-5,291	0,014	0,037	0,048	0,073	0,072	0,053	0,043	0,035	0,027	0,021	0,025	0,024	0,026	0,034	0,027	0,079	12,422
4,000	-3,001	-3,016	-3,015	-3,017	-3,006	-3,003	-2,999	-2,994	-2,990	-2,987	-2,980	-2,973	-2,959	-2,937	-2,918	-0,024	-0,013	-0,006	0,012	0,014	0,018	0,020	0,024	0,025	0,028	0,033	0,038	0,044	0,043	0,035	0,040	12,261
5,000	-3,336	-3,358	-3,362	-3,373	-3,369	-3,366	-3,367	-3,367	-3,366	-3,366	-3,362	-3,357	-3,343	-3,320	-3,292	-0,043	-0,035	-0,027	-0,006	-0,000	0,001	0,007	0,007	0,010	0,018	0,024	0,035	0,043	0,051	0,042	0,049	11,199
6,000	-2,090	-2,120	-2,124	-2,117	-2,100	-2,090	-2,080	-2,075	-2,070	-2,072	-2,062	-2,057	-2,051	-2,049	-2,044	-0,056	-0,031	-0,017	0,018	0,029	0,032	0,027	0,023	0,024	0,025	0,023	0,019	0,013	0,014	0,007	0,026	11,587
7,000	-1,640	-1,684	-1,695	-1,713	-1,714	-1,717	-1,718	-1,723	-1,728	-1,726	-1,729	-1,732	-1,731	-1,727	-1,726	-0,087	-0,063	-0,046	-0,027	-0,022	-0,019	-0,014	-0,012	-0,011	-0,010	-0,005	-0,001	0,000	0,002	0,004	0,039	10,957
8,000	-5,145	-5,266	-5,296	-5,347	-5,350	-5,352	-5,348	-5,354	-5,355	-5,361	-5,360	-5,367	-5,364	-5,357	-5,362	-0,228	-0,172	-0,136	-0,071	-0,041	-0,029	-0,025	-0,017	-0,013	-0,010	-0,011	-0,005	-0,003	-0,001	0,002	0,064	10,942
9,000	-2,193	-2,245	-2,280	-2,289	-2,286	-2,285	-2,279	-2,286	-2,273	-2,272	-2,269	-2,259	-2,246	-2,229	-2,197	-0,129	-0,107	-0,068	-0,022	-0,005	-0,003	0,002	0,011	0,016	0,023	0,028	0,032	0,039	0,044	0,037	0,050	12,817
10,000	-1,546	-1,439	-1,365	-1,247	-1,193	-1,158	-1,144	-1,128	-1,121	-1,118	-1,117	-1,108	-1,108	-1,096	-1,086	0,179	0,212	0,204	0,170	0,140	0,110	0,090	0,071	0,056	0,045	0,036	0,030	0,029	0,025	0,020	0,048	13,572
11,000	-2,876	-2,507	-2,339	-2,134	-2,066	-2,023	-2,003	-1,988	-1,974	-1,966	-1,953	-1,946	-1,943	-1,935	-1,934	0,738	0,615	0,518	0,326	0,247	0,182	0,149	0,121	0,096	0,074	0,058	0,044	0,034	0,025	0,014	0,023	13,630
12,000	-4,285	-3,973	-3,836	-3,701	-3,657	-3,642	-3,638	-3,633	-3,631	-3,631	-3,631	-3,629	-3,621	-3,606	-3,587	0,660	0,521	0,421	0,231	0,159	0,106	0,081	0,061	0,047	0,036	0,029	0,033	0,035	0,036	0,029	0,054	13,103
13,000	-1,968	-1,874	-1,838	-1,778	-1,757	-1,748	-1,737	-1,736	-1,727	-1,729	-1,731	-1,723	-1,713	-1,695	-1,679	0,159	0,144	0,125	0,087	0,064	0,050	0,045	0,033	0,027	0,028	0,027	0,030	0,037	0,036	0,027	0,040	11,821
14,000	-3,369	-3,460	-3,463	-3,482	-3,474	-3,470	-3,469	-3,465	-3,464	-3,462	-3,460	-3,455	-3,447	-3,424	-3,404	-0,155	-0,094	-0,068	-0,021	-0,009	0,000	0,005	0,008	0,010	0,011	0,020	0,028	0,034	0,040	0,033	0,054	11,711
15,000	-2,274	-2,279	-2,291	-2,290	-2,282	-2,282	-2,279	-2,280	-2,275	-2,279	-2,278	-2,276	-2,270	-2,261	-2,252	-0,023	-0,018	-0,017	0,001	0,004	0,002	0,006	0,005	0,004	0,008	0,008	0,013	0,017	0,018	0,016	0,058	12,048
	run	22	2022:11:15    09:45:32,990
0,000	-3,739	-3,759	-3,760	-3,779	-3,779	-3,783	-3,783	-3,785	-3,784	-3,788	-3,790	-3,789	-3,784	-3,774	-3,763	-0,024	-0,021	-0,022	-0,015	-0,011	-0,009	-0,007	-0,006	-0,003	-0,001	0,004	0,009	0,014	0,020	0,015	0,048	10,869
1,000	-4,178	-4,164	-4,149	-4,096	-4,058	-4,036	-4,027	-4,016	-4,008	-4,004	-3,997	-3,988	-3,982	-3,964	-3,950	0,034	0,050	0,065	0,082	0,078	0,062	0,057	0,051	0,046	0,039	0,039	0,037	0,036	0,038	0,025	0,046	11,206
2,000	-2,688	-2,698	-2,687	-2,682	-2,662	-2,648	-2,634	-2,623	-2,611	-2,608	-2,596	-2,590	-2,583	-2,572	-2,564	-0,004	0,009	0,017	0,033	0,043	0,044	0,045	0,045	0,040	0,037	0,034	0,032	0,029	0,026	0,018	0,036	11,638
3,000	-5,454	-5,450	-5,443	-5,399	-5,363	-5,342	-5,335	-5,326	-5,321	-5,323	-5,324	-5,318	-5,314	-5,296	-5,276	0,020	0,033	0,047	0,069	0,069	0,053	0,044	0,035	0,027	0,022	0,024	0,025	0,030	0,035	0,025	0,077	12,444
4,000	-3,006	-3,025	-3,023	-3,026	-3,018	-3,009	-3,007	-3,004	-2,999	-2,996	-2,989	-2,981	-2,969	-2,949	-2,923	-0,022	-0,013	-0,005	0,010	0,017	0,018	0,020	0,021	0,023	0,027	0,031	0,037	0,043	0,048	0,037	0,041	12,283
5,000	-3,367	-3,392	-3,396	-3,402	-3,400	-3,398	-3,399	-3,399	-3,398	-3,398	-3,393	-3,391	-3,375	-3,353	-3,325	-0,047	-0,033	-0,026	-0,007	0,000	0,002	0,006	0,007	0,009	0,018	0,026	0,037	0,044	0,051	0,042	0,049	11,199
6,000	-2,113	-2,140	-2,143	-2,133	-2,117	-2,107	-2,102	-2,093	-2,089	-2,082	-2,079	-2,072	-2,073	-2,065	-2,060	-0,056	-0,031	-0,010	0,021	0,031	0,026	0,028	0,026	0,028	0,016	0,022	0,018	0,015	0,015	0,007	0,027	11,572
7,000	-1,650	-1,694	-1,704	-1,720	-1,722	-1,727	-1,729	-1,732	-1,733	-1,734	-1,737	-1,740	-1,739	-1,734	-1,732	-0,083	-0,060	-0,048	-0,027	-0,020	-0,016	-0,014	-0,013	-0,010	-0,009	-0,006	-0,002	-0,001	0,002	0,001	0,039	10,935
8,000	-5,184	-5,304	-5,341	-5,388	-5,388	-5,390	-5,391	-5,395	-5,395	-5,401	-5,404	-5,404	-5,408	-5,403	-5,406	-0,230	-0,176	-0,138	-0,069	-0,044	-0,033	-0,023	-0,021	-0,015	-0,016	-0,010	-0,003	-0,003	-0,000	-0,000	0,064	10,898
9,000	-2,200	-2,246	-2,282	-2,293	-2,284	-2,282	-2,281	-2,272	-2,273	-2,269	-2,257	-2,251	-2,247	-2,222	-2,198	-0,121	-0,098	-0,071	-0,018	-0,003	0,005	0,007	0,010	0,019	0,020	0,027	0,030	0,043	0,045	0,033	0,050	12,766
10,000	-1,536	-1,435	-1,361	-1,239	-1,184	-1,153	-1,133	-1,122	-1,113	-1,111	-1,108	-1,103	-1,096	-1,086	-1,079	0,176	0,215	0,208	0,174	0,143	0,110	0,092	0,072	0,057	0,047	0,033	0,029	0,031	0,027	0,015	0,048	13,521
11,000	-2,865	-2,491	-2,330	-2,123	-2,054	-2,012	-1,993	-1,976	-1,962	-1,953	-1,943	-1,936	-1,930	-1,926	-1,920	0,732	0,612	0,516	0,327	0,246	0,181	0,148	0,119	0,095	0,073	0,055	0,045	0,033	0,024	0,012	0,023	13,572
12,000	-4,268	-3,952	-3,813	-3,683	-3,642	-3,625	-3,620	-3,617	-3,615	-3,618	-3,614	-3,612	-3,604	-3,588	-3,572	0,674	0,527	0,419	0,229	0,157	0,106	0,079	0,062	0,047	0,036	0,031	0,032	0,036	0,036	0,027	0,054	13,110
13,000	-1,941	-1,847	-1,818	-1,754	-1,733	-1,723	-1,713	-1,708	-1,706	-1,709	-1,704	-1,700	-1,690	-1,672	-1,659	0,161	0,149	0,125	0,088	0,067	0,047	0,045	0,034	0,031	0,027	0,025	0,030	0,036	0,033	0,030	0,040	11,821
14,000	-3,353	-3,442	-3,443	-3,468	-3,458	-3,454	-3,452	-3,448	-3,447	-3,448	-3,446	-3,440	-3,429	-3,411	-3,388	-0,157	-0,096	-0,071	-0,021	-0,008	0,001	0,004	0,007	0,010	0,011	0,018	0,028	0,035	0,041	0,033	0,054	11,726
15,000	-2,256	-2,261	-2,274	-2,271	-2,266	-2,266	-2,263	-2,261	-2,259	-2,262	-2,262	-2,259	-2,256	-2,243	-2,236	-0,027	-0,021	-0,016	0,002	0,003	0,004	0,005	0,005	0,005	0,007	0,009	0,011	0,015	0,017	0,014	0,057	12,048
	run	23	2022:11:15    09:45:33,042
0,000	-3,739	-3,759	-3,760	-3,779	-3,779	-3,783	-3,783	-3,785	-3,784	-3,788	-3,790	-3,789	-3,784	-3,774	-3,763	-0,024	-0,021	-0,022	-0,015	-0,011	-0,009	-0,007	-0,006	-0,003	-0,001	0,004	0,009	0,014	0,020	0,015	0,048	10,869
1,000	-4,178	-4,164	-4,149	-4,096	-4,058	-4,036	-4,027	-4,016	-4,008	-4,004	-3,997	-3,988	-3,982	-3,964	-3,950	0,034	0,050	0,065	0,082	0,078	0,062	0,057	0,051	0,046	0,039	0,039	0,037	0,036	0,038	0,025	0,046	11,206
2,000	-2,688	-2,698	-2,687	-2,682	-2,662	-2,648	-2,634	-2,623	-2,611	-2,608	-2,596	-2,590	-2,583	-2,572	-2,564	-0,004	0,009	0,017	0,033	0,043	0,044	0,045	0,045	0,040	0,037	0,034	0,032	0,029	0,026	0,018	0,036	11,638
3,000	-5,454	-5,450	-5,443	-5,399	-5,363	-5,342	-5,335	-5,326	-5,321	-5,323	-5,324	-5,318	-5,314	-5,296	-5,276	0,020	0,033	0,047	0,069	0,069	0,053	0,044	0,035	0,027	0,022	0,024	0,025	0,030	0,035	0,025	0,077	12,444
4,000	-3,006	-3,025	-3,023	-3,026	-3,018	-3,009	-3,007	-3,004	-2,999	-2,996	-2,989	-2,981	-2,969	-2,949	-2,923	-0,022	-0,013	-0,005	0,010	0,017	0,018	0,020	0,021	0,023	0,027	0,031	0,037	0,043	0,048	0,037	0,041	12,283
5,000	-3,367	-3,392	-3,396	-3,402	-3,400	-3,398	-3,399	-3,399	-3,398	-3,398	-3,393	-3,391	-3,375	-3,353	-3,325	-0,047	-0,033	-0,026	-0,007	0,000	0,002	0,006	0,007	0,009	0,018	0,026	0,037	0,044	0,051	0,042	0,049	11,199
6,000	-2,117	-2,144	-2,153	-2,143	-2,122	-2,108	-2,101	-2,093	-2,091	-2,087	-2,079	-2,080	-2,074	-2,070	-2,061	-0,056	-0,039	-0,018	0,023	0,031	0,032	0,028	0,022	0,024	0,020	0,018	0,017	0,014	0,020	0,011	0,026	11,550
7,000	-1,657	-1,699	-1,707	-1,722	-1,725	-1,731	-1,733	-1,737	-1,739	-1,740	-1,744	-1,744	-1,742	-1,739	-1,737	-0,082	-0,062	-0,049	-0,027	-0,023	-0,019	-0,016	-0,013	-0,013	-0,013	-0,007	-0,004	-0,000	0,003	0,004	0,038	10,928
8,000	-5,186	-5,296	-5,334	-5,385	-5,382	-5,385	-5,392	-5,389	-5,386	-5,397	-5,398	-5,396	-5,399	-5,393	-5,392	-0,232	-0,171	-0,134	-0,065	-0,041	-0,028	-0,021	-0,025	-0,017	-0,010	-0,007	-0,003	-0,001	-0,001	0,002	0,064	10,920
9,000	-2,229	-2,271	-2,312	-2,317	-2,314	-2,307	-2,305	-2,306	-2,301	-2,297	-2,290	-2,286	-2,270	-2,251	-2,225	-0,116	-0,100	-0,069	-0,022	-0,006	-0,002	0,008	0,014	0,016	0,017	0,029	0,033	0,040	0,045	0,033	0,050	12,825
10,000	-1,563	-1,461	-1,381	-1,259	-1,202	-1,167	-1,150	-1,140	-1,129	-1,127	-1,123	-1,117	-1,112	-1,103	-1,093	0,179	0,218	0,210	0,176	0,145	0,111	0,091	0,074	0,058	0,045	0,036	0,028	0,030	0,025	0,017	0,048	13,528
11,000	-2,887	-2,515	-2,353	-2,146	-2,078	-2,034	-2,014	-1,997	-1,983	-1,974	-1,964	-1,959	-1,953	-1,947	-1,942	0,742	0,617	0,516	0,326	0,249	0,182	0,150	0,120	0,096	0,074	0,058	0,044	0,033	0,025	0,014	0,024	13,579
12,000	-4,239	-3,932	-3,792	-3,659	-3,618	-3,603	-3,599	-3,595	-3,593	-3,593	-3,591	-3,588	-3,582	-3,567	-3,550	0,661	0,521	0,410	0,224	0,155	0,104	0,079	0,059	0,046	0,035	0,032	0,032	0,033	0,037	0,026	0,053	13,096
13,000	-1,957	-1,860	-1,829	-1,765	-1,744	-1,733	-1,726	-1,723	-1,715	-1,717	-1,713	-1,711	-1,703	-1,684	-1,668	0,159	0,145	0,126	0,083	0,067	0,050	0,042	0,033	0,030	0,028	0,026	0,031	0,034	0,035	0,030	0,040	11,843
14,000	-3,353	-3,441	-3,442	-3,465	-3,456	-3,453	-3,452	-3,449	-3,446	-3,449	-3,445	-3,439	-3,428	-3,407	-3,385	-0,159	-0,098	-0,068	-0,020	-0,008	0,000	0,006	0,007	0,010	0,013	0,020	0,026	0,036	0,040	0,031	0,054	11,748
15,000	-2,263	-2,270	-2,283	-2,280	-2,276	-2,273	-2,270	-2,271	-2,267	-2,272	-2,271	-2,269	-2,262	-2,252	-2,245	-0,023	-0,020	-0,018	0,002	0,003	0,004	0,006	0,004	0,006	0,006	0,007	0,011	0,016	0,018	0,015	0,058	12,041
	run	24	2022:11:15    09:45:33,142
0,000	-3,744	-3,765	-3,767	-3,784	-3,786	-3,788	-3,791	-3,793	-3,790	-3,795	-3,796	-3,795	-3,791	-3,779	-3,769	-0,024	-0,023	-0,023	-0,018	-0,011	-0,009	-0,007	-0,005	-0,004	-0,003	0,003	0,011	0,016	0,019	0,018	0,049	10,869
1,000	-4,201	-4,186	-4,167	-4,115	-4,080	-4,055	-4,043	-4,036	-4,025	-4,023	-4,016	-4,007	-3,999	-3,983	-3,966	0,035	0,051	0,067	0,084	0,079	0,064	0,058	0,052	0,046	0,038	0,038	0,038	0,037	0,037	0,025	0,045	11,191
2,000	-2,704	-2,717	-2,704	-2,695	-2,680	-2,661	-2,651	-2,640	-2,628	-2,623	-2,615	-2,606	-2,600	-2,589	-2,579	-0,005	0,007	0,015	0,035	0,043	0,047	0,046	0,042	0,040	0,034	0,032	0,032	0,029	0,027	0,017	0,036	11,602
3,000	-5,462	-5,468	-5,455	-5,410	-5,375	-5,356	-5,345	-5,338	-5,331	-5,336	-5,336	-5,331	-5,324	-5,307	-5,290	0,020	0,038	0,047	0,072	0,070	0,054	0,044	0,037	0,029	0,019	0,023	0,029	0,030	0,033	0,026	0,077	12,422
4,000	-3,011	-3,024	-3,026	-3,024	-3,017	-3,012	-3,008	-3,003	-2,996	-2,995	-2,988	-2,980	-2,968	-2,948	-2,920	-0,026	-0,013	-0,002	0,011	0,018	0,015	0,021	0,021	0,025	0,028	0,033	0,040	0,044	0,049	0,038	0,043	12,290
5,000	-3,361	-3,389	-3,395	-3,408	-3,402	-3,400	-3,401	-3,400	-3,399	-3,399	-3,398	-3,390	-3,381	-3,356	-3,330	-0,047	-0,034	-0,026	-0,008	0,000	0,002	0,005	0,004	0,010	0,016	0,022	0,035	0,041	0,049	0,040	0,047	11,191
6,000	-2,103	-2,137	-2,140	-2,134	-2,116	-2,104	-2,096	-2,086	-2,084	-2,077	-2,075	-2,072	-2,068	-2,063	-2,056	-0,054	-0,039	-0,009	0,024	0,027	0,025	0,029	0,026	0,025	0,023	0,017	0,015	0,017	0,018	0,007	0,025	11,580
7,000	-1,647	-1,691	-1,696	-1,715	-1,720	-1,725	-1,726	-1,730	-1,731	-1,737	-1,738	-1,739	-1,738	-1,735	-1,732	-0,086	-0,062	-0,054	-0,029	-0,021	-0,019	-0,014	-0,013	-0,009	-0,010	-0,005	-0,002	0,000	0,003	0,003	0,038	10,942
8,000	-5,160	-5,280	-5,314	-5,366	-5,359	-5,367	-5,368	-5,367	-5,369	-5,377	-5,379	-5,378	-5,376	-5,373	-5,372	-0,230	-0,168	-0,134	-0,064	-0,043	-0,031	-0,023	-0,015	-0,015	-0,010	-0,008	-0,004	-0,000	-0,000	0,000	0,063	10,935
9,000	-2,213	-2,271	-2,298	-2,308	-2,307	-2,302	-2,300	-2,304	-2,293	-2,294	-2,291	-2,278	-2,269	-2,245	-2,222	-0,122	-0,102	-0,077	-0,021	-0,003	0,000	0,003	0,011	0,018	0,016	0,029	0,032	0,045	0,043	0,034	0,049	12,810
10,000	-1,560	-1,456	-1,380	-1,254	-1,196	-1,163	-1,147	-1,134	-1,125	-1,121	-1,121	-1,112	-1,106	-1,097	-1,088	0,180	0,218	0,209	0,180	0,145	0,111	0,095	0,070	0,056	0,048	0,035	0,030	0,031	0,026	0,021	0,047	13,528
11,000	-2,884	-2,512	-2,347	-2,142	-2,068	-2,025	-2,006	-1,991	-1,975	-1,967	-1,955	-1,949	-1,944	-1,939	-1,932	0,738	0,619	0,519	0,329	0,248	0,185	0,152	0,120	0,096	0,074	0,058	0,045	0,033	0,025	0,013	0,023	13,564
12,000	-4,278	-3,961	-3,822	-3,689	-3,648	-3,633	-3,627	-3,624	-3,622	-3,624	-3,622	-3,617	-3,611	-3,597	-3,579	0,670	0,525	0,415	0,227	0,158	0,106	0,081	0,061	0,047	0,034	0,032	0,032	0,034	0,036	0,027	0,054	13,081
13,000	-1,938	-1,848	-1,818	-1,757	-1,734	-1,723	-1,714	-1,712	-1,704	-1,708	-1,708	-1,701	-1,688	-1,677	-1,659	0,164	0,144	0,122	0,081	0,065	0,048	0,042	0,035	0,028	0,023	0,026	0,028	0,035	0,034	0,028	0,040	11,836
14,000	-3,357	-3,444	-3,452	-3,474	-3,466	-3,460	-3,459	-3,458	-3,453	-3,455	-3,451	-3,448	-3,437	-3,417	-3,396	-0,162	-0,098	-0,071	-0,020	-0,008	0,003	0,002	0,006	0,009	0,012	0,021	0,029	0,034	0,040	0,030	0,054	11,733
15,000	-2,258	-2,265	-2,276	-2,273	-2,267	-2,267	-2,264	-2,265	-2,260	-2,266	-2,265	-2,262	-2,256	-2,246	-2,240	-0,026	-0,021	-0,017	0,000	0,003	0,002	0,005	0,005	0,004	0,006	0,010	0,012	0,016	0,017	0,015	0,058	12,041
	run	25	2022:11:15    09:45:33,243
0,000	-3,765	-3,791	-3,788	-3,810	-3,808	-3,812	-3,812	-3,815	-3,814	-3,819	-3,820	-3,819	-3,814	-3,802	-3,792	-0,023	-0,024	-0,021	-0,018	-0,011	-0,010	-0,008	-0,005	-0,004	-0,002	0,004	0,009	0,016	0,020	0,015	0,048	10,862
1,000	-4,240	-4,223	-4,207	-4,151	-4,115	-4,092	-4,079	-4,070	-4,059	-4,057	-4,050	-4,042	-4,034	-4,015	-3,998	0,036	0,053	0,068	0,085	0,082	0,065	0,059	0,051	0,046	0,040	0,039	0,039	0,038	0,038	0,026	0,045	11,155
2,000	-2,712	-2,723	-2,715	-2,704	-2,687	-2,670	-2,657	-2,648	-2,637	-2,630	-2,621	-2,614	-2,607	-2,594	-2,586	-0,006	0,007	0,015	0,038	0,046	0,045	0,045	0,042	0,041	0,039	0,034	0,032	0,030	0,026	0,019	0,036	11,587
3,000	-5,469	-5,468	-5,456	-5,414	-5,378	-5,353	-5,345	-5,339	-5,334	-5,335	-5,333	-5,333	-5,327	-5,308	-5,292	0,019	0,033	0,048	0,070	0,072	0,051	0,042	0,034	0,027	0,019	0,023	0,027	0,030	0,033	0,026	0,077	12,422
4,000	-2,996	-3,012	-3,008	-3,007	-3,000	-2,995	-2,991	-2,986	-2,981	-2,980	-2,971	-2,966	-2,955	-2,933	-2,908	-0,023	-0,009	-0,003	0,009	0,015	0,018	0,022	0,021	0,025	0,027	0,030	0,037	0,043	0,045	0,036	0,041	12,268
5,000	-3,327	-3,353	-3,360	-3,368	-3,363	-3,362	-3,362	-3,362	-3,362	-3,361	-3,355	-3,352	-3,337	-3,317	-3,288	-0,048	-0,032	-0,026	-0,007	0,001	0,002	0,006	0,006	0,011	0,016	0,027	0,036	0,044	0,050	0,044	0,050	11,206
6,000	-2,089	-2,120	-2,124	-2,117	-2,101	-2,085	-2,077	-2,079	-2,066	-2,064	-2,062	-2,054	-2,056	-2,048	-2,040	-0,055	-0,033	-0,014	0,023	0,028	0,025	0,026	0,024	0,019	0,021	0,019	0,020	0,014	0,015	0,012	0,026	11,594
7,000	-1,637	-1,679	-1,687	-1,703	-1,708	-1,713	-1,716	-1,718	-1,717	-1,722	-1,726	-1,725	-1,724	-1,723	-1,720	-0,084	-0,065	-0,048	-0,027	-0,023	-0,018	-0,017	-0,015	-0,010	-0,011	-0,007	-0,002	0,002	0,003	0,003	0,038	10,964
8,000	-5,180	-5,307	-5,341	-5,389	-5,389	-5,389	-5,396	-5,399	-5,393	-5,406	-5,403	-5,403	-5,406	-5,404	-5,406	-0,228	-0,173	-0,135	-0,065	-0,043	-0,033	-0,024	-0,017	-0,012	-0,014	-0,009	-0,005	-0,004	0,002	0,001	0,064	10,913
9,000	-2,202	-2,245	-2,277	-2,286	-2,282	-2,277	-2,274	-2,270	-2,264	-2,264	-2,257	-2,251	-2,242	-2,220	-2,198	-0,130	-0,094	-0,067	-0,019	-0,006	-0,002	0,005	0,016	0,015	0,022	0,022	0,030	0,040	0,042	0,032	0,049	12,788
10,000	-1,549	-1,451	-1,369	-1,251	-1,194	-1,158	-1,143	-1,132	-1,121	-1,119	-1,117	-1,114	-1,105	-1,095	-1,084	0,185	0,216	0,208	0,175	0,144	0,112	0,093	0,074	0,056	0,046	0,035	0,030	0,029	0,026	0,017	0,048	13,521
11,000	-2,873	-2,503	-2,339	-2,132	-2,065	-2,019	-1,999	-1,982	-1,969	-1,959	-1,949	-1,941	-1,937	-1,930	-1,927	0,739	0,618	0,517	0,330	0,250	0,184	0,149	0,120	0,096	0,072	0,058	0,044	0,033	0,025	0,015	0,023	13,594
12,000	-4,261	-3,943	-3,807	-3,675	-3,633	-3,618	-3,614	-3,610	-3,608	-3,610	-3,608	-3,603	-3,596	-3,582	-3,565	0,673	0,525	0,416	0,226	0,157	0,104	0,079	0,063	0,047	0,034	0,032	0,033	0,034	0,035	0,027	0,053	13,110
13,000	-1,962	-1,866	-1,829	-1,769	-1,747	-1,737	-1,727	-1,720	-1,717	-1,723	-1,717	-1,715	-1,704	-1,689	-1,673	0,162	0,146	0,126	0,087	0,067	0,050	0,043	0,033	0,031	0,025	0,025	0,030	0,030	0,036	0,031	0,040	11,821
14,000	-3,360	-3,451	-3,455	-3,476	-3,468	-3,463	-3,462	-3,459	-3,456	-3,459	-3,455	-3,450	-3,440	-3,418	-3,396	-0,156	-0,096	-0,070	-0,023	-0,006	0,001	0,006	0,005	0,009	0,013	0,019	0,028	0,034	0,042	0,032	0,054	11,704
15,000	-2,279	-2,283	-2,300	-2,297	-2,291	-2,288	-2,286	-2,287	-2,282	-2,286	-2,287	-2,284	-2,279	-2,268	-2,260	-0,027	-0,022	-0,019	0,001	0,001	0,002	0,005	0,005	0,005	0,006	0,008	0,012	0,017	0,019	0,014	0,058	12,056
