Device: PM2003001		2022:11:08    10:52:37,525  (DLL version: 1.20;  Status: HW:v1.02 SW:v1.3 CRC:31ED BATTERY:4154mV ST:0 ERR:0000;  MUX data; S: 92 I:143 R:200.000 C:1.094p F:)
Excitation level, V:	2,00
Voltage Channel Gain:	5
Current Channel Gain:	1
Voltmeter Range, V:	0,6
Ampermeter Range, A:	15,0m
Step Period, ms:	5
R transimp:	200
C transimp:	1,1p
Measurement Table: 	EEPROM  16

Freq, Hz	1,0k	2,0k	3,0k	7,0k	11,0k	17,0k	23,0k	31,0k	43,0k	61,0k	89,0k	127,0k	179,0k	251,0k	349,0k	1,0k	2,0k	3,0k	7,0k	11,0k	17,0k	23,0k	31,0k	43,0k	61,0k	89,0k	127,0k	179,0k	251,0k	349,0k
	run	1	2022:11:08    10:52:37,527
MUX	Re1, ohm	Re2, ohm	Re3, ohm	Re4, ohm	Re5, ohm	Re6, ohm	Re7, ohm	Re8, ohm	Re9, ohm	Re10, ohm	Re11, ohm	Re12, ohm	Re13, ohm	Re14, ohm	Re15, ohm	Im1, ohm	Im2, ohm	Im3, ohm	Im4, ohm	Im5, ohm	Im6, ohm	Im7, ohm	Im8, ohm	Im9, ohm	Im10, ohm	Im11, ohm	Im12, ohm	Im13, ohm	Im14, ohm	Im15, ohm	U, V	I, mA

0,000	-13,011	-13,111	-13,118	-13,193	-13,211	-13,228	-13,236	-13,237	-13,230	-13,240	-13,230	-13,202	-13,150	-13,064	-12,946	-0,187	-0,118	-0,122	-0,082	-0,064	-0,035	-0,017	0,001	0,020	0,041	0,082	0,128	0,171	0,196	0,157	0,000	0,000
1,000	-16,912	-16,891	-16,801	-16,610	-16,457	-16,356	-16,295	-16,254	-16,205	-16,183	-16,132	-16,096	-16,035	-15,948	-15,840	0,088	0,212	0,258	0,342	0,338	0,304	0,281	0,248	0,222	0,210	0,212	0,214	0,222	0,223	0,173	0,000	0,000
2,000	-10,328	-10,313	-10,267	-10,147	-10,036	-9,962	-9,915	-9,877	-9,832	-9,801	-9,740	-9,669	-9,571	-9,423	-9,243	0,045	0,110	0,161	0,245	0,256	0,236	0,240	0,232	0,232	0,246	0,283	0,317	0,348	0,347	0,271	0,000	0,000
3,000	-20,538	-20,521	-20,443	-20,115	-19,898	-19,765	-19,694	-19,636	-19,580	-19,568	-19,528	-19,488	-19,426	-19,318	-19,194	0,128	0,291	0,360	0,492	0,468	0,388	0,342	0,300	0,262	0,227	0,215	0,238	0,244	0,253	0,191	0,000	0,000
4,000	-10,906	-11,036	-10,928	-10,919	-10,884	-10,899	-10,892	-10,884	-10,877	-10,866	-10,833	-10,754	-10,612	-10,386	-10,088	-0,296	0,006	-0,010	0,045	0,044	0,070	0,080	0,101	0,135	0,191	0,273	0,368	0,471	0,522	0,434	0,000	0,000
5,000	-12,259	-12,149	-12,330	-12,347	-12,345	-12,329	-12,300	-12,303	-12,278	-12,272	-12,224	-12,131	-11,989	-11,730	-11,395	0,080	-0,157	-0,103	-0,001	0,024	0,039	0,084	0,121	0,160	0,218	0,301	0,414	0,511	0,582	0,472	0,000	0,000
6,000	-8,724	-8,734	-8,629	-8,479	-8,367	-8,312	-8,280	-8,246	-8,203	-8,184	-8,144	-8,078	-7,997	-7,868	-7,707	-0,051	0,147	0,184	0,244	0,238	0,208	0,204	0,194	0,201	0,204	0,229	0,264	0,292	0,307	0,241	0,000	0,000
7,000	-6,971	-6,885	-6,864	-6,776	-6,732	-6,699	-6,687	-6,680	-6,660	-6,658	-6,648	-6,632	-6,616	-6,585	-6,546	0,073	0,084	0,099	0,121	0,109	0,087	0,080	0,067	0,062	0,062	0,060	0,069	0,069	0,074	0,057	0,000	0,000
8,000	-19,654	-19,736	-19,729	-19,793	-19,789	-19,839	-19,873	-19,903	-19,929	-19,985	-20,008	-20,039	-20,061	-20,045	-20,025	-0,150	-0,073	-0,087	-0,093	-0,104	-0,130	-0,133	-0,134	-0,129	-0,124	-0,095	-0,062	-0,042	-0,006	0,006	0,000	0,000
9,000	-9,181	-9,090	-9,034	-8,893	-8,774	-8,666	-8,603	-8,555	-8,499	-8,466	-8,411	-8,371	-8,319	-8,238	-8,154	0,206	0,194	0,221	0,306	0,313	0,289	0,274	0,251	0,234	0,218	0,213	0,210	0,204	0,198	0,141	0,000	0,000
10,000	-8,788	-8,653	-8,469	-8,248	-8,131	-8,078	-8,046	-8,022	-7,997	-7,990	-7,979	-7,953	-7,910	-7,845	-7,774	0,379	0,475	0,416	0,352	0,287	0,227	0,194	0,164	0,137	0,129	0,125	0,134	0,150	0,149	0,120	0,000	0,000
11,000	-9,936	-9,698	-9,614	-9,427	-9,330	-9,270	-9,234	-9,212	-9,180	-9,167	-9,133	-9,097	-9,047	-8,970	-8,879	0,421	0,377	0,346	0,301	0,259	0,210	0,190	0,168	0,161	0,154	0,164	0,174	0,187	0,187	0,139	0,000	0,000
12,000	-15,004	-15,080	-14,982	-14,971	-14,911	-14,901	-14,899	-14,886	-14,878	-14,890	-14,866	-14,844	-14,800	-14,700	-14,596	-0,204	-0,008	0,025	0,059	0,063	0,055	0,057	0,059	0,063	0,074	0,101	0,137	0,176	0,195	0,161	0,000	0,000
13,000	-8,751	-8,804	-8,808	-8,838	-8,824	-8,816	-8,805	-8,788	-8,761	-8,731	-8,682	-8,612	-8,512	-8,360	-8,164	-0,154	-0,089	-0,057	0,001	0,039	0,065	0,093	0,119	0,152	0,189	0,240	0,286	0,336	0,354	0,283	0,000	0,000
14,000	-12,079	-12,004	-12,054	-12,023	-12,004	-11,982	-11,965	-11,964	-11,952	-11,936	-11,923	-11,880	-11,801	-11,662	-11,453	-0,130	-0,116	-0,041	0,036	0,050	0,053	0,074	0,072	0,088	0,123	0,165	0,228	0,294	0,339	0,285	0,000	0,000
15,000	-9,014	-9,141	-9,038	-9,053	-9,008	-9,008	-8,998	-8,984	-8,969	-8,968	-8,944	-8,914	-8,868	-8,786	-8,700	-0,182	0,017	-0,008	0,040	0,047	0,062	0,065	0,075	0,079	0,093	0,113	0,135	0,159	0,174	0,138	0,000	0,000
	run	2	2022:11:08    10:52:37,627
0,000	-13,135	-13,245	-13,227	-13,317	-13,333	-13,343	-13,354	-13,355	-13,355	-13,365	-13,354	-13,320	-13,272	-13,177	-13,065	-0,204	-0,127	-0,120	-0,084	-0,061	-0,038	-0,014	0,002	0,023	0,049	0,084	0,133	0,173	0,200	0,164	0,000	0,000
1,000	-16,914	-16,877	-16,796	-16,589	-16,445	-16,340	-16,285	-16,235	-16,192	-16,159	-16,116	-16,082	-16,025	-15,930	-15,822	0,093	0,211	0,279	0,339	0,347	0,299	0,280	0,244	0,226	0,211	0,212	0,217	0,219	0,229	0,179	0,000	0,000
2,000	-10,242	-10,214	-10,177	-10,054	-9,952	-9,878	-9,832	-9,797	-9,750	-9,716	-9,662	-9,593	-9,495	-9,345	-9,172	0,037	0,107	0,153	0,241	0,247	0,237	0,236	0,227	0,233	0,242	0,273	0,313	0,338	0,347	0,265	0,000	0,000
3,000	-20,224	-20,205	-20,138	-19,848	-19,631	-19,500	-19,429	-19,370	-19,317	-19,306	-19,262	-19,223	-19,169	-19,053	-18,932	0,111	0,260	0,340	0,474	0,450	0,374	0,335	0,289	0,254	0,217	0,220	0,229	0,245	0,253	0,190	0,000	0,000
4,000	-10,721	-10,835	-10,746	-10,728	-10,684	-10,699	-10,699	-10,687	-10,680	-10,671	-10,636	-10,557	-10,422	-10,205	-9,909	-0,301	0,014	-0,010	0,051	0,049	0,065	0,078	0,099	0,129	0,189	0,270	0,358	0,459	0,513	0,422	0,000	0,000
5,000	-12,066	-11,926	-12,104	-12,110	-12,124	-12,103	-12,082	-12,084	-12,054	-12,051	-12,000	-11,916	-11,768	-11,520	-11,196	0,067	-0,150	-0,100	0,002	0,023	0,042	0,084	0,106	0,165	0,208	0,292	0,403	0,503	0,568	0,463	0,000	0,000
6,000	-8,628	-8,612	-8,506	-8,364	-8,254	-8,198	-8,161	-8,133	-8,100	-8,073	-8,022	-7,973	-7,898	-7,762	-7,612	-0,034	0,141	0,185	0,244	0,239	0,207	0,206	0,191	0,191	0,196	0,227	0,254	0,287	0,297	0,228	0,000	0,000
7,000	-6,870	-6,782	-6,773	-6,698	-6,660	-6,628	-6,611	-6,600	-6,585	-6,587	-6,576	-6,562	-6,540	-6,512	-6,474	0,061	0,079	0,093	0,112	0,099	0,075	0,077	0,061	0,062	0,059	0,061	0,067	0,069	0,072	0,051	0,000	0,000
8,000	-19,358	-19,453	-19,452	-19,503	-19,488	-19,529	-19,567	-19,595	-19,622	-19,678	-19,701	-19,726	-19,743	-19,730	-19,717	-0,141	-0,061	-0,090	-0,075	-0,089	-0,125	-0,130	-0,128	-0,121	-0,118	-0,091	-0,057	-0,035	-0,006	0,007	0,000	0,000
9,000	-9,120	-9,024	-8,974	-8,844	-8,727	-8,620	-8,556	-8,511	-8,453	-8,422	-8,374	-8,330	-8,272	-8,195	-8,116	0,173	0,164	0,212	0,289	0,309	0,284	0,272	0,248	0,233	0,208	0,206	0,205	0,204	0,197	0,139	0,000	0,000
10,000	-8,811	-8,675	-8,501	-8,271	-8,147	-8,087	-8,056	-8,032	-8,013	-8,004	-7,987	-7,962	-7,918	-7,852	-7,778	0,390	0,473	0,429	0,365	0,294	0,233	0,197	0,168	0,143	0,129	0,129	0,133	0,153	0,151	0,118	0,000	0,000
11,000	-10,076	-9,830	-9,746	-9,546	-9,452	-9,391	-9,358	-9,334	-9,303	-9,286	-9,251	-9,221	-9,171	-9,087	-8,994	0,429	0,381	0,356	0,311	0,267	0,212	0,194	0,173	0,161	0,156	0,168	0,176	0,189	0,188	0,142	0,000	0,000
12,000	-15,195	-15,280	-15,174	-15,156	-15,107	-15,098	-15,095	-15,081	-15,065	-15,081	-15,065	-15,032	-14,986	-14,890	-14,774	-0,212	-0,008	0,021	0,053	0,056	0,053	0,057	0,062	0,063	0,073	0,104	0,146	0,180	0,199	0,167	0,000	0,000
13,000	-8,885	-8,918	-8,929	-8,954	-8,939	-8,934	-8,916	-8,901	-8,876	-8,846	-8,792	-8,719	-8,622	-8,463	-8,264	-0,145	-0,081	-0,057	0,004	0,036	0,072	0,094	0,122	0,148	0,196	0,240	0,291	0,344	0,366	0,296	0,000	0,000
14,000	-12,267	-12,220	-12,270	-12,217	-12,207	-12,177	-12,158	-12,154	-12,149	-12,138	-12,112	-12,078	-11,995	-11,850	-11,644	-0,141	-0,137	-0,045	0,030	0,062	0,064	0,076	0,080	0,089	0,123	0,169	0,232	0,300	0,342	0,283	0,000	0,000
15,000	-9,052	-9,175	-9,088	-9,088	-9,050	-9,047	-9,040	-9,023	-9,008	-9,012	-8,983	-8,951	-8,902	-8,828	-8,736	-0,180	0,013	-0,005	0,047	0,048	0,061	0,062	0,074	0,079	0,091	0,114	0,133	0,156	0,169	0,141	0,000	0,000
	run	3	2022:11:08    10:52:37,680
0,000	-13,135	-13,245	-13,227	-13,317	-13,333	-13,343	-13,354	-13,355	-13,355	-13,365	-13,354	-13,320	-13,272	-13,177	-13,065	-0,204	-0,127	-0,120	-0,084	-0,061	-0,038	-0,014	0,002	0,023	0,049	0,084	0,133	0,173	0,200	0,164	0,000	0,000
1,000	-16,914	-16,877	-16,796	-16,589	-16,445	-16,340	-16,285	-16,235	-16,192	-16,159	-16,116	-16,082	-16,025	-15,930	-15,822	0,093	0,211	0,279	0,339	0,347	0,299	0,280	0,244	0,226	0,211	0,212	0,217	0,219	0,229	0,179	0,000	0,000
2,000	-10,242	-10,214	-10,177	-10,054	-9,952	-9,878	-9,832	-9,797	-9,750	-9,716	-9,662	-9,593	-9,495	-9,345	-9,172	0,037	0,107	0,153	0,241	0,247	0,237	0,236	0,227	0,233	0,242	0,273	0,313	0,338	0,347	0,265	0,000	0,000
3,000	-20,224	-20,205	-20,138	-19,848	-19,631	-19,500	-19,429	-19,370	-19,317	-19,306	-19,262	-19,223	-19,169	-19,053	-18,932	0,111	0,260	0,340	0,474	0,450	0,374	0,335	0,289	0,254	0,217	0,220	0,229	0,245	0,253	0,190	0,000	0,000
4,000	-10,721	-10,835	-10,746	-10,728	-10,684	-10,699	-10,699	-10,687	-10,680	-10,671	-10,636	-10,557	-10,422	-10,205	-9,909	-0,301	0,014	-0,010	0,051	0,049	0,065	0,078	0,099	0,129	0,189	0,270	0,358	0,459	0,513	0,422	0,000	0,000
5,000	-12,066	-11,926	-12,104	-12,110	-12,124	-12,103	-12,082	-12,084	-12,054	-12,051	-12,000	-11,916	-11,768	-11,520	-11,196	0,067	-0,150	-0,100	0,002	0,023	0,042	0,084	0,106	0,165	0,208	0,292	0,403	0,503	0,568	0,463	0,000	0,000
6,000	-8,578	-8,575	-8,480	-8,336	-8,230	-8,168	-8,142	-8,108	-8,068	-8,044	-8,000	-7,946	-7,867	-7,736	-7,573	-0,044	0,129	0,177	0,231	0,236	0,206	0,201	0,193	0,192	0,200	0,227	0,260	0,287	0,304	0,233	0,000	0,000
7,000	-6,888	-6,799	-6,774	-6,699	-6,655	-6,621	-6,607	-6,600	-6,588	-6,581	-6,575	-6,558	-6,548	-6,516	-6,478	0,079	0,084	0,099	0,118	0,102	0,083	0,078	0,061	0,061	0,055	0,060	0,066	0,065	0,067	0,049	0,000	0,000
8,000	-19,492	-19,575	-19,567	-19,639	-19,637	-19,676	-19,715	-19,742	-19,774	-19,826	-19,850	-19,875	-19,894	-19,889	-19,867	-0,154	-0,086	-0,090	-0,098	-0,099	-0,124	-0,133	-0,138	-0,127	-0,120	-0,088	-0,062	-0,042	-0,005	0,010	0,000	0,000
9,000	-9,238	-9,152	-9,080	-8,954	-8,839	-8,726	-8,669	-8,616	-8,561	-8,531	-8,481	-8,433	-8,378	-8,302	-8,217	0,185	0,198	0,227	0,303	0,314	0,290	0,277	0,249	0,235	0,212	0,210	0,208	0,209	0,197	0,138	0,000	0,000
10,000	-8,902	-8,756	-8,560	-8,331	-8,203	-8,147	-8,109	-8,085	-8,068	-8,062	-8,041	-8,018	-7,973	-7,909	-7,835	0,391	0,489	0,441	0,376	0,306	0,240	0,201	0,171	0,142	0,134	0,130	0,138	0,153	0,155	0,118	0,000	0,000
11,000	-10,172	-9,918	-9,834	-9,638	-9,544	-9,480	-9,448	-9,421	-9,393	-9,375	-9,347	-9,306	-9,260	-9,176	-9,084	0,432	0,380	0,358	0,310	0,265	0,206	0,194	0,174	0,164	0,154	0,159	0,176	0,186	0,195	0,142	0,000	0,000
12,000	-15,301	-15,374	-15,261	-15,245	-15,186	-15,178	-15,175	-15,158	-15,150	-15,159	-15,135	-15,110	-15,057	-14,965	-14,845	-0,201	-0,005	0,030	0,067	0,066	0,064	0,065	0,066	0,067	0,073	0,110	0,148	0,185	0,209	0,167	0,000	0,000
13,000	-8,753	-8,840	-8,820	-8,865	-8,851	-8,843	-8,831	-8,808	-8,789	-8,761	-8,705	-8,638	-8,539	-8,381	-8,187	-0,180	-0,093	-0,066	-0,005	0,039	0,071	0,094	0,116	0,149	0,187	0,242	0,287	0,334	0,363	0,287	0,000	0,000
14,000	-12,106	-11,969	-12,093	-12,017	-12,025	-11,986	-11,963	-11,966	-11,952	-11,955	-11,920	-11,882	-11,803	-11,656	-11,459	-0,048	-0,129	-0,044	0,041	0,050	0,054	0,071	0,073	0,092	0,118	0,161	0,228	0,290	0,331	0,272	0,000	0,000
15,000	-8,930	-9,043	-8,955	-8,965	-8,925	-8,919	-8,914	-8,900	-8,881	-8,876	-8,858	-8,829	-8,776	-8,702	-8,610	-0,169	0,009	-0,006	0,040	0,046	0,062	0,062	0,069	0,074	0,092	0,113	0,136	0,157	0,168	0,138	0,000	0,000
	run	4	2022:11:08    10:52:37,780
0,000	-12,733	-12,837	-12,831	-12,915	-12,927	-12,940	-12,944	-12,944	-12,947	-12,955	-12,945	-12,914	-12,867	-12,778	-12,663	-0,194	-0,126	-0,127	-0,075	-0,062	-0,037	-0,012	0,001	0,017	0,044	0,083	0,121	0,165	0,188	0,148	0,000	0,000
1,000	-16,669	-16,629	-16,571	-16,374	-16,241	-16,133	-16,077	-16,032	-15,997	-15,957	-15,923	-15,882	-15,824	-15,741	-15,625	0,062	0,188	0,236	0,318	0,319	0,287	0,273	0,231	0,217	0,208	0,210	0,215	0,217	0,224	0,173	0,000	0,000
2,000	-10,128	-10,119	-10,077	-9,972	-9,867	-9,791	-9,742	-9,715	-9,661	-9,629	-9,581	-9,503	-9,411	-9,265	-9,091	0,047	0,102	0,150	0,232	0,245	0,231	0,238	0,225	0,230	0,242	0,272	0,305	0,334	0,348	0,261	0,000	0,000
3,000	-20,274	-20,268	-20,212	-19,901	-19,700	-19,572	-19,498	-19,447	-19,396	-19,382	-19,340	-19,297	-19,243	-19,135	-19,007	0,120	0,257	0,345	0,464	0,450	0,369	0,330	0,283	0,252	0,210	0,219	0,231	0,237	0,248	0,184	0,000	0,000
4,000	-10,795	-10,923	-10,835	-10,809	-10,770	-10,788	-10,785	-10,775	-10,773	-10,758	-10,719	-10,645	-10,507	-10,284	-9,984	-0,295	0,008	-0,008	0,039	0,048	0,065	0,085	0,103	0,129	0,187	0,277	0,362	0,460	0,519	0,425	0,000	0,000
5,000	-12,211	-12,103	-12,282	-12,284	-12,297	-12,271	-12,253	-12,263	-12,229	-12,221	-12,167	-12,088	-11,942	-11,680	-11,350	0,056	-0,158	-0,107	-0,004	0,024	0,039	0,085	0,117	0,161	0,215	0,305	0,407	0,514	0,573	0,474	0,000	0,000
6,000	-8,755	-8,760	-8,647	-8,495	-8,395	-8,335	-8,296	-8,275	-8,228	-8,209	-8,160	-8,108	-8,023	-7,886	-7,727	-0,029	0,140	0,182	0,240	0,237	0,210	0,206	0,191	0,200	0,204	0,231	0,271	0,303	0,313	0,244	0,000	0,000
7,000	-7,094	-6,996	-6,969	-6,878	-6,825	-6,791	-6,771	-6,764	-6,743	-6,742	-6,729	-6,716	-6,703	-6,666	-6,619	0,082	0,104	0,119	0,143	0,116	0,101	0,088	0,076	0,064	0,061	0,067	0,070	0,078	0,082	0,058	0,000	0,000
8,000	-20,070	-20,193	-20,190	-20,286	-20,273	-20,331	-20,363	-20,393	-20,422	-20,476	-20,510	-20,538	-20,556	-20,548	-20,521	-0,148	-0,112	-0,107	-0,115	-0,115	-0,137	-0,147	-0,146	-0,134	-0,129	-0,100	-0,064	-0,049	-0,009	0,005	0,000	0,000
9,000	-9,485	-9,376	-9,301	-9,121	-8,988	-8,864	-8,803	-8,754	-8,699	-8,664	-8,612	-8,563	-8,510	-8,430	-8,340	0,247	0,242	0,281	0,357	0,359	0,315	0,297	0,269	0,251	0,227	0,228	0,215	0,213	0,207	0,141	0,000	0,000
10,000	-9,038	-8,881	-8,689	-8,451	-8,315	-8,254	-8,223	-8,195	-8,178	-8,169	-8,153	-8,127	-8,088	-8,014	-7,945	0,417	0,503	0,452	0,386	0,314	0,247	0,207	0,174	0,141	0,133	0,132	0,140	0,156	0,153	0,123	0,000	0,000
11,000	-10,042	-9,805	-9,720	-9,510	-9,414	-9,347	-9,318	-9,295	-9,260	-9,246	-9,216	-9,178	-9,128	-9,046	-8,956	0,441	0,387	0,358	0,313	0,272	0,215	0,199	0,173	0,168	0,155	0,165	0,176	0,188	0,189	0,143	0,000	0,000
12,000	-14,891	-14,973	-14,862	-14,850	-14,800	-14,789	-14,784	-14,772	-14,769	-14,777	-14,760	-14,727	-14,685	-14,588	-14,476	-0,209	-0,000	0,015	0,063	0,056	0,053	0,057	0,061	0,062	0,070	0,098	0,135	0,176	0,204	0,163	0,000	0,000
13,000	-8,586	-8,689	-8,692	-8,727	-8,709	-8,694	-8,685	-8,670	-8,648	-8,615	-8,563	-8,501	-8,407	-8,254	-8,059	-0,188	-0,101	-0,077	-0,011	0,029	0,063	0,086	0,118	0,140	0,184	0,238	0,281	0,327	0,347	0,277	0,000	0,000
14,000	-11,781	-11,661	-11,760	-11,710	-11,702	-11,675	-11,651	-11,653	-11,637	-11,628	-11,620	-11,577	-11,498	-11,358	-11,166	-0,090	-0,128	-0,053	0,030	0,044	0,053	0,066	0,067	0,087	0,116	0,159	0,213	0,285	0,325	0,264	0,000	0,000
15,000	-8,836	-8,965	-8,874	-8,887	-8,842	-8,840	-8,835	-8,819	-8,806	-8,808	-8,787	-8,754	-8,701	-8,631	-8,543	-0,179	0,006	-0,001	0,037	0,042	0,058	0,062	0,065	0,074	0,088	0,104	0,129	0,154	0,167	0,134	0,000	0,000
	run	5	2022:11:08    10:52:37,880
0,000	-12,789	-12,882	-12,874	-12,954	-12,969	-12,980	-12,990	-12,994	-12,985	-12,997	-12,987	-12,957	-12,909	-12,822	-12,711	-0,199	-0,124	-0,118	-0,076	-0,065	-0,034	-0,012	-0,002	0,021	0,042	0,083	0,126	0,165	0,188	0,153	0,000	0,000
1,000	-16,655	-16,631	-16,545	-16,351	-16,215	-16,109	-16,057	-16,015	-15,966	-15,934	-15,894	-15,857	-15,802	-15,719	-15,605	0,082	0,199	0,249	0,327	0,333	0,288	0,266	0,239	0,215	0,202	0,207	0,204	0,215	0,218	0,169	0,000	0,000
2,000	-10,133	-10,124	-10,097	-9,977	-9,871	-9,788	-9,746	-9,711	-9,666	-9,633	-9,577	-9,512	-9,410	-9,263	-9,093	0,047	0,097	0,146	0,239	0,250	0,233	0,234	0,223	0,233	0,244	0,276	0,307	0,333	0,347	0,266	0,000	0,000
3,000	-20,222	-20,212	-20,159	-19,856	-19,645	-19,519	-19,445	-19,389	-19,336	-19,320	-19,281	-19,241	-19,189	-19,074	-18,951	0,125	0,263	0,335	0,476	0,447	0,378	0,331	0,292	0,252	0,218	0,216	0,235	0,242	0,251	0,187	0,000	0,000
4,000	-10,810	-10,941	-10,840	-10,825	-10,783	-10,805	-10,795	-10,786	-10,784	-10,773	-10,734	-10,662	-10,517	-10,295	-9,996	-0,300	0,013	-0,009	0,048	0,045	0,072	0,079	0,097	0,136	0,189	0,272	0,361	0,462	0,513	0,426	0,000	0,000
5,000	-12,360	-12,255	-12,438	-12,439	-12,456	-12,432	-12,414	-12,411	-12,381	-12,374	-12,325	-12,234	-12,079	-11,818	-11,476	0,052	-0,169	-0,111	-0,010	0,024	0,047	0,088	0,122	0,167	0,222	0,313	0,419	0,529	0,595	0,490	0,000	0,000
6,000	-8,998	-8,989	-8,880	-8,732	-8,629	-8,563	-8,534	-8,499	-8,462	-8,436	-8,387	-8,327	-8,239	-8,100	-7,931	-0,037	0,138	0,183	0,250	0,242	0,212	0,207	0,205	0,207	0,214	0,244	0,279	0,314	0,328	0,255	0,000	0,000
7,000	-7,310	-7,204	-7,162	-7,037	-6,977	-6,947	-6,929	-6,916	-6,904	-6,902	-6,891	-6,877	-6,856	-6,819	-6,781	0,119	0,136	0,162	0,171	0,141	0,109	0,096	0,080	0,074	0,070	0,063	0,071	0,079	0,074	0,057	0,000	0,000
8,000	-20,576	-20,699	-20,693	-20,800	-20,803	-20,844	-20,889	-20,917	-20,942	-21,011	-21,027	-21,056	-21,080	-21,067	-21,044	-0,130	-0,093	-0,130	-0,128	-0,127	-0,145	-0,141	-0,143	-0,137	-0,129	-0,100	-0,067	-0,041	-0,005	0,006	0,000	0,000
9,000	-9,710	-9,594	-9,498	-9,288	-9,138	-9,025	-8,960	-8,906	-8,849	-8,810	-8,757	-8,711	-8,655	-8,573	-8,481	0,257	0,280	0,319	0,385	0,376	0,331	0,313	0,275	0,254	0,229	0,227	0,224	0,218	0,210	0,148	0,000	0,000
10,000	-9,074	-8,926	-8,724	-8,487	-8,359	-8,291	-8,267	-8,239	-8,218	-8,213	-8,197	-8,166	-8,124	-8,057	-7,983	0,421	0,510	0,440	0,385	0,305	0,244	0,207	0,172	0,144	0,133	0,134	0,139	0,154	0,151	0,121	0,000	0,000
11,000	-10,037	-9,800	-9,720	-9,512	-9,413	-9,349	-9,315	-9,290	-9,259	-9,241	-9,209	-9,169	-9,119	-9,038	-8,949	0,432	0,385	0,361	0,316	0,273	0,220	0,201	0,180	0,168	0,159	0,168	0,179	0,185	0,188	0,142	0,000	0,000
12,000	-14,856	-14,929	-14,829	-14,817	-14,761	-14,754	-14,748	-14,741	-14,730	-14,747	-14,723	-14,695	-14,653	-14,554	-14,453	-0,215	-0,008	0,020	0,052	0,057	0,053	0,054	0,053	0,061	0,063	0,097	0,133	0,172	0,192	0,157	0,000	0,000
13,000	-8,494	-8,598	-8,593	-8,630	-8,616	-8,602	-8,593	-8,579	-8,550	-8,524	-8,480	-8,409	-8,311	-8,165	-7,970	-0,186	-0,106	-0,080	-0,015	0,026	0,066	0,085	0,114	0,139	0,183	0,235	0,282	0,326	0,348	0,275	0,000	0,000
14,000	-11,722	-11,594	-11,698	-11,632	-11,626	-11,594	-11,581	-11,575	-11,565	-11,562	-11,553	-11,504	-11,426	-11,290	-11,095	-0,092	-0,134	-0,048	0,027	0,043	0,047	0,062	0,071	0,093	0,107	0,166	0,221	0,279	0,326	0,263	0,000	0,000
15,000	-8,776	-8,899	-8,818	-8,818	-8,778	-8,777	-8,772	-8,757	-8,745	-8,743	-8,718	-8,691	-8,642	-8,568	-8,483	-0,178	0,011	-0,009	0,036	0,042	0,058	0,059	0,066	0,072	0,089	0,109	0,129	0,157	0,167	0,132	0,000	0,000
	run	6	2022:11:08    10:52:37,927
0,000	-12,773	-12,883	-12,868	-12,953	-12,968	-12,979	-12,984	-12,986	-12,982	-12,985	-12,983	-12,951	-12,901	-12,812	-12,699	-0,189	-0,116	-0,122	-0,082	-0,058	-0,034	-0,011	0,002	0,019	0,046	0,081	0,131	0,165	0,190	0,154	0,000	0,000
1,000	-16,543	-16,513	-16,432	-16,234	-16,093	-15,992	-15,943	-15,896	-15,855	-15,824	-15,778	-15,745	-15,696	-15,610	-15,499	0,066	0,189	0,245	0,326	0,324	0,289	0,266	0,236	0,218	0,201	0,201	0,207	0,212	0,216	0,166	0,000	0,000
2,000	-10,133	-10,124	-10,097	-9,977	-9,871	-9,788	-9,746	-9,711	-9,666	-9,633	-9,577	-9,512	-9,410	-9,263	-9,093	0,047	0,097	0,146	0,239	0,250	0,233	0,234	0,223	0,233	0,244	0,276	0,307	0,333	0,347	0,266	0,000	0,000
3,000	-20,222	-20,212	-20,159	-19,856	-19,645	-19,519	-19,445	-19,389	-19,336	-19,320	-19,281	-19,241	-19,189	-19,074	-18,951	0,125	0,263	0,335	0,476	0,447	0,378	0,331	0,292	0,252	0,218	0,216	0,235	0,242	0,251	0,187	0,000	0,000
4,000	-10,810	-10,941	-10,840	-10,825	-10,783	-10,805	-10,795	-10,786	-10,784	-10,773	-10,734	-10,662	-10,517	-10,295	-9,996	-0,300	0,013	-0,009	0,048	0,045	0,072	0,079	0,097	0,136	0,189	0,272	0,361	0,462	0,513	0,426	0,000	0,000
5,000	-12,360	-12,255	-12,438	-12,439	-12,456	-12,432	-12,414	-12,411	-12,381	-12,374	-12,325	-12,234	-12,079	-11,818	-11,476	0,052	-0,169	-0,111	-0,010	0,024	0,047	0,088	0,122	0,167	0,222	0,313	0,419	0,529	0,595	0,490	0,000	0,000
6,000	-8,998	-8,989	-8,880	-8,732	-8,629	-8,563	-8,534	-8,499	-8,462	-8,436	-8,387	-8,327	-8,239	-8,100	-7,931	-0,037	0,138	0,183	0,250	0,242	0,212	0,207	0,205	0,207	0,214	0,244	0,279	0,314	0,328	0,255	0,000	0,000
7,000	-7,310	-7,204	-7,162	-7,037	-6,977	-6,947	-6,929	-6,916	-6,904	-6,902	-6,891	-6,877	-6,856	-6,819	-6,781	0,119	0,136	0,162	0,171	0,141	0,109	0,096	0,080	0,074	0,070	0,063	0,071	0,079	0,074	0,057	0,000	0,000
8,000	-20,635	-20,753	-20,772	-20,889	-20,903	-20,945	-20,986	-21,020	-21,045	-21,107	-21,136	-21,164	-21,185	-21,178	-21,159	-0,172	-0,125	-0,157	-0,145	-0,144	-0,163	-0,156	-0,154	-0,144	-0,139	-0,111	-0,072	-0,044	-0,009	0,003	0,000	0,000
9,000	-9,582	-9,426	-9,343	-9,126	-8,984	-8,863	-8,798	-8,750	-8,694	-8,659	-8,611	-8,565	-8,505	-8,421	-8,329	0,278	0,286	0,324	0,390	0,371	0,331	0,309	0,278	0,256	0,231	0,226	0,224	0,222	0,209	0,146	0,000	0,000
10,000	-9,090	-8,939	-8,742	-8,500	-8,370	-8,308	-8,271	-8,250	-8,231	-8,228	-8,210	-8,180	-8,140	-8,070	-7,998	0,415	0,503	0,453	0,385	0,306	0,248	0,207	0,168	0,144	0,133	0,134	0,141	0,154	0,155	0,118	0,000	0,000
11,000	-10,031	-9,798	-9,698	-9,495	-9,400	-9,340	-9,308	-9,280	-9,253	-9,234	-9,207	-9,165	-9,123	-9,039	-8,953	0,418	0,384	0,351	0,313	0,269	0,212	0,194	0,176	0,160	0,155	0,162	0,172	0,183	0,187	0,140	0,000	0,000
12,000	-14,927	-14,997	-14,892	-14,871	-14,814	-14,808	-14,805	-14,792	-14,784	-14,795	-14,777	-14,744	-14,703	-14,612	-14,502	-0,205	-0,004	0,018	0,056	0,064	0,057	0,059	0,058	0,062	0,073	0,101	0,136	0,175	0,194	0,161	0,000	0,000
13,000	-8,476	-8,581	-8,580	-8,618	-8,605	-8,591	-8,586	-8,565	-8,548	-8,517	-8,467	-8,400	-8,301	-8,153	-7,968	-0,189	-0,109	-0,081	-0,008	0,027	0,061	0,087	0,108	0,140	0,178	0,231	0,275	0,320	0,346	0,274	0,000	0,000
14,000	-11,656	-11,573	-11,655	-11,607	-11,597	-11,572	-11,555	-11,550	-11,539	-11,532	-11,514	-11,484	-11,403	-11,261	-11,078	-0,080	-0,127	-0,046	0,025	0,048	0,048	0,064	0,067	0,090	0,106	0,157	0,211	0,273	0,314	0,262	0,000	0,000
15,000	-8,696	-8,835	-8,741	-8,751	-8,708	-8,707	-8,701	-8,686	-8,674	-8,669	-8,648	-8,619	-8,574	-8,501	-8,415	-0,188	0,005	-0,014	0,032	0,047	0,054	0,060	0,067	0,067	0,086	0,102	0,130	0,153	0,165	0,136	0,000	0,000
	run	7	2022:11:08    10:52:38,028
0,000	-12,708	-12,799	-12,807	-12,883	-12,894	-12,908	-12,916	-12,913	-12,910	-12,921	-12,911	-12,879	-12,832	-12,743	-12,628	-0,183	-0,129	-0,118	-0,080	-0,062	-0,032	-0,014	0,002	0,021	0,046	0,079	0,126	0,162	0,192	0,154	0,000	0,000
1,000	-16,650	-16,617	-16,545	-16,362	-16,222	-16,126	-16,067	-16,025	-15,975	-15,954	-15,908	-15,866	-15,813	-15,725	-15,614	0,083	0,181	0,228	0,318	0,320	0,289	0,264	0,237	0,220	0,203	0,205	0,207	0,217	0,221	0,168	0,000	0,000
2,000	-10,122	-10,116	-10,088	-9,964	-9,861	-9,783	-9,742	-9,704	-9,653	-9,628	-9,568	-9,499	-9,405	-9,255	-9,083	0,030	0,103	0,135	0,238	0,250	0,236	0,237	0,228	0,231	0,240	0,280	0,304	0,337	0,344	0,263	0,000	0,000
3,000	-20,286	-20,286	-20,230	-19,917	-19,708	-19,581	-19,509	-19,449	-19,400	-19,387	-19,348	-19,309	-19,248	-19,142	-19,020	0,105	0,258	0,336	0,469	0,450	0,376	0,335	0,289	0,254	0,222	0,215	0,232	0,241	0,247	0,191	0,000	0,000
4,000	-10,820	-10,942	-10,850	-10,831	-10,788	-10,798	-10,789	-10,788	-10,778	-10,766	-10,736	-10,661	-10,526	-10,299	-10,006	-0,301	-0,002	-0,006	0,046	0,047	0,077	0,080	0,102	0,132	0,187	0,268	0,359	0,459	0,511	0,426	0,000	0,000
5,000	-12,170	-12,054	-12,224	-12,231	-12,254	-12,224	-12,207	-12,211	-12,188	-12,171	-12,125	-12,038	-11,890	-11,643	-11,315	0,064	-0,155	-0,098	-0,003	0,019	0,045	0,083	0,112	0,163	0,214	0,303	0,403	0,508	0,576	0,463	0,000	0,000
6,000	-8,877	-8,877	-8,762	-8,616	-8,515	-8,448	-8,417	-8,387	-8,347	-8,322	-8,273	-8,211	-8,134	-7,988	-7,827	-0,040	0,147	0,189	0,253	0,238	0,208	0,206	0,191	0,204	0,206	0,239	0,278	0,300	0,316	0,247	0,000	0,000
7,000	-7,256	-7,159	-7,122	-7,013	-6,960	-6,923	-6,912	-6,898	-6,874	-6,878	-6,869	-6,848	-6,832	-6,793	-6,750	0,088	0,115	0,136	0,159	0,129	0,102	0,090	0,084	0,077	0,069	0,070	0,073	0,080	0,084	0,057	0,000	0,000
8,000	-20,327	-20,429	-20,456	-20,541	-20,545	-20,591	-20,628	-20,652	-20,680	-20,745	-20,772	-20,797	-20,821	-20,809	-20,788	-0,125	-0,102	-0,129	-0,122	-0,124	-0,143	-0,144	-0,146	-0,137	-0,130	-0,099	-0,072	-0,044	-0,011	0,004	0,000	0,000
9,000	-9,624	-9,501	-9,427	-9,232	-9,093	-8,976	-8,910	-8,865	-8,803	-8,764	-8,715	-8,668	-8,608	-8,529	-8,439	0,252	0,258	0,281	0,370	0,364	0,325	0,305	0,277	0,251	0,229	0,222	0,218	0,216	0,205	0,146	0,000	0,000
10,000	-9,056	-8,901	-8,715	-8,473	-8,350	-8,288	-8,249	-8,230	-8,204	-8,202	-8,180	-8,160	-8,113	-8,046	-7,973	0,399	0,501	0,439	0,380	0,307	0,244	0,204	0,171	0,144	0,131	0,133	0,138	0,154	0,157	0,121	0,000	0,000
11,000	-10,060	-9,815	-9,730	-9,530	-9,430	-9,367	-9,332	-9,311	-9,274	-9,261	-9,225	-9,189	-9,143	-9,058	-8,966	0,432	0,381	0,359	0,321	0,273	0,220	0,200	0,179	0,169	0,158	0,165	0,180	0,188	0,193	0,145	0,000	0,000
12,000	-14,844	-14,935	-14,825	-14,819	-14,764	-14,753	-14,752	-14,739	-14,735	-14,745	-14,723	-14,698	-14,653	-14,557	-14,452	-0,219	-0,008	0,017	0,052	0,061	0,054	0,054	0,055	0,062	0,070	0,100	0,138	0,174	0,196	0,156	0,000	0,000
13,000	-8,644	-8,732	-8,752	-8,779	-8,760	-8,747	-8,736	-8,726	-8,701	-8,669	-8,622	-8,557	-8,452	-8,301	-8,112	-0,173	-0,105	-0,072	-0,008	0,028	0,064	0,088	0,113	0,141	0,185	0,240	0,278	0,331	0,355	0,281	0,000	0,000
14,000	-11,871	-11,775	-11,864	-11,815	-11,802	-11,775	-11,752	-11,752	-11,741	-11,734	-11,719	-11,681	-11,600	-11,457	-11,260	-0,097	-0,140	-0,039	0,029	0,043	0,045	0,068	0,069	0,088	0,112	0,158	0,212	0,287	0,322	0,262	0,000	0,000
15,000	-8,861	-8,986	-8,895	-8,901	-8,858	-8,858	-8,849	-8,835	-8,819	-8,818	-8,797	-8,768	-8,719	-8,644	-8,557	-0,189	0,005	-0,008	0,036	0,044	0,056	0,060	0,071	0,079	0,089	0,109	0,132	0,160	0,165	0,137	0,000	0,000
	run	8	2022:11:08    10:52:38,079
0,000	-12,708	-12,799	-12,807	-12,883	-12,894	-12,908	-12,916	-12,913	-12,910	-12,921	-12,911	-12,879	-12,832	-12,743	-12,628	-0,183	-0,129	-0,118	-0,080	-0,062	-0,032	-0,014	0,002	0,021	0,046	0,079	0,126	0,162	0,192	0,154	0,000	0,000
1,000	-16,650	-16,617	-16,545	-16,362	-16,222	-16,126	-16,067	-16,025	-15,975	-15,954	-15,908	-15,866	-15,813	-15,725	-15,614	0,083	0,181	0,228	0,318	0,320	0,289	0,264	0,237	0,220	0,203	0,205	0,207	0,217	0,221	0,168	0,000	0,000
2,000	-10,122	-10,116	-10,088	-9,964	-9,861	-9,783	-9,742	-9,704	-9,653	-9,628	-9,568	-9,499	-9,405	-9,255	-9,083	0,030	0,103	0,135	0,238	0,250	0,236	0,237	0,228	0,231	0,240	0,280	0,304	0,337	0,344	0,263	0,000	0,000
3,000	-20,286	-20,286	-20,230	-19,917	-19,708	-19,581	-19,509	-19,449	-19,400	-19,387	-19,348	-19,309	-19,248	-19,142	-19,020	0,105	0,258	0,336	0,469	0,450	0,376	0,335	0,289	0,254	0,222	0,215	0,232	0,241	0,247	0,191	0,000	0,000
4,000	-10,820	-10,942	-10,850	-10,831	-10,788	-10,798	-10,789	-10,788	-10,778	-10,766	-10,736	-10,661	-10,526	-10,299	-10,006	-0,301	-0,002	-0,006	0,046	0,047	0,077	0,080	0,102	0,132	0,187	0,268	0,359	0,459	0,511	0,426	0,000	0,000
5,000	-12,170	-12,054	-12,224	-12,231	-12,254	-12,224	-12,207	-12,211	-12,188	-12,171	-12,125	-12,038	-11,890	-11,643	-11,315	0,064	-0,155	-0,098	-0,003	0,019	0,045	0,083	0,112	0,163	0,214	0,303	0,403	0,508	0,576	0,463	0,000	0,000
6,000	-8,721	-8,717	-8,606	-8,467	-8,364	-8,301	-8,268	-8,243	-8,197	-8,179	-8,130	-8,074	-7,995	-7,857	-7,701	-0,061	0,141	0,175	0,239	0,241	0,204	0,203	0,196	0,202	0,205	0,233	0,265	0,294	0,310	0,239	0,000	0,000
7,000	-7,001	-6,928	-6,900	-6,812	-6,773	-6,735	-6,723	-6,713	-6,696	-6,694	-6,679	-6,669	-6,651	-6,617	-6,581	0,087	0,081	0,104	0,124	0,109	0,087	0,082	0,069	0,066	0,057	0,061	0,065	0,072	0,075	0,052	0,000	0,000
8,000	-20,026	-20,086	-20,094	-20,157	-20,156	-20,198	-20,239	-20,266	-20,293	-20,348	-20,375	-20,394	-20,418	-20,397	-20,374	-0,125	-0,057	-0,096	-0,090	-0,105	-0,131	-0,130	-0,123	-0,125	-0,120	-0,097	-0,061	-0,037	0,003	0,013	0,000	0,000
9,000	-9,365	-9,267	-9,210	-9,038	-8,909	-8,790	-8,730	-8,679	-8,626	-8,588	-8,546	-8,494	-8,440	-8,360	-8,271	0,212	0,208	0,250	0,331	0,339	0,304	0,290	0,259	0,241	0,226	0,216	0,216	0,211	0,201	0,143	0,000	0,000
10,000	-8,933	-8,780	-8,577	-8,349	-8,223	-8,157	-8,126	-8,101	-8,079	-8,075	-8,058	-8,032	-7,988	-7,920	-7,848	0,398	0,502	0,453	0,381	0,306	0,240	0,205	0,169	0,144	0,131	0,132	0,135	0,155	0,154	0,120	0,000	0,000
11,000	-10,034	-9,782	-9,688	-9,488	-9,390	-9,327	-9,298	-9,270	-9,238	-9,224	-9,191	-9,156	-9,108	-9,025	-8,931	0,438	0,390	0,358	0,318	0,270	0,213	0,198	0,176	0,164	0,160	0,169	0,180	0,190	0,192	0,142	0,000	0,000
12,000	-15,296	-15,371	-15,267	-15,261	-15,200	-15,193	-15,190	-15,174	-15,167	-15,175	-15,157	-15,127	-15,079	-14,981	-14,872	-0,215	-0,020	0,014	0,056	0,056	0,058	0,057	0,062	0,065	0,073	0,108	0,142	0,177	0,206	0,163	0,000	0,000
13,000	-8,798	-8,857	-8,855	-8,879	-8,875	-8,858	-8,842	-8,831	-8,806	-8,773	-8,721	-8,653	-8,548	-8,394	-8,196	-0,152	-0,080	-0,063	0,001	0,034	0,069	0,093	0,124	0,153	0,186	0,244	0,287	0,339	0,363	0,291	0,000	0,000
14,000	-12,134	-12,058	-12,126	-12,068	-12,056	-12,028	-12,008	-12,012	-12,003	-11,990	-11,980	-11,940	-11,840	-11,705	-11,507	-0,127	-0,113	-0,047	0,035	0,048	0,057	0,072	0,079	0,092	0,116	0,161	0,221	0,295	0,343	0,278	0,000	0,000
15,000	-8,953	-9,081	-8,999	-9,007	-8,959	-8,959	-8,951	-8,939	-8,918	-8,917	-8,897	-8,868	-8,818	-8,741	-8,653	-0,168	0,006	-0,006	0,034	0,045	0,062	0,062	0,066	0,073	0,087	0,113	0,133	0,163	0,174	0,138	0,000	0,000
	run	9	2022:11:08    10:52:38,179
0,000	-13,142	-13,252	-13,239	-13,330	-13,344	-13,361	-13,368	-13,368	-13,367	-13,375	-13,364	-13,326	-13,283	-13,189	-13,074	-0,194	-0,131	-0,115	-0,091	-0,063	-0,036	-0,015	-0,001	0,022	0,046	0,086	0,127	0,175	0,200	0,163	0,000	0,000
1,000	-16,981	-16,948	-16,865	-16,648	-16,508	-16,404	-16,345	-16,297	-16,251	-16,220	-16,182	-16,138	-16,082	-15,992	-15,876	0,095	0,214	0,267	0,350	0,346	0,300	0,280	0,242	0,227	0,215	0,213	0,221	0,222	0,231	0,180	0,000	0,000
2,000	-10,221	-10,209	-10,174	-10,049	-9,947	-9,872	-9,827	-9,790	-9,751	-9,709	-9,657	-9,589	-9,489	-9,338	-9,166	0,048	0,096	0,148	0,241	0,248	0,231	0,236	0,231	0,232	0,236	0,279	0,304	0,337	0,349	0,265	0,000	0,000
3,000	-20,215	-20,214	-20,149	-19,854	-19,646	-19,514	-19,452	-19,388	-19,337	-19,323	-19,274	-19,240	-19,184	-19,077	-18,954	0,100	0,246	0,331	0,467	0,454	0,377	0,334	0,286	0,254	0,223	0,221	0,231	0,238	0,251	0,189	0,000	0,000
4,000	-10,692	-10,819	-10,713	-10,700	-10,662	-10,674	-10,667	-10,658	-10,658	-10,637	-10,606	-10,535	-10,399	-10,173	-9,877	-0,314	0,000	-0,003	0,048	0,051	0,067	0,079	0,099	0,129	0,193	0,265	0,361	0,458	0,505	0,420	0,000	0,000
5,000	-12,092	-11,989	-12,169	-12,173	-12,184	-12,161	-12,147	-12,150	-12,121	-12,116	-12,072	-11,981	-11,829	-11,587	-11,255	0,070	-0,151	-0,102	-0,006	0,023	0,045	0,082	0,112	0,163	0,210	0,300	0,407	0,509	0,569	0,465	0,000	0,000
6,000	-8,638	-8,632	-8,521	-8,385	-8,272	-8,223	-8,183	-8,152	-8,114	-8,092	-8,047	-7,992	-7,908	-7,774	-7,622	-0,063	0,135	0,179	0,235	0,228	0,205	0,208	0,194	0,197	0,202	0,234	0,265	0,285	0,304	0,237	0,000	0,000
7,000	-6,928	-6,851	-6,830	-6,745	-6,696	-6,673	-6,657	-6,645	-6,628	-6,626	-6,617	-6,604	-6,586	-6,553	-6,521	0,069	0,089	0,097	0,121	0,107	0,085	0,080	0,075	0,067	0,061	0,063	0,067	0,071	0,073	0,055	0,000	0,000
8,000	-19,429	-19,518	-19,525	-19,592	-19,584	-19,629	-19,666	-19,699	-19,729	-19,781	-19,811	-19,840	-19,860	-19,848	-19,832	-0,154	-0,093	-0,094	-0,091	-0,108	-0,135	-0,134	-0,138	-0,127	-0,123	-0,100	-0,067	-0,047	-0,013	0,005	0,000	0,000
9,000	-9,162	-9,069	-9,007	-8,863	-8,747	-8,635	-8,574	-8,525	-8,470	-8,436	-8,388	-8,339	-8,286	-8,206	-8,118	0,197	0,196	0,224	0,306	0,318	0,294	0,280	0,253	0,236	0,215	0,215	0,208	0,208	0,196	0,141	0,000	0,000
10,000	-8,896	-8,736	-8,550	-8,317	-8,188	-8,132	-8,097	-8,072	-8,051	-8,050	-8,031	-8,001	-7,960	-7,893	-7,819	0,403	0,490	0,433	0,373	0,305	0,240	0,201	0,172	0,144	0,132	0,130	0,135	0,155	0,154	0,118	0,000	0,000
11,000	-10,143	-9,903	-9,823	-9,621	-9,522	-9,457	-9,427	-9,399	-9,371	-9,354	-9,322	-9,288	-9,238	-9,154	-9,061	0,434	0,384	0,355	0,310	0,265	0,211	0,193	0,176	0,163	0,153	0,162	0,176	0,188	0,193	0,142	0,000	0,000
12,000	-15,282	-15,361	-15,249	-15,237	-15,180	-15,163	-15,158	-15,148	-15,140	-15,150	-15,131	-15,094	-15,056	-14,956	-14,844	-0,219	-0,007	0,018	0,066	0,062	0,056	0,063	0,060	0,067	0,071	0,101	0,143	0,176	0,199	0,163	0,000	0,000
13,000	-8,827	-8,898	-8,888	-8,925	-8,908	-8,896	-8,886	-8,867	-8,839	-8,811	-8,752	-8,687	-8,588	-8,431	-8,237	-0,159	-0,081	-0,056	-0,002	0,037	0,066	0,097	0,116	0,156	0,193	0,240	0,293	0,341	0,363	0,289	0,000	0,000
14,000	-12,119	-12,013	-12,112	-12,053	-12,044	-12,013	-11,995	-11,998	-11,984	-11,970	-11,956	-11,919	-11,825	-11,693	-11,489	-0,104	-0,119	-0,042	0,033	0,046	0,054	0,071	0,076	0,089	0,114	0,173	0,225	0,289	0,331	0,272	0,000	0,000
15,000	-9,019	-9,136	-9,053	-9,055	-9,014	-9,014	-9,006	-8,992	-8,975	-8,973	-8,956	-8,920	-8,869	-8,794	-8,703	-0,181	0,012	-0,008	0,042	0,046	0,061	0,065	0,071	0,074	0,099	0,118	0,134	0,161	0,171	0,142	0,000	0,000
	run	10	2022:11:08    10:52:38,279
0,000	-13,052	-13,149	-13,142	-13,235	-13,250	-13,268	-13,273	-13,270	-13,271	-13,277	-13,270	-13,240	-13,192	-13,101	-12,983	-0,187	-0,131	-0,112	-0,086	-0,065	-0,038	-0,020	-0,002	0,020	0,042	0,080	0,123	0,174	0,195	0,159	0,000	0,000
1,000	-17,039	-17,013	-16,929	-16,724	-16,573	-16,468	-16,408	-16,365	-16,317	-16,288	-16,245	-16,208	-16,149	-16,060	-15,950	0,101	0,203	0,258	0,347	0,347	0,309	0,277	0,249	0,227	0,212	0,213	0,218	0,227	0,229	0,175	0,000	0,000
2,000	-10,298	-10,268	-10,242	-10,113	-10,009	-9,932	-9,888	-9,847	-9,803	-9,773	-9,709	-9,643	-9,535	-9,391	-9,210	0,032	0,098	0,156	0,240	0,251	0,238	0,242	0,231	0,239	0,249	0,282	0,320	0,346	0,360	0,273	0,000	0,000
3,000	-20,366	-20,358	-20,288	-19,975	-19,762	-19,628	-19,555	-19,500	-19,449	-19,434	-19,391	-19,353	-19,293	-19,182	-19,062	0,134	0,281	0,348	0,489	0,460	0,386	0,338	0,296	0,259	0,224	0,218	0,234	0,242	0,254	0,196	0,000	0,000
4,000	-10,852	-10,971	-10,870	-10,854	-10,817	-10,834	-10,830	-10,818	-10,814	-10,798	-10,757	-10,689	-10,553	-10,325	-10,029	-0,313	0,014	-0,012	0,046	0,042	0,070	0,084	0,107	0,126	0,188	0,272	0,364	0,458	0,517	0,424	0,000	0,000
5,000	-12,146	-12,013	-12,199	-12,191	-12,207	-12,178	-12,166	-12,167	-12,139	-12,125	-12,086	-11,999	-11,850	-11,603	-11,271	0,089	-0,162	-0,095	-0,004	0,026	0,043	0,081	0,110	0,158	0,209	0,304	0,404	0,507	0,574	0,468	0,000	0,000
6,000	-8,699	-8,688	-8,575	-8,446	-8,334	-8,272	-8,243	-8,209	-8,174	-8,148	-8,108	-8,044	-7,963	-7,831	-7,672	-0,061	0,130	0,176	0,237	0,235	0,209	0,203	0,197	0,198	0,201	0,234	0,265	0,287	0,309	0,237	0,000	0,000
7,000	-6,967	-6,873	-6,842	-6,763	-6,724	-6,695	-6,677	-6,671	-6,655	-6,653	-6,644	-6,625	-6,608	-6,571	-6,535	0,071	0,089	0,100	0,124	0,106	0,085	0,077	0,067	0,063	0,062	0,062	0,065	0,075	0,075	0,057	0,000	0,000
8,000	-19,632	-19,736	-19,731	-19,783	-19,772	-19,820	-19,855	-19,883	-19,908	-19,967	-19,991	-20,015	-20,040	-20,018	-20,007	-0,154	-0,081	-0,090	-0,091	-0,102	-0,126	-0,128	-0,133	-0,125	-0,123	-0,094	-0,060	-0,041	0,000	0,009	0,000	0,000
9,000	-9,307	-9,230	-9,171	-9,026	-8,913	-8,796	-8,733	-8,683	-8,632	-8,595	-8,551	-8,500	-8,445	-8,364	-8,281	0,192	0,186	0,231	0,305	0,324	0,292	0,280	0,258	0,235	0,216	0,209	0,208	0,206	0,198	0,139	0,000	0,000
10,000	-8,901	-8,751	-8,557	-8,318	-8,193	-8,136	-8,101	-8,077	-8,052	-8,054	-8,034	-8,004	-7,964	-7,901	-7,827	0,399	0,489	0,441	0,377	0,299	0,241	0,200	0,170	0,141	0,129	0,130	0,135	0,154	0,150	0,120	0,000	0,000
11,000	-10,073	-9,824	-9,739	-9,534	-9,439	-9,377	-9,344	-9,321	-9,286	-9,272	-9,245	-9,203	-9,156	-9,075	-8,981	0,445	0,385	0,355	0,307	0,271	0,213	0,197	0,173	0,162	0,155	0,166	0,176	0,189	0,188	0,140	0,000	0,000
12,000	-15,039	-15,130	-15,014	-15,010	-14,957	-14,946	-14,943	-14,933	-14,922	-14,932	-14,913	-14,883	-14,838	-14,744	-14,633	-0,214	-0,009	0,014	0,056	0,062	0,056	0,058	0,058	0,065	0,071	0,102	0,139	0,182	0,199	0,158	0,000	0,000
13,000	-8,774	-8,807	-8,815	-8,852	-8,835	-8,825	-8,807	-8,797	-8,771	-8,737	-8,684	-8,618	-8,519	-8,365	-8,172	-0,145	-0,085	-0,061	-0,000	0,035	0,067	0,091	0,115	0,145	0,185	0,246	0,286	0,338	0,358	0,284	0,000	0,000
14,000	-12,089	-12,020	-12,087	-12,042	-12,025	-12,007	-11,984	-11,976	-11,966	-11,962	-11,927	-11,904	-11,819	-11,675	-11,471	-0,141	-0,129	-0,049	0,028	0,056	0,056	0,062	0,078	0,094	0,125	0,159	0,223	0,298	0,338	0,281	0,000	0,000
15,000	-9,045	-9,159	-9,076	-9,084	-9,038	-9,043	-9,031	-9,013	-8,995	-8,994	-8,969	-8,936	-8,889	-8,811	-8,726	-0,191	0,013	-0,001	0,042	0,048	0,064	0,062	0,073	0,083	0,095	0,113	0,138	0,163	0,168	0,136	0,000	0,000
	run	11	2022:11:08    10:52:38,327
0,000	-13,024	-13,128	-13,123	-13,204	-13,222	-13,240	-13,247	-13,244	-13,245	-13,254	-13,242	-13,214	-13,165	-13,070	-12,955	-0,193	-0,126	-0,135	-0,082	-0,062	-0,034	-0,017	0,002	0,020	0,040	0,080	0,126	0,173	0,192	0,161	0,000	0,000
1,000	-16,995	-16,946	-16,874	-16,651	-16,503	-16,401	-16,341	-16,296	-16,251	-16,222	-16,171	-16,136	-16,085	-15,992	-15,881	0,105	0,219	0,267	0,356	0,351	0,304	0,281	0,239	0,226	0,217	0,211	0,215	0,223	0,233	0,175	0,000	0,000
2,000	-10,298	-10,268	-10,242	-10,113	-10,009	-9,932	-9,888	-9,847	-9,803	-9,773	-9,709	-9,643	-9,535	-9,391	-9,210	0,032	0,098	0,156	0,240	0,251	0,238	0,242	0,231	0,239	0,249	0,282	0,320	0,346	0,360	0,273	0,000	0,000
3,000	-20,366	-20,358	-20,288	-19,975	-19,762	-19,628	-19,555	-19,500	-19,449	-19,434	-19,391	-19,353	-19,293	-19,182	-19,062	0,134	0,281	0,348	0,489	0,460	0,386	0,338	0,296	0,259	0,224	0,218	0,234	0,242	0,254	0,196	0,000	0,000
4,000	-10,852	-10,971	-10,870	-10,854	-10,817	-10,834	-10,830	-10,818	-10,814	-10,798	-10,757	-10,689	-10,553	-10,325	-10,029	-0,313	0,014	-0,012	0,046	0,042	0,070	0,084	0,107	0,126	0,188	0,272	0,364	0,458	0,517	0,424	0,000	0,000
5,000	-12,146	-12,013	-12,199	-12,191	-12,207	-12,178	-12,166	-12,167	-12,139	-12,125	-12,086	-11,999	-11,850	-11,603	-11,271	0,089	-0,162	-0,095	-0,004	0,026	0,043	0,081	0,110	0,158	0,209	0,304	0,404	0,507	0,574	0,468	0,000	0,000
6,000	-8,699	-8,688	-8,575	-8,446	-8,334	-8,272	-8,243	-8,209	-8,174	-8,148	-8,108	-8,044	-7,963	-7,831	-7,672	-0,061	0,130	0,176	0,237	0,235	0,209	0,203	0,197	0,198	0,201	0,234	0,265	0,287	0,309	0,237	0,000	0,000
7,000	-6,967	-6,873	-6,842	-6,763	-6,724	-6,695	-6,677	-6,671	-6,655	-6,653	-6,644	-6,625	-6,608	-6,571	-6,535	0,071	0,089	0,100	0,124	0,106	0,085	0,077	0,067	0,063	0,062	0,062	0,065	0,075	0,075	0,057	0,000	0,000
8,000	-19,831	-19,922	-19,920	-19,989	-19,986	-20,036	-20,064	-20,098	-20,127	-20,183	-20,208	-20,230	-20,252	-20,236	-20,217	-0,128	-0,067	-0,100	-0,090	-0,103	-0,134	-0,136	-0,136	-0,131	-0,122	-0,091	-0,058	-0,032	0,000	0,007	0,000	0,000
9,000	-9,366	-9,253	-9,189	-9,017	-8,894	-8,778	-8,717	-8,668	-8,614	-8,576	-8,525	-8,482	-8,425	-8,341	-8,258	0,219	0,219	0,247	0,333	0,339	0,304	0,287	0,268	0,244	0,225	0,216	0,215	0,208	0,198	0,142	0,000	0,000
10,000	-8,939	-8,801	-8,604	-8,383	-8,257	-8,202	-8,168	-8,139	-8,120	-8,115	-8,095	-8,075	-8,033	-7,963	-7,896	0,381	0,488	0,433	0,367	0,298	0,236	0,200	0,166	0,142	0,130	0,132	0,137	0,151	0,154	0,117	0,000	0,000
11,000	-10,013	-9,776	-9,696	-9,498	-9,402	-9,340	-9,304	-9,282	-9,249	-9,237	-9,206	-9,166	-9,120	-9,039	-8,944	0,415	0,368	0,349	0,312	0,266	0,210	0,192	0,172	0,163	0,157	0,163	0,174	0,186	0,190	0,141	0,000	0,000
12,000	-14,929	-15,011	-14,906	-14,883	-14,830	-14,817	-14,818	-14,803	-14,795	-14,806	-14,783	-14,756	-14,714	-14,617	-14,507	-0,211	-0,003	0,019	0,059	0,059	0,059	0,055	0,064	0,070	0,072	0,101	0,142	0,178	0,195	0,159	0,000	0,000
13,000	-8,553	-8,658	-8,626	-8,678	-8,656	-8,652	-8,645	-8,623	-8,597	-8,575	-8,517	-8,456	-8,358	-8,209	-8,013	-0,186	-0,101	-0,074	-0,012	0,026	0,065	0,090	0,114	0,147	0,181	0,231	0,277	0,326	0,350	0,280	0,000	0,000
14,000	-11,970	-11,836	-11,945	-11,875	-11,881	-11,849	-11,828	-11,827	-11,810	-11,810	-11,795	-11,756	-11,671	-11,523	-11,337	-0,056	-0,123	-0,042	0,040	0,051	0,056	0,069	0,068	0,094	0,119	0,162	0,217	0,285	0,331	0,268	0,000	0,000
15,000	-8,919	-9,028	-8,948	-8,945	-8,906	-8,904	-8,903	-8,886	-8,867	-8,869	-8,845	-8,815	-8,766	-8,688	-8,596	-0,172	0,010	-0,010	0,036	0,051	0,059	0,060	0,068	0,074	0,091	0,114	0,129	0,160	0,176	0,140	0,000	0,000
	run	12	2022:11:08    10:52:38,427
0,000	-12,851	-12,951	-12,949	-13,031	-13,042	-13,058	-13,061	-13,057	-13,062	-13,069	-13,055	-13,028	-12,978	-12,889	-12,779	-0,162	-0,124	-0,119	-0,086	-0,061	-0,035	-0,010	0,001	0,022	0,042	0,082	0,127	0,173	0,194	0,153	0,000	0,000
1,000	-16,779	-16,745	-16,658	-16,459	-16,315	-16,211	-16,159	-16,110	-16,074	-16,043	-15,991	-15,960	-15,898	-15,808	-15,702	0,080	0,198	0,251	0,331	0,332	0,297	0,277	0,237	0,222	0,206	0,206	0,214	0,221	0,229	0,177	0,000	0,000
2,000	-10,257	-10,242	-10,204	-10,090	-9,980	-9,904	-9,858	-9,821	-9,779	-9,745	-9,680	-9,611	-9,519	-9,367	-9,189	0,053	0,108	0,149	0,241	0,256	0,235	0,238	0,229	0,238	0,248	0,279	0,312	0,343	0,347	0,268	0,000	0,000
3,000	-20,521	-20,502	-20,440	-20,116	-19,903	-19,769	-19,697	-19,642	-19,589	-19,576	-19,531	-19,492	-19,438	-19,330	-19,196	0,148	0,279	0,363	0,489	0,464	0,385	0,340	0,293	0,256	0,223	0,215	0,236	0,246	0,259	0,195	0,000	0,000
4,000	-11,005	-11,124	-11,030	-11,011	-10,979	-10,995	-10,990	-10,980	-10,972	-10,964	-10,923	-10,843	-10,700	-10,470	-10,162	-0,299	0,000	-0,009	0,048	0,043	0,066	0,078	0,107	0,136	0,196	0,285	0,376	0,475	0,535	0,438	0,000	0,000
5,000	-12,506	-12,381	-12,572	-12,582	-12,597	-12,565	-12,543	-12,551	-12,516	-12,505	-12,460	-12,374	-12,212	-11,950	-11,598	0,027	-0,155	-0,109	-0,016	0,026	0,044	0,092	0,118	0,169	0,228	0,325	0,425	0,535	0,605	0,497	0,000	0,000
6,000	-8,843	-8,840	-8,728	-8,578	-8,464	-8,410	-8,379	-8,347	-8,313	-8,292	-8,237	-8,181	-8,100	-7,959	-7,798	-0,041	0,143	0,188	0,245	0,229	0,215	0,207	0,195	0,203	0,216	0,238	0,274	0,304	0,322	0,247	0,000	0,000
7,000	-7,243	-7,129	-7,104	-6,995	-6,937	-6,904	-6,891	-6,872	-6,855	-6,854	-6,844	-6,829	-6,807	-6,773	-6,734	0,096	0,117	0,143	0,154	0,131	0,103	0,093	0,086	0,076	0,070	0,070	0,074	0,074	0,080	0,056	0,000	0,000
8,000	-20,099	-20,187	-20,196	-20,296	-20,298	-20,351	-20,385	-20,418	-20,445	-20,511	-20,533	-20,562	-20,591	-20,579	-20,557	-0,143	-0,110	-0,112	-0,125	-0,132	-0,151	-0,153	-0,148	-0,135	-0,138	-0,104	-0,075	-0,051	-0,013	0,001	0,000	0,000
9,000	-9,431	-9,336	-9,259	-9,073	-8,939	-8,823	-8,753	-8,705	-8,651	-8,610	-8,565	-8,516	-8,458	-8,378	-8,289	0,236	0,234	0,275	0,358	0,352	0,318	0,298	0,273	0,248	0,228	0,224	0,219	0,211	0,204	0,146	0,000	0,000
10,000	-8,806	-8,698	-8,511	-8,305	-8,186	-8,131	-8,102	-8,076	-8,057	-8,049	-8,036	-8,005	-7,965	-7,901	-7,834	0,378	0,464	0,401	0,342	0,276	0,228	0,191	0,157	0,139	0,125	0,127	0,135	0,147	0,153	0,116	0,000	0,000
11,000	-9,906	-9,668	-9,598	-9,400	-9,307	-9,245	-9,212	-9,189	-9,160	-9,142	-9,112	-9,076	-9,027	-8,948	-8,862	0,409	0,361	0,334	0,297	0,255	0,209	0,190	0,171	0,160	0,151	0,158	0,174	0,181	0,181	0,140	0,000	0,000
12,000	-14,677	-14,749	-14,640	-14,622	-14,567	-14,560	-14,554	-14,543	-14,534	-14,542	-14,528	-14,502	-14,455	-14,360	-14,254	-0,212	0,001	0,029	0,067	0,062	0,059	0,059	0,059	0,063	0,069	0,098	0,137	0,171	0,196	0,155	0,000	0,000
13,000	-8,502	-8,610	-8,601	-8,646	-8,630	-8,619	-8,606	-8,590	-8,565	-8,537	-8,496	-8,426	-8,326	-8,180	-7,993	-0,194	-0,104	-0,081	-0,015	0,023	0,056	0,087	0,109	0,139	0,177	0,231	0,277	0,323	0,344	0,272	0,000	0,000
14,000	-11,672	-11,578	-11,663	-11,608	-11,602	-11,577	-11,559	-11,560	-11,550	-11,548	-11,527	-11,489	-11,410	-11,264	-11,082	-0,087	-0,125	-0,036	0,034	0,043	0,052	0,068	0,073	0,087	0,111	0,161	0,219	0,284	0,324	0,259	0,000	0,000
15,000	-8,832	-8,943	-8,862	-8,870	-8,826	-8,820	-8,814	-8,803	-8,785	-8,784	-8,769	-8,735	-8,683	-8,607	-8,520	-0,176	0,011	-0,003	0,043	0,043	0,058	0,064	0,067	0,073	0,087	0,114	0,131	0,159	0,165	0,136	0,000	0,000
	run	13	2022:11:08    10:52:38,479
0,000	-12,851	-12,951	-12,949	-13,031	-13,042	-13,058	-13,061	-13,057	-13,062	-13,069	-13,055	-13,028	-12,978	-12,889	-12,779	-0,162	-0,124	-0,119	-0,086	-0,061	-0,035	-0,010	0,001	0,022	0,042	0,082	0,127	0,173	0,194	0,153	0,000	0,000
1,000	-16,779	-16,745	-16,658	-16,459	-16,315	-16,211	-16,159	-16,110	-16,074	-16,043	-15,991	-15,960	-15,898	-15,808	-15,702	0,080	0,198	0,251	0,331	0,332	0,297	0,277	0,237	0,222	0,206	0,206	0,214	0,221	0,229	0,177	0,000	0,000
2,000	-10,257	-10,242	-10,204	-10,090	-9,980	-9,904	-9,858	-9,821	-9,779	-9,745	-9,680	-9,611	-9,519	-9,367	-9,189	0,053	0,108	0,149	0,241	0,256	0,235	0,238	0,229	0,238	0,248	0,279	0,312	0,343	0,347	0,268	0,000	0,000
3,000	-20,521	-20,502	-20,440	-20,116	-19,903	-19,769	-19,697	-19,642	-19,589	-19,576	-19,531	-19,492	-19,438	-19,330	-19,196	0,148	0,279	0,363	0,489	0,464	0,385	0,340	0,293	0,256	0,223	0,215	0,236	0,246	0,259	0,195	0,000	0,000
4,000	-11,005	-11,124	-11,030	-11,011	-10,979	-10,995	-10,990	-10,980	-10,972	-10,964	-10,923	-10,843	-10,700	-10,470	-10,162	-0,299	0,000	-0,009	0,048	0,043	0,066	0,078	0,107	0,136	0,196	0,285	0,376	0,475	0,535	0,438	0,000	0,000
5,000	-12,506	-12,381	-12,572	-12,582	-12,597	-12,565	-12,543	-12,551	-12,516	-12,505	-12,460	-12,374	-12,212	-11,950	-11,598	0,027	-0,155	-0,109	-0,016	0,026	0,044	0,092	0,118	0,169	0,228	0,325	0,425	0,535	0,605	0,497	0,000	0,000
6,000	-8,945	-8,944	-8,833	-8,676	-8,568	-8,506	-8,473	-8,446	-8,407	-8,381	-8,330	-8,275	-8,189	-8,048	-7,883	-0,056	0,158	0,197	0,252	0,239	0,213	0,208	0,204	0,203	0,208	0,239	0,277	0,309	0,322	0,247	0,000	0,000
7,000	-7,214	-7,120	-7,087	-6,989	-6,924	-6,898	-6,875	-6,868	-6,852	-6,844	-6,833	-6,818	-6,805	-6,764	-6,725	0,086	0,113	0,135	0,155	0,125	0,101	0,092	0,078	0,073	0,062	0,064	0,074	0,076	0,076	0,055	0,000	0,000
8,000	-20,415	-20,518	-20,528	-20,626	-20,610	-20,670	-20,706	-20,744	-20,762	-20,818	-20,854	-20,878	-20,900	-20,882	-20,869	-0,126	-0,106	-0,106	-0,115	-0,122	-0,144	-0,149	-0,143	-0,132	-0,125	-0,096	-0,061	-0,041	-0,006	0,003	0,000	0,000
9,000	-9,466	-9,357	-9,280	-9,083	-8,950	-8,832	-8,768	-8,717	-8,662	-8,623	-8,574	-8,526	-8,476	-8,395	-8,307	0,228	0,244	0,282	0,365	0,359	0,319	0,304	0,275	0,254	0,227	0,222	0,214	0,214	0,207	0,143	0,000	0,000
10,000	-8,913	-8,787	-8,590	-8,383	-8,264	-8,207	-8,177	-8,149	-8,128	-8,126	-8,107	-8,083	-8,043	-7,974	-7,903	0,386	0,467	0,415	0,355	0,287	0,229	0,192	0,165	0,137	0,127	0,128	0,136	0,145	0,151	0,120	0,000	0,000
11,000	-9,923	-9,685	-9,601	-9,405	-9,317	-9,250	-9,212	-9,193	-9,161	-9,146	-9,117	-9,079	-9,030	-8,950	-8,859	0,404	0,359	0,339	0,304	0,260	0,208	0,195	0,171	0,162	0,147	0,164	0,172	0,184	0,186	0,138	0,000	0,000
12,000	-14,649	-14,732	-14,625	-14,612	-14,558	-14,547	-14,544	-14,532	-14,533	-14,534	-14,517	-14,487	-14,446	-14,352	-14,248	-0,209	-0,012	0,022	0,060	0,056	0,053	0,059	0,052	0,060	0,072	0,094	0,134	0,169	0,192	0,152	0,000	0,000
13,000	-8,456	-8,548	-8,548	-8,585	-8,569	-8,560	-8,547	-8,531	-8,505	-8,482	-8,433	-8,367	-8,269	-8,120	-7,933	-0,183	-0,097	-0,075	-0,006	0,023	0,058	0,086	0,111	0,138	0,182	0,232	0,277	0,323	0,343	0,273	0,000	0,000
14,000	-11,767	-11,647	-11,727	-11,681	-11,676	-11,652	-11,629	-11,633	-11,610	-11,600	-11,589	-11,555	-11,472	-11,336	-11,146	-0,098	-0,109	-0,041	0,027	0,051	0,050	0,062	0,071	0,090	0,115	0,151	0,215	0,287	0,320	0,265	0,000	0,000
15,000	-8,767	-8,892	-8,803	-8,810	-8,769	-8,767	-8,758	-8,743	-8,728	-8,728	-8,704	-8,677	-8,630	-8,555	-8,469	-0,182	0,006	-0,010	0,040	0,044	0,056	0,061	0,067	0,074	0,089	0,112	0,128	0,151	0,166	0,134	0,000	0,000
	run	14	2022:11:08    10:52:38,580
0,000	-12,821	-12,929	-12,930	-13,015	-13,018	-13,041	-13,041	-13,045	-13,041	-13,057	-13,037	-13,015	-12,965	-12,871	-12,762	-0,180	-0,127	-0,120	-0,083	-0,063	-0,035	-0,010	0,002	0,019	0,041	0,082	0,126	0,170	0,192	0,155	0,000	0,000
1,000	-16,672	-16,649	-16,569	-16,370	-16,223	-16,129	-16,074	-16,028	-15,977	-15,956	-15,912	-15,872	-15,820	-15,731	-15,623	0,098	0,204	0,250	0,334	0,333	0,292	0,272	0,233	0,220	0,197	0,206	0,205	0,214	0,224	0,165	0,000	0,000
2,000	-10,142	-10,148	-10,114	-9,991	-9,895	-9,818	-9,776	-9,735	-9,691	-9,658	-9,609	-9,534	-9,431	-9,284	-9,108	0,028	0,091	0,135	0,228	0,244	0,232	0,240	0,231	0,231	0,241	0,275	0,311	0,343	0,345	0,268	0,000	0,000
3,000	-20,287	-20,269	-20,209	-19,896	-19,688	-19,555	-19,490	-19,433	-19,381	-19,370	-19,324	-19,287	-19,232	-19,123	-19,000	0,105	0,281	0,348	0,460	0,451	0,376	0,332	0,284	0,253	0,216	0,210	0,232	0,241	0,249	0,189	0,000	0,000
4,000	-10,950	-11,089	-10,984	-10,984	-10,946	-10,960	-10,952	-10,946	-10,941	-10,930	-10,895	-10,810	-10,668	-10,441	-10,137	-0,305	0,005	-0,016	0,049	0,047	0,066	0,080	0,101	0,130	0,194	0,278	0,364	0,467	0,530	0,431	0,000	0,000
5,000	-12,404	-12,283	-12,474	-12,469	-12,488	-12,461	-12,446	-12,450	-12,423	-12,409	-12,353	-12,267	-12,119	-11,849	-11,504	0,057	-0,160	-0,107	-0,002	0,020	0,045	0,090	0,121	0,167	0,226	0,315	0,424	0,540	0,598	0,490	0,000	0,000
6,000	-8,932	-8,932	-8,828	-8,677	-8,569	-8,510	-8,477	-8,446	-8,407	-8,378	-8,337	-8,274	-8,191	-8,050	-7,889	-0,040	0,152	0,195	0,248	0,243	0,216	0,212	0,201	0,202	0,202	0,244	0,276	0,304	0,315	0,251	0,000	0,000
7,000	-7,193	-7,093	-7,070	-6,967	-6,917	-6,884	-6,860	-6,856	-6,839	-6,834	-6,822	-6,809	-6,789	-6,756	-6,712	0,088	0,108	0,124	0,150	0,124	0,098	0,085	0,077	0,068	0,066	0,069	0,074	0,078	0,079	0,060	0,000	0,000
8,000	-20,146	-20,272	-20,266	-20,357	-20,352	-20,409	-20,441	-20,476	-20,498	-20,556	-20,580	-20,610	-20,634	-20,617	-20,595	-0,147	-0,089	-0,115	-0,119	-0,122	-0,146	-0,146	-0,148	-0,136	-0,126	-0,094	-0,066	-0,048	-0,003	0,006	0,000	0,000
9,000	-9,498	-9,383	-9,317	-9,128	-8,990	-8,875	-8,803	-8,755	-8,696	-8,658	-8,613	-8,569	-8,510	-8,426	-8,339	0,234	0,244	0,278	0,362	0,358	0,325	0,301	0,272	0,250	0,229	0,228	0,224	0,215	0,206	0,145	0,000	0,000
10,000	-9,048	-8,903	-8,708	-8,463	-8,339	-8,281	-8,248	-8,225	-8,204	-8,199	-8,181	-8,152	-8,107	-8,043	-7,969	0,412	0,493	0,444	0,378	0,306	0,241	0,203	0,170	0,144	0,134	0,129	0,138	0,150	0,156	0,119	0,000	0,000
11,000	-10,057	-9,817	-9,723	-9,523	-9,432	-9,368	-9,337	-9,306	-9,279	-9,268	-9,231	-9,192	-9,148	-9,067	-8,978	0,414	0,381	0,355	0,314	0,272	0,214	0,194	0,174	0,164	0,155	0,164	0,175	0,185	0,187	0,141	0,000	0,000
12,000	-14,972	-15,049	-14,947	-14,931	-14,874	-14,862	-14,858	-14,843	-14,841	-14,845	-14,831	-14,801	-14,756	-14,658	-14,549	-0,207	-0,006	0,018	0,055	0,059	0,062	0,057	0,057	0,065	0,077	0,105	0,143	0,177	0,199	0,158	0,000	0,000
13,000	-8,548	-8,642	-8,651	-8,687	-8,669	-8,657	-8,648	-8,632	-8,606	-8,581	-8,529	-8,461	-8,366	-8,216	-8,027	-0,184	-0,105	-0,082	-0,012	0,024	0,060	0,088	0,118	0,141	0,179	0,237	0,277	0,327	0,353	0,279	0,000	0,000
14,000	-11,786	-11,681	-11,773	-11,717	-11,710	-11,688	-11,664	-11,668	-11,649	-11,646	-11,640	-11,595	-11,511	-11,368	-11,178	-0,079	-0,112	-0,050	0,034	0,041	0,045	0,071	0,071	0,086	0,105	0,181	0,224	0,280	0,322	0,269	0,000	0,000
15,000	-8,806	-8,917	-8,833	-8,843	-8,800	-8,799	-8,790	-8,777	-8,757	-8,761	-8,732	-8,707	-8,659	-8,581	-8,495	-0,180	0,009	-0,014	0,035	0,044	0,056	0,061	0,067	0,075	0,090	0,110	0,127	0,156	0,169	0,135	0,000	0,000
	run	15	2022:11:08    10:52:38,679
0,000	-12,893	-12,989	-12,995	-13,067	-13,083	-13,095	-13,099	-13,103	-13,100	-13,111	-13,098	-13,067	-13,025	-12,930	-12,819	-0,180	-0,128	-0,116	-0,086	-0,061	-0,031	-0,014	0,003	0,019	0,045	0,076	0,120	0,167	0,193	0,152	0,000	0,000
1,000	-16,788	-16,770	-16,691	-16,493	-16,357	-16,254	-16,195	-16,148	-16,104	-16,076	-16,029	-15,997	-15,937	-15,849	-15,745	0,087	0,204	0,247	0,331	0,332	0,292	0,273	0,240	0,224	0,208	0,204	0,215	0,216	0,218	0,167	0,000	0,000
2,000	-10,141	-10,131	-10,108	-9,982	-9,881	-9,804	-9,757	-9,724	-9,679	-9,642	-9,586	-9,515	-9,421	-9,271	-9,099	0,035	0,098	0,148	0,232	0,246	0,232	0,235	0,225	0,233	0,248	0,278	0,308	0,339	0,347	0,269	0,000	0,000
3,000	-20,123	-20,123	-20,062	-19,762	-19,569	-19,434	-19,370	-19,308	-19,261	-19,246	-19,202	-19,164	-19,112	-19,002	-18,877	0,109	0,245	0,320	0,456	0,444	0,376	0,327	0,286	0,244	0,219	0,217	0,230	0,240	0,248	0,187	0,000	0,000
4,000	-10,709	-10,831	-10,732	-10,714	-10,674	-10,685	-10,680	-10,667	-10,666	-10,652	-10,609	-10,551	-10,412	-10,190	-9,902	-0,316	0,018	-0,005	0,048	0,052	0,074	0,084	0,094	0,127	0,191	0,273	0,354	0,453	0,503	0,421	0,000	0,000
5,000	-11,995	-11,875	-12,062	-12,066	-12,076	-12,050	-12,033	-12,041	-12,010	-11,999	-11,941	-11,868	-11,726	-11,472	-11,150	0,089	-0,163	-0,103	-0,011	0,027	0,041	0,081	0,113	0,155	0,214	0,299	0,396	0,508	0,564	0,463	0,000	0,000
6,000	-8,635	-8,636	-8,525	-8,392	-8,280	-8,223	-8,195	-8,162	-8,126	-8,113	-8,056	-8,002	-7,917	-7,786	-7,630	-0,061	0,134	0,170	0,237	0,227	0,212	0,199	0,192	0,194	0,203	0,236	0,261	0,292	0,304	0,236	0,000	0,000
7,000	-6,958	-6,892	-6,859	-6,778	-6,728	-6,695	-6,682	-6,672	-6,660	-6,656	-6,641	-6,628	-6,613	-6,576	-6,536	0,083	0,085	0,110	0,130	0,107	0,086	0,081	0,074	0,065	0,055	0,062	0,066	0,070	0,075	0,054	0,000	0,000
8,000	-20,039	-20,121	-20,129	-20,209	-20,210	-20,257	-20,293	-20,323	-20,356	-20,407	-20,435	-20,467	-20,484	-20,478	-20,458	-0,134	-0,112	-0,118	-0,115	-0,115	-0,145	-0,143	-0,144	-0,136	-0,127	-0,093	-0,066	-0,047	-0,004	0,005	0,000	0,000
9,000	-9,429	-9,337	-9,246	-9,085	-8,948	-8,832	-8,767	-8,714	-8,663	-8,622	-8,579	-8,534	-8,477	-8,393	-8,302	0,217	0,240	0,268	0,349	0,349	0,316	0,294	0,271	0,247	0,228	0,221	0,216	0,214	0,206	0,146	0,000	0,000
10,000	-8,981	-8,837	-8,639	-8,398	-8,268	-8,210	-8,178	-8,154	-8,130	-8,126	-8,109	-8,084	-8,039	-7,974	-7,897	0,415	0,508	0,449	0,389	0,311	0,247	0,206	0,173	0,147	0,136	0,134	0,141	0,155	0,153	0,120	0,000	0,000
11,000	-10,099	-9,845	-9,767	-9,557	-9,456	-9,394	-9,359	-9,334	-9,302	-9,289	-9,252	-9,216	-9,167	-9,083	-8,993	0,439	0,387	0,367	0,315	0,274	0,211	0,201	0,174	0,165	0,156	0,167	0,181	0,186	0,189	0,142	0,000	0,000
12,000	-15,117	-15,198	-15,079	-15,074	-15,017	-15,006	-15,008	-14,995	-14,987	-14,998	-14,978	-14,954	-14,902	-14,808	-14,695	-0,223	-0,014	0,023	0,060	0,060	0,055	0,056	0,065	0,061	0,074	0,100	0,142	0,175	0,197	0,160	0,000	0,000
13,000	-8,755	-8,849	-8,841	-8,874	-8,858	-8,848	-8,838	-8,819	-8,795	-8,764	-8,713	-8,651	-8,541	-8,394	-8,199	-0,181	-0,093	-0,066	-0,007	0,034	0,062	0,093	0,119	0,144	0,189	0,239	0,286	0,337	0,355	0,285	0,000	0,000
14,000	-11,947	-11,869	-11,962	-11,899	-11,894	-11,874	-11,842	-11,847	-11,829	-11,832	-11,814	-11,767	-11,694	-11,553	-11,350	-0,113	-0,125	-0,039	0,041	0,045	0,057	0,068	0,074	0,090	0,119	0,167	0,225	0,290	0,338	0,272	0,000	0,000
15,000	-8,945	-9,063	-8,979	-8,985	-8,947	-8,942	-8,936	-8,925	-8,906	-8,904	-8,883	-8,847	-8,803	-8,725	-8,638	-0,185	0,008	-0,003	0,039	0,044	0,057	0,063	0,072	0,072	0,092	0,114	0,135	0,159	0,170	0,136	0,000	0,000
	run	16	2022:11:08    10:52:38,728
0,000	-13,063	-13,181	-13,164	-13,253	-13,267	-13,283	-13,290	-13,294	-13,290	-13,300	-13,283	-13,257	-13,211	-13,111	-13,004	-0,204	-0,126	-0,120	-0,079	-0,064	-0,033	-0,015	0,002	0,020	0,043	0,085	0,131	0,169	0,198	0,163	0,000	0,000
1,000	-16,879	-16,834	-16,748	-16,540	-16,396	-16,291	-16,235	-16,190	-16,142	-16,117	-16,072	-16,034	-15,975	-15,889	-15,781	0,092	0,210	0,267	0,343	0,341	0,299	0,273	0,242	0,224	0,206	0,208	0,210	0,218	0,224	0,174	0,000	0,000
2,000	-10,141	-10,131	-10,108	-9,982	-9,881	-9,804	-9,757	-9,724	-9,679	-9,642	-9,586	-9,515	-9,421	-9,271	-9,099	0,035	0,098	0,148	0,232	0,246	0,232	0,235	0,225	0,233	0,248	0,278	0,308	0,339	0,347	0,269	0,000	0,000
3,000	-20,123	-20,123	-20,062	-19,762	-19,569	-19,434	-19,370	-19,308	-19,261	-19,246	-19,202	-19,164	-19,112	-19,002	-18,877	0,109	0,245	0,320	0,456	0,444	0,376	0,327	0,286	0,244	0,219	0,217	0,230	0,240	0,248	0,187	0,000	0,000
4,000	-10,709	-10,831	-10,732	-10,714	-10,674	-10,685	-10,680	-10,667	-10,666	-10,652	-10,609	-10,551	-10,412	-10,190	-9,902	-0,316	0,018	-0,005	0,048	0,052	0,074	0,084	0,094	0,127	0,191	0,273	0,354	0,453	0,503	0,421	0,000	0,000
5,000	-11,995	-11,875	-12,062	-12,066	-12,076	-12,050	-12,033	-12,041	-12,010	-11,999	-11,941	-11,868	-11,726	-11,472	-11,150	0,089	-0,163	-0,103	-0,011	0,027	0,041	0,081	0,113	0,155	0,214	0,299	0,396	0,508	0,564	0,463	0,000	0,000
6,000	-8,635	-8,636	-8,525	-8,392	-8,280	-8,223	-8,195	-8,162	-8,126	-8,113	-8,056	-8,002	-7,917	-7,786	-7,630	-0,061	0,134	0,170	0,237	0,227	0,212	0,199	0,192	0,194	0,203	0,236	0,261	0,292	0,304	0,236	0,000	0,000
7,000	-6,958	-6,892	-6,859	-6,778	-6,728	-6,695	-6,682	-6,672	-6,660	-6,656	-6,641	-6,628	-6,613	-6,576	-6,536	0,083	0,085	0,110	0,130	0,107	0,086	0,081	0,074	0,065	0,055	0,062	0,066	0,070	0,075	0,054	0,000	0,000
8,000	-19,925	-20,003	-20,011	-20,077	-20,078	-20,135	-20,162	-20,192	-20,216	-20,273	-20,302	-20,327	-20,344	-20,330	-20,315	-0,152	-0,078	-0,101	-0,095	-0,107	-0,135	-0,135	-0,138	-0,126	-0,127	-0,088	-0,064	-0,040	0,003	0,008	0,000	0,000
9,000	-9,419	-9,313	-9,258	-9,089	-8,957	-8,842	-8,781	-8,736	-8,678	-8,643	-8,595	-8,538	-8,494	-8,413	-8,323	0,203	0,221	0,252	0,330	0,345	0,307	0,291	0,268	0,244	0,226	0,221	0,214	0,210	0,201	0,143	0,000	0,000
10,000	-8,991	-8,828	-8,621	-8,371	-8,240	-8,181	-8,148	-8,120	-8,098	-8,091	-8,078	-8,047	-8,011	-7,940	-7,864	0,418	0,518	0,464	0,398	0,317	0,252	0,213	0,176	0,145	0,133	0,135	0,142	0,154	0,157	0,122	0,000	0,000
11,000	-10,130	-9,873	-9,789	-9,574	-9,479	-9,413	-9,378	-9,355	-9,322	-9,313	-9,278	-9,237	-9,189	-9,101	-9,008	0,453	0,402	0,375	0,327	0,280	0,221	0,199	0,177	0,164	0,163	0,169	0,180	0,196	0,196	0,146	0,000	0,000
12,000	-15,417	-15,503	-15,386	-15,380	-15,327	-15,313	-15,314	-15,301	-15,289	-15,300	-15,281	-15,247	-15,204	-15,105	-14,988	-0,224	-0,008	0,029	0,055	0,061	0,051	0,057	0,065	0,066	0,072	0,112	0,147	0,186	0,208	0,168	0,000	0,000
13,000	-8,889	-8,919	-8,938	-8,952	-8,943	-8,929	-8,917	-8,899	-8,873	-8,848	-8,793	-8,720	-8,617	-8,460	-8,256	-0,123	-0,073	-0,052	0,006	0,039	0,073	0,097	0,124	0,152	0,193	0,244	0,295	0,346	0,367	0,291	0,000	0,000
14,000	-12,207	-12,169	-12,218	-12,172	-12,152	-12,131	-12,108	-12,112	-12,100	-12,085	-12,064	-12,023	-11,943	-11,796	-11,596	-0,152	-0,123	-0,049	0,040	0,055	0,064	0,076	0,076	0,084	0,117	0,179	0,234	0,300	0,339	0,280	0,000	0,000
15,000	-8,992	-9,110	-9,026	-9,036	-8,993	-8,991	-8,981	-8,970	-8,951	-8,955	-8,930	-8,900	-8,853	-8,777	-8,689	-0,166	0,011	-0,003	0,036	0,046	0,062	0,065	0,071	0,071	0,092	0,110	0,128	0,159	0,169	0,136	0,000	0,000
	run	17	2022:11:08    10:52:38,826
0,000	-12,975	-13,089	-13,103	-13,176	-13,184	-13,201	-13,210	-13,209	-13,206	-13,215	-13,202	-13,175	-13,128	-13,037	-12,923	-0,206	-0,133	-0,120	-0,082	-0,060	-0,034	-0,015	0,002	0,022	0,042	0,081	0,120	0,166	0,199	0,156	0,000	0,000
1,000	-16,838	-16,800	-16,718	-16,515	-16,374	-16,271	-16,216	-16,167	-16,121	-16,102	-16,050	-16,019	-15,958	-15,866	-15,761	0,085	0,212	0,258	0,343	0,334	0,296	0,277	0,239	0,222	0,208	0,212	0,214	0,217	0,225	0,176	0,000	0,000
2,000	-10,117	-10,110	-10,074	-9,965	-9,860	-9,787	-9,746	-9,711	-9,662	-9,629	-9,574	-9,504	-9,412	-9,264	-9,092	0,057	0,091	0,142	0,227	0,244	0,228	0,227	0,221	0,228	0,239	0,268	0,306	0,330	0,345	0,260	0,000	0,000
3,000	-20,070	-20,060	-20,012	-19,723	-19,511	-19,384	-19,315	-19,262	-19,206	-19,197	-19,153	-19,115	-19,061	-18,957	-18,830	0,103	0,232	0,314	0,446	0,442	0,366	0,323	0,283	0,249	0,218	0,215	0,228	0,235	0,242	0,188	0,000	0,000
4,000	-10,651	-10,778	-10,662	-10,649	-10,610	-10,623	-10,617	-10,608	-10,602	-10,595	-10,556	-10,481	-10,345	-10,123	-9,836	-0,309	0,009	-0,001	0,055	0,054	0,077	0,082	0,102	0,131	0,186	0,269	0,362	0,454	0,511	0,420	0,000	0,000
5,000	-12,159	-12,034	-12,219	-12,230	-12,250	-12,223	-12,209	-12,206	-12,178	-12,171	-12,122	-12,037	-11,894	-11,640	-11,313	0,077	-0,157	-0,116	-0,005	0,019	0,040	0,081	0,107	0,161	0,215	0,312	0,399	0,505	0,570	0,468	0,000	0,000
6,000	-8,560	-8,582	-8,471	-8,345	-8,238	-8,175	-8,145	-8,113	-8,071	-8,056	-8,002	-7,951	-7,872	-7,744	-7,584	-0,062	0,132	0,169	0,231	0,229	0,203	0,198	0,183	0,195	0,200	0,228	0,266	0,291	0,307	0,237	0,000	0,000
7,000	-6,981	-6,903	-6,872	-6,788	-6,740	-6,710	-6,698	-6,685	-6,669	-6,671	-6,661	-6,642	-6,624	-6,592	-6,553	0,083	0,082	0,110	0,125	0,110	0,088	0,082	0,075	0,064	0,056	0,058	0,073	0,074	0,079	0,056	0,000	0,000
8,000	-19,762	-19,870	-19,872	-19,936	-19,933	-19,979	-20,014	-20,047	-20,075	-20,132	-20,154	-20,183	-20,204	-20,190	-20,175	-0,152	-0,100	-0,115	-0,102	-0,104	-0,139	-0,136	-0,138	-0,124	-0,124	-0,096	-0,060	-0,041	-0,000	-0,000	0,000	0,000
9,000	-9,391	-9,296	-9,237	-9,072	-8,942	-8,827	-8,762	-8,715	-8,656	-8,621	-8,571	-8,523	-8,466	-8,385	-8,299	0,211	0,202	0,245	0,328	0,335	0,307	0,288	0,259	0,245	0,226	0,214	0,217	0,212	0,201	0,147	0,000	0,000
10,000	-8,993	-8,851	-8,648	-8,394	-8,265	-8,210	-8,176	-8,146	-8,123	-8,121	-8,106	-8,078	-8,031	-7,969	-7,893	0,427	0,508	0,461	0,391	0,312	0,253	0,209	0,176	0,146	0,134	0,132	0,140	0,157	0,155	0,124	0,000	0,000
11,000	-10,146	-9,905	-9,811	-9,609	-9,512	-9,448	-9,414	-9,387	-9,359	-9,340	-9,314	-9,269	-9,224	-9,137	-9,043	0,442	0,392	0,362	0,317	0,273	0,215	0,198	0,175	0,167	0,157	0,167	0,180	0,190	0,191	0,146	0,000	0,000
12,000	-15,313	-15,391	-15,292	-15,269	-15,220	-15,202	-15,200	-15,188	-15,177	-15,185	-15,164	-15,140	-15,095	-14,996	-14,881	-0,215	-0,012	0,020	0,065	0,065	0,055	0,057	0,060	0,066	0,075	0,106	0,147	0,180	0,204	0,167	0,000	0,000
13,000	-8,826	-8,873	-8,874	-8,913	-8,892	-8,884	-8,869	-8,855	-8,830	-8,796	-8,744	-8,678	-8,576	-8,422	-8,228	-0,148	-0,086	-0,065	0,003	0,042	0,069	0,095	0,122	0,151	0,192	0,240	0,292	0,340	0,363	0,291	0,000	0,000
14,000	-12,120	-12,051	-12,130	-12,064	-12,057	-12,034	-12,014	-12,004	-11,998	-11,990	-11,965	-11,928	-11,851	-11,711	-11,505	-0,132	-0,110	-0,036	0,030	0,051	0,054	0,068	0,075	0,088	0,120	0,159	0,228	0,294	0,335	0,278	0,000	0,000
15,000	-8,991	-9,103	-9,013	-9,024	-8,981	-8,976	-8,970	-8,957	-8,942	-8,937	-8,918	-8,885	-8,836	-8,764	-8,671	-0,177	0,012	-0,014	0,041	0,048	0,060	0,063	0,071	0,074	0,094	0,115	0,133	0,158	0,169	0,138	0,000	0,000
	run	18	2022:11:08    10:52:38,879
0,000	-12,975	-13,089	-13,103	-13,176	-13,184	-13,201	-13,210	-13,209	-13,206	-13,215	-13,202	-13,175	-13,128	-13,037	-12,923	-0,206	-0,133	-0,120	-0,082	-0,060	-0,034	-0,015	0,002	0,022	0,042	0,081	0,120	0,166	0,199	0,156	0,000	0,000
1,000	-16,838	-16,800	-16,718	-16,515	-16,374	-16,271	-16,216	-16,167	-16,121	-16,102	-16,050	-16,019	-15,958	-15,866	-15,761	0,085	0,212	0,258	0,343	0,334	0,296	0,277	0,239	0,222	0,208	0,212	0,214	0,217	0,225	0,176	0,000	0,000
2,000	-10,117	-10,110	-10,074	-9,965	-9,860	-9,787	-9,746	-9,711	-9,662	-9,629	-9,574	-9,504	-9,412	-9,264	-9,092	0,057	0,091	0,142	0,227	0,244	0,228	0,227	0,221	0,228	0,239	0,268	0,306	0,330	0,345	0,260	0,000	0,000
3,000	-20,070	-20,060	-20,012	-19,723	-19,511	-19,384	-19,315	-19,262	-19,206	-19,197	-19,153	-19,115	-19,061	-18,957	-18,830	0,103	0,232	0,314	0,446	0,442	0,366	0,323	0,283	0,249	0,218	0,215	0,228	0,235	0,242	0,188	0,000	0,000
4,000	-10,651	-10,778	-10,662	-10,649	-10,610	-10,623	-10,617	-10,608	-10,602	-10,595	-10,556	-10,481	-10,345	-10,123	-9,836	-0,309	0,009	-0,001	0,055	0,054	0,077	0,082	0,102	0,131	0,186	0,269	0,362	0,454	0,511	0,420	0,000	0,000
5,000	-12,159	-12,034	-12,219	-12,230	-12,250	-12,223	-12,209	-12,206	-12,178	-12,171	-12,122	-12,037	-11,894	-11,640	-11,313	0,077	-0,157	-0,116	-0,005	0,019	0,040	0,081	0,107	0,161	0,215	0,312	0,399	0,505	0,570	0,468	0,000	0,000
6,000	-8,690	-8,688	-8,575	-8,431	-8,326	-8,262	-8,229	-8,196	-8,162	-8,143	-8,097	-8,038	-7,959	-7,822	-7,666	-0,051	0,142	0,188	0,246	0,234	0,204	0,206	0,195	0,201	0,204	0,235	0,270	0,292	0,312	0,238	0,000	0,000
7,000	-7,025	-6,948	-6,913	-6,823	-6,777	-6,746	-6,727	-6,721	-6,703	-6,699	-6,684	-6,668	-6,656	-6,620	-6,577	0,082	0,088	0,114	0,136	0,116	0,089	0,086	0,078	0,072	0,060	0,064	0,073	0,078	0,076	0,057	0,000	0,000
8,000	-19,937	-20,034	-20,037	-20,105	-20,104	-20,154	-20,191	-20,222	-20,249	-20,312	-20,336	-20,362	-20,385	-20,362	-20,352	-0,147	-0,092	-0,104	-0,099	-0,113	-0,141	-0,137	-0,141	-0,130	-0,126	-0,098	-0,064	-0,044	-0,003	0,003	0,000	0,000
9,000	-9,414	-9,304	-9,237	-9,058	-8,928	-8,812	-8,747	-8,694	-8,640	-8,609	-8,555	-8,504	-8,455	-8,378	-8,280	0,218	0,234	0,258	0,339	0,345	0,311	0,293	0,266	0,246	0,222	0,219	0,218	0,213	0,201	0,143	0,000	0,000
10,000	-9,013	-8,857	-8,657	-8,407	-8,280	-8,223	-8,187	-8,163	-8,141	-8,139	-8,121	-8,093	-8,050	-7,984	-7,910	0,430	0,505	0,452	0,389	0,309	0,245	0,210	0,172	0,148	0,129	0,134	0,143	0,160	0,153	0,119	0,000	0,000
11,000	-10,107	-9,859	-9,777	-9,568	-9,474	-9,408	-9,375	-9,354	-9,320	-9,306	-9,271	-9,235	-9,189	-9,106	-9,016	0,425	0,385	0,367	0,315	0,268	0,218	0,198	0,173	0,165	0,156	0,163	0,181	0,186	0,193	0,142	0,000	0,000
12,000	-15,023	-15,108	-14,994	-14,985	-14,934	-14,923	-14,919	-14,907	-14,899	-14,909	-14,886	-14,862	-14,816	-14,719	-14,605	-0,204	-0,006	0,021	0,058	0,059	0,056	0,056	0,064	0,064	0,073	0,105	0,145	0,179	0,204	0,163	0,000	0,000
13,000	-8,659	-8,783	-8,754	-8,799	-8,781	-8,776	-8,760	-8,746	-8,720	-8,692	-8,640	-8,571	-8,473	-8,320	-8,127	-0,181	-0,090	-0,068	-0,001	0,035	0,069	0,091	0,117	0,148	0,189	0,239	0,286	0,336	0,356	0,281	0,000	0,000
14,000	-11,919	-11,815	-11,914	-11,862	-11,853	-11,827	-11,797	-11,801	-11,782	-11,785	-11,769	-11,727	-11,635	-11,500	-11,304	-0,082	-0,115	-0,048	0,027	0,046	0,054	0,071	0,072	0,092	0,117	0,156	0,221	0,292	0,329	0,271	0,000	0,000
15,000	-8,920	-9,034	-8,960	-8,958	-8,911	-8,913	-8,901	-8,886	-8,873	-8,867	-8,849	-8,819	-8,770	-8,697	-8,608	-0,172	0,009	-0,006	0,037	0,044	0,062	0,062	0,070	0,074	0,091	0,110	0,134	0,162	0,168	0,136	0,000	0,000
	run	19	2022:11:08    10:52:38,979
0,000	-12,860	-12,941	-12,946	-13,036	-13,045	-13,057	-13,064	-13,069	-13,063	-13,071	-13,058	-13,031	-12,980	-12,888	-12,778	-0,177	-0,131	-0,122	-0,078	-0,059	-0,033	-0,015	0,001	0,022	0,044	0,084	0,128	0,167	0,189	0,156	0,000	0,000
1,000	-16,790	-16,765	-16,679	-16,476	-16,328	-16,221	-16,165	-16,123	-16,078	-16,049	-16,010	-15,970	-15,915	-15,827	-15,715	0,101	0,213	0,260	0,339	0,342	0,295	0,272	0,240	0,228	0,204	0,209	0,209	0,217	0,221	0,168	0,000	0,000
2,000	-10,288	-10,281	-10,244	-10,119	-10,013	-9,935	-9,889	-9,851	-9,809	-9,769	-9,711	-9,645	-9,545	-9,389	-9,208	0,044	0,103	0,154	0,245	0,251	0,237	0,240	0,228	0,235	0,251	0,282	0,322	0,348	0,360	0,275	0,000	0,000
3,000	-20,685	-20,662	-20,587	-20,257	-20,043	-19,910	-19,838	-19,777	-19,728	-19,715	-19,664	-19,630	-19,575	-19,462	-19,335	0,161	0,305	0,380	0,505	0,472	0,386	0,342	0,297	0,260	0,224	0,221	0,235	0,252	0,251	0,196	0,000	0,000
4,000	-10,870	-11,004	-10,911	-10,896	-10,861	-10,876	-10,870	-10,863	-10,859	-10,846	-10,803	-10,736	-10,594	-10,364	-10,068	-0,302	0,000	-0,006	0,048	0,045	0,070	0,079	0,101	0,133	0,188	0,273	0,362	0,465	0,521	0,426	0,000	0,000
5,000	-12,294	-12,181	-12,362	-12,363	-12,378	-12,348	-12,327	-12,334	-12,303	-12,297	-12,247	-12,157	-12,004	-11,742	-11,410	0,055	-0,149	-0,110	0,003	0,024	0,046	0,088	0,115	0,166	0,224	0,317	0,417	0,524	0,584	0,474	0,000	0,000
6,000	-8,840	-8,843	-8,731	-8,591	-8,479	-8,418	-8,391	-8,359	-8,317	-8,293	-8,246	-8,190	-8,106	-7,971	-7,807	-0,039	0,139	0,184	0,243	0,238	0,213	0,208	0,200	0,201	0,204	0,236	0,275	0,300	0,319	0,249	0,000	0,000
7,000	-7,106	-7,036	-7,011	-6,917	-6,861	-6,830	-6,815	-6,802	-6,791	-6,784	-6,772	-6,753	-6,737	-6,700	-6,659	0,090	0,100	0,122	0,144	0,117	0,090	0,081	0,076	0,074	0,066	0,065	0,072	0,078	0,081	0,061	0,000	0,000
8,000	-20,089	-20,192	-20,189	-20,273	-20,280	-20,328	-20,360	-20,398	-20,418	-20,482	-20,499	-20,535	-20,551	-20,534	-20,525	-0,143	-0,093	-0,112	-0,106	-0,111	-0,140	-0,136	-0,144	-0,127	-0,126	-0,093	-0,062	-0,043	-0,005	0,008	0,000	0,000
9,000	-9,485	-9,386	-9,320	-9,141	-9,006	-8,890	-8,827	-8,776	-8,718	-8,681	-8,635	-8,587	-8,533	-8,450	-8,362	0,207	0,233	0,267	0,349	0,352	0,316	0,295	0,269	0,246	0,228	0,223	0,217	0,213	0,200	0,147	0,000	0,000
10,000	-8,939	-8,797	-8,613	-8,383	-8,255	-8,197	-8,165	-8,138	-8,120	-8,115	-8,096	-8,069	-8,027	-7,965	-7,888	0,399	0,483	0,425	0,364	0,300	0,241	0,198	0,167	0,140	0,130	0,130	0,135	0,152	0,153	0,119	0,000	0,000
11,000	-9,990	-9,758	-9,673	-9,480	-9,385	-9,322	-9,290	-9,261	-9,232	-9,216	-9,184	-9,150	-9,103	-9,020	-8,925	0,421	0,364	0,348	0,307	0,265	0,215	0,196	0,175	0,164	0,155	0,166	0,176	0,184	0,190	0,143	0,000	0,000
12,000	-14,856	-14,941	-14,836	-14,819	-14,767	-14,755	-14,753	-14,745	-14,732	-14,741	-14,724	-14,694	-14,654	-14,553	-14,447	-0,207	-0,004	0,020	0,059	0,063	0,059	0,056	0,061	0,065	0,066	0,100	0,140	0,177	0,197	0,159	0,000	0,000
13,000	-8,501	-8,597	-8,605	-8,635	-8,622	-8,613	-8,602	-8,582	-8,561	-8,529	-8,477	-8,416	-8,317	-8,165	-7,982	-0,182	-0,099	-0,074	-0,011	0,026	0,060	0,089	0,113	0,145	0,179	0,235	0,277	0,325	0,352	0,275	0,000	0,000
14,000	-11,764	-11,657	-11,754	-11,705	-11,703	-11,660	-11,640	-11,643	-11,633	-11,629	-11,619	-11,572	-11,488	-11,352	-11,158	-0,102	-0,129	-0,039	0,034	0,058	0,052	0,063	0,069	0,085	0,106	0,159	0,222	0,287	0,314	0,269	0,000	0,000
15,000	-8,758	-8,875	-8,794	-8,799	-8,760	-8,759	-8,752	-8,742	-8,722	-8,720	-8,697	-8,670	-8,623	-8,547	-8,462	-0,171	0,009	-0,008	0,033	0,042	0,057	0,056	0,069	0,073	0,088	0,105	0,127	0,154	0,167	0,133	0,000	0,000
	run	20	2022:11:08    10:52:39,079
0,000	-12,759	-12,856	-12,856	-12,937	-12,948	-12,963	-12,966	-12,968	-12,967	-12,975	-12,961	-12,935	-12,883	-12,792	-12,684	-0,193	-0,127	-0,125	-0,077	-0,063	-0,033	-0,010	0,004	0,023	0,043	0,082	0,128	0,166	0,194	0,156	0,000	0,000
1,000	-16,749	-16,733	-16,651	-16,455	-16,314	-16,213	-16,146	-16,103	-16,063	-16,033	-15,987	-15,954	-15,894	-15,801	-15,692	0,085	0,203	0,247	0,326	0,327	0,297	0,269	0,242	0,221	0,206	0,208	0,216	0,220	0,227	0,177	0,000	0,000
2,000	-10,269	-10,273	-10,224	-10,104	-9,995	-9,924	-9,873	-9,835	-9,789	-9,755	-9,701	-9,627	-9,529	-9,375	-9,204	0,046	0,109	0,152	0,244	0,257	0,238	0,241	0,233	0,234	0,244	0,279	0,320	0,344	0,352	0,269	0,000	0,000
3,000	-20,594	-20,567	-20,498	-20,169	-19,954	-19,819	-19,749	-19,699	-19,646	-19,631	-19,582	-19,552	-19,495	-19,385	-19,260	0,169	0,300	0,374	0,492	0,469	0,379	0,336	0,285	0,255	0,218	0,221	0,233	0,240	0,249	0,188	0,000	0,000
4,000	-10,984	-11,112	-11,007	-10,998	-10,960	-10,975	-10,971	-10,959	-10,957	-10,942	-10,904	-10,821	-10,683	-10,452	-10,145	-0,306	-0,003	-0,011	0,042	0,050	0,070	0,087	0,104	0,136	0,195	0,285	0,376	0,475	0,530	0,440	0,000	0,000
5,000	-12,424	-12,311	-12,501	-12,500	-12,516	-12,490	-12,471	-12,477	-12,443	-12,429	-12,388	-12,297	-12,143	-11,880	-11,543	0,047	-0,158	-0,103	0,005	0,022	0,045	0,087	0,119	0,165	0,225	0,312	0,415	0,525	0,591	0,483	0,000	0,000
6,000	-8,861	-8,863	-8,742	-8,594	-8,491	-8,425	-8,390	-8,366	-8,325	-8,301	-8,251	-8,191	-8,116	-7,966	-7,810	-0,027	0,156	0,189	0,246	0,240	0,210	0,204	0,199	0,199	0,208	0,232	0,269	0,303	0,314	0,247	0,000	0,000
7,000	-7,171	-7,076	-7,047	-6,941	-6,889	-6,857	-6,838	-6,830	-6,818	-6,808	-6,802	-6,781	-6,764	-6,722	-6,684	0,085	0,107	0,123	0,148	0,122	0,102	0,087	0,084	0,078	0,066	0,075	0,073	0,082	0,079	0,060	0,000	0,000
8,000	-20,273	-20,369	-20,384	-20,483	-20,478	-20,526	-20,571	-20,597	-20,623	-20,680	-20,714	-20,740	-20,761	-20,750	-20,729	-0,159	-0,098	-0,120	-0,126	-0,127	-0,148	-0,150	-0,147	-0,138	-0,134	-0,103	-0,066	-0,044	-0,008	0,003	0,000	0,000
9,000	-9,451	-9,331	-9,235	-9,057	-8,917	-8,804	-8,740	-8,692	-8,634	-8,598	-8,552	-8,498	-8,448	-8,361	-8,275	0,225	0,253	0,289	0,359	0,360	0,318	0,299	0,275	0,252	0,226	0,217	0,218	0,213	0,203	0,145	0,000	0,000
10,000	-8,832	-8,717	-8,534	-8,323	-8,202	-8,145	-8,113	-8,088	-8,066	-8,061	-8,048	-8,019	-7,976	-7,912	-7,843	0,385	0,458	0,410	0,348	0,285	0,229	0,194	0,163	0,138	0,126	0,126	0,134	0,147	0,150	0,116	0,000	0,000
11,000	-9,831	-9,596	-9,515	-9,325	-9,229	-9,168	-9,136	-9,112	-9,082	-9,067	-9,035	-8,997	-8,952	-8,872	-8,783	0,407	0,365	0,338	0,297	0,262	0,210	0,188	0,173	0,160	0,148	0,159	0,174	0,182	0,186	0,139	0,000	0,000
12,000	-14,659	-14,744	-14,643	-14,619	-14,565	-14,553	-14,551	-14,543	-14,531	-14,549	-14,525	-14,499	-14,455	-14,362	-14,258	-0,212	-0,001	0,024	0,054	0,060	0,053	0,053	0,062	0,062	0,068	0,098	0,131	0,172	0,195	0,153	0,000	0,000
13,000	-8,463	-8,565	-8,559	-8,602	-8,585	-8,574	-8,562	-8,544	-8,520	-8,498	-8,444	-8,377	-8,286	-8,141	-7,947	-0,194	-0,110	-0,081	-0,014	0,024	0,060	0,084	0,112	0,137	0,177	0,235	0,272	0,319	0,345	0,272	0,000	0,000
14,000	-11,682	-11,561	-11,661	-11,603	-11,598	-11,566	-11,549	-11,548	-11,538	-11,529	-11,516	-11,473	-11,385	-11,256	-11,074	-0,091	-0,128	-0,047	0,034	0,040	0,060	0,066	0,075	0,089	0,113	0,162	0,217	0,277	0,325	0,260	0,000	0,000
15,000	-8,783	-8,917	-8,832	-8,831	-8,790	-8,786	-8,781	-8,767	-8,753	-8,750	-8,728	-8,700	-8,653	-8,579	-8,490	-0,174	0,004	-0,006	0,038	0,041	0,056	0,064	0,068	0,071	0,092	0,107	0,132	0,158	0,166	0,134	0,000	0,000
	run	21	2022:11:08    10:52:39,126
0,000	-12,986	-13,090	-13,096	-13,186	-13,197	-13,209	-13,214	-13,221	-13,219	-13,226	-13,216	-13,186	-13,140	-13,042	-12,931	-0,195	-0,126	-0,128	-0,084	-0,063	-0,039	-0,015	-0,002	0,023	0,044	0,082	0,128	0,169	0,196	0,158	0,000	0,000
1,000	-16,947	-16,916	-16,831	-16,620	-16,468	-16,366	-16,306	-16,267	-16,218	-16,186	-16,143	-16,110	-16,049	-15,959	-15,854	0,100	0,223	0,279	0,338	0,345	0,303	0,275	0,249	0,227	0,217	0,206	0,217	0,226	0,226	0,171	0,000	0,000
2,000	-10,269	-10,273	-10,224	-10,104	-9,995	-9,924	-9,873	-9,835	-9,789	-9,755	-9,701	-9,627	-9,529	-9,375	-9,204	0,046	0,109	0,152	0,244	0,257	0,238	0,241	0,233	0,234	0,244	0,279	0,320	0,344	0,352	0,269	0,000	0,000
3,000	-20,594	-20,567	-20,498	-20,169	-19,954	-19,819	-19,749	-19,699	-19,646	-19,631	-19,582	-19,552	-19,495	-19,385	-19,260	0,169	0,300	0,374	0,492	0,469	0,379	0,336	0,285	0,255	0,218	0,221	0,233	0,240	0,249	0,188	0,000	0,000
4,000	-10,984	-11,112	-11,007	-10,998	-10,960	-10,975	-10,971	-10,959	-10,957	-10,942	-10,904	-10,821	-10,683	-10,452	-10,145	-0,306	-0,003	-0,011	0,042	0,050	0,070	0,087	0,104	0,136	0,195	0,285	0,376	0,475	0,530	0,440	0,000	0,000
5,000	-12,424	-12,311	-12,501	-12,500	-12,516	-12,490	-12,471	-12,477	-12,443	-12,429	-12,388	-12,297	-12,143	-11,880	-11,543	0,047	-0,158	-0,103	0,005	0,022	0,045	0,087	0,119	0,165	0,225	0,312	0,415	0,525	0,591	0,483	0,000	0,000
6,000	-8,861	-8,863	-8,742	-8,594	-8,491	-8,425	-8,390	-8,366	-8,325	-8,301	-8,251	-8,191	-8,116	-7,966	-7,810	-0,027	0,156	0,189	0,246	0,240	0,210	0,204	0,199	0,199	0,208	0,232	0,269	0,303	0,314	0,247	0,000	0,000
7,000	-7,171	-7,076	-7,047	-6,941	-6,889	-6,857	-6,838	-6,830	-6,818	-6,808	-6,802	-6,781	-6,764	-6,722	-6,684	0,085	0,107	0,123	0,148	0,122	0,102	0,087	0,084	0,078	0,066	0,075	0,073	0,082	0,079	0,060	0,000	0,000
8,000	-20,186	-20,294	-20,297	-20,392	-20,386	-20,444	-20,477	-20,505	-20,529	-20,592	-20,615	-20,647	-20,665	-20,660	-20,638	-0,158	-0,098	-0,109	-0,118	-0,117	-0,145	-0,144	-0,140	-0,129	-0,130	-0,103	-0,068	-0,046	-0,001	0,005	0,000	0,000
9,000	-9,456	-9,339	-9,254	-9,065	-8,929	-8,809	-8,747	-8,700	-8,642	-8,602	-8,550	-8,512	-8,453	-8,374	-8,284	0,233	0,239	0,286	0,362	0,359	0,323	0,302	0,271	0,249	0,227	0,220	0,218	0,209	0,197	0,143	0,000	0,000
10,000	-8,940	-8,816	-8,622	-8,416	-8,300	-8,239	-8,210	-8,185	-8,161	-8,160	-8,142	-8,117	-8,073	-8,004	-7,933	0,385	0,466	0,415	0,351	0,287	0,227	0,192	0,165	0,141	0,129	0,128	0,141	0,150	0,151	0,120	0,000	0,000
11,000	-10,003	-9,766	-9,685	-9,489	-9,392	-9,336	-9,296	-9,277	-9,242	-9,226	-9,196	-9,156	-9,107	-9,030	-8,938	0,407	0,372	0,339	0,303	0,267	0,211	0,192	0,173	0,165	0,160	0,161	0,173	0,184	0,190	0,137	0,000	0,000
12,000	-14,753	-14,845	-14,743	-14,721	-14,672	-14,658	-14,657	-14,644	-14,635	-14,650	-14,629	-14,603	-14,554	-14,466	-14,357	-0,202	-0,006	0,023	0,052	0,063	0,055	0,055	0,058	0,059	0,070	0,100	0,139	0,168	0,193	0,157	0,000	0,000
13,000	-8,571	-8,657	-8,646	-8,689	-8,671	-8,665	-8,656	-8,636	-8,615	-8,587	-8,530	-8,463	-8,371	-8,218	-8,031	-0,187	-0,097	-0,073	-0,003	0,029	0,061	0,088	0,116	0,146	0,176	0,240	0,278	0,327	0,349	0,276	0,000	0,000
14,000	-11,882	-11,765	-11,859	-11,804	-11,806	-11,773	-11,757	-11,753	-11,735	-11,730	-11,716	-11,678	-11,598	-11,454	-11,259	-0,087	-0,144	-0,056	0,034	0,048	0,051	0,066	0,070	0,083	0,108	0,156	0,224	0,292	0,333	0,273	0,000	0,000
15,000	-8,910	-9,043	-8,959	-8,963	-8,916	-8,911	-8,913	-8,897	-8,875	-8,875	-8,856	-8,827	-8,776	-8,700	-8,612	-0,170	0,011	-0,015	0,042	0,049	0,067	0,059	0,072	0,076	0,092	0,111	0,135	0,158	0,170	0,136	0,000	0,000
	run	22	2022:11:08    10:52:39,227
0,000	-13,126	-13,218	-13,228	-13,316	-13,325	-13,334	-13,344	-13,344	-13,350	-13,355	-13,342	-13,307	-13,262	-13,166	-13,054	-0,207	-0,125	-0,123	-0,088	-0,065	-0,032	-0,018	-0,002	0,024	0,048	0,087	0,128	0,175	0,198	0,164	0,000	0,000
1,000	-17,090	-17,047	-16,967	-16,736	-16,586	-16,485	-16,427	-16,377	-16,331	-16,300	-16,258	-16,220	-16,165	-16,076	-15,960	0,116	0,226	0,282	0,364	0,355	0,311	0,280	0,251	0,227	0,212	0,209	0,219	0,222	0,227	0,173	0,000	0,000
2,000	-10,327	-10,306	-10,277	-10,154	-10,051	-9,969	-9,923	-9,889	-9,843	-9,809	-9,751	-9,681	-9,574	-9,429	-9,246	0,042	0,096	0,144	0,241	0,249	0,237	0,240	0,231	0,235	0,250	0,278	0,323	0,348	0,362	0,272	0,000	0,000
3,000	-20,485	-20,474	-20,393	-20,086	-19,875	-19,742	-19,673	-19,614	-19,560	-19,544	-19,503	-19,458	-19,406	-19,293	-19,168	0,137	0,272	0,339	0,488	0,453	0,381	0,342	0,288	0,259	0,220	0,220	0,240	0,240	0,260	0,194	0,000	0,000
4,000	-10,799	-10,920	-10,824	-10,804	-10,769	-10,779	-10,773	-10,766	-10,760	-10,746	-10,709	-10,634	-10,492	-10,270	-9,976	-0,295	0,007	0,006	0,046	0,049	0,073	0,080	0,102	0,128	0,187	0,272	0,366	0,459	0,514	0,427	0,000	0,000
5,000	-12,245	-12,124	-12,314	-12,314	-12,328	-12,308	-12,292	-12,290	-12,260	-12,256	-12,215	-12,127	-11,979	-11,723	-11,390	0,071	-0,159	-0,108	-0,002	0,027	0,039	0,080	0,115	0,166	0,210	0,304	0,406	0,510	0,576	0,469	0,000	0,000
6,000	-8,765	-8,756	-8,653	-8,511	-8,398	-8,338	-8,307	-8,271	-8,233	-8,217	-8,162	-8,115	-8,027	-7,893	-7,733	-0,050	0,149	0,188	0,246	0,238	0,211	0,202	0,201	0,205	0,208	0,232	0,270	0,296	0,312	0,242	0,000	0,000
7,000	-7,046	-6,955	-6,923	-6,832	-6,787	-6,758	-6,737	-6,730	-6,710	-6,714	-6,702	-6,686	-6,670	-6,634	-6,603	0,074	0,094	0,118	0,129	0,115	0,089	0,082	0,073	0,066	0,057	0,060	0,064	0,065	0,071	0,053	0,000	0,000
8,000	-19,828	-19,915	-19,927	-19,998	-19,988	-20,036	-20,079	-20,108	-20,138	-20,195	-20,215	-20,247	-20,266	-20,253	-20,235	-0,140	-0,090	-0,097	-0,109	-0,111	-0,138	-0,140	-0,140	-0,128	-0,125	-0,100	-0,063	-0,046	-0,008	0,005	0,000	0,000
9,000	-9,364	-9,256	-9,204	-9,043	-8,913	-8,803	-8,737	-8,686	-8,631	-8,594	-8,545	-8,498	-8,446	-8,361	-8,276	0,213	0,212	0,249	0,326	0,331	0,300	0,287	0,262	0,245	0,221	0,214	0,217	0,210	0,201	0,145	0,000	0,000
10,000	-8,897	-8,758	-8,570	-8,341	-8,215	-8,159	-8,126	-8,103	-8,082	-8,079	-8,062	-8,033	-7,995	-7,930	-7,857	0,399	0,482	0,432	0,368	0,300	0,234	0,199	0,168	0,136	0,128	0,128	0,135	0,153	0,154	0,118	0,000	0,000
11,000	-10,030	-9,792	-9,718	-9,516	-9,426	-9,363	-9,332	-9,308	-9,274	-9,258	-9,228	-9,191	-9,146	-9,064	-8,973	0,419	0,360	0,340	0,305	0,259	0,205	0,190	0,170	0,159	0,153	0,160	0,174	0,184	0,186	0,141	0,000	0,000
12,000	-15,020	-15,089	-14,981	-14,964	-14,906	-14,893	-14,891	-14,881	-14,868	-14,877	-14,861	-14,832	-14,789	-14,691	-14,584	-0,201	-0,002	0,026	0,071	0,072	0,060	0,060	0,067	0,067	0,076	0,104	0,136	0,175	0,200	0,156	0,000	0,000
13,000	-8,592	-8,673	-8,669	-8,704	-8,691	-8,679	-8,665	-8,652	-8,631	-8,600	-8,543	-8,481	-8,383	-8,228	-8,039	-0,170	-0,095	-0,066	-0,009	0,024	0,064	0,085	0,111	0,146	0,184	0,232	0,279	0,334	0,352	0,279	0,000	0,000
14,000	-11,918	-11,847	-11,906	-11,855	-11,852	-11,826	-11,806	-11,805	-11,786	-11,787	-11,770	-11,729	-11,645	-11,500	-11,309	-0,129	-0,130	-0,040	0,033	0,044	0,046	0,072	0,072	0,094	0,111	0,165	0,225	0,294	0,324	0,276	0,000	0,000
15,000	-8,946	-9,060	-8,978	-8,981	-8,942	-8,931	-8,930	-8,915	-8,897	-8,893	-8,871	-8,841	-8,798	-8,714	-8,630	-0,172	0,012	-0,000	0,041	0,046	0,062	0,059	0,074	0,079	0,091	0,112	0,131	0,160	0,173	0,137	0,000	0,000
	run	23	2022:11:08    10:52:39,280
0,000	-13,126	-13,218	-13,228	-13,316	-13,325	-13,334	-13,344	-13,344	-13,350	-13,355	-13,342	-13,307	-13,262	-13,166	-13,054	-0,207	-0,125	-0,123	-0,088	-0,065	-0,032	-0,018	-0,002	0,024	0,048	0,087	0,128	0,175	0,198	0,164	0,000	0,000
1,000	-17,090	-17,047	-16,967	-16,736	-16,586	-16,485	-16,427	-16,377	-16,331	-16,300	-16,258	-16,220	-16,165	-16,076	-15,960	0,116	0,226	0,282	0,364	0,355	0,311	0,280	0,251	0,227	0,212	0,209	0,219	0,222	0,227	0,173	0,000	0,000
2,000	-10,327	-10,306	-10,277	-10,154	-10,051	-9,969	-9,923	-9,889	-9,843	-9,809	-9,751	-9,681	-9,574	-9,429	-9,246	0,042	0,096	0,144	0,241	0,249	0,237	0,240	0,231	0,235	0,250	0,278	0,323	0,348	0,362	0,272	0,000	0,000
3,000	-20,485	-20,474	-20,393	-20,086	-19,875	-19,742	-19,673	-19,614	-19,560	-19,544	-19,503	-19,458	-19,406	-19,293	-19,168	0,137	0,272	0,339	0,488	0,453	0,381	0,342	0,288	0,259	0,220	0,220	0,240	0,240	0,260	0,194	0,000	0,000
4,000	-10,799	-10,920	-10,824	-10,804	-10,769	-10,779	-10,773	-10,766	-10,760	-10,746	-10,709	-10,634	-10,492	-10,270	-9,976	-0,295	0,007	0,006	0,046	0,049	0,073	0,080	0,102	0,128	0,187	0,272	0,366	0,459	0,514	0,427	0,000	0,000
5,000	-12,245	-12,124	-12,314	-12,314	-12,328	-12,308	-12,292	-12,290	-12,260	-12,256	-12,215	-12,127	-11,979	-11,723	-11,390	0,071	-0,159	-0,108	-0,002	0,027	0,039	0,080	0,115	0,166	0,210	0,304	0,406	0,510	0,576	0,469	0,000	0,000
6,000	-8,684	-8,680	-8,568	-8,429	-8,321	-8,267	-8,233	-8,194	-8,164	-8,139	-8,095	-8,036	-7,956	-7,824	-7,668	-0,061	0,146	0,179	0,241	0,232	0,209	0,200	0,197	0,195	0,202	0,233	0,266	0,292	0,307	0,244	0,000	0,000
7,000	-6,955	-6,883	-6,860	-6,778	-6,734	-6,704	-6,688	-6,679	-6,663	-6,658	-6,647	-6,635	-6,611	-6,579	-6,540	0,082	0,085	0,103	0,121	0,105	0,082	0,078	0,074	0,069	0,062	0,064	0,069	0,074	0,081	0,061	0,000	0,000
8,000	-19,731	-19,823	-19,822	-19,880	-19,873	-19,923	-19,957	-19,979	-20,015	-20,067	-20,096	-20,124	-20,144	-20,131	-20,110	-0,142	-0,079	-0,096	-0,101	-0,100	-0,133	-0,135	-0,138	-0,128	-0,125	-0,090	-0,066	-0,042	0,001	0,005	0,000	0,000
9,000	-9,229	-9,154	-9,093	-8,934	-8,808	-8,698	-8,637	-8,586	-8,527	-8,491	-8,446	-8,403	-8,346	-8,266	-8,182	0,205	0,211	0,248	0,321	0,330	0,298	0,281	0,259	0,238	0,214	0,217	0,213	0,206	0,199	0,142	0,000	0,000
10,000	-8,883	-8,749	-8,557	-8,316	-8,194	-8,130	-8,101	-8,076	-8,053	-8,049	-8,032	-8,005	-7,962	-7,896	-7,825	0,399	0,490	0,431	0,371	0,300	0,240	0,203	0,169	0,143	0,133	0,130	0,136	0,151	0,154	0,120	0,000	0,000
11,000	-9,934	-9,692	-9,601	-9,401	-9,308	-9,242	-9,210	-9,188	-9,161	-9,138	-9,108	-9,072	-9,025	-8,946	-8,850	0,427	0,377	0,352	0,311	0,267	0,211	0,195	0,170	0,162	0,153	0,165	0,176	0,184	0,191	0,145	0,000	0,000
12,000	-14,963	-15,044	-14,937	-14,932	-14,876	-14,864	-14,865	-14,853	-14,843	-14,851	-14,837	-14,804	-14,765	-14,664	-14,557	-0,220	-0,015	0,023	0,057	0,061	0,049	0,054	0,055	0,062	0,071	0,101	0,140	0,176	0,199	0,160	0,000	0,000
13,000	-8,769	-8,837	-8,838	-8,866	-8,853	-8,841	-8,827	-8,815	-8,791	-8,757	-8,699	-8,635	-8,535	-8,382	-8,186	-0,152	-0,081	-0,068	0,003	0,035	0,067	0,092	0,118	0,151	0,186	0,252	0,287	0,336	0,357	0,281	0,000	0,000
14,000	-12,118	-12,018	-12,107	-12,049	-12,038	-12,008	-11,988	-11,985	-11,978	-11,963	-11,945	-11,908	-11,824	-11,680	-11,480	-0,116	-0,115	-0,056	0,031	0,050	0,052	0,073	0,081	0,096	0,110	0,161	0,227	0,296	0,344	0,278	0,000	0,000
15,000	-9,019	-9,143	-9,054	-9,060	-9,023	-9,019	-9,013	-8,996	-8,975	-8,980	-8,955	-8,927	-8,877	-8,800	-8,713	-0,170	0,006	-0,010	0,040	0,045	0,060	0,067	0,072	0,078	0,089	0,113	0,134	0,160	0,173	0,136	0,000	0,000
	run	24	2022:11:08    10:52:39,379
0,000	-13,062	-13,168	-13,175	-13,259	-13,268	-13,283	-13,291	-13,291	-13,286	-13,299	-13,289	-13,252	-13,209	-13,117	-13,006	-0,177	-0,124	-0,133	-0,082	-0,062	-0,029	-0,017	0,001	0,022	0,045	0,089	0,129	0,169	0,198	0,153	0,000	0,000
1,000	-16,825	-16,812	-16,714	-16,520	-16,374	-16,268	-16,214	-16,170	-16,123	-16,098	-16,055	-16,014	-15,960	-15,870	-15,769	0,115	0,218	0,270	0,344	0,347	0,300	0,276	0,241	0,223	0,201	0,207	0,212	0,215	0,221	0,164	0,000	0,000
2,000	-10,159	-10,152	-10,115	-9,998	-9,897	-9,818	-9,771	-9,739	-9,693	-9,661	-9,605	-9,536	-9,439	-9,288	-9,118	0,040	0,092	0,144	0,236	0,249	0,226	0,236	0,224	0,231	0,240	0,274	0,312	0,335	0,345	0,266	0,000	0,000
3,000	-20,092	-20,087	-20,040	-19,743	-19,539	-19,407	-19,343	-19,282	-19,231	-19,217	-19,176	-19,131	-19,084	-18,973	-18,846	0,108	0,236	0,318	0,460	0,447	0,370	0,326	0,284	0,249	0,217	0,211	0,234	0,243	0,249	0,189	0,000	0,000
4,000	-10,772	-10,893	-10,802	-10,790	-10,743	-10,765	-10,752	-10,747	-10,745	-10,732	-10,691	-10,618	-10,483	-10,256	-9,963	-0,288	0,009	-0,004	0,053	0,048	0,070	0,084	0,103	0,131	0,187	0,276	0,360	0,459	0,519	0,424	0,000	0,000
5,000	-12,012	-11,901	-12,069	-12,071	-12,098	-12,067	-12,060	-12,059	-12,025	-12,017	-11,969	-11,881	-11,738	-11,493	-11,163	0,068	-0,151	-0,100	0,001	0,020	0,039	0,090	0,118	0,162	0,213	0,299	0,403	0,504	0,561	0,456	0,000	0,000
6,000	-8,611	-8,598	-8,500	-8,367	-8,255	-8,193	-8,163	-8,135	-8,093	-8,069	-8,029	-7,971	-7,895	-7,759	-7,604	-0,056	0,139	0,177	0,237	0,234	0,208	0,205	0,192	0,191	0,202	0,230	0,258	0,281	0,303	0,232	0,000	0,000
7,000	-6,950	-6,859	-6,847	-6,764	-6,709	-6,685	-6,673	-6,663	-6,646	-6,640	-6,633	-6,620	-6,596	-6,571	-6,531	0,073	0,078	0,100	0,126	0,104	0,082	0,075	0,069	0,063	0,058	0,062	0,069	0,069	0,075	0,055	0,000	0,000
8,000	-19,712	-19,811	-19,800	-19,848	-19,845	-19,890	-19,922	-19,951	-19,980	-20,037	-20,069	-20,093	-20,109	-20,098	-20,078	-0,170	-0,080	-0,097	-0,089	-0,101	-0,133	-0,132	-0,135	-0,125	-0,121	-0,093	-0,063	-0,046	-0,004	0,003	0,000	0,000
9,000	-9,375	-9,278	-9,213	-9,064	-8,941	-8,830	-8,767	-8,720	-8,668	-8,627	-8,578	-8,527	-8,472	-8,395	-8,308	0,207	0,193	0,235	0,317	0,328	0,297	0,283	0,255	0,238	0,220	0,217	0,215	0,206	0,195	0,144	0,000	0,000
10,000	-8,838	-8,708	-8,523	-8,303	-8,177	-8,117	-8,079	-8,058	-8,039	-8,031	-8,013	-7,986	-7,942	-7,875	-7,805	0,403	0,485	0,417	0,362	0,295	0,240	0,196	0,168	0,142	0,132	0,128	0,137	0,152	0,154	0,120	0,000	0,000
11,000	-10,158	-9,909	-9,817	-9,626	-9,522	-9,460	-9,427	-9,403	-9,372	-9,353	-9,322	-9,283	-9,234	-9,151	-9,057	0,438	0,378	0,348	0,318	0,271	0,212	0,199	0,177	0,163	0,155	0,169	0,180	0,192	0,193	0,144	0,000	0,000
12,000	-15,286	-15,364	-15,257	-15,249	-15,190	-15,181	-15,171	-15,165	-15,152	-15,162	-15,145	-15,113	-15,068	-14,968	-14,856	-0,210	-0,015	0,022	0,052	0,060	0,054	0,058	0,059	0,070	0,072	0,099	0,145	0,180	0,205	0,165	0,000	0,000
13,000	-8,836	-8,893	-8,882	-8,919	-8,904	-8,895	-8,880	-8,864	-8,842	-8,810	-8,754	-8,689	-8,587	-8,426	-8,230	-0,150	-0,073	-0,053	0,008	0,039	0,071	0,095	0,119	0,152	0,190	0,245	0,288	0,340	0,368	0,292	0,000	0,000
14,000	-12,185	-12,101	-12,186	-12,130	-12,115	-12,081	-12,062	-12,065	-12,041	-12,041	-12,025	-11,982	-11,899	-11,753	-11,551	-0,126	-0,120	-0,037	0,032	0,057	0,057	0,068	0,077	0,104	0,115	0,168	0,225	0,299	0,337	0,274	0,000	0,000
15,000	-8,992	-9,100	-9,026	-9,028	-8,984	-8,983	-8,973	-8,962	-8,943	-8,942	-8,918	-8,891	-8,844	-8,762	-8,678	-0,154	0,013	-0,006	0,040	0,046	0,058	0,062	0,069	0,075	0,091	0,112	0,132	0,165	0,169	0,137	0,000	0,000
