Device: PM2003001		2022:11:15    09:47:33,640  (DLL version: 1.20;  Status: HW:v1.02 SW:v1.3 CRC:31ED BATTERY:4170mV ST:2 ERR:0010;  MUX data; S: 92 I:143 R:200.000 C:1.094p F:)
Excitation level, V:	1,50
Voltage Channel Gain:	10
Current Channel Gain:	1
Voltmeter Range, V:	0,3
Ampermeter Range, A:	15,0m
Step Period, ms:	5
R transimp:	200
C transimp:	1,1p
Measurement Table: 	EEPROM  16

Freq, Hz	1,0k	2,0k	3,0k	7,0k	11,0k	17,0k	23,0k	31,0k	43,0k	61,0k	89,0k	127,0k	179,0k	251,0k	349,0k	1,0k	2,0k	3,0k	7,0k	11,0k	17,0k	23,0k	31,0k	43,0k	61,0k	89,0k	127,0k	179,0k	251,0k	349,0k
	run	1	2022:11:15    09:47:33,643
MUX	Re1, ohm	Re2, ohm	Re3, ohm	Re4, ohm	Re5, ohm	Re6, ohm	Re7, ohm	Re8, ohm	Re9, ohm	Re10, ohm	Re11, ohm	Re12, ohm	Re13, ohm	Re14, ohm	Re15, ohm	Im1, ohm	Im2, ohm	Im3, ohm	Im4, ohm	Im5, ohm	Im6, ohm	Im7, ohm	Im8, ohm	Im9, ohm	Im10, ohm	Im11, ohm	Im12, ohm	Im13, ohm	Im14, ohm	Im15, ohm	U, V	I, mA

0,000	-3,806	-3,842	-3,843	-3,868	-3,866	-3,870	-3,870	-3,872	-3,871	-3,876	-3,879	-3,876	-3,875	-3,863	-3,853	-0,052	-0,040	-0,034	-0,021	-0,015	-0,015	-0,009	-0,006	-0,005	-0,004	0,002	0,008	0,012	0,018	0,014	0,048	10,964
1,000	-4,225	-4,273	-4,276	-4,251	-4,220	-4,199	-4,189	-4,181	-4,176	-4,171	-4,164	-4,157	-4,147	-4,132	-4,118	-0,085	-0,047	-0,012	0,042	0,051	0,042	0,043	0,037	0,034	0,031	0,033	0,035	0,034	0,034	0,025	0,048	11,206
2,000	-2,722	-2,752	-2,766	-2,767	-2,751	-2,739	-2,727	-2,717	-2,706	-2,703	-2,691	-2,686	-2,678	-2,665	-2,656	-0,059	-0,038	-0,024	0,014	0,031	0,032	0,037	0,038	0,035	0,031	0,029	0,029	0,027	0,025	0,016	0,038	11,638
3,000	-5,510	-5,546	-5,556	-5,528	-5,496	-5,477	-5,467	-5,460	-5,457	-5,462	-5,459	-5,457	-5,453	-5,435	-5,419	-0,056	-0,030	-0,003	0,045	0,051	0,038	0,035	0,028	0,019	0,014	0,016	0,024	0,027	0,034	0,022	0,080	12,437
4,000	-3,062	-3,110	-3,122	-3,138	-3,124	-3,123	-3,119	-3,114	-3,111	-3,110	-3,103	-3,095	-3,084	-3,066	-3,041	-0,087	-0,058	-0,043	-0,009	0,003	0,007	0,012	0,015	0,018	0,022	0,030	0,036	0,040	0,042	0,032	0,041	12,268
5,000	-3,444	-3,503	-3,519	-3,542	-3,542	-3,541	-3,538	-3,539	-3,537	-3,538	-3,535	-3,529	-3,518	-3,497	-3,468	-0,125	-0,089	-0,068	-0,028	-0,014	-0,007	-0,000	-0,001	0,009	0,013	0,026	0,032	0,042	0,048	0,041	0,052	11,162
6,000	-2,134	-2,158	-2,170	-2,152	-2,135	-2,121	-2,116	-2,104	-2,097	-2,092	-2,087	-2,085	-2,084	-2,076	-2,071	-0,058	-0,037	-0,010	0,025	0,032	0,031	0,029	0,019	0,024	0,023	0,022	0,017	0,016	0,015	0,011	0,026	11,514
7,000	-1,649	-1,679	-1,678	-1,695	-1,693	-1,697	-1,699	-1,700	-1,705	-1,707	-1,709	-1,710	-1,707	-1,706	-1,703	-0,055	-0,036	-0,026	-0,018	-0,012	-0,012	-0,013	-0,012	-0,010	-0,008	-0,006	-0,002	0,002	0,004	0,004	0,036	10,935
8,000	-5,067	-5,101	-5,102	-5,110	-5,101	-5,097	-5,097	-5,101	-5,091	-5,099	-5,099	-5,102	-5,104	-5,099	-5,098	-0,033	-0,025	-0,018	-0,004	0,004	0,002	0,003	0,000	-0,003	-0,005	-0,001	-0,001	-0,002	0,004	0,003	0,059	10,964
9,000	-2,075	-2,069	-2,085	-2,078	-2,068	-2,056	-2,059	-2,058	-2,049	-2,052	-2,044	-2,034	-2,020	-1,998	-1,975	0,006	-0,010	-0,004	0,019	0,019	0,015	0,020	0,018	0,022	0,027	0,032	0,041	0,042	0,047	0,036	0,048	12,832
10,000	-1,497	-1,505	-1,485	-1,455	-1,430	-1,411	-1,404	-1,396	-1,390	-1,393	-1,391	-1,393	-1,380	-1,371	-1,357	-0,013	0,028	0,033	0,054	0,053	0,045	0,037	0,032	0,022	0,022	0,019	0,024	0,024	0,025	0,021	0,052	13,513
11,000	-3,012	-3,013	-3,002	-2,983	-2,963	-2,950	-2,942	-2,937	-2,929	-2,927	-2,919	-2,914	-2,910	-2,900	-2,892	-0,004	0,013	0,024	0,039	0,041	0,034	0,034	0,032	0,028	0,025	0,026	0,024	0,024	0,022	0,014	0,039	13,367
12,000	-4,466	-4,500	-4,493	-4,497	-4,487	-4,481	-4,482	-4,478	-4,477	-4,481	-4,476	-4,471	-4,462	-4,441	-4,415	-0,045	-0,022	-0,009	0,008	0,011	0,009	0,010	0,009	0,010	0,013	0,023	0,029	0,038	0,043	0,036	0,065	12,795
13,000	-1,966	-1,981	-1,996	-1,995	-1,992	-1,985	-1,980	-1,982	-1,977	-1,977	-1,976	-1,974	-1,963	-1,946	-1,925	-0,035	-0,029	-0,024	0,003	0,005	0,005	0,009	0,010	0,011	0,013	0,021	0,025	0,031	0,034	0,028	0,044	11,638
14,000	-3,354	-3,285	-3,225	-3,172	-3,142	-3,127	-3,122	-3,115	-3,110	-3,111	-3,107	-3,099	-3,091	-3,074	-3,054	0,151	0,154	0,132	0,096	0,073	0,058	0,049	0,042	0,035	0,029	0,029	0,034	0,039	0,039	0,029	0,050	11,609
15,000	-2,266	-2,114	-2,062	-1,980	-1,957	-1,946	-1,940	-1,935	-1,929	-1,933	-1,932	-1,930	-1,924	-1,917	-1,912	0,278	0,228	0,188	0,118	0,082	0,058	0,046	0,037	0,028	0,023	0,018	0,018	0,018	0,017	0,013	0,051	12,092
	run	2	2022:11:15    09:47:33,691
0,000	-3,707	-3,746	-3,748	-3,771	-3,767	-3,771	-3,771	-3,773	-3,772	-3,777	-3,777	-3,775	-3,775	-3,764	-3,754	-0,052	-0,040	-0,033	-0,019	-0,013	-0,012	-0,008	-0,005	-0,003	-0,003	0,003	0,007	0,012	0,016	0,013	0,048	11,045
1,000	-4,186	-4,234	-4,240	-4,218	-4,190	-4,171	-4,161	-4,156	-4,148	-4,147	-4,137	-4,130	-4,123	-4,107	-4,090	-0,091	-0,048	-0,014	0,037	0,047	0,040	0,039	0,036	0,033	0,029	0,033	0,033	0,033	0,033	0,024	0,049	11,272
2,000	-2,722	-2,752	-2,766	-2,767	-2,751	-2,739	-2,727	-2,717	-2,706	-2,703	-2,691	-2,686	-2,678	-2,665	-2,656	-0,059	-0,038	-0,024	0,014	0,031	0,032	0,037	0,038	0,035	0,031	0,029	0,029	0,027	0,025	0,016	0,038	11,638
3,000	-5,510	-5,546	-5,556	-5,528	-5,496	-5,477	-5,467	-5,460	-5,457	-5,462	-5,459	-5,457	-5,453	-5,435	-5,419	-0,056	-0,030	-0,003	0,045	0,051	0,038	0,035	0,028	0,019	0,014	0,016	0,024	0,027	0,034	0,022	0,080	12,437
4,000	-3,062	-3,110	-3,122	-3,138	-3,124	-3,123	-3,119	-3,114	-3,111	-3,110	-3,103	-3,095	-3,084	-3,066	-3,041	-0,087	-0,058	-0,043	-0,009	0,003	0,007	0,012	0,015	0,018	0,022	0,030	0,036	0,040	0,042	0,032	0,041	12,268
5,000	-3,444	-3,503	-3,519	-3,542	-3,542	-3,541	-3,538	-3,539	-3,537	-3,538	-3,535	-3,529	-3,518	-3,497	-3,468	-0,125	-0,089	-0,068	-0,028	-0,014	-0,007	-0,000	-0,001	0,009	0,013	0,026	0,032	0,042	0,048	0,041	0,052	11,162
6,000	-2,134	-2,158	-2,170	-2,152	-2,135	-2,121	-2,116	-2,104	-2,097	-2,092	-2,087	-2,085	-2,084	-2,076	-2,071	-0,058	-0,037	-0,010	0,025	0,032	0,031	0,029	0,019	0,024	0,023	0,022	0,017	0,016	0,015	0,011	0,026	11,514
7,000	-1,649	-1,679	-1,678	-1,695	-1,693	-1,697	-1,699	-1,700	-1,705	-1,707	-1,709	-1,710	-1,707	-1,706	-1,703	-0,055	-0,036	-0,026	-0,018	-0,012	-0,012	-0,013	-0,012	-0,010	-0,008	-0,006	-0,002	0,002	0,004	0,004	0,036	10,935
8,000	-5,117	-5,145	-5,144	-5,151	-5,144	-5,140	-5,138	-5,135	-5,134	-5,138	-5,142	-5,142	-5,144	-5,141	-5,136	-0,033	-0,021	-0,015	0,004	0,004	0,004	0,001	0,001	0,001	-0,005	-0,002	0,007	-0,001	0,000	0,003	0,059	10,906
9,000	-2,198	-2,188	-2,198	-2,194	-2,183	-2,176	-2,179	-2,170	-2,167	-2,164	-2,151	-2,148	-2,134	-2,112	-2,090	0,008	-0,016	0,000	0,019	0,018	0,016	0,015	0,022	0,022	0,025	0,032	0,043	0,045	0,049	0,034	0,048	12,810
10,000	-1,496	-1,510	-1,484	-1,449	-1,421	-1,406	-1,395	-1,391	-1,385	-1,387	-1,383	-1,383	-1,375	-1,362	-1,350	-0,007	0,027	0,038	0,058	0,053	0,044	0,037	0,028	0,025	0,018	0,018	0,020	0,024	0,026	0,023	0,051	13,521
11,000	-3,009	-3,016	-2,998	-2,980	-2,962	-2,951	-2,943	-2,939	-2,932	-2,928	-2,922	-2,915	-2,910	-2,901	-2,894	-0,007	0,009	0,021	0,037	0,038	0,034	0,034	0,031	0,028	0,024	0,023	0,023	0,024	0,022	0,013	0,039	13,323
12,000	-4,408	-4,442	-4,436	-4,437	-4,424	-4,421	-4,419	-4,419	-4,419	-4,421	-4,416	-4,411	-4,402	-4,382	-4,356	-0,047	-0,021	-0,008	0,007	0,009	0,011	0,009	0,011	0,012	0,014	0,020	0,031	0,039	0,045	0,035	0,064	12,810
13,000	-1,937	-1,949	-1,965	-1,966	-1,956	-1,954	-1,949	-1,951	-1,945	-1,950	-1,949	-1,943	-1,927	-1,914	-1,897	-0,042	-0,032	-0,027	0,000	0,005	0,006	0,010	0,012	0,011	0,016	0,021	0,022	0,033	0,035	0,030	0,044	11,682
14,000	-3,307	-3,240	-3,181	-3,126	-3,100	-3,083	-3,077	-3,071	-3,068	-3,066	-3,063	-3,057	-3,050	-3,031	-3,012	0,149	0,153	0,134	0,094	0,075	0,057	0,047	0,039	0,033	0,031	0,030	0,032	0,035	0,040	0,030	0,049	11,602
15,000	-2,225	-2,067	-2,020	-1,940	-1,919	-1,908	-1,901	-1,900	-1,893	-1,896	-1,895	-1,893	-1,890	-1,882	-1,876	0,263	0,223	0,184	0,112	0,081	0,054	0,045	0,035	0,027	0,021	0,017	0,017	0,016	0,016	0,012	0,051	12,114
	run	3	2022:11:15    09:47:33,791
0,000	-3,682	-3,721	-3,723	-3,745	-3,743	-3,747	-3,748	-3,749	-3,748	-3,754	-3,753	-3,752	-3,750	-3,739	-3,730	-0,056	-0,044	-0,037	-0,018	-0,014	-0,010	-0,008	-0,006	-0,003	-0,005	0,002	0,008	0,012	0,018	0,014	0,048	11,118
1,000	-4,203	-4,251	-4,260	-4,234	-4,203	-4,186	-4,176	-4,170	-4,163	-4,160	-4,151	-4,144	-4,137	-4,122	-4,105	-0,088	-0,047	-0,015	0,042	0,049	0,038	0,039	0,036	0,033	0,030	0,031	0,034	0,034	0,035	0,026	0,048	11,287
2,000	-2,728	-2,764	-2,773	-2,777	-2,761	-2,747	-2,736	-2,726	-2,715	-2,709	-2,700	-2,693	-2,687	-2,677	-2,667	-0,058	-0,042	-0,021	0,015	0,030	0,035	0,036	0,037	0,037	0,033	0,032	0,031	0,029	0,026	0,017	0,037	11,653
3,000	-5,544	-5,573	-5,580	-5,555	-5,520	-5,500	-5,492	-5,488	-5,480	-5,486	-5,483	-5,483	-5,474	-5,461	-5,444	-0,048	-0,031	0,000	0,045	0,055	0,037	0,033	0,027	0,021	0,016	0,018	0,024	0,024	0,032	0,024	0,080	12,422
4,000	-3,035	-3,087	-3,095	-3,113	-3,104	-3,103	-3,099	-3,094	-3,092	-3,091	-3,084	-3,074	-3,065	-3,044	-3,023	-0,086	-0,057	-0,045	-0,013	0,002	0,003	0,013	0,014	0,016	0,022	0,029	0,034	0,039	0,045	0,034	0,040	12,217
5,000	-3,416	-3,484	-3,494	-3,517	-3,512	-3,512	-3,510	-3,512	-3,508	-3,511	-3,509	-3,502	-3,490	-3,468	-3,441	-0,126	-0,091	-0,067	-0,025	-0,013	-0,010	-0,000	0,002	0,006	0,014	0,022	0,033	0,041	0,049	0,041	0,052	11,155
6,000	-2,155	-2,178	-2,186	-2,174	-2,158	-2,142	-2,134	-2,127	-2,123	-2,118	-2,112	-2,106	-2,107	-2,096	-2,092	-0,063	-0,033	-0,010	0,022	0,030	0,031	0,031	0,027	0,023	0,021	0,020	0,021	0,017	0,018	0,013	0,026	11,543
7,000	-1,671	-1,704	-1,698	-1,717	-1,716	-1,714	-1,719	-1,723	-1,722	-1,724	-1,725	-1,726	-1,727	-1,722	-1,719	-0,053	-0,032	-0,023	-0,017	-0,010	-0,012	-0,010	-0,008	-0,009	-0,008	-0,004	-0,005	0,001	0,004	0,002	0,035	10,891
8,000	-5,199	-5,225	-5,225	-5,235	-5,220	-5,220	-5,220	-5,221	-5,216	-5,225	-5,224	-5,224	-5,227	-5,221	-5,219	-0,038	-0,030	-0,018	-0,002	0,003	0,004	0,001	0,001	-0,003	-0,003	-0,000	0,000	0,003	0,002	0,005	0,059	10,818
9,000	-2,216	-2,208	-2,218	-2,212	-2,203	-2,192	-2,189	-2,189	-2,182	-2,178	-2,173	-2,161	-2,149	-2,126	-2,102	0,011	-0,012	0,001	0,018	0,024	0,021	0,021	0,025	0,026	0,025	0,034	0,036	0,044	0,051	0,037	0,049	12,751
10,000	-1,510	-1,521	-1,502	-1,466	-1,437	-1,424	-1,413	-1,406	-1,399	-1,402	-1,401	-1,397	-1,393	-1,378	-1,368	-0,010	0,030	0,037	0,059	0,054	0,043	0,039	0,030	0,025	0,021	0,019	0,021	0,024	0,026	0,019	0,051	13,469
11,000	-3,026	-3,020	-3,015	-2,996	-2,977	-2,965	-2,959	-2,953	-2,945	-2,943	-2,934	-2,929	-2,925	-2,915	-2,908	-0,014	0,010	0,022	0,037	0,036	0,032	0,033	0,031	0,028	0,024	0,026	0,026	0,024	0,022	0,015	0,040	13,323
12,000	-4,422	-4,451	-4,445	-4,447	-4,437	-4,431	-4,428	-4,427	-4,425	-4,430	-4,428	-4,419	-4,409	-4,387	-4,364	-0,043	-0,020	-0,006	0,010	0,012	0,010	0,010	0,010	0,009	0,014	0,022	0,029	0,038	0,044	0,037	0,064	12,817
13,000	-1,916	-1,932	-1,945	-1,948	-1,941	-1,936	-1,933	-1,934	-1,928	-1,931	-1,929	-1,925	-1,911	-1,898	-1,883	-0,042	-0,034	-0,026	0,003	0,005	0,001	0,007	0,008	0,013	0,012	0,019	0,022	0,029	0,033	0,025	0,043	11,689
14,000	-3,243	-3,171	-3,112	-3,059	-3,029	-3,016	-3,009	-3,002	-2,998	-2,997	-2,993	-2,989	-2,979	-2,963	-2,945	0,149	0,151	0,132	0,096	0,074	0,055	0,047	0,040	0,034	0,029	0,027	0,031	0,035	0,035	0,027	0,048	11,631
15,000	-2,194	-2,046	-1,996	-1,918	-1,897	-1,884	-1,880	-1,877	-1,871	-1,875	-1,875	-1,873	-1,869	-1,861	-1,854	0,257	0,219	0,180	0,112	0,078	0,053	0,043	0,033	0,027	0,021	0,015	0,017	0,017	0,016	0,013	0,051	12,187
	run	4	2022:11:15    09:47:33,843
0,000	-3,682	-3,721	-3,723	-3,745	-3,743	-3,747	-3,748	-3,749	-3,748	-3,754	-3,753	-3,752	-3,750	-3,739	-3,730	-0,056	-0,044	-0,037	-0,018	-0,014	-0,010	-0,008	-0,006	-0,003	-0,005	0,002	0,008	0,012	0,018	0,014	0,048	11,118
1,000	-4,203	-4,251	-4,260	-4,234	-4,203	-4,186	-4,176	-4,170	-4,163	-4,160	-4,151	-4,144	-4,137	-4,122	-4,105	-0,088	-0,047	-0,015	0,042	0,049	0,038	0,039	0,036	0,033	0,030	0,031	0,034	0,034	0,035	0,026	0,048	11,287
2,000	-2,728	-2,764	-2,773	-2,777	-2,761	-2,747	-2,736	-2,726	-2,715	-2,709	-2,700	-2,693	-2,687	-2,677	-2,667	-0,058	-0,042	-0,021	0,015	0,030	0,035	0,036	0,037	0,037	0,033	0,032	0,031	0,029	0,026	0,017	0,037	11,653
3,000	-5,544	-5,573	-5,580	-5,555	-5,520	-5,500	-5,492	-5,488	-5,480	-5,486	-5,483	-5,483	-5,474	-5,461	-5,444	-0,048	-0,031	0,000	0,045	0,055	0,037	0,033	0,027	0,021	0,016	0,018	0,024	0,024	0,032	0,024	0,080	12,422
4,000	-3,035	-3,087	-3,095	-3,113	-3,104	-3,103	-3,099	-3,094	-3,092	-3,091	-3,084	-3,074	-3,065	-3,044	-3,023	-0,086	-0,057	-0,045	-0,013	0,002	0,003	0,013	0,014	0,016	0,022	0,029	0,034	0,039	0,045	0,034	0,040	12,217
5,000	-3,416	-3,484	-3,494	-3,517	-3,512	-3,512	-3,510	-3,512	-3,508	-3,511	-3,509	-3,502	-3,490	-3,468	-3,441	-0,126	-0,091	-0,067	-0,025	-0,013	-0,010	-0,000	0,002	0,006	0,014	0,022	0,033	0,041	0,049	0,041	0,052	11,155
6,000	-2,150	-2,180	-2,188	-2,171	-2,154	-2,140	-2,133	-2,126	-2,119	-2,119	-2,118	-2,112	-2,107	-2,101	-2,091	-0,060	-0,034	-0,011	0,025	0,031	0,029	0,029	0,031	0,021	0,022	0,022	0,024	0,017	0,014	0,012	0,026	11,572
7,000	-1,667	-1,697	-1,692	-1,706	-1,700	-1,704	-1,706	-1,707	-1,710	-1,713	-1,712	-1,716	-1,714	-1,710	-1,708	-0,054	-0,028	-0,022	-0,014	-0,007	-0,010	-0,007	-0,007	-0,009	-0,006	-0,006	0,000	0,001	0,003	0,004	0,036	10,891
8,000	-5,217	-5,250	-5,253	-5,264	-5,255	-5,252	-5,252	-5,251	-5,250	-5,257	-5,258	-5,256	-5,259	-5,252	-5,254	-0,040	-0,029	-0,021	-0,003	0,000	0,001	-0,001	-0,002	-0,003	-0,004	-0,005	-0,000	-0,001	0,003	0,001	0,059	10,789
9,000	-2,149	-2,131	-2,153	-2,135	-2,128	-2,122	-2,113	-2,114	-2,104	-2,101	-2,093	-2,086	-2,068	-2,054	-2,025	0,009	-0,006	0,009	0,021	0,027	0,019	0,023	0,023	0,023	0,028	0,033	0,039	0,048	0,049	0,036	0,047	12,671
10,000	-1,508	-1,514	-1,496	-1,462	-1,437	-1,419	-1,412	-1,401	-1,401	-1,401	-1,401	-1,399	-1,389	-1,379	-1,365	-0,009	0,024	0,033	0,056	0,053	0,043	0,038	0,032	0,025	0,020	0,018	0,019	0,026	0,027	0,020	0,051	13,418
11,000	-3,022	-3,020	-3,007	-2,990	-2,971	-2,959	-2,953	-2,945	-2,940	-2,936	-2,930	-2,924	-2,916	-2,908	-2,900	-0,007	0,010	0,023	0,038	0,037	0,035	0,034	0,031	0,029	0,025	0,024	0,025	0,024	0,022	0,014	0,040	13,337
12,000	-4,418	-4,452	-4,447	-4,448	-4,435	-4,432	-4,431	-4,429	-4,429	-4,430	-4,428	-4,422	-4,410	-4,390	-4,366	-0,047	-0,025	-0,009	0,008	0,010	0,009	0,009	0,008	0,010	0,015	0,022	0,030	0,039	0,045	0,034	0,064	12,803
13,000	-1,939	-1,955	-1,967	-1,971	-1,964	-1,958	-1,955	-1,951	-1,947	-1,952	-1,947	-1,944	-1,934	-1,920	-1,902	-0,043	-0,031	-0,024	0,001	0,003	0,006	0,009	0,011	0,010	0,016	0,018	0,021	0,033	0,036	0,030	0,044	11,660
14,000	-3,230	-3,157	-3,096	-3,043	-3,013	-3,001	-2,996	-2,990	-2,984	-2,983	-2,979	-2,974	-2,966	-2,950	-2,931	0,146	0,154	0,132	0,095	0,074	0,056	0,048	0,039	0,032	0,028	0,029	0,032	0,034	0,038	0,027	0,048	11,653
15,000	-2,210	-2,059	-2,011	-1,930	-1,908	-1,896	-1,890	-1,887	-1,883	-1,887	-1,884	-1,883	-1,879	-1,871	-1,865	0,264	0,223	0,182	0,113	0,080	0,053	0,044	0,034	0,026	0,022	0,017	0,014	0,016	0,016	0,012	0,051	12,187
	run	5	2022:11:15    09:47:33,943
0,000	-3,744	-3,778	-3,786	-3,808	-3,805	-3,806	-3,809	-3,809	-3,811	-3,816	-3,814	-3,815	-3,810	-3,801	-3,793	-0,050	-0,043	-0,039	-0,020	-0,014	-0,013	-0,011	-0,004	-0,004	-0,003	0,001	0,008	0,012	0,017	0,014	0,047	10,994
1,000	-4,175	-4,229	-4,233	-4,214	-4,184	-4,162	-4,156	-4,147	-4,139	-4,138	-4,130	-4,123	-4,116	-4,101	-4,085	-0,088	-0,045	-0,013	0,036	0,045	0,037	0,039	0,034	0,034	0,029	0,031	0,032	0,032	0,033	0,024	0,047	11,243
2,000	-2,677	-2,708	-2,719	-2,722	-2,708	-2,691	-2,682	-2,674	-2,660	-2,655	-2,647	-2,640	-2,634	-2,622	-2,616	-0,055	-0,037	-0,022	0,012	0,029	0,032	0,036	0,036	0,036	0,033	0,030	0,027	0,025	0,027	0,016	0,038	11,667
3,000	-5,425	-5,460	-5,477	-5,451	-5,417	-5,401	-5,396	-5,389	-5,383	-5,391	-5,385	-5,382	-5,375	-5,365	-5,346	-0,054	-0,035	-0,007	0,039	0,044	0,035	0,032	0,025	0,019	0,017	0,017	0,023	0,028	0,031	0,022	0,079	12,480
4,000	-3,020	-3,068	-3,074	-3,088	-3,082	-3,078	-3,072	-3,070	-3,064	-3,063	-3,057	-3,049	-3,036	-3,017	-2,995	-0,085	-0,061	-0,042	-0,010	0,003	0,007	0,012	0,016	0,017	0,022	0,028	0,034	0,042	0,044	0,034	0,042	12,327
5,000	-3,421	-3,476	-3,495	-3,514	-3,514	-3,513	-3,512	-3,512	-3,511	-3,511	-3,509	-3,503	-3,491	-3,468	-3,442	-0,124	-0,092	-0,067	-0,029	-0,014	-0,005	-0,001	0,001	0,006	0,011	0,020	0,031	0,042	0,048	0,040	0,052	11,221
6,000	-2,138	-2,170	-2,178	-2,165	-2,144	-2,134	-2,125	-2,114	-2,110	-2,110	-2,101	-2,096	-2,094	-2,087	-2,080	-0,061	-0,032	-0,010	0,020	0,037	0,031	0,032	0,025	0,025	0,017	0,019	0,020	0,022	0,017	0,011	0,027	11,543
7,000	-1,648	-1,685	-1,677	-1,694	-1,692	-1,691	-1,694	-1,696	-1,698	-1,702	-1,704	-1,703	-1,702	-1,699	-1,698	-0,054	-0,030	-0,026	-0,014	-0,012	-0,010	-0,011	-0,010	-0,006	-0,006	-0,004	-0,002	0,003	0,005	0,002	0,035	10,898
8,000	-5,155	-5,189	-5,188	-5,197	-5,184	-5,184	-5,186	-5,181	-5,178	-5,187	-5,187	-5,186	-5,188	-5,183	-5,183	-0,036	-0,029	-0,017	-0,004	0,004	-0,001	0,000	0,002	-0,002	-0,004	-0,001	0,000	-0,005	0,003	0,002	0,059	10,862
9,000	-2,176	-2,164	-2,181	-2,167	-2,161	-2,152	-2,148	-2,150	-2,137	-2,139	-2,133	-2,119	-2,108	-2,084	-2,058	0,003	-0,006	0,000	0,016	0,023	0,020	0,022	0,023	0,028	0,027	0,033	0,043	0,047	0,050	0,038	0,048	12,737
10,000	-1,521	-1,529	-1,506	-1,470	-1,443	-1,424	-1,416	-1,408	-1,402	-1,404	-1,401	-1,400	-1,393	-1,381	-1,369	-0,006	0,032	0,041	0,060	0,054	0,045	0,038	0,034	0,025	0,021	0,019	0,019	0,026	0,026	0,023	0,051	13,462
11,000	-3,041	-3,036	-3,024	-3,005	-2,986	-2,973	-2,967	-2,961	-2,955	-2,950	-2,944	-2,937	-2,930	-2,922	-2,914	-0,001	0,013	0,026	0,039	0,039	0,036	0,033	0,031	0,029	0,025	0,025	0,024	0,022	0,022	0,013	0,040	13,323
12,000	-4,487	-4,525	-4,518	-4,523	-4,511	-4,508	-4,508	-4,505	-4,504	-4,507	-4,505	-4,498	-4,489	-4,467	-4,441	-0,048	-0,027	-0,012	0,004	0,010	0,008	0,009	0,008	0,011	0,013	0,023	0,031	0,040	0,044	0,034	0,065	12,751
13,000	-1,958	-1,971	-1,990	-1,988	-1,979	-1,979	-1,974	-1,972	-1,968	-1,969	-1,971	-1,963	-1,952	-1,935	-1,920	-0,041	-0,030	-0,021	0,002	0,007	0,006	0,010	0,014	0,015	0,016	0,022	0,026	0,031	0,034	0,028	0,043	11,616
14,000	-3,336	-3,265	-3,209	-3,150	-3,124	-3,109	-3,102	-3,096	-3,091	-3,092	-3,087	-3,082	-3,074	-3,056	-3,037	0,148	0,156	0,136	0,094	0,075	0,057	0,049	0,041	0,034	0,030	0,028	0,031	0,037	0,038	0,029	0,048	11,565
15,000	-2,255	-2,099	-2,048	-1,968	-1,948	-1,935	-1,927	-1,925	-1,918	-1,920	-1,921	-1,919	-1,915	-1,907	-1,901	0,267	0,224	0,187	0,115	0,081	0,056	0,046	0,035	0,027	0,021	0,018	0,018	0,018	0,016	0,012	0,051	12,092
	run	6	2022:11:15    09:47:34,042
0,000	-3,781	-3,819	-3,821	-3,843	-3,841	-3,842	-3,846	-3,846	-3,846	-3,853	-3,852	-3,851	-3,848	-3,837	-3,825	-0,051	-0,042	-0,034	-0,020	-0,013	-0,011	-0,010	-0,008	-0,006	-0,004	0,003	0,007	0,013	0,017	0,014	0,048	10,957
1,000	-4,236	-4,279	-4,288	-4,263	-4,231	-4,210	-4,202	-4,196	-4,186	-4,185	-4,178	-4,171	-4,163	-4,148	-4,131	-0,087	-0,044	-0,013	0,041	0,046	0,041	0,041	0,036	0,035	0,030	0,030	0,034	0,034	0,035	0,026	0,047	11,177
2,000	-2,704	-2,733	-2,743	-2,748	-2,731	-2,717	-2,707	-2,697	-2,687	-2,682	-2,674	-2,667	-2,661	-2,648	-2,640	-0,060	-0,042	-0,023	0,014	0,029	0,033	0,038	0,036	0,034	0,031	0,032	0,029	0,027	0,026	0,017	0,038	11,631
3,000	-5,460	-5,496	-5,508	-5,487	-5,455	-5,434	-5,428	-5,424	-5,418	-5,423	-5,420	-5,418	-5,411	-5,398	-5,381	-0,054	-0,032	-0,005	0,043	0,048	0,035	0,030	0,024	0,016	0,017	0,019	0,018	0,026	0,033	0,021	0,079	12,451
4,000	-2,985	-3,033	-3,045	-3,058	-3,050	-3,048	-3,044	-3,041	-3,033	-3,033	-3,025	-3,017	-3,007	-2,987	-2,966	-0,082	-0,055	-0,042	-0,009	0,004	0,008	0,014	0,015	0,021	0,021	0,026	0,036	0,037	0,043	0,030	0,039	12,290
5,000	-3,348	-3,400	-3,419	-3,440	-3,438	-3,434	-3,436	-3,434	-3,440	-3,435	-3,434	-3,428	-3,416	-3,395	-3,367	-0,123	-0,086	-0,068	-0,028	-0,015	-0,004	-0,003	0,001	0,003	0,012	0,023	0,032	0,041	0,048	0,038	0,051	11,235
6,000	-2,074	-2,105	-2,108	-2,103	-2,086	-2,071	-2,066	-2,058	-2,049	-2,054	-2,041	-2,039	-2,037	-2,026	-2,025	-0,063	-0,035	-0,017	0,025	0,032	0,026	0,034	0,028	0,020	0,019	0,020	0,021	0,010	0,014	0,012	0,029	11,631
7,000	-1,580	-1,616	-1,616	-1,631	-1,630	-1,632	-1,635	-1,635	-1,641	-1,643	-1,645	-1,644	-1,645	-1,642	-1,640	-0,053	-0,037	-0,031	-0,016	-0,015	-0,013	-0,012	-0,009	-0,007	-0,007	-0,005	-0,003	0,000	0,002	0,004	0,034	11,008
8,000	-5,111	-5,136	-5,132	-5,139	-5,129	-5,124	-5,122	-5,124	-5,121	-5,127	-5,129	-5,126	-5,122	-5,119	-5,122	-0,033	-0,023	-0,015	0,003	0,006	0,004	0,003	-0,000	0,002	-0,003	-0,001	0,002	-0,000	0,004	-0,001	0,059	10,942
9,000	-2,191	-2,195	-2,207	-2,196	-2,188	-2,187	-2,184	-2,176	-2,179	-2,174	-2,169	-2,159	-2,144	-2,122	-2,098	-0,001	-0,012	-0,006	0,011	0,016	0,016	0,020	0,022	0,024	0,025	0,031	0,038	0,045	0,047	0,040	0,050	12,883
10,000	-1,498	-1,512	-1,490	-1,454	-1,427	-1,411	-1,400	-1,396	-1,387	-1,390	-1,388	-1,388	-1,379	-1,366	-1,353	-0,010	0,027	0,037	0,060	0,056	0,044	0,040	0,030	0,026	0,021	0,023	0,021	0,027	0,027	0,020	0,051	13,572
11,000	-3,058	-3,053	-3,041	-3,021	-3,004	-2,992	-2,984	-2,978	-2,970	-2,968	-2,961	-2,955	-2,950	-2,939	-2,930	-0,006	0,014	0,022	0,039	0,037	0,034	0,033	0,029	0,029	0,027	0,026	0,026	0,023	0,022	0,016	0,040	13,315
12,000	-4,519	-4,552	-4,545	-4,549	-4,534	-4,531	-4,531	-4,531	-4,528	-4,531	-4,528	-4,522	-4,513	-4,490	-4,465	-0,042	-0,021	-0,012	0,008	0,011	0,008	0,010	0,008	0,010	0,013	0,022	0,029	0,039	0,044	0,038	0,066	12,773
13,000	-1,979	-1,993	-2,008	-2,010	-2,004	-1,996	-1,992	-1,992	-1,984	-1,988	-1,987	-1,984	-1,972	-1,960	-1,937	-0,036	-0,030	-0,023	0,003	0,007	0,005	0,011	0,011	0,012	0,015	0,017	0,025	0,030	0,034	0,029	0,044	11,609
14,000	-3,407	-3,338	-3,281	-3,222	-3,193	-3,178	-3,169	-3,164	-3,159	-3,160	-3,156	-3,150	-3,142	-3,123	-3,105	0,158	0,157	0,141	0,098	0,077	0,059	0,050	0,041	0,036	0,030	0,031	0,033	0,037	0,039	0,029	0,049	11,484
15,000	-2,286	-2,129	-2,080	-1,997	-1,973	-1,961	-1,955	-1,951	-1,945	-1,949	-1,945	-1,945	-1,941	-1,934	-1,926	0,276	0,231	0,189	0,118	0,083	0,056	0,048	0,036	0,029	0,024	0,019	0,017	0,016	0,017	0,014	0,051	12,034
	run	7	2022:11:15    09:47:34,091
0,000	-3,829	-3,864	-3,871	-3,893	-3,888	-3,893	-3,894	-3,897	-3,896	-3,902	-3,902	-3,902	-3,897	-3,887	-3,878	-0,055	-0,043	-0,035	-0,021	-0,013	-0,014	-0,009	-0,004	-0,003	-0,004	0,001	0,008	0,013	0,019	0,015	0,049	10,957
1,000	-4,289	-4,336	-4,340	-4,315	-4,281	-4,261	-4,251	-4,243	-4,232	-4,231	-4,223	-4,217	-4,207	-4,190	-4,176	-0,085	-0,045	-0,009	0,045	0,052	0,045	0,046	0,041	0,037	0,032	0,035	0,035	0,035	0,035	0,025	0,049	11,162
2,000	-2,704	-2,733	-2,743	-2,748	-2,731	-2,717	-2,707	-2,697	-2,687	-2,682	-2,674	-2,667	-2,661	-2,648	-2,640	-0,060	-0,042	-0,023	0,014	0,029	0,033	0,038	0,036	0,034	0,031	0,032	0,029	0,027	0,026	0,017	0,038	11,631
3,000	-5,460	-5,496	-5,508	-5,487	-5,455	-5,434	-5,428	-5,424	-5,418	-5,423	-5,420	-5,418	-5,411	-5,398	-5,381	-0,054	-0,032	-0,005	0,043	0,048	0,035	0,030	0,024	0,016	0,017	0,019	0,018	0,026	0,033	0,021	0,079	12,451
4,000	-2,985	-3,033	-3,045	-3,058	-3,050	-3,048	-3,044	-3,041	-3,033	-3,033	-3,025	-3,017	-3,007	-2,987	-2,966	-0,082	-0,055	-0,042	-0,009	0,004	0,008	0,014	0,015	0,021	0,021	0,026	0,036	0,037	0,043	0,030	0,039	12,290
5,000	-3,348	-3,400	-3,419	-3,440	-3,438	-3,434	-3,436	-3,434	-3,440	-3,435	-3,434	-3,428	-3,416	-3,395	-3,367	-0,123	-0,086	-0,068	-0,028	-0,015	-0,004	-0,003	0,001	0,003	0,012	0,023	0,032	0,041	0,048	0,038	0,051	11,235
6,000	-2,074	-2,105	-2,108	-2,103	-2,086	-2,071	-2,066	-2,058	-2,049	-2,054	-2,041	-2,039	-2,037	-2,026	-2,025	-0,063	-0,035	-0,017	0,025	0,032	0,026	0,034	0,028	0,020	0,019	0,020	0,021	0,010	0,014	0,012	0,029	11,631
7,000	-1,580	-1,616	-1,616	-1,631	-1,630	-1,632	-1,635	-1,635	-1,641	-1,643	-1,645	-1,644	-1,645	-1,642	-1,640	-0,053	-0,037	-0,031	-0,016	-0,015	-0,013	-0,012	-0,009	-0,007	-0,007	-0,005	-0,003	0,000	0,002	0,004	0,034	11,008
8,000	-5,085	-5,112	-5,111	-5,119	-5,108	-5,105	-5,101	-5,101	-5,101	-5,111	-5,107	-5,109	-5,111	-5,107	-5,104	-0,035	-0,024	-0,016	-0,003	0,005	0,001	-0,000	0,001	0,002	-0,003	-0,004	-0,001	-0,002	0,005	0,001	0,060	10,957
9,000	-2,054	-2,041	-2,061	-2,053	-2,045	-2,038	-2,033	-2,030	-2,027	-2,028	-2,021	-2,013	-2,001	-1,982	-1,952	0,001	-0,008	-0,008	0,012	0,019	0,015	0,015	0,023	0,020	0,026	0,028	0,043	0,041	0,043	0,032	0,050	12,847
10,000	-1,517	-1,518	-1,500	-1,465	-1,438	-1,425	-1,417	-1,412	-1,404	-1,406	-1,403	-1,402	-1,394	-1,385	-1,366	-0,016	0,022	0,030	0,055	0,051	0,042	0,039	0,031	0,026	0,023	0,021	0,023	0,026	0,032	0,017	0,053	13,513
11,000	-3,034	-3,035	-3,022	-3,001	-2,982	-2,971	-2,965	-2,959	-2,952	-2,947	-2,941	-2,937	-2,930	-2,921	-2,913	-0,005	0,015	0,021	0,040	0,038	0,033	0,033	0,031	0,028	0,024	0,028	0,026	0,023	0,024	0,014	0,040	13,359
12,000	-4,508	-4,545	-4,540	-4,541	-4,529	-4,525	-4,525	-4,523	-4,521	-4,523	-4,520	-4,515	-4,503	-4,483	-4,458	-0,044	-0,024	-0,012	0,008	0,012	0,010	0,010	0,010	0,011	0,013	0,021	0,029	0,038	0,045	0,038	0,065	12,773
13,000	-1,988	-2,006	-2,019	-2,014	-2,013	-2,009	-2,002	-2,005	-1,997	-1,995	-1,997	-1,991	-1,981	-1,969	-1,946	-0,041	-0,029	-0,021	0,004	0,006	0,005	0,008	0,013	0,015	0,015	0,022	0,025	0,031	0,036	0,029	0,044	11,624
14,000	-3,393	-3,318	-3,261	-3,203	-3,174	-3,160	-3,151	-3,147	-3,143	-3,140	-3,137	-3,131	-3,124	-3,104	-3,085	0,159	0,158	0,136	0,100	0,077	0,058	0,049	0,042	0,034	0,030	0,030	0,034	0,037	0,039	0,030	0,049	11,536
15,000	-2,282	-2,129	-2,076	-1,994	-1,968	-1,959	-1,951	-1,948	-1,943	-1,944	-1,945	-1,941	-1,937	-1,930	-1,924	0,278	0,234	0,189	0,119	0,083	0,058	0,049	0,038	0,028	0,024	0,018	0,018	0,018	0,016	0,012	0,051	12,070
	run	8	2022:11:15    09:47:34,190
0,000	-3,805	-3,846	-3,848	-3,873	-3,867	-3,872	-3,875	-3,876	-3,877	-3,883	-3,881	-3,881	-3,879	-3,867	-3,856	-0,055	-0,041	-0,034	-0,021	-0,015	-0,013	-0,010	-0,008	-0,006	-0,005	0,001	0,007	0,013	0,016	0,015	0,049	10,972
1,000	-4,288	-4,334	-4,340	-4,313	-4,280	-4,260	-4,249	-4,241	-4,231	-4,228	-4,221	-4,215	-4,207	-4,189	-4,174	-0,085	-0,044	-0,007	0,049	0,056	0,047	0,045	0,041	0,037	0,031	0,034	0,033	0,036	0,034	0,025	0,051	11,162
2,000	-2,762	-2,795	-2,803	-2,804	-2,789	-2,774	-2,762	-2,753	-2,743	-2,734	-2,724	-2,718	-2,712	-2,700	-2,690	-0,056	-0,036	-0,020	0,016	0,031	0,036	0,041	0,039	0,036	0,032	0,032	0,032	0,028	0,025	0,020	0,042	11,580
3,000	-5,520	-5,559	-5,566	-5,538	-5,505	-5,486	-5,475	-5,470	-5,466	-5,471	-5,470	-5,467	-5,461	-5,448	-5,431	-0,055	-0,027	0,000	0,045	0,049	0,042	0,034	0,028	0,018	0,016	0,018	0,024	0,029	0,031	0,024	0,080	12,385
4,000	-3,044	-3,093	-3,101	-3,117	-3,106	-3,102	-3,102	-3,100	-3,093	-3,092	-3,083	-3,079	-3,067	-3,048	-3,023	-0,087	-0,060	-0,043	-0,009	-0,000	0,006	0,012	0,017	0,020	0,023	0,024	0,036	0,042	0,045	0,033	0,042	12,231
5,000	-3,389	-3,457	-3,469	-3,489	-3,487	-3,484	-3,486	-3,485	-3,483	-3,484	-3,482	-3,476	-3,465	-3,442	-3,414	-0,126	-0,088	-0,069	-0,029	-0,016	-0,004	-0,002	0,000	0,009	0,013	0,023	0,032	0,041	0,048	0,040	0,051	11,184
6,000	-2,083	-2,101	-2,113	-2,104	-2,084	-2,069	-2,061	-2,059	-2,046	-2,045	-2,044	-2,038	-2,037	-2,025	-2,026	-0,064	-0,037	-0,012	0,021	0,034	0,027	0,029	0,024	0,028	0,024	0,019	0,020	0,012	0,012	0,009	0,028	11,624
7,000	-1,600	-1,636	-1,633	-1,649	-1,648	-1,655	-1,654	-1,656	-1,660	-1,666	-1,665	-1,668	-1,667	-1,662	-1,661	-0,052	-0,038	-0,032	-0,018	-0,017	-0,015	-0,012	-0,011	-0,010	-0,008	-0,002	-0,003	0,001	0,004	0,004	0,034	11,001
8,000	-5,071	-5,103	-5,104	-5,116	-5,102	-5,099	-5,096	-5,096	-5,086	-5,100	-5,100	-5,102	-5,101	-5,098	-5,094	-0,038	-0,024	-0,018	0,000	0,002	0,005	0,001	0,002	-0,002	-0,002	-0,002	0,001	-0,000	0,001	0,001	0,059	10,979
9,000	-2,089	-2,079	-2,088	-2,086	-2,079	-2,076	-2,069	-2,065	-2,059	-2,065	-2,058	-2,041	-2,034	-2,015	-1,993	0,004	-0,018	-0,006	0,012	0,014	0,012	0,019	0,018	0,020	0,024	0,031	0,043	0,040	0,047	0,037	0,048	12,876
10,000	-1,504	-1,513	-1,495	-1,461	-1,436	-1,421	-1,412	-1,403	-1,399	-1,399	-1,401	-1,397	-1,390	-1,377	-1,366	-0,012	0,024	0,032	0,053	0,050	0,039	0,037	0,029	0,024	0,021	0,020	0,018	0,025	0,027	0,022	0,051	13,550
11,000	-3,028	-3,020	-3,010	-2,990	-2,972	-2,959	-2,952	-2,947	-2,938	-2,937	-2,931	-2,924	-2,918	-2,908	-2,900	-0,007	0,011	0,019	0,035	0,038	0,034	0,033	0,030	0,027	0,025	0,026	0,025	0,024	0,022	0,015	0,040	13,374
12,000	-4,466	-4,496	-4,496	-4,497	-4,482	-4,479	-4,478	-4,476	-4,476	-4,479	-4,475	-4,470	-4,459	-4,438	-4,413	-0,046	-0,020	-0,011	0,009	0,011	0,010	0,008	0,010	0,011	0,014	0,023	0,030	0,038	0,044	0,038	0,065	12,803
13,000	-1,964	-1,973	-1,993	-1,990	-1,983	-1,980	-1,975	-1,975	-1,972	-1,974	-1,966	-1,962	-1,957	-1,938	-1,921	-0,044	-0,030	-0,024	0,002	0,006	0,006	0,009	0,008	0,010	0,013	0,018	0,027	0,035	0,033	0,031	0,043	11,631
14,000	-3,347	-3,271	-3,213	-3,156	-3,126	-3,112	-3,107	-3,101	-3,094	-3,096	-3,093	-3,086	-3,077	-3,060	-3,041	0,155	0,156	0,135	0,096	0,076	0,057	0,047	0,042	0,032	0,030	0,031	0,034	0,035	0,039	0,028	0,048	11,580
15,000	-2,278	-2,121	-2,069	-1,988	-1,966	-1,953	-1,947	-1,944	-1,937	-1,940	-1,940	-1,939	-1,933	-1,926	-1,920	0,275	0,227	0,188	0,117	0,083	0,056	0,048	0,037	0,028	0,021	0,018	0,017	0,017	0,016	0,014	0,051	12,100
	run	9	2022:11:15    09:47:34,243
0,000	-3,805	-3,846	-3,848	-3,873	-3,867	-3,872	-3,875	-3,876	-3,877	-3,883	-3,881	-3,881	-3,879	-3,867	-3,856	-0,055	-0,041	-0,034	-0,021	-0,015	-0,013	-0,010	-0,008	-0,006	-0,005	0,001	0,007	0,013	0,016	0,015	0,049	10,972
1,000	-4,288	-4,334	-4,340	-4,313	-4,280	-4,260	-4,249	-4,241	-4,231	-4,228	-4,221	-4,215	-4,207	-4,189	-4,174	-0,085	-0,044	-0,007	0,049	0,056	0,047	0,045	0,041	0,037	0,031	0,034	0,033	0,036	0,034	0,025	0,051	11,162
2,000	-2,762	-2,795	-2,803	-2,804	-2,789	-2,774	-2,762	-2,753	-2,743	-2,734	-2,724	-2,718	-2,712	-2,700	-2,690	-0,056	-0,036	-0,020	0,016	0,031	0,036	0,041	0,039	0,036	0,032	0,032	0,032	0,028	0,025	0,020	0,042	11,580
3,000	-5,520	-5,559	-5,566	-5,538	-5,505	-5,486	-5,475	-5,470	-5,466	-5,471	-5,470	-5,467	-5,461	-5,448	-5,431	-0,055	-0,027	0,000	0,045	0,049	0,042	0,034	0,028	0,018	0,016	0,018	0,024	0,029	0,031	0,024	0,080	12,385
4,000	-3,044	-3,093	-3,101	-3,117	-3,106	-3,102	-3,102	-3,100	-3,093	-3,092	-3,083	-3,079	-3,067	-3,048	-3,023	-0,087	-0,060	-0,043	-0,009	-0,000	0,006	0,012	0,017	0,020	0,023	0,024	0,036	0,042	0,045	0,033	0,042	12,231
5,000	-3,389	-3,457	-3,469	-3,489	-3,487	-3,484	-3,486	-3,485	-3,483	-3,484	-3,482	-3,476	-3,465	-3,442	-3,414	-0,126	-0,088	-0,069	-0,029	-0,016	-0,004	-0,002	0,000	0,009	0,013	0,023	0,032	0,041	0,048	0,040	0,051	11,184
6,000	-2,121	-2,156	-2,151	-2,141	-2,128	-2,113	-2,101	-2,096	-2,090	-2,092	-2,088	-2,078	-2,079	-2,072	-2,062	-0,065	-0,038	-0,013	0,022	0,032	0,030	0,028	0,032	0,015	0,015	0,024	0,020	0,008	0,011	0,008	0,029	11,572
7,000	-1,615	-1,642	-1,644	-1,660	-1,660	-1,662	-1,666	-1,668	-1,667	-1,671	-1,673	-1,674	-1,673	-1,671	-1,670	-0,053	-0,034	-0,026	-0,017	-0,015	-0,013	-0,010	-0,012	-0,010	-0,008	-0,004	-0,002	0,001	0,003	0,003	0,033	10,950
8,000	-5,122	-5,153	-5,149	-5,164	-5,150	-5,147	-5,144	-5,145	-5,147	-5,148	-5,146	-5,147	-5,151	-5,145	-5,145	-0,034	-0,024	-0,016	0,002	0,004	-0,002	0,002	0,002	-0,001	0,000	0,003	-0,003	-0,002	0,004	0,003	0,058	10,913
9,000	-2,117	-2,112	-2,126	-2,120	-2,110	-2,103	-2,103	-2,099	-2,097	-2,094	-2,088	-2,079	-2,063	-2,044	-2,019	0,002	-0,017	0,002	0,009	0,018	0,016	0,020	0,020	0,021	0,020	0,029	0,039	0,041	0,053	0,037	0,049	12,854
10,000	-1,494	-1,503	-1,476	-1,448	-1,419	-1,405	-1,394	-1,389	-1,385	-1,383	-1,383	-1,383	-1,371	-1,361	-1,350	-0,011	0,022	0,034	0,058	0,052	0,042	0,039	0,030	0,025	0,021	0,021	0,019	0,026	0,026	0,020	0,051	13,542
11,000	-3,006	-3,004	-2,990	-2,975	-2,952	-2,942	-2,935	-2,930	-2,917	-2,919	-2,911	-2,907	-2,902	-2,889	-2,882	-0,009	0,008	0,021	0,039	0,038	0,034	0,032	0,031	0,029	0,025	0,025	0,024	0,024	0,023	0,014	0,040	13,345
12,000	-4,416	-4,448	-4,440	-4,441	-4,431	-4,425	-4,424	-4,424	-4,420	-4,426	-4,419	-4,416	-4,407	-4,384	-4,360	-0,044	-0,020	-0,010	0,008	0,012	0,009	0,010	0,008	0,012	0,011	0,022	0,030	0,037	0,044	0,036	0,064	12,817
13,000	-1,927	-1,944	-1,966	-1,961	-1,957	-1,952	-1,947	-1,948	-1,939	-1,942	-1,941	-1,933	-1,927	-1,913	-1,895	-0,040	-0,033	-0,027	0,001	0,006	0,004	0,007	0,013	0,017	0,015	0,022	0,024	0,030	0,032	0,029	0,043	11,682
14,000	-3,302	-3,233	-3,174	-3,122	-3,094	-3,079	-3,073	-3,068	-3,060	-3,062	-3,058	-3,053	-3,046	-3,026	-3,007	0,145	0,147	0,132	0,094	0,074	0,057	0,047	0,041	0,033	0,028	0,028	0,032	0,036	0,037	0,028	0,048	11,631
15,000	-2,264	-2,109	-2,060	-1,978	-1,954	-1,943	-1,936	-1,934	-1,928	-1,928	-1,928	-1,927	-1,922	-1,916	-1,909	0,267	0,225	0,185	0,116	0,081	0,057	0,047	0,037	0,027	0,023	0,017	0,017	0,018	0,017	0,013	0,051	12,122
	run	10	2022:11:15    09:47:34,343
0,000	-3,766	-3,805	-3,809	-3,832	-3,829	-3,833	-3,833	-3,834	-3,834	-3,839	-3,841	-3,837	-3,835	-3,825	-3,815	-0,054	-0,044	-0,038	-0,019	-0,014	-0,012	-0,010	-0,007	-0,004	-0,004	0,002	0,007	0,013	0,017	0,014	0,048	11,016
1,000	-4,230	-4,279	-4,286	-4,260	-4,227	-4,211	-4,200	-4,192	-4,183	-4,182	-4,175	-4,166	-4,160	-4,142	-4,128	-0,086	-0,043	-0,011	0,041	0,048	0,045	0,043	0,039	0,035	0,030	0,033	0,034	0,034	0,033	0,024	0,049	11,213
2,000	-2,736	-2,763	-2,770	-2,774	-2,759	-2,744	-2,733	-2,723	-2,713	-2,706	-2,698	-2,692	-2,686	-2,673	-2,663	-0,052	-0,040	-0,020	0,016	0,033	0,034	0,039	0,038	0,037	0,033	0,030	0,031	0,028	0,027	0,017	0,039	11,624
3,000	-5,572	-5,609	-5,617	-5,589	-5,554	-5,531	-5,525	-5,522	-5,511	-5,519	-5,516	-5,515	-5,507	-5,491	-5,473	-0,055	-0,029	-0,001	0,049	0,051	0,044	0,035	0,030	0,022	0,017	0,018	0,023	0,030	0,035	0,025	0,080	12,407
4,000	-3,062	-3,110	-3,117	-3,134	-3,129	-3,122	-3,122	-3,118	-3,114	-3,111	-3,101	-3,100	-3,086	-3,062	-3,042	-0,087	-0,063	-0,043	-0,008	-0,001	0,008	0,012	0,014	0,020	0,023	0,030	0,038	0,042	0,045	0,035	0,043	12,246
5,000	-3,467	-3,527	-3,544	-3,563	-3,562	-3,563	-3,558	-3,562	-3,558	-3,561	-3,559	-3,551	-3,537	-3,518	-3,489	-0,126	-0,092	-0,067	-0,029	-0,013	-0,008	-0,001	-0,001	0,008	0,012	0,022	0,032	0,042	0,050	0,042	0,052	11,133
6,000	-2,145	-2,172	-2,180	-2,164	-2,139	-2,128	-2,123	-2,113	-2,106	-2,106	-2,107	-2,096	-2,090	-2,088	-2,083	-0,060	-0,033	-0,011	0,026	0,035	0,030	0,028	0,028	0,028	0,021	0,020	0,016	0,014	0,013	0,007	0,029	11,499
7,000	-1,641	-1,674	-1,671	-1,684	-1,684	-1,686	-1,690	-1,692	-1,692	-1,697	-1,697	-1,698	-1,700	-1,697	-1,692	-0,050	-0,031	-0,029	-0,017	-0,015	-0,013	-0,012	-0,010	-0,008	-0,008	-0,005	-0,000	0,001	0,003	0,003	0,034	10,884
8,000	-5,123	-5,150	-5,153	-5,160	-5,152	-5,147	-5,145	-5,145	-5,144	-5,149	-5,152	-5,144	-5,152	-5,149	-5,147	-0,038	-0,028	-0,016	-0,006	0,004	0,001	0,002	-0,000	0,008	-0,004	-0,006	0,001	-0,002	0,005	0,002	0,058	10,884
9,000	-2,115	-2,113	-2,120	-2,123	-2,110	-2,105	-2,097	-2,093	-2,089	-2,088	-2,085	-2,066	-2,060	-2,040	-2,010	0,000	-0,012	-0,001	0,016	0,018	0,018	0,021	0,019	0,028	0,029	0,029	0,039	0,043	0,047	0,040	0,049	12,781
10,000	-1,493	-1,500	-1,483	-1,449	-1,422	-1,408	-1,398	-1,392	-1,387	-1,386	-1,389	-1,385	-1,377	-1,362	-1,355	-0,013	0,028	0,033	0,059	0,051	0,041	0,038	0,031	0,021	0,021	0,022	0,022	0,024	0,028	0,022	0,051	13,477
11,000	-2,977	-2,976	-2,968	-2,946	-2,931	-2,920	-2,911	-2,906	-2,898	-2,895	-2,886	-2,885	-2,879	-2,868	-2,862	-0,007	0,009	0,019	0,034	0,037	0,032	0,033	0,030	0,027	0,025	0,025	0,023	0,023	0,020	0,014	0,039	13,367
12,000	-4,390	-4,427	-4,421	-4,421	-4,410	-4,405	-4,404	-4,404	-4,402	-4,404	-4,402	-4,395	-4,385	-4,364	-4,337	-0,043	-0,017	-0,009	0,009	0,012	0,009	0,010	0,009	0,011	0,013	0,022	0,029	0,038	0,044	0,035	0,064	12,817
13,000	-1,916	-1,929	-1,943	-1,947	-1,942	-1,939	-1,932	-1,932	-1,928	-1,932	-1,929	-1,926	-1,913	-1,902	-1,884	-0,045	-0,032	-0,025	-0,001	0,004	0,005	0,009	0,008	0,012	0,013	0,018	0,022	0,031	0,033	0,029	0,043	11,704
14,000	-3,276	-3,202	-3,149	-3,092	-3,065	-3,050	-3,045	-3,038	-3,034	-3,034	-3,032	-3,022	-3,016	-2,999	-2,981	0,150	0,152	0,134	0,096	0,075	0,056	0,046	0,039	0,034	0,026	0,030	0,032	0,036	0,038	0,028	0,047	11,667
15,000	-2,230	-2,084	-2,028	-1,953	-1,930	-1,918	-1,911	-1,908	-1,902	-1,905	-1,905	-1,902	-1,898	-1,892	-1,887	0,267	0,222	0,187	0,114	0,079	0,054	0,047	0,035	0,027	0,021	0,017	0,017	0,017	0,017	0,012	0,051	12,151
	run	11	2022:11:15    09:47:34,444
0,000	-3,742	-3,778	-3,782	-3,805	-3,804	-3,807	-3,807	-3,809	-3,808	-3,815	-3,814	-3,812	-3,810	-3,800	-3,789	-0,050	-0,044	-0,035	-0,020	-0,015	-0,012	-0,008	-0,008	-0,004	-0,002	0,001	0,008	0,012	0,017	0,013	0,048	11,052
1,000	-4,254	-4,302	-4,309	-4,280	-4,248	-4,228	-4,219	-4,213	-4,205	-4,201	-4,192	-4,185	-4,177	-4,160	-4,146	-0,087	-0,042	-0,008	0,046	0,051	0,045	0,043	0,039	0,035	0,033	0,032	0,034	0,035	0,036	0,025	0,049	11,250
2,000	-2,776	-2,807	-2,818	-2,820	-2,800	-2,784	-2,771	-2,765	-2,750	-2,748	-2,738	-2,730	-2,723	-2,710	-2,701	-0,056	-0,038	-0,020	0,020	0,033	0,037	0,040	0,039	0,037	0,033	0,032	0,031	0,029	0,028	0,018	0,040	11,609
3,000	-5,623	-5,660	-5,666	-5,636	-5,601	-5,581	-5,571	-5,565	-5,561	-5,565	-5,568	-5,559	-5,556	-5,539	-5,520	-0,050	-0,024	0,006	0,053	0,056	0,040	0,037	0,030	0,022	0,014	0,019	0,024	0,028	0,033	0,023	0,081	12,356
4,000	-3,069	-3,126	-3,137	-3,152	-3,146	-3,140	-3,139	-3,134	-3,129	-3,129	-3,123	-3,115	-3,103	-3,083	-3,059	-0,089	-0,062	-0,044	-0,014	-0,002	0,006	0,012	0,015	0,021	0,022	0,026	0,037	0,041	0,044	0,034	0,041	12,158
5,000	-3,435	-3,492	-3,510	-3,533	-3,524	-3,526	-3,524	-3,525	-3,523	-3,525	-3,521	-3,516	-3,504	-3,481	-3,454	-0,126	-0,091	-0,066	-0,025	-0,011	-0,008	-0,001	0,000	0,005	0,013	0,022	0,033	0,043	0,052	0,041	0,052	11,118
6,000	-2,137	-2,167	-2,177	-2,160	-2,142	-2,125	-2,121	-2,114	-2,105	-2,103	-2,090	-2,088	-2,092	-2,084	-2,078	-0,071	-0,031	-0,012	0,025	0,034	0,030	0,033	0,028	0,031	0,023	0,021	0,015	0,013	0,017	0,011	0,027	11,550
7,000	-1,633	-1,667	-1,660	-1,683	-1,678	-1,681	-1,680	-1,684	-1,686	-1,692	-1,692	-1,692	-1,692	-1,691	-1,686	-0,053	-0,033	-0,027	-0,015	-0,012	-0,013	-0,011	-0,010	-0,010	-0,007	-0,004	-0,002	-0,002	0,005	0,003	0,035	10,935
8,000	-5,140	-5,168	-5,164	-5,174	-5,168	-5,161	-5,162	-5,161	-5,156	-5,164	-5,165	-5,166	-5,164	-5,164	-5,160	-0,037	-0,024	-0,017	0,002	0,008	0,001	-0,002	0,004	0,001	-0,003	0,002	0,001	0,004	0,003	0,000	0,059	10,884
9,000	-2,158	-2,158	-2,167	-2,159	-2,151	-2,141	-2,142	-2,140	-2,130	-2,132	-2,125	-2,110	-2,101	-2,081	-2,058	-0,001	-0,010	0,003	0,015	0,020	0,020	0,020	0,023	0,026	0,029	0,030	0,040	0,048	0,051	0,039	0,048	12,795
10,000	-1,490	-1,500	-1,478	-1,444	-1,422	-1,407	-1,397	-1,393	-1,386	-1,386	-1,384	-1,383	-1,374	-1,362	-1,350	-0,006	0,027	0,029	0,054	0,050	0,041	0,036	0,033	0,023	0,023	0,016	0,024	0,028	0,025	0,019	0,051	13,542
11,000	-2,997	-2,997	-2,989	-2,973	-2,954	-2,942	-2,935	-2,930	-2,922	-2,918	-2,916	-2,908	-2,900	-2,892	-2,884	-0,005	0,005	0,020	0,035	0,037	0,033	0,030	0,030	0,026	0,025	0,024	0,023	0,023	0,020	0,013	0,040	13,381
12,000	-4,364	-4,398	-4,392	-4,390	-4,378	-4,375	-4,374	-4,372	-4,371	-4,374	-4,370	-4,362	-4,354	-4,333	-4,308	-0,040	-0,018	-0,008	0,010	0,013	0,011	0,010	0,011	0,012	0,014	0,022	0,028	0,038	0,043	0,035	0,064	12,839
13,000	-1,925	-1,943	-1,958	-1,957	-1,950	-1,947	-1,944	-1,946	-1,940	-1,941	-1,942	-1,936	-1,926	-1,909	-1,892	-0,045	-0,035	-0,023	0,001	0,003	0,005	0,009	0,010	0,019	0,015	0,020	0,024	0,033	0,035	0,031	0,043	11,697
14,000	-3,267	-3,199	-3,143	-3,090	-3,061	-3,047	-3,042	-3,034	-3,030	-3,032	-3,025	-3,020	-3,012	-2,996	-2,976	0,149	0,148	0,130	0,092	0,074	0,057	0,048	0,039	0,033	0,029	0,030	0,032	0,035	0,037	0,027	0,047	11,660
15,000	-2,227	-2,078	-2,027	-1,948	-1,922	-1,913	-1,908	-1,905	-1,901	-1,902	-1,901	-1,899	-1,894	-1,888	-1,882	0,264	0,221	0,181	0,111	0,078	0,055	0,046	0,034	0,026	0,023	0,017	0,016	0,017	0,015	0,013	0,051	12,151
	run	12	2022:11:15    09:47:34,491
0,000	-3,754	-3,795	-3,803	-3,823	-3,820	-3,825	-3,826	-3,827	-3,827	-3,833	-3,832	-3,831	-3,829	-3,819	-3,808	-0,049	-0,042	-0,034	-0,020	-0,015	-0,014	-0,010	-0,008	-0,005	-0,007	0,001	0,009	0,012	0,017	0,012	0,048	11,023
1,000	-4,252	-4,299	-4,303	-4,275	-4,243	-4,224	-4,213	-4,206	-4,196	-4,194	-4,187	-4,178	-4,170	-4,153	-4,138	-0,087	-0,043	-0,011	0,045	0,052	0,047	0,044	0,039	0,038	0,030	0,034	0,035	0,035	0,036	0,025	0,048	11,221
2,000	-2,776	-2,807	-2,818	-2,820	-2,800	-2,784	-2,771	-2,765	-2,750	-2,748	-2,738	-2,730	-2,723	-2,710	-2,701	-0,056	-0,038	-0,020	0,020	0,033	0,037	0,040	0,039	0,037	0,033	0,032	0,031	0,029	0,028	0,018	0,040	11,609
3,000	-5,623	-5,660	-5,666	-5,636	-5,601	-5,581	-5,571	-5,565	-5,561	-5,565	-5,568	-5,559	-5,556	-5,539	-5,520	-0,050	-0,024	0,006	0,053	0,056	0,040	0,037	0,030	0,022	0,014	0,019	0,024	0,028	0,033	0,023	0,081	12,356
4,000	-3,069	-3,126	-3,137	-3,152	-3,146	-3,140	-3,139	-3,134	-3,129	-3,129	-3,123	-3,115	-3,103	-3,083	-3,059	-0,089	-0,062	-0,044	-0,014	-0,002	0,006	0,012	0,015	0,021	0,022	0,026	0,037	0,041	0,044	0,034	0,041	12,158
5,000	-3,435	-3,492	-3,510	-3,533	-3,524	-3,526	-3,524	-3,525	-3,523	-3,525	-3,521	-3,516	-3,504	-3,481	-3,454	-0,126	-0,091	-0,066	-0,025	-0,011	-0,008	-0,001	0,000	0,005	0,013	0,022	0,033	0,043	0,052	0,041	0,052	11,118
6,000	-2,137	-2,167	-2,177	-2,160	-2,142	-2,125	-2,121	-2,114	-2,105	-2,103	-2,090	-2,088	-2,092	-2,084	-2,078	-0,071	-0,031	-0,012	0,025	0,034	0,030	0,033	0,028	0,031	0,023	0,021	0,015	0,013	0,017	0,011	0,027	11,550
7,000	-1,633	-1,667	-1,660	-1,683	-1,678	-1,681	-1,680	-1,684	-1,686	-1,692	-1,692	-1,692	-1,692	-1,691	-1,686	-0,053	-0,033	-0,027	-0,015	-0,012	-0,013	-0,011	-0,010	-0,010	-0,007	-0,004	-0,002	-0,002	0,005	0,003	0,035	10,935
8,000	-5,144	-5,169	-5,167	-5,175	-5,168	-5,160	-5,160	-5,164	-5,157	-5,167	-5,163	-5,168	-5,170	-5,159	-5,164	-0,035	-0,027	-0,021	-0,002	0,001	0,001	0,003	0,001	0,002	-0,006	0,001	0,001	0,005	0,002	0,005	0,058	10,884
9,000	-2,125	-2,119	-2,128	-2,121	-2,116	-2,108	-2,105	-2,105	-2,101	-2,092	-2,089	-2,078	-2,068	-2,044	-2,019	0,010	-0,011	0,002	0,018	0,026	0,011	0,018	0,017	0,020	0,032	0,038	0,032	0,044	0,042	0,031	0,049	12,817
10,000	-1,492	-1,496	-1,477	-1,447	-1,423	-1,404	-1,396	-1,389	-1,387	-1,390	-1,388	-1,381	-1,376	-1,366	-1,351	-0,009	0,025	0,034	0,055	0,051	0,043	0,036	0,031	0,027	0,021	0,019	0,020	0,022	0,026	0,021	0,051	13,521
11,000	-3,001	-2,997	-2,987	-2,971	-2,953	-2,940	-2,934	-2,930	-2,919	-2,917	-2,909	-2,904	-2,900	-2,889	-2,882	-0,007	0,009	0,022	0,038	0,038	0,032	0,035	0,031	0,026	0,027	0,023	0,026	0,021	0,022	0,014	0,040	13,367
12,000	-4,419	-4,456	-4,452	-4,450	-4,438	-4,434	-4,433	-4,433	-4,433	-4,433	-4,428	-4,427	-4,415	-4,393	-4,367	-0,044	-0,021	-0,009	0,010	0,013	0,010	0,011	0,010	0,010	0,013	0,020	0,030	0,040	0,044	0,035	0,065	12,817
13,000	-1,940	-1,957	-1,971	-1,973	-1,964	-1,961	-1,954	-1,956	-1,948	-1,955	-1,953	-1,949	-1,934	-1,922	-1,904	-0,041	-0,033	-0,025	-0,002	0,004	0,005	0,008	0,012	0,014	0,015	0,019	0,022	0,035	0,032	0,027	0,043	11,675
14,000	-3,305	-3,232	-3,175	-3,121	-3,091	-3,077	-3,071	-3,065	-3,060	-3,060	-3,054	-3,050	-3,042	-3,024	-3,006	0,151	0,156	0,135	0,097	0,075	0,057	0,050	0,039	0,033	0,030	0,029	0,033	0,035	0,035	0,028	0,048	11,587
15,000	-2,238	-2,082	-2,034	-1,952	-1,929	-1,919	-1,913	-1,910	-1,903	-1,906	-1,905	-1,903	-1,899	-1,891	-1,886	0,268	0,223	0,185	0,115	0,080	0,056	0,045	0,037	0,026	0,022	0,017	0,016	0,017	0,017	0,013	0,051	12,100
	run	13	2022:11:15    09:47:34,591
0,000	-3,781	-3,821	-3,822	-3,844	-3,843	-3,845	-3,847	-3,850	-3,847	-3,853	-3,853	-3,851	-3,848	-3,839	-3,828	-0,055	-0,042	-0,033	-0,021	-0,013	-0,011	-0,008	-0,006	-0,006	-0,003	0,000	0,007	0,013	0,019	0,013	0,050	10,979
1,000	-4,224	-4,274	-4,279	-4,257	-4,226	-4,208	-4,199	-4,193	-4,181	-4,183	-4,173	-4,167	-4,158	-4,143	-4,129	-0,090	-0,046	-0,014	0,040	0,047	0,040	0,039	0,037	0,033	0,029	0,032	0,035	0,034	0,034	0,023	0,048	11,199
2,000	-2,681	-2,710	-2,723	-2,724	-2,709	-2,695	-2,686	-2,676	-2,670	-2,659	-2,650	-2,645	-2,639	-2,627	-2,617	-0,058	-0,040	-0,026	0,012	0,029	0,033	0,037	0,036	0,037	0,030	0,030	0,029	0,023	0,024	0,016	0,037	11,660
3,000	-5,427	-5,463	-5,471	-5,449	-5,421	-5,400	-5,391	-5,390	-5,381	-5,388	-5,387	-5,385	-5,377	-5,361	-5,345	-0,059	-0,034	-0,007	0,039	0,046	0,033	0,029	0,022	0,022	0,014	0,019	0,025	0,026	0,032	0,023	0,079	12,488
4,000	-3,006	-3,053	-3,060	-3,072	-3,066	-3,060	-3,059	-3,054	-3,049	-3,049	-3,041	-3,033	-3,023	-3,002	-2,980	-0,090	-0,059	-0,043	-0,010	0,003	0,009	0,015	0,016	0,020	0,024	0,029	0,033	0,041	0,042	0,033	0,041	12,334
5,000	-3,377	-3,439	-3,457	-3,478	-3,476	-3,474	-3,474	-3,477	-3,476	-3,474	-3,472	-3,468	-3,454	-3,433	-3,405	-0,125	-0,087	-0,068	-0,031	-0,017	-0,011	-0,002	-0,001	0,004	0,012	0,022	0,031	0,040	0,048	0,040	0,052	11,235
6,000	-2,108	-2,138	-2,145	-2,131	-2,112	-2,098	-2,093	-2,084	-2,077	-2,076	-2,070	-2,069	-2,065	-2,055	-2,053	-0,059	-0,040	-0,013	0,027	0,031	0,031	0,030	0,027	0,027	0,024	0,014	0,012	0,014	0,017	0,013	0,026	11,580
7,000	-1,610	-1,640	-1,636	-1,652	-1,651	-1,654	-1,655	-1,659	-1,657	-1,665	-1,666	-1,666	-1,665	-1,664	-1,658	-0,053	-0,031	-0,028	-0,016	-0,011	-0,013	-0,010	-0,010	-0,008	-0,008	-0,005	-0,001	0,001	0,005	0,003	0,035	10,950
8,000	-5,113	-5,146	-5,141	-5,152	-5,139	-5,141	-5,139	-5,138	-5,135	-5,138	-5,136	-5,137	-5,145	-5,137	-5,136	-0,040	-0,023	-0,019	0,001	0,001	-0,001	0,001	-0,001	-0,001	-0,001	0,002	0,006	0,001	0,002	0,001	0,059	10,935
9,000	-2,067	-2,059	-2,072	-2,069	-2,053	-2,052	-2,046	-2,047	-2,040	-2,040	-2,032	-2,025	-2,011	-1,992	-1,965	0,005	-0,011	-0,002	0,016	0,019	0,017	0,021	0,019	0,026	0,027	0,034	0,032	0,043	0,044	0,034	0,047	12,810
10,000	-1,516	-1,525	-1,502	-1,469	-1,440	-1,424	-1,416	-1,412	-1,404	-1,404	-1,406	-1,404	-1,396	-1,382	-1,372	-0,010	0,026	0,034	0,056	0,055	0,044	0,037	0,032	0,023	0,019	0,021	0,020	0,025	0,026	0,020	0,052	13,469
11,000	-3,015	-3,009	-2,998	-2,979	-2,964	-2,950	-2,944	-2,938	-2,930	-2,928	-2,919	-2,912	-2,908	-2,897	-2,891	0,001	0,015	0,020	0,040	0,039	0,034	0,035	0,031	0,029	0,025	0,025	0,024	0,022	0,023	0,015	0,039	13,345
12,000	-4,508	-4,542	-4,536	-4,540	-4,524	-4,522	-4,520	-4,520	-4,517	-4,522	-4,517	-4,515	-4,503	-4,480	-4,456	-0,046	-0,021	-0,014	0,007	0,011	0,009	0,008	0,011	0,013	0,015	0,023	0,030	0,038	0,045	0,037	0,065	12,781
13,000	-1,967	-1,982	-1,993	-1,993	-1,988	-1,987	-1,981	-1,980	-1,975	-1,979	-1,975	-1,970	-1,962	-1,945	-1,925	-0,040	-0,033	-0,023	0,004	0,006	0,006	0,007	0,012	0,011	0,013	0,020	0,024	0,033	0,035	0,030	0,043	11,631
14,000	-3,350	-3,273	-3,215	-3,160	-3,130	-3,116	-3,111	-3,106	-3,097	-3,098	-3,096	-3,089	-3,080	-3,065	-3,044	0,153	0,153	0,135	0,097	0,077	0,057	0,049	0,042	0,034	0,028	0,030	0,033	0,036	0,038	0,028	0,048	11,550
15,000	-2,278	-2,119	-2,069	-1,989	-1,965	-1,954	-1,947	-1,945	-1,938	-1,940	-1,940	-1,938	-1,933	-1,926	-1,920	0,275	0,228	0,188	0,117	0,083	0,057	0,047	0,037	0,028	0,022	0,016	0,017	0,014	0,017	0,012	0,052	12,107
	run	14	2022:11:15    09:47:34,642
0,000	-3,781	-3,821	-3,822	-3,844	-3,843	-3,845	-3,847	-3,850	-3,847	-3,853	-3,853	-3,851	-3,848	-3,839	-3,828	-0,055	-0,042	-0,033	-0,021	-0,013	-0,011	-0,008	-0,006	-0,006	-0,003	0,000	0,007	0,013	0,019	0,013	0,050	10,979
1,000	-4,224	-4,274	-4,279	-4,257	-4,226	-4,208	-4,199	-4,193	-4,181	-4,183	-4,173	-4,167	-4,158	-4,143	-4,129	-0,090	-0,046	-0,014	0,040	0,047	0,040	0,039	0,037	0,033	0,029	0,032	0,035	0,034	0,034	0,023	0,048	11,199
2,000	-2,681	-2,710	-2,723	-2,724	-2,709	-2,695	-2,686	-2,676	-2,670	-2,659	-2,650	-2,645	-2,639	-2,627	-2,617	-0,058	-0,040	-0,026	0,012	0,029	0,033	0,037	0,036	0,037	0,030	0,030	0,029	0,023	0,024	0,016	0,037	11,660
3,000	-5,427	-5,463	-5,471	-5,449	-5,421	-5,400	-5,391	-5,390	-5,381	-5,388	-5,387	-5,385	-5,377	-5,361	-5,345	-0,059	-0,034	-0,007	0,039	0,046	0,033	0,029	0,022	0,022	0,014	0,019	0,025	0,026	0,032	0,023	0,079	12,488
4,000	-3,006	-3,053	-3,060	-3,072	-3,066	-3,060	-3,059	-3,054	-3,049	-3,049	-3,041	-3,033	-3,023	-3,002	-2,980	-0,090	-0,059	-0,043	-0,010	0,003	0,009	0,015	0,016	0,020	0,024	0,029	0,033	0,041	0,042	0,033	0,041	12,334
5,000	-3,377	-3,439	-3,457	-3,478	-3,476	-3,474	-3,474	-3,477	-3,476	-3,474	-3,472	-3,468	-3,454	-3,433	-3,405	-0,125	-0,087	-0,068	-0,031	-0,017	-0,011	-0,002	-0,001	0,004	0,012	0,022	0,031	0,040	0,048	0,040	0,052	11,235
6,000	-2,105	-2,132	-2,139	-2,121	-2,105	-2,090	-2,082	-2,078	-2,076	-2,067	-2,062	-2,060	-2,055	-2,050	-2,043	-0,058	-0,033	-0,017	0,026	0,033	0,028	0,033	0,027	0,017	0,020	0,025	0,024	0,018	0,011	0,009	0,028	11,580
7,000	-1,618	-1,652	-1,654	-1,669	-1,666	-1,670	-1,670	-1,675	-1,675	-1,682	-1,682	-1,683	-1,684	-1,682	-1,677	-0,053	-0,037	-0,031	-0,017	-0,015	-0,016	-0,013	-0,012	-0,011	-0,010	-0,006	-0,002	-0,001	0,002	0,000	0,034	10,964
8,000	-5,092	-5,120	-5,119	-5,124	-5,115	-5,113	-5,110	-5,107	-5,109	-5,115	-5,113	-5,106	-5,111	-5,109	-5,106	-0,033	-0,018	-0,016	0,001	0,007	0,007	0,001	0,002	0,001	-0,006	-0,004	0,001	0,002	0,002	0,003	0,058	10,935
9,000	-2,171	-2,162	-2,172	-2,165	-2,164	-2,153	-2,154	-2,152	-2,142	-2,142	-2,135	-2,126	-2,118	-2,098	-2,066	0,002	-0,015	0,002	0,016	0,015	0,012	0,021	0,016	0,031	0,022	0,032	0,037	0,048	0,047	0,035	0,048	12,847
10,000	-1,500	-1,503	-1,484	-1,448	-1,423	-1,407	-1,397	-1,389	-1,384	-1,386	-1,384	-1,383	-1,377	-1,362	-1,349	-0,005	0,027	0,037	0,055	0,054	0,045	0,038	0,031	0,023	0,020	0,018	0,022	0,027	0,026	0,021	0,051	13,564
11,000	-3,053	-3,051	-3,039	-3,018	-2,999	-2,987	-2,979	-2,974	-2,967	-2,964	-2,956	-2,950	-2,945	-2,936	-2,928	-0,003	0,015	0,025	0,041	0,038	0,035	0,034	0,031	0,028	0,025	0,026	0,024	0,024	0,025	0,016	0,040	13,330
12,000	-4,491	-4,528	-4,520	-4,524	-4,513	-4,508	-4,508	-4,505	-4,505	-4,510	-4,505	-4,498	-4,489	-4,467	-4,443	-0,051	-0,025	-0,011	0,010	0,012	0,009	0,010	0,008	0,010	0,013	0,020	0,029	0,040	0,042	0,035	0,065	12,751
13,000	-1,982	-1,988	-2,007	-2,007	-2,000	-1,997	-1,988	-1,992	-1,986	-1,989	-1,987	-1,981	-1,969	-1,954	-1,936	-0,037	-0,030	-0,023	0,002	0,007	0,005	0,008	0,011	0,014	0,016	0,019	0,025	0,034	0,035	0,031	0,044	11,594
14,000	-3,381	-3,305	-3,246	-3,192	-3,162	-3,148	-3,143	-3,136	-3,131	-3,130	-3,124	-3,121	-3,112	-3,095	-3,075	0,152	0,156	0,139	0,096	0,076	0,057	0,050	0,042	0,036	0,029	0,029	0,032	0,036	0,037	0,029	0,048	11,536
15,000	-2,279	-2,124	-2,071	-1,990	-1,966	-1,955	-1,947	-1,945	-1,939	-1,941	-1,941	-1,940	-1,934	-1,927	-1,921	0,278	0,230	0,192	0,119	0,084	0,058	0,047	0,036	0,028	0,022	0,018	0,017	0,017	0,016	0,012	0,051	12,063
	run	15	2022:11:15    09:47:34,742
0,000	-3,770	-3,810	-3,812	-3,834	-3,833	-3,835	-3,836	-3,838	-3,838	-3,844	-3,845	-3,842	-3,841	-3,830	-3,821	-0,050	-0,043	-0,033	-0,020	-0,013	-0,013	-0,009	-0,006	-0,003	-0,005	0,002	0,008	0,013	0,019	0,015	0,049	10,979
1,000	-4,238	-4,287	-4,293	-4,268	-4,236	-4,216	-4,208	-4,199	-4,191	-4,190	-4,183	-4,175	-4,166	-4,152	-4,136	-0,083	-0,046	-0,012	0,040	0,050	0,039	0,041	0,039	0,035	0,030	0,031	0,034	0,033	0,034	0,025	0,049	11,191
2,000	-2,713	-2,741	-2,752	-2,756	-2,740	-2,724	-2,714	-2,706	-2,694	-2,690	-2,680	-2,672	-2,666	-2,656	-2,647	-0,057	-0,042	-0,023	0,014	0,029	0,032	0,037	0,038	0,035	0,031	0,030	0,029	0,028	0,025	0,017	0,038	11,631
3,000	-5,460	-5,493	-5,507	-5,484	-5,454	-5,433	-5,427	-5,420	-5,414	-5,422	-5,420	-5,414	-5,411	-5,392	-5,379	-0,061	-0,035	-0,007	0,041	0,047	0,036	0,033	0,025	0,019	0,011	0,018	0,024	0,027	0,031	0,023	0,080	12,437
4,000	-2,987	-3,034	-3,044	-3,057	-3,051	-3,047	-3,041	-3,040	-3,033	-3,033	-3,025	-3,017	-3,008	-2,990	-2,966	-0,087	-0,060	-0,039	-0,012	0,004	0,008	0,015	0,015	0,018	0,020	0,027	0,037	0,040	0,043	0,034	0,041	12,327
5,000	-3,335	-3,401	-3,411	-3,430	-3,427	-3,428	-3,429	-3,429	-3,431	-3,428	-3,424	-3,420	-3,407	-3,388	-3,360	-0,125	-0,089	-0,065	-0,029	-0,015	-0,006	-0,002	-0,001	0,007	0,013	0,022	0,032	0,041	0,046	0,038	0,050	11,265
6,000	-2,092	-2,116	-2,130	-2,117	-2,099	-2,087	-2,081	-2,077	-2,070	-2,065	-2,062	-2,055	-2,050	-2,047	-2,039	-0,063	-0,041	-0,013	0,019	0,028	0,030	0,030	0,024	0,021	0,024	0,020	0,020	0,021	0,013	0,007	0,027	11,638
7,000	-1,616	-1,648	-1,645	-1,664	-1,661	-1,663	-1,666	-1,672	-1,670	-1,673	-1,677	-1,678	-1,678	-1,674	-1,672	-0,055	-0,033	-0,028	-0,019	-0,013	-0,014	-0,013	-0,012	-0,007	-0,009	-0,003	-0,002	0,002	0,003	0,001	0,035	11,001
8,000	-5,115	-5,146	-5,146	-5,156	-5,149	-5,140	-5,141	-5,140	-5,138	-5,146	-5,148	-5,144	-5,147	-5,142	-5,139	-0,041	-0,027	-0,017	-0,001	0,005	0,002	0,001	-0,000	-0,001	-0,002	-0,001	-0,002	0,001	0,004	0,002	0,059	10,935
9,000	-2,141	-2,128	-2,138	-2,137	-2,124	-2,118	-2,116	-2,115	-2,102	-2,110	-2,098	-2,088	-2,079	-2,055	-2,035	0,004	-0,007	-0,002	0,014	0,016	0,013	0,017	0,022	0,024	0,026	0,033	0,036	0,044	0,051	0,037	0,048	12,810
10,000	-1,522	-1,528	-1,511	-1,475	-1,450	-1,430	-1,425	-1,417	-1,408	-1,415	-1,410	-1,409	-1,401	-1,389	-1,377	-0,010	0,025	0,036	0,058	0,058	0,045	0,035	0,035	0,024	0,021	0,019	0,021	0,024	0,030	0,021	0,051	13,499
11,000	-3,055	-3,054	-3,047	-3,025	-3,003	-2,993	-2,986	-2,978	-2,972	-2,968	-2,962	-2,958	-2,951	-2,941	-2,932	-0,000	0,013	0,020	0,037	0,038	0,033	0,034	0,032	0,029	0,026	0,026	0,025	0,023	0,022	0,015	0,039	13,323
12,000	-4,517	-4,548	-4,543	-4,545	-4,533	-4,529	-4,529	-4,526	-4,526	-4,527	-4,524	-4,519	-4,509	-4,486	-4,459	-0,044	-0,025	-0,010	0,008	0,012	0,009	0,010	0,009	0,012	0,013	0,022	0,031	0,040	0,048	0,037	0,065	12,773
13,000	-1,973	-1,986	-2,005	-2,007	-1,997	-1,993	-1,988	-1,986	-1,983	-1,986	-1,982	-1,977	-1,968	-1,953	-1,930	-0,040	-0,032	-0,022	0,002	0,004	0,005	0,009	0,016	0,014	0,016	0,018	0,026	0,032	0,032	0,029	0,044	11,616
14,000	-3,380	-3,305	-3,250	-3,191	-3,160	-3,145	-3,140	-3,135	-3,129	-3,128	-3,125	-3,118	-3,110	-3,094	-3,075	0,155	0,157	0,137	0,098	0,079	0,059	0,049	0,042	0,035	0,030	0,030	0,034	0,037	0,038	0,030	0,048	11,528
15,000	-2,271	-2,117	-2,067	-1,985	-1,961	-1,948	-1,941	-1,938	-1,934	-1,935	-1,936	-1,933	-1,929	-1,923	-1,915	0,272	0,227	0,189	0,116	0,082	0,056	0,047	0,036	0,027	0,023	0,016	0,018	0,017	0,017	0,012	0,051	12,056
	run	16	2022:11:15    09:47:34,842
0,000	-3,749	-3,786	-3,790	-3,812	-3,809	-3,810	-3,814	-3,814	-3,815	-3,818	-3,820	-3,818	-3,816	-3,804	-3,795	-0,052	-0,044	-0,035	-0,020	-0,012	-0,013	-0,008	-0,005	-0,004	-0,003	0,002	0,008	0,012	0,018	0,016	0,049	11,030
1,000	-4,222	-4,274	-4,278	-4,256	-4,226	-4,208	-4,198	-4,191	-4,179	-4,181	-4,172	-4,164	-4,157	-4,141	-4,125	-0,091	-0,045	-0,014	0,039	0,047	0,041	0,042	0,035	0,036	0,029	0,031	0,034	0,034	0,032	0,023	0,048	11,235
2,000	-2,711	-2,739	-2,752	-2,753	-2,738	-2,724	-2,714	-2,705	-2,692	-2,688	-2,678	-2,672	-2,663	-2,654	-2,644	-0,056	-0,041	-0,022	0,013	0,029	0,034	0,037	0,037	0,037	0,032	0,032	0,030	0,026	0,024	0,018	0,037	11,660
3,000	-5,468	-5,500	-5,514	-5,487	-5,456	-5,435	-5,429	-5,423	-5,417	-5,422	-5,423	-5,421	-5,411	-5,396	-5,378	-0,057	-0,031	-0,006	0,043	0,049	0,037	0,030	0,025	0,019	0,016	0,019	0,023	0,029	0,034	0,024	0,078	12,458
4,000	-3,014	-3,062	-3,071	-3,082	-3,076	-3,072	-3,070	-3,067	-3,060	-3,059	-3,053	-3,046	-3,034	-3,013	-2,991	-0,084	-0,058	-0,042	-0,011	0,002	0,007	0,013	0,014	0,020	0,023	0,029	0,035	0,040	0,043	0,032	0,042	12,283
5,000	-3,376	-3,443	-3,458	-3,477	-3,475	-3,475	-3,473	-3,474	-3,475	-3,475	-3,469	-3,467	-3,452	-3,431	-3,405	-0,128	-0,094	-0,065	-0,026	-0,011	-0,007	-0,001	-0,001	0,004	0,013	0,022	0,031	0,041	0,048	0,040	0,051	11,206
6,000	-2,123	-2,151	-2,152	-2,142	-2,126	-2,112	-2,106	-2,099	-2,090	-2,087	-2,087	-2,081	-2,079	-2,072	-2,061	-0,064	-0,033	-0,014	0,021	0,030	0,026	0,029	0,029	0,023	0,023	0,017	0,017	0,018	0,016	0,015	0,026	11,572
7,000	-1,647	-1,681	-1,678	-1,690	-1,689	-1,693	-1,694	-1,696	-1,697	-1,703	-1,702	-1,703	-1,702	-1,699	-1,696	-0,051	-0,029	-0,027	-0,014	-0,011	-0,013	-0,008	-0,010	-0,007	-0,006	-0,004	-0,002	0,002	0,003	0,002	0,036	10,942
8,000	-5,148	-5,182	-5,180	-5,189	-5,180	-5,175	-5,173	-5,173	-5,173	-5,179	-5,178	-5,177	-5,177	-5,177	-5,177	-0,034	-0,028	-0,017	-0,001	0,005	0,000	0,002	0,001	0,002	-0,001	-0,003	0,002	0,001	0,002	0,002	0,059	10,898
9,000	-2,130	-2,124	-2,128	-2,124	-2,120	-2,111	-2,109	-2,105	-2,096	-2,097	-2,092	-2,082	-2,070	-2,050	-2,022	0,002	-0,007	-0,000	0,018	0,019	0,015	0,020	0,019	0,027	0,025	0,033	0,044	0,050	0,048	0,034	0,048	12,781
10,000	-1,522	-1,524	-1,510	-1,473	-1,445	-1,429	-1,420	-1,413	-1,407	-1,409	-1,409	-1,405	-1,399	-1,384	-1,375	-0,008	0,027	0,036	0,055	0,055	0,046	0,039	0,032	0,024	0,021	0,020	0,024	0,028	0,028	0,019	0,051	13,469
11,000	-3,035	-3,036	-3,022	-3,006	-2,987	-2,973	-2,968	-2,962	-2,953	-2,952	-2,944	-2,937	-2,933	-2,922	-2,914	-0,003	0,011	0,024	0,036	0,039	0,033	0,034	0,030	0,029	0,026	0,026	0,024	0,024	0,023	0,015	0,039	13,323
12,000	-4,488	-4,523	-4,518	-4,519	-4,510	-4,505	-4,504	-4,503	-4,499	-4,502	-4,500	-4,493	-4,485	-4,462	-4,438	-0,044	-0,022	-0,009	0,008	0,011	0,010	0,011	0,010	0,012	0,013	0,021	0,031	0,037	0,045	0,037	0,065	12,781
13,000	-1,963	-1,977	-1,995	-1,993	-1,985	-1,983	-1,976	-1,979	-1,971	-1,975	-1,970	-1,969	-1,958	-1,942	-1,923	-0,042	-0,030	-0,025	0,002	0,007	0,006	0,009	0,009	0,008	0,014	0,018	0,021	0,030	0,032	0,029	0,044	11,638
14,000	-3,338	-3,264	-3,207	-3,148	-3,120	-3,103	-3,098	-3,093	-3,085	-3,087	-3,081	-3,077	-3,069	-3,050	-3,033	0,157	0,155	0,137	0,096	0,074	0,058	0,050	0,041	0,036	0,028	0,031	0,032	0,035	0,037	0,028	0,048	11,543
15,000	-2,254	-2,100	-2,048	-1,967	-1,946	-1,934	-1,927	-1,924	-1,919	-1,920	-1,918	-1,919	-1,914	-1,908	-1,900	0,271	0,229	0,188	0,116	0,081	0,055	0,046	0,036	0,026	0,023	0,017	0,016	0,017	0,016	0,011	0,051	12,114
	run	17	2022:11:15    09:47:34,891
0,000	-3,748	-3,783	-3,783	-3,806	-3,805	-3,807	-3,809	-3,811	-3,809	-3,817	-3,816	-3,814	-3,811	-3,804	-3,792	-0,057	-0,045	-0,037	-0,021	-0,013	-0,016	-0,010	-0,007	-0,004	-0,004	0,003	0,007	0,012	0,016	0,013	0,048	11,045
1,000	-4,180	-4,227	-4,233	-4,209	-4,178	-4,160	-4,150	-4,144	-4,132	-4,132	-4,124	-4,116	-4,109	-4,094	-4,080	-0,086	-0,046	-0,014	0,041	0,049	0,040	0,038	0,036	0,035	0,027	0,032	0,033	0,032	0,036	0,024	0,048	11,265
2,000	-2,711	-2,739	-2,752	-2,753	-2,738	-2,724	-2,714	-2,705	-2,692	-2,688	-2,678	-2,672	-2,663	-2,654	-2,644	-0,056	-0,041	-0,022	0,013	0,029	0,034	0,037	0,037	0,037	0,032	0,032	0,030	0,026	0,024	0,018	0,037	11,660
3,000	-5,468	-5,500	-5,514	-5,487	-5,456	-5,435	-5,429	-5,423	-5,417	-5,422	-5,423	-5,421	-5,411	-5,396	-5,378	-0,057	-0,031	-0,006	0,043	0,049	0,037	0,030	0,025	0,019	0,016	0,019	0,023	0,029	0,034	0,024	0,078	12,458
4,000	-3,014	-3,062	-3,071	-3,082	-3,076	-3,072	-3,070	-3,067	-3,060	-3,059	-3,053	-3,046	-3,034	-3,013	-2,991	-0,084	-0,058	-0,042	-0,011	0,002	0,007	0,013	0,014	0,020	0,023	0,029	0,035	0,040	0,043	0,032	0,042	12,283
5,000	-3,376	-3,443	-3,458	-3,477	-3,475	-3,475	-3,473	-3,474	-3,475	-3,475	-3,469	-3,467	-3,452	-3,431	-3,405	-0,128	-0,094	-0,065	-0,026	-0,011	-0,007	-0,001	-0,001	0,004	0,013	0,022	0,031	0,041	0,048	0,040	0,051	11,206
6,000	-2,123	-2,151	-2,152	-2,142	-2,126	-2,112	-2,106	-2,099	-2,090	-2,087	-2,087	-2,081	-2,079	-2,072	-2,061	-0,064	-0,033	-0,014	0,021	0,030	0,026	0,029	0,029	0,023	0,023	0,017	0,017	0,018	0,016	0,015	0,026	11,572
7,000	-1,647	-1,681	-1,678	-1,690	-1,689	-1,693	-1,694	-1,696	-1,697	-1,703	-1,702	-1,703	-1,702	-1,699	-1,696	-0,051	-0,029	-0,027	-0,014	-0,011	-0,013	-0,008	-0,010	-0,007	-0,006	-0,004	-0,002	0,002	0,003	0,002	0,036	10,942
8,000	-5,159	-5,192	-5,188	-5,197	-5,186	-5,184	-5,184	-5,183	-5,182	-5,186	-5,186	-5,188	-5,187	-5,183	-5,183	-0,036	-0,022	-0,015	-0,000	0,002	-0,000	0,001	0,002	-0,002	-0,003	-0,002	-0,001	-0,001	0,002	0,001	0,060	10,869
9,000	-2,193	-2,185	-2,196	-2,182	-2,176	-2,169	-2,165	-2,160	-2,150	-2,153	-2,148	-2,135	-2,123	-2,104	-2,076	0,003	-0,002	-0,006	0,018	0,018	0,023	0,020	0,019	0,026	0,021	0,034	0,039	0,046	0,049	0,039	0,049	12,744
10,000	-1,505	-1,508	-1,487	-1,453	-1,427	-1,413	-1,405	-1,396	-1,391	-1,393	-1,392	-1,390	-1,384	-1,368	-1,355	-0,010	0,027	0,036	0,054	0,054	0,043	0,039	0,032	0,028	0,022	0,019	0,022	0,026	0,024	0,019	0,052	13,484
11,000	-3,036	-3,036	-3,025	-3,007	-2,988	-2,975	-2,968	-2,963	-2,954	-2,952	-2,944	-2,940	-2,933	-2,924	-2,915	-0,002	0,008	0,023	0,037	0,038	0,032	0,033	0,031	0,029	0,027	0,025	0,025	0,023	0,022	0,014	0,039	13,330
12,000	-4,445	-4,478	-4,472	-4,474	-4,463	-4,457	-4,456	-4,455	-4,454	-4,456	-4,454	-4,449	-4,438	-4,418	-4,392	-0,047	-0,022	-0,011	0,006	0,011	0,008	0,010	0,010	0,011	0,013	0,020	0,031	0,038	0,044	0,036	0,064	12,795
13,000	-1,954	-1,965	-1,976	-1,981	-1,970	-1,969	-1,963	-1,963	-1,959	-1,960	-1,958	-1,954	-1,946	-1,928	-1,910	-0,041	-0,029	-0,023	0,002	0,007	0,004	0,007	0,012	0,013	0,013	0,020	0,024	0,031	0,033	0,028	0,044	11,653
14,000	-3,294	-3,222	-3,167	-3,109	-3,082	-3,067	-3,061	-3,057	-3,052	-3,051	-3,047	-3,041	-3,033	-3,014	-2,999	0,150	0,155	0,134	0,094	0,074	0,058	0,048	0,039	0,034	0,027	0,030	0,030	0,036	0,038	0,029	0,048	11,609
15,000	-2,225	-2,074	-2,024	-1,945	-1,923	-1,912	-1,905	-1,902	-1,895	-1,898	-1,898	-1,897	-1,892	-1,886	-1,878	0,267	0,224	0,184	0,113	0,080	0,055	0,045	0,034	0,026	0,021	0,018	0,015	0,017	0,015	0,012	0,050	12,129
	run	18	2022:11:15    09:47:34,991
0,000	-3,702	-3,744	-3,745	-3,766	-3,763	-3,764	-3,765	-3,768	-3,768	-3,772	-3,772	-3,772	-3,769	-3,757	-3,748	-0,055	-0,040	-0,032	-0,018	-0,014	-0,011	-0,007	-0,006	-0,004	-0,004	0,004	0,008	0,011	0,016	0,013	0,048	11,045
1,000	-4,191	-4,239	-4,242	-4,223	-4,193	-4,176	-4,166	-4,159	-4,149	-4,151	-4,141	-4,134	-4,128	-4,111	-4,098	-0,090	-0,050	-0,015	0,035	0,046	0,038	0,038	0,035	0,033	0,029	0,032	0,033	0,032	0,034	0,026	0,048	11,257
2,000	-2,701	-2,733	-2,743	-2,748	-2,731	-2,714	-2,705	-2,697	-2,685	-2,679	-2,670	-2,663	-2,658	-2,646	-2,636	-0,059	-0,040	-0,021	0,014	0,031	0,034	0,039	0,037	0,035	0,033	0,029	0,030	0,027	0,025	0,017	0,038	11,675
3,000	-5,529	-5,567	-5,578	-5,552	-5,517	-5,497	-5,487	-5,484	-5,478	-5,483	-5,484	-5,477	-5,474	-5,456	-5,440	-0,058	-0,028	-0,002	0,044	0,055	0,040	0,034	0,027	0,021	0,017	0,017	0,025	0,028	0,034	0,025	0,081	12,451
4,000	-3,074	-3,122	-3,131	-3,148	-3,141	-3,134	-3,135	-3,132	-3,123	-3,122	-3,118	-3,109	-3,099	-3,077	-3,057	-0,089	-0,059	-0,047	-0,011	0,001	0,005	0,012	0,015	0,018	0,023	0,026	0,035	0,040	0,045	0,033	0,041	12,253
5,000	-3,451	-3,512	-3,531	-3,551	-3,547	-3,548	-3,545	-3,548	-3,550	-3,545	-3,542	-3,537	-3,525	-3,502	-3,474	-0,128	-0,089	-0,065	-0,025	-0,010	-0,007	0,000	-0,001	0,007	0,014	0,023	0,034	0,043	0,050	0,039	0,052	11,140
6,000	-2,148	-2,173	-2,181	-2,170	-2,152	-2,136	-2,128	-2,126	-2,115	-2,115	-2,104	-2,107	-2,097	-2,096	-2,087	-0,067	-0,037	-0,010	0,024	0,037	0,033	0,031	0,027	0,023	0,022	0,018	0,014	0,019	0,017	0,009	0,027	11,521
7,000	-1,652	-1,687	-1,682	-1,696	-1,697	-1,699	-1,702	-1,702	-1,703	-1,708	-1,709	-1,711	-1,709	-1,706	-1,704	-0,051	-0,033	-0,029	-0,016	-0,016	-0,014	-0,013	-0,010	-0,009	-0,007	-0,004	-0,002	0,002	0,002	0,002	0,035	10,906
8,000	-5,146	-5,181	-5,175	-5,187	-5,177	-5,174	-5,173	-5,171	-5,167	-5,175	-5,174	-5,176	-5,179	-5,170	-5,168	-0,044	-0,029	-0,021	-0,002	0,006	0,003	0,000	0,001	-0,003	-0,002	-0,002	-0,003	0,002	0,003	-0,001	0,060	10,869
9,000	-2,173	-2,164	-2,179	-2,165	-2,159	-2,146	-2,147	-2,146	-2,134	-2,139	-2,131	-2,122	-2,102	-2,085	-2,058	0,004	-0,004	0,002	0,018	0,021	0,017	0,019	0,020	0,027	0,025	0,037	0,039	0,049	0,048	0,036	0,048	12,773
10,000	-1,509	-1,512	-1,496	-1,462	-1,433	-1,417	-1,409	-1,399	-1,396	-1,396	-1,398	-1,392	-1,386	-1,374	-1,362	-0,010	0,029	0,036	0,056	0,056	0,044	0,038	0,033	0,024	0,022	0,020	0,019	0,026	0,027	0,023	0,052	13,469
11,000	-3,014	-3,013	-3,001	-2,979	-2,960	-2,950	-2,945	-2,937	-2,929	-2,926	-2,918	-2,916	-2,908	-2,899	-2,891	-0,004	0,014	0,021	0,036	0,039	0,034	0,032	0,031	0,027	0,026	0,025	0,025	0,024	0,021	0,014	0,039	13,330
12,000	-4,440	-4,474	-4,470	-4,469	-4,457	-4,456	-4,454	-4,453	-4,451	-4,453	-4,452	-4,445	-4,433	-4,414	-4,388	-0,045	-0,023	-0,011	0,006	0,010	0,010	0,009	0,009	0,011	0,014	0,021	0,030	0,037	0,043	0,035	0,064	12,788
13,000	-1,931	-1,947	-1,961	-1,962	-1,956	-1,952	-1,951	-1,948	-1,944	-1,944	-1,942	-1,937	-1,927	-1,910	-1,894	-0,044	-0,031	-0,024	0,003	0,003	0,008	0,011	0,012	0,010	0,013	0,019	0,026	0,029	0,034	0,025	0,043	11,653
14,000	-3,283	-3,212	-3,153	-3,098	-3,071	-3,056	-3,049	-3,045	-3,039	-3,039	-3,036	-3,030	-3,020	-3,003	-2,985	0,150	0,152	0,133	0,093	0,075	0,056	0,046	0,040	0,033	0,027	0,031	0,032	0,036	0,037	0,029	0,048	11,616
15,000	-2,229	-2,071	-2,024	-1,943	-1,922	-1,911	-1,903	-1,901	-1,895	-1,899	-1,898	-1,897	-1,893	-1,884	-1,878	0,262	0,221	0,184	0,115	0,080	0,055	0,045	0,035	0,027	0,022	0,015	0,016	0,017	0,017	0,013	0,051	12,136
	run	19	2022:11:15    09:47:35,043
0,000	-3,702	-3,744	-3,745	-3,766	-3,763	-3,764	-3,765	-3,768	-3,768	-3,772	-3,772	-3,772	-3,769	-3,757	-3,748	-0,055	-0,040	-0,032	-0,018	-0,014	-0,011	-0,007	-0,006	-0,004	-0,004	0,004	0,008	0,011	0,016	0,013	0,048	11,045
1,000	-4,191	-4,239	-4,242	-4,223	-4,193	-4,176	-4,166	-4,159	-4,149	-4,151	-4,141	-4,134	-4,128	-4,111	-4,098	-0,090	-0,050	-0,015	0,035	0,046	0,038	0,038	0,035	0,033	0,029	0,032	0,033	0,032	0,034	0,026	0,048	11,257
2,000	-2,701	-2,733	-2,743	-2,748	-2,731	-2,714	-2,705	-2,697	-2,685	-2,679	-2,670	-2,663	-2,658	-2,646	-2,636	-0,059	-0,040	-0,021	0,014	0,031	0,034	0,039	0,037	0,035	0,033	0,029	0,030	0,027	0,025	0,017	0,038	11,675
3,000	-5,529	-5,567	-5,578	-5,552	-5,517	-5,497	-5,487	-5,484	-5,478	-5,483	-5,484	-5,477	-5,474	-5,456	-5,440	-0,058	-0,028	-0,002	0,044	0,055	0,040	0,034	0,027	0,021	0,017	0,017	0,025	0,028	0,034	0,025	0,081	12,451
4,000	-3,074	-3,122	-3,131	-3,148	-3,141	-3,134	-3,135	-3,132	-3,123	-3,122	-3,118	-3,109	-3,099	-3,077	-3,057	-0,089	-0,059	-0,047	-0,011	0,001	0,005	0,012	0,015	0,018	0,023	0,026	0,035	0,040	0,045	0,033	0,041	12,253
5,000	-3,451	-3,512	-3,531	-3,551	-3,547	-3,548	-3,545	-3,548	-3,550	-3,545	-3,542	-3,537	-3,525	-3,502	-3,474	-0,128	-0,089	-0,065	-0,025	-0,010	-0,007	0,000	-0,001	0,007	0,014	0,023	0,034	0,043	0,050	0,039	0,052	11,140
6,000	-2,144	-2,175	-2,179	-2,160	-2,140	-2,131	-2,125	-2,113	-2,106	-2,104	-2,099	-2,096	-2,096	-2,089	-2,081	-0,065	-0,033	-0,011	0,027	0,037	0,033	0,032	0,027	0,023	0,022	0,017	0,020	0,021	0,017	0,012	0,027	11,528
7,000	-1,637	-1,673	-1,672	-1,687	-1,686	-1,690	-1,691	-1,696	-1,695	-1,700	-1,702	-1,700	-1,701	-1,698	-1,695	-0,052	-0,032	-0,029	-0,016	-0,015	-0,013	-0,009	-0,009	-0,008	-0,008	-0,005	-0,002	0,001	0,005	0,002	0,034	10,898
8,000	-5,146	-5,176	-5,176	-5,185	-5,173	-5,173	-5,170	-5,169	-5,167	-5,174	-5,177	-5,171	-5,179	-5,171	-5,169	-0,037	-0,027	-0,019	0,001	0,002	0,000	0,002	-0,002	-0,001	-0,002	0,001	0,001	0,001	0,003	-0,000	0,059	10,884
9,000	-2,134	-2,123	-2,133	-2,130	-2,116	-2,114	-2,109	-2,108	-2,097	-2,103	-2,096	-2,084	-2,072	-2,054	-2,025	0,001	-0,009	-0,003	0,015	0,018	0,020	0,018	0,021	0,023	0,024	0,038	0,038	0,042	0,045	0,033	0,048	12,810
10,000	-1,509	-1,512	-1,496	-1,459	-1,433	-1,418	-1,404	-1,401	-1,394	-1,396	-1,398	-1,390	-1,386	-1,374	-1,360	-0,009	0,027	0,036	0,056	0,052	0,045	0,040	0,031	0,023	0,018	0,020	0,020	0,025	0,024	0,020	0,052	13,499
11,000	-3,022	-3,021	-3,007	-2,988	-2,970	-2,958	-2,951	-2,945	-2,938	-2,935	-2,926	-2,924	-2,916	-2,908	-2,898	-0,006	0,012	0,020	0,037	0,037	0,032	0,034	0,031	0,029	0,023	0,027	0,024	0,025	0,021	0,013	0,039	13,330
12,000	-4,424	-4,459	-4,451	-4,454	-4,443	-4,438	-4,437	-4,436	-4,434	-4,436	-4,436	-4,429	-4,418	-4,398	-4,373	-0,043	-0,025	-0,011	0,008	0,011	0,009	0,008	0,009	0,012	0,012	0,022	0,029	0,039	0,045	0,036	0,065	12,795
13,000	-1,938	-1,950	-1,964	-1,966	-1,959	-1,955	-1,950	-1,953	-1,947	-1,949	-1,946	-1,944	-1,931	-1,917	-1,899	-0,039	-0,029	-0,028	0,002	0,005	0,005	0,007	0,011	0,011	0,014	0,018	0,022	0,033	0,035	0,028	0,043	11,675
14,000	-3,275	-3,206	-3,147	-3,094	-3,065	-3,051	-3,045	-3,039	-3,033	-3,034	-3,030	-3,024	-3,017	-3,000	-2,980	0,151	0,152	0,134	0,091	0,074	0,056	0,049	0,041	0,033	0,029	0,030	0,031	0,037	0,039	0,028	0,048	11,616
15,000	-2,229	-2,079	-2,027	-1,949	-1,926	-1,915	-1,908	-1,905	-1,900	-1,903	-1,902	-1,900	-1,895	-1,889	-1,883	0,263	0,223	0,185	0,113	0,081	0,054	0,046	0,035	0,025	0,022	0,016	0,016	0,018	0,017	0,012	0,052	12,166
	run	20	2022:11:15    09:47:35,144
0,000	-3,801	-3,840	-3,840	-3,864	-3,862	-3,865	-3,868	-3,870	-3,868	-3,874	-3,875	-3,875	-3,872	-3,861	-3,849	-0,051	-0,040	-0,037	-0,020	-0,017	-0,015	-0,010	-0,008	-0,005	-0,004	0,001	0,007	0,013	0,016	0,014	0,049	10,994
1,000	-4,278	-4,329	-4,332	-4,304	-4,267	-4,247	-4,236	-4,231	-4,219	-4,218	-4,209	-4,203	-4,194	-4,178	-4,163	-0,085	-0,042	-0,008	0,047	0,055	0,046	0,045	0,041	0,037	0,033	0,034	0,035	0,035	0,035	0,025	0,048	11,206
2,000	-2,769	-2,801	-2,808	-2,813	-2,794	-2,780	-2,767	-2,759	-2,749	-2,741	-2,733	-2,727	-2,719	-2,708	-2,697	-0,055	-0,039	-0,019	0,017	0,034	0,034	0,039	0,037	0,037	0,032	0,032	0,030	0,029	0,026	0,020	0,039	11,580
3,000	-5,564	-5,599	-5,607	-5,582	-5,547	-5,527	-5,518	-5,514	-5,508	-5,513	-5,509	-5,507	-5,503	-5,487	-5,469	-0,059	-0,029	0,001	0,050	0,052	0,039	0,036	0,029	0,021	0,012	0,018	0,028	0,027	0,032	0,026	0,082	12,371
4,000	-3,050	-3,095	-3,109	-3,121	-3,115	-3,112	-3,109	-3,107	-3,101	-3,098	-3,091	-3,084	-3,071	-3,053	-3,030	-0,090	-0,060	-0,043	-0,012	0,001	0,005	0,015	0,014	0,019	0,022	0,029	0,036	0,040	0,045	0,035	0,042	12,209
5,000	-3,427	-3,488	-3,503	-3,525	-3,523	-3,519	-3,522	-3,523	-3,523	-3,520	-3,515	-3,511	-3,500	-3,478	-3,448	-0,128	-0,084	-0,067	-0,026	-0,012	-0,005	-0,002	0,001	0,003	0,011	0,023	0,033	0,041	0,049	0,041	0,051	11,133
6,000	-2,130	-2,163	-2,171	-2,159	-2,134	-2,120	-2,111	-2,112	-2,094	-2,102	-2,098	-2,093	-2,088	-2,078	-2,071	-0,064	-0,032	-0,009	0,022	0,032	0,030	0,030	0,024	0,020	0,021	0,018	0,016	0,016	0,013	0,011	0,027	11,543
7,000	-1,630	-1,661	-1,658	-1,675	-1,672	-1,675	-1,677	-1,681	-1,680	-1,685	-1,685	-1,687	-1,688	-1,682	-1,681	-0,052	-0,034	-0,026	-0,015	-0,015	-0,014	-0,012	-0,011	-0,008	-0,007	-0,002	-0,003	-0,001	0,003	0,002	0,034	10,913
8,000	-5,127	-5,157	-5,155	-5,169	-5,155	-5,155	-5,154	-5,151	-5,150	-5,159	-5,158	-5,155	-5,160	-5,154	-5,152	-0,043	-0,026	-0,020	-0,004	0,004	-0,000	0,001	-0,003	-0,002	-0,003	0,004	-0,001	0,001	0,003	0,001	0,058	10,869
9,000	-2,123	-2,111	-2,127	-2,121	-2,111	-2,103	-2,099	-2,096	-2,088	-2,089	-2,080	-2,073	-2,056	-2,043	-2,013	0,004	-0,012	-0,002	0,015	0,019	0,016	0,020	0,021	0,027	0,026	0,029	0,039	0,047	0,048	0,036	0,049	12,795
10,000	-1,497	-1,500	-1,479	-1,450	-1,422	-1,408	-1,399	-1,391	-1,386	-1,388	-1,386	-1,384	-1,377	-1,366	-1,353	-0,015	0,028	0,030	0,052	0,047	0,041	0,038	0,030	0,024	0,021	0,020	0,022	0,023	0,029	0,021	0,052	13,535
11,000	-3,007	-3,005	-2,991	-2,977	-2,957	-2,946	-2,937	-2,932	-2,925	-2,923	-2,917	-2,910	-2,903	-2,895	-2,886	-0,008	0,008	0,017	0,038	0,038	0,031	0,032	0,027	0,030	0,028	0,023	0,023	0,022	0,023	0,014	0,039	13,374
12,000	-4,419	-4,448	-4,445	-4,445	-4,431	-4,427	-4,427	-4,425	-4,424	-4,428	-4,424	-4,417	-4,407	-4,387	-4,364	-0,040	-0,020	-0,010	0,009	0,012	0,010	0,010	0,011	0,013	0,012	0,021	0,029	0,038	0,046	0,034	0,064	12,825
13,000	-1,945	-1,961	-1,974	-1,978	-1,971	-1,966	-1,961	-1,961	-1,957	-1,959	-1,956	-1,951	-1,940	-1,925	-1,908	-0,041	-0,032	-0,026	-0,000	0,005	0,007	0,010	0,009	0,013	0,012	0,018	0,025	0,030	0,033	0,028	0,044	11,682
14,000	-3,306	-3,236	-3,178	-3,124	-3,097	-3,080	-3,076	-3,070	-3,062	-3,065	-3,058	-3,053	-3,046	-3,028	-3,009	0,154	0,154	0,136	0,095	0,076	0,058	0,048	0,038	0,034	0,030	0,030	0,034	0,036	0,038	0,030	0,049	11,609
15,000	-2,249	-2,093	-2,044	-1,963	-1,940	-1,928	-1,921	-1,919	-1,913	-1,917	-1,914	-1,914	-1,909	-1,901	-1,896	0,270	0,227	0,186	0,115	0,082	0,056	0,046	0,036	0,027	0,020	0,018	0,016	0,017	0,017	0,012	0,052	12,122
	run	21	2022:11:15    09:47:35,243
0,000	-3,805	-3,839	-3,845	-3,865	-3,862	-3,865	-3,866	-3,869	-3,867	-3,875	-3,873	-3,873	-3,871	-3,862	-3,851	-0,048	-0,041	-0,033	-0,019	-0,014	-0,014	-0,011	-0,007	-0,004	-0,004	0,000	0,007	0,012	0,017	0,015	0,048	10,935
1,000	-4,289	-4,332	-4,339	-4,313	-4,283	-4,261	-4,251	-4,244	-4,233	-4,233	-4,226	-4,217	-4,210	-4,193	-4,179	-0,086	-0,042	-0,008	0,041	0,050	0,044	0,043	0,038	0,035	0,030	0,032	0,034	0,035	0,035	0,025	0,049	11,140
2,000	-2,738	-2,769	-2,778	-2,779	-2,765	-2,749	-2,737	-2,729	-2,716	-2,711	-2,703	-2,695	-2,690	-2,677	-2,668	-0,059	-0,039	-0,021	0,016	0,029	0,034	0,037	0,037	0,036	0,033	0,031	0,030	0,027	0,025	0,017	0,039	11,594
3,000	-5,512	-5,545	-5,557	-5,532	-5,497	-5,477	-5,473	-5,465	-5,463	-5,468	-5,464	-5,460	-5,456	-5,440	-5,423	-0,055	-0,032	-0,000	0,045	0,051	0,040	0,031	0,027	0,020	0,016	0,020	0,022	0,028	0,032	0,026	0,081	12,407
4,000	-3,034	-3,082	-3,091	-3,105	-3,100	-3,094	-3,093	-3,089	-3,085	-3,081	-3,075	-3,071	-3,060	-3,037	-3,017	-0,089	-0,060	-0,042	-0,009	0,001	0,006	0,013	0,017	0,019	0,020	0,026	0,033	0,040	0,044	0,033	0,041	12,239
5,000	-3,381	-3,438	-3,457	-3,474	-3,473	-3,470	-3,471	-3,471	-3,473	-3,468	-3,468	-3,462	-3,449	-3,428	-3,400	-0,128	-0,093	-0,067	-0,026	-0,013	-0,004	-0,001	0,001	0,004	0,013	0,022	0,033	0,042	0,049	0,039	0,051	11,191
6,000	-2,094	-2,125	-2,132	-2,117	-2,101	-2,087	-2,081	-2,070	-2,063	-2,065	-2,058	-2,056	-2,045	-2,045	-2,041	-0,059	-0,038	-0,015	0,022	0,033	0,029	0,030	0,028	0,025	0,018	0,020	0,013	0,014	0,013	0,009	0,027	11,602
7,000	-1,595	-1,627	-1,623	-1,639	-1,639	-1,643	-1,646	-1,647	-1,649	-1,654	-1,653	-1,657	-1,658	-1,653	-1,652	-0,048	-0,033	-0,029	-0,020	-0,018	-0,013	-0,011	-0,011	-0,010	-0,010	-0,007	-0,002	-0,003	0,002	0,002	0,034	11,001
8,000	-5,100	-5,132	-5,134	-5,140	-5,131	-5,127	-5,127	-5,127	-5,119	-5,126	-5,126	-5,122	-5,126	-5,125	-5,122	-0,040	-0,027	-0,015	-0,002	0,005	0,002	0,003	-0,000	-0,001	-0,006	-0,001	-0,001	0,004	0,002	0,003	0,059	10,972
9,000	-2,100	-2,095	-2,103	-2,101	-2,094	-2,090	-2,085	-2,081	-2,077	-2,072	-2,071	-2,063	-2,049	-2,024	-2,003	0,006	-0,003	-0,007	0,018	0,013	0,012	0,019	0,020	0,026	0,028	0,030	0,037	0,045	0,045	0,035	0,048	12,832
10,000	-1,490	-1,502	-1,483	-1,451	-1,425	-1,408	-1,403	-1,396	-1,390	-1,389	-1,391	-1,388	-1,381	-1,366	-1,356	-0,015	0,024	0,035	0,054	0,051	0,042	0,037	0,030	0,025	0,021	0,016	0,022	0,024	0,025	0,021	0,051	13,528
11,000	-2,992	-2,992	-2,983	-2,963	-2,946	-2,934	-2,925	-2,919	-2,913	-2,911	-2,904	-2,897	-2,893	-2,884	-2,873	-0,007	0,006	0,020	0,037	0,038	0,032	0,034	0,031	0,028	0,027	0,026	0,025	0,021	0,020	0,015	0,039	13,374
12,000	-4,435	-4,467	-4,465	-4,464	-4,452	-4,447	-4,448	-4,446	-4,446	-4,449	-4,445	-4,438	-4,427	-4,408	-4,383	-0,040	-0,019	-0,009	0,007	0,011	0,009	0,010	0,010	0,012	0,013	0,020	0,028	0,039	0,045	0,036	0,064	12,817
13,000	-1,951	-1,958	-1,978	-1,980	-1,969	-1,969	-1,964	-1,963	-1,957	-1,965	-1,958	-1,956	-1,942	-1,929	-1,907	-0,039	-0,032	-0,021	0,003	0,007	0,004	0,009	0,009	0,009	0,012	0,019	0,024	0,032	0,033	0,030	0,044	11,667
14,000	-3,353	-3,283	-3,225	-3,168	-3,139	-3,125	-3,119	-3,113	-3,107	-3,107	-3,104	-3,098	-3,089	-3,071	-3,052	0,152	0,152	0,135	0,099	0,075	0,057	0,048	0,041	0,035	0,029	0,030	0,034	0,036	0,041	0,031	0,049	11,572
15,000	-2,297	-2,139	-2,083	-2,002	-1,981	-1,968	-1,961	-1,957	-1,951	-1,953	-1,953	-1,951	-1,946	-1,939	-1,935	0,275	0,230	0,190	0,120	0,083	0,059	0,047	0,036	0,029	0,023	0,017	0,018	0,017	0,017	0,012	0,051	12,078
	run	22	2022:11:15    09:47:35,291
0,000	-3,849	-3,886	-3,890	-3,910	-3,909	-3,910	-3,915	-3,916	-3,916	-3,922	-3,921	-3,920	-3,918	-3,907	-3,896	-0,051	-0,042	-0,030	-0,020	-0,015	-0,014	-0,011	-0,008	-0,004	-0,004	0,000	0,007	0,012	0,017	0,016	0,049	10,928
1,000	-4,283	-4,333	-4,338	-4,309	-4,278	-4,257	-4,249	-4,239	-4,228	-4,229	-4,221	-4,215	-4,205	-4,189	-4,175	-0,080	-0,042	-0,011	0,046	0,054	0,046	0,044	0,040	0,037	0,032	0,034	0,033	0,035	0,033	0,025	0,048	11,133
2,000	-2,738	-2,769	-2,778	-2,779	-2,765	-2,749	-2,737	-2,729	-2,716	-2,711	-2,703	-2,695	-2,690	-2,677	-2,668	-0,059	-0,039	-0,021	0,016	0,029	0,034	0,037	0,037	0,036	0,033	0,031	0,030	0,027	0,025	0,017	0,039	11,594
3,000	-5,512	-5,545	-5,557	-5,532	-5,497	-5,477	-5,473	-5,465	-5,463	-5,468	-5,464	-5,460	-5,456	-5,440	-5,423	-0,055	-0,032	-0,000	0,045	0,051	0,040	0,031	0,027	0,020	0,016	0,020	0,022	0,028	0,032	0,026	0,081	12,407
4,000	-3,034	-3,082	-3,091	-3,105	-3,100	-3,094	-3,093	-3,089	-3,085	-3,081	-3,075	-3,071	-3,060	-3,037	-3,017	-0,089	-0,060	-0,042	-0,009	0,001	0,006	0,013	0,017	0,019	0,020	0,026	0,033	0,040	0,044	0,033	0,041	12,239
5,000	-3,381	-3,438	-3,457	-3,474	-3,473	-3,470	-3,471	-3,471	-3,473	-3,468	-3,468	-3,462	-3,449	-3,428	-3,400	-0,128	-0,093	-0,067	-0,026	-0,013	-0,004	-0,001	0,001	0,004	0,013	0,022	0,033	0,042	0,049	0,039	0,051	11,191
6,000	-2,094	-2,125	-2,132	-2,117	-2,101	-2,087	-2,081	-2,070	-2,063	-2,065	-2,058	-2,056	-2,045	-2,045	-2,041	-0,059	-0,038	-0,015	0,022	0,033	0,029	0,030	0,028	0,025	0,018	0,020	0,013	0,014	0,013	0,009	0,027	11,602
7,000	-1,595	-1,627	-1,623	-1,639	-1,639	-1,643	-1,646	-1,647	-1,649	-1,654	-1,653	-1,657	-1,658	-1,653	-1,652	-0,048	-0,033	-0,029	-0,020	-0,018	-0,013	-0,011	-0,011	-0,010	-0,010	-0,007	-0,002	-0,003	0,002	0,002	0,034	11,001
8,000	-5,083	-5,112	-5,114	-5,119	-5,110	-5,104	-5,106	-5,107	-5,099	-5,110	-5,109	-5,108	-5,112	-5,101	-5,104	-0,033	-0,023	-0,018	-0,001	0,004	0,002	0,000	-0,000	0,001	-0,001	-0,001	0,002	0,002	0,004	0,008	0,059	10,972
9,000	-2,085	-2,084	-2,100	-2,095	-2,088	-2,082	-2,076	-2,075	-2,068	-2,067	-2,068	-2,052	-2,042	-2,022	-1,995	0,005	-0,009	-0,003	0,011	0,018	0,011	0,019	0,023	0,022	0,021	0,028	0,040	0,043	0,046	0,035	0,048	12,876
10,000	-1,494	-1,504	-1,484	-1,451	-1,424	-1,408	-1,400	-1,390	-1,383	-1,387	-1,388	-1,385	-1,375	-1,363	-1,353	-0,012	0,029	0,033	0,056	0,053	0,045	0,038	0,031	0,024	0,021	0,019	0,019	0,026	0,024	0,019	0,052	13,542
11,000	-3,009	-3,012	-3,002	-2,977	-2,960	-2,948	-2,942	-2,934	-2,927	-2,924	-2,918	-2,913	-2,906	-2,895	-2,890	-0,004	0,011	0,024	0,040	0,040	0,033	0,033	0,029	0,029	0,025	0,025	0,024	0,022	0,023	0,014	0,039	13,337
12,000	-4,458	-4,488	-4,484	-4,483	-4,472	-4,467	-4,469	-4,467	-4,465	-4,470	-4,466	-4,461	-4,450	-4,429	-4,404	-0,042	-0,023	-0,011	0,008	0,009	0,007	0,010	0,009	0,010	0,013	0,021	0,028	0,038	0,045	0,036	0,064	12,788
13,000	-1,962	-1,980	-1,994	-1,992	-1,985	-1,985	-1,982	-1,980	-1,973	-1,975	-1,973	-1,968	-1,957	-1,941	-1,924	-0,042	-0,031	-0,025	0,003	0,005	0,002	0,005	0,012	0,014	0,016	0,016	0,025	0,029	0,035	0,027	0,044	11,638
14,000	-3,379	-3,304	-3,248	-3,194	-3,164	-3,148	-3,142	-3,137	-3,131	-3,132	-3,129	-3,122	-3,115	-3,098	-3,077	0,159	0,158	0,136	0,096	0,077	0,058	0,051	0,041	0,034	0,028	0,028	0,034	0,036	0,038	0,030	0,048	11,572
15,000	-2,302	-2,144	-2,089	-2,008	-1,983	-1,971	-1,966	-1,964	-1,957	-1,957	-1,957	-1,956	-1,951	-1,943	-1,937	0,274	0,231	0,191	0,119	0,084	0,059	0,047	0,037	0,028	0,023	0,018	0,016	0,019	0,017	0,012	0,051	12,085
	run	23	2022:11:15    09:47:35,391
0,000	-3,825	-3,861	-3,869	-3,890	-3,888	-3,890	-3,891	-3,894	-3,895	-3,903	-3,901	-3,899	-3,895	-3,886	-3,876	-0,052	-0,044	-0,034	-0,021	-0,016	-0,014	-0,012	-0,008	-0,004	-0,004	0,002	0,007	0,013	0,017	0,016	0,049	10,964
1,000	-4,288	-4,338	-4,340	-4,314	-4,280	-4,258	-4,249	-4,240	-4,229	-4,228	-4,220	-4,213	-4,206	-4,189	-4,175	-0,084	-0,043	-0,006	0,049	0,055	0,048	0,045	0,039	0,037	0,032	0,033	0,036	0,034	0,036	0,025	0,048	11,162
2,000	-2,755	-2,789	-2,798	-2,802	-2,785	-2,768	-2,758	-2,750	-2,737	-2,733	-2,722	-2,718	-2,709	-2,699	-2,691	-0,054	-0,041	-0,020	0,018	0,031	0,035	0,038	0,039	0,037	0,033	0,030	0,028	0,026	0,029	0,017	0,038	11,565
3,000	-5,523	-5,560	-5,573	-5,543	-5,510	-5,487	-5,481	-5,477	-5,470	-5,475	-5,474	-5,470	-5,466	-5,449	-5,431	-0,056	-0,032	-0,004	0,045	0,050	0,041	0,035	0,028	0,020	0,016	0,019	0,022	0,028	0,032	0,024	0,079	12,378
4,000	-3,031	-3,088	-3,092	-3,106	-3,103	-3,097	-3,096	-3,091	-3,088	-3,084	-3,080	-3,071	-3,062	-3,037	-3,018	-0,087	-0,061	-0,045	-0,012	0,001	0,007	0,015	0,015	0,019	0,022	0,029	0,037	0,041	0,044	0,034	0,042	12,239
5,000	-3,379	-3,432	-3,459	-3,471	-3,473	-3,472	-3,469	-3,471	-3,472	-3,469	-3,466	-3,462	-3,450	-3,430	-3,401	-0,129	-0,090	-0,066	-0,025	-0,012	-0,002	0,001	-0,001	0,008	0,011	0,022	0,033	0,040	0,048	0,039	0,051	11,184
6,000	-2,091	-2,123	-2,128	-2,117	-2,101	-2,085	-2,076	-2,069	-2,064	-2,060	-2,059	-2,050	-2,048	-2,039	-2,037	-0,061	-0,034	-0,010	0,020	0,033	0,026	0,030	0,023	0,024	0,020	0,019	0,016	0,015	0,013	0,010	0,026	11,602
7,000	-1,604	-1,637	-1,635	-1,653	-1,652	-1,655	-1,660	-1,661	-1,664	-1,669	-1,668	-1,671	-1,668	-1,668	-1,666	-0,052	-0,033	-0,032	-0,020	-0,019	-0,016	-0,014	-0,011	-0,010	-0,008	-0,006	-0,000	0,000	0,004	0,003	0,035	10,979
8,000	-5,067	-5,096	-5,098	-5,106	-5,096	-5,089	-5,088	-5,089	-5,085	-5,092	-5,093	-5,089	-5,089	-5,090	-5,089	-0,038	-0,025	-0,017	0,003	0,005	0,003	0,003	-0,001	0,002	-0,001	-0,001	-0,000	0,000	0,007	0,004	0,058	10,972
9,000	-2,093	-2,094	-2,102	-2,102	-2,093	-2,088	-2,081	-2,082	-2,074	-2,076	-2,069	-2,062	-2,046	-2,029	-2,003	0,007	-0,006	-0,005	0,011	0,012	0,010	0,017	0,019	0,021	0,022	0,027	0,038	0,040	0,048	0,038	0,046	12,883
10,000	-1,491	-1,507	-1,487	-1,456	-1,429	-1,415	-1,402	-1,398	-1,393	-1,394	-1,391	-1,389	-1,383	-1,370	-1,357	-0,011	0,021	0,032	0,055	0,051	0,043	0,036	0,027	0,022	0,019	0,022	0,022	0,027	0,027	0,020	0,050	13,572
11,000	-3,021	-3,020	-3,011	-2,991	-2,972	-2,959	-2,953	-2,946	-2,939	-2,935	-2,929	-2,923	-2,915	-2,908	-2,899	-0,003	0,012	0,019	0,038	0,039	0,034	0,033	0,033	0,029	0,027	0,027	0,024	0,024	0,021	0,015	0,039	13,374
12,000	-4,474	-4,512	-4,503	-4,506	-4,493	-4,490	-4,490	-4,488	-4,486	-4,488	-4,487	-4,479	-4,471	-4,448	-4,424	-0,043	-0,021	-0,013	0,009	0,012	0,008	0,010	0,010	0,012	0,013	0,024	0,029	0,038	0,044	0,037	0,065	12,788
13,000	-1,962	-1,976	-1,995	-1,993	-1,985	-1,980	-1,976	-1,979	-1,971	-1,977	-1,975	-1,967	-1,961	-1,941	-1,924	-0,037	-0,033	-0,021	0,002	0,004	0,008	0,009	0,009	0,013	0,013	0,019	0,026	0,032	0,037	0,027	0,044	11,653
14,000	-3,362	-3,288	-3,231	-3,174	-3,147	-3,130	-3,123	-3,120	-3,115	-3,115	-3,109	-3,104	-3,095	-3,078	-3,060	0,151	0,158	0,134	0,097	0,076	0,057	0,049	0,041	0,035	0,030	0,029	0,033	0,038	0,041	0,030	0,048	11,572
15,000	-2,277	-2,123	-2,070	-1,987	-1,963	-1,954	-1,948	-1,944	-1,938	-1,940	-1,939	-1,936	-1,932	-1,925	-1,919	0,269	0,230	0,189	0,118	0,082	0,058	0,047	0,038	0,027	0,022	0,018	0,017	0,017	0,017	0,013	0,051	12,092
	run	24	2022:11:15    09:47:35,442
0,000	-3,825	-3,861	-3,869	-3,890	-3,888	-3,890	-3,891	-3,894	-3,895	-3,903	-3,901	-3,899	-3,895	-3,886	-3,876	-0,052	-0,044	-0,034	-0,021	-0,016	-0,014	-0,012	-0,008	-0,004	-0,004	0,002	0,007	0,013	0,017	0,016	0,049	10,964
1,000	-4,288	-4,338	-4,340	-4,314	-4,280	-4,258	-4,249	-4,240	-4,229	-4,228	-4,220	-4,213	-4,206	-4,189	-4,175	-0,084	-0,043	-0,006	0,049	0,055	0,048	0,045	0,039	0,037	0,032	0,033	0,036	0,034	0,036	0,025	0,048	11,162
2,000	-2,755	-2,789	-2,798	-2,802	-2,785	-2,768	-2,758	-2,750	-2,737	-2,733	-2,722	-2,718	-2,709	-2,699	-2,691	-0,054	-0,041	-0,020	0,018	0,031	0,035	0,038	0,039	0,037	0,033	0,030	0,028	0,026	0,029	0,017	0,038	11,565
3,000	-5,523	-5,560	-5,573	-5,543	-5,510	-5,487	-5,481	-5,477	-5,470	-5,475	-5,474	-5,470	-5,466	-5,449	-5,431	-0,056	-0,032	-0,004	0,045	0,050	0,041	0,035	0,028	0,020	0,016	0,019	0,022	0,028	0,032	0,024	0,079	12,378
4,000	-3,031	-3,088	-3,092	-3,106	-3,103	-3,097	-3,096	-3,091	-3,088	-3,084	-3,080	-3,071	-3,062	-3,037	-3,018	-0,087	-0,061	-0,045	-0,012	0,001	0,007	0,015	0,015	0,019	0,022	0,029	0,037	0,041	0,044	0,034	0,042	12,239
5,000	-3,379	-3,432	-3,459	-3,471	-3,473	-3,472	-3,469	-3,471	-3,472	-3,469	-3,466	-3,462	-3,450	-3,430	-3,401	-0,129	-0,090	-0,066	-0,025	-0,012	-0,002	0,001	-0,001	0,008	0,011	0,022	0,033	0,040	0,048	0,039	0,051	11,184
6,000	-2,107	-2,138	-2,145	-2,132	-2,114	-2,101	-2,092	-2,087	-2,078	-2,076	-2,070	-2,070	-2,064	-2,061	-2,052	-0,067	-0,035	-0,014	0,019	0,029	0,029	0,029	0,029	0,021	0,022	0,020	0,016	0,015	0,016	0,011	0,027	11,587
7,000	-1,608	-1,644	-1,641	-1,657	-1,656	-1,659	-1,662	-1,665	-1,666	-1,669	-1,675	-1,672	-1,674	-1,672	-1,668	-0,054	-0,037	-0,029	-0,021	-0,018	-0,014	-0,014	-0,009	-0,008	-0,007	-0,003	-0,002	-0,000	0,002	0,002	0,035	10,972
8,000	-5,097	-5,122	-5,120	-5,133	-5,119	-5,118	-5,120	-5,116	-5,115	-5,122	-5,118	-5,121	-5,125	-5,117	-5,115	-0,039	-0,026	-0,016	0,000	0,006	0,000	0,003	0,004	-0,000	-0,001	-0,001	-0,002	0,004	0,004	-0,000	0,059	10,942
9,000	-2,088	-2,087	-2,090	-2,090	-2,081	-2,073	-2,068	-2,069	-2,060	-2,063	-2,055	-2,044	-2,036	-2,016	-1,988	0,004	-0,008	0,000	0,012	0,016	0,022	0,014	0,020	0,025	0,025	0,030	0,039	0,044	0,045	0,035	0,048	12,854
10,000	-1,491	-1,504	-1,481	-1,456	-1,426	-1,411	-1,403	-1,399	-1,390	-1,394	-1,387	-1,389	-1,382	-1,370	-1,357	-0,009	0,026	0,030	0,052	0,049	0,043	0,036	0,030	0,024	0,021	0,020	0,022	0,024	0,026	0,021	0,051	13,535
11,000	-3,010	-3,010	-3,001	-2,982	-2,962	-2,950	-2,944	-2,937	-2,930	-2,928	-2,924	-2,917	-2,912	-2,901	-2,892	-0,009	0,009	0,018	0,037	0,040	0,032	0,032	0,032	0,028	0,026	0,025	0,026	0,023	0,022	0,017	0,040	13,374
12,000	-4,437	-4,469	-4,462	-4,462	-4,451	-4,448	-4,447	-4,443	-4,444	-4,447	-4,446	-4,439	-4,427	-4,406	-4,382	-0,041	-0,019	-0,009	0,011	0,012	0,010	0,011	0,009	0,011	0,013	0,023	0,032	0,038	0,045	0,034	0,065	12,825
13,000	-1,954	-1,967	-1,983	-1,986	-1,976	-1,972	-1,968	-1,970	-1,966	-1,964	-1,965	-1,961	-1,950	-1,932	-1,915	-0,037	-0,029	-0,021	0,001	0,005	0,006	0,007	0,012	0,011	0,014	0,019	0,024	0,030	0,036	0,029	0,044	11,653
14,000	-3,323	-3,253	-3,193	-3,138	-3,109	-3,095	-3,087	-3,083	-3,079	-3,078	-3,069	-3,067	-3,058	-3,041	-3,022	0,151	0,156	0,135	0,095	0,077	0,058	0,047	0,041	0,032	0,027	0,029	0,032	0,036	0,039	0,031	0,048	11,565
15,000	-2,256	-2,102	-2,049	-1,970	-1,947	-1,935	-1,929	-1,926	-1,919	-1,923	-1,922	-1,919	-1,915	-1,908	-1,902	0,268	0,226	0,188	0,117	0,080	0,056	0,047	0,037	0,028	0,023	0,017	0,018	0,018	0,017	0,012	0,051	12,107
	run	25	2022:11:15    09:47:35,543
0,000	-3,739	-3,781	-3,782	-3,802	-3,800	-3,804	-3,804	-3,807	-3,807	-3,812	-3,813	-3,809	-3,808	-3,796	-3,785	-0,055	-0,042	-0,034	-0,021	-0,013	-0,012	-0,007	-0,005	-0,001	-0,002	0,002	0,009	0,012	0,019	0,018	0,051	11,038
1,000	-4,181	-4,227	-4,236	-4,214	-4,182	-4,166	-4,156	-4,150	-4,137	-4,141	-4,132	-4,123	-4,117	-4,101	-4,086	-0,089	-0,048	-0,012	0,038	0,045	0,037	0,040	0,036	0,033	0,030	0,032	0,033	0,033	0,035	0,025	0,049	11,272
2,000	-2,696	-2,731	-2,741	-2,741	-2,724	-2,711	-2,701	-2,693	-2,682	-2,676	-2,670	-2,661	-2,654	-2,644	-2,632	-0,055	-0,041	-0,022	0,015	0,030	0,033	0,039	0,037	0,034	0,030	0,032	0,029	0,027	0,025	0,015	0,038	11,675
3,000	-5,485	-5,524	-5,537	-5,506	-5,475	-5,456	-5,448	-5,444	-5,435	-5,443	-5,440	-5,440	-5,431	-5,417	-5,400	-0,057	-0,031	-0,001	0,043	0,049	0,037	0,031	0,025	0,020	0,017	0,018	0,024	0,029	0,034	0,025	0,079	12,458
4,000	-3,048	-3,096	-3,108	-3,122	-3,113	-3,110	-3,108	-3,102	-3,100	-3,098	-3,093	-3,082	-3,071	-3,052	-3,029	-0,088	-0,061	-0,043	-0,011	0,001	0,006	0,012	0,016	0,018	0,023	0,031	0,036	0,041	0,042	0,034	0,042	12,231
5,000	-3,403	-3,461	-3,476	-3,497	-3,496	-3,490	-3,491	-3,494	-3,495	-3,493	-3,489	-3,484	-3,473	-3,450	-3,422	-0,126	-0,086	-0,065	-0,028	-0,012	-0,009	-0,003	-0,001	0,008	0,012	0,022	0,032	0,041	0,048	0,041	0,052	11,169
6,000	-2,115	-2,147	-2,152	-2,139	-2,124	-2,109	-2,101	-2,095	-2,086	-2,082	-2,080	-2,074	-2,074	-2,069	-2,060	-0,063	-0,031	-0,012	0,025	0,029	0,031	0,030	0,025	0,023	0,020	0,021	0,019	0,017	0,017	0,010	0,027	11,580
7,000	-1,614	-1,652	-1,648	-1,663	-1,662	-1,664	-1,667	-1,670	-1,671	-1,676	-1,676	-1,676	-1,676	-1,674	-1,671	-0,052	-0,032	-0,028	-0,016	-0,014	-0,013	-0,011	-0,011	-0,008	-0,008	-0,002	-0,002	0,003	0,003	0,002	0,035	10,950
8,000	-5,152	-5,184	-5,185	-5,194	-5,184	-5,182	-5,182	-5,182	-5,175	-5,186	-5,188	-5,184	-5,186	-5,182	-5,180	-0,035	-0,026	-0,017	-0,002	0,005	0,000	0,003	0,002	-0,000	-0,001	-0,002	0,002	0,001	0,003	0,002	0,059	10,906
9,000	-2,105	-2,103	-2,113	-2,107	-2,098	-2,088	-2,082	-2,083	-2,075	-2,077	-2,069	-2,062	-2,049	-2,027	-2,001	0,008	-0,014	0,003	0,020	0,019	0,015	0,020	0,024	0,019	0,024	0,033	0,039	0,044	0,045	0,034	0,047	12,788
10,000	-1,508	-1,517	-1,499	-1,461	-1,434	-1,418	-1,413	-1,402	-1,400	-1,400	-1,397	-1,395	-1,388	-1,378	-1,365	-0,009	0,029	0,036	0,058	0,054	0,045	0,038	0,029	0,024	0,019	0,020	0,020	0,026	0,027	0,022	0,051	13,462
11,000	-3,014	-3,012	-3,002	-2,982	-2,963	-2,951	-2,946	-2,939	-2,929	-2,927	-2,921	-2,916	-2,909	-2,899	-2,893	-0,004	0,013	0,022	0,035	0,037	0,034	0,033	0,031	0,032	0,026	0,025	0,026	0,023	0,022	0,015	0,039	13,330
12,000	-4,447	-4,482	-4,477	-4,476	-4,466	-4,461	-4,463	-4,461	-4,459	-4,462	-4,459	-4,454	-4,444	-4,421	-4,396	-0,049	-0,023	-0,013	0,006	0,012	0,009	0,010	0,008	0,011	0,013	0,022	0,030	0,039	0,046	0,036	0,065	12,788
13,000	-1,944	-1,957	-1,973	-1,967	-1,964	-1,958	-1,955	-1,959	-1,946	-1,954	-1,950	-1,946	-1,936	-1,921	-1,906	-0,041	-0,031	-0,024	0,002	0,004	0,008	0,008	0,009	0,008	0,012	0,018	0,023	0,031	0,036	0,031	0,044	11,653
14,000	-3,298	-3,229	-3,172	-3,114	-3,087	-3,071	-3,067	-3,059	-3,053	-3,055	-3,049	-3,044	-3,038	-3,020	-3,000	0,154	0,154	0,136	0,095	0,074	0,055	0,048	0,041	0,034	0,029	0,030	0,031	0,035	0,038	0,029	0,048	11,602
15,000	-2,235	-2,081	-2,030	-1,950	-1,929	-1,917	-1,910	-1,907	-1,902	-1,904	-1,904	-1,902	-1,899	-1,892	-1,887	0,269	0,224	0,183	0,113	0,081	0,056	0,046	0,034	0,026	0,022	0,017	0,017	0,016	0,017	0,012	0,052	12,129
	run	26	2022:11:15    09:47:35,643
0,000	-3,732	-3,766	-3,769	-3,791	-3,790	-3,791	-3,794	-3,796	-3,794	-3,800	-3,799	-3,796	-3,796	-3,784	-3,775	-0,050	-0,042	-0,033	-0,019	-0,014	-0,012	-0,007	-0,007	-0,001	-0,003	0,001	0,009	0,012	0,018	0,013	0,049	11,060
1,000	-4,183	-4,228	-4,235	-4,214	-4,183	-4,162	-4,157	-4,147	-4,136	-4,138	-4,130	-4,122	-4,115	-4,098	-4,085	-0,086	-0,049	-0,013	0,039	0,047	0,040	0,039	0,035	0,034	0,030	0,033	0,034	0,032	0,035	0,024	0,047	11,287
2,000	-2,700	-2,730	-2,739	-2,744	-2,728	-2,713	-2,704	-2,695	-2,683	-2,677	-2,669	-2,659	-2,656	-2,645	-2,634	-0,057	-0,040	-0,022	0,016	0,030	0,033	0,036	0,035	0,038	0,033	0,032	0,029	0,027	0,024	0,017	0,038	11,667
3,000	-5,496	-5,528	-5,542	-5,515	-5,484	-5,465	-5,457	-5,451	-5,446	-5,454	-5,451	-5,446	-5,443	-5,426	-5,407	-0,063	-0,032	-0,005	0,044	0,048	0,038	0,030	0,026	0,020	0,015	0,017	0,022	0,026	0,032	0,022	0,080	12,451
4,000	-3,061	-3,103	-3,112	-3,129	-3,119	-3,116	-3,111	-3,110	-3,106	-3,105	-3,098	-3,089	-3,078	-3,058	-3,034	-0,085	-0,060	-0,043	-0,011	0,002	0,006	0,014	0,016	0,021	0,022	0,030	0,035	0,041	0,044	0,033	0,041	12,283
5,000	-3,429	-3,497	-3,510	-3,528	-3,529	-3,525	-3,526	-3,528	-3,528	-3,526	-3,523	-3,517	-3,503	-3,483	-3,456	-0,128	-0,091	-0,069	-0,028	-0,012	-0,006	-0,002	0,001	0,004	0,013	0,023	0,031	0,042	0,050	0,041	0,052	11,184
6,000	-2,149	-2,172	-2,185	-2,174	-2,151	-2,137	-2,126	-2,122	-2,117	-2,111	-2,106	-2,107	-2,098	-2,093	-2,085	-0,066	-0,032	-0,012	0,022	0,034	0,028	0,028	0,031	0,028	0,024	0,018	0,023	0,021	0,015	0,012	0,028	11,521
7,000	-1,669	-1,696	-1,692	-1,712	-1,706	-1,713	-1,714	-1,718	-1,718	-1,723	-1,723	-1,724	-1,723	-1,719	-1,718	-0,053	-0,028	-0,029	-0,016	-0,012	-0,014	-0,011	-0,008	-0,008	-0,008	-0,005	-0,001	0,000	0,005	0,003	0,036	10,898
8,000	-5,150	-5,171	-5,175	-5,185	-5,173	-5,172	-5,168	-5,168	-5,170	-5,172	-5,173	-5,169	-5,175	-5,171	-5,170	-0,036	-0,029	-0,018	0,001	0,003	0,001	0,001	0,001	-0,005	-0,004	-0,001	0,002	0,006	0,003	-0,000	0,059	10,862
9,000	-2,211	-2,201	-2,217	-2,214	-2,201	-2,193	-2,188	-2,192	-2,175	-2,178	-2,170	-2,161	-2,148	-2,127	-2,099	0,005	-0,011	-0,001	0,017	0,018	0,018	0,025	0,022	0,024	0,027	0,034	0,040	0,044	0,049	0,039	0,048	12,759
10,000	-1,505	-1,512	-1,494	-1,460	-1,432	-1,415	-1,406	-1,401	-1,389	-1,397	-1,394	-1,391	-1,388	-1,373	-1,360	-0,008	0,027	0,036	0,057	0,055	0,043	0,039	0,031	0,025	0,022	0,022	0,021	0,025	0,027	0,021	0,051	13,506
11,000	-3,036	-3,035	-3,025	-3,007	-2,987	-2,973	-2,966	-2,961	-2,954	-2,951	-2,943	-2,939	-2,933	-2,922	-2,914	-0,005	0,011	0,024	0,040	0,039	0,034	0,033	0,032	0,028	0,026	0,026	0,025	0,023	0,023	0,015	0,040	13,323
12,000	-4,446	-4,484	-4,473	-4,477	-4,465	-4,461	-4,461	-4,456	-4,455	-4,460	-4,456	-4,451	-4,441	-4,419	-4,395	-0,046	-0,021	-0,011	0,008	0,014	0,009	0,010	0,010	0,011	0,014	0,021	0,029	0,040	0,044	0,036	0,065	12,781
13,000	-1,944	-1,956	-1,972	-1,973	-1,966	-1,962	-1,960	-1,959	-1,951	-1,956	-1,956	-1,950	-1,937	-1,923	-1,905	-0,040	-0,032	-0,027	0,001	0,006	0,006	0,008	0,011	0,011	0,011	0,022	0,024	0,030	0,037	0,028	0,044	11,660
14,000	-3,291	-3,213	-3,161	-3,107	-3,079	-3,064	-3,057	-3,053	-3,047	-3,048	-3,041	-3,035	-3,030	-3,013	-2,994	0,149	0,153	0,133	0,093	0,074	0,057	0,047	0,040	0,034	0,029	0,029	0,033	0,033	0,039	0,029	0,048	11,624
15,000	-2,222	-2,071	-2,020	-1,941	-1,917	-1,910	-1,900	-1,899	-1,893	-1,894	-1,895	-1,893	-1,888	-1,880	-1,876	0,263	0,220	0,183	0,112	0,080	0,054	0,044	0,035	0,027	0,022	0,017	0,016	0,019	0,016	0,012	0,051	12,136
