Device: PM2003001		2022:11:08    10:55:25,778  (DLL version: 1.20;  Status: HW:v1.02 SW:v1.3 CRC:31ED BATTERY:4154mV ST:0 ERR:0000;  MUX data; S: 92 I:143 R:200.000 C:1.094p F:)
Excitation level, V:	2,00
Voltage Channel Gain:	5
Current Channel Gain:	1
Voltmeter Range, V:	0,6
Ampermeter Range, A:	15,0m
Step Period, ms:	5
R transimp:	200
C transimp:	1,1p
Measurement Table: 	EEPROM  16

Freq, Hz	1,0k	2,0k	3,0k	7,0k	11,0k	17,0k	23,0k	31,0k	43,0k	61,0k	89,0k	127,0k	179,0k	251,0k	349,0k	1,0k	2,0k	3,0k	7,0k	11,0k	17,0k	23,0k	31,0k	43,0k	61,0k	89,0k	127,0k	179,0k	251,0k	349,0k
	run	1	2022:11:08    10:55:25,780
MUX	Re1, ohm	Re2, ohm	Re3, ohm	Re4, ohm	Re5, ohm	Re6, ohm	Re7, ohm	Re8, ohm	Re9, ohm	Re10, ohm	Re11, ohm	Re12, ohm	Re13, ohm	Re14, ohm	Re15, ohm	Im1, ohm	Im2, ohm	Im3, ohm	Im4, ohm	Im5, ohm	Im6, ohm	Im7, ohm	Im8, ohm	Im9, ohm	Im10, ohm	Im11, ohm	Im12, ohm	Im13, ohm	Im14, ohm	Im15, ohm	U, V	I, mA

0,000	-13,146	-13,242	-13,282	-13,365	-13,386	-13,398	-13,405	-13,407	-13,410	-13,415	-13,403	-13,382	-13,339	-13,249	-13,143	-0,268	-0,217	-0,189	-0,109	-0,079	-0,051	-0,031	-0,013	0,014	0,035	0,075	0,113	0,156	0,182	0,146	0,000	0,000
1,000	-16,690	-16,705	-16,621	-16,434	-16,295	-16,201	-16,145	-16,104	-16,061	-16,032	-15,992	-15,955	-15,900	-15,814	-15,710	-0,006	0,156	0,204	0,311	0,309	0,277	0,261	0,227	0,212	0,196	0,197	0,202	0,201	0,209	0,160	0,000	0,000
2,000	-10,075	-10,081	-10,051	-9,939	-9,843	-9,769	-9,723	-9,694	-9,643	-9,612	-9,560	-9,496	-9,393	-9,257	-9,088	0,008	0,078	0,120	0,213	0,240	0,219	0,224	0,220	0,229	0,238	0,260	0,296	0,324	0,332	0,252	0,000	0,000
3,000	-19,963	-19,968	-19,939	-19,647	-19,455	-19,328	-19,262	-19,204	-19,151	-19,145	-19,101	-19,069	-19,016	-18,912	-18,792	0,058	0,185	0,277	0,425	0,422	0,356	0,311	0,273	0,237	0,207	0,209	0,219	0,224	0,237	0,177	0,000	0,000
4,000	-10,792	-10,927	-10,832	-10,829	-10,791	-10,800	-10,790	-10,789	-10,788	-10,775	-10,733	-10,668	-10,532	-10,326	-10,044	-0,321	-0,027	-0,034	0,031	0,035	0,070	0,077	0,090	0,119	0,180	0,265	0,338	0,438	0,489	0,403	0,000	0,000
5,000	-12,229	-12,139	-12,329	-12,340	-12,363	-12,332	-12,317	-12,323	-12,292	-12,287	-12,238	-12,153	-12,017	-11,776	-11,462	-0,017	-0,206	-0,138	-0,025	0,004	0,034	0,070	0,105	0,154	0,204	0,294	0,388	0,485	0,547	0,442	0,000	0,000
6,000	-8,586	-8,597	-8,500	-8,371	-8,274	-8,220	-8,183	-8,152	-8,118	-8,097	-8,041	-7,984	-7,903	-7,760	-7,586	-0,094	0,105	0,155	0,221	0,220	0,201	0,202	0,195	0,196	0,208	0,237	0,276	0,311	0,327	0,257	0,000	0,000
7,000	-6,995	-7,002	-6,964	-6,913	-6,857	-6,829	-6,820	-6,808	-6,789	-6,794	-6,773	-6,754	-6,733	-6,685	-6,635	-0,080	0,000	0,055	0,091	0,089	0,079	0,078	0,072	0,068	0,068	0,079	0,083	0,097	0,103	0,078	0,000	0,000
8,000	-19,963	-20,159	-20,183	-20,291	-20,285	-20,333	-20,368	-20,393	-20,423	-20,476	-20,499	-20,513	-20,511	-20,473	-20,413	-0,375	-0,222	-0,214	-0,144	-0,130	-0,146	-0,137	-0,135	-0,118	-0,104	-0,066	-0,017	0,017	0,057	0,056	0,000	0,000
9,000	-9,689	-9,684	-9,642	-9,480	-9,357	-9,244	-9,178	-9,126	-9,071	-9,027	-8,970	-8,910	-8,830	-8,707	-8,560	-0,015	0,074	0,153	0,291	0,322	0,298	0,290	0,277	0,263	0,259	0,268	0,281	0,295	0,295	0,221	0,000	0,000
10,000	-9,880	-9,895	-9,730	-9,570	-9,460	-9,423	-9,399	-9,378	-9,363	-9,368	-9,340	-9,313	-9,253	-9,161	-9,053	-0,110	0,175	0,198	0,236	0,196	0,169	0,144	0,134	0,116	0,125	0,139	0,162	0,196	0,208	0,165	0,000	0,000
11,000	-10,536	-10,437	-10,419	-10,271	-10,190	-10,133	-10,103	-10,077	-10,049	-10,033	-10,000	-9,950	-9,885	-9,778	-9,658	0,056	0,114	0,155	0,209	0,195	0,162	0,164	0,160	0,161	0,162	0,182	0,212	0,233	0,239	0,186	0,000	0,000
12,000	-15,187	-15,248	-15,186	-15,139	-15,082	-15,063	-15,056	-15,045	-15,032	-15,040	-15,019	-14,988	-14,938	-14,832	-14,710	-0,158	0,010	0,034	0,082	0,081	0,069	0,071	0,074	0,074	0,088	0,122	0,156	0,194	0,222	0,175	0,000	0,000
13,000	-7,944	-7,875	-7,830	-7,798	-7,769	-7,751	-7,737	-7,722	-7,695	-7,668	-7,619	-7,564	-7,475	-7,348	-7,184	0,364	0,238	0,180	0,121	0,110	0,116	0,124	0,140	0,151	0,178	0,224	0,254	0,292	0,304	0,240	0,000	0,000
14,000	-10,356	-9,903	-9,908	-9,729	-9,712	-9,675	-9,649	-9,651	-9,626	-9,622	-9,612	-9,569	-9,497	-9,379	-9,207	1,032	0,548	0,447	0,280	0,206	0,154	0,143	0,122	0,125	0,147	0,171	0,197	0,261	0,287	0,238	0,000	0,000
15,000	-8,994	-8,984	-8,910	-8,873	-8,839	-8,827	-8,822	-8,810	-8,791	-8,791	-8,771	-8,749	-8,708	-8,640	-8,567	0,025	0,121	0,080	0,088	0,072	0,069	0,071	0,072	0,074	0,087	0,100	0,115	0,139	0,143	0,118	0,000	0,000
	run	2	2022:11:08    10:55:25,881
0,000	-13,129	-13,219	-13,244	-13,324	-13,353	-13,367	-13,366	-13,372	-13,374	-13,377	-13,373	-13,347	-13,299	-13,221	-13,117	-0,265	-0,200	-0,164	-0,097	-0,079	-0,049	-0,033	-0,013	0,010	0,037	0,068	0,112	0,151	0,177	0,141	0,000	0,000
1,000	-16,680	-16,669	-16,610	-16,433	-16,303	-16,208	-16,149	-16,107	-16,062	-16,036	-15,997	-15,959	-15,907	-15,821	-15,718	-0,003	0,136	0,186	0,295	0,302	0,271	0,259	0,225	0,209	0,191	0,198	0,206	0,208	0,212	0,163	0,000	0,000
2,000	-10,008	-9,987	-9,974	-9,869	-9,767	-9,691	-9,648	-9,614	-9,566	-9,534	-9,480	-9,413	-9,323	-9,184	-9,018	0,019	0,076	0,126	0,216	0,233	0,217	0,223	0,215	0,224	0,233	0,261	0,296	0,314	0,326	0,244	0,000	0,000
3,000	-19,808	-19,795	-19,776	-19,502	-19,310	-19,187	-19,116	-19,063	-19,010	-18,991	-18,950	-18,917	-18,866	-18,765	-18,649	0,077	0,191	0,267	0,419	0,417	0,347	0,310	0,272	0,242	0,208	0,206	0,218	0,226	0,231	0,172	0,000	0,000
4,000	-10,677	-10,794	-10,703	-10,683	-10,644	-10,642	-10,640	-10,642	-10,638	-10,617	-10,585	-10,521	-10,390	-10,185	-9,912	-0,302	-0,006	-0,028	0,041	0,042	0,073	0,074	0,090	0,115	0,173	0,254	0,330	0,425	0,474	0,392	0,000	0,000
5,000	-12,151	-12,070	-12,242	-12,258	-12,279	-12,254	-12,241	-12,240	-12,212	-12,198	-12,159	-12,070	-11,932	-11,698	-11,384	-0,016	-0,200	-0,136	-0,024	0,010	0,031	0,073	0,109	0,151	0,198	0,284	0,384	0,480	0,544	0,447	0,000	0,000
6,000	-8,688	-8,704	-8,608	-8,476	-8,375	-8,315	-8,284	-8,259	-8,213	-8,196	-8,145	-8,087	-7,997	-7,855	-7,678	-0,080	0,108	0,153	0,221	0,221	0,195	0,196	0,192	0,198	0,210	0,242	0,280	0,317	0,336	0,254	0,000	0,000
7,000	-7,172	-7,168	-7,133	-7,045	-6,999	-6,961	-6,953	-6,941	-6,932	-6,929	-6,910	-6,891	-6,863	-6,813	-6,758	-0,072	0,028	0,073	0,111	0,103	0,088	0,081	0,075	0,075	0,072	0,081	0,093	0,101	0,108	0,079	0,000	0,000
8,000	-20,257	-20,467	-20,493	-20,611	-20,602	-20,648	-20,691	-20,718	-20,735	-20,804	-20,815	-20,834	-20,836	-20,795	-20,735	-0,358	-0,229	-0,221	-0,159	-0,140	-0,150	-0,140	-0,133	-0,119	-0,100	-0,065	-0,021	0,019	0,061	0,060	0,000	0,000
9,000	-9,801	-9,778	-9,716	-9,543	-9,412	-9,299	-9,233	-9,185	-9,122	-9,083	-9,024	-8,966	-8,882	-8,757	-8,607	-0,019	0,097	0,184	0,324	0,339	0,314	0,306	0,279	0,270	0,258	0,277	0,291	0,300	0,301	0,229	0,000	0,000
10,000	-9,960	-9,954	-9,793	-9,621	-9,520	-9,474	-9,452	-9,433	-9,416	-9,418	-9,392	-9,362	-9,305	-9,215	-9,105	-0,111	0,176	0,201	0,236	0,205	0,169	0,143	0,130	0,115	0,116	0,142	0,163	0,197	0,209	0,169	0,000	0,000
11,000	-10,466	-10,365	-10,337	-10,200	-10,107	-10,053	-10,017	-9,996	-9,965	-9,951	-9,905	-9,865	-9,803	-9,691	-9,569	0,053	0,125	0,159	0,206	0,203	0,173	0,169	0,160	0,162	0,164	0,188	0,209	0,231	0,246	0,188	0,000	0,000
12,000	-15,066	-15,125	-15,054	-15,024	-14,961	-14,946	-14,938	-14,933	-14,920	-14,929	-14,905	-14,872	-14,824	-14,720	-14,599	-0,149	-0,004	0,033	0,083	0,073	0,061	0,073	0,069	0,073	0,082	0,113	0,152	0,193	0,219	0,175	0,000	0,000
13,000	-7,914	-7,823	-7,771	-7,751	-7,722	-7,705	-7,693	-7,676	-7,648	-7,619	-7,572	-7,512	-7,432	-7,303	-7,139	0,374	0,240	0,179	0,119	0,115	0,116	0,129	0,137	0,155	0,182	0,216	0,252	0,291	0,300	0,238	0,000	0,000
14,000	-10,417	-9,940	-9,974	-9,791	-9,776	-9,732	-9,711	-9,700	-9,686	-9,680	-9,659	-9,627	-9,559	-9,433	-9,265	1,040	0,551	0,448	0,273	0,203	0,151	0,141	0,128	0,127	0,130	0,168	0,207	0,258	0,289	0,238	0,000	0,000
15,000	-9,025	-9,033	-8,956	-8,916	-8,873	-8,869	-8,857	-8,845	-8,828	-8,825	-8,811	-8,779	-8,743	-8,679	-8,605	0,006	0,118	0,082	0,089	0,072	0,068	0,068	0,076	0,076	0,086	0,103	0,114	0,133	0,141	0,112	0,000	0,000
	run	3	2022:11:08    10:55:25,929
0,000	-13,128	-13,227	-13,254	-13,340	-13,357	-13,374	-13,375	-13,382	-13,381	-13,385	-13,383	-13,353	-13,307	-13,225	-13,123	-0,283	-0,208	-0,172	-0,106	-0,081	-0,043	-0,028	-0,009	0,013	0,038	0,071	0,116	0,157	0,178	0,146	0,000	0,000
1,000	-16,763	-16,752	-16,673	-16,489	-16,363	-16,258	-16,202	-16,161	-16,121	-16,086	-16,041	-16,012	-15,957	-15,874	-15,765	-0,003	0,145	0,207	0,308	0,310	0,282	0,261	0,229	0,208	0,198	0,198	0,201	0,209	0,219	0,169	0,000	0,000
2,000	-10,008	-9,987	-9,974	-9,869	-9,767	-9,691	-9,648	-9,614	-9,566	-9,534	-9,480	-9,413	-9,323	-9,184	-9,018	0,019	0,076	0,126	0,216	0,233	0,217	0,223	0,215	0,224	0,233	0,261	0,296	0,314	0,326	0,244	0,000	0,000
3,000	-19,808	-19,795	-19,776	-19,502	-19,310	-19,187	-19,116	-19,063	-19,010	-18,991	-18,950	-18,917	-18,866	-18,765	-18,649	0,077	0,191	0,267	0,419	0,417	0,347	0,310	0,272	0,242	0,208	0,206	0,218	0,226	0,231	0,172	0,000	0,000
4,000	-10,677	-10,794	-10,703	-10,683	-10,644	-10,642	-10,640	-10,642	-10,638	-10,617	-10,585	-10,521	-10,390	-10,185	-9,912	-0,302	-0,006	-0,028	0,041	0,042	0,073	0,074	0,090	0,115	0,173	0,254	0,330	0,425	0,474	0,392	0,000	0,000
5,000	-12,151	-12,070	-12,242	-12,258	-12,279	-12,254	-12,241	-12,240	-12,212	-12,198	-12,159	-12,070	-11,932	-11,698	-11,384	-0,016	-0,200	-0,136	-0,024	0,010	0,031	0,073	0,109	0,151	0,198	0,284	0,384	0,480	0,544	0,447	0,000	0,000
6,000	-8,688	-8,704	-8,608	-8,476	-8,375	-8,315	-8,284	-8,259	-8,213	-8,196	-8,145	-8,087	-7,997	-7,855	-7,678	-0,080	0,108	0,153	0,221	0,221	0,195	0,196	0,192	0,198	0,210	0,242	0,280	0,317	0,336	0,254	0,000	0,000
7,000	-7,172	-7,168	-7,133	-7,045	-6,999	-6,961	-6,953	-6,941	-6,932	-6,929	-6,910	-6,891	-6,863	-6,813	-6,758	-0,072	0,028	0,073	0,111	0,103	0,088	0,081	0,075	0,075	0,072	0,081	0,093	0,101	0,108	0,079	0,000	0,000
8,000	-20,406	-20,617	-20,674	-20,788	-20,785	-20,840	-20,873	-20,907	-20,929	-20,991	-21,008	-21,022	-21,030	-20,989	-20,934	-0,397	-0,253	-0,239	-0,169	-0,148	-0,157	-0,154	-0,144	-0,118	-0,109	-0,068	-0,016	0,015	0,058	0,058	0,000	0,000
9,000	-9,893	-9,835	-9,782	-9,595	-9,459	-9,341	-9,275	-9,223	-9,162	-9,127	-9,068	-9,007	-8,925	-8,795	-8,651	0,015	0,131	0,202	0,327	0,347	0,319	0,307	0,282	0,274	0,268	0,274	0,292	0,302	0,302	0,231	0,000	0,000
10,000	-9,884	-9,902	-9,747	-9,583	-9,479	-9,439	-9,417	-9,397	-9,378	-9,377	-9,358	-9,328	-9,267	-9,176	-9,066	-0,121	0,171	0,195	0,234	0,199	0,167	0,144	0,132	0,113	0,118	0,139	0,161	0,192	0,210	0,170	0,000	0,000
11,000	-10,365	-10,276	-10,230	-10,106	-10,019	-9,963	-9,932	-9,911	-9,876	-9,858	-9,821	-9,780	-9,722	-9,613	-9,492	0,052	0,130	0,154	0,206	0,198	0,168	0,166	0,158	0,156	0,164	0,177	0,207	0,228	0,238	0,184	0,000	0,000
12,000	-14,883	-14,935	-14,880	-14,848	-14,798	-14,773	-14,765	-14,760	-14,745	-14,743	-14,729	-14,704	-14,649	-14,550	-14,430	-0,142	0,002	0,035	0,071	0,083	0,065	0,069	0,075	0,073	0,088	0,120	0,153	0,188	0,219	0,169	0,000	0,000
13,000	-7,786	-7,726	-7,664	-7,656	-7,628	-7,613	-7,594	-7,581	-7,557	-7,526	-7,479	-7,423	-7,342	-7,214	-7,059	0,340	0,226	0,172	0,104	0,108	0,113	0,124	0,136	0,150	0,175	0,213	0,247	0,282	0,297	0,233	0,000	0,000
14,000	-10,255	-9,784	-9,802	-9,626	-9,617	-9,575	-9,552	-9,550	-9,529	-9,523	-9,506	-9,472	-9,401	-9,280	-9,113	1,028	0,544	0,452	0,276	0,202	0,150	0,146	0,126	0,122	0,136	0,165	0,209	0,256	0,291	0,232	0,000	0,000
15,000	-8,987	-8,983	-8,907	-8,863	-8,825	-8,820	-8,809	-8,798	-8,785	-8,785	-8,765	-8,733	-8,695	-8,632	-8,557	0,042	0,123	0,093	0,086	0,068	0,070	0,069	0,075	0,073	0,083	0,102	0,115	0,136	0,144	0,115	0,000	0,000
	run	4	2022:11:08    10:55:26,029
0,000	-13,098	-13,214	-13,242	-13,326	-13,355	-13,362	-13,363	-13,374	-13,373	-13,382	-13,373	-13,343	-13,301	-13,212	-13,109	-0,279	-0,207	-0,178	-0,108	-0,081	-0,052	-0,024	-0,008	0,012	0,034	0,076	0,115	0,156	0,181	0,141	0,000	0,000
1,000	-16,862	-16,843	-16,770	-16,572	-16,439	-16,332	-16,271	-16,237	-16,191	-16,164	-16,116	-16,079	-16,028	-15,942	-15,834	0,008	0,145	0,209	0,315	0,319	0,289	0,259	0,231	0,214	0,200	0,203	0,211	0,208	0,218	0,169	0,000	0,000
2,000	-10,292	-10,283	-10,251	-10,125	-10,026	-9,945	-9,904	-9,869	-9,823	-9,790	-9,723	-9,662	-9,563	-9,417	-9,241	0,022	0,091	0,136	0,239	0,254	0,229	0,233	0,230	0,233	0,247	0,275	0,306	0,337	0,345	0,265	0,000	0,000
3,000	-20,531	-20,515	-20,472	-20,149	-19,937	-19,806	-19,737	-19,678	-19,624	-19,615	-19,570	-19,536	-19,482	-19,375	-19,254	0,134	0,241	0,351	0,473	0,459	0,373	0,331	0,287	0,253	0,216	0,211	0,226	0,234	0,246	0,184	0,000	0,000
4,000	-11,026	-11,139	-11,047	-11,042	-11,010	-11,000	-11,010	-10,997	-10,996	-10,979	-10,943	-10,878	-10,733	-10,521	-10,234	-0,328	-0,025	-0,040	0,032	0,038	0,064	0,078	0,099	0,121	0,187	0,271	0,351	0,448	0,499	0,415	0,000	0,000
5,000	-12,500	-12,410	-12,582	-12,615	-12,622	-12,601	-12,584	-12,586	-12,560	-12,550	-12,499	-12,413	-12,272	-12,023	-11,691	-0,017	-0,200	-0,130	-0,018	0,011	0,037	0,076	0,112	0,156	0,210	0,296	0,407	0,504	0,571	0,461	0,000	0,000
6,000	-8,757	-8,784	-8,678	-8,552	-8,448	-8,392	-8,361	-8,329	-8,287	-8,267	-8,214	-8,160	-8,064	-7,926	-7,751	-0,073	0,110	0,155	0,235	0,226	0,201	0,199	0,196	0,203	0,211	0,246	0,284	0,320	0,339	0,267	0,000	0,000
7,000	-7,204	-7,202	-7,154	-7,086	-7,023	-6,991	-6,981	-6,966	-6,954	-6,950	-6,937	-6,920	-6,890	-6,843	-6,786	-0,069	0,032	0,070	0,115	0,104	0,083	0,083	0,074	0,081	0,073	0,081	0,092	0,105	0,103	0,079	0,000	0,000
8,000	-20,407	-20,619	-20,660	-20,786	-20,789	-20,839	-20,875	-20,909	-20,937	-20,992	-21,009	-21,028	-21,031	-20,988	-20,936	-0,387	-0,243	-0,239	-0,173	-0,147	-0,161	-0,148	-0,146	-0,124	-0,114	-0,067	-0,017	0,013	0,056	0,057	0,000	0,000
9,000	-9,814	-9,803	-9,733	-9,562	-9,420	-9,309	-9,242	-9,195	-9,137	-9,090	-9,033	-8,971	-8,888	-8,765	-8,621	0,000	0,120	0,185	0,324	0,339	0,315	0,296	0,280	0,273	0,258	0,272	0,285	0,298	0,299	0,232	0,000	0,000
10,000	-9,798	-9,824	-9,675	-9,529	-9,435	-9,396	-9,366	-9,353	-9,330	-9,331	-9,310	-9,283	-9,222	-9,133	-9,025	-0,121	0,144	0,165	0,211	0,191	0,155	0,138	0,120	0,110	0,120	0,136	0,159	0,193	0,201	0,168	0,000	0,000
11,000	-10,299	-10,220	-10,199	-10,057	-9,978	-9,921	-9,894	-9,871	-9,841	-9,821	-9,779	-9,739	-9,678	-9,574	-9,455	0,033	0,099	0,134	0,199	0,196	0,166	0,162	0,153	0,159	0,164	0,187	0,205	0,224	0,239	0,182	0,000	0,000
12,000	-14,668	-14,719	-14,654	-14,615	-14,560	-14,545	-14,537	-14,529	-14,520	-14,523	-14,501	-14,471	-14,422	-14,329	-14,209	-0,132	0,010	0,043	0,081	0,080	0,063	0,065	0,070	0,078	0,082	0,114	0,150	0,189	0,214	0,163	0,000	0,000
13,000	-7,665	-7,611	-7,568	-7,553	-7,534	-7,515	-7,498	-7,483	-7,459	-7,436	-7,389	-7,330	-7,252	-7,129	-6,975	0,328	0,209	0,154	0,105	0,098	0,107	0,118	0,128	0,141	0,172	0,209	0,243	0,277	0,286	0,227	0,000	0,000
14,000	-10,128	-9,639	-9,667	-9,493	-9,496	-9,443	-9,419	-9,417	-9,404	-9,396	-9,379	-9,347	-9,274	-9,151	-8,990	1,032	0,542	0,443	0,269	0,194	0,145	0,140	0,118	0,119	0,131	0,161	0,195	0,253	0,286	0,234	0,000	0,000
15,000	-8,889	-8,881	-8,816	-8,780	-8,739	-8,737	-8,726	-8,714	-8,694	-8,697	-8,681	-8,651	-8,607	-8,544	-8,472	0,016	0,108	0,074	0,081	0,069	0,068	0,068	0,073	0,076	0,084	0,100	0,115	0,135	0,147	0,116	0,000	0,000
	run	5	2022:11:08    10:55:26,081
0,000	-13,098	-13,214	-13,242	-13,326	-13,355	-13,362	-13,363	-13,374	-13,373	-13,382	-13,373	-13,343	-13,301	-13,212	-13,109	-0,279	-0,207	-0,178	-0,108	-0,081	-0,052	-0,024	-0,008	0,012	0,034	0,076	0,115	0,156	0,181	0,141	0,000	0,000
1,000	-16,862	-16,843	-16,770	-16,572	-16,439	-16,332	-16,271	-16,237	-16,191	-16,164	-16,116	-16,079	-16,028	-15,942	-15,834	0,008	0,145	0,209	0,315	0,319	0,289	0,259	0,231	0,214	0,200	0,203	0,211	0,208	0,218	0,169	0,000	0,000
2,000	-10,292	-10,283	-10,251	-10,125	-10,026	-9,945	-9,904	-9,869	-9,823	-9,790	-9,723	-9,662	-9,563	-9,417	-9,241	0,022	0,091	0,136	0,239	0,254	0,229	0,233	0,230	0,233	0,247	0,275	0,306	0,337	0,345	0,265	0,000	0,000
3,000	-20,531	-20,515	-20,472	-20,149	-19,937	-19,806	-19,737	-19,678	-19,624	-19,615	-19,570	-19,536	-19,482	-19,375	-19,254	0,134	0,241	0,351	0,473	0,459	0,373	0,331	0,287	0,253	0,216	0,211	0,226	0,234	0,246	0,184	0,000	0,000
4,000	-11,026	-11,139	-11,047	-11,042	-11,010	-11,000	-11,010	-10,997	-10,996	-10,979	-10,943	-10,878	-10,733	-10,521	-10,234	-0,328	-0,025	-0,040	0,032	0,038	0,064	0,078	0,099	0,121	0,187	0,271	0,351	0,448	0,499	0,415	0,000	0,000
5,000	-12,500	-12,410	-12,582	-12,615	-12,622	-12,601	-12,584	-12,586	-12,560	-12,550	-12,499	-12,413	-12,272	-12,023	-11,691	-0,017	-0,200	-0,130	-0,018	0,011	0,037	0,076	0,112	0,156	0,210	0,296	0,407	0,504	0,571	0,461	0,000	0,000
6,000	-8,791	-8,804	-8,707	-8,564	-8,457	-8,398	-8,373	-8,344	-8,303	-8,283	-8,232	-8,171	-8,084	-7,939	-7,757	-0,071	0,119	0,163	0,236	0,226	0,205	0,204	0,197	0,200	0,209	0,249	0,284	0,318	0,333	0,260	0,000	0,000
7,000	-7,117	-7,122	-7,096	-7,032	-6,970	-6,944	-6,930	-6,916	-6,901	-6,900	-6,886	-6,868	-6,842	-6,794	-6,744	-0,087	0,019	0,043	0,101	0,093	0,076	0,075	0,075	0,067	0,064	0,076	0,090	0,096	0,100	0,075	0,000	0,000
8,000	-20,176	-20,384	-20,412	-20,520	-20,516	-20,565	-20,597	-20,630	-20,655	-20,712	-20,730	-20,749	-20,751	-20,702	-20,651	-0,365	-0,225	-0,210	-0,156	-0,141	-0,152	-0,144	-0,132	-0,117	-0,105	-0,059	-0,018	0,014	0,062	0,056	0,000	0,000
9,000	-9,682	-9,669	-9,619	-9,462	-9,326	-9,212	-9,148	-9,101	-9,042	-8,997	-8,939	-8,877	-8,795	-8,679	-8,539	-0,008	0,084	0,168	0,302	0,329	0,304	0,296	0,276	0,266	0,260	0,270	0,281	0,296	0,295	0,225	0,000	0,000
10,000	-9,688	-9,732	-9,587	-9,441	-9,345	-9,310	-9,284	-9,266	-9,246	-9,252	-9,229	-9,201	-9,145	-9,055	-8,950	-0,134	0,139	0,156	0,207	0,181	0,149	0,133	0,117	0,109	0,116	0,136	0,155	0,190	0,201	0,164	0,000	0,000
11,000	-10,247	-10,155	-10,125	-9,992	-9,910	-9,858	-9,828	-9,808	-9,774	-9,759	-9,725	-9,680	-9,617	-9,515	-9,397	0,027	0,098	0,137	0,194	0,193	0,163	0,162	0,154	0,154	0,156	0,179	0,204	0,223	0,233	0,176	0,000	0,000
12,000	-14,598	-14,655	-14,590	-14,560	-14,498	-14,487	-14,476	-14,469	-14,451	-14,459	-14,438	-14,409	-14,365	-14,267	-14,156	-0,132	0,007	0,037	0,077	0,076	0,064	0,065	0,066	0,073	0,078	0,113	0,145	0,182	0,211	0,169	0,000	0,000
13,000	-7,645	-7,599	-7,560	-7,534	-7,516	-7,503	-7,485	-7,467	-7,444	-7,427	-7,380	-7,324	-7,245	-7,123	-6,966	0,318	0,215	0,147	0,107	0,097	0,103	0,116	0,132	0,142	0,165	0,208	0,237	0,274	0,290	0,230	0,000	0,000
14,000	-10,123	-9,631	-9,660	-9,492	-9,475	-9,438	-9,408	-9,408	-9,392	-9,390	-9,378	-9,336	-9,270	-9,149	-8,986	1,012	0,519	0,442	0,265	0,195	0,146	0,134	0,123	0,119	0,131	0,155	0,200	0,255	0,286	0,233	0,000	0,000
15,000	-8,887	-8,890	-8,811	-8,781	-8,738	-8,730	-8,720	-8,711	-8,692	-8,693	-8,674	-8,647	-8,606	-8,540	-8,469	0,014	0,111	0,079	0,085	0,074	0,069	0,070	0,072	0,073	0,085	0,099	0,114	0,136	0,141	0,114	0,000	0,000
	run	6	2022:11:08    10:55:26,181
0,000	-13,240	-13,332	-13,375	-13,459	-13,486	-13,503	-13,502	-13,510	-13,511	-13,520	-13,505	-13,481	-13,435	-13,345	-13,239	-0,269	-0,212	-0,179	-0,106	-0,086	-0,049	-0,031	-0,006	0,013	0,039	0,073	0,121	0,160	0,185	0,154	0,000	0,000
1,000	-17,071	-17,068	-16,969	-16,783	-16,637	-16,537	-16,481	-16,430	-16,393	-16,359	-16,317	-16,276	-16,225	-16,135	-16,028	0,015	0,172	0,233	0,333	0,328	0,292	0,273	0,241	0,225	0,200	0,206	0,213	0,214	0,223	0,169	0,000	0,000
2,000	-10,432	-10,417	-10,383	-10,253	-10,148	-10,069	-10,025	-9,986	-9,942	-9,903	-9,843	-9,773	-9,673	-9,517	-9,339	0,007	0,095	0,149	0,249	0,249	0,233	0,241	0,230	0,241	0,252	0,287	0,321	0,351	0,359	0,270	0,000	0,000
3,000	-20,844	-20,787	-20,734	-20,386	-20,171	-20,038	-19,970	-19,910	-19,860	-19,845	-19,807	-19,768	-19,714	-19,606	-19,475	0,142	0,278	0,369	0,492	0,469	0,383	0,336	0,289	0,255	0,216	0,212	0,230	0,244	0,252	0,189	0,000	0,000
4,000	-11,217	-11,336	-11,251	-11,248	-11,216	-11,217	-11,216	-11,208	-11,210	-11,186	-11,150	-11,073	-10,936	-10,716	-10,422	-0,316	-0,026	-0,041	0,024	0,036	0,066	0,075	0,101	0,128	0,194	0,275	0,361	0,463	0,515	0,426	0,000	0,000
5,000	-12,649	-12,565	-12,741	-12,765	-12,777	-12,750	-12,735	-12,731	-12,708	-12,685	-12,649	-12,566	-12,420	-12,164	-11,829	-0,036	-0,202	-0,142	-0,012	0,015	0,032	0,081	0,110	0,160	0,217	0,310	0,404	0,512	0,577	0,468	0,000	0,000
6,000	-8,779	-8,793	-8,702	-8,554	-8,448	-8,394	-8,358	-8,329	-8,290	-8,270	-8,216	-8,159	-8,068	-7,924	-7,753	-0,073	0,122	0,161	0,235	0,229	0,203	0,203	0,192	0,199	0,213	0,247	0,282	0,318	0,337	0,262	0,000	0,000
7,000	-7,042	-7,038	-7,006	-6,956	-6,907	-6,882	-6,861	-6,857	-6,844	-6,837	-6,821	-6,804	-6,775	-6,735	-6,683	-0,079	0,009	0,041	0,094	0,095	0,076	0,074	0,072	0,065	0,068	0,075	0,085	0,097	0,100	0,074	0,000	0,000
8,000	-19,799	-20,030	-20,043	-20,148	-20,149	-20,186	-20,222	-20,248	-20,275	-20,333	-20,352	-20,369	-20,369	-20,331	-20,277	-0,369	-0,229	-0,213	-0,140	-0,128	-0,149	-0,139	-0,131	-0,115	-0,100	-0,068	-0,015	0,015	0,055	0,049	0,000	0,000
9,000	-9,498	-9,469	-9,427	-9,282	-9,154	-9,042	-8,980	-8,933	-8,877	-8,830	-8,774	-8,717	-8,638	-8,522	-8,382	-0,018	0,082	0,147	0,286	0,312	0,293	0,291	0,265	0,256	0,251	0,264	0,275	0,283	0,289	0,214	0,000	0,000
10,000	-9,604	-9,624	-9,493	-9,368	-9,266	-9,231	-9,207	-9,193	-9,176	-9,176	-9,153	-9,125	-9,068	-8,981	-8,881	-0,148	0,134	0,150	0,199	0,176	0,145	0,130	0,114	0,107	0,112	0,131	0,156	0,184	0,197	0,155	0,000	0,000
11,000	-10,173	-10,098	-10,072	-9,946	-9,866	-9,816	-9,783	-9,760	-9,730	-9,714	-9,679	-9,639	-9,580	-9,477	-9,363	0,030	0,091	0,134	0,189	0,184	0,157	0,160	0,146	0,150	0,153	0,178	0,204	0,214	0,231	0,169	0,000	0,000
12,000	-14,634	-14,699	-14,626	-14,596	-14,539	-14,523	-14,513	-14,511	-14,491	-14,503	-14,489	-14,452	-14,404	-14,304	-14,188	-0,147	0,007	0,038	0,073	0,074	0,067	0,065	0,069	0,075	0,082	0,113	0,146	0,183	0,205	0,162	0,000	0,000
13,000	-7,675	-7,627	-7,591	-7,566	-7,543	-7,532	-7,516	-7,497	-7,478	-7,452	-7,407	-7,351	-7,270	-7,146	-6,992	0,330	0,216	0,159	0,105	0,100	0,111	0,113	0,129	0,141	0,165	0,207	0,240	0,276	0,290	0,232	0,000	0,000
14,000	-10,184	-9,708	-9,731	-9,558	-9,534	-9,499	-9,474	-9,471	-9,453	-9,451	-9,438	-9,394	-9,330	-9,207	-9,046	1,015	0,532	0,449	0,270	0,196	0,148	0,144	0,121	0,123	0,135	0,169	0,204	0,257	0,288	0,235	0,000	0,000
15,000	-8,995	-8,989	-8,919	-8,877	-8,842	-8,831	-8,824	-8,811	-8,793	-8,791	-8,772	-8,742	-8,701	-8,636	-8,559	0,026	0,122	0,088	0,086	0,076	0,070	0,069	0,075	0,077	0,090	0,103	0,121	0,142	0,150	0,117	0,000	0,000
	run	7	2022:11:08    10:55:26,280
0,000	-13,491	-13,586	-13,607	-13,702	-13,729	-13,743	-13,749	-13,754	-13,756	-13,761	-13,753	-13,726	-13,671	-13,586	-13,474	-0,291	-0,213	-0,182	-0,114	-0,081	-0,053	-0,033	-0,021	0,012	0,035	0,076	0,117	0,160	0,189	0,154	0,000	0,000
1,000	-17,233	-17,214	-17,120	-16,928	-16,784	-16,677	-16,616	-16,568	-16,528	-16,500	-16,455	-16,411	-16,358	-16,270	-16,164	0,008	0,171	0,231	0,335	0,338	0,293	0,277	0,246	0,223	0,209	0,205	0,218	0,216	0,228	0,171	0,000	0,000
2,000	-10,409	-10,382	-10,358	-10,233	-10,128	-10,052	-10,010	-9,972	-9,922	-9,885	-9,832	-9,764	-9,658	-9,507	-9,331	0,029	0,087	0,146	0,242	0,253	0,234	0,238	0,235	0,239	0,255	0,287	0,314	0,348	0,352	0,272	0,000	0,000
3,000	-20,594	-20,526	-20,500	-20,161	-19,950	-19,818	-19,745	-19,695	-19,640	-19,629	-19,590	-19,548	-19,491	-19,384	-19,263	0,132	0,246	0,346	0,487	0,463	0,376	0,335	0,290	0,249	0,219	0,217	0,233	0,235	0,249	0,186	0,000	0,000
4,000	-10,942	-11,063	-10,976	-10,969	-10,932	-10,935	-10,931	-10,927	-10,923	-10,911	-10,874	-10,799	-10,660	-10,447	-10,155	-0,326	-0,021	-0,039	0,031	0,038	0,067	0,076	0,096	0,122	0,187	0,269	0,358	0,449	0,504	0,413	0,000	0,000
5,000	-12,300	-12,224	-12,396	-12,423	-12,429	-12,407	-12,393	-12,393	-12,367	-12,363	-12,315	-12,230	-12,087	-11,847	-11,529	-0,007	-0,201	-0,129	-0,023	0,012	0,032	0,071	0,107	0,154	0,205	0,296	0,392	0,493	0,554	0,450	0,000	0,000
6,000	-8,602	-8,611	-8,524	-8,387	-8,288	-8,227	-8,197	-8,163	-8,125	-8,105	-8,053	-7,996	-7,916	-7,774	-7,607	-0,082	0,110	0,154	0,226	0,221	0,200	0,195	0,200	0,196	0,208	0,239	0,276	0,311	0,322	0,252	0,000	0,000
7,000	-6,913	-6,928	-6,897	-6,853	-6,812	-6,782	-6,770	-6,760	-6,747	-6,743	-6,727	-6,708	-6,681	-6,638	-6,584	-0,104	-0,004	0,017	0,088	0,077	0,073	0,067	0,072	0,069	0,061	0,074	0,082	0,088	0,100	0,075	0,000	0,000
8,000	-19,635	-19,830	-19,841	-19,946	-19,930	-19,984	-20,015	-20,037	-20,073	-20,121	-20,140	-20,166	-20,165	-20,122	-20,074	-0,360	-0,221	-0,180	-0,134	-0,122	-0,142	-0,135	-0,128	-0,115	-0,102	-0,064	-0,018	0,005	0,057	0,054	0,000	0,000
9,000	-9,441	-9,447	-9,413	-9,282	-9,166	-9,051	-8,994	-8,945	-8,890	-8,849	-8,795	-8,732	-8,659	-8,536	-8,403	-0,028	0,057	0,132	0,273	0,296	0,284	0,278	0,259	0,252	0,243	0,253	0,271	0,279	0,282	0,211	0,000	0,000
10,000	-9,529	-9,562	-9,434	-9,308	-9,207	-9,173	-9,156	-9,136	-9,117	-9,117	-9,098	-9,068	-9,017	-8,931	-8,827	-0,139	0,123	0,138	0,193	0,163	0,145	0,125	0,114	0,105	0,116	0,128	0,151	0,188	0,197	0,156	0,000	0,000
11,000	-10,238	-10,152	-10,134	-10,012	-9,929	-9,876	-9,848	-9,824	-9,798	-9,781	-9,747	-9,701	-9,641	-9,542	-9,427	0,020	0,089	0,126	0,183	0,180	0,158	0,159	0,147	0,153	0,159	0,178	0,204	0,223	0,228	0,170	0,000	0,000
12,000	-14,613	-14,658	-14,596	-14,565	-14,508	-14,494	-14,482	-14,475	-14,463	-14,469	-14,451	-14,420	-14,375	-14,277	-14,166	-0,137	0,001	0,037	0,083	0,075	0,064	0,068	0,068	0,071	0,081	0,112	0,146	0,184	0,206	0,161	0,000	0,000
13,000	-7,764	-7,680	-7,631	-7,612	-7,589	-7,571	-7,554	-7,544	-7,520	-7,491	-7,442	-7,389	-7,304	-7,176	-7,023	0,359	0,231	0,170	0,113	0,107	0,113	0,119	0,128	0,151	0,175	0,206	0,249	0,280	0,296	0,230	0,000	0,000
14,000	-10,361	-9,913	-9,917	-9,758	-9,734	-9,689	-9,667	-9,660	-9,646	-9,640	-9,625	-9,587	-9,520	-9,389	-9,226	0,993	0,550	0,435	0,267	0,199	0,153	0,144	0,129	0,129	0,134	0,166	0,203	0,262	0,291	0,241	0,000	0,000
15,000	-9,138	-9,116	-9,057	-9,008	-8,972	-8,958	-8,950	-8,940	-8,917	-8,923	-8,903	-8,872	-8,827	-8,765	-8,683	0,024	0,119	0,085	0,090	0,080	0,074	0,074	0,077	0,079	0,091	0,106	0,120	0,145	0,152	0,118	0,000	0,000
	run	8	2022:11:08    10:55:26,328
0,000	-13,531	-13,642	-13,661	-13,763	-13,791	-13,805	-13,808	-13,818	-13,807	-13,824	-13,808	-13,784	-13,732	-13,646	-13,531	-0,267	-0,217	-0,186	-0,117	-0,085	-0,055	-0,038	-0,017	0,012	0,036	0,079	0,119	0,162	0,187	0,152	0,000	0,000
1,000	-17,353	-17,330	-17,246	-17,037	-16,889	-16,782	-16,726	-16,678	-16,628	-16,603	-16,559	-16,518	-16,462	-16,371	-16,264	0,036	0,174	0,249	0,338	0,342	0,307	0,276	0,244	0,224	0,206	0,206	0,217	0,216	0,228	0,172	0,000	0,000
2,000	-10,409	-10,382	-10,358	-10,233	-10,128	-10,052	-10,010	-9,972	-9,922	-9,885	-9,832	-9,764	-9,658	-9,507	-9,331	0,029	0,087	0,146	0,242	0,253	0,234	0,238	0,235	0,239	0,255	0,287	0,314	0,348	0,352	0,272	0,000	0,000
3,000	-20,594	-20,526	-20,500	-20,161	-19,950	-19,818	-19,745	-19,695	-19,640	-19,629	-19,590	-19,548	-19,491	-19,384	-19,263	0,132	0,246	0,346	0,487	0,463	0,376	0,335	0,290	0,249	0,219	0,217	0,233	0,235	0,249	0,186	0,000	0,000
4,000	-10,942	-11,063	-10,976	-10,969	-10,932	-10,935	-10,931	-10,927	-10,923	-10,911	-10,874	-10,799	-10,660	-10,447	-10,155	-0,326	-0,021	-0,039	0,031	0,038	0,067	0,076	0,096	0,122	0,187	0,269	0,358	0,449	0,504	0,413	0,000	0,000
5,000	-12,300	-12,224	-12,396	-12,423	-12,429	-12,407	-12,393	-12,393	-12,367	-12,363	-12,315	-12,230	-12,087	-11,847	-11,529	-0,007	-0,201	-0,129	-0,023	0,012	0,032	0,071	0,107	0,154	0,205	0,296	0,392	0,493	0,554	0,450	0,000	0,000
6,000	-8,602	-8,611	-8,524	-8,387	-8,288	-8,227	-8,197	-8,163	-8,125	-8,105	-8,053	-7,996	-7,916	-7,774	-7,607	-0,082	0,110	0,154	0,226	0,221	0,200	0,195	0,200	0,196	0,208	0,239	0,276	0,311	0,322	0,252	0,000	0,000
7,000	-6,913	-6,928	-6,897	-6,853	-6,812	-6,782	-6,770	-6,760	-6,747	-6,743	-6,727	-6,708	-6,681	-6,638	-6,584	-0,104	-0,004	0,017	0,088	0,077	0,073	0,067	0,072	0,069	0,061	0,074	0,082	0,088	0,100	0,075	0,000	0,000
8,000	-19,698	-19,878	-19,887	-19,990	-19,975	-20,021	-20,057	-20,083	-20,109	-20,166	-20,178	-20,206	-20,213	-20,163	-20,107	-0,364	-0,205	-0,184	-0,136	-0,118	-0,139	-0,133	-0,128	-0,115	-0,105	-0,061	-0,016	0,013	0,060	0,053	0,000	0,000
9,000	-9,464	-9,461	-9,436	-9,294	-9,183	-9,069	-9,002	-8,957	-8,901	-8,867	-8,807	-8,754	-8,669	-8,557	-8,415	-0,038	0,055	0,127	0,272	0,297	0,285	0,276	0,264	0,250	0,248	0,252	0,275	0,280	0,278	0,213	0,000	0,000
10,000	-9,561	-9,605	-9,472	-9,346	-9,252	-9,214	-9,192	-9,175	-9,156	-9,157	-9,138	-9,109	-9,057	-8,968	-8,863	-0,141	0,118	0,146	0,190	0,170	0,145	0,127	0,120	0,104	0,115	0,129	0,152	0,185	0,193	0,157	0,000	0,000
11,000	-10,210	-10,132	-10,107	-9,977	-9,904	-9,852	-9,817	-9,800	-9,768	-9,754	-9,714	-9,674	-9,613	-9,510	-9,398	0,017	0,095	0,124	0,188	0,178	0,155	0,155	0,145	0,149	0,154	0,178	0,197	0,216	0,228	0,172	0,000	0,000
12,000	-14,631	-14,690	-14,628	-14,584	-14,532	-14,513	-14,511	-14,494	-14,486	-14,487	-14,470	-14,437	-14,395	-14,292	-14,177	-0,135	0,007	0,033	0,081	0,075	0,063	0,066	0,074	0,073	0,087	0,113	0,151	0,188	0,210	0,167	0,000	0,000
13,000	-7,820	-7,705	-7,668	-7,641	-7,624	-7,605	-7,589	-7,572	-7,546	-7,523	-7,478	-7,421	-7,334	-7,213	-7,049	0,358	0,232	0,171	0,112	0,110	0,113	0,119	0,127	0,150	0,173	0,212	0,247	0,283	0,297	0,234	0,000	0,000
14,000	-10,519	-10,074	-10,058	-9,894	-9,868	-9,831	-9,806	-9,802	-9,778	-9,779	-9,758	-9,718	-9,645	-9,521	-9,340	0,962	0,560	0,448	0,272	0,206	0,158	0,140	0,130	0,125	0,137	0,170	0,212	0,264	0,303	0,242	0,000	0,000
15,000	-9,205	-9,183	-9,114	-9,071	-9,030	-9,023	-9,009	-8,999	-8,979	-8,982	-8,959	-8,934	-8,888	-8,823	-8,748	0,049	0,123	0,090	0,089	0,078	0,073	0,072	0,073	0,074	0,089	0,103	0,116	0,143	0,152	0,119	0,000	0,000
	run	9	2022:11:08    10:55:26,428
0,000	-13,391	-13,498	-13,532	-13,616	-13,644	-13,658	-13,664	-13,674	-13,670	-13,679	-13,670	-13,639	-13,596	-13,507	-13,403	-0,276	-0,209	-0,180	-0,116	-0,087	-0,056	-0,034	-0,019	0,012	0,031	0,072	0,114	0,160	0,185	0,150	0,000	0,000
1,000	-17,157	-17,148	-17,053	-16,845	-16,709	-16,600	-16,539	-16,494	-16,452	-16,420	-16,385	-16,341	-16,287	-16,200	-16,093	0,009	0,153	0,239	0,327	0,329	0,290	0,270	0,239	0,222	0,203	0,202	0,211	0,213	0,224	0,169	0,000	0,000
2,000	-10,286	-10,268	-10,244	-10,123	-10,024	-9,946	-9,911	-9,868	-9,822	-9,792	-9,734	-9,663	-9,571	-9,421	-9,246	0,030	0,091	0,132	0,228	0,246	0,225	0,232	0,226	0,229	0,241	0,279	0,308	0,332	0,338	0,259	0,000	0,000
3,000	-20,298	-20,270	-20,252	-19,930	-19,723	-19,595	-19,527	-19,470	-19,418	-19,406	-19,363	-19,327	-19,272	-19,169	-19,049	0,116	0,236	0,319	0,456	0,448	0,366	0,322	0,284	0,245	0,218	0,208	0,224	0,227	0,243	0,178	0,000	0,000
4,000	-10,835	-10,940	-10,839	-10,835	-10,800	-10,794	-10,797	-10,787	-10,784	-10,774	-10,729	-10,666	-10,535	-10,321	-10,042	-0,307	-0,033	-0,036	0,032	0,040	0,061	0,076	0,095	0,123	0,184	0,262	0,347	0,436	0,490	0,405	0,000	0,000
5,000	-12,288	-12,199	-12,372	-12,398	-12,407	-12,384	-12,372	-12,371	-12,347	-12,337	-12,290	-12,207	-12,070	-11,824	-11,509	0,006	-0,190	-0,140	-0,019	0,011	0,031	0,078	0,106	0,149	0,207	0,295	0,388	0,486	0,553	0,447	0,000	0,000
6,000	-8,605	-8,621	-8,523	-8,398	-8,288	-8,232	-8,206	-8,179	-8,138	-8,116	-8,070	-8,010	-7,922	-7,779	-7,617	-0,071	0,101	0,152	0,221	0,224	0,195	0,198	0,199	0,201	0,208	0,235	0,276	0,307	0,325	0,251	0,000	0,000
7,000	-6,991	-6,992	-6,966	-6,913	-6,856	-6,832	-6,816	-6,808	-6,794	-6,791	-6,773	-6,757	-6,734	-6,686	-6,639	-0,081	0,008	0,044	0,091	0,094	0,076	0,079	0,064	0,065	0,067	0,077	0,083	0,094	0,103	0,071	0,000	0,000
8,000	-19,855	-20,062	-20,079	-20,187	-20,176	-20,223	-20,259	-20,288	-20,317	-20,368	-20,388	-20,405	-20,408	-20,369	-20,317	-0,375	-0,227	-0,205	-0,147	-0,130	-0,149	-0,143	-0,135	-0,116	-0,113	-0,059	-0,018	0,011	0,053	0,057	0,000	0,000
9,000	-9,547	-9,520	-9,482	-9,333	-9,200	-9,088	-9,026	-8,977	-8,918	-8,877	-8,820	-8,764	-8,681	-8,564	-8,427	-0,015	0,076	0,151	0,291	0,318	0,296	0,293	0,268	0,255	0,253	0,260	0,274	0,288	0,287	0,219	0,000	0,000
10,000	-9,657	-9,677	-9,539	-9,411	-9,313	-9,281	-9,257	-9,238	-9,216	-9,220	-9,193	-9,170	-9,115	-9,027	-8,920	-0,144	0,127	0,149	0,194	0,172	0,150	0,128	0,115	0,112	0,114	0,131	0,157	0,188	0,198	0,162	0,000	0,000
11,000	-10,231	-10,151	-10,118	-9,999	-9,916	-9,863	-9,835	-9,807	-9,777	-9,762	-9,722	-9,681	-9,621	-9,523	-9,403	0,039	0,099	0,132	0,190	0,190	0,162	0,163	0,149	0,152	0,155	0,181	0,199	0,220	0,228	0,176	0,000	0,000
12,000	-14,691	-14,742	-14,668	-14,635	-14,585	-14,567	-14,558	-14,547	-14,532	-14,546	-14,518	-14,490	-14,441	-14,340	-14,224	-0,128	0,014	0,041	0,078	0,074	0,073	0,067	0,072	0,075	0,084	0,113	0,151	0,191	0,209	0,168	0,000	0,000
13,000	-7,815	-7,712	-7,675	-7,650	-7,630	-7,609	-7,593	-7,579	-7,552	-7,523	-7,481	-7,428	-7,342	-7,220	-7,060	0,369	0,224	0,170	0,113	0,108	0,113	0,122	0,133	0,154	0,177	0,211	0,241	0,280	0,296	0,229	0,000	0,000
14,000	-10,408	-9,965	-9,967	-9,805	-9,781	-9,738	-9,714	-9,712	-9,698	-9,696	-9,679	-9,633	-9,563	-9,441	-9,274	0,998	0,542	0,453	0,272	0,197	0,156	0,139	0,129	0,132	0,134	0,173	0,212	0,260	0,293	0,236	0,000	0,000
15,000	-9,151	-9,130	-9,072	-9,024	-8,986	-8,979	-8,965	-8,956	-8,935	-8,938	-8,917	-8,886	-8,846	-8,778	-8,702	0,046	0,117	0,086	0,088	0,080	0,073	0,073	0,075	0,081	0,088	0,107	0,118	0,145	0,149	0,120	0,000	0,000
	run	10	2022:11:08    10:55:26,480
0,000	-13,391	-13,498	-13,532	-13,616	-13,644	-13,658	-13,664	-13,674	-13,670	-13,679	-13,670	-13,639	-13,596	-13,507	-13,403	-0,276	-0,209	-0,180	-0,116	-0,087	-0,056	-0,034	-0,019	0,012	0,031	0,072	0,114	0,160	0,185	0,150	0,000	0,000
1,000	-17,157	-17,148	-17,053	-16,845	-16,709	-16,600	-16,539	-16,494	-16,452	-16,420	-16,385	-16,341	-16,287	-16,200	-16,093	0,009	0,153	0,239	0,327	0,329	0,290	0,270	0,239	0,222	0,203	0,202	0,211	0,213	0,224	0,169	0,000	0,000
2,000	-10,286	-10,268	-10,244	-10,123	-10,024	-9,946	-9,911	-9,868	-9,822	-9,792	-9,734	-9,663	-9,571	-9,421	-9,246	0,030	0,091	0,132	0,228	0,246	0,225	0,232	0,226	0,229	0,241	0,279	0,308	0,332	0,338	0,259	0,000	0,000
3,000	-20,298	-20,270	-20,252	-19,930	-19,723	-19,595	-19,527	-19,470	-19,418	-19,406	-19,363	-19,327	-19,272	-19,169	-19,049	0,116	0,236	0,319	0,456	0,448	0,366	0,322	0,284	0,245	0,218	0,208	0,224	0,227	0,243	0,178	0,000	0,000
4,000	-10,835	-10,940	-10,839	-10,835	-10,800	-10,794	-10,797	-10,787	-10,784	-10,774	-10,729	-10,666	-10,535	-10,321	-10,042	-0,307	-0,033	-0,036	0,032	0,040	0,061	0,076	0,095	0,123	0,184	0,262	0,347	0,436	0,490	0,405	0,000	0,000
5,000	-12,288	-12,199	-12,372	-12,398	-12,407	-12,384	-12,372	-12,371	-12,347	-12,337	-12,290	-12,207	-12,070	-11,824	-11,509	0,006	-0,190	-0,140	-0,019	0,011	0,031	0,078	0,106	0,149	0,207	0,295	0,388	0,486	0,553	0,447	0,000	0,000
6,000	-8,652	-8,667	-8,571	-8,448	-8,333	-8,281	-8,245	-8,223	-8,180	-8,162	-8,108	-8,049	-7,959	-7,823	-7,647	-0,066	0,101	0,154	0,225	0,220	0,198	0,195	0,189	0,197	0,210	0,250	0,283	0,312	0,329	0,254	0,000	0,000
7,000	-7,053	-7,069	-7,035	-6,970	-6,925	-6,891	-6,879	-6,868	-6,848	-6,846	-6,835	-6,813	-6,792	-6,748	-6,697	-0,074	0,018	0,042	0,100	0,090	0,076	0,080	0,073	0,068	0,069	0,073	0,080	0,093	0,100	0,076	0,000	0,000
8,000	-20,119	-20,332	-20,337	-20,452	-20,448	-20,497	-20,535	-20,564	-20,586	-20,643	-20,668	-20,677	-20,686	-20,639	-20,592	-0,341	-0,224	-0,206	-0,153	-0,144	-0,148	-0,143	-0,137	-0,119	-0,101	-0,066	-0,021	0,013	0,059	0,052	0,000	0,000
9,000	-9,719	-9,699	-9,635	-9,480	-9,342	-9,227	-9,164	-9,120	-9,053	-9,015	-8,956	-8,898	-8,814	-8,694	-8,550	-0,021	0,086	0,164	0,305	0,331	0,307	0,298	0,279	0,264	0,260	0,270	0,282	0,295	0,300	0,221	0,000	0,000
10,000	-9,724	-9,745	-9,607	-9,463	-9,363	-9,322	-9,300	-9,283	-9,261	-9,266	-9,247	-9,214	-9,157	-9,069	-8,958	-0,108	0,147	0,159	0,212	0,183	0,152	0,132	0,125	0,109	0,117	0,136	0,159	0,193	0,202	0,165	0,000	0,000
11,000	-10,315	-10,234	-10,202	-10,066	-9,987	-9,932	-9,903	-9,878	-9,844	-9,829	-9,797	-9,751	-9,689	-9,584	-9,466	0,028	0,100	0,139	0,197	0,192	0,166	0,164	0,152	0,157	0,158	0,183	0,206	0,228	0,235	0,181	0,000	0,000
12,000	-14,808	-14,859	-14,809	-14,761	-14,708	-14,697	-14,687	-14,674	-14,666	-14,673	-14,651	-14,617	-14,569	-14,468	-14,352	-0,143	-0,002	0,039	0,079	0,074	0,071	0,068	0,072	0,076	0,084	0,118	0,153	0,192	0,214	0,170	0,000	0,000
13,000	-7,780	-7,750	-7,665	-7,654	-7,631	-7,618	-7,597	-7,580	-7,556	-7,535	-7,485	-7,430	-7,344	-7,217	-7,059	0,334	0,226	0,174	0,113	0,108	0,114	0,123	0,135	0,155	0,175	0,214	0,245	0,285	0,293	0,233	0,000	0,000
14,000	-10,280	-9,778	-9,830	-9,652	-9,631	-9,583	-9,568	-9,562	-9,549	-9,539	-9,525	-9,488	-9,423	-9,299	-9,132	1,035	0,535	0,446	0,266	0,197	0,148	0,140	0,119	0,122	0,134	0,149	0,208	0,254	0,291	0,238	0,000	0,000
15,000	-8,976	-8,958	-8,899	-8,858	-8,814	-8,807	-8,795	-8,787	-8,770	-8,769	-8,754	-8,723	-8,684	-8,619	-8,544	0,049	0,111	0,086	0,085	0,073	0,071	0,073	0,076	0,074	0,088	0,101	0,111	0,136	0,146	0,116	0,000	0,000
	run	11	2022:11:08    10:55:26,580
0,000	-12,884	-12,978	-13,013	-13,102	-13,124	-13,135	-13,133	-13,140	-13,139	-13,147	-13,135	-13,108	-13,067	-12,984	-12,880	-0,265	-0,199	-0,170	-0,098	-0,075	-0,045	-0,029	-0,012	0,016	0,037	0,077	0,114	0,153	0,178	0,142	0,000	0,000
1,000	-16,543	-16,544	-16,470	-16,299	-16,162	-16,066	-16,012	-15,969	-15,931	-15,900	-15,859	-15,819	-15,766	-15,685	-15,580	-0,020	0,131	0,194	0,291	0,299	0,263	0,252	0,224	0,214	0,189	0,195	0,205	0,214	0,211	0,164	0,000	0,000
2,000	-10,148	-10,137	-10,114	-9,993	-9,888	-9,813	-9,770	-9,739	-9,692	-9,654	-9,598	-9,528	-9,437	-9,293	-9,127	0,040	0,085	0,140	0,234	0,250	0,225	0,232	0,224	0,234	0,241	0,271	0,300	0,327	0,332	0,254	0,000	0,000
3,000	-20,389	-20,371	-20,337	-20,028	-19,825	-19,691	-19,621	-19,564	-19,515	-19,498	-19,461	-19,421	-19,368	-19,262	-19,141	0,114	0,243	0,323	0,458	0,445	0,369	0,327	0,285	0,251	0,211	0,209	0,224	0,229	0,241	0,182	0,000	0,000
4,000	-10,954	-11,066	-10,958	-10,956	-10,927	-10,912	-10,920	-10,912	-10,915	-10,902	-10,861	-10,796	-10,657	-10,447	-10,161	-0,317	-0,029	-0,026	0,034	0,039	0,066	0,082	0,098	0,122	0,183	0,272	0,344	0,439	0,491	0,404	0,000	0,000
5,000	-12,421	-12,321	-12,503	-12,526	-12,544	-12,516	-12,500	-12,503	-12,475	-12,467	-12,418	-12,329	-12,196	-11,950	-11,626	-0,021	-0,199	-0,142	-0,022	0,013	0,026	0,074	0,111	0,153	0,202	0,294	0,390	0,496	0,555	0,451	0,000	0,000
6,000	-8,741	-8,751	-8,667	-8,528	-8,427	-8,367	-8,332	-8,302	-8,267	-8,241	-8,190	-8,136	-8,042	-7,898	-7,721	-0,081	0,112	0,152	0,228	0,224	0,206	0,204	0,194	0,203	0,217	0,245	0,286	0,320	0,336	0,268	0,000	0,000
7,000	-7,098	-7,100	-7,059	-7,006	-6,948	-6,916	-6,903	-6,894	-6,878	-6,879	-6,865	-6,838	-6,815	-6,765	-6,711	-0,078	0,009	0,051	0,105	0,097	0,089	0,076	0,074	0,070	0,069	0,081	0,088	0,101	0,105	0,081	0,000	0,000
8,000	-20,229	-20,452	-20,470	-20,584	-20,582	-20,629	-20,666	-20,701	-20,724	-20,780	-20,799	-20,814	-20,816	-20,771	-20,719	-0,386	-0,233	-0,216	-0,152	-0,145	-0,155	-0,151	-0,133	-0,122	-0,109	-0,063	-0,014	0,018	0,059	0,054	0,000	0,000
9,000	-9,784	-9,760	-9,701	-9,533	-9,396	-9,280	-9,216	-9,168	-9,110	-9,077	-9,011	-8,947	-8,866	-8,744	-8,598	-0,015	0,097	0,176	0,313	0,330	0,312	0,301	0,277	0,267	0,261	0,270	0,284	0,296	0,300	0,225	0,000	0,000
10,000	-9,877	-9,888	-9,735	-9,570	-9,468	-9,429	-9,406	-9,387	-9,366	-9,364	-9,348	-9,311	-9,256	-9,168	-9,059	-0,119	0,171	0,184	0,230	0,194	0,165	0,142	0,126	0,115	0,124	0,139	0,164	0,195	0,203	0,164	0,000	0,000
11,000	-10,382	-10,312	-10,271	-10,139	-10,052	-9,999	-9,965	-9,944	-9,907	-9,898	-9,854	-9,814	-9,752	-9,646	-9,524	0,041	0,119	0,159	0,207	0,200	0,167	0,167	0,159	0,157	0,159	0,182	0,207	0,227	0,237	0,182	0,000	0,000
12,000	-14,910	-14,961	-14,898	-14,854	-14,800	-14,783	-14,772	-14,767	-14,757	-14,760	-14,735	-14,710	-14,658	-14,557	-14,445	-0,139	-0,001	0,032	0,074	0,077	0,068	0,066	0,074	0,078	0,083	0,116	0,152	0,192	0,213	0,169	0,000	0,000
13,000	-7,762	-7,718	-7,647	-7,633	-7,605	-7,591	-7,575	-7,558	-7,539	-7,507	-7,460	-7,407	-7,326	-7,195	-7,049	0,341	0,227	0,170	0,106	0,107	0,115	0,122	0,128	0,147	0,174	0,208	0,245	0,279	0,295	0,228	0,000	0,000
14,000	-10,124	-9,644	-9,668	-9,510	-9,489	-9,448	-9,422	-9,421	-9,408	-9,391	-9,383	-9,351	-9,279	-9,160	-8,996	1,023	0,547	0,435	0,273	0,198	0,143	0,136	0,116	0,122	0,137	0,168	0,199	0,248	0,284	0,234	0,000	0,000
15,000	-8,797	-8,790	-8,719	-8,685	-8,650	-8,643	-8,633	-8,624	-8,604	-8,604	-8,588	-8,564	-8,526	-8,463	-8,386	0,033	0,116	0,082	0,078	0,070	0,072	0,067	0,068	0,073	0,080	0,096	0,109	0,131	0,142	0,114	0,000	0,000
	run	12	2022:11:08    10:55:26,681
0,000	-12,878	-12,964	-12,988	-13,064	-13,090	-13,104	-13,105	-13,117	-13,115	-13,117	-13,107	-13,079	-13,038	-12,956	-12,847	-0,264	-0,207	-0,182	-0,108	-0,076	-0,043	-0,028	-0,009	0,014	0,038	0,070	0,113	0,149	0,175	0,140	0,000	0,000
1,000	-16,513	-16,512	-16,451	-16,275	-16,136	-16,040	-15,986	-15,940	-15,905	-15,871	-15,830	-15,794	-15,748	-15,660	-15,563	0,005	0,137	0,197	0,291	0,307	0,268	0,252	0,227	0,208	0,198	0,190	0,201	0,202	0,211	0,157	0,000	0,000
2,000	-10,128	-10,124	-10,097	-9,978	-9,876	-9,801	-9,755	-9,723	-9,678	-9,644	-9,586	-9,518	-9,423	-9,283	-9,122	0,019	0,079	0,145	0,229	0,238	0,222	0,226	0,220	0,229	0,240	0,270	0,299	0,327	0,332	0,252	0,000	0,000
3,000	-20,273	-20,264	-20,223	-19,928	-19,722	-19,601	-19,527	-19,474	-19,419	-19,412	-19,368	-19,329	-19,279	-19,177	-19,056	0,119	0,229	0,321	0,451	0,441	0,362	0,321	0,272	0,245	0,210	0,209	0,219	0,226	0,237	0,177	0,000	0,000
4,000	-10,901	-11,013	-10,912	-10,906	-10,866	-10,869	-10,871	-10,864	-10,865	-10,845	-10,808	-10,736	-10,606	-10,393	-10,108	-0,316	-0,024	-0,029	0,038	0,043	0,064	0,070	0,096	0,123	0,185	0,263	0,349	0,440	0,495	0,408	0,000	0,000
5,000	-12,424	-12,340	-12,516	-12,545	-12,557	-12,542	-12,520	-12,522	-12,496	-12,488	-12,435	-12,348	-12,215	-11,959	-11,640	-0,021	-0,199	-0,139	-0,021	0,013	0,033	0,074	0,114	0,153	0,210	0,300	0,388	0,495	0,555	0,452	0,000	0,000
6,000	-8,793	-8,802	-8,713	-8,569	-8,467	-8,406	-8,376	-8,351	-8,306	-8,284	-8,232	-8,173	-8,087	-7,943	-7,760	-0,078	0,121	0,157	0,227	0,225	0,204	0,202	0,193	0,199	0,216	0,248	0,286	0,321	0,338	0,258	0,000	0,000
7,000	-7,172	-7,173	-7,130	-7,060	-7,007	-6,976	-6,962	-6,954	-6,938	-6,935	-6,917	-6,899	-6,868	-6,826	-6,769	-0,087	0,021	0,061	0,115	0,098	0,083	0,081	0,076	0,074	0,067	0,076	0,087	0,098	0,107	0,080	0,000	0,000
8,000	-20,276	-20,508	-20,537	-20,664	-20,655	-20,707	-20,744	-20,777	-20,800	-20,861	-20,870	-20,891	-20,896	-20,857	-20,800	-0,389	-0,260	-0,223	-0,160	-0,142	-0,153	-0,143	-0,140	-0,122	-0,108	-0,068	-0,018	0,011	0,061	0,060	0,000	0,000
9,000	-9,826	-9,794	-9,747	-9,564	-9,430	-9,309	-9,249	-9,198	-9,143	-9,096	-9,041	-8,976	-8,892	-8,774	-8,623	0,010	0,106	0,189	0,321	0,338	0,311	0,305	0,282	0,270	0,260	0,275	0,288	0,304	0,301	0,229	0,000	0,000
10,000	-9,906	-9,920	-9,769	-9,610	-9,502	-9,454	-9,432	-9,414	-9,393	-9,398	-9,375	-9,344	-9,284	-9,194	-9,087	-0,107	0,164	0,193	0,238	0,195	0,165	0,144	0,126	0,117	0,124	0,140	0,164	0,198	0,209	0,164	0,000	0,000
11,000	-10,414	-10,342	-10,300	-10,166	-10,075	-10,025	-9,996	-9,970	-9,940	-9,920	-9,889	-9,839	-9,774	-9,670	-9,552	0,051	0,115	0,154	0,208	0,201	0,171	0,170	0,158	0,160	0,162	0,187	0,207	0,233	0,239	0,179	0,000	0,000
12,000	-14,900	-14,951	-14,882	-14,844	-14,794	-14,773	-14,768	-14,757	-14,743	-14,752	-14,731	-14,699	-14,648	-14,546	-14,427	-0,130	-0,001	0,031	0,079	0,074	0,067	0,066	0,074	0,082	0,083	0,116	0,152	0,192	0,214	0,171	0,000	0,000
13,000	-7,758	-7,711	-7,669	-7,644	-7,617	-7,601	-7,587	-7,570	-7,543	-7,522	-7,475	-7,413	-7,333	-7,210	-7,052	0,343	0,224	0,162	0,109	0,100	0,111	0,115	0,130	0,146	0,176	0,210	0,242	0,282	0,294	0,229	0,000	0,000
14,000	-10,104	-9,623	-9,660	-9,492	-9,474	-9,432	-9,405	-9,399	-9,385	-9,383	-9,365	-9,325	-9,262	-9,145	-8,983	1,008	0,535	0,437	0,262	0,201	0,148	0,137	0,122	0,120	0,131	0,159	0,200	0,249	0,272	0,233	0,000	0,000
15,000	-8,781	-8,777	-8,707	-8,670	-8,632	-8,626	-8,619	-8,606	-8,590	-8,593	-8,574	-8,546	-8,508	-8,442	-8,374	0,022	0,113	0,077	0,084	0,069	0,067	0,069	0,069	0,070	0,078	0,095	0,112	0,131	0,140	0,115	0,000	0,000
	run	13	2022:11:08    10:55:26,729
0,000	-13,044	-13,155	-13,178	-13,266	-13,280	-13,301	-13,304	-13,307	-13,315	-13,315	-13,306	-13,280	-13,235	-13,150	-13,047	-0,284	-0,215	-0,171	-0,106	-0,083	-0,046	-0,030	-0,010	0,013	0,033	0,071	0,112	0,151	0,179	0,143	0,000	0,000
1,000	-16,691	-16,696	-16,622	-16,447	-16,311	-16,218	-16,163	-16,118	-16,079	-16,048	-16,006	-15,970	-15,918	-15,833	-15,728	-0,007	0,134	0,200	0,297	0,305	0,277	0,257	0,225	0,208	0,189	0,197	0,204	0,204	0,215	0,162	0,000	0,000
2,000	-10,128	-10,124	-10,097	-9,978	-9,876	-9,801	-9,755	-9,723	-9,678	-9,644	-9,586	-9,518	-9,423	-9,283	-9,122	0,019	0,079	0,145	0,229	0,238	0,222	0,226	0,220	0,229	0,240	0,270	0,299	0,327	0,332	0,252	0,000	0,000
3,000	-20,273	-20,264	-20,223	-19,928	-19,722	-19,601	-19,527	-19,474	-19,419	-19,412	-19,368	-19,329	-19,279	-19,177	-19,056	0,119	0,229	0,321	0,451	0,441	0,362	0,321	0,272	0,245	0,210	0,209	0,219	0,226	0,237	0,177	0,000	0,000
4,000	-10,901	-11,013	-10,912	-10,906	-10,866	-10,869	-10,871	-10,864	-10,865	-10,845	-10,808	-10,736	-10,606	-10,393	-10,108	-0,316	-0,024	-0,029	0,038	0,043	0,064	0,070	0,096	0,123	0,185	0,263	0,349	0,440	0,495	0,408	0,000	0,000
5,000	-12,424	-12,340	-12,516	-12,545	-12,557	-12,542	-12,520	-12,522	-12,496	-12,488	-12,435	-12,348	-12,215	-11,959	-11,640	-0,021	-0,199	-0,139	-0,021	0,013	0,033	0,074	0,114	0,153	0,210	0,300	0,388	0,495	0,555	0,452	0,000	0,000
6,000	-8,793	-8,802	-8,713	-8,569	-8,467	-8,406	-8,376	-8,351	-8,306	-8,284	-8,232	-8,173	-8,087	-7,943	-7,760	-0,078	0,121	0,157	0,227	0,225	0,204	0,202	0,193	0,199	0,216	0,248	0,286	0,321	0,338	0,258	0,000	0,000
7,000	-7,172	-7,173	-7,130	-7,060	-7,007	-6,976	-6,962	-6,954	-6,938	-6,935	-6,917	-6,899	-6,868	-6,826	-6,769	-0,087	0,021	0,061	0,115	0,098	0,083	0,081	0,076	0,074	0,067	0,076	0,087	0,098	0,107	0,080	0,000	0,000
8,000	-20,387	-20,613	-20,632	-20,757	-20,751	-20,802	-20,836	-20,864	-20,901	-20,951	-20,972	-20,987	-20,991	-20,942	-20,886	-0,394	-0,239	-0,235	-0,162	-0,142	-0,158	-0,148	-0,135	-0,119	-0,110	-0,063	-0,007	0,018	0,063	0,062	0,000	0,000
9,000	-9,789	-9,770	-9,711	-9,538	-9,402	-9,283	-9,220	-9,166	-9,113	-9,072	-9,014	-8,956	-8,867	-8,742	-8,599	-0,013	0,107	0,184	0,318	0,337	0,314	0,302	0,279	0,265	0,263	0,278	0,289	0,296	0,300	0,225	0,000	0,000
10,000	-9,823	-9,834	-9,684	-9,530	-9,436	-9,393	-9,362	-9,349	-9,328	-9,331	-9,307	-9,277	-9,219	-9,130	-9,019	-0,120	0,163	0,177	0,227	0,192	0,163	0,139	0,127	0,114	0,122	0,138	0,162	0,194	0,209	0,166	0,000	0,000
11,000	-10,349	-10,263	-10,231	-10,084	-10,002	-9,949	-9,920	-9,895	-9,862	-9,847	-9,805	-9,763	-9,702	-9,600	-9,475	0,041	0,112	0,148	0,207	0,201	0,167	0,166	0,157	0,162	0,166	0,189	0,211	0,226	0,241	0,182	0,000	0,000
12,000	-14,924	-14,960	-14,904	-14,860	-14,807	-14,792	-14,787	-14,774	-14,764	-14,773	-14,742	-14,720	-14,673	-14,571	-14,453	-0,123	-0,001	0,033	0,077	0,074	0,066	0,064	0,069	0,073	0,088	0,114	0,153	0,189	0,209	0,169	0,000	0,000
13,000	-7,785	-7,737	-7,687	-7,673	-7,639	-7,625	-7,605	-7,591	-7,569	-7,542	-7,496	-7,440	-7,355	-7,231	-7,074	0,339	0,232	0,158	0,112	0,102	0,112	0,120	0,135	0,146	0,177	0,216	0,245	0,281	0,292	0,234	0,000	0,000
14,000	-10,213	-9,724	-9,751	-9,582	-9,561	-9,524	-9,498	-9,495	-9,483	-9,468	-9,462	-9,424	-9,355	-9,224	-9,067	1,006	0,546	0,454	0,275	0,204	0,149	0,141	0,125	0,124	0,135	0,170	0,199	0,256	0,286	0,235	0,000	0,000
15,000	-8,945	-8,934	-8,866	-8,824	-8,785	-8,776	-8,766	-8,758	-8,739	-8,740	-8,724	-8,693	-8,653	-8,587	-8,512	0,024	0,110	0,083	0,090	0,073	0,070	0,071	0,074	0,073	0,087	0,102	0,115	0,137	0,141	0,117	0,000	0,000
	run	14	2022:11:08    10:55:26,830
0,000	-13,289	-13,376	-13,413	-13,498	-13,516	-13,537	-13,543	-13,544	-13,544	-13,549	-13,543	-13,517	-13,470	-13,379	-13,274	-0,282	-0,213	-0,175	-0,117	-0,085	-0,055	-0,028	-0,013	0,012	0,039	0,068	0,122	0,157	0,180	0,146	0,000	0,000
1,000	-16,983	-16,948	-16,864	-16,683	-16,544	-16,443	-16,386	-16,339	-16,295	-16,265	-16,228	-16,189	-16,133	-16,045	-15,935	-0,000	0,147	0,215	0,313	0,314	0,293	0,268	0,235	0,213	0,205	0,207	0,213	0,218	0,220	0,171	0,000	0,000
2,000	-10,193	-10,199	-10,171	-10,051	-9,950	-9,872	-9,832	-9,793	-9,750	-9,721	-9,660	-9,590	-9,498	-9,355	-9,193	0,010	0,087	0,137	0,230	0,246	0,226	0,229	0,220	0,232	0,232	0,268	0,301	0,323	0,336	0,249	0,000	0,000
3,000	-20,122	-20,106	-20,086	-19,788	-19,587	-19,461	-19,391	-19,330	-19,285	-19,268	-19,227	-19,188	-19,140	-19,031	-18,911	0,094	0,217	0,302	0,451	0,435	0,361	0,325	0,279	0,248	0,213	0,211	0,219	0,233	0,240	0,180	0,000	0,000
4,000	-10,781	-10,895	-10,788	-10,788	-10,750	-10,746	-10,749	-10,745	-10,743	-10,729	-10,691	-10,622	-10,497	-10,286	-10,002	-0,307	-0,017	-0,030	0,034	0,044	0,066	0,072	0,090	0,121	0,180	0,269	0,344	0,434	0,484	0,404	0,000	0,000
5,000	-12,189	-12,107	-12,291	-12,306	-12,323	-12,299	-12,285	-12,279	-12,251	-12,249	-12,194	-12,119	-11,980	-11,741	-11,433	0,007	-0,184	-0,135	-0,019	0,008	0,024	0,075	0,104	0,152	0,205	0,290	0,385	0,481	0,540	0,439	0,000	0,000
6,000	-8,737	-8,748	-8,645	-8,508	-8,414	-8,352	-8,320	-8,292	-8,254	-8,227	-8,175	-8,117	-8,038	-7,888	-7,710	-0,091	0,107	0,154	0,223	0,217	0,201	0,202	0,193	0,198	0,212	0,248	0,283	0,319	0,335	0,261	0,000	0,000
7,000	-7,144	-7,161	-7,102	-7,038	-6,978	-6,953	-6,943	-6,932	-6,911	-6,905	-6,895	-6,871	-6,848	-6,802	-6,744	-0,079	0,040	0,046	0,111	0,099	0,086	0,082	0,070	0,077	0,072	0,081	0,087	0,106	0,110	0,081	0,000	0,000
8,000	-20,307	-20,509	-20,536	-20,659	-20,662	-20,712	-20,754	-20,782	-20,802	-20,865	-20,880	-20,896	-20,905	-20,860	-20,806	-0,401	-0,247	-0,239	-0,169	-0,154	-0,155	-0,148	-0,138	-0,124	-0,107	-0,068	-0,025	0,010	0,056	0,051	0,000	0,000
9,000	-9,763	-9,748	-9,676	-9,505	-9,371	-9,257	-9,193	-9,139	-9,087	-9,043	-8,988	-8,919	-8,838	-8,716	-8,573	-0,006	0,107	0,196	0,325	0,338	0,316	0,301	0,279	0,271	0,268	0,276	0,285	0,297	0,299	0,225	0,000	0,000
10,000	-9,816	-9,840	-9,684	-9,544	-9,437	-9,395	-9,371	-9,355	-9,333	-9,338	-9,319	-9,283	-9,226	-9,138	-9,026	-0,113	0,152	0,176	0,222	0,189	0,157	0,141	0,124	0,115	0,121	0,138	0,161	0,193	0,204	0,165	0,000	0,000
11,000	-10,346	-10,252	-10,225	-10,082	-10,001	-9,947	-9,916	-9,895	-9,863	-9,847	-9,805	-9,762	-9,702	-9,599	-9,477	0,041	0,110	0,146	0,206	0,193	0,167	0,164	0,150	0,157	0,163	0,181	0,206	0,226	0,236	0,181	0,000	0,000
12,000	-14,887	-14,925	-14,856	-14,827	-14,763	-14,746	-14,742	-14,732	-14,719	-14,725	-14,701	-14,673	-14,622	-14,521	-14,408	-0,136	0,005	0,043	0,079	0,077	0,064	0,067	0,073	0,076	0,086	0,119	0,153	0,190	0,212	0,167	0,000	0,000
13,000	-7,789	-7,718	-7,674	-7,651	-7,631	-7,612	-7,595	-7,578	-7,557	-7,530	-7,487	-7,430	-7,341	-7,218	-7,060	0,348	0,223	0,167	0,110	0,104	0,113	0,115	0,137	0,148	0,178	0,212	0,246	0,277	0,299	0,229	0,000	0,000
14,000	-10,296	-9,831	-9,834	-9,678	-9,655	-9,614	-9,590	-9,586	-9,568	-9,567	-9,540	-9,515	-9,439	-9,317	-9,152	1,016	0,545	0,453	0,269	0,206	0,160	0,148	0,125	0,127	0,138	0,168	0,211	0,266	0,289	0,236	0,000	0,000
15,000	-9,066	-9,048	-8,980	-8,940	-8,903	-8,890	-8,879	-8,872	-8,853	-8,850	-8,835	-8,803	-8,767	-8,701	-8,624	0,041	0,119	0,089	0,087	0,077	0,070	0,071	0,076	0,077	0,085	0,104	0,116	0,139	0,148	0,119	0,000	0,000
	run	15	2022:11:08    10:55:26,884
0,000	-13,289	-13,376	-13,413	-13,498	-13,516	-13,537	-13,543	-13,544	-13,544	-13,549	-13,543	-13,517	-13,470	-13,379	-13,274	-0,282	-0,213	-0,175	-0,117	-0,085	-0,055	-0,028	-0,013	0,012	0,039	0,068	0,122	0,157	0,180	0,146	0,000	0,000
1,000	-16,983	-16,948	-16,864	-16,683	-16,544	-16,443	-16,386	-16,339	-16,295	-16,265	-16,228	-16,189	-16,133	-16,045	-15,935	-0,000	0,147	0,215	0,313	0,314	0,293	0,268	0,235	0,213	0,205	0,207	0,213	0,218	0,220	0,171	0,000	0,000
2,000	-10,193	-10,199	-10,171	-10,051	-9,950	-9,872	-9,832	-9,793	-9,750	-9,721	-9,660	-9,590	-9,498	-9,355	-9,193	0,010	0,087	0,137	0,230	0,246	0,226	0,229	0,220	0,232	0,232	0,268	0,301	0,323	0,336	0,249	0,000	0,000
3,000	-20,122	-20,106	-20,086	-19,788	-19,587	-19,461	-19,391	-19,330	-19,285	-19,268	-19,227	-19,188	-19,140	-19,031	-18,911	0,094	0,217	0,302	0,451	0,435	0,361	0,325	0,279	0,248	0,213	0,211	0,219	0,233	0,240	0,180	0,000	0,000
4,000	-10,781	-10,895	-10,788	-10,788	-10,750	-10,746	-10,749	-10,745	-10,743	-10,729	-10,691	-10,622	-10,497	-10,286	-10,002	-0,307	-0,017	-0,030	0,034	0,044	0,066	0,072	0,090	0,121	0,180	0,269	0,344	0,434	0,484	0,404	0,000	0,000
5,000	-12,189	-12,107	-12,291	-12,306	-12,323	-12,299	-12,285	-12,279	-12,251	-12,249	-12,194	-12,119	-11,980	-11,741	-11,433	0,007	-0,184	-0,135	-0,019	0,008	0,024	0,075	0,104	0,152	0,205	0,290	0,385	0,481	0,540	0,439	0,000	0,000
6,000	-8,625	-8,636	-8,541	-8,409	-8,312	-8,248	-8,221	-8,199	-8,148	-8,126	-8,075	-8,024	-7,939	-7,789	-7,622	-0,073	0,109	0,145	0,218	0,227	0,198	0,193	0,195	0,198	0,208	0,242	0,281	0,306	0,329	0,256	0,000	0,000
7,000	-7,038	-7,044	-7,008	-6,945	-6,895	-6,874	-6,852	-6,849	-6,829	-6,825	-6,811	-6,791	-6,769	-6,716	-6,663	-0,079	0,020	0,043	0,103	0,096	0,082	0,077	0,073	0,072	0,070	0,079	0,086	0,105	0,112	0,083	0,000	0,000
8,000	-20,082	-20,301	-20,333	-20,435	-20,437	-20,482	-20,528	-20,550	-20,578	-20,634	-20,650	-20,671	-20,677	-20,626	-20,583	-0,377	-0,223	-0,222	-0,160	-0,137	-0,149	-0,147	-0,135	-0,121	-0,104	-0,067	-0,018	0,016	0,058	0,057	0,000	0,000
9,000	-9,735	-9,725	-9,672	-9,501	-9,372	-9,257	-9,192	-9,144	-9,091	-9,038	-8,979	-8,933	-8,843	-8,728	-8,577	-0,017	0,073	0,173	0,308	0,330	0,310	0,295	0,279	0,269	0,267	0,268	0,276	0,295	0,295	0,225	0,000	0,000
10,000	-9,796	-9,829	-9,676	-9,524	-9,423	-9,381	-9,357	-9,343	-9,323	-9,324	-9,306	-9,273	-9,218	-9,129	-9,019	-0,139	0,163	0,178	0,222	0,191	0,161	0,141	0,123	0,113	0,127	0,138	0,158	0,193	0,203	0,163	0,000	0,000
11,000	-10,348	-10,264	-10,235	-10,090	-10,011	-9,958	-9,926	-9,904	-9,872	-9,857	-9,819	-9,778	-9,715	-9,613	-9,495	0,040	0,107	0,142	0,201	0,192	0,167	0,166	0,157	0,155	0,159	0,179	0,203	0,225	0,234	0,177	0,000	0,000
12,000	-14,799	-14,827	-14,775	-14,729	-14,674	-14,654	-14,656	-14,643	-14,628	-14,637	-14,610	-14,582	-14,537	-14,436	-14,319	-0,126	0,011	0,036	0,078	0,070	0,065	0,069	0,064	0,074	0,080	0,112	0,150	0,185	0,207	0,169	0,000	0,000
13,000	-7,822	-7,725	-7,689	-7,654	-7,640	-7,617	-7,603	-7,587	-7,562	-7,534	-7,494	-7,437	-7,348	-7,222	-7,065	0,377	0,232	0,180	0,120	0,112	0,113	0,123	0,132	0,154	0,177	0,210	0,246	0,283	0,299	0,234	0,000	0,000
14,000	-10,393	-9,970	-9,956	-9,802	-9,772	-9,732	-9,713	-9,710	-9,689	-9,691	-9,673	-9,635	-9,562	-9,435	-9,267	0,969	0,551	0,450	0,276	0,207	0,159	0,145	0,130	0,132	0,135	0,174	0,201	0,261	0,297	0,237	0,000	0,000
15,000	-9,131	-9,104	-9,039	-8,994	-8,954	-8,949	-8,933	-8,926	-8,910	-8,907	-8,886	-8,857	-8,818	-8,752	-8,678	0,060	0,116	0,086	0,089	0,076	0,074	0,078	0,075	0,076	0,090	0,105	0,116	0,139	0,146	0,120	0,000	0,000
	run	16	2022:11:08    10:55:26,981
0,000	-13,391	-13,472	-13,504	-13,601	-13,625	-13,635	-13,643	-13,648	-13,649	-13,654	-13,650	-13,620	-13,576	-13,484	-13,375	-0,275	-0,214	-0,175	-0,112	-0,083	-0,055	-0,033	-0,010	0,010	0,034	0,072	0,118	0,162	0,184	0,149	0,000	0,000
1,000	-17,139	-17,133	-17,065	-16,855	-16,712	-16,602	-16,546	-16,502	-16,457	-16,431	-16,387	-16,345	-16,290	-16,203	-16,101	0,013	0,161	0,233	0,325	0,338	0,299	0,270	0,238	0,216	0,205	0,204	0,215	0,216	0,218	0,169	0,000	0,000
2,000	-10,365	-10,358	-10,324	-10,197	-10,090	-10,019	-9,970	-9,939	-9,888	-9,850	-9,787	-9,723	-9,625	-9,475	-9,297	0,037	0,091	0,146	0,238	0,250	0,229	0,240	0,226	0,240	0,253	0,280	0,317	0,346	0,353	0,270	0,000	0,000
3,000	-20,634	-20,595	-20,552	-20,212	-20,002	-19,866	-19,793	-19,742	-19,693	-19,673	-19,635	-19,595	-19,539	-19,436	-19,310	0,149	0,252	0,358	0,483	0,464	0,380	0,336	0,292	0,257	0,217	0,216	0,227	0,237	0,247	0,188	0,000	0,000
4,000	-10,834	-10,954	-10,853	-10,854	-10,816	-10,809	-10,817	-10,812	-10,807	-10,790	-10,755	-10,685	-10,551	-10,333	-10,055	-0,324	-0,016	-0,034	0,034	0,039	0,074	0,077	0,091	0,119	0,187	0,262	0,348	0,437	0,488	0,399	0,000	0,000
5,000	-12,205	-12,134	-12,294	-12,316	-12,331	-12,306	-12,293	-12,295	-12,272	-12,258	-12,215	-12,134	-11,990	-11,754	-11,439	-0,014	-0,186	-0,123	-0,022	0,006	0,028	0,071	0,112	0,148	0,198	0,291	0,382	0,484	0,540	0,441	0,000	0,000
6,000	-8,573	-8,580	-8,473	-8,346	-8,248	-8,191	-8,160	-8,130	-8,093	-8,069	-8,021	-7,959	-7,880	-7,738	-7,572	-0,077	0,105	0,158	0,226	0,221	0,196	0,195	0,192	0,194	0,208	0,234	0,274	0,305	0,319	0,252	0,000	0,000
7,000	-6,940	-6,937	-6,912	-6,866	-6,818	-6,792	-6,778	-6,768	-6,758	-6,757	-6,741	-6,716	-6,697	-6,646	-6,601	-0,100	-0,009	0,032	0,085	0,081	0,074	0,071	0,063	0,067	0,068	0,072	0,084	0,101	0,103	0,079	0,000	0,000
8,000	-19,817	-20,021	-20,032	-20,127	-20,116	-20,165	-20,206	-20,222	-20,257	-20,311	-20,323	-20,344	-20,345	-20,307	-20,250	-0,342	-0,201	-0,197	-0,140	-0,126	-0,142	-0,141	-0,130	-0,111	-0,102	-0,057	-0,019	0,013	0,055	0,061	0,000	0,000
9,000	-9,556	-9,563	-9,512	-9,378	-9,249	-9,144	-9,079	-9,030	-8,969	-8,931	-8,868	-8,814	-8,740	-8,619	-8,475	-0,021	0,067	0,151	0,283	0,308	0,291	0,286	0,264	0,258	0,253	0,259	0,278	0,289	0,289	0,212	0,000	0,000
10,000	-9,673	-9,707	-9,556	-9,427	-9,322	-9,289	-9,265	-9,250	-9,228	-9,228	-9,211	-9,180	-9,123	-9,032	-8,927	-0,138	0,143	0,152	0,210	0,183	0,153	0,134	0,121	0,110	0,117	0,133	0,157	0,190	0,198	0,162	0,000	0,000
11,000	-10,289	-10,217	-10,187	-10,058	-9,981	-9,925	-9,891	-9,873	-9,841	-9,822	-9,793	-9,745	-9,684	-9,580	-9,464	0,041	0,099	0,136	0,192	0,188	0,165	0,164	0,151	0,151	0,156	0,179	0,202	0,225	0,233	0,175	0,000	0,000
12,000	-14,811	-14,852	-14,786	-14,749	-14,697	-14,679	-14,670	-14,663	-14,648	-14,656	-14,635	-14,599	-14,553	-14,453	-14,334	-0,134	0,008	0,037	0,076	0,077	0,066	0,068	0,070	0,075	0,084	0,118	0,154	0,188	0,213	0,169	0,000	0,000
13,000	-7,831	-7,756	-7,692	-7,681	-7,653	-7,641	-7,623	-7,605	-7,584	-7,550	-7,504	-7,451	-7,369	-7,240	-7,083	0,357	0,233	0,172	0,115	0,108	0,116	0,122	0,133	0,152	0,177	0,211	0,247	0,284	0,298	0,235	0,000	0,000
14,000	-10,388	-9,924	-9,954	-9,781	-9,759	-9,716	-9,688	-9,688	-9,669	-9,669	-9,650	-9,613	-9,539	-9,419	-9,244	1,030	0,549	0,455	0,276	0,201	0,154	0,144	0,130	0,124	0,138	0,170	0,212	0,268	0,293	0,241	0,000	0,000
15,000	-9,131	-9,094	-9,032	-8,992	-8,950	-8,945	-8,930	-8,923	-8,903	-8,899	-8,881	-8,856	-8,812	-8,744	-8,666	0,055	0,123	0,089	0,090	0,079	0,066	0,074	0,076	0,076	0,091	0,104	0,117	0,140	0,146	0,120	0,000	0,000
	run	17	2022:11:08    10:55:27,080
0,000	-13,286	-13,392	-13,411	-13,502	-13,522	-13,539	-13,544	-13,546	-13,550	-13,555	-13,544	-13,522	-13,474	-13,385	-13,274	-0,282	-0,212	-0,172	-0,116	-0,082	-0,048	-0,028	-0,013	0,011	0,035	0,075	0,118	0,156	0,186	0,152	0,000	0,000
1,000	-17,100	-17,094	-17,028	-16,825	-16,671	-16,573	-16,515	-16,466	-16,423	-16,393	-16,351	-16,314	-16,255	-16,169	-16,060	0,022	0,162	0,235	0,331	0,337	0,297	0,275	0,241	0,218	0,206	0,210	0,213	0,215	0,219	0,169	0,000	0,000
2,000	-10,446	-10,439	-10,392	-10,259	-10,156	-10,079	-10,037	-9,998	-9,949	-9,919	-9,857	-9,784	-9,680	-9,531	-9,358	0,033	0,101	0,150	0,248	0,262	0,237	0,241	0,231	0,238	0,251	0,284	0,316	0,347	0,352	0,274	0,000	0,000
3,000	-20,866	-20,823	-20,760	-20,419	-20,209	-20,071	-20,000	-19,952	-19,891	-19,879	-19,839	-19,798	-19,742	-19,640	-19,509	0,165	0,281	0,372	0,499	0,474	0,379	0,339	0,294	0,255	0,217	0,218	0,231	0,235	0,250	0,186	0,000	0,000
4,000	-11,161	-11,283	-11,187	-11,184	-11,150	-11,148	-11,150	-11,141	-11,142	-11,129	-11,076	-11,011	-10,871	-10,651	-10,361	-0,336	-0,033	-0,042	0,023	0,034	0,061	0,081	0,100	0,129	0,191	0,281	0,361	0,457	0,511	0,425	0,000	0,000
5,000	-12,585	-12,511	-12,688	-12,704	-12,718	-12,695	-12,675	-12,682	-12,652	-12,646	-12,606	-12,506	-12,368	-12,112	-11,788	-0,002	-0,206	-0,138	-0,014	0,008	0,036	0,079	0,111	0,156	0,208	0,297	0,404	0,504	0,568	0,467	0,000	0,000
6,000	-8,770	-8,773	-8,675	-8,538	-8,432	-8,370	-8,338	-8,309	-8,270	-8,246	-8,202	-8,140	-8,056	-7,918	-7,740	-0,071	0,116	0,157	0,239	0,225	0,203	0,201	0,192	0,202	0,214	0,244	0,279	0,309	0,330	0,258	0,000	0,000
7,000	-6,992	-7,014	-6,978	-6,935	-6,876	-6,848	-6,838	-6,827	-6,811	-6,810	-6,796	-6,784	-6,749	-6,708	-6,655	-0,094	0,015	0,034	0,089	0,087	0,073	0,074	0,067	0,062	0,067	0,070	0,084	0,097	0,096	0,074	0,000	0,000
8,000	-19,637	-19,829	-19,856	-19,944	-19,938	-19,977	-20,015	-20,048	-20,072	-20,124	-20,139	-20,165	-20,161	-20,113	-20,073	-0,352	-0,202	-0,181	-0,133	-0,125	-0,140	-0,139	-0,132	-0,111	-0,099	-0,068	-0,020	0,008	0,053	0,055	0,000	0,000
9,000	-9,390	-9,393	-9,360	-9,227	-9,107	-8,997	-8,939	-8,889	-8,833	-8,795	-8,740	-8,678	-8,601	-8,486	-8,350	-0,028	0,060	0,125	0,267	0,294	0,286	0,278	0,260	0,251	0,245	0,261	0,275	0,281	0,282	0,213	0,000	0,000
10,000	-9,492	-9,532	-9,403	-9,276	-9,181	-9,142	-9,125	-9,110	-9,086	-9,086	-9,072	-9,041	-8,986	-8,903	-8,798	-0,133	0,124	0,138	0,188	0,164	0,143	0,126	0,111	0,107	0,109	0,128	0,157	0,184	0,197	0,160	0,000	0,000
11,000	-10,192	-10,114	-10,087	-9,969	-9,892	-9,837	-9,811	-9,790	-9,756	-9,740	-9,704	-9,667	-9,602	-9,503	-9,387	0,024	0,094	0,119	0,184	0,182	0,153	0,156	0,149	0,151	0,154	0,177	0,201	0,220	0,226	0,171	0,000	0,000
12,000	-14,710	-14,755	-14,689	-14,647	-14,598	-14,575	-14,570	-14,561	-14,544	-14,555	-14,538	-14,500	-14,456	-14,356	-14,237	-0,133	0,017	0,034	0,081	0,074	0,070	0,071	0,072	0,080	0,088	0,122	0,154	0,189	0,212	0,170	0,000	0,000
13,000	-7,767	-7,702	-7,651	-7,631	-7,605	-7,589	-7,575	-7,561	-7,534	-7,507	-7,462	-7,405	-7,324	-7,201	-7,045	0,342	0,223	0,172	0,110	0,110	0,112	0,123	0,132	0,148	0,173	0,210	0,248	0,281	0,297	0,232	0,000	0,000
14,000	-10,277	-9,827	-9,846	-9,671	-9,649	-9,619	-9,590	-9,587	-9,569	-9,563	-9,544	-9,513	-9,435	-9,318	-9,150	1,029	0,548	0,448	0,270	0,204	0,151	0,138	0,121	0,125	0,128	0,167	0,213	0,263	0,298	0,242	0,000	0,000
15,000	-9,046	-9,010	-8,950	-8,904	-8,864	-8,852	-8,844	-8,836	-8,817	-8,816	-8,799	-8,771	-8,725	-8,659	-8,588	0,039	0,113	0,082	0,089	0,071	0,070	0,073	0,072	0,080	0,087	0,106	0,121	0,142	0,148	0,120	0,000	0,000
	run	18	2022:11:08    10:55:27,128
0,000	-13,210	-13,314	-13,350	-13,430	-13,452	-13,464	-13,471	-13,480	-13,474	-13,485	-13,475	-13,451	-13,401	-13,317	-13,212	-0,253	-0,211	-0,175	-0,107	-0,085	-0,049	-0,030	-0,015	0,016	0,039	0,074	0,116	0,164	0,184	0,150	0,000	0,000
1,000	-17,067	-17,056	-16,977	-16,777	-16,638	-16,534	-16,474	-16,428	-16,384	-16,355	-16,308	-16,269	-16,215	-16,131	-16,021	0,021	0,156	0,225	0,328	0,326	0,290	0,274	0,240	0,224	0,209	0,207	0,213	0,215	0,217	0,170	0,000	0,000
2,000	-10,446	-10,439	-10,392	-10,259	-10,156	-10,079	-10,037	-9,998	-9,949	-9,919	-9,857	-9,784	-9,680	-9,531	-9,358	0,033	0,101	0,150	0,248	0,262	0,237	0,241	0,231	0,238	0,251	0,284	0,316	0,347	0,352	0,274	0,000	0,000
3,000	-20,866	-20,823	-20,760	-20,419	-20,209	-20,071	-20,000	-19,952	-19,891	-19,879	-19,839	-19,798	-19,742	-19,640	-19,509	0,165	0,281	0,372	0,499	0,474	0,379	0,339	0,294	0,255	0,217	0,218	0,231	0,235	0,250	0,186	0,000	0,000
4,000	-11,161	-11,283	-11,187	-11,184	-11,150	-11,148	-11,150	-11,141	-11,142	-11,129	-11,076	-11,011	-10,871	-10,651	-10,361	-0,336	-0,033	-0,042	0,023	0,034	0,061	0,081	0,100	0,129	0,191	0,281	0,361	0,457	0,511	0,425	0,000	0,000
5,000	-12,585	-12,511	-12,688	-12,704	-12,718	-12,695	-12,675	-12,682	-12,652	-12,646	-12,606	-12,506	-12,368	-12,112	-11,788	-0,002	-0,206	-0,138	-0,014	0,008	0,036	0,079	0,111	0,156	0,208	0,297	0,404	0,504	0,568	0,467	0,000	0,000
6,000	-8,770	-8,773	-8,675	-8,538	-8,432	-8,370	-8,338	-8,309	-8,270	-8,246	-8,202	-8,140	-8,056	-7,918	-7,740	-0,071	0,116	0,157	0,239	0,225	0,203	0,201	0,192	0,202	0,214	0,244	0,279	0,309	0,330	0,258	0,000	0,000
7,000	-6,992	-7,014	-6,978	-6,935	-6,876	-6,848	-6,838	-6,827	-6,811	-6,810	-6,796	-6,784	-6,749	-6,708	-6,655	-0,094	0,015	0,034	0,089	0,087	0,073	0,074	0,067	0,062	0,067	0,070	0,084	0,097	0,096	0,074	0,000	0,000
8,000	-19,785	-19,981	-20,005	-20,106	-20,092	-20,137	-20,176	-20,205	-20,229	-20,293	-20,306	-20,323	-20,324	-20,282	-20,225	-0,376	-0,221	-0,189	-0,138	-0,125	-0,142	-0,135	-0,134	-0,116	-0,101	-0,062	-0,016	0,008	0,050	0,052	0,000	0,000
9,000	-9,458	-9,468	-9,415	-9,285	-9,161	-9,055	-8,987	-8,941	-8,884	-8,841	-8,793	-8,728	-8,652	-8,534	-8,394	-0,032	0,062	0,148	0,274	0,305	0,292	0,285	0,261	0,258	0,251	0,262	0,277	0,283	0,282	0,213	0,000	0,000
10,000	-9,568	-9,600	-9,458	-9,335	-9,245	-9,207	-9,185	-9,171	-9,150	-9,154	-9,134	-9,102	-9,052	-8,962	-8,863	-0,158	0,120	0,141	0,190	0,172	0,138	0,124	0,111	0,105	0,110	0,130	0,154	0,181	0,194	0,158	0,000	0,000
11,000	-10,192	-10,121	-10,099	-9,966	-9,889	-9,837	-9,804	-9,784	-9,752	-9,733	-9,704	-9,658	-9,599	-9,501	-9,385	0,022	0,087	0,131	0,185	0,185	0,155	0,157	0,148	0,154	0,153	0,173	0,200	0,219	0,226	0,174	0,000	0,000
12,000	-14,543	-14,588	-14,522	-14,480	-14,435	-14,407	-14,409	-14,396	-14,381	-14,381	-14,368	-14,340	-14,296	-14,194	-14,078	-0,132	0,006	0,037	0,072	0,079	0,066	0,058	0,065	0,076	0,080	0,111	0,147	0,183	0,208	0,163	0,000	0,000
13,000	-7,682	-7,632	-7,568	-7,556	-7,529	-7,513	-7,499	-7,482	-7,461	-7,434	-7,388	-7,335	-7,251	-7,124	-6,978	0,334	0,218	0,159	0,104	0,102	0,110	0,117	0,130	0,149	0,168	0,206	0,245	0,278	0,291	0,229	0,000	0,000
14,000	-10,198	-9,744	-9,764	-9,601	-9,579	-9,534	-9,518	-9,516	-9,495	-9,493	-9,464	-9,437	-9,363	-9,248	-9,078	1,019	0,540	0,451	0,271	0,206	0,150	0,139	0,124	0,119	0,133	0,164	0,205	0,254	0,287	0,237	0,000	0,000
15,000	-8,977	-8,961	-8,898	-8,861	-8,821	-8,814	-8,800	-8,795	-8,775	-8,769	-8,754	-8,728	-8,684	-8,619	-8,540	0,052	0,114	0,090	0,085	0,074	0,069	0,070	0,074	0,074	0,088	0,102	0,120	0,141	0,149	0,118	0,000	0,000
	run	19	2022:11:08    10:55:27,228
0,000	-13,258	-13,336	-13,385	-13,461	-13,489	-13,500	-13,504	-13,507	-13,506	-13,513	-13,505	-13,479	-13,429	-13,341	-13,234	-0,283	-0,211	-0,178	-0,110	-0,078	-0,052	-0,031	-0,014	0,012	0,038	0,078	0,121	0,160	0,184	0,153	0,000	0,000
1,000	-17,025	-16,997	-16,934	-16,731	-16,587	-16,485	-16,431	-16,383	-16,341	-16,311	-16,265	-16,228	-16,177	-16,086	-15,980	0,022	0,163	0,219	0,328	0,325	0,286	0,269	0,237	0,217	0,202	0,204	0,211	0,214	0,217	0,168	0,000	0,000
2,000	-10,332	-10,311	-10,289	-10,157	-10,053	-9,979	-9,935	-9,895	-9,853	-9,822	-9,755	-9,688	-9,592	-9,446	-9,274	0,013	0,087	0,146	0,236	0,251	0,232	0,235	0,231	0,237	0,245	0,282	0,316	0,337	0,348	0,261	0,000	0,000
3,000	-20,559	-20,516	-20,478	-20,148	-19,950	-19,818	-19,739	-19,683	-19,630	-19,623	-19,576	-19,544	-19,489	-19,390	-19,255	0,121	0,238	0,336	0,479	0,455	0,379	0,332	0,284	0,253	0,220	0,218	0,224	0,239	0,246	0,187	0,000	0,000
4,000	-11,001	-11,111	-11,004	-11,002	-10,977	-10,963	-10,974	-10,968	-10,965	-10,948	-10,912	-10,839	-10,708	-10,488	-10,204	-0,318	-0,026	-0,031	0,028	0,035	0,065	0,074	0,094	0,124	0,187	0,270	0,360	0,449	0,499	0,415	0,000	0,000
5,000	-12,481	-12,385	-12,573	-12,588	-12,604	-12,574	-12,559	-12,565	-12,530	-12,519	-12,488	-12,395	-12,250	-12,002	-11,678	0,008	-0,192	-0,139	-0,019	0,015	0,035	0,071	0,107	0,157	0,207	0,297	0,399	0,502	0,562	0,458	0,000	0,000
6,000	-8,784	-8,785	-8,682	-8,549	-8,440	-8,381	-8,351	-8,319	-8,279	-8,255	-8,207	-8,147	-8,062	-7,918	-7,741	-0,072	0,117	0,164	0,239	0,231	0,206	0,205	0,190	0,199	0,214	0,250	0,281	0,317	0,332	0,261	0,000	0,000
7,000	-7,077	-7,072	-7,039	-6,980	-6,936	-6,904	-6,891	-6,880	-6,863	-6,858	-6,843	-6,826	-6,800	-6,752	-6,697	-0,104	0,014	0,035	0,093	0,092	0,081	0,082	0,063	0,069	0,068	0,079	0,087	0,102	0,105	0,081	0,000	0,000
8,000	-19,992	-20,204	-20,206	-20,321	-20,311	-20,365	-20,402	-20,425	-20,455	-20,515	-20,527	-20,548	-20,551	-20,509	-20,454	-0,381	-0,224	-0,202	-0,149	-0,135	-0,150	-0,143	-0,134	-0,117	-0,103	-0,057	-0,023	0,012	0,054	0,058	0,000	0,000
9,000	-9,639	-9,622	-9,567	-9,415	-9,282	-9,172	-9,105	-9,054	-8,998	-8,956	-8,904	-8,836	-8,762	-8,639	-8,501	-0,029	0,086	0,165	0,297	0,320	0,303	0,294	0,275	0,263	0,260	0,261	0,281	0,292	0,293	0,221	0,000	0,000
10,000	-9,667	-9,712	-9,566	-9,440	-9,341	-9,304	-9,286	-9,265	-9,245	-9,249	-9,226	-9,201	-9,143	-9,054	-8,952	-0,137	0,131	0,147	0,197	0,176	0,149	0,133	0,118	0,108	0,116	0,134	0,150	0,188	0,200	0,157	0,000	0,000
11,000	-10,214	-10,137	-10,107	-9,979	-9,904	-9,856	-9,824	-9,800	-9,769	-9,750	-9,715	-9,674	-9,614	-9,511	-9,400	0,018	0,091	0,132	0,191	0,185	0,156	0,157	0,152	0,154	0,154	0,178	0,197	0,218	0,223	0,176	0,000	0,000
12,000	-14,494	-14,533	-14,465	-14,429	-14,374	-14,360	-14,345	-14,337	-14,332	-14,331	-14,315	-14,289	-14,239	-14,141	-14,026	-0,128	0,009	0,037	0,080	0,078	0,060	0,065	0,067	0,072	0,085	0,110	0,146	0,183	0,205	0,165	0,000	0,000
13,000	-7,606	-7,565	-7,506	-7,501	-7,474	-7,457	-7,446	-7,430	-7,405	-7,375	-7,339	-7,279	-7,200	-7,074	-6,923	0,321	0,215	0,148	0,101	0,100	0,103	0,113	0,125	0,144	0,169	0,210	0,239	0,274	0,286	0,228	0,000	0,000
14,000	-10,121	-9,666	-9,674	-9,512	-9,491	-9,455	-9,430	-9,431	-9,410	-9,406	-9,394	-9,351	-9,288	-9,165	-8,997	1,007	0,538	0,435	0,264	0,194	0,150	0,137	0,121	0,119	0,132	0,158	0,196	0,252	0,282	0,231	0,000	0,000
15,000	-8,977	-8,957	-8,892	-8,849	-8,812	-8,803	-8,792	-8,784	-8,764	-8,765	-8,744	-8,719	-8,674	-8,607	-8,533	0,046	0,116	0,081	0,084	0,075	0,073	0,076	0,076	0,073	0,088	0,103	0,119	0,141	0,149	0,117	0,000	0,000
	run	20	2022:11:08    10:55:27,280
0,000	-13,258	-13,336	-13,385	-13,461	-13,489	-13,500	-13,504	-13,507	-13,506	-13,513	-13,505	-13,479	-13,429	-13,341	-13,234	-0,283	-0,211	-0,178	-0,110	-0,078	-0,052	-0,031	-0,014	0,012	0,038	0,078	0,121	0,160	0,184	0,153	0,000	0,000
1,000	-17,025	-16,997	-16,934	-16,731	-16,587	-16,485	-16,431	-16,383	-16,341	-16,311	-16,265	-16,228	-16,177	-16,086	-15,980	0,022	0,163	0,219	0,328	0,325	0,286	0,269	0,237	0,217	0,202	0,204	0,211	0,214	0,217	0,168	0,000	0,000
2,000	-10,332	-10,311	-10,289	-10,157	-10,053	-9,979	-9,935	-9,895	-9,853	-9,822	-9,755	-9,688	-9,592	-9,446	-9,274	0,013	0,087	0,146	0,236	0,251	0,232	0,235	0,231	0,237	0,245	0,282	0,316	0,337	0,348	0,261	0,000	0,000
3,000	-20,559	-20,516	-20,478	-20,148	-19,950	-19,818	-19,739	-19,683	-19,630	-19,623	-19,576	-19,544	-19,489	-19,390	-19,255	0,121	0,238	0,336	0,479	0,455	0,379	0,332	0,284	0,253	0,220	0,218	0,224	0,239	0,246	0,187	0,000	0,000
4,000	-11,001	-11,111	-11,004	-11,002	-10,977	-10,963	-10,974	-10,968	-10,965	-10,948	-10,912	-10,839	-10,708	-10,488	-10,204	-0,318	-0,026	-0,031	0,028	0,035	0,065	0,074	0,094	0,124	0,187	0,270	0,360	0,449	0,499	0,415	0,000	0,000
5,000	-12,481	-12,385	-12,573	-12,588	-12,604	-12,574	-12,559	-12,565	-12,530	-12,519	-12,488	-12,395	-12,250	-12,002	-11,678	0,008	-0,192	-0,139	-0,019	0,015	0,035	0,071	0,107	0,157	0,207	0,297	0,399	0,502	0,562	0,458	0,000	0,000
6,000	-8,759	-8,775	-8,686	-8,549	-8,442	-8,387	-8,357	-8,329	-8,289	-8,264	-8,208	-8,153	-8,063	-7,917	-7,740	-0,078	0,108	0,159	0,233	0,227	0,202	0,199	0,194	0,204	0,211	0,246	0,281	0,318	0,338	0,262	0,000	0,000
7,000	-7,118	-7,137	-7,078	-7,012	-6,958	-6,936	-6,920	-6,904	-6,891	-6,887	-6,873	-6,851	-6,828	-6,781	-6,726	-0,078	0,033	0,044	0,106	0,096	0,083	0,082	0,075	0,074	0,074	0,078	0,094	0,102	0,102	0,082	0,000	0,000
8,000	-20,186	-20,393	-20,407	-20,542	-20,529	-20,582	-20,629	-20,654	-20,676	-20,741	-20,751	-20,770	-20,776	-20,733	-20,681	-0,399	-0,240	-0,238	-0,165	-0,144	-0,157	-0,147	-0,137	-0,119	-0,105	-0,069	-0,023	0,012	0,061	0,058	0,000	0,000
9,000	-9,694	-9,684	-9,625	-9,460	-9,320	-9,211	-9,145	-9,097	-9,039	-8,996	-8,936	-8,875	-8,799	-8,674	-8,531	-0,020	0,096	0,182	0,317	0,327	0,305	0,296	0,280	0,266	0,259	0,268	0,284	0,297	0,296	0,220	0,000	0,000
10,000	-9,721	-9,751	-9,606	-9,467	-9,367	-9,328	-9,309	-9,286	-9,267	-9,265	-9,254	-9,224	-9,169	-9,077	-8,966	-0,128	0,139	0,155	0,210	0,182	0,154	0,131	0,118	0,116	0,115	0,132	0,154	0,190	0,200	0,163	0,000	0,000
11,000	-10,225	-10,138	-10,108	-9,979	-9,896	-9,841	-9,811	-9,789	-9,754	-9,742	-9,703	-9,665	-9,600	-9,500	-9,386	0,037	0,106	0,138	0,192	0,189	0,162	0,160	0,149	0,154	0,156	0,177	0,201	0,221	0,231	0,176	0,000	0,000
12,000	-14,608	-14,633	-14,573	-14,539	-14,484	-14,466	-14,456	-14,452	-14,442	-14,443	-14,426	-14,393	-14,346	-14,248	-14,140	-0,123	0,010	0,032	0,081	0,070	0,061	0,065	0,069	0,076	0,079	0,108	0,150	0,183	0,210	0,165	0,000	0,000
13,000	-7,649	-7,599	-7,547	-7,538	-7,506	-7,493	-7,480	-7,466	-7,439	-7,413	-7,371	-7,317	-7,231	-7,113	-6,957	0,328	0,214	0,157	0,101	0,102	0,104	0,113	0,127	0,144	0,172	0,207	0,238	0,276	0,288	0,227	0,000	0,000
14,000	-10,208	-9,751	-9,757	-9,608	-9,580	-9,543	-9,525	-9,519	-9,503	-9,500	-9,484	-9,435	-9,380	-9,254	-9,088	0,991	0,541	0,430	0,265	0,192	0,147	0,140	0,127	0,126	0,128	0,166	0,202	0,254	0,289	0,235	0,000	0,000
15,000	-9,001	-8,983	-8,914	-8,873	-8,837	-8,824	-8,817	-8,811	-8,785	-8,788	-8,768	-8,744	-8,701	-8,639	-8,558	0,054	0,116	0,085	0,088	0,073	0,075	0,069	0,074	0,076	0,088	0,102	0,117	0,141	0,145	0,114	0,000	0,000
	run	21	2022:11:08    10:55:27,381
0,000	-13,167	-13,278	-13,301	-13,391	-13,417	-13,427	-13,432	-13,435	-13,441	-13,447	-13,441	-13,414	-13,367	-13,279	-13,170	-0,273	-0,213	-0,182	-0,115	-0,088	-0,052	-0,024	-0,014	0,012	0,036	0,072	0,114	0,157	0,185	0,148	0,000	0,000
1,000	-16,908	-16,901	-16,816	-16,628	-16,491	-16,388	-16,329	-16,284	-16,245	-16,218	-16,172	-16,137	-16,082	-15,992	-15,889	0,019	0,155	0,211	0,309	0,320	0,284	0,269	0,230	0,216	0,197	0,203	0,210	0,211	0,216	0,167	0,000	0,000
2,000	-10,219	-10,207	-10,171	-10,050	-9,943	-9,870	-9,827	-9,790	-9,753	-9,716	-9,656	-9,586	-9,499	-9,348	-9,182	0,028	0,086	0,127	0,231	0,245	0,228	0,234	0,225	0,227	0,241	0,276	0,303	0,330	0,336	0,262	0,000	0,000
3,000	-20,179	-20,158	-20,138	-19,825	-19,625	-19,497	-19,425	-19,372	-19,319	-19,308	-19,267	-19,232	-19,179	-19,075	-18,955	0,123	0,211	0,315	0,458	0,436	0,366	0,322	0,277	0,245	0,208	0,209	0,219	0,228	0,233	0,179	0,000	0,000
4,000	-10,883	-10,990	-10,901	-10,884	-10,854	-10,864	-10,855	-10,856	-10,846	-10,830	-10,799	-10,727	-10,593	-10,385	-10,094	-0,317	-0,026	-0,025	0,037	0,042	0,067	0,073	0,095	0,122	0,185	0,266	0,343	0,442	0,497	0,407	0,000	0,000
5,000	-12,305	-12,224	-12,414	-12,429	-12,435	-12,413	-12,399	-12,399	-12,378	-12,362	-12,319	-12,237	-12,092	-11,843	-11,530	-0,013	-0,197	-0,151	-0,023	0,013	0,032	0,072	0,107	0,148	0,197	0,288	0,392	0,497	0,557	0,449	0,000	0,000
6,000	-8,718	-8,734	-8,636	-8,500	-8,401	-8,343	-8,308	-8,279	-8,244	-8,224	-8,168	-8,115	-8,026	-7,877	-7,710	-0,093	0,103	0,155	0,230	0,221	0,201	0,201	0,198	0,198	0,210	0,245	0,284	0,313	0,334	0,257	0,000	0,000
7,000	-7,125	-7,123	-7,080	-7,028	-6,966	-6,940	-6,928	-6,916	-6,901	-6,902	-6,887	-6,863	-6,837	-6,793	-6,736	-0,086	0,018	0,058	0,106	0,099	0,077	0,076	0,068	0,074	0,068	0,076	0,088	0,102	0,107	0,078	0,000	0,000
8,000	-20,265	-20,502	-20,493	-20,633	-20,626	-20,669	-20,713	-20,741	-20,765	-20,824	-20,847	-20,852	-20,862	-20,819	-20,761	-0,387	-0,237	-0,222	-0,163	-0,142	-0,158	-0,138	-0,140	-0,116	-0,109	-0,072	-0,019	0,009	0,057	0,057	0,000	0,000
9,000	-9,770	-9,737	-9,692	-9,518	-9,383	-9,272	-9,205	-9,157	-9,097	-9,057	-8,996	-8,939	-8,853	-8,730	-8,592	-0,007	0,098	0,173	0,319	0,333	0,311	0,298	0,278	0,265	0,261	0,272	0,290	0,295	0,297	0,223	0,000	0,000
10,000	-9,724	-9,749	-9,608	-9,466	-9,360	-9,322	-9,295	-9,276	-9,260	-9,262	-9,242	-9,210	-9,154	-9,064	-8,958	-0,126	0,148	0,168	0,211	0,189	0,157	0,137	0,121	0,113	0,123	0,139	0,157	0,190	0,202	0,165	0,000	0,000
11,000	-10,266	-10,198	-10,165	-10,027	-9,944	-9,887	-9,856	-9,835	-9,807	-9,788	-9,751	-9,703	-9,642	-9,539	-9,423	0,044	0,116	0,146	0,203	0,195	0,167	0,163	0,152	0,161	0,163	0,179	0,208	0,228	0,238	0,181	0,000	0,000
12,000	-14,829	-14,859	-14,809	-14,765	-14,712	-14,696	-14,689	-14,679	-14,662	-14,681	-14,654	-14,618	-14,575	-14,481	-14,360	-0,136	0,011	0,028	0,075	0,079	0,060	0,061	0,065	0,074	0,087	0,105	0,154	0,188	0,205	0,169	0,000	0,000
13,000	-7,839	-7,776	-7,720	-7,697	-7,672	-7,657	-7,645	-7,626	-7,602	-7,572	-7,532	-7,468	-7,385	-7,257	-7,103	0,354	0,236	0,172	0,117	0,110	0,115	0,127	0,130	0,154	0,174	0,212	0,247	0,281	0,297	0,234	0,000	0,000
14,000	-10,343	-9,861	-9,890	-9,710	-9,687	-9,649	-9,630	-9,629	-9,611	-9,605	-9,596	-9,551	-9,479	-9,355	-9,183	1,000	0,547	0,440	0,267	0,203	0,153	0,135	0,131	0,127	0,144	0,169	0,206	0,256	0,290	0,238	0,000	0,000
15,000	-9,028	-9,015	-8,948	-8,906	-8,867	-8,853	-8,846	-8,843	-8,819	-8,818	-8,797	-8,772	-8,728	-8,664	-8,590	0,049	0,107	0,089	0,088	0,074	0,074	0,073	0,073	0,075	0,083	0,102	0,118	0,140	0,144	0,115	0,000	0,000
	run	22	2022:11:08    10:55:27,480
0,000	-13,144	-13,216	-13,249	-13,330	-13,353	-13,368	-13,373	-13,380	-13,376	-13,386	-13,375	-13,350	-13,303	-13,219	-13,116	-0,279	-0,203	-0,175	-0,107	-0,082	-0,049	-0,025	-0,013	0,012	0,039	0,075	0,113	0,157	0,176	0,148	0,000	0,000
1,000	-16,697	-16,696	-16,633	-16,447	-16,318	-16,215	-16,160	-16,115	-16,074	-16,044	-16,006	-15,970	-15,911	-15,830	-15,727	0,008	0,140	0,206	0,297	0,308	0,278	0,253	0,229	0,208	0,198	0,195	0,201	0,206	0,214	0,160	0,000	0,000
2,000	-10,085	-10,080	-10,051	-9,931	-9,831	-9,761	-9,717	-9,681	-9,631	-9,601	-9,549	-9,480	-9,388	-9,246	-9,079	0,022	0,062	0,124	0,220	0,239	0,221	0,226	0,221	0,228	0,235	0,269	0,298	0,324	0,330	0,253	0,000	0,000
3,000	-20,063	-20,039	-20,043	-19,732	-19,539	-19,409	-19,345	-19,286	-19,237	-19,224	-19,181	-19,145	-19,096	-18,994	-18,872	0,086	0,205	0,298	0,436	0,427	0,349	0,314	0,279	0,242	0,213	0,207	0,221	0,231	0,238	0,180	0,000	0,000
4,000	-10,774	-10,877	-10,789	-10,773	-10,741	-10,733	-10,737	-10,729	-10,726	-10,715	-10,681	-10,609	-10,479	-10,271	-9,996	-0,305	-0,015	-0,027	0,035	0,044	0,068	0,072	0,094	0,112	0,182	0,263	0,338	0,428	0,479	0,391	0,000	0,000
5,000	-12,235	-12,147	-12,338	-12,355	-12,369	-12,346	-12,331	-12,333	-12,310	-12,298	-12,243	-12,165	-12,034	-11,795	-11,477	-0,018	-0,196	-0,143	-0,030	0,007	0,036	0,068	0,106	0,153	0,200	0,287	0,383	0,484	0,541	0,437	0,000	0,000
6,000	-8,619	-8,628	-8,529	-8,408	-8,304	-8,243	-8,214	-8,183	-8,151	-8,127	-8,077	-8,014	-7,928	-7,785	-7,617	-0,084	0,105	0,155	0,225	0,222	0,197	0,202	0,194	0,199	0,209	0,240	0,278	0,309	0,324	0,256	0,000	0,000
7,000	-7,008	-7,024	-6,979	-6,923	-6,869	-6,846	-6,826	-6,823	-6,805	-6,800	-6,790	-6,772	-6,741	-6,695	-6,642	-0,094	0,009	0,043	0,094	0,091	0,078	0,077	0,071	0,066	0,065	0,073	0,089	0,099	0,102	0,075	0,000	0,000
8,000	-20,077	-20,290	-20,305	-20,411	-20,409	-20,468	-20,503	-20,531	-20,554	-20,611	-20,632	-20,652	-20,653	-20,607	-20,553	-0,379	-0,232	-0,224	-0,158	-0,137	-0,152	-0,142	-0,141	-0,119	-0,111	-0,061	-0,023	0,014	0,054	0,057	0,000	0,000
9,000	-9,673	-9,652	-9,608	-9,440	-9,309	-9,194	-9,132	-9,085	-9,024	-8,982	-8,923	-8,865	-8,781	-8,663	-8,518	-0,004	0,098	0,173	0,307	0,327	0,306	0,295	0,275	0,265	0,258	0,266	0,283	0,296	0,293	0,220	0,000	0,000
10,000	-9,839	-9,859	-9,698	-9,542	-9,441	-9,395	-9,379	-9,358	-9,336	-9,341	-9,317	-9,289	-9,231	-9,140	-9,031	-0,109	0,165	0,185	0,229	0,198	0,167	0,145	0,126	0,115	0,123	0,139	0,162	0,195	0,205	0,169	0,000	0,000
11,000	-10,411	-10,326	-10,291	-10,153	-10,067	-10,013	-9,984	-9,963	-9,929	-9,913	-9,879	-9,831	-9,768	-9,661	-9,543	0,040	0,118	0,156	0,210	0,196	0,171	0,164	0,159	0,158	0,161	0,184	0,208	0,231	0,240	0,185	0,000	0,000
12,000	-15,120	-15,167	-15,093	-15,060	-15,001	-14,983	-14,975	-14,969	-14,947	-14,960	-14,937	-14,902	-14,858	-14,753	-14,630	-0,142	-0,004	0,042	0,078	0,076	0,066	0,074	0,074	0,075	0,088	0,119	0,158	0,198	0,216	0,175	0,000	0,000
13,000	-7,877	-7,821	-7,771	-7,750	-7,726	-7,704	-7,687	-7,671	-7,649	-7,622	-7,574	-7,520	-7,432	-7,306	-7,141	0,350	0,227	0,165	0,114	0,102	0,116	0,121	0,136	0,149	0,177	0,212	0,243	0,288	0,303	0,236	0,000	0,000
14,000	-10,362	-9,908	-9,916	-9,748	-9,724	-9,684	-9,659	-9,652	-9,637	-9,643	-9,623	-9,575	-9,516	-9,391	-9,224	1,016	0,545	0,461	0,270	0,204	0,159	0,145	0,126	0,121	0,135	0,162	0,204	0,258	0,288	0,239	0,000	0,000
15,000	-9,023	-8,992	-8,923	-8,883	-8,846	-8,837	-8,828	-8,822	-8,802	-8,798	-8,785	-8,757	-8,715	-8,651	-8,574	0,044	0,119	0,084	0,089	0,073	0,067	0,069	0,078	0,072	0,086	0,100	0,116	0,136	0,146	0,114	0,000	0,000
	run	23	2022:11:08    10:55:27,528
0,000	-13,095	-13,191	-13,215	-13,307	-13,327	-13,342	-13,344	-13,349	-13,351	-13,354	-13,350	-13,325	-13,275	-13,190	-13,081	-0,277	-0,205	-0,181	-0,105	-0,079	-0,053	-0,023	-0,012	0,010	0,033	0,073	0,120	0,161	0,180	0,143	0,000	0,000
1,000	-16,652	-16,645	-16,565	-16,391	-16,266	-16,162	-16,109	-16,063	-16,019	-15,991	-15,949	-15,920	-15,861	-15,771	-15,668	-0,015	0,140	0,198	0,299	0,303	0,278	0,259	0,223	0,211	0,197	0,205	0,202	0,210	0,216	0,167	0,000	0,000
2,000	-10,085	-10,080	-10,051	-9,931	-9,831	-9,761	-9,717	-9,681	-9,631	-9,601	-9,549	-9,480	-9,388	-9,246	-9,079	0,022	0,062	0,124	0,220	0,239	0,221	0,226	0,221	0,228	0,235	0,269	0,298	0,324	0,330	0,253	0,000	0,000
3,000	-20,063	-20,039	-20,043	-19,732	-19,539	-19,409	-19,345	-19,286	-19,237	-19,224	-19,181	-19,145	-19,096	-18,994	-18,872	0,086	0,205	0,298	0,436	0,427	0,349	0,314	0,279	0,242	0,213	0,207	0,221	0,231	0,238	0,180	0,000	0,000
4,000	-10,774	-10,877	-10,789	-10,773	-10,741	-10,733	-10,737	-10,729	-10,726	-10,715	-10,681	-10,609	-10,479	-10,271	-9,996	-0,305	-0,015	-0,027	0,035	0,044	0,068	0,072	0,094	0,112	0,182	0,263	0,338	0,428	0,479	0,391	0,000	0,000
5,000	-12,235	-12,147	-12,338	-12,355	-12,369	-12,346	-12,331	-12,333	-12,310	-12,298	-12,243	-12,165	-12,034	-11,795	-11,477	-0,018	-0,196	-0,143	-0,030	0,007	0,036	0,068	0,106	0,153	0,200	0,287	0,383	0,484	0,541	0,437	0,000	0,000
6,000	-8,619	-8,628	-8,529	-8,408	-8,304	-8,243	-8,214	-8,183	-8,151	-8,127	-8,077	-8,014	-7,928	-7,785	-7,617	-0,084	0,105	0,155	0,225	0,222	0,197	0,202	0,194	0,199	0,209	0,240	0,278	0,309	0,324	0,256	0,000	0,000
7,000	-7,008	-7,024	-6,979	-6,923	-6,869	-6,846	-6,826	-6,823	-6,805	-6,800	-6,790	-6,772	-6,741	-6,695	-6,642	-0,094	0,009	0,043	0,094	0,091	0,078	0,077	0,071	0,066	0,065	0,073	0,089	0,099	0,102	0,075	0,000	0,000
8,000	-19,997	-20,211	-20,242	-20,342	-20,338	-20,387	-20,423	-20,448	-20,474	-20,534	-20,545	-20,567	-20,568	-20,523	-20,475	-0,357	-0,219	-0,203	-0,146	-0,139	-0,152	-0,138	-0,131	-0,113	-0,102	-0,060	-0,019	0,019	0,060	0,058	0,000	0,000
9,000	-9,718	-9,712	-9,664	-9,514	-9,376	-9,268	-9,201	-9,152	-9,095	-9,053	-9,001	-8,932	-8,855	-8,729	-8,585	-0,022	0,081	0,164	0,298	0,325	0,299	0,295	0,276	0,266	0,258	0,272	0,278	0,298	0,298	0,220	0,000	0,000
10,000	-9,912	-9,917	-9,757	-9,589	-9,481	-9,442	-9,417	-9,402	-9,384	-9,378	-9,359	-9,325	-9,272	-9,183	-9,074	-0,114	0,176	0,208	0,244	0,198	0,169	0,145	0,128	0,119	0,121	0,142	0,162	0,200	0,206	0,168	0,000	0,000
11,000	-10,524	-10,432	-10,397	-10,262	-10,174	-10,122	-10,091	-10,068	-10,035	-10,023	-9,981	-9,942	-9,874	-9,769	-9,646	0,057	0,124	0,155	0,208	0,202	0,174	0,168	0,158	0,157	0,160	0,185	0,208	0,228	0,241	0,182	0,000	0,000
12,000	-15,145	-15,182	-15,122	-15,080	-15,025	-15,009	-14,993	-14,982	-14,970	-14,976	-14,959	-14,922	-14,879	-14,771	-14,654	-0,135	0,003	0,036	0,074	0,080	0,065	0,069	0,071	0,077	0,087	0,122	0,157	0,195	0,214	0,176	0,000	0,000
13,000	-7,902	-7,855	-7,806	-7,781	-7,753	-7,728	-7,716	-7,697	-7,675	-7,650	-7,605	-7,548	-7,457	-7,331	-7,169	0,351	0,228	0,164	0,117	0,106	0,112	0,124	0,134	0,150	0,178	0,216	0,251	0,292	0,305	0,240	0,000	0,000
14,000	-10,373	-9,902	-9,905	-9,734	-9,703	-9,671	-9,649	-9,645	-9,635	-9,619	-9,608	-9,574	-9,504	-9,374	-9,208	1,011	0,562	0,449	0,267	0,206	0,153	0,148	0,119	0,126	0,136	0,162	0,206	0,262	0,287	0,239	0,000	0,000
15,000	-8,980	-8,959	-8,888	-8,850	-8,811	-8,803	-8,789	-8,785	-8,764	-8,764	-8,749	-8,717	-8,678	-8,616	-8,544	0,036	0,114	0,084	0,088	0,074	0,068	0,069	0,070	0,071	0,083	0,097	0,114	0,137	0,142	0,117	0,000	0,000
