Device: PM2003001		2022:11:08    11:31:25,094  (DLL version: 1.20;  Status: HW:v1.02 SW:v1.3 CRC:31ED BATTERY:4154mV ST:0 ERR:0000;  MUX data; S: 92 I:143 R:200.000 C:1.094p F:)
Excitation level, V:	2,00
Voltage Channel Gain:	5
Current Channel Gain:	1
Voltmeter Range, V:	0,6
Ampermeter Range, A:	15,0m
Step Period, ms:	5
R transimp:	200
C transimp:	1,1p
Measurement Table: 	EEPROM  16

Freq, Hz	1,0k	2,0k	3,0k	7,0k	11,0k	17,0k	23,0k	31,0k	43,0k	61,0k	89,0k	127,0k	179,0k	251,0k	349,0k	1,0k	2,0k	3,0k	7,0k	11,0k	17,0k	23,0k	31,0k	43,0k	61,0k	89,0k	127,0k	179,0k	251,0k	349,0k
	run	1	2022:11:08    11:31:25,097
MUX	Re1, ohm	Re2, ohm	Re3, ohm	Re4, ohm	Re5, ohm	Re6, ohm	Re7, ohm	Re8, ohm	Re9, ohm	Re10, ohm	Re11, ohm	Re12, ohm	Re13, ohm	Re14, ohm	Re15, ohm	Im1, ohm	Im2, ohm	Im3, ohm	Im4, ohm	Im5, ohm	Im6, ohm	Im7, ohm	Im8, ohm	Im9, ohm	Im10, ohm	Im11, ohm	Im12, ohm	Im13, ohm	Im14, ohm	Im15, ohm	U, V	I, mA

0,000	-13,123	-13,195	-13,203	-13,281	-13,300	-13,317	-13,321	-13,331	-13,329	-13,337	-13,323	-13,300	-13,243	-13,152	-13,038	-0,156	-0,129	-0,120	-0,083	-0,062	-0,047	-0,024	-0,009	0,017	0,047	0,081	0,128	0,170	0,196	0,159	0,000	0,000
1,000	-16,553	-16,542	-16,458	-16,276	-16,119	-16,006	-15,941	-15,888	-15,833	-15,798	-15,739	-15,698	-15,636	-15,541	-15,424	0,017	0,176	0,229	0,340	0,353	0,326	0,306	0,270	0,254	0,235	0,241	0,244	0,243	0,240	0,183	0,000	0,000
2,000	-10,361	-10,337	-10,301	-10,157	-10,048	-9,974	-9,926	-9,888	-9,833	-9,798	-9,736	-9,653	-9,558	-9,405	-9,235	0,087	0,143	0,188	0,262	0,266	0,254	0,257	0,246	0,253	0,262	0,299	0,320	0,346	0,349	0,266	0,000	0,000
3,000	-20,552	-20,511	-20,417	-20,088	-19,880	-19,741	-19,675	-19,610	-19,560	-19,552	-19,513	-19,475	-19,417	-19,314	-19,188	0,169	0,314	0,390	0,503	0,479	0,389	0,344	0,292	0,256	0,216	0,208	0,231	0,234	0,249	0,188	0,000	0,000
4,000	-11,029	-11,084	-10,980	-10,996	-10,964	-10,962	-10,960	-10,963	-10,953	-10,933	-10,895	-10,820	-10,683	-10,461	-10,172	-0,170	0,007	-0,005	0,043	0,055	0,065	0,085	0,100	0,138	0,191	0,276	0,367	0,461	0,510	0,423	0,000	0,000
5,000	-12,441	-12,410	-12,547	-12,577	-12,557	-12,549	-12,533	-12,536	-12,506	-12,506	-12,453	-12,372	-12,242	-11,994	-11,679	-0,040	-0,158	-0,111	-0,011	0,024	0,033	0,080	0,109	0,154	0,196	0,278	0,392	0,479	0,543	0,441	0,000	0,000
6,000	-8,636	-8,615	-8,505	-8,361	-8,261	-8,203	-8,172	-8,141	-8,105	-8,080	-8,033	-7,976	-7,896	-7,765	-7,611	-0,008	0,150	0,187	0,242	0,230	0,205	0,199	0,190	0,196	0,207	0,228	0,269	0,289	0,306	0,233	0,000	0,000
7,000	-6,885	-6,741	-6,683	-6,572	-6,518	-6,480	-6,457	-6,447	-6,428	-6,428	-6,409	-6,397	-6,377	-6,346	-6,308	0,260	0,213	0,196	0,182	0,153	0,123	0,105	0,096	0,081	0,072	0,066	0,074	0,075	0,074	0,055	0,000	0,000
8,000	-19,250	-19,302	-19,237	-19,311	-19,294	-19,341	-19,371	-19,393	-19,423	-19,472	-19,498	-19,519	-19,533	-19,516	-19,498	-0,062	0,007	-0,027	-0,069	-0,080	-0,103	-0,107	-0,113	-0,103	-0,101	-0,074	-0,048	-0,024	0,007	0,013	0,000	0,000
9,000	-9,669	-9,600	-9,531	-9,339	-9,199	-9,079	-9,012	-8,961	-8,909	-8,872	-8,823	-8,780	-8,715	-8,628	-8,532	0,109	0,180	0,250	0,349	0,356	0,320	0,302	0,268	0,252	0,229	0,226	0,222	0,224	0,219	0,159	0,000	0,000
10,000	-9,541	-9,482	-9,346	-9,174	-9,076	-9,030	-9,002	-8,986	-8,955	-8,950	-8,925	-8,891	-8,842	-8,762	-8,675	0,070	0,240	0,251	0,259	0,218	0,183	0,161	0,148	0,134	0,136	0,145	0,157	0,175	0,178	0,137	0,000	0,000
11,000	-10,002	-9,887	-9,858	-9,713	-9,629	-9,579	-9,547	-9,526	-9,495	-9,478	-9,450	-9,409	-9,354	-9,267	-9,163	0,100	0,143	0,171	0,209	0,197	0,170	0,160	0,152	0,149	0,152	0,164	0,183	0,197	0,205	0,153	0,000	0,000
12,000	-15,806	-15,884	-15,835	-15,804	-15,754	-15,741	-15,735	-15,732	-15,715	-15,728	-15,706	-15,681	-15,631	-15,533	-15,420	-0,237	-0,063	-0,018	0,044	0,055	0,047	0,051	0,056	0,061	0,073	0,106	0,143	0,179	0,204	0,162	0,000	0,000
13,000	-8,842	-8,877	-8,850	-8,867	-8,853	-8,840	-8,824	-8,806	-8,778	-8,743	-8,693	-8,631	-8,521	-8,372	-8,171	-0,096	-0,028	-0,024	0,027	0,058	0,087	0,110	0,131	0,162	0,199	0,246	0,296	0,343	0,367	0,292	0,000	0,000
14,000	-12,273	-12,224	-12,245	-12,202	-12,177	-12,153	-12,139	-12,126	-12,122	-12,119	-12,097	-12,049	-11,969	-11,826	-11,626	-0,159	-0,086	-0,018	0,050	0,059	0,071	0,079	0,074	0,095	0,123	0,169	0,221	0,299	0,332	0,276	0,000	0,000
15,000	-9,085	-9,179	-9,106	-9,115	-9,073	-9,077	-9,066	-9,050	-9,036	-9,024	-9,007	-8,976	-8,930	-8,855	-8,764	-0,167	0,009	-0,003	0,049	0,046	0,051	0,058	0,075	0,080	0,091	0,112	0,135	0,155	0,170	0,137	0,000	0,000
	run	2	2022:11:08    11:31:25,146
0,000	-13,056	-13,097	-13,124	-13,202	-13,234	-13,242	-13,245	-13,257	-13,257	-13,263	-13,249	-13,220	-13,171	-13,080	-12,963	-0,144	-0,127	-0,113	-0,084	-0,069	-0,043	-0,024	-0,002	0,019	0,042	0,078	0,128	0,170	0,198	0,159	0,000	0,000
1,000	-16,729	-16,728	-16,644	-16,437	-16,277	-16,165	-16,104	-16,047	-15,990	-15,952	-15,892	-15,848	-15,785	-15,691	-15,573	0,032	0,194	0,248	0,362	0,367	0,337	0,306	0,287	0,261	0,243	0,245	0,247	0,247	0,242	0,182	0,000	0,000
2,000	-10,361	-10,337	-10,301	-10,157	-10,048	-9,974	-9,926	-9,888	-9,833	-9,798	-9,736	-9,653	-9,558	-9,405	-9,235	0,087	0,143	0,188	0,262	0,266	0,254	0,257	0,246	0,253	0,262	0,299	0,320	0,346	0,349	0,266	0,000	0,000
3,000	-20,552	-20,511	-20,417	-20,088	-19,880	-19,741	-19,675	-19,610	-19,560	-19,552	-19,513	-19,475	-19,417	-19,314	-19,188	0,169	0,314	0,390	0,503	0,479	0,389	0,344	0,292	0,256	0,216	0,208	0,231	0,234	0,249	0,188	0,000	0,000
4,000	-11,029	-11,084	-10,980	-10,996	-10,964	-10,962	-10,960	-10,963	-10,953	-10,933	-10,895	-10,820	-10,683	-10,461	-10,172	-0,170	0,007	-0,005	0,043	0,055	0,065	0,085	0,100	0,138	0,191	0,276	0,367	0,461	0,510	0,423	0,000	0,000
5,000	-12,441	-12,410	-12,547	-12,577	-12,557	-12,549	-12,533	-12,536	-12,506	-12,506	-12,453	-12,372	-12,242	-11,994	-11,679	-0,040	-0,158	-0,111	-0,011	0,024	0,033	0,080	0,109	0,154	0,196	0,278	0,392	0,479	0,543	0,441	0,000	0,000
6,000	-8,636	-8,615	-8,505	-8,361	-8,261	-8,203	-8,172	-8,141	-8,105	-8,080	-8,033	-7,976	-7,896	-7,765	-7,611	-0,008	0,150	0,187	0,242	0,230	0,205	0,199	0,190	0,196	0,207	0,228	0,269	0,289	0,306	0,233	0,000	0,000
7,000	-6,885	-6,741	-6,683	-6,572	-6,518	-6,480	-6,457	-6,447	-6,428	-6,428	-6,409	-6,397	-6,377	-6,346	-6,308	0,260	0,213	0,196	0,182	0,153	0,123	0,105	0,096	0,081	0,072	0,066	0,074	0,075	0,074	0,055	0,000	0,000
8,000	-19,677	-19,741	-19,678	-19,760	-19,744	-19,782	-19,812	-19,841	-19,863	-19,915	-19,932	-19,954	-19,967	-19,956	-19,928	-0,084	-0,002	-0,033	-0,068	-0,079	-0,104	-0,109	-0,108	-0,101	-0,096	-0,073	-0,038	-0,025	0,010	0,022	0,000	0,000
9,000	-9,459	-9,397	-9,320	-9,136	-9,008	-8,889	-8,825	-8,777	-8,726	-8,686	-8,637	-8,595	-8,533	-8,448	-8,355	0,102	0,181	0,252	0,338	0,343	0,319	0,294	0,262	0,245	0,223	0,217	0,220	0,222	0,214	0,152	0,000	0,000
10,000	-9,330	-9,286	-9,160	-9,012	-8,924	-8,879	-8,852	-8,835	-8,811	-8,806	-8,788	-8,754	-8,707	-8,636	-8,556	0,033	0,214	0,214	0,230	0,185	0,159	0,144	0,136	0,118	0,119	0,127	0,143	0,160	0,163	0,130	0,000	0,000
11,000	-9,715	-9,614	-9,585	-9,460	-9,386	-9,339	-9,303	-9,285	-9,257	-9,242	-9,207	-9,171	-9,120	-9,033	-8,940	0,062	0,116	0,139	0,189	0,180	0,154	0,145	0,140	0,139	0,143	0,154	0,173	0,191	0,195	0,144	0,000	0,000
12,000	-15,550	-15,597	-15,544	-15,516	-15,465	-15,444	-15,440	-15,435	-15,419	-15,431	-15,416	-15,384	-15,338	-15,243	-15,122	-0,206	-0,042	0,002	0,066	0,063	0,054	0,059	0,058	0,065	0,073	0,109	0,147	0,182	0,207	0,159	0,000	0,000
13,000	-8,532	-8,588	-8,555	-8,584	-8,567	-8,555	-8,543	-8,528	-8,503	-8,468	-8,424	-8,358	-8,263	-8,115	-7,929	-0,124	-0,047	-0,035	0,011	0,047	0,070	0,095	0,118	0,146	0,185	0,229	0,279	0,325	0,345	0,274	0,000	0,000
14,000	-12,239	-12,190	-12,218	-12,162	-12,148	-12,126	-12,102	-12,094	-12,088	-12,079	-12,056	-12,018	-11,939	-11,789	-11,594	-0,162	-0,089	-0,036	0,056	0,061	0,062	0,073	0,073	0,094	0,114	0,176	0,225	0,291	0,329	0,280	0,000	0,000
15,000	-8,916	-8,991	-8,926	-8,935	-8,892	-8,893	-8,883	-8,864	-8,844	-8,844	-8,821	-8,794	-8,747	-8,673	-8,587	-0,169	0,009	-0,010	0,039	0,045	0,053	0,058	0,071	0,080	0,090	0,109	0,129	0,152	0,165	0,132	0,000	0,000
	run	3	2022:11:08    11:31:25,246
0,000	-13,027	-13,105	-13,107	-13,194	-13,215	-13,231	-13,235	-13,242	-13,237	-13,250	-13,237	-13,210	-13,161	-13,068	-12,955	-0,152	-0,138	-0,127	-0,095	-0,068	-0,048	-0,023	-0,007	0,019	0,045	0,079	0,126	0,172	0,196	0,159	0,000	0,000
1,000	-16,792	-16,806	-16,707	-16,503	-16,354	-16,234	-16,173	-16,116	-16,057	-16,020	-15,968	-15,922	-15,857	-15,760	-15,643	0,038	0,178	0,248	0,357	0,365	0,327	0,316	0,282	0,259	0,249	0,240	0,245	0,244	0,246	0,185	0,000	0,000
2,000	-10,503	-10,483	-10,449	-10,293	-10,180	-10,105	-10,057	-10,015	-9,959	-9,926	-9,860	-9,781	-9,679	-9,518	-9,347	0,081	0,149	0,203	0,278	0,274	0,255	0,258	0,257	0,262	0,272	0,303	0,334	0,353	0,363	0,270	0,000	0,000
3,000	-20,594	-20,527	-20,436	-20,093	-19,875	-19,743	-19,670	-19,612	-19,561	-19,551	-19,512	-19,471	-19,422	-19,307	-19,181	0,170	0,335	0,414	0,515	0,488	0,396	0,350	0,293	0,257	0,215	0,209	0,228	0,239	0,250	0,186	0,000	0,000
4,000	-11,107	-11,169	-11,069	-11,071	-11,044	-11,043	-11,044	-11,044	-11,037	-11,013	-10,967	-10,894	-10,754	-10,530	-10,227	-0,193	0,010	-0,005	0,037	0,048	0,070	0,087	0,102	0,139	0,199	0,287	0,378	0,468	0,527	0,429	0,000	0,000
5,000	-12,568	-12,549	-12,713	-12,741	-12,727	-12,701	-12,700	-12,696	-12,663	-12,665	-12,618	-12,529	-12,390	-12,134	-11,812	-0,061	-0,172	-0,130	-0,010	0,026	0,038	0,082	0,108	0,154	0,203	0,303	0,406	0,500	0,564	0,455	0,000	0,000
6,000	-8,846	-8,814	-8,709	-8,562	-8,460	-8,402	-8,373	-8,342	-8,304	-8,276	-8,229	-8,170	-8,086	-7,957	-7,799	-0,014	0,154	0,187	0,243	0,231	0,206	0,203	0,195	0,204	0,206	0,243	0,274	0,296	0,312	0,244	0,000	0,000
7,000	-7,093	-6,914	-6,848	-6,719	-6,659	-6,614	-6,593	-6,582	-6,561	-6,554	-6,541	-6,524	-6,509	-6,480	-6,444	0,296	0,258	0,240	0,217	0,170	0,131	0,117	0,104	0,097	0,074	0,071	0,078	0,074	0,074	0,052	0,000	0,000
8,000	-19,695	-19,765	-19,708	-19,796	-19,797	-19,841	-19,875	-19,900	-19,929	-19,983	-20,002	-20,031	-20,043	-20,022	-20,005	-0,064	-0,002	-0,051	-0,092	-0,098	-0,116	-0,120	-0,121	-0,114	-0,110	-0,080	-0,051	-0,030	0,006	0,011	0,000	0,000
9,000	-9,633	-9,560	-9,482	-9,268	-9,122	-8,993	-8,927	-8,877	-8,820	-8,783	-8,735	-8,692	-8,629	-8,543	-8,442	0,139	0,197	0,281	0,376	0,367	0,337	0,313	0,282	0,254	0,235	0,232	0,231	0,227	0,219	0,164	0,000	0,000
10,000	-9,330	-9,307	-9,183	-9,066	-8,980	-8,949	-8,920	-8,910	-8,881	-8,882	-8,858	-8,828	-8,780	-8,711	-8,633	-0,006	0,192	0,176	0,194	0,167	0,145	0,129	0,125	0,114	0,115	0,125	0,133	0,155	0,160	0,125	0,000	0,000
11,000	-9,742	-9,654	-9,631	-9,501	-9,432	-9,384	-9,356	-9,338	-9,307	-9,290	-9,258	-9,223	-9,173	-9,089	-8,997	0,051	0,098	0,135	0,177	0,175	0,149	0,149	0,140	0,139	0,140	0,158	0,168	0,185	0,192	0,141	0,000	0,000
12,000	-15,051	-15,118	-15,062	-15,030	-14,974	-14,955	-14,953	-14,945	-14,933	-14,947	-14,927	-14,896	-14,851	-14,760	-14,651	-0,211	-0,043	0,004	0,058	0,062	0,053	0,055	0,059	0,061	0,073	0,104	0,135	0,171	0,196	0,158	0,000	0,000
13,000	-8,310	-8,415	-8,360	-8,399	-8,379	-8,372	-8,357	-8,338	-8,314	-8,284	-8,236	-8,169	-8,080	-7,935	-7,753	-0,138	-0,049	-0,033	0,009	0,049	0,080	0,097	0,123	0,148	0,183	0,230	0,272	0,315	0,337	0,269	0,000	0,000
14,000	-11,588	-11,485	-11,557	-11,505	-11,503	-11,468	-11,453	-11,457	-11,446	-11,436	-11,423	-11,380	-11,306	-11,169	-10,976	-0,093	-0,092	-0,031	0,038	0,052	0,053	0,067	0,070	0,082	0,113	0,156	0,216	0,276	0,316	0,264	0,000	0,000
15,000	-8,921	-9,020	-8,932	-8,946	-8,901	-8,897	-8,891	-8,873	-8,854	-8,848	-8,821	-8,794	-8,744	-8,670	-8,579	-0,174	0,016	-0,000	0,051	0,049	0,062	0,066	0,080	0,089	0,096	0,117	0,134	0,159	0,174	0,135	0,000	0,000
	run	4	2022:11:08    11:31:25,297
0,000	-13,027	-13,105	-13,107	-13,194	-13,215	-13,231	-13,235	-13,242	-13,237	-13,250	-13,237	-13,210	-13,161	-13,068	-12,955	-0,152	-0,138	-0,127	-0,095	-0,068	-0,048	-0,023	-0,007	0,019	0,045	0,079	0,126	0,172	0,196	0,159	0,000	0,000
1,000	-16,792	-16,806	-16,707	-16,503	-16,354	-16,234	-16,173	-16,116	-16,057	-16,020	-15,968	-15,922	-15,857	-15,760	-15,643	0,038	0,178	0,248	0,357	0,365	0,327	0,316	0,282	0,259	0,249	0,240	0,245	0,244	0,246	0,185	0,000	0,000
2,000	-10,503	-10,483	-10,449	-10,293	-10,180	-10,105	-10,057	-10,015	-9,959	-9,926	-9,860	-9,781	-9,679	-9,518	-9,347	0,081	0,149	0,203	0,278	0,274	0,255	0,258	0,257	0,262	0,272	0,303	0,334	0,353	0,363	0,270	0,000	0,000
3,000	-20,594	-20,527	-20,436	-20,093	-19,875	-19,743	-19,670	-19,612	-19,561	-19,551	-19,512	-19,471	-19,422	-19,307	-19,181	0,170	0,335	0,414	0,515	0,488	0,396	0,350	0,293	0,257	0,215	0,209	0,228	0,239	0,250	0,186	0,000	0,000
4,000	-11,107	-11,169	-11,069	-11,071	-11,044	-11,043	-11,044	-11,044	-11,037	-11,013	-10,967	-10,894	-10,754	-10,530	-10,227	-0,193	0,010	-0,005	0,037	0,048	0,070	0,087	0,102	0,139	0,199	0,287	0,378	0,468	0,527	0,429	0,000	0,000
5,000	-12,568	-12,549	-12,713	-12,741	-12,727	-12,701	-12,700	-12,696	-12,663	-12,665	-12,618	-12,529	-12,390	-12,134	-11,812	-0,061	-0,172	-0,130	-0,010	0,026	0,038	0,082	0,108	0,154	0,203	0,303	0,406	0,500	0,564	0,455	0,000	0,000
6,000	-8,870	-8,832	-8,713	-8,566	-8,461	-8,407	-8,370	-8,342	-8,301	-8,280	-8,235	-8,170	-8,092	-7,955	-7,791	0,012	0,172	0,209	0,247	0,238	0,208	0,202	0,193	0,201	0,208	0,241	0,275	0,300	0,318	0,242	0,000	0,000
7,000	-7,126	-6,958	-6,888	-6,753	-6,681	-6,645	-6,623	-6,611	-6,590	-6,582	-6,570	-6,556	-6,539	-6,502	-6,463	0,290	0,251	0,254	0,215	0,170	0,135	0,119	0,105	0,094	0,077	0,081	0,082	0,082	0,082	0,058	0,000	0,000
8,000	-20,101	-20,170	-20,112	-20,220	-20,215	-20,265	-20,304	-20,327	-20,350	-20,407	-20,424	-20,447	-20,467	-20,452	-20,429	-0,090	-0,020	-0,071	-0,100	-0,100	-0,121	-0,125	-0,128	-0,115	-0,108	-0,082	-0,049	-0,030	0,000	0,009	0,000	0,000
9,000	-9,656	-9,535	-9,434	-9,186	-9,035	-8,910	-8,844	-8,794	-8,738	-8,701	-8,655	-8,613	-8,552	-8,462	-8,364	0,166	0,255	0,337	0,401	0,387	0,348	0,315	0,285	0,255	0,235	0,225	0,227	0,226	0,217	0,160	0,000	0,000
10,000	-9,543	-9,514	-9,380	-9,239	-9,153	-9,116	-9,090	-9,071	-9,048	-9,046	-9,021	-8,986	-8,944	-8,868	-8,785	0,039	0,200	0,203	0,223	0,186	0,163	0,143	0,134	0,116	0,123	0,134	0,146	0,162	0,168	0,130	0,000	0,000
11,000	-9,772	-9,678	-9,649	-9,515	-9,444	-9,388	-9,353	-9,334	-9,310	-9,291	-9,260	-9,224	-9,172	-9,092	-8,999	0,058	0,121	0,155	0,194	0,184	0,159	0,150	0,144	0,141	0,141	0,155	0,170	0,185	0,191	0,145	0,000	0,000
12,000	-14,905	-14,980	-14,925	-14,903	-14,851	-14,836	-14,829	-14,823	-14,814	-14,821	-14,808	-14,779	-14,742	-14,648	-14,549	-0,223	-0,055	-0,011	0,049	0,055	0,043	0,045	0,051	0,058	0,066	0,097	0,134	0,162	0,190	0,151	0,000	0,000
13,000	-8,175	-8,265	-8,220	-8,260	-8,244	-8,230	-8,223	-8,198	-8,180	-8,149	-8,101	-8,036	-7,945	-7,801	-7,620	-0,142	-0,056	-0,040	0,011	0,046	0,080	0,099	0,117	0,143	0,184	0,226	0,269	0,313	0,334	0,266	0,000	0,000
14,000	-11,381	-11,285	-11,349	-11,305	-11,299	-11,270	-11,254	-11,256	-11,242	-11,233	-11,213	-11,178	-11,107	-10,971	-10,779	-0,127	-0,094	-0,023	0,039	0,045	0,052	0,063	0,065	0,087	0,111	0,156	0,207	0,278	0,311	0,258	0,000	0,000
15,000	-8,851	-8,952	-8,879	-8,879	-8,835	-8,837	-8,830	-8,807	-8,788	-8,780	-8,761	-8,729	-8,680	-8,605	-8,520	-0,184	0,004	-0,001	0,050	0,046	0,058	0,062	0,079	0,085	0,091	0,113	0,135	0,155	0,168	0,136	0,000	0,000
	run	5	2022:11:08    11:31:25,397
0,000	-12,995	-13,046	-13,075	-13,140	-13,166	-13,182	-13,191	-13,198	-13,202	-13,202	-13,193	-13,166	-13,121	-13,033	-12,917	-0,148	-0,123	-0,115	-0,080	-0,064	-0,044	-0,027	-0,008	0,012	0,041	0,079	0,125	0,164	0,187	0,155	0,000	0,000
1,000	-16,595	-16,585	-16,504	-16,330	-16,178	-16,059	-15,998	-15,941	-15,892	-15,857	-15,797	-15,757	-15,691	-15,592	-15,478	0,025	0,176	0,226	0,331	0,353	0,313	0,298	0,274	0,251	0,237	0,236	0,235	0,243	0,239	0,180	0,000	0,000
2,000	-10,299	-10,275	-10,241	-10,090	-9,985	-9,908	-9,860	-9,825	-9,769	-9,739	-9,673	-9,597	-9,500	-9,343	-9,174	0,086	0,146	0,197	0,268	0,268	0,246	0,251	0,246	0,249	0,258	0,292	0,323	0,346	0,350	0,269	0,000	0,000
3,000	-20,433	-20,403	-20,324	-19,995	-19,784	-19,645	-19,572	-19,516	-19,469	-19,455	-19,421	-19,378	-19,324	-19,219	-19,103	0,130	0,315	0,391	0,498	0,470	0,385	0,338	0,292	0,251	0,213	0,207	0,221	0,235	0,243	0,184	0,000	0,000
4,000	-11,023	-11,116	-11,013	-11,021	-10,988	-10,992	-10,996	-10,993	-10,981	-10,970	-10,919	-10,851	-10,719	-10,501	-10,207	-0,208	0,004	0,005	0,047	0,048	0,058	0,082	0,096	0,133	0,192	0,285	0,364	0,452	0,506	0,410	0,000	0,000
5,000	-12,506	-12,511	-12,641	-12,683	-12,665	-12,643	-12,635	-12,634	-12,603	-12,611	-12,561	-12,468	-12,333	-12,074	-11,758	-0,050	-0,169	-0,115	-0,007	0,029	0,038	0,076	0,113	0,160	0,204	0,302	0,399	0,500	0,566	0,454	0,000	0,000
6,000	-8,862	-8,821	-8,717	-8,578	-8,475	-8,419	-8,386	-8,352	-8,315	-8,294	-8,252	-8,185	-8,098	-7,963	-7,801	-0,008	0,164	0,189	0,243	0,237	0,202	0,201	0,196	0,203	0,210	0,239	0,271	0,298	0,319	0,239	0,000	0,000
7,000	-7,156	-6,968	-6,910	-6,771	-6,703	-6,665	-6,640	-6,629	-6,614	-6,606	-6,592	-6,573	-6,556	-6,523	-6,487	0,298	0,261	0,255	0,214	0,178	0,135	0,120	0,102	0,087	0,079	0,074	0,079	0,077	0,079	0,057	0,000	0,000
8,000	-20,222	-20,295	-20,247	-20,354	-20,342	-20,394	-20,431	-20,459	-20,475	-20,523	-20,553	-20,573	-20,589	-20,577	-20,553	-0,078	-0,026	-0,069	-0,098	-0,097	-0,125	-0,121	-0,122	-0,114	-0,111	-0,080	-0,049	-0,030	0,012	0,021	0,000	0,000
9,000	-10,001	-9,899	-9,817	-9,576	-9,420	-9,299	-9,230	-9,171	-9,114	-9,082	-9,033	-8,987	-8,922	-8,830	-8,729	0,140	0,244	0,312	0,399	0,389	0,348	0,325	0,284	0,261	0,239	0,232	0,235	0,232	0,228	0,162	0,000	0,000
10,000	-9,654	-9,600	-9,452	-9,277	-9,181	-9,139	-9,115	-9,095	-9,068	-9,064	-9,042	-9,007	-8,964	-8,887	-8,807	0,058	0,246	0,245	0,256	0,210	0,176	0,158	0,138	0,126	0,123	0,137	0,148	0,163	0,174	0,130	0,000	0,000
11,000	-9,806	-9,711	-9,668	-9,526	-9,445	-9,392	-9,367	-9,343	-9,314	-9,297	-9,264	-9,230	-9,174	-9,088	-8,990	0,083	0,131	0,163	0,204	0,191	0,163	0,158	0,146	0,146	0,146	0,164	0,181	0,191	0,198	0,148	0,000	0,000
12,000	-15,374	-15,439	-15,381	-15,357	-15,304	-15,291	-15,290	-15,278	-15,266	-15,281	-15,262	-15,233	-15,190	-15,098	-14,988	-0,223	-0,061	-0,005	0,057	0,059	0,048	0,052	0,058	0,061	0,068	0,099	0,137	0,167	0,199	0,156	0,000	0,000
13,000	-8,395	-8,474	-8,426	-8,466	-8,439	-8,434	-8,421	-8,402	-8,378	-8,351	-8,301	-8,232	-8,137	-7,990	-7,802	-0,127	-0,045	-0,025	0,016	0,047	0,078	0,102	0,126	0,152	0,189	0,232	0,277	0,324	0,346	0,273	0,000	0,000
14,000	-11,940	-11,870	-11,909	-11,871	-11,869	-11,828	-11,816	-11,814	-11,798	-11,802	-11,780	-11,731	-11,656	-11,514	-11,311	-0,132	-0,105	-0,032	0,037	0,049	0,057	0,068	0,067	0,087	0,111	0,170	0,221	0,291	0,325	0,273	0,000	0,000
15,000	-8,945	-9,024	-8,963	-8,947	-8,909	-8,911	-8,901	-8,883	-8,864	-8,859	-8,835	-8,803	-8,758	-8,691	-8,603	-0,187	0,022	-0,002	0,049	0,052	0,056	0,064	0,080	0,082	0,095	0,115	0,130	0,151	0,164	0,131	0,000	0,000
	run	6	2022:11:08    11:31:25,496
0,000	-12,969	-13,037	-13,051	-13,122	-13,149	-13,160	-13,167	-13,174	-13,170	-13,179	-13,170	-13,137	-13,092	-13,004	-12,891	-0,150	-0,124	-0,118	-0,087	-0,067	-0,040	-0,023	-0,003	0,017	0,039	0,076	0,125	0,166	0,189	0,153	0,000	0,000
1,000	-16,403	-16,396	-16,319	-16,133	-15,993	-15,884	-15,821	-15,771	-15,718	-15,682	-15,624	-15,583	-15,521	-15,430	-15,320	0,022	0,171	0,222	0,330	0,341	0,310	0,296	0,263	0,249	0,235	0,227	0,235	0,236	0,230	0,179	0,000	0,000
2,000	-10,101	-10,099	-10,065	-9,930	-9,829	-9,759	-9,719	-9,675	-9,627	-9,593	-9,530	-9,460	-9,359	-9,215	-9,054	0,066	0,116	0,176	0,244	0,248	0,238	0,239	0,238	0,245	0,247	0,281	0,309	0,332	0,333	0,256	0,000	0,000
3,000	-20,055	-20,038	-19,950	-19,667	-19,463	-19,331	-19,263	-19,202	-19,152	-19,140	-19,100	-19,064	-19,014	-18,911	-18,794	0,126	0,266	0,334	0,455	0,448	0,366	0,329	0,282	0,244	0,206	0,200	0,221	0,229	0,238	0,183	0,000	0,000
4,000	-10,615	-10,668	-10,567	-10,566	-10,538	-10,528	-10,525	-10,524	-10,521	-10,500	-10,466	-10,397	-10,267	-10,058	-9,778	-0,169	0,018	0,004	0,049	0,056	0,065	0,081	0,099	0,133	0,180	0,271	0,354	0,435	0,488	0,399	0,000	0,000
5,000	-11,999	-11,978	-12,118	-12,150	-12,137	-12,125	-12,106	-12,109	-12,080	-12,079	-12,039	-11,953	-11,823	-11,585	-11,290	-0,042	-0,159	-0,123	-0,013	0,021	0,029	0,073	0,103	0,151	0,188	0,278	0,371	0,470	0,526	0,425	0,000	0,000
6,000	-8,439	-8,420	-8,314	-8,184	-8,085	-8,026	-7,996	-7,972	-7,933	-7,907	-7,870	-7,808	-7,731	-7,603	-7,448	-0,026	0,140	0,166	0,224	0,221	0,196	0,197	0,187	0,191	0,200	0,222	0,256	0,281	0,297	0,229	0,000	0,000
7,000	-6,940	-6,773	-6,707	-6,589	-6,529	-6,493	-6,475	-6,459	-6,442	-6,432	-6,424	-6,408	-6,389	-6,354	-6,317	0,284	0,236	0,229	0,196	0,166	0,125	0,114	0,098	0,089	0,074	0,069	0,076	0,077	0,078	0,058	0,000	0,000
8,000	-20,055	-20,106	-20,072	-20,167	-20,154	-20,194	-20,237	-20,261	-20,285	-20,334	-20,357	-20,375	-20,399	-20,376	-20,359	-0,064	-0,015	-0,070	-0,081	-0,090	-0,113	-0,116	-0,120	-0,108	-0,107	-0,076	-0,049	-0,029	0,002	0,015	0,000	0,000
9,000	-9,733	-9,635	-9,543	-9,297	-9,144	-9,024	-8,957	-8,900	-8,851	-8,816	-8,767	-8,723	-8,660	-8,569	-8,468	0,153	0,247	0,318	0,392	0,384	0,339	0,314	0,281	0,256	0,234	0,228	0,228	0,231	0,224	0,163	0,000	0,000
10,000	-9,560	-9,517	-9,374	-9,204	-9,099	-9,063	-9,036	-9,014	-8,984	-8,980	-8,960	-8,934	-8,879	-8,806	-8,716	0,057	0,246	0,245	0,247	0,205	0,177	0,154	0,141	0,126	0,131	0,133	0,148	0,168	0,172	0,133	0,000	0,000
11,000	-9,878	-9,776	-9,736	-9,585	-9,506	-9,453	-9,420	-9,400	-9,371	-9,357	-9,321	-9,280	-9,227	-9,135	-9,038	0,090	0,142	0,172	0,207	0,199	0,168	0,163	0,150	0,151	0,153	0,168	0,186	0,198	0,206	0,153	0,000	0,000
12,000	-15,865	-15,926	-15,880	-15,852	-15,799	-15,790	-15,775	-15,776	-15,760	-15,773	-15,753	-15,724	-15,679	-15,577	-15,464	-0,224	-0,065	-0,008	0,050	0,059	0,047	0,052	0,060	0,064	0,071	0,109	0,149	0,185	0,206	0,166	0,000	0,000
13,000	-8,811	-8,862	-8,831	-8,851	-8,830	-8,821	-8,807	-8,789	-8,765	-8,728	-8,682	-8,609	-8,515	-8,356	-8,162	-0,117	-0,032	-0,020	0,023	0,052	0,085	0,108	0,128	0,157	0,193	0,242	0,293	0,341	0,360	0,287	0,000	0,000
14,000	-12,278	-12,144	-12,252	-12,165	-12,159	-12,129	-12,108	-12,101	-12,092	-12,083	-12,074	-12,026	-11,950	-11,807	-11,605	-0,085	-0,090	-0,016	0,052	0,066	0,063	0,072	0,079	0,095	0,114	0,170	0,224	0,289	0,330	0,275	0,000	0,000
15,000	-9,046	-9,144	-9,062	-9,056	-9,020	-9,022	-9,016	-8,992	-8,981	-8,968	-8,950	-8,912	-8,870	-8,796	-8,707	-0,194	0,010	-0,004	0,045	0,043	0,058	0,066	0,083	0,082	0,094	0,118	0,137	0,154	0,168	0,135	0,000	0,000
	run	7	2022:11:08    11:31:25,545
0,000	-13,027	-13,077	-13,085	-13,168	-13,197	-13,205	-13,212	-13,220	-13,218	-13,225	-13,210	-13,185	-13,135	-13,041	-12,931	-0,141	-0,123	-0,120	-0,085	-0,064	-0,046	-0,021	-0,007	0,019	0,045	0,085	0,124	0,170	0,190	0,160	0,000	0,000
1,000	-16,428	-16,428	-16,356	-16,165	-16,012	-15,901	-15,839	-15,785	-15,732	-15,693	-15,641	-15,599	-15,537	-15,448	-15,334	0,041	0,174	0,242	0,341	0,356	0,316	0,301	0,269	0,248	0,231	0,234	0,234	0,234	0,232	0,177	0,000	0,000
2,000	-10,101	-10,099	-10,065	-9,930	-9,829	-9,759	-9,719	-9,675	-9,627	-9,593	-9,530	-9,460	-9,359	-9,215	-9,054	0,066	0,116	0,176	0,244	0,248	0,238	0,239	0,238	0,245	0,247	0,281	0,309	0,332	0,333	0,256	0,000	0,000
3,000	-20,055	-20,038	-19,950	-19,667	-19,463	-19,331	-19,263	-19,202	-19,152	-19,140	-19,100	-19,064	-19,014	-18,911	-18,794	0,126	0,266	0,334	0,455	0,448	0,366	0,329	0,282	0,244	0,206	0,200	0,221	0,229	0,238	0,183	0,000	0,000
4,000	-10,615	-10,668	-10,567	-10,566	-10,538	-10,528	-10,525	-10,524	-10,521	-10,500	-10,466	-10,397	-10,267	-10,058	-9,778	-0,169	0,018	0,004	0,049	0,056	0,065	0,081	0,099	0,133	0,180	0,271	0,354	0,435	0,488	0,399	0,000	0,000
5,000	-11,999	-11,978	-12,118	-12,150	-12,137	-12,125	-12,106	-12,109	-12,080	-12,079	-12,039	-11,953	-11,823	-11,585	-11,290	-0,042	-0,159	-0,123	-0,013	0,021	0,029	0,073	0,103	0,151	0,188	0,278	0,371	0,470	0,526	0,425	0,000	0,000
6,000	-8,439	-8,420	-8,314	-8,184	-8,085	-8,026	-7,996	-7,972	-7,933	-7,907	-7,870	-7,808	-7,731	-7,603	-7,448	-0,026	0,140	0,166	0,224	0,221	0,196	0,197	0,187	0,191	0,200	0,222	0,256	0,281	0,297	0,229	0,000	0,000
7,000	-6,940	-6,773	-6,707	-6,589	-6,529	-6,493	-6,475	-6,459	-6,442	-6,432	-6,424	-6,408	-6,389	-6,354	-6,317	0,284	0,236	0,229	0,196	0,166	0,125	0,114	0,098	0,089	0,074	0,069	0,076	0,077	0,078	0,058	0,000	0,000
8,000	-19,689	-19,759	-19,707	-19,795	-19,784	-19,830	-19,864	-19,895	-19,917	-19,974	-19,986	-20,015	-20,031	-20,009	-19,992	-0,093	-0,004	-0,049	-0,079	-0,090	-0,114	-0,117	-0,117	-0,114	-0,104	-0,080	-0,048	-0,028	0,006	0,014	0,000	0,000
9,000	-9,716	-9,619	-9,547	-9,328	-9,185	-9,059	-8,993	-8,945	-8,885	-8,852	-8,805	-8,756	-8,692	-8,600	-8,497	0,127	0,194	0,281	0,367	0,374	0,336	0,314	0,277	0,254	0,233	0,234	0,234	0,235	0,228	0,166	0,000	0,000
10,000	-9,646	-9,602	-9,457	-9,275	-9,172	-9,125	-9,101	-9,078	-9,051	-9,043	-9,023	-8,989	-8,931	-8,861	-8,772	0,062	0,243	0,253	0,265	0,222	0,180	0,160	0,144	0,134	0,135	0,144	0,153	0,173	0,179	0,137	0,000	0,000
11,000	-10,120	-10,031	-9,988	-9,838	-9,759	-9,702	-9,675	-9,659	-9,625	-9,610	-9,575	-9,541	-9,481	-9,390	-9,289	0,105	0,152	0,174	0,212	0,197	0,165	0,163	0,150	0,150	0,150	0,167	0,187	0,201	0,208	0,159	0,000	0,000
12,000	-16,281	-16,347	-16,288	-16,262	-16,207	-16,184	-16,183	-16,173	-16,164	-16,171	-16,148	-16,113	-16,072	-15,966	-15,849	-0,234	-0,053	-0,006	0,057	0,065	0,057	0,059	0,061	0,069	0,079	0,113	0,151	0,184	0,218	0,167	0,000	0,000
13,000	-8,866	-8,952	-8,895	-8,927	-8,898	-8,891	-8,874	-8,852	-8,829	-8,793	-8,741	-8,672	-8,569	-8,410	-8,202	-0,118	-0,024	-0,016	0,026	0,061	0,092	0,110	0,136	0,168	0,201	0,254	0,302	0,350	0,372	0,295	0,000	0,000
14,000	-12,214	-12,106	-12,171	-12,113	-12,100	-12,071	-12,052	-12,047	-12,035	-12,021	-12,010	-11,972	-11,894	-11,748	-11,554	-0,095	-0,097	-0,016	0,046	0,054	0,056	0,066	0,075	0,094	0,119	0,167	0,221	0,287	0,334	0,275	0,000	0,000
15,000	-8,944	-9,036	-8,966	-8,965	-8,920	-8,921	-8,910	-8,895	-8,881	-8,868	-8,848	-8,817	-8,773	-8,699	-8,613	-0,180	0,012	-0,002	0,046	0,051	0,058	0,063	0,074	0,085	0,092	0,114	0,131	0,161	0,165	0,133	0,000	0,000
	run	8	2022:11:08    11:31:25,644
0,000	-12,832	-12,892	-12,915	-12,980	-12,987	-13,009	-13,008	-13,018	-13,019	-13,026	-13,012	-12,991	-12,946	-12,853	-12,749	-0,152	-0,127	-0,114	-0,076	-0,063	-0,037	-0,021	-0,002	0,010	0,041	0,074	0,122	0,162	0,183	0,150	0,000	0,000
1,000	-16,090	-16,084	-16,021	-15,861	-15,726	-15,620	-15,563	-15,513	-15,461	-15,424	-15,380	-15,336	-15,274	-15,183	-15,080	0,005	0,138	0,193	0,293	0,318	0,287	0,272	0,247	0,237	0,222	0,217	0,226	0,224	0,227	0,171	0,000	0,000
2,000	-9,830	-9,812	-9,783	-9,659	-9,563	-9,492	-9,448	-9,411	-9,367	-9,334	-9,276	-9,206	-9,115	-8,977	-8,820	0,056	0,113	0,154	0,228	0,238	0,225	0,231	0,227	0,229	0,241	0,267	0,296	0,313	0,317	0,241	0,000	0,000
3,000	-19,405	-19,400	-19,338	-19,101	-18,904	-18,780	-18,711	-18,652	-18,602	-18,588	-18,552	-18,511	-18,462	-18,356	-18,241	0,055	0,208	0,277	0,416	0,409	0,351	0,313	0,275	0,243	0,206	0,203	0,214	0,223	0,231	0,177	0,000	0,000
4,000	-10,612	-10,664	-10,557	-10,551	-10,516	-10,514	-10,515	-10,513	-10,507	-10,487	-10,452	-10,385	-10,259	-10,057	-9,787	-0,194	0,031	0,019	0,061	0,057	0,066	0,085	0,091	0,124	0,185	0,256	0,343	0,424	0,472	0,384	0,000	0,000
5,000	-12,008	-11,985	-12,136	-12,174	-12,163	-12,142	-12,131	-12,132	-12,099	-12,100	-12,055	-11,976	-11,849	-11,611	-11,318	-0,045	-0,179	-0,123	-0,016	0,021	0,032	0,071	0,105	0,145	0,192	0,272	0,369	0,458	0,512	0,418	0,000	0,000
6,000	-8,495	-8,481	-8,385	-8,244	-8,149	-8,095	-8,065	-8,031	-7,993	-7,976	-7,926	-7,876	-7,795	-7,663	-7,511	-0,034	0,136	0,163	0,231	0,223	0,198	0,194	0,192	0,193	0,198	0,227	0,259	0,283	0,296	0,230	0,000	0,000
7,000	-6,802	-6,651	-6,603	-6,490	-6,435	-6,396	-6,383	-6,362	-6,347	-6,334	-6,330	-6,313	-6,292	-6,260	-6,217	0,255	0,219	0,208	0,187	0,150	0,113	0,107	0,095	0,087	0,081	0,075	0,075	0,079	0,080	0,058	0,000	0,000
8,000	-19,568	-19,639	-19,571	-19,649	-19,641	-19,687	-19,719	-19,746	-19,762	-19,816	-19,837	-19,856	-19,870	-19,851	-19,822	-0,070	-0,005	-0,037	-0,067	-0,075	-0,105	-0,109	-0,109	-0,106	-0,097	-0,069	-0,046	-0,024	0,016	0,016	0,000	0,000
9,000	-9,768	-9,680	-9,611	-9,390	-9,249	-9,124	-9,055	-9,007	-8,950	-8,914	-8,860	-8,817	-8,754	-8,660	-8,555	0,127	0,198	0,269	0,363	0,372	0,333	0,309	0,277	0,252	0,230	0,231	0,238	0,234	0,232	0,169	0,000	0,000
10,000	-9,958	-9,838	-9,666	-9,447	-9,338	-9,295	-9,262	-9,246	-9,222	-9,215	-9,188	-9,162	-9,104	-9,031	-8,943	0,153	0,331	0,335	0,308	0,247	0,198	0,173	0,152	0,141	0,132	0,148	0,154	0,173	0,176	0,136	0,000	0,000
11,000	-10,306	-10,191	-10,135	-9,982	-9,899	-9,846	-9,819	-9,795	-9,767	-9,750	-9,717	-9,681	-9,620	-9,526	-9,418	0,141	0,183	0,197	0,225	0,211	0,175	0,165	0,158	0,155	0,154	0,169	0,194	0,205	0,215	0,163	0,000	0,000
12,000	-16,244	-16,306	-16,261	-16,235	-16,183	-16,161	-16,156	-16,149	-16,136	-16,148	-16,127	-16,093	-16,047	-15,942	-15,829	-0,234	-0,067	-0,012	0,055	0,064	0,049	0,055	0,058	0,065	0,075	0,114	0,147	0,187	0,216	0,171	0,000	0,000
13,000	-8,827	-8,872	-8,839	-8,857	-8,844	-8,828	-8,814	-8,795	-8,769	-8,736	-8,687	-8,614	-8,509	-8,356	-8,149	-0,093	-0,023	-0,015	0,023	0,057	0,086	0,107	0,128	0,161	0,203	0,244	0,301	0,347	0,376	0,298	0,000	0,000
14,000	-12,157	-12,105	-12,119	-12,080	-12,057	-12,042	-12,022	-12,017	-12,006	-12,000	-11,967	-11,944	-11,857	-11,707	-11,514	-0,165	-0,086	-0,027	0,036	0,053	0,066	0,071	0,078	0,096	0,121	0,178	0,230	0,293	0,333	0,270	0,000	0,000
15,000	-8,979	-9,082	-9,013	-9,010	-8,966	-8,970	-8,962	-8,944	-8,928	-8,919	-8,895	-8,868	-8,821	-8,755	-8,672	-0,164	0,012	-0,010	0,046	0,047	0,053	0,062	0,076	0,079	0,091	0,117	0,128	0,148	0,160	0,128	0,000	0,000
	run	9	2022:11:08    11:31:25,696
0,000	-12,832	-12,892	-12,915	-12,980	-12,987	-13,009	-13,008	-13,018	-13,019	-13,026	-13,012	-12,991	-12,946	-12,853	-12,749	-0,152	-0,127	-0,114	-0,076	-0,063	-0,037	-0,021	-0,002	0,010	0,041	0,074	0,122	0,162	0,183	0,150	0,000	0,000
1,000	-16,090	-16,084	-16,021	-15,861	-15,726	-15,620	-15,563	-15,513	-15,461	-15,424	-15,380	-15,336	-15,274	-15,183	-15,080	0,005	0,138	0,193	0,293	0,318	0,287	0,272	0,247	0,237	0,222	0,217	0,226	0,224	0,227	0,171	0,000	0,000
2,000	-9,830	-9,812	-9,783	-9,659	-9,563	-9,492	-9,448	-9,411	-9,367	-9,334	-9,276	-9,206	-9,115	-8,977	-8,820	0,056	0,113	0,154	0,228	0,238	0,225	0,231	0,227	0,229	0,241	0,267	0,296	0,313	0,317	0,241	0,000	0,000
3,000	-19,405	-19,400	-19,338	-19,101	-18,904	-18,780	-18,711	-18,652	-18,602	-18,588	-18,552	-18,511	-18,462	-18,356	-18,241	0,055	0,208	0,277	0,416	0,409	0,351	0,313	0,275	0,243	0,206	0,203	0,214	0,223	0,231	0,177	0,000	0,000
4,000	-10,612	-10,664	-10,557	-10,551	-10,516	-10,514	-10,515	-10,513	-10,507	-10,487	-10,452	-10,385	-10,259	-10,057	-9,787	-0,194	0,031	0,019	0,061	0,057	0,066	0,085	0,091	0,124	0,185	0,256	0,343	0,424	0,472	0,384	0,000	0,000
5,000	-12,008	-11,985	-12,136	-12,174	-12,163	-12,142	-12,131	-12,132	-12,099	-12,100	-12,055	-11,976	-11,849	-11,611	-11,318	-0,045	-0,179	-0,123	-0,016	0,021	0,032	0,071	0,105	0,145	0,192	0,272	0,369	0,458	0,512	0,418	0,000	0,000
6,000	-8,608	-8,592	-8,499	-8,350	-8,252	-8,192	-8,160	-8,131	-8,092	-8,070	-8,029	-7,964	-7,890	-7,758	-7,602	-0,028	0,137	0,180	0,233	0,227	0,201	0,202	0,188	0,192	0,203	0,231	0,260	0,285	0,303	0,233	0,000	0,000
7,000	-7,013	-6,853	-6,791	-6,670	-6,607	-6,570	-6,551	-6,541	-6,519	-6,511	-6,496	-6,480	-6,463	-6,427	-6,390	0,265	0,221	0,219	0,198	0,163	0,125	0,111	0,099	0,094	0,080	0,080	0,077	0,083	0,086	0,066	0,000	0,000
8,000	-20,051	-20,103	-20,058	-20,143	-20,128	-20,172	-20,211	-20,236	-20,258	-20,310	-20,330	-20,357	-20,367	-20,342	-20,318	-0,068	-0,010	-0,060	-0,083	-0,090	-0,109	-0,111	-0,117	-0,104	-0,096	-0,077	-0,045	-0,022	0,014	0,023	0,000	0,000
9,000	-10,023	-9,937	-9,857	-9,614	-9,462	-9,336	-9,265	-9,211	-9,154	-9,118	-9,071	-9,024	-8,955	-8,867	-8,760	0,136	0,232	0,306	0,392	0,387	0,346	0,318	0,286	0,263	0,239	0,237	0,238	0,239	0,232	0,172	0,000	0,000
10,000	-9,794	-9,696	-9,536	-9,326	-9,224	-9,179	-9,152	-9,137	-9,110	-9,105	-9,083	-9,048	-8,997	-8,920	-8,831	0,127	0,302	0,306	0,292	0,234	0,193	0,167	0,152	0,133	0,136	0,142	0,155	0,176	0,179	0,138	0,000	0,000
11,000	-10,158	-10,037	-9,986	-9,837	-9,749	-9,698	-9,667	-9,644	-9,614	-9,597	-9,562	-9,521	-9,465	-9,375	-9,269	0,114	0,169	0,195	0,224	0,209	0,175	0,171	0,157	0,155	0,153	0,179	0,196	0,208	0,215	0,164	0,000	0,000
12,000	-16,186	-16,257	-16,205	-16,177	-16,134	-16,115	-16,105	-16,097	-16,092	-16,103	-16,081	-16,048	-15,999	-15,897	-15,781	-0,234	-0,067	-0,019	0,056	0,065	0,052	0,055	0,058	0,065	0,075	0,112	0,147	0,184	0,209	0,171	0,000	0,000
13,000	-8,741	-8,842	-8,774	-8,811	-8,786	-8,776	-8,762	-8,748	-8,726	-8,689	-8,635	-8,571	-8,465	-8,314	-8,117	-0,148	-0,038	-0,021	0,016	0,051	0,085	0,104	0,129	0,158	0,195	0,244	0,291	0,341	0,364	0,285	0,000	0,000
14,000	-12,122	-12,002	-12,082	-12,011	-12,010	-11,979	-11,953	-11,956	-11,942	-11,935	-11,916	-11,890	-11,801	-11,663	-11,460	-0,084	-0,096	-0,005	0,051	0,055	0,062	0,070	0,073	0,089	0,118	0,174	0,219	0,287	0,327	0,272	0,000	0,000
15,000	-8,926	-9,018	-8,947	-8,950	-8,909	-8,904	-8,897	-8,883	-8,862	-8,855	-8,837	-8,808	-8,758	-8,688	-8,606	-0,185	0,011	0,000	0,046	0,051	0,054	0,064	0,076	0,081	0,092	0,108	0,131	0,155	0,163	0,131	0,000	0,000
	run	10	2022:11:08    11:31:25,797
0,000	-12,860	-12,921	-12,920	-13,004	-13,029	-13,039	-13,044	-13,053	-13,055	-13,057	-13,046	-13,022	-12,967	-12,883	-12,771	-0,146	-0,121	-0,116	-0,088	-0,063	-0,043	-0,025	-0,008	0,016	0,041	0,076	0,128	0,165	0,189	0,158	0,000	0,000
1,000	-16,506	-16,502	-16,407	-16,226	-16,077	-15,972	-15,897	-15,848	-15,793	-15,759	-15,709	-15,663	-15,598	-15,504	-15,398	0,025	0,168	0,227	0,334	0,355	0,319	0,303	0,274	0,250	0,235	0,233	0,235	0,238	0,237	0,178	0,000	0,000
2,000	-10,300	-10,291	-10,249	-10,113	-9,995	-9,918	-9,881	-9,840	-9,782	-9,758	-9,685	-9,611	-9,513	-9,361	-9,199	0,076	0,148	0,192	0,264	0,264	0,247	0,251	0,241	0,253	0,254	0,288	0,319	0,342	0,347	0,263	0,000	0,000
3,000	-20,554	-20,516	-20,421	-20,107	-19,888	-19,751	-19,678	-19,618	-19,566	-19,553	-19,516	-19,475	-19,426	-19,312	-19,194	0,170	0,311	0,378	0,503	0,477	0,392	0,346	0,299	0,261	0,218	0,212	0,231	0,238	0,245	0,186	0,000	0,000
4,000	-10,692	-10,735	-10,639	-10,631	-10,606	-10,603	-10,602	-10,603	-10,596	-10,575	-10,539	-10,468	-10,339	-10,129	-9,850	-0,164	0,013	0,010	0,050	0,054	0,066	0,079	0,098	0,132	0,186	0,270	0,351	0,436	0,486	0,400	0,000	0,000
5,000	-12,232	-12,215	-12,365	-12,392	-12,382	-12,359	-12,348	-12,348	-12,313	-12,317	-12,269	-12,180	-12,054	-11,809	-11,493	-0,066	-0,161	-0,122	-0,007	0,017	0,033	0,074	0,109	0,154	0,197	0,287	0,388	0,482	0,543	0,435	0,000	0,000
6,000	-8,715	-8,692	-8,591	-8,448	-8,352	-8,299	-8,266	-8,239	-8,200	-8,178	-8,126	-8,070	-7,982	-7,851	-7,685	-0,004	0,148	0,175	0,236	0,230	0,201	0,202	0,196	0,198	0,208	0,239	0,272	0,301	0,321	0,241	0,000	0,000
7,000	-7,199	-7,004	-6,930	-6,777	-6,707	-6,668	-6,643	-6,634	-6,613	-6,606	-6,592	-6,575	-6,562	-6,521	-6,487	0,311	0,289	0,273	0,233	0,189	0,140	0,121	0,110	0,097	0,083	0,077	0,084	0,087	0,082	0,061	0,000	0,000
8,000	-20,468	-20,581	-20,546	-20,667	-20,669	-20,710	-20,752	-20,781	-20,802	-20,859	-20,883	-20,907	-20,924	-20,911	-20,882	-0,099	-0,058	-0,108	-0,114	-0,111	-0,135	-0,134	-0,131	-0,120	-0,116	-0,086	-0,064	-0,038	0,003	0,013	0,000	0,000
9,000	-9,975	-9,829	-9,729	-9,464	-9,310	-9,181	-9,118	-9,062	-9,010	-8,968	-8,923	-8,877	-8,811	-8,719	-8,613	0,213	0,287	0,357	0,424	0,402	0,354	0,328	0,288	0,262	0,242	0,236	0,235	0,233	0,231	0,171	0,000	0,000
10,000	-9,633	-9,579	-9,434	-9,249	-9,149	-9,106	-9,080	-9,059	-9,035	-9,031	-9,007	-8,975	-8,924	-8,847	-8,765	0,072	0,250	0,269	0,267	0,219	0,183	0,159	0,147	0,132	0,133	0,143	0,148	0,173	0,173	0,139	0,000	0,000
11,000	-9,870	-9,752	-9,719	-9,567	-9,489	-9,431	-9,404	-9,384	-9,352	-9,339	-9,304	-9,260	-9,210	-9,122	-9,022	0,099	0,152	0,181	0,213	0,201	0,170	0,158	0,147	0,151	0,149	0,167	0,181	0,198	0,204	0,154	0,000	0,000
12,000	-15,659	-15,722	-15,673	-15,639	-15,588	-15,577	-15,567	-15,561	-15,552	-15,565	-15,543	-15,519	-15,474	-15,378	-15,264	-0,227	-0,061	-0,012	0,054	0,061	0,050	0,050	0,055	0,061	0,069	0,101	0,138	0,175	0,195	0,160	0,000	0,000
13,000	-8,482	-8,597	-8,536	-8,577	-8,560	-8,545	-8,526	-8,510	-8,489	-8,454	-8,405	-8,339	-8,243	-8,096	-7,906	-0,130	-0,045	-0,029	0,017	0,047	0,083	0,102	0,123	0,155	0,190	0,230	0,278	0,328	0,344	0,276	0,000	0,000
14,000	-11,749	-11,655	-11,715	-11,661	-11,660	-11,628	-11,607	-11,608	-11,591	-11,594	-11,567	-11,538	-11,457	-11,312	-11,126	-0,114	-0,087	-0,027	0,035	0,050	0,049	0,071	0,067	0,088	0,114	0,158	0,221	0,286	0,314	0,265	0,000	0,000
15,000	-8,826	-8,925	-8,845	-8,857	-8,812	-8,811	-8,806	-8,790	-8,772	-8,761	-8,741	-8,711	-8,667	-8,595	-8,506	-0,176	0,015	-0,003	0,043	0,053	0,054	0,063	0,077	0,081	0,090	0,113	0,133	0,155	0,167	0,128	0,000	0,000
	run	11	2022:11:08    11:31:25,897
0,000	-12,797	-12,852	-12,872	-12,946	-12,970	-12,982	-12,989	-12,995	-12,996	-13,001	-12,992	-12,959	-12,912	-12,825	-12,716	-0,150	-0,124	-0,115	-0,082	-0,066	-0,045	-0,018	-0,006	0,014	0,044	0,079	0,123	0,168	0,191	0,152	0,000	0,000
1,000	-16,498	-16,525	-16,432	-16,253	-16,089	-15,981	-15,916	-15,865	-15,810	-15,776	-15,719	-15,671	-15,608	-15,511	-15,397	0,028	0,171	0,225	0,338	0,357	0,325	0,306	0,271	0,253	0,237	0,242	0,242	0,238	0,242	0,183	0,000	0,000
2,000	-10,423	-10,419	-10,371	-10,215	-10,103	-10,028	-9,980	-9,944	-9,889	-9,855	-9,785	-9,711	-9,610	-9,455	-9,286	0,087	0,169	0,202	0,271	0,271	0,246	0,253	0,251	0,263	0,267	0,298	0,324	0,354	0,351	0,264	0,000	0,000
3,000	-20,708	-20,645	-20,552	-20,218	-19,997	-19,863	-19,784	-19,730	-19,675	-19,663	-19,628	-19,592	-19,536	-19,427	-19,306	0,157	0,332	0,401	0,519	0,478	0,397	0,348	0,301	0,255	0,217	0,211	0,227	0,235	0,244	0,188	0,000	0,000
4,000	-11,092	-11,163	-11,059	-11,064	-11,036	-11,031	-11,034	-11,038	-11,029	-11,007	-10,965	-10,892	-10,755	-10,532	-10,236	-0,201	0,009	-0,003	0,042	0,050	0,065	0,090	0,102	0,138	0,199	0,286	0,371	0,461	0,518	0,424	0,000	0,000
5,000	-12,415	-12,392	-12,526	-12,555	-12,543	-12,524	-12,512	-12,512	-12,482	-12,484	-12,433	-12,346	-12,215	-11,958	-11,642	-0,042	-0,163	-0,109	-0,002	0,028	0,043	0,079	0,112	0,153	0,198	0,293	0,399	0,492	0,557	0,446	0,000	0,000
6,000	-8,789	-8,768	-8,666	-8,519	-8,417	-8,357	-8,325	-8,299	-8,263	-8,235	-8,180	-8,130	-8,047	-7,910	-7,755	-0,015	0,155	0,182	0,240	0,231	0,206	0,203	0,195	0,200	0,205	0,240	0,269	0,295	0,310	0,241	0,000	0,000
7,000	-7,152	-6,963	-6,889	-6,763	-6,705	-6,659	-6,643	-6,626	-6,611	-6,597	-6,585	-6,571	-6,549	-6,515	-6,472	0,302	0,253	0,240	0,215	0,170	0,133	0,122	0,102	0,096	0,080	0,075	0,087	0,084	0,087	0,059	0,000	0,000
8,000	-20,651	-20,734	-20,705	-20,816	-20,812	-20,862	-20,894	-20,921	-20,945	-21,002	-21,021	-21,047	-21,071	-21,050	-21,027	-0,072	-0,041	-0,106	-0,114	-0,107	-0,129	-0,132	-0,129	-0,115	-0,108	-0,085	-0,058	-0,032	0,004	0,012	0,000	0,000
9,000	-10,020	-9,882	-9,768	-9,502	-9,341	-9,217	-9,149	-9,101	-9,043	-9,005	-8,956	-8,914	-8,853	-8,754	-8,652	0,203	0,310	0,382	0,433	0,408	0,359	0,329	0,291	0,267	0,236	0,235	0,236	0,238	0,230	0,168	0,000	0,000
10,000	-9,796	-9,745	-9,598	-9,421	-9,321	-9,280	-9,254	-9,232	-9,206	-9,207	-9,182	-9,148	-9,099	-9,026	-8,940	0,056	0,246	0,246	0,254	0,217	0,180	0,156	0,145	0,128	0,128	0,136	0,149	0,170	0,171	0,135	0,000	0,000
11,000	-9,849	-9,735	-9,695	-9,550	-9,475	-9,425	-9,387	-9,369	-9,339	-9,326	-9,295	-9,258	-9,200	-9,114	-9,020	0,083	0,137	0,166	0,207	0,194	0,162	0,158	0,147	0,144	0,142	0,160	0,179	0,191	0,200	0,149	0,000	0,000
12,000	-15,169	-15,245	-15,192	-15,167	-15,118	-15,099	-15,095	-15,090	-15,076	-15,094	-15,074	-15,044	-15,007	-14,906	-14,800	-0,216	-0,054	-0,006	0,049	0,057	0,044	0,052	0,053	0,061	0,069	0,106	0,135	0,170	0,195	0,154	0,000	0,000
13,000	-8,324	-8,409	-8,365	-8,398	-8,378	-8,365	-8,353	-8,333	-8,315	-8,280	-8,227	-8,167	-8,071	-7,922	-7,739	-0,129	-0,044	-0,038	0,013	0,045	0,080	0,101	0,120	0,147	0,186	0,229	0,277	0,320	0,337	0,272	0,000	0,000
14,000	-11,537	-11,467	-11,514	-11,472	-11,462	-11,433	-11,411	-11,413	-11,399	-11,393	-11,370	-11,337	-11,254	-11,132	-10,936	-0,113	-0,097	-0,022	0,041	0,060	0,052	0,073	0,072	0,085	0,106	0,164	0,215	0,273	0,315	0,262	0,000	0,000
15,000	-8,769	-8,875	-8,799	-8,802	-8,762	-8,762	-8,755	-8,740	-8,718	-8,708	-8,688	-8,657	-8,613	-8,542	-8,457	-0,188	0,008	-0,003	0,048	0,048	0,055	0,055	0,079	0,079	0,089	0,114	0,130	0,149	0,163	0,130	0,000	0,000
	run	12	2022:11:08    11:31:25,946
0,000	-13,091	-13,150	-13,174	-13,251	-13,273	-13,283	-13,288	-13,300	-13,295	-13,305	-13,290	-13,259	-13,216	-13,123	-13,007	-0,147	-0,131	-0,121	-0,083	-0,071	-0,043	-0,020	-0,002	0,017	0,041	0,083	0,122	0,168	0,195	0,161	0,000	0,000
1,000	-16,668	-16,679	-16,583	-16,388	-16,228	-16,112	-16,048	-15,995	-15,940	-15,903	-15,844	-15,803	-15,746	-15,649	-15,541	0,056	0,204	0,250	0,356	0,369	0,327	0,304	0,273	0,259	0,238	0,239	0,233	0,233	0,232	0,178	0,000	0,000
2,000	-10,423	-10,419	-10,371	-10,215	-10,103	-10,028	-9,980	-9,944	-9,889	-9,855	-9,785	-9,711	-9,610	-9,455	-9,286	0,087	0,169	0,202	0,271	0,271	0,246	0,253	0,251	0,263	0,267	0,298	0,324	0,354	0,351	0,264	0,000	0,000
3,000	-20,708	-20,645	-20,552	-20,218	-19,997	-19,863	-19,784	-19,730	-19,675	-19,663	-19,628	-19,592	-19,536	-19,427	-19,306	0,157	0,332	0,401	0,519	0,478	0,397	0,348	0,301	0,255	0,217	0,211	0,227	0,235	0,244	0,188	0,000	0,000
4,000	-11,092	-11,163	-11,059	-11,064	-11,036	-11,031	-11,034	-11,038	-11,029	-11,007	-10,965	-10,892	-10,755	-10,532	-10,236	-0,201	0,009	-0,003	0,042	0,050	0,065	0,090	0,102	0,138	0,199	0,286	0,371	0,461	0,518	0,424	0,000	0,000
5,000	-12,415	-12,392	-12,526	-12,555	-12,543	-12,524	-12,512	-12,512	-12,482	-12,484	-12,433	-12,346	-12,215	-11,958	-11,642	-0,042	-0,163	-0,109	-0,002	0,028	0,043	0,079	0,112	0,153	0,198	0,293	0,399	0,492	0,557	0,446	0,000	0,000
6,000	-8,789	-8,768	-8,666	-8,519	-8,417	-8,357	-8,325	-8,299	-8,263	-8,235	-8,180	-8,130	-8,047	-7,910	-7,755	-0,015	0,155	0,182	0,240	0,231	0,206	0,203	0,195	0,200	0,205	0,240	0,269	0,295	0,310	0,241	0,000	0,000
7,000	-7,152	-6,963	-6,889	-6,763	-6,705	-6,659	-6,643	-6,626	-6,611	-6,597	-6,585	-6,571	-6,549	-6,515	-6,472	0,302	0,253	0,240	0,215	0,170	0,133	0,122	0,102	0,096	0,080	0,075	0,087	0,084	0,087	0,059	0,000	0,000
8,000	-20,229	-20,284	-20,259	-20,353	-20,336	-20,385	-20,419	-20,445	-20,469	-20,525	-20,540	-20,559	-20,579	-20,565	-20,537	-0,082	-0,020	-0,071	-0,090	-0,096	-0,117	-0,118	-0,118	-0,106	-0,106	-0,073	-0,045	-0,027	0,019	0,021	0,000	0,000
9,000	-9,906	-9,826	-9,730	-9,485	-9,339	-9,216	-9,144	-9,089	-9,036	-8,998	-8,953	-8,902	-8,842	-8,753	-8,649	0,151	0,240	0,303	0,399	0,392	0,348	0,318	0,285	0,261	0,236	0,232	0,229	0,229	0,224	0,164	0,000	0,000
10,000	-9,626	-9,580	-9,446	-9,292	-9,196	-9,158	-9,134	-9,114	-9,088	-9,086	-9,062	-9,038	-8,983	-8,910	-8,831	0,040	0,225	0,217	0,233	0,191	0,165	0,150	0,133	0,123	0,121	0,129	0,143	0,168	0,167	0,130	0,000	0,000
11,000	-9,879	-9,779	-9,749	-9,608	-9,532	-9,479	-9,450	-9,433	-9,402	-9,381	-9,352	-9,312	-9,261	-9,180	-9,080	0,061	0,120	0,153	0,197	0,184	0,159	0,158	0,147	0,145	0,144	0,161	0,178	0,189	0,196	0,149	0,000	0,000
12,000	-15,223	-15,278	-15,231	-15,203	-15,148	-15,134	-15,129	-15,115	-15,109	-15,122	-15,100	-15,074	-15,036	-14,939	-14,837	-0,216	-0,046	-0,003	0,054	0,059	0,050	0,048	0,053	0,060	0,068	0,097	0,135	0,165	0,194	0,154	0,000	0,000
13,000	-8,329	-8,422	-8,367	-8,411	-8,384	-8,375	-8,365	-8,345	-8,323	-8,292	-8,240	-8,176	-8,084	-7,934	-7,750	-0,136	-0,049	-0,027	0,012	0,046	0,076	0,101	0,120	0,150	0,186	0,227	0,275	0,325	0,343	0,271	0,000	0,000
14,000	-11,759	-11,661	-11,717	-11,668	-11,660	-11,629	-11,615	-11,610	-11,599	-11,595	-11,583	-11,532	-11,456	-11,323	-11,123	-0,106	-0,104	-0,031	0,039	0,056	0,054	0,065	0,075	0,089	0,109	0,164	0,221	0,276	0,320	0,269	0,000	0,000
15,000	-8,892	-9,000	-8,916	-8,928	-8,882	-8,882	-8,876	-8,857	-8,837	-8,828	-8,806	-8,780	-8,732	-8,657	-8,572	-0,181	0,018	-0,006	0,047	0,047	0,058	0,060	0,077	0,080	0,092	0,114	0,129	0,156	0,170	0,131	0,000	0,000
	run	13	2022:11:08    11:31:26,046
0,000	-13,210	-13,271	-13,285	-13,369	-13,388	-13,402	-13,415	-13,417	-13,419	-13,426	-13,414	-13,385	-13,334	-13,241	-13,123	-0,153	-0,129	-0,124	-0,089	-0,071	-0,047	-0,028	-0,007	0,018	0,038	0,083	0,126	0,172	0,196	0,157	0,000	0,000
1,000	-16,754	-16,747	-16,661	-16,456	-16,301	-16,182	-16,119	-16,062	-16,011	-15,975	-15,919	-15,870	-15,813	-15,718	-15,608	0,055	0,197	0,245	0,359	0,367	0,326	0,315	0,279	0,258	0,239	0,243	0,240	0,240	0,240	0,178	0,000	0,000
2,000	-10,344	-10,322	-10,281	-10,143	-10,032	-9,955	-9,910	-9,874	-9,823	-9,790	-9,721	-9,652	-9,549	-9,390	-9,221	0,087	0,135	0,188	0,259	0,265	0,245	0,253	0,244	0,255	0,268	0,295	0,324	0,348	0,356	0,269	0,000	0,000
3,000	-20,489	-20,423	-20,329	-19,994	-19,781	-19,644	-19,577	-19,510	-19,464	-19,453	-19,413	-19,372	-19,320	-19,211	-19,089	0,160	0,321	0,399	0,510	0,475	0,390	0,349	0,294	0,259	0,215	0,208	0,224	0,236	0,246	0,190	0,000	0,000
4,000	-11,057	-11,111	-11,002	-11,009	-10,982	-10,986	-10,982	-10,982	-10,980	-10,950	-10,912	-10,838	-10,703	-10,479	-10,182	-0,195	0,004	-0,001	0,034	0,044	0,056	0,085	0,098	0,138	0,200	0,281	0,375	0,459	0,518	0,426	0,000	0,000
5,000	-12,277	-12,241	-12,399	-12,421	-12,401	-12,383	-12,373	-12,379	-12,347	-12,344	-12,299	-12,213	-12,080	-11,829	-11,525	-0,029	-0,164	-0,121	-0,005	0,026	0,039	0,076	0,110	0,154	0,198	0,286	0,388	0,493	0,549	0,445	0,000	0,000
6,000	-8,845	-8,808	-8,688	-8,533	-8,428	-8,367	-8,342	-8,313	-8,275	-8,247	-8,194	-8,146	-8,063	-7,927	-7,769	-0,007	0,180	0,197	0,256	0,241	0,206	0,202	0,194	0,197	0,211	0,232	0,271	0,295	0,312	0,241	0,000	0,000
7,000	-6,997	-6,838	-6,773	-6,639	-6,585	-6,540	-6,517	-6,507	-6,483	-6,482	-6,471	-6,455	-6,439	-6,410	-6,372	0,274	0,250	0,219	0,204	0,170	0,126	0,113	0,097	0,088	0,076	0,072	0,070	0,070	0,070	0,051	0,000	0,000
8,000	-19,441	-19,509	-19,461	-19,537	-19,529	-19,581	-19,609	-19,641	-19,666	-19,712	-19,736	-19,760	-19,778	-19,760	-19,734	-0,064	0,004	-0,053	-0,075	-0,083	-0,117	-0,108	-0,118	-0,112	-0,105	-0,081	-0,046	-0,031	0,011	0,015	0,000	0,000
9,000	-9,341	-9,248	-9,191	-8,996	-8,858	-8,742	-8,671	-8,618	-8,569	-8,530	-8,483	-8,441	-8,381	-8,297	-8,196	0,118	0,186	0,251	0,341	0,348	0,316	0,297	0,268	0,242	0,227	0,218	0,224	0,221	0,214	0,160	0,000	0,000
10,000	-9,394	-9,348	-9,214	-9,054	-8,960	-8,925	-8,895	-8,880	-8,854	-8,847	-8,827	-8,800	-8,749	-8,676	-8,597	0,028	0,216	0,221	0,233	0,195	0,165	0,149	0,136	0,122	0,121	0,134	0,143	0,163	0,168	0,128	0,000	0,000
11,000	-9,804	-9,701	-9,667	-9,533	-9,456	-9,407	-9,376	-9,360	-9,330	-9,312	-9,280	-9,247	-9,192	-9,109	-9,015	0,070	0,127	0,155	0,191	0,183	0,157	0,152	0,139	0,141	0,142	0,155	0,173	0,188	0,190	0,143	0,000	0,000
12,000	-15,524	-15,586	-15,538	-15,511	-15,452	-15,431	-15,430	-15,426	-15,412	-15,424	-15,404	-15,376	-15,335	-15,235	-15,128	-0,213	-0,057	-0,008	0,052	0,059	0,051	0,049	0,057	0,059	0,067	0,107	0,143	0,175	0,202	0,154	0,000	0,000
13,000	-8,577	-8,639	-8,602	-8,637	-8,611	-8,598	-8,587	-8,565	-8,540	-8,511	-8,459	-8,395	-8,295	-8,145	-7,956	-0,127	-0,040	-0,028	0,018	0,053	0,084	0,103	0,123	0,156	0,194	0,237	0,283	0,329	0,353	0,283	0,000	0,000
14,000	-12,051	-11,951	-11,990	-11,955	-11,936	-11,908	-11,893	-11,889	-11,882	-11,869	-11,862	-11,816	-11,731	-11,594	-11,397	-0,125	-0,099	-0,024	0,042	0,060	0,059	0,067	0,069	0,091	0,119	0,164	0,222	0,289	0,331	0,271	0,000	0,000
15,000	-9,081	-9,173	-9,106	-9,092	-9,051	-9,057	-9,045	-9,024	-9,010	-8,999	-8,978	-8,943	-8,892	-8,821	-8,731	-0,165	0,010	0,000	0,052	0,053	0,061	0,067	0,085	0,082	0,100	0,120	0,138	0,158	0,170	0,138	0,000	0,000
	run	14	2022:11:08    11:31:26,098
0,000	-13,210	-13,271	-13,285	-13,369	-13,388	-13,402	-13,415	-13,417	-13,419	-13,426	-13,414	-13,385	-13,334	-13,241	-13,123	-0,153	-0,129	-0,124	-0,089	-0,071	-0,047	-0,028	-0,007	0,018	0,038	0,083	0,126	0,172	0,196	0,157	0,000	0,000
1,000	-16,754	-16,747	-16,661	-16,456	-16,301	-16,182	-16,119	-16,062	-16,011	-15,975	-15,919	-15,870	-15,813	-15,718	-15,608	0,055	0,197	0,245	0,359	0,367	0,326	0,315	0,279	0,258	0,239	0,243	0,240	0,240	0,240	0,178	0,000	0,000
2,000	-10,344	-10,322	-10,281	-10,143	-10,032	-9,955	-9,910	-9,874	-9,823	-9,790	-9,721	-9,652	-9,549	-9,390	-9,221	0,087	0,135	0,188	0,259	0,265	0,245	0,253	0,244	0,255	0,268	0,295	0,324	0,348	0,356	0,269	0,000	0,000
3,000	-20,489	-20,423	-20,329	-19,994	-19,781	-19,644	-19,577	-19,510	-19,464	-19,453	-19,413	-19,372	-19,320	-19,211	-19,089	0,160	0,321	0,399	0,510	0,475	0,390	0,349	0,294	0,259	0,215	0,208	0,224	0,236	0,246	0,190	0,000	0,000
4,000	-11,057	-11,111	-11,002	-11,009	-10,982	-10,986	-10,982	-10,982	-10,980	-10,950	-10,912	-10,838	-10,703	-10,479	-10,182	-0,195	0,004	-0,001	0,034	0,044	0,056	0,085	0,098	0,138	0,200	0,281	0,375	0,459	0,518	0,426	0,000	0,000
5,000	-12,277	-12,241	-12,399	-12,421	-12,401	-12,383	-12,373	-12,379	-12,347	-12,344	-12,299	-12,213	-12,080	-11,829	-11,525	-0,029	-0,164	-0,121	-0,005	0,026	0,039	0,076	0,110	0,154	0,198	0,286	0,388	0,493	0,549	0,445	0,000	0,000
6,000	-8,670	-8,640	-8,519	-8,381	-8,278	-8,221	-8,187	-8,162	-8,123	-8,101	-8,050	-7,994	-7,917	-7,786	-7,634	-0,016	0,147	0,185	0,247	0,233	0,209	0,201	0,193	0,192	0,202	0,232	0,262	0,282	0,298	0,232	0,000	0,000
7,000	-6,852	-6,690	-6,654	-6,537	-6,483	-6,450	-6,423	-6,411	-6,398	-6,390	-6,382	-6,364	-6,348	-6,319	-6,284	0,265	0,208	0,198	0,175	0,148	0,112	0,104	0,088	0,079	0,070	0,069	0,071	0,070	0,068	0,050	0,000	0,000
8,000	-19,224	-19,266	-19,214	-19,260	-19,247	-19,287	-19,318	-19,343	-19,363	-19,414	-19,433	-19,456	-19,474	-19,452	-19,435	-0,068	0,014	-0,025	-0,057	-0,067	-0,093	-0,102	-0,105	-0,102	-0,105	-0,070	-0,048	-0,023	0,010	0,020	0,000	0,000
9,000	-9,431	-9,388	-9,326	-9,166	-9,039	-8,930	-8,868	-8,818	-8,765	-8,721	-8,680	-8,640	-8,580	-8,495	-8,402	0,080	0,152	0,206	0,303	0,319	0,298	0,284	0,253	0,233	0,218	0,213	0,219	0,214	0,211	0,152	0,000	0,000
10,000	-9,162	-9,127	-9,017	-8,894	-8,807	-8,770	-8,745	-8,727	-8,704	-8,698	-8,679	-8,651	-8,602	-8,528	-8,452	0,023	0,188	0,177	0,194	0,166	0,144	0,136	0,122	0,117	0,118	0,125	0,137	0,160	0,162	0,127	0,000	0,000
11,000	-9,754	-9,665	-9,634	-9,507	-9,437	-9,389	-9,357	-9,332	-9,308	-9,291	-9,257	-9,218	-9,161	-9,082	-8,984	0,064	0,108	0,144	0,185	0,175	0,152	0,152	0,142	0,142	0,144	0,159	0,174	0,191	0,195	0,146	0,000	0,000
12,000	-15,589	-15,648	-15,598	-15,572	-15,520	-15,502	-15,495	-15,483	-15,474	-15,492	-15,468	-15,437	-15,392	-15,298	-15,185	-0,210	-0,050	-0,011	0,054	0,064	0,047	0,054	0,058	0,063	0,072	0,109	0,142	0,176	0,202	0,161	0,000	0,000
13,000	-8,750	-8,797	-8,764	-8,786	-8,772	-8,751	-8,745	-8,726	-8,700	-8,669	-8,619	-8,551	-8,450	-8,300	-8,102	-0,098	-0,028	-0,019	0,027	0,050	0,080	0,102	0,126	0,154	0,195	0,246	0,288	0,338	0,361	0,286	0,000	0,000
14,000	-12,309	-12,242	-12,280	-12,224	-12,213	-12,195	-12,168	-12,166	-12,148	-12,143	-12,122	-12,088	-11,999	-11,849	-11,650	-0,158	-0,090	-0,016	0,045	0,059	0,065	0,080	0,077	0,097	0,123	0,175	0,228	0,303	0,344	0,284	0,000	0,000
15,000	-9,122	-9,224	-9,151	-9,139	-9,106	-9,109	-9,092	-9,074	-9,058	-9,048	-9,030	-8,993	-8,945	-8,874	-8,784	-0,175	0,014	-0,009	0,046	0,053	0,060	0,067	0,080	0,086	0,098	0,120	0,137	0,159	0,172	0,138	0,000	0,000
	run	15	2022:11:08    11:31:26,197
0,000	-13,294	-13,352	-13,366	-13,441	-13,464	-13,484	-13,489	-13,492	-13,497	-13,500	-13,488	-13,458	-13,411	-13,315	-13,198	-0,133	-0,130	-0,123	-0,092	-0,068	-0,039	-0,022	-0,011	0,022	0,042	0,085	0,134	0,175	0,201	0,162	0,000	0,000
1,000	-16,750	-16,752	-16,674	-16,470	-16,306	-16,193	-16,126	-16,070	-16,020	-15,984	-15,925	-15,888	-15,824	-15,728	-15,617	0,058	0,197	0,258	0,358	0,371	0,329	0,308	0,277	0,258	0,237	0,241	0,237	0,236	0,238	0,180	0,000	0,000
2,000	-10,319	-10,288	-10,239	-10,104	-9,996	-9,926	-9,880	-9,843	-9,791	-9,753	-9,689	-9,620	-9,515	-9,365	-9,193	0,088	0,145	0,190	0,256	0,259	0,245	0,242	0,244	0,251	0,258	0,288	0,326	0,347	0,344	0,269	0,000	0,000
3,000	-20,151	-20,115	-20,041	-19,736	-19,522	-19,389	-19,314	-19,255	-19,201	-19,189	-19,148	-19,114	-19,063	-18,955	-18,830	0,138	0,281	0,356	0,481	0,462	0,388	0,335	0,292	0,256	0,214	0,207	0,222	0,233	0,240	0,185	0,000	0,000
4,000	-10,855	-10,916	-10,792	-10,806	-10,768	-10,768	-10,763	-10,770	-10,759	-10,729	-10,695	-10,619	-10,493	-10,278	-9,994	-0,200	0,017	0,007	0,047	0,064	0,067	0,085	0,103	0,135	0,185	0,270	0,350	0,443	0,497	0,411	0,000	0,000
5,000	-11,989	-11,967	-12,105	-12,141	-12,123	-12,113	-12,101	-12,100	-12,073	-12,076	-12,029	-11,951	-11,825	-11,592	-11,293	-0,016	-0,157	-0,110	-0,007	0,026	0,034	0,071	0,099	0,142	0,181	0,267	0,370	0,458	0,513	0,411	0,000	0,000
6,000	-8,356	-8,324	-8,234	-8,103	-8,008	-7,955	-7,919	-7,889	-7,858	-7,825	-7,792	-7,736	-7,656	-7,528	-7,381	-0,029	0,134	0,161	0,223	0,218	0,198	0,195	0,176	0,186	0,201	0,226	0,261	0,280	0,288	0,226	0,000	0,000
7,000	-6,691	-6,536	-6,484	-6,385	-6,334	-6,302	-6,279	-6,269	-6,253	-6,244	-6,236	-6,222	-6,201	-6,167	-6,132	0,230	0,196	0,188	0,168	0,146	0,110	0,096	0,087	0,080	0,075	0,066	0,071	0,074	0,074	0,055	0,000	0,000
8,000	-19,328	-19,401	-19,345	-19,401	-19,388	-19,428	-19,453	-19,481	-19,507	-19,555	-19,572	-19,594	-19,607	-19,593	-19,561	-0,067	0,018	-0,021	-0,057	-0,064	-0,093	-0,104	-0,107	-0,100	-0,091	-0,070	-0,040	-0,022	0,014	0,019	0,000	0,000
9,000	-9,387	-9,316	-9,251	-9,054	-8,914	-8,799	-8,733	-8,681	-8,633	-8,596	-8,548	-8,506	-8,446	-8,360	-8,265	0,117	0,193	0,248	0,349	0,347	0,313	0,295	0,262	0,245	0,226	0,223	0,218	0,219	0,208	0,151	0,000	0,000
10,000	-9,573	-9,500	-9,365	-9,176	-9,078	-9,031	-9,011	-8,989	-8,964	-8,956	-8,934	-8,908	-8,859	-8,783	-8,704	0,058	0,249	0,249	0,259	0,214	0,175	0,158	0,141	0,125	0,126	0,129	0,148	0,164	0,168	0,128	0,000	0,000
11,000	-9,929	-9,830	-9,778	-9,640	-9,560	-9,511	-9,483	-9,462	-9,433	-9,415	-9,384	-9,349	-9,293	-9,202	-9,108	0,092	0,145	0,171	0,202	0,194	0,162	0,155	0,145	0,145	0,145	0,161	0,181	0,191	0,200	0,152	0,000	0,000
12,000	-15,851	-15,921	-15,866	-15,838	-15,785	-15,770	-15,760	-15,758	-15,739	-15,756	-15,731	-15,703	-15,658	-15,554	-15,441	-0,225	-0,043	-0,004	0,058	0,063	0,059	0,054	0,063	0,064	0,073	0,115	0,146	0,182	0,211	0,167	0,000	0,000
13,000	-8,662	-8,717	-8,676	-8,708	-8,690	-8,671	-8,660	-8,650	-8,621	-8,584	-8,537	-8,474	-8,371	-8,220	-8,030	-0,114	-0,041	-0,034	0,016	0,052	0,077	0,106	0,125	0,156	0,190	0,242	0,287	0,336	0,358	0,285	0,000	0,000
14,000	-12,290	-12,228	-12,273	-12,203	-12,188	-12,166	-12,144	-12,134	-12,129	-12,116	-12,098	-12,059	-11,981	-11,832	-11,625	-0,153	-0,097	-0,029	0,042	0,063	0,065	0,083	0,068	0,093	0,130	0,170	0,225	0,294	0,336	0,279	0,000	0,000
15,000	-9,129	-9,219	-9,153	-9,152	-9,113	-9,115	-9,100	-9,081	-9,064	-9,055	-9,033	-9,001	-8,952	-8,877	-8,791	-0,165	0,009	-0,000	0,047	0,046	0,058	0,066	0,083	0,080	0,101	0,121	0,138	0,158	0,173	0,139	0,000	0,000
	run	16	2022:11:08    11:31:26,297
0,000	-13,145	-13,223	-13,230	-13,309	-13,328	-13,342	-13,356	-13,361	-13,355	-13,363	-13,354	-13,327	-13,279	-13,187	-13,069	-0,143	-0,126	-0,114	-0,086	-0,071	-0,046	-0,024	-0,005	0,017	0,042	0,079	0,126	0,172	0,193	0,158	0,000	0,000
1,000	-16,506	-16,497	-16,412	-16,220	-16,069	-15,961	-15,895	-15,839	-15,787	-15,751	-15,698	-15,657	-15,597	-15,503	-15,391	0,017	0,165	0,235	0,340	0,349	0,318	0,302	0,264	0,252	0,234	0,234	0,240	0,234	0,238	0,179	0,000	0,000
2,000	-10,144	-10,145	-10,101	-9,973	-9,867	-9,793	-9,747	-9,709	-9,653	-9,624	-9,563	-9,486	-9,396	-9,251	-9,080	0,069	0,139	0,166	0,252	0,254	0,236	0,240	0,239	0,249	0,253	0,284	0,310	0,334	0,336	0,254	0,000	0,000
3,000	-19,933	-19,924	-19,853	-19,561	-19,355	-19,221	-19,159	-19,096	-19,044	-19,032	-18,989	-18,954	-18,903	-18,798	-18,681	0,098	0,259	0,325	0,459	0,445	0,372	0,330	0,286	0,251	0,210	0,207	0,220	0,232	0,242	0,183	0,000	0,000
4,000	-10,791	-10,833	-10,729	-10,720	-10,693	-10,689	-10,692	-10,692	-10,683	-10,664	-10,625	-10,557	-10,429	-10,213	-9,936	-0,184	0,020	0,001	0,050	0,050	0,063	0,081	0,098	0,130	0,187	0,262	0,352	0,440	0,494	0,405	0,000	0,000
5,000	-12,219	-12,193	-12,347	-12,360	-12,354	-12,336	-12,324	-12,323	-12,292	-12,296	-12,248	-12,158	-12,032	-11,787	-11,485	-0,056	-0,171	-0,120	-0,021	0,021	0,036	0,079	0,107	0,148	0,199	0,285	0,383	0,477	0,531	0,432	0,000	0,000
6,000	-8,689	-8,673	-8,549	-8,419	-8,315	-8,263	-8,233	-8,204	-8,166	-8,142	-8,092	-8,037	-7,957	-7,818	-7,661	-0,028	0,144	0,189	0,239	0,227	0,199	0,199	0,187	0,196	0,201	0,235	0,266	0,298	0,315	0,240	0,000	0,000
7,000	-7,093	-6,923	-6,860	-6,726	-6,657	-6,618	-6,600	-6,587	-6,568	-6,560	-6,550	-6,525	-6,509	-6,477	-6,435	0,294	0,240	0,243	0,210	0,179	0,130	0,120	0,103	0,090	0,076	0,080	0,081	0,080	0,082	0,058	0,000	0,000
8,000	-19,535	-19,621	-19,574	-19,664	-19,655	-19,703	-19,739	-19,767	-19,793	-19,843	-19,870	-19,891	-19,910	-19,893	-19,878	-0,070	-0,002	-0,057	-0,090	-0,095	-0,129	-0,126	-0,123	-0,110	-0,112	-0,086	-0,057	-0,034	-0,001	0,006	0,000	0,000
9,000	-9,888	-9,808	-9,715	-9,494	-9,347	-9,218	-9,148	-9,095	-9,036	-9,005	-8,956	-8,908	-8,845	-8,751	-8,651	0,120	0,223	0,295	0,385	0,379	0,343	0,318	0,282	0,260	0,243	0,235	0,234	0,234	0,231	0,164	0,000	0,000
10,000	-9,770	-9,703	-9,563	-9,381	-9,276	-9,234	-9,202	-9,186	-9,156	-9,151	-9,127	-9,097	-9,043	-8,971	-8,883	0,075	0,253	0,264	0,268	0,220	0,180	0,162	0,144	0,134	0,131	0,140	0,152	0,167	0,179	0,136	0,000	0,000
11,000	-10,199	-10,078	-10,053	-9,908	-9,822	-9,765	-9,735	-9,712	-9,683	-9,669	-9,636	-9,593	-9,540	-9,452	-9,354	0,103	0,152	0,179	0,215	0,202	0,167	0,165	0,151	0,149	0,148	0,163	0,186	0,196	0,198	0,153	0,000	0,000
12,000	-15,766	-15,840	-15,783	-15,759	-15,702	-15,689	-15,680	-15,671	-15,659	-15,671	-15,653	-15,621	-15,581	-15,475	-15,364	-0,225	-0,056	-0,003	0,060	0,055	0,051	0,053	0,060	0,065	0,075	0,107	0,151	0,178	0,207	0,166	0,000	0,000
13,000	-8,660	-8,743	-8,690	-8,722	-8,696	-8,686	-8,670	-8,656	-8,625	-8,599	-8,546	-8,477	-8,376	-8,225	-8,029	-0,133	-0,034	-0,021	0,022	0,053	0,087	0,104	0,131	0,158	0,193	0,245	0,286	0,340	0,358	0,284	0,000	0,000
14,000	-12,004	-11,904	-11,961	-11,910	-11,900	-11,879	-11,854	-11,844	-11,840	-11,836	-11,822	-11,782	-11,697	-11,554	-11,358	-0,101	-0,096	-0,029	0,042	0,060	0,060	0,077	0,070	0,096	0,118	0,167	0,218	0,286	0,328	0,265	0,000	0,000
15,000	-8,979	-9,080	-9,009	-8,996	-8,960	-8,962	-8,949	-8,928	-8,910	-8,905	-8,880	-8,851	-8,804	-8,731	-8,642	-0,162	0,018	-0,002	0,049	0,046	0,059	0,067	0,081	0,081	0,091	0,117	0,134	0,153	0,166	0,134	0,000	0,000
	run	17	2022:11:08    11:31:26,344
0,000	-12,694	-12,752	-12,757	-12,829	-12,857	-12,865	-12,879	-12,883	-12,885	-12,891	-12,882	-12,860	-12,814	-12,725	-12,618	-0,142	-0,124	-0,114	-0,087	-0,070	-0,044	-0,022	-0,010	0,016	0,037	0,078	0,117	0,158	0,181	0,150	0,000	0,000
1,000	-16,372	-16,378	-16,297	-16,126	-15,987	-15,881	-15,813	-15,768	-15,713	-15,679	-15,623	-15,582	-15,515	-15,427	-15,315	-0,004	0,153	0,206	0,315	0,331	0,307	0,293	0,260	0,251	0,233	0,227	0,237	0,234	0,235	0,174	0,000	0,000
2,000	-10,144	-10,145	-10,101	-9,973	-9,867	-9,793	-9,747	-9,709	-9,653	-9,624	-9,563	-9,486	-9,396	-9,251	-9,080	0,069	0,139	0,166	0,252	0,254	0,236	0,240	0,239	0,249	0,253	0,284	0,310	0,334	0,336	0,254	0,000	0,000
3,000	-19,933	-19,924	-19,853	-19,561	-19,355	-19,221	-19,159	-19,096	-19,044	-19,032	-18,989	-18,954	-18,903	-18,798	-18,681	0,098	0,259	0,325	0,459	0,445	0,372	0,330	0,286	0,251	0,210	0,207	0,220	0,232	0,242	0,183	0,000	0,000
4,000	-10,791	-10,833	-10,729	-10,720	-10,693	-10,689	-10,692	-10,692	-10,683	-10,664	-10,625	-10,557	-10,429	-10,213	-9,936	-0,184	0,020	0,001	0,050	0,050	0,063	0,081	0,098	0,130	0,187	0,262	0,352	0,440	0,494	0,405	0,000	0,000
5,000	-12,219	-12,193	-12,347	-12,360	-12,354	-12,336	-12,324	-12,323	-12,292	-12,296	-12,248	-12,158	-12,032	-11,787	-11,485	-0,056	-0,171	-0,120	-0,021	0,021	0,036	0,079	0,107	0,148	0,199	0,285	0,383	0,477	0,531	0,432	0,000	0,000
6,000	-8,689	-8,673	-8,549	-8,419	-8,315	-8,263	-8,233	-8,204	-8,166	-8,142	-8,092	-8,037	-7,957	-7,818	-7,661	-0,028	0,144	0,189	0,239	0,227	0,199	0,199	0,187	0,196	0,201	0,235	0,266	0,298	0,315	0,240	0,000	0,000
7,000	-7,093	-6,923	-6,860	-6,726	-6,657	-6,618	-6,600	-6,587	-6,568	-6,560	-6,550	-6,525	-6,509	-6,477	-6,435	0,294	0,240	0,243	0,210	0,179	0,130	0,120	0,103	0,090	0,076	0,080	0,081	0,080	0,082	0,058	0,000	0,000
8,000	-20,491	-20,547	-20,508	-20,602	-20,592	-20,642	-20,672	-20,695	-20,722	-20,775	-20,791	-20,818	-20,832	-20,805	-20,780	-0,052	-0,010	-0,071	-0,088	-0,095	-0,114	-0,116	-0,115	-0,106	-0,103	-0,072	-0,039	-0,021	0,014	0,015	0,000	0,000
9,000	-9,994	-9,907	-9,815	-9,571	-9,415	-9,293	-9,224	-9,170	-9,115	-9,078	-9,030	-8,981	-8,919	-8,821	-8,723	0,155	0,253	0,310	0,401	0,394	0,343	0,323	0,287	0,266	0,241	0,233	0,236	0,236	0,228	0,171	0,000	0,000
10,000	-9,766	-9,684	-9,520	-9,323	-9,215	-9,172	-9,150	-9,133	-9,104	-9,098	-9,076	-9,044	-8,996	-8,919	-8,833	0,094	0,293	0,288	0,277	0,224	0,187	0,160	0,147	0,129	0,130	0,136	0,153	0,175	0,176	0,136	0,000	0,000
11,000	-9,995	-9,885	-9,835	-9,677	-9,597	-9,543	-9,514	-9,499	-9,463	-9,443	-9,411	-9,373	-9,314	-9,231	-9,125	0,099	0,167	0,191	0,224	0,208	0,175	0,167	0,153	0,152	0,156	0,166	0,188	0,200	0,209	0,158	0,000	0,000
12,000	-15,756	-15,820	-15,769	-15,750	-15,692	-15,684	-15,673	-15,672	-15,660	-15,675	-15,652	-15,622	-15,574	-15,482	-15,363	-0,236	-0,070	-0,018	0,047	0,057	0,042	0,053	0,054	0,064	0,067	0,109	0,143	0,177	0,203	0,165	0,000	0,000
13,000	-8,560	-8,649	-8,593	-8,628	-8,608	-8,593	-8,582	-8,561	-8,538	-8,501	-8,451	-8,390	-8,289	-8,139	-7,945	-0,117	-0,044	-0,027	0,018	0,049	0,085	0,104	0,121	0,156	0,194	0,239	0,287	0,337	0,355	0,282	0,000	0,000
14,000	-11,890	-11,804	-11,847	-11,807	-11,789	-11,771	-11,744	-11,744	-11,730	-11,724	-11,712	-11,673	-11,588	-11,456	-11,255	-0,114	-0,088	-0,030	0,049	0,051	0,054	0,071	0,070	0,085	0,112	0,167	0,218	0,282	0,314	0,265	0,000	0,000
15,000	-8,855	-8,955	-8,874	-8,885	-8,840	-8,835	-8,831	-8,809	-8,797	-8,790	-8,765	-8,736	-8,692	-8,621	-8,537	-0,167	0,011	0,001	0,047	0,049	0,055	0,058	0,075	0,079	0,086	0,110	0,128	0,153	0,164	0,129	0,000	0,000
	run	18	2022:11:08    11:31:26,445
0,000	-12,588	-12,636	-12,666	-12,730	-12,747	-12,758	-12,769	-12,777	-12,770	-12,777	-12,770	-12,740	-12,695	-12,605	-12,501	-0,145	-0,119	-0,106	-0,076	-0,066	-0,044	-0,019	-0,003	0,020	0,040	0,078	0,123	0,160	0,186	0,150	0,000	0,000
1,000	-15,968	-15,983	-15,908	-15,748	-15,604	-15,495	-15,444	-15,391	-15,338	-15,305	-15,254	-15,208	-15,150	-15,058	-14,960	0,017	0,149	0,204	0,303	0,323	0,294	0,280	0,252	0,237	0,226	0,224	0,226	0,223	0,220	0,171	0,000	0,000
2,000	-10,037	-10,033	-9,997	-9,867	-9,762	-9,691	-9,646	-9,609	-9,558	-9,527	-9,464	-9,391	-9,302	-9,160	-8,994	0,077	0,119	0,174	0,244	0,251	0,237	0,238	0,239	0,241	0,244	0,276	0,305	0,326	0,333	0,252	0,000	0,000
3,000	-19,957	-19,944	-19,870	-19,576	-19,371	-19,237	-19,170	-19,112	-19,063	-19,051	-19,011	-18,982	-18,927	-18,821	-18,703	0,119	0,276	0,338	0,462	0,442	0,366	0,330	0,279	0,246	0,205	0,201	0,215	0,226	0,234	0,178	0,000	0,000
4,000	-10,786	-10,853	-10,751	-10,759	-10,730	-10,725	-10,723	-10,728	-10,720	-10,699	-10,657	-10,585	-10,457	-10,240	-9,954	-0,184	0,017	-0,006	0,044	0,047	0,060	0,082	0,096	0,130	0,192	0,270	0,360	0,446	0,495	0,411	0,000	0,000
5,000	-12,389	-12,336	-12,496	-12,518	-12,509	-12,484	-12,476	-12,474	-12,440	-12,445	-12,388	-12,306	-12,165	-11,910	-11,581	-0,016	-0,161	-0,122	-0,002	0,022	0,043	0,086	0,113	0,158	0,206	0,300	0,399	0,500	0,558	0,456	0,000	0,000
6,000	-8,912	-8,891	-8,791	-8,651	-8,546	-8,487	-8,458	-8,427	-8,392	-8,365	-8,313	-8,250	-8,172	-8,034	-7,868	-0,038	0,151	0,175	0,237	0,232	0,207	0,210	0,197	0,200	0,212	0,243	0,274	0,301	0,317	0,244	0,000	0,000
7,000	-7,246	-7,050	-6,974	-6,819	-6,756	-6,721	-6,701	-6,684	-6,671	-6,658	-6,651	-6,633	-6,615	-6,576	-6,535	0,317	0,286	0,277	0,227	0,177	0,142	0,123	0,109	0,095	0,081	0,079	0,086	0,088	0,085	0,066	0,000	0,000
8,000	-20,554	-20,619	-20,616	-20,733	-20,725	-20,764	-20,805	-20,830	-20,857	-20,909	-20,929	-20,956	-20,973	-20,952	-20,929	-0,064	-0,053	-0,086	-0,113	-0,107	-0,129	-0,133	-0,128	-0,112	-0,114	-0,085	-0,050	-0,030	0,005	0,018	0,000	0,000
9,000	-9,906	-9,788	-9,666	-9,391	-9,238	-9,114	-9,047	-9,000	-8,943	-8,903	-8,859	-8,815	-8,747	-8,656	-8,545	0,209	0,303	0,373	0,430	0,406	0,353	0,324	0,289	0,257	0,239	0,236	0,238	0,237	0,232	0,171	0,000	0,000
10,000	-9,848	-9,759	-9,581	-9,388	-9,283	-9,243	-9,218	-9,198	-9,172	-9,166	-9,146	-9,107	-9,058	-8,985	-8,897	0,112	0,301	0,297	0,282	0,229	0,185	0,168	0,148	0,131	0,132	0,143	0,152	0,174	0,180	0,139	0,000	0,000
11,000	-9,941	-9,814	-9,770	-9,612	-9,529	-9,476	-9,449	-9,426	-9,397	-9,381	-9,346	-9,301	-9,254	-9,161	-9,061	0,104	0,167	0,185	0,217	0,209	0,168	0,163	0,155	0,152	0,152	0,165	0,181	0,203	0,209	0,154	0,000	0,000
12,000	-15,839	-15,910	-15,859	-15,831	-15,782	-15,762	-15,754	-15,748	-15,736	-15,750	-15,730	-15,699	-15,649	-15,555	-15,445	-0,229	-0,061	-0,016	0,053	0,060	0,047	0,055	0,055	0,063	0,076	0,098	0,147	0,182	0,207	0,165	0,000	0,000
13,000	-8,513	-8,616	-8,554	-8,592	-8,570	-8,554	-8,547	-8,526	-8,502	-8,473	-8,420	-8,353	-8,258	-8,103	-7,921	-0,135	-0,035	-0,019	0,020	0,052	0,084	0,103	0,124	0,153	0,183	0,237	0,282	0,327	0,347	0,278	0,000	0,000
14,000	-11,662	-11,531	-11,601	-11,542	-11,531	-11,504	-11,488	-11,489	-11,473	-11,463	-11,457	-11,416	-11,342	-11,200	-11,014	-0,098	-0,091	-0,031	0,047	0,052	0,056	0,066	0,072	0,085	0,107	0,165	0,216	0,274	0,316	0,261	0,000	0,000
15,000	-8,676	-8,781	-8,702	-8,707	-8,670	-8,669	-8,658	-8,645	-8,622	-8,620	-8,598	-8,567	-8,527	-8,450	-8,371	-0,175	0,010	-0,010	0,042	0,049	0,052	0,058	0,073	0,081	0,089	0,105	0,129	0,147	0,157	0,125	0,000	0,000
	run	19	2022:11:08    11:31:26,495
0,000	-12,588	-12,636	-12,666	-12,730	-12,747	-12,758	-12,769	-12,777	-12,770	-12,777	-12,770	-12,740	-12,695	-12,605	-12,501	-0,145	-0,119	-0,106	-0,076	-0,066	-0,044	-0,019	-0,003	0,020	0,040	0,078	0,123	0,160	0,186	0,150	0,000	0,000
1,000	-15,968	-15,983	-15,908	-15,748	-15,604	-15,495	-15,444	-15,391	-15,338	-15,305	-15,254	-15,208	-15,150	-15,058	-14,960	0,017	0,149	0,204	0,303	0,323	0,294	0,280	0,252	0,237	0,226	0,224	0,226	0,223	0,220	0,171	0,000	0,000
2,000	-10,037	-10,033	-9,997	-9,867	-9,762	-9,691	-9,646	-9,609	-9,558	-9,527	-9,464	-9,391	-9,302	-9,160	-8,994	0,077	0,119	0,174	0,244	0,251	0,237	0,238	0,239	0,241	0,244	0,276	0,305	0,326	0,333	0,252	0,000	0,000
3,000	-19,957	-19,944	-19,870	-19,576	-19,371	-19,237	-19,170	-19,112	-19,063	-19,051	-19,011	-18,982	-18,927	-18,821	-18,703	0,119	0,276	0,338	0,462	0,442	0,366	0,330	0,279	0,246	0,205	0,201	0,215	0,226	0,234	0,178	0,000	0,000
4,000	-10,786	-10,853	-10,751	-10,759	-10,730	-10,725	-10,723	-10,728	-10,720	-10,699	-10,657	-10,585	-10,457	-10,240	-9,954	-0,184	0,017	-0,006	0,044	0,047	0,060	0,082	0,096	0,130	0,192	0,270	0,360	0,446	0,495	0,411	0,000	0,000
5,000	-12,389	-12,336	-12,496	-12,518	-12,509	-12,484	-12,476	-12,474	-12,440	-12,445	-12,388	-12,306	-12,165	-11,910	-11,581	-0,016	-0,161	-0,122	-0,002	0,022	0,043	0,086	0,113	0,158	0,206	0,300	0,399	0,500	0,558	0,456	0,000	0,000
6,000	-8,819	-8,794	-8,675	-8,545	-8,444	-8,389	-8,356	-8,320	-8,291	-8,268	-8,216	-8,155	-8,075	-7,930	-7,762	-0,013	0,150	0,184	0,234	0,229	0,203	0,203	0,198	0,203	0,213	0,239	0,280	0,309	0,323	0,249	0,000	0,000
7,000	-7,361	-7,174	-7,086	-6,931	-6,863	-6,818	-6,797	-6,784	-6,760	-6,756	-6,742	-6,725	-6,703	-6,663	-6,621	0,338	0,302	0,276	0,232	0,185	0,145	0,123	0,109	0,098	0,088	0,080	0,089	0,088	0,088	0,065	0,000	0,000
8,000	-20,693	-20,795	-20,763	-20,899	-20,892	-20,936	-20,970	-21,008	-21,029	-21,080	-21,101	-21,131	-21,147	-21,142	-21,114	-0,127	-0,081	-0,117	-0,127	-0,116	-0,135	-0,134	-0,138	-0,124	-0,116	-0,088	-0,059	-0,038	-0,004	0,012	0,000	0,000
9,000	-10,183	-10,039	-9,933	-9,672	-9,505	-9,382	-9,311	-9,261	-9,202	-9,169	-9,119	-9,066	-9,007	-8,911	-8,801	0,203	0,289	0,366	0,424	0,410	0,358	0,332	0,295	0,268	0,243	0,243	0,242	0,247	0,234	0,173	0,000	0,000
10,000	-9,769	-9,736	-9,599	-9,423	-9,321	-9,275	-9,251	-9,230	-9,203	-9,196	-9,177	-9,138	-9,091	-9,007	-8,922	0,036	0,238	0,243	0,254	0,214	0,179	0,162	0,147	0,134	0,135	0,142	0,155	0,173	0,176	0,138	0,000	0,000
11,000	-10,065	-9,963	-9,914	-9,771	-9,684	-9,628	-9,598	-9,581	-9,545	-9,527	-9,496	-9,457	-9,398	-9,314	-9,209	0,079	0,150	0,171	0,213	0,199	0,169	0,162	0,153	0,154	0,149	0,168	0,188	0,197	0,203	0,156	0,000	0,000
12,000	-15,539	-15,603	-15,552	-15,522	-15,471	-15,458	-15,451	-15,445	-15,438	-15,444	-15,429	-15,402	-15,359	-15,258	-15,149	-0,228	-0,057	-0,013	0,051	0,063	0,050	0,050	0,054	0,057	0,069	0,111	0,136	0,175	0,199	0,157	0,000	0,000
13,000	-8,556	-8,643	-8,598	-8,630	-8,610	-8,598	-8,585	-8,563	-8,535	-8,503	-8,454	-8,383	-8,286	-8,137	-7,944	-0,122	-0,039	-0,027	0,021	0,053	0,082	0,103	0,130	0,158	0,194	0,241	0,288	0,336	0,357	0,282	0,000	0,000
14,000	-11,676	-11,589	-11,637	-11,587	-11,576	-11,547	-11,537	-11,532	-11,523	-11,518	-11,508	-11,458	-11,385	-11,253	-11,067	-0,117	-0,086	-0,037	0,040	0,051	0,057	0,066	0,074	0,086	0,108	0,161	0,212	0,271	0,314	0,258	0,000	0,000
15,000	-8,730	-8,839	-8,767	-8,772	-8,729	-8,728	-8,718	-8,704	-8,687	-8,675	-8,659	-8,628	-8,584	-8,511	-8,429	-0,175	0,005	-0,004	0,049	0,047	0,055	0,058	0,074	0,079	0,089	0,109	0,128	0,147	0,159	0,130	0,000	0,000
	run	20	2022:11:08    11:31:26,599
0,000	-12,896	-12,960	-12,971	-13,050	-13,073	-13,083	-13,092	-13,099	-13,099	-13,104	-13,096	-13,066	-13,019	-12,931	-12,825	-0,142	-0,119	-0,115	-0,077	-0,062	-0,041	-0,020	-0,004	0,017	0,036	0,082	0,129	0,162	0,190	0,153	0,000	0,000
1,000	-16,293	-16,315	-16,236	-16,071	-15,928	-15,818	-15,757	-15,704	-15,654	-15,618	-15,561	-15,520	-15,461	-15,366	-15,260	0,010	0,161	0,207	0,312	0,334	0,300	0,294	0,260	0,245	0,230	0,231	0,237	0,229	0,231	0,169	0,000	0,000
2,000	-10,106	-10,087	-10,053	-9,915	-9,808	-9,731	-9,693	-9,652	-9,604	-9,567	-9,504	-9,430	-9,336	-9,193	-9,026	0,067	0,125	0,171	0,253	0,261	0,240	0,246	0,238	0,244	0,253	0,282	0,317	0,332	0,336	0,258	0,000	0,000
3,000	-20,105	-20,074	-20,009	-19,699	-19,496	-19,368	-19,293	-19,237	-19,181	-19,170	-19,131	-19,092	-19,044	-18,941	-18,812	0,129	0,271	0,349	0,471	0,456	0,381	0,335	0,290	0,251	0,216	0,207	0,219	0,231	0,240	0,181	0,000	0,000
4,000	-10,864	-10,925	-10,808	-10,805	-10,772	-10,767	-10,769	-10,768	-10,753	-10,736	-10,703	-10,625	-10,494	-10,277	-10,000	-0,208	0,027	0,003	0,045	0,058	0,068	0,087	0,097	0,135	0,191	0,277	0,360	0,449	0,497	0,412	0,000	0,000
5,000	-12,332	-12,317	-12,465	-12,488	-12,491	-12,463	-12,457	-12,456	-12,424	-12,428	-12,379	-12,289	-12,155	-11,911	-11,597	-0,024	-0,170	-0,139	-0,018	0,019	0,037	0,076	0,110	0,153	0,197	0,287	0,385	0,480	0,545	0,440	0,000	0,000
6,000	-8,800	-8,779	-8,666	-8,524	-8,418	-8,360	-8,323	-8,298	-8,262	-8,241	-8,182	-8,128	-8,042	-7,900	-7,740	-0,016	0,153	0,187	0,244	0,235	0,206	0,203	0,200	0,204	0,212	0,242	0,275	0,306	0,317	0,251	0,000	0,000
7,000	-7,053	-6,894	-6,828	-6,691	-6,625	-6,589	-6,565	-6,552	-6,533	-6,529	-6,515	-6,498	-6,476	-6,439	-6,404	0,276	0,254	0,241	0,209	0,173	0,136	0,121	0,096	0,091	0,085	0,077	0,081	0,084	0,084	0,062	0,000	0,000
8,000	-20,466	-20,545	-20,507	-20,601	-20,597	-20,645	-20,677	-20,700	-20,725	-20,778	-20,793	-20,819	-20,832	-20,816	-20,786	-0,080	-0,025	-0,070	-0,094	-0,092	-0,119	-0,111	-0,117	-0,107	-0,109	-0,069	-0,036	-0,021	0,022	0,022	0,000	0,000
9,000	-9,939	-9,813	-9,712	-9,459	-9,309	-9,182	-9,117	-9,062	-9,006	-8,966	-8,921	-8,875	-8,814	-8,717	-8,617	0,176	0,262	0,343	0,413	0,397	0,345	0,320	0,290	0,261	0,239	0,237	0,235	0,235	0,230	0,166	0,000	0,000
10,000	-9,867	-9,786	-9,625	-9,420	-9,315	-9,275	-9,243	-9,226	-9,203	-9,201	-9,179	-9,144	-9,097	-9,025	-8,937	0,112	0,296	0,301	0,281	0,232	0,188	0,168	0,145	0,125	0,131	0,137	0,148	0,170	0,174	0,137	0,000	0,000
11,000	-10,006	-9,882	-9,843	-9,681	-9,601	-9,552	-9,519	-9,500	-9,470	-9,452	-9,420	-9,383	-9,324	-9,240	-9,136	0,103	0,166	0,187	0,220	0,201	0,168	0,160	0,150	0,147	0,149	0,167	0,186	0,198	0,207	0,154	0,000	0,000
12,000	-15,789	-15,861	-15,814	-15,785	-15,733	-15,715	-15,708	-15,706	-15,692	-15,708	-15,686	-15,656	-15,614	-15,515	-15,401	-0,223	-0,056	-0,006	0,052	0,058	0,044	0,051	0,058	0,063	0,076	0,108	0,141	0,178	0,205	0,161	0,000	0,000
13,000	-8,571	-8,623	-8,587	-8,614	-8,594	-8,583	-8,566	-8,553	-8,528	-8,489	-8,445	-8,378	-8,277	-8,124	-7,934	-0,113	-0,035	-0,019	0,020	0,054	0,085	0,103	0,122	0,154	0,196	0,241	0,286	0,331	0,357	0,286	0,000	0,000
14,000	-12,109	-12,015	-12,064	-12,015	-11,988	-11,968	-11,950	-11,945	-11,938	-11,928	-11,915	-11,874	-11,791	-11,647	-11,455	-0,147	-0,095	-0,016	0,040	0,050	0,056	0,073	0,071	0,090	0,120	0,166	0,222	0,293	0,331	0,270	0,000	0,000
15,000	-8,872	-8,967	-8,899	-8,896	-8,850	-8,857	-8,845	-8,829	-8,810	-8,806	-8,784	-8,753	-8,709	-8,639	-8,562	-0,177	0,007	-0,006	0,043	0,045	0,054	0,058	0,077	0,077	0,090	0,111	0,128	0,148	0,161	0,130	0,000	0,000
	run	21	2022:11:08    11:31:26,699
0,000	-13,199	-13,255	-13,263	-13,347	-13,373	-13,390	-13,396	-13,406	-13,406	-13,414	-13,411	-13,374	-13,328	-13,231	-13,121	-0,151	-0,132	-0,127	-0,093	-0,073	-0,050	-0,029	-0,011	0,015	0,038	0,083	0,126	0,168	0,192	0,158	0,000	0,000
1,000	-16,969	-16,955	-16,864	-16,660	-16,494	-16,377	-16,310	-16,254	-16,200	-16,164	-16,111	-16,062	-16,008	-15,909	-15,800	0,061	0,206	0,261	0,367	0,372	0,338	0,313	0,280	0,264	0,243	0,238	0,241	0,236	0,236	0,178	0,000	0,000
2,000	-10,366	-10,371	-10,322	-10,185	-10,083	-10,003	-9,962	-9,923	-9,871	-9,836	-9,760	-9,696	-9,592	-9,443	-9,272	0,069	0,131	0,183	0,260	0,255	0,240	0,255	0,241	0,255	0,261	0,293	0,326	0,345	0,351	0,266	0,000	0,000
3,000	-20,277	-20,258	-20,192	-19,870	-19,653	-19,522	-19,455	-19,395	-19,340	-19,332	-19,299	-19,260	-19,208	-19,105	-18,980	0,134	0,285	0,350	0,481	0,464	0,387	0,341	0,287	0,254	0,212	0,208	0,222	0,233	0,243	0,180	0,000	0,000
4,000	-10,642	-10,702	-10,601	-10,591	-10,567	-10,551	-10,552	-10,550	-10,552	-10,527	-10,485	-10,419	-10,280	-10,064	-9,783	-0,182	0,022	0,001	0,049	0,053	0,069	0,084	0,103	0,134	0,189	0,268	0,365	0,445	0,501	0,409	0,000	0,000
5,000	-12,093	-12,067	-12,217	-12,247	-12,243	-12,218	-12,212	-12,211	-12,181	-12,182	-12,136	-12,048	-11,926	-11,683	-11,389	-0,029	-0,167	-0,123	-0,012	0,016	0,030	0,070	0,104	0,147	0,184	0,272	0,370	0,466	0,526	0,421	0,000	0,000
6,000	-8,450	-8,430	-8,326	-8,179	-8,079	-8,025	-7,991	-7,963	-7,926	-7,904	-7,857	-7,805	-7,718	-7,589	-7,440	-0,017	0,155	0,185	0,234	0,230	0,201	0,198	0,189	0,187	0,198	0,230	0,257	0,283	0,298	0,231	0,000	0,000
7,000	-6,884	-6,713	-6,664	-6,550	-6,497	-6,464	-6,443	-6,434	-6,406	-6,402	-6,397	-6,379	-6,359	-6,335	-6,301	0,275	0,228	0,208	0,185	0,152	0,113	0,101	0,093	0,084	0,068	0,072	0,071	0,071	0,070	0,053	0,000	0,000
8,000	-19,624	-19,676	-19,633	-19,721	-19,707	-19,744	-19,780	-19,811	-19,832	-19,885	-19,901	-19,933	-19,943	-19,932	-19,906	-0,057	-0,002	-0,054	-0,086	-0,086	-0,109	-0,115	-0,119	-0,109	-0,101	-0,079	-0,051	-0,022	0,011	0,016	0,000	0,000
9,000	-9,714	-9,624	-9,550	-9,330	-9,184	-9,056	-8,989	-8,934	-8,885	-8,846	-8,798	-8,753	-8,691	-8,603	-8,501	0,129	0,218	0,283	0,386	0,375	0,340	0,313	0,280	0,259	0,228	0,230	0,230	0,225	0,222	0,165	0,000	0,000
10,000	-9,690	-9,617	-9,470	-9,272	-9,174	-9,131	-9,102	-9,086	-9,058	-9,050	-9,025	-8,997	-8,946	-8,873	-8,789	0,069	0,278	0,267	0,274	0,219	0,188	0,163	0,146	0,130	0,133	0,140	0,149	0,171	0,177	0,135	0,000	0,000
11,000	-9,998	-9,887	-9,860	-9,700	-9,622	-9,563	-9,533	-9,519	-9,490	-9,468	-9,438	-9,399	-9,340	-9,255	-9,145	0,090	0,154	0,178	0,213	0,203	0,171	0,164	0,149	0,151	0,153	0,165	0,185	0,201	0,203	0,156	0,000	0,000
12,000	-15,847	-15,901	-15,862	-15,832	-15,779	-15,761	-15,758	-15,752	-15,739	-15,753	-15,726	-15,701	-15,659	-15,557	-15,447	-0,227	-0,057	-0,014	0,049	0,055	0,049	0,054	0,057	0,066	0,068	0,110	0,146	0,179	0,204	0,162	0,000	0,000
13,000	-8,699	-8,787	-8,727	-8,754	-8,738	-8,726	-8,710	-8,692	-8,665	-8,637	-8,584	-8,515	-8,411	-8,261	-8,064	-0,125	-0,029	-0,005	0,023	0,052	0,089	0,107	0,134	0,157	0,196	0,236	0,289	0,337	0,359	0,286	0,000	0,000
14,000	-12,064	-11,952	-12,025	-11,972	-11,963	-11,933	-11,894	-11,914	-11,895	-11,893	-11,855	-11,833	-11,751	-11,604	-11,404	-0,137	-0,092	-0,039	0,043	0,054	0,074	0,058	0,077	0,086	0,119	0,163	0,221	0,290	0,333	0,271	0,000	0,000
15,000	-9,161	-9,251	-9,186	-9,171	-9,132	-9,133	-9,125	-9,101	-9,084	-9,076	-9,051	-9,017	-8,972	-8,895	-8,808	-0,175	0,010	0,003	0,047	0,054	0,064	0,070	0,082	0,087	0,102	0,123	0,139	0,163	0,174	0,137	0,000	0,000
	run	22	2022:11:08    11:31:26,747
0,000	-13,474	-13,539	-13,558	-13,648	-13,671	-13,689	-13,692	-13,706	-13,695	-13,707	-13,699	-13,669	-13,615	-13,519	-13,403	-0,163	-0,137	-0,134	-0,101	-0,086	-0,049	-0,028	-0,004	0,022	0,046	0,087	0,134	0,176	0,201	0,161	0,000	0,000
1,000	-17,140	-17,119	-17,012	-16,790	-16,616	-16,496	-16,433	-16,376	-16,316	-16,286	-16,233	-16,181	-16,124	-16,020	-15,912	0,100	0,247	0,296	0,397	0,391	0,346	0,320	0,290	0,264	0,245	0,245	0,240	0,238	0,244	0,181	0,000	0,000
2,000	-10,366	-10,371	-10,322	-10,185	-10,083	-10,003	-9,962	-9,923	-9,871	-9,836	-9,760	-9,696	-9,592	-9,443	-9,272	0,069	0,131	0,183	0,260	0,255	0,240	0,255	0,241	0,255	0,261	0,293	0,326	0,345	0,351	0,266	0,000	0,000
3,000	-20,277	-20,258	-20,192	-19,870	-19,653	-19,522	-19,455	-19,395	-19,340	-19,332	-19,299	-19,260	-19,208	-19,105	-18,980	0,134	0,285	0,350	0,481	0,464	0,387	0,341	0,287	0,254	0,212	0,208	0,222	0,233	0,243	0,180	0,000	0,000
4,000	-10,642	-10,702	-10,601	-10,591	-10,567	-10,551	-10,552	-10,550	-10,552	-10,527	-10,485	-10,419	-10,280	-10,064	-9,783	-0,182	0,022	0,001	0,049	0,053	0,069	0,084	0,103	0,134	0,189	0,268	0,365	0,445	0,501	0,409	0,000	0,000
5,000	-12,093	-12,067	-12,217	-12,247	-12,243	-12,218	-12,212	-12,211	-12,181	-12,182	-12,136	-12,048	-11,926	-11,683	-11,389	-0,029	-0,167	-0,123	-0,012	0,016	0,030	0,070	0,104	0,147	0,184	0,272	0,370	0,466	0,526	0,421	0,000	0,000
6,000	-8,450	-8,430	-8,326	-8,179	-8,079	-8,025	-7,991	-7,963	-7,926	-7,904	-7,857	-7,805	-7,718	-7,589	-7,440	-0,017	0,155	0,185	0,234	0,230	0,201	0,198	0,189	0,187	0,198	0,230	0,257	0,283	0,298	0,231	0,000	0,000
7,000	-6,884	-6,713	-6,664	-6,550	-6,497	-6,464	-6,443	-6,434	-6,406	-6,402	-6,397	-6,379	-6,359	-6,335	-6,301	0,275	0,228	0,208	0,185	0,152	0,113	0,101	0,093	0,084	0,068	0,072	0,071	0,071	0,070	0,053	0,000	0,000
8,000	-19,498	-19,534	-19,487	-19,553	-19,532	-19,588	-19,614	-19,640	-19,664	-19,713	-19,738	-19,763	-19,776	-19,760	-19,735	-0,075	0,002	-0,038	-0,073	-0,079	-0,106	-0,109	-0,110	-0,106	-0,099	-0,075	-0,045	-0,025	0,007	0,018	0,000	0,000
9,000	-9,517	-9,467	-9,404	-9,230	-9,098	-8,988	-8,921	-8,869	-8,815	-8,777	-8,736	-8,692	-8,628	-8,542	-8,446	0,097	0,164	0,230	0,328	0,330	0,305	0,289	0,259	0,238	0,223	0,219	0,219	0,219	0,216	0,156	0,000	0,000
10,000	-9,261	-9,223	-9,097	-8,949	-8,858	-8,817	-8,793	-8,771	-8,749	-8,746	-8,718	-8,689	-8,641	-8,568	-8,486	0,047	0,213	0,212	0,224	0,191	0,162	0,145	0,135	0,123	0,123	0,133	0,144	0,163	0,168	0,131	0,000	0,000
11,000	-9,890	-9,773	-9,746	-9,615	-9,539	-9,487	-9,456	-9,436	-9,407	-9,392	-9,357	-9,320	-9,268	-9,181	-9,079	0,085	0,129	0,157	0,197	0,187	0,159	0,153	0,144	0,145	0,143	0,161	0,183	0,191	0,201	0,150	0,000	0,000
12,000	-15,804	-15,866	-15,809	-15,785	-15,729	-15,711	-15,704	-15,699	-15,683	-15,696	-15,678	-15,645	-15,604	-15,506	-15,402	-0,215	-0,058	-0,005	0,055	0,062	0,049	0,054	0,057	0,062	0,067	0,109	0,139	0,175	0,198	0,160	0,000	0,000
13,000	-8,710	-8,765	-8,732	-8,752	-8,732	-8,722	-8,712	-8,692	-8,667	-8,631	-8,581	-8,511	-8,411	-8,256	-8,061	-0,113	-0,032	-0,026	0,019	0,056	0,082	0,105	0,127	0,159	0,198	0,245	0,290	0,337	0,364	0,290	0,000	0,000
14,000	-12,107	-12,069	-12,086	-12,048	-12,023	-12,001	-11,985	-11,978	-11,962	-11,964	-11,949	-11,897	-11,818	-11,673	-11,475	-0,173	-0,079	-0,019	0,039	0,059	0,059	0,077	0,077	0,089	0,119	0,165	0,230	0,290	0,338	0,277	0,000	0,000
15,000	-9,149	-9,230	-9,177	-9,165	-9,120	-9,122	-9,116	-9,099	-9,073	-9,068	-9,045	-9,013	-8,963	-8,886	-8,793	-0,167	0,013	-0,003	0,049	0,052	0,057	0,067	0,079	0,086	0,100	0,120	0,140	0,169	0,175	0,140	0,000	0,000
	run	23	2022:11:08    11:31:26,846
0,000	-13,234	-13,281	-13,302	-13,378	-13,407	-13,420	-13,428	-13,431	-13,436	-13,447	-13,431	-13,406	-13,351	-13,258	-13,142	-0,164	-0,127	-0,132	-0,086	-0,072	-0,047	-0,029	-0,013	0,015	0,041	0,083	0,128	0,172	0,199	0,155	0,000	0,000
1,000	-16,775	-16,757	-16,674	-16,490	-16,334	-16,216	-16,150	-16,097	-16,042	-16,008	-15,948	-15,906	-15,836	-15,742	-15,627	0,040	0,192	0,243	0,353	0,361	0,325	0,312	0,278	0,261	0,240	0,239	0,242	0,243	0,241	0,178	0,000	0,000
2,000	-10,332	-10,308	-10,264	-10,116	-10,006	-9,931	-9,890	-9,847	-9,799	-9,759	-9,691	-9,619	-9,524	-9,365	-9,195	0,081	0,151	0,199	0,259	0,267	0,248	0,252	0,243	0,249	0,262	0,293	0,326	0,349	0,359	0,272	0,000	0,000
3,000	-20,497	-20,449	-20,362	-20,038	-19,826	-19,682	-19,609	-19,554	-19,503	-19,486	-19,450	-19,411	-19,356	-19,248	-19,121	0,151	0,309	0,377	0,505	0,480	0,393	0,353	0,303	0,257	0,219	0,214	0,228	0,240	0,249	0,192	0,000	0,000
4,000	-10,977	-11,044	-10,945	-10,948	-10,918	-10,916	-10,918	-10,914	-10,905	-10,886	-10,847	-10,774	-10,642	-10,415	-10,126	-0,195	0,023	0,003	0,043	0,053	0,061	0,084	0,100	0,138	0,197	0,278	0,371	0,456	0,514	0,426	0,000	0,000
5,000	-12,326	-12,299	-12,448	-12,476	-12,467	-12,438	-12,429	-12,432	-12,397	-12,402	-12,360	-12,275	-12,134	-11,889	-11,578	-0,010	-0,164	-0,113	-0,010	0,021	0,043	0,081	0,109	0,149	0,198	0,288	0,392	0,481	0,546	0,441	0,000	0,000
6,000	-8,513	-8,504	-8,393	-8,269	-8,165	-8,104	-8,074	-8,044	-8,010	-7,985	-7,935	-7,888	-7,807	-7,683	-7,531	-0,013	0,129	0,167	0,226	0,220	0,199	0,194	0,190	0,189	0,197	0,230	0,257	0,279	0,297	0,224	0,000	0,000
7,000	-6,718	-6,570	-6,530	-6,413	-6,359	-6,321	-6,298	-6,290	-6,274	-6,268	-6,260	-6,243	-6,225	-6,192	-6,153	0,238	0,211	0,196	0,177	0,149	0,110	0,109	0,086	0,077	0,070	0,070	0,074	0,070	0,072	0,056	0,000	0,000
8,000	-19,319	-19,370	-19,307	-19,371	-19,355	-19,406	-19,428	-19,460	-19,484	-19,533	-19,548	-19,573	-19,586	-19,571	-19,546	-0,075	0,007	-0,024	-0,062	-0,071	-0,096	-0,101	-0,113	-0,103	-0,097	-0,072	-0,048	-0,028	0,012	0,018	0,000	0,000
9,000	-9,381	-9,324	-9,257	-9,063	-8,923	-8,809	-8,741	-8,689	-8,638	-8,600	-8,554	-8,510	-8,455	-8,369	-8,271	0,094	0,186	0,245	0,346	0,349	0,314	0,299	0,266	0,243	0,226	0,223	0,219	0,221	0,210	0,153	0,000	0,000
10,000	-9,546	-9,493	-9,362	-9,184	-9,088	-9,044	-9,019	-9,004	-8,979	-8,976	-8,951	-8,922	-8,876	-8,798	-8,718	0,051	0,231	0,232	0,247	0,207	0,171	0,151	0,138	0,122	0,126	0,134	0,144	0,168	0,170	0,133	0,000	0,000
11,000	-9,869	-9,764	-9,727	-9,594	-9,514	-9,461	-9,436	-9,414	-9,386	-9,370	-9,334	-9,304	-9,246	-9,166	-9,066	0,086	0,131	0,160	0,199	0,184	0,156	0,154	0,138	0,146	0,142	0,157	0,177	0,189	0,196	0,148	0,000	0,000
12,000	-15,570	-15,635	-15,579	-15,551	-15,504	-15,489	-15,475	-15,475	-15,456	-15,472	-15,453	-15,419	-15,379	-15,279	-15,166	-0,222	-0,047	-0,003	0,057	0,060	0,048	0,057	0,058	0,063	0,074	0,112	0,147	0,183	0,204	0,161	0,000	0,000
13,000	-8,583	-8,633	-8,590	-8,624	-8,605	-8,592	-8,580	-8,564	-8,539	-8,504	-8,457	-8,398	-8,292	-8,142	-7,954	-0,107	-0,042	-0,026	0,014	0,055	0,076	0,102	0,124	0,148	0,188	0,236	0,284	0,331	0,352	0,279	0,000	0,000
14,000	-12,266	-12,205	-12,225	-12,183	-12,165	-12,133	-12,120	-12,116	-12,104	-12,097	-12,078	-12,030	-11,949	-11,808	-11,602	-0,138	-0,092	-0,018	0,059	0,064	0,069	0,072	0,075	0,092	0,119	0,177	0,233	0,297	0,343	0,282	0,000	0,000
15,000	-9,072	-9,167	-9,093	-9,098	-9,050	-9,059	-9,046	-9,032	-9,010	-9,000	-8,984	-8,949	-8,908	-8,833	-8,748	-0,157	0,004	0,001	0,047	0,049	0,055	0,058	0,077	0,079	0,093	0,116	0,133	0,155	0,168	0,134	0,000	0,000
	run	24	2022:11:08    11:31:26,897
0,000	-13,234	-13,281	-13,302	-13,378	-13,407	-13,420	-13,428	-13,431	-13,436	-13,447	-13,431	-13,406	-13,351	-13,258	-13,142	-0,164	-0,127	-0,132	-0,086	-0,072	-0,047	-0,029	-0,013	0,015	0,041	0,083	0,128	0,172	0,199	0,155	0,000	0,000
1,000	-16,775	-16,757	-16,674	-16,490	-16,334	-16,216	-16,150	-16,097	-16,042	-16,008	-15,948	-15,906	-15,836	-15,742	-15,627	0,040	0,192	0,243	0,353	0,361	0,325	0,312	0,278	0,261	0,240	0,239	0,242	0,243	0,241	0,178	0,000	0,000
2,000	-10,332	-10,308	-10,264	-10,116	-10,006	-9,931	-9,890	-9,847	-9,799	-9,759	-9,691	-9,619	-9,524	-9,365	-9,195	0,081	0,151	0,199	0,259	0,267	0,248	0,252	0,243	0,249	0,262	0,293	0,326	0,349	0,359	0,272	0,000	0,000
3,000	-20,497	-20,449	-20,362	-20,038	-19,826	-19,682	-19,609	-19,554	-19,503	-19,486	-19,450	-19,411	-19,356	-19,248	-19,121	0,151	0,309	0,377	0,505	0,480	0,393	0,353	0,303	0,257	0,219	0,214	0,228	0,240	0,249	0,192	0,000	0,000
4,000	-10,977	-11,044	-10,945	-10,948	-10,918	-10,916	-10,918	-10,914	-10,905	-10,886	-10,847	-10,774	-10,642	-10,415	-10,126	-0,195	0,023	0,003	0,043	0,053	0,061	0,084	0,100	0,138	0,197	0,278	0,371	0,456	0,514	0,426	0,000	0,000
5,000	-12,326	-12,299	-12,448	-12,476	-12,467	-12,438	-12,429	-12,432	-12,397	-12,402	-12,360	-12,275	-12,134	-11,889	-11,578	-0,010	-0,164	-0,113	-0,010	0,021	0,043	0,081	0,109	0,149	0,198	0,288	0,392	0,481	0,546	0,441	0,000	0,000
6,000	-8,578	-8,548	-8,449	-8,301	-8,201	-8,140	-8,111	-8,083	-8,043	-8,017	-7,976	-7,919	-7,840	-7,713	-7,557	-0,020	0,156	0,183	0,239	0,231	0,205	0,205	0,191	0,197	0,201	0,229	0,264	0,286	0,302	0,231	0,000	0,000
7,000	-6,942	-6,776	-6,717	-6,613	-6,556	-6,521	-6,498	-6,482	-6,470	-6,463	-6,452	-6,431	-6,413	-6,373	-6,341	0,276	0,220	0,209	0,187	0,154	0,118	0,111	0,098	0,088	0,072	0,074	0,079	0,080	0,082	0,058	0,000	0,000
8,000	-19,424	-19,478	-19,429	-19,499	-19,485	-19,527	-19,568	-19,588	-19,613	-19,663	-19,678	-19,704	-19,725	-19,710	-19,684	-0,078	0,003	-0,029	-0,070	-0,070	-0,103	-0,111	-0,114	-0,105	-0,103	-0,078	-0,044	-0,025	0,011	0,013	0,000	0,000
9,000	-9,695	-9,613	-9,546	-9,350	-9,203	-9,082	-9,016	-8,961	-8,907	-8,870	-8,824	-8,778	-8,720	-8,626	-8,534	0,126	0,193	0,257	0,357	0,360	0,331	0,308	0,275	0,253	0,226	0,228	0,229	0,229	0,219	0,158	0,000	0,000
10,000	-9,429	-9,397	-9,263	-9,128	-9,037	-8,996	-8,974	-8,959	-8,927	-8,926	-8,903	-8,876	-8,830	-8,754	-8,675	0,038	0,204	0,209	0,221	0,181	0,157	0,141	0,131	0,118	0,116	0,129	0,142	0,163	0,161	0,127	0,000	0,000
11,000	-9,863	-9,765	-9,739	-9,611	-9,529	-9,479	-9,447	-9,432	-9,399	-9,384	-9,354	-9,315	-9,262	-9,176	-9,086	0,065	0,112	0,146	0,190	0,183	0,153	0,153	0,142	0,144	0,144	0,158	0,176	0,189	0,193	0,145	0,000	0,000
12,000	-15,274	-15,341	-15,289	-15,260	-15,204	-15,191	-15,184	-15,181	-15,171	-15,178	-15,160	-15,129	-15,084	-14,988	-14,874	-0,216	-0,044	0,004	0,061	0,062	0,050	0,051	0,056	0,066	0,077	0,113	0,138	0,176	0,202	0,161	0,000	0,000
13,000	-8,496	-8,586	-8,527	-8,572	-8,547	-8,536	-8,526	-8,506	-8,480	-8,451	-8,402	-8,337	-8,242	-8,088	-7,899	-0,149	-0,044	-0,028	0,017	0,049	0,080	0,102	0,123	0,151	0,186	0,233	0,282	0,330	0,346	0,281	0,000	0,000
14,000	-11,994	-11,887	-11,959	-11,895	-11,878	-11,858	-11,831	-11,833	-11,822	-11,820	-11,795	-11,762	-11,683	-11,539	-11,346	-0,094	-0,095	-0,022	0,047	0,058	0,062	0,066	0,077	0,086	0,114	0,169	0,211	0,288	0,327	0,270	0,000	0,000
15,000	-9,036	-9,139	-9,071	-9,057	-9,022	-9,022	-9,011	-8,992	-8,977	-8,966	-8,943	-8,912	-8,865	-8,792	-8,702	-0,160	0,010	-0,005	0,054	0,052	0,060	0,064	0,082	0,082	0,097	0,121	0,135	0,158	0,170	0,138	0,000	0,000
	run	25	2022:11:08    11:31:26,998
0,000	-12,927	-12,987	-13,003	-13,079	-13,105	-13,115	-13,126	-13,133	-13,126	-13,134	-13,125	-13,096	-13,051	-12,957	-12,846	-0,151	-0,118	-0,123	-0,089	-0,066	-0,046	-0,019	-0,011	0,021	0,041	0,080	0,124	0,167	0,190	0,157	0,000	0,000
1,000	-16,503	-16,514	-16,426	-16,236	-16,077	-15,968	-15,902	-15,849	-15,795	-15,755	-15,707	-15,659	-15,599	-15,507	-15,395	0,047	0,182	0,244	0,348	0,358	0,321	0,303	0,275	0,257	0,239	0,233	0,238	0,235	0,236	0,175	0,000	0,000
2,000	-10,324	-10,311	-10,267	-10,122	-10,013	-9,940	-9,890	-9,851	-9,802	-9,764	-9,702	-9,630	-9,524	-9,373	-9,203	0,069	0,144	0,192	0,262	0,265	0,245	0,254	0,245	0,253	0,262	0,291	0,324	0,349	0,354	0,268	0,000	0,000
3,000	-20,546	-20,489	-20,410	-20,079	-19,860	-19,724	-19,640	-19,590	-19,536	-19,529	-19,488	-19,450	-19,395	-19,282	-19,160	0,146	0,310	0,391	0,508	0,477	0,396	0,344	0,297	0,261	0,216	0,211	0,231	0,241	0,253	0,195	0,000	0,000
4,000	-11,028	-11,090	-10,983	-10,991	-10,965	-10,965	-10,964	-10,962	-10,954	-10,932	-10,889	-10,818	-10,674	-10,448	-10,155	-0,193	0,003	-0,009	0,047	0,048	0,060	0,085	0,097	0,137	0,203	0,283	0,377	0,470	0,527	0,435	0,000	0,000
5,000	-12,609	-12,573	-12,738	-12,761	-12,744	-12,729	-12,719	-12,714	-12,684	-12,684	-12,640	-12,551	-12,418	-12,160	-11,834	-0,026	-0,165	-0,124	-0,016	0,026	0,039	0,078	0,114	0,157	0,195	0,293	0,401	0,503	0,560	0,457	0,000	0,000
6,000	-8,849	-8,810	-8,683	-8,540	-8,435	-8,378	-8,349	-8,319	-8,283	-8,259	-8,211	-8,152	-8,066	-7,924	-7,766	0,014	0,174	0,192	0,241	0,238	0,204	0,205	0,194	0,199	0,211	0,239	0,276	0,305	0,323	0,247	0,000	0,000
7,000	-7,069	-6,888	-6,833	-6,694	-6,626	-6,582	-6,566	-6,550	-6,531	-6,523	-6,515	-6,501	-6,481	-6,450	-6,411	0,299	0,241	0,236	0,217	0,172	0,131	0,118	0,099	0,092	0,078	0,075	0,076	0,080	0,075	0,058	0,000	0,000
8,000	-20,100	-20,178	-20,117	-20,219	-20,211	-20,271	-20,304	-20,330	-20,351	-20,402	-20,422	-20,450	-20,469	-20,444	-20,423	-0,085	-0,013	-0,064	-0,089	-0,108	-0,122	-0,118	-0,122	-0,112	-0,105	-0,082	-0,045	-0,026	0,013	0,015	0,000	0,000
9,000	-9,643	-9,551	-9,455	-9,235	-9,084	-8,964	-8,897	-8,849	-8,791	-8,752	-8,708	-8,663	-8,603	-8,514	-8,409	0,145	0,222	0,293	0,382	0,379	0,334	0,311	0,279	0,256	0,233	0,232	0,227	0,225	0,219	0,164	0,000	0,000
10,000	-9,448	-9,408	-9,269	-9,124	-9,029	-8,994	-8,964	-8,947	-8,919	-8,917	-8,893	-8,866	-8,816	-8,743	-8,661	0,043	0,217	0,212	0,227	0,190	0,166	0,147	0,128	0,122	0,121	0,133	0,138	0,165	0,168	0,132	0,000	0,000
11,000	-9,764	-9,665	-9,633	-9,500	-9,421	-9,371	-9,341	-9,319	-9,294	-9,278	-9,245	-9,205	-9,157	-9,070	-8,974	0,069	0,127	0,152	0,199	0,187	0,154	0,153	0,141	0,146	0,140	0,159	0,175	0,189	0,192	0,146	0,000	0,000
12,000	-15,370	-15,437	-15,382	-15,349	-15,302	-15,286	-15,280	-15,271	-15,257	-15,266	-15,256	-15,226	-15,177	-15,084	-14,979	-0,227	-0,044	0,000	0,054	0,062	0,050	0,051	0,058	0,064	0,069	0,099	0,133	0,172	0,198	0,158	0,000	0,000
13,000	-8,406	-8,504	-8,447	-8,486	-8,465	-8,460	-8,446	-8,423	-8,401	-8,367	-8,316	-8,255	-8,161	-8,012	-7,826	-0,136	-0,052	-0,027	0,011	0,048	0,079	0,103	0,121	0,153	0,178	0,233	0,274	0,322	0,341	0,275	0,000	0,000
14,000	-11,773	-11,652	-11,721	-11,670	-11,663	-11,633	-11,615	-11,622	-11,608	-11,600	-11,586	-11,550	-11,472	-11,326	-11,141	-0,107	-0,099	-0,033	0,034	0,047	0,052	0,071	0,063	0,085	0,116	0,158	0,212	0,281	0,327	0,268	0,000	0,000
15,000	-8,759	-8,853	-8,787	-8,780	-8,744	-8,743	-8,736	-8,715	-8,698	-8,690	-8,670	-8,636	-8,590	-8,523	-8,435	-0,171	0,008	-0,010	0,042	0,052	0,053	0,065	0,081	0,080	0,093	0,115	0,132	0,153	0,164	0,131	0,000	0,000
	run	26	2022:11:08    11:31:27,097
0,000	-12,720	-12,777	-12,805	-12,876	-12,895	-12,908	-12,920	-12,925	-12,922	-12,926	-12,921	-12,890	-12,840	-12,752	-12,646	-0,142	-0,127	-0,113	-0,078	-0,062	-0,041	-0,020	-0,007	0,016	0,042	0,076	0,124	0,163	0,185	0,153	0,000	0,000
1,000	-16,454	-16,459	-16,386	-16,204	-16,048	-15,933	-15,883	-15,826	-15,772	-15,735	-15,683	-15,638	-15,576	-15,481	-15,375	0,025	0,176	0,227	0,328	0,352	0,314	0,293	0,271	0,251	0,234	0,234	0,230	0,230	0,230	0,173	0,000	0,000
2,000	-10,286	-10,278	-10,232	-10,100	-9,985	-9,908	-9,862	-9,827	-9,778	-9,737	-9,673	-9,600	-9,501	-9,355	-9,187	0,071	0,133	0,185	0,264	0,266	0,245	0,251	0,239	0,251	0,264	0,286	0,317	0,340	0,343	0,262	0,000	0,000
3,000	-20,410	-20,389	-20,314	-19,991	-19,786	-19,644	-19,566	-19,507	-19,454	-19,446	-19,401	-19,369	-19,312	-19,205	-19,081	0,123	0,283	0,369	0,494	0,468	0,392	0,343	0,288	0,260	0,215	0,211	0,224	0,240	0,244	0,190	0,000	0,000
4,000	-10,886	-10,942	-10,853	-10,836	-10,810	-10,803	-10,804	-10,805	-10,801	-10,776	-10,738	-10,665	-10,521	-10,312	-10,022	-0,194	0,015	0,002	0,050	0,055	0,066	0,085	0,099	0,137	0,196	0,277	0,366	0,457	0,506	0,421	0,000	0,000
5,000	-12,373	-12,326	-12,484	-12,512	-12,504	-12,491	-12,473	-12,472	-12,436	-12,437	-12,391	-12,304	-12,170	-11,911	-11,599	-0,011	-0,167	-0,124	-0,011	0,024	0,039	0,083	0,110	0,155	0,199	0,298	0,389	0,492	0,554	0,448	0,000	0,000
6,000	-8,744	-8,711	-8,611	-8,470	-8,365	-8,307	-8,275	-8,249	-8,213	-8,184	-8,138	-8,080	-7,996	-7,862	-7,692	-0,023	0,156	0,186	0,238	0,230	0,210	0,204	0,193	0,199	0,209	0,239	0,271	0,299	0,319	0,248	0,000	0,000
7,000	-7,193	-7,023	-6,950	-6,812	-6,743	-6,706	-6,680	-6,668	-6,649	-6,639	-6,627	-6,609	-6,589	-6,552	-6,508	0,300	0,265	0,253	0,220	0,173	0,137	0,124	0,107	0,096	0,082	0,088	0,087	0,085	0,087	0,065	0,000	0,000
8,000	-20,120	-20,198	-20,154	-20,262	-20,252	-20,300	-20,330	-20,362	-20,386	-20,441	-20,461	-20,491	-20,505	-20,489	-20,465	-0,078	-0,039	-0,080	-0,113	-0,103	-0,128	-0,130	-0,127	-0,118	-0,112	-0,080	-0,048	-0,037	0,007	0,016	0,000	0,000
9,000	-9,858	-9,742	-9,638	-9,388	-9,240	-9,111	-9,040	-8,991	-8,940	-8,900	-8,852	-8,803	-8,741	-8,651	-8,546	0,167	0,259	0,332	0,404	0,390	0,348	0,327	0,287	0,260	0,239	0,233	0,231	0,234	0,225	0,164	0,000	0,000
10,000	-9,637	-9,584	-9,446	-9,283	-9,186	-9,145	-9,112	-9,095	-9,074	-9,071	-9,047	-9,012	-8,963	-8,886	-8,805	0,058	0,231	0,229	0,245	0,203	0,173	0,155	0,143	0,127	0,126	0,135	0,149	0,170	0,174	0,131	0,000	0,000
11,000	-9,898	-9,802	-9,757	-9,621	-9,545	-9,484	-9,455	-9,434	-9,405	-9,388	-9,354	-9,317	-9,265	-9,176	-9,078	0,080	0,131	0,165	0,208	0,193	0,166	0,158	0,149	0,150	0,147	0,166	0,180	0,194	0,199	0,150	0,000	0,000
12,000	-15,412	-15,476	-15,431	-15,405	-15,353	-15,341	-15,335	-15,332	-15,318	-15,333	-15,311	-15,282	-15,240	-15,143	-15,031	-0,225	-0,052	-0,015	0,052	0,054	0,044	0,050	0,053	0,063	0,071	0,096	0,136	0,174	0,198	0,158	0,000	0,000
13,000	-8,415	-8,513	-8,459	-8,495	-8,474	-8,461	-8,453	-8,427	-8,405	-8,372	-8,324	-8,259	-8,162	-8,015	-7,835	-0,135	-0,038	-0,029	0,017	0,052	0,083	0,099	0,125	0,147	0,188	0,232	0,276	0,322	0,341	0,272	0,000	0,000
14,000	-11,574	-11,467	-11,529	-11,475	-11,466	-11,442	-11,419	-11,413	-11,411	-11,413	-11,395	-11,352	-11,272	-11,130	-10,949	-0,086	-0,103	-0,031	0,038	0,051	0,058	0,062	0,067	0,086	0,119	0,160	0,204	0,285	0,311	0,257	0,000	0,000
15,000	-8,762	-8,868	-8,797	-8,795	-8,759	-8,759	-8,750	-8,734	-8,715	-8,704	-8,687	-8,651	-8,608	-8,540	-8,454	-0,176	-0,000	-0,006	0,048	0,047	0,055	0,062	0,081	0,078	0,091	0,112	0,127	0,151	0,163	0,130	0,000	0,000
