Device: PM2003001		2022:11:08    10:59:28,680  (DLL version: 1.20;  Status: HW:v1.02 SW:v1.3 CRC:31ED BATTERY:4154mV ST:0 ERR:0000;  MUX data; S: 92 I:143 R:200.000 C:1.094p F:)
Excitation level, V:	2,00
Voltage Channel Gain:	5
Current Channel Gain:	1
Voltmeter Range, V:	0,6
Ampermeter Range, A:	15,0m
Step Period, ms:	5
R transimp:	200
C transimp:	1,1p
Measurement Table: 	EEPROM  16

Freq, Hz	1,0k	2,0k	3,0k	7,0k	11,0k	17,0k	23,0k	31,0k	43,0k	61,0k	89,0k	127,0k	179,0k	251,0k	349,0k	1,0k	2,0k	3,0k	7,0k	11,0k	17,0k	23,0k	31,0k	43,0k	61,0k	89,0k	127,0k	179,0k	251,0k	349,0k
	run	1	2022:11:08    10:59:28,683
MUX	Re1, ohm	Re2, ohm	Re3, ohm	Re4, ohm	Re5, ohm	Re6, ohm	Re7, ohm	Re8, ohm	Re9, ohm	Re10, ohm	Re11, ohm	Re12, ohm	Re13, ohm	Re14, ohm	Re15, ohm	Im1, ohm	Im2, ohm	Im3, ohm	Im4, ohm	Im5, ohm	Im6, ohm	Im7, ohm	Im8, ohm	Im9, ohm	Im10, ohm	Im11, ohm	Im12, ohm	Im13, ohm	Im14, ohm	Im15, ohm	U, V	I, mA

0,000	-14,007	-14,238	-14,269	-14,405	-14,426	-14,459	-14,467	-14,473	-14,475	-14,489	-14,481	-14,460	-14,420	-14,339	-14,249	-0,650	-0,431	-0,343	-0,201	-0,146	-0,094	-0,067	-0,044	-0,012	0,011	0,052	0,094	0,138	0,162	0,131	0,000	0,000
1,000	-17,716	-17,406	-17,206	-16,877	-16,711	-16,590	-16,531	-16,481	-16,436	-16,411	-16,371	-16,343	-16,309	-16,264	-16,214	0,424	0,554	0,559	0,500	0,447	0,366	0,321	0,272	0,236	0,196	0,178	0,159	0,142	0,127	0,090	0,000	0,000
2,000	-7,147	-5,882	-5,457	-4,906	-4,708	-4,569	-4,488	-4,436	-4,380	-4,337	-4,283	-4,232	-4,174	-4,091	-3,991	3,447	2,356	1,840	1,105	0,840	0,641	0,534	0,445	0,377	0,323	0,283	0,263	0,249	0,234	0,166	0,000	0,000
3,000	-9,348	-7,878	-7,381	-6,738	-6,495	-6,353	-6,277	-6,225	-6,184	-6,170	-6,144	-6,120	-6,090	-6,044	-5,993	5,804	3,596	2,665	1,513	1,094	0,784	0,621	0,490	0,375	0,290	0,230	0,191	0,165	0,147	0,103	0,000	0,000
4,000	-6,140	-5,829	-5,612	-5,551	-5,504	-5,521	-5,525	-5,522	-5,521	-5,525	-5,511	-5,468	-5,393	-5,244	-5,063	1,655	1,096	0,730	0,338	0,215	0,154	0,127	0,108	0,104	0,132	0,173	0,221	0,284	0,320	0,264	0,000	0,000
5,000	-11,982	-11,823	-11,969	-11,969	-11,975	-11,944	-11,927	-11,929	-11,903	-11,893	-11,857	-11,776	-11,655	-11,427	-11,147	0,271	-0,035	-0,014	0,030	0,048	0,052	0,093	0,116	0,148	0,200	0,270	0,352	0,442	0,495	0,402	0,000	0,000
6,000	-8,698	-8,708	-8,625	-8,498	-8,388	-8,338	-8,307	-8,275	-8,237	-8,220	-8,169	-8,105	-8,019	-7,870	-7,695	-0,091	0,104	0,146	0,217	0,219	0,196	0,200	0,191	0,198	0,209	0,247	0,285	0,319	0,339	0,262	0,000	0,000
7,000	-6,848	-6,794	-6,791	-6,713	-6,670	-6,637	-6,626	-6,617	-6,591	-6,591	-6,575	-6,557	-6,529	-6,473	-6,419	0,076	0,050	0,080	0,116	0,102	0,077	0,078	0,077	0,076	0,072	0,080	0,101	0,105	0,115	0,092	0,000	0,000
8,000	-19,337	-19,497	-19,495	-19,567	-19,553	-19,594	-19,628	-19,662	-19,686	-19,734	-19,750	-19,768	-19,771	-19,724	-19,664	-0,220	-0,139	-0,132	-0,099	-0,093	-0,118	-0,117	-0,115	-0,104	-0,090	-0,049	-0,006	0,025	0,073	0,063	0,000	0,000
9,000	-9,256	-9,244	-9,209	-9,073	-8,947	-8,837	-8,771	-8,725	-8,668	-8,634	-8,575	-8,518	-8,433	-8,315	-8,174	0,038	0,081	0,167	0,280	0,307	0,298	0,290	0,265	0,258	0,251	0,262	0,281	0,293	0,292	0,219	0,000	0,000
10,000	-9,403	-9,418	-9,285	-9,151	-9,061	-9,022	-8,992	-8,982	-8,957	-8,958	-8,937	-8,903	-8,848	-8,757	-8,647	-0,018	0,173	0,178	0,209	0,185	0,154	0,139	0,127	0,116	0,124	0,144	0,159	0,197	0,208	0,168	0,000	0,000
11,000	-9,926	-9,817	-9,771	-9,645	-9,564	-9,510	-9,479	-9,458	-9,422	-9,409	-9,370	-9,328	-9,262	-9,159	-9,033	0,151	0,163	0,186	0,210	0,199	0,175	0,165	0,157	0,159	0,164	0,187	0,208	0,233	0,241	0,184	0,000	0,000
12,000	-14,101	-14,161	-14,061	-14,026	-13,963	-13,947	-13,936	-13,923	-13,908	-13,917	-13,883	-13,853	-13,794	-13,679	-13,541	0,001	0,103	0,098	0,110	0,103	0,085	0,089	0,091	0,096	0,100	0,136	0,188	0,223	0,251	0,201	0,000	0,000
13,000	-8,431	-8,335	-8,397	-8,375	-8,371	-8,350	-8,333	-8,329	-8,291	-8,263	-8,210	-8,141	-8,032	-7,866	-7,654	0,070	0,021	0,014	0,039	0,064	0,079	0,106	0,129	0,164	0,201	0,253	0,310	0,368	0,391	0,312	0,000	0,000
14,000	-11,963	-11,896	-11,933	-11,888	-11,874	-11,843	-11,823	-11,821	-11,808	-11,799	-11,779	-11,734	-11,654	-11,514	-11,303	-0,057	-0,046	-0,000	0,053	0,061	0,071	0,077	0,076	0,104	0,122	0,173	0,227	0,297	0,339	0,286	0,000	0,000
15,000	-9,365	-9,528	-9,434	-9,453	-9,416	-9,409	-9,400	-9,391	-9,374	-9,373	-9,346	-9,319	-9,272	-9,203	-9,112	-0,359	-0,073	-0,067	0,007	0,026	0,051	0,055	0,065	0,070	0,091	0,105	0,127	0,153	0,160	0,129	0,000	0,000
	run	2	2022:11:08    10:59:28,731
0,000	-14,090	-14,301	-14,346	-14,481	-14,512	-14,534	-14,537	-14,552	-14,551	-14,557	-14,558	-14,531	-14,490	-14,413	-14,315	-0,651	-0,429	-0,348	-0,198	-0,144	-0,097	-0,068	-0,044	-0,015	0,017	0,054	0,100	0,137	0,165	0,134	0,000	0,000
1,000	-17,836	-17,525	-17,301	-16,960	-16,792	-16,677	-16,617	-16,565	-16,516	-16,493	-16,453	-16,430	-16,398	-16,348	-16,301	0,434	0,566	0,562	0,512	0,448	0,369	0,323	0,271	0,235	0,197	0,178	0,159	0,136	0,128	0,089	0,000	0,000
2,000	-7,147	-5,882	-5,457	-4,906	-4,708	-4,569	-4,488	-4,436	-4,380	-4,337	-4,283	-4,232	-4,174	-4,091	-3,991	3,447	2,356	1,840	1,105	0,840	0,641	0,534	0,445	0,377	0,323	0,283	0,263	0,249	0,234	0,166	0,000	0,000
3,000	-9,348	-7,878	-7,381	-6,738	-6,495	-6,353	-6,277	-6,225	-6,184	-6,170	-6,144	-6,120	-6,090	-6,044	-5,993	5,804	3,596	2,665	1,513	1,094	0,784	0,621	0,490	0,375	0,290	0,230	0,191	0,165	0,147	0,103	0,000	0,000
4,000	-6,140	-5,829	-5,612	-5,551	-5,504	-5,521	-5,525	-5,522	-5,521	-5,525	-5,511	-5,468	-5,393	-5,244	-5,063	1,655	1,096	0,730	0,338	0,215	0,154	0,127	0,108	0,104	0,132	0,173	0,221	0,284	0,320	0,264	0,000	0,000
5,000	-11,982	-11,823	-11,969	-11,969	-11,975	-11,944	-11,927	-11,929	-11,903	-11,893	-11,857	-11,776	-11,655	-11,427	-11,147	0,271	-0,035	-0,014	0,030	0,048	0,052	0,093	0,116	0,148	0,200	0,270	0,352	0,442	0,495	0,402	0,000	0,000
6,000	-8,698	-8,708	-8,625	-8,498	-8,388	-8,338	-8,307	-8,275	-8,237	-8,220	-8,169	-8,105	-8,019	-7,870	-7,695	-0,091	0,104	0,146	0,217	0,219	0,196	0,200	0,191	0,198	0,209	0,247	0,285	0,319	0,339	0,262	0,000	0,000
7,000	-6,848	-6,794	-6,791	-6,713	-6,670	-6,637	-6,626	-6,617	-6,591	-6,591	-6,575	-6,557	-6,529	-6,473	-6,419	0,076	0,050	0,080	0,116	0,102	0,077	0,078	0,077	0,076	0,072	0,080	0,101	0,105	0,115	0,092	0,000	0,000
8,000	-19,574	-19,762	-19,761	-19,858	-19,840	-19,891	-19,921	-19,956	-19,984	-20,038	-20,056	-20,066	-20,072	-20,033	-19,973	-0,254	-0,150	-0,144	-0,119	-0,113	-0,129	-0,125	-0,125	-0,114	-0,093	-0,053	-0,009	0,018	0,060	0,065	0,000	0,000
9,000	-9,510	-9,461	-9,414	-9,256	-9,123	-9,011	-8,949	-8,896	-8,839	-8,800	-8,745	-8,682	-8,604	-8,476	-8,332	0,044	0,129	0,195	0,308	0,334	0,309	0,294	0,272	0,263	0,253	0,266	0,286	0,293	0,295	0,218	0,000	0,000
10,000	-9,376	-9,372	-9,240	-9,106	-9,009	-8,973	-8,948	-8,933	-8,915	-8,909	-8,895	-8,856	-8,802	-8,707	-8,602	-0,025	0,184	0,187	0,210	0,180	0,155	0,132	0,126	0,112	0,122	0,143	0,164	0,192	0,204	0,168	0,000	0,000
11,000	-9,896	-9,779	-9,748	-9,605	-9,521	-9,464	-9,439	-9,412	-9,386	-9,365	-9,319	-9,282	-9,212	-9,110	-8,984	0,156	0,172	0,192	0,217	0,207	0,174	0,169	0,161	0,162	0,164	0,185	0,213	0,234	0,246	0,190	0,000	0,000
12,000	-14,250	-14,300	-14,211	-14,166	-14,104	-14,090	-14,082	-14,070	-14,053	-14,063	-14,035	-13,990	-13,936	-13,823	-13,677	0,016	0,106	0,112	0,113	0,102	0,094	0,087	0,090	0,098	0,109	0,136	0,185	0,228	0,253	0,206	0,000	0,000
13,000	-8,461	-8,390	-8,425	-8,425	-8,414	-8,395	-8,385	-8,373	-8,343	-8,308	-8,265	-8,193	-8,082	-7,922	-7,714	0,050	0,012	0,007	0,044	0,062	0,077	0,106	0,128	0,157	0,203	0,251	0,304	0,359	0,385	0,308	0,000	0,000
14,000	-12,020	-11,930	-11,997	-11,931	-11,915	-11,897	-11,872	-11,869	-11,859	-11,852	-11,824	-11,783	-11,697	-11,560	-11,351	-0,030	-0,058	0,004	0,058	0,069	0,071	0,081	0,082	0,101	0,130	0,180	0,227	0,301	0,344	0,283	0,000	0,000
15,000	-9,363	-9,538	-9,444	-9,470	-9,426	-9,423	-9,416	-9,397	-9,382	-9,382	-9,361	-9,329	-9,284	-9,209	-9,131	-0,353	-0,082	-0,069	0,015	0,030	0,046	0,054	0,066	0,066	0,090	0,111	0,124	0,151	0,162	0,130	0,000	0,000
	run	3	2022:11:08    10:59:28,830
0,000	-13,832	-14,045	-14,095	-14,230	-14,253	-14,273	-14,284	-14,292	-14,293	-14,307	-14,294	-14,276	-14,237	-14,157	-14,062	-0,640	-0,415	-0,333	-0,189	-0,143	-0,090	-0,064	-0,039	-0,013	0,014	0,052	0,091	0,132	0,158	0,127	0,000	0,000
1,000	-17,705	-17,408	-17,189	-16,862	-16,688	-16,576	-16,512	-16,468	-16,419	-16,391	-16,353	-16,329	-16,295	-16,257	-16,205	0,433	0,577	0,564	0,502	0,447	0,363	0,326	0,268	0,233	0,194	0,171	0,152	0,134	0,118	0,086	0,000	0,000
2,000	-7,157	-5,878	-5,447	-4,882	-4,679	-4,545	-4,471	-4,410	-4,359	-4,312	-4,260	-4,217	-4,150	-4,065	-3,967	3,464	2,366	1,844	1,115	0,847	0,645	0,542	0,451	0,377	0,326	0,283	0,268	0,253	0,230	0,166	0,000	0,000
3,000	-9,190	-7,771	-7,268	-6,654	-6,408	-6,272	-6,196	-6,140	-6,096	-6,079	-6,059	-6,035	-6,002	-5,955	-5,909	5,759	3,559	2,635	1,493	1,086	0,780	0,618	0,490	0,375	0,289	0,226	0,190	0,164	0,143	0,097	0,000	0,000
4,000	-6,049	-5,758	-5,534	-5,473	-5,425	-5,438	-5,448	-5,446	-5,445	-5,451	-5,435	-5,395	-5,312	-5,178	-5,000	1,635	1,084	0,726	0,340	0,215	0,154	0,121	0,108	0,104	0,130	0,171	0,222	0,281	0,315	0,259	0,000	0,000
5,000	-11,988	-11,821	-11,971	-11,974	-11,978	-11,959	-11,937	-11,937	-11,902	-11,897	-11,859	-11,774	-11,648	-11,426	-11,135	0,249	-0,034	-0,018	0,031	0,047	0,059	0,089	0,115	0,160	0,196	0,275	0,364	0,452	0,504	0,404	0,000	0,000
6,000	-8,724	-8,741	-8,648	-8,521	-8,413	-8,360	-8,329	-8,301	-8,258	-8,243	-8,191	-8,129	-8,041	-7,889	-7,713	-0,078	0,100	0,150	0,220	0,216	0,190	0,196	0,190	0,200	0,210	0,259	0,290	0,324	0,343	0,267	0,000	0,000
7,000	-6,935	-6,842	-6,864	-6,764	-6,715	-6,693	-6,671	-6,669	-6,648	-6,646	-6,634	-6,608	-6,585	-6,530	-6,479	0,082	0,063	0,106	0,128	0,117	0,083	0,088	0,075	0,075	0,069	0,081	0,094	0,107	0,108	0,082	0,000	0,000
8,000	-19,832	-19,976	-20,017	-20,116	-20,104	-20,150	-20,190	-20,226	-20,245	-20,301	-20,320	-20,330	-20,340	-20,300	-20,243	-0,209	-0,165	-0,155	-0,141	-0,119	-0,141	-0,133	-0,132	-0,115	-0,096	-0,058	-0,013	0,022	0,066	0,059	0,000	0,000
9,000	-9,591	-9,556	-9,485	-9,314	-9,180	-9,061	-9,002	-8,951	-8,892	-8,854	-8,798	-8,736	-8,656	-8,528	-8,383	0,053	0,129	0,211	0,331	0,340	0,320	0,304	0,275	0,273	0,262	0,279	0,292	0,300	0,310	0,228	0,000	0,000
10,000	-9,601	-9,595	-9,449	-9,284	-9,185	-9,139	-9,122	-9,101	-9,083	-9,088	-9,054	-9,017	-8,965	-8,867	-8,755	-0,022	0,206	0,215	0,243	0,200	0,169	0,151	0,138	0,122	0,128	0,148	0,171	0,204	0,215	0,175	0,000	0,000
11,000	-10,029	-9,910	-9,880	-9,726	-9,644	-9,589	-9,551	-9,534	-9,500	-9,483	-9,446	-9,402	-9,332	-9,227	-9,101	0,177	0,187	0,201	0,229	0,216	0,177	0,174	0,164	0,164	0,172	0,188	0,216	0,236	0,247	0,191	0,000	0,000
12,000	-14,283	-14,360	-14,247	-14,215	-14,151	-14,134	-14,125	-14,110	-14,100	-14,104	-14,069	-14,037	-13,978	-13,859	-13,718	-0,014	0,112	0,102	0,112	0,103	0,087	0,089	0,090	0,095	0,106	0,144	0,185	0,227	0,257	0,203	0,000	0,000
13,000	-8,364	-8,344	-8,357	-8,358	-8,351	-8,337	-8,325	-8,308	-8,280	-8,246	-8,197	-8,122	-8,024	-7,854	-7,642	0,019	0,009	0,009	0,035	0,062	0,085	0,111	0,128	0,162	0,204	0,255	0,309	0,366	0,388	0,309	0,000	0,000
14,000	-11,615	-11,481	-11,556	-11,500	-11,500	-11,467	-11,436	-11,442	-11,435	-11,420	-11,402	-11,369	-11,283	-11,145	-10,943	0,027	-0,062	0,017	0,060	0,067	0,063	0,071	0,083	0,102	0,120	0,166	0,225	0,289	0,326	0,267	0,000	0,000
15,000	-9,179	-9,360	-9,272	-9,290	-9,252	-9,252	-9,242	-9,228	-9,212	-9,209	-9,187	-9,160	-9,107	-9,040	-8,959	-0,357	-0,076	-0,074	0,008	0,027	0,049	0,058	0,067	0,070	0,086	0,106	0,120	0,149	0,161	0,128	0,000	0,000
	run	4	2022:11:08    10:59:28,883
0,000	-13,832	-14,045	-14,095	-14,230	-14,253	-14,273	-14,284	-14,292	-14,293	-14,307	-14,294	-14,276	-14,237	-14,157	-14,062	-0,640	-0,415	-0,333	-0,189	-0,143	-0,090	-0,064	-0,039	-0,013	0,014	0,052	0,091	0,132	0,158	0,127	0,000	0,000
1,000	-17,705	-17,408	-17,189	-16,862	-16,688	-16,576	-16,512	-16,468	-16,419	-16,391	-16,353	-16,329	-16,295	-16,257	-16,205	0,433	0,577	0,564	0,502	0,447	0,363	0,326	0,268	0,233	0,194	0,171	0,152	0,134	0,118	0,086	0,000	0,000
2,000	-7,157	-5,878	-5,447	-4,882	-4,679	-4,545	-4,471	-4,410	-4,359	-4,312	-4,260	-4,217	-4,150	-4,065	-3,967	3,464	2,366	1,844	1,115	0,847	0,645	0,542	0,451	0,377	0,326	0,283	0,268	0,253	0,230	0,166	0,000	0,000
3,000	-9,190	-7,771	-7,268	-6,654	-6,408	-6,272	-6,196	-6,140	-6,096	-6,079	-6,059	-6,035	-6,002	-5,955	-5,909	5,759	3,559	2,635	1,493	1,086	0,780	0,618	0,490	0,375	0,289	0,226	0,190	0,164	0,143	0,097	0,000	0,000
4,000	-6,049	-5,758	-5,534	-5,473	-5,425	-5,438	-5,448	-5,446	-5,445	-5,451	-5,435	-5,395	-5,312	-5,178	-5,000	1,635	1,084	0,726	0,340	0,215	0,154	0,121	0,108	0,104	0,130	0,171	0,222	0,281	0,315	0,259	0,000	0,000
5,000	-11,988	-11,821	-11,971	-11,974	-11,978	-11,959	-11,937	-11,937	-11,902	-11,897	-11,859	-11,774	-11,648	-11,426	-11,135	0,249	-0,034	-0,018	0,031	0,047	0,059	0,089	0,115	0,160	0,196	0,275	0,364	0,452	0,504	0,404	0,000	0,000
6,000	-8,895	-8,904	-8,806	-8,672	-8,569	-8,511	-8,485	-8,447	-8,413	-8,394	-8,343	-8,274	-8,184	-8,035	-7,858	-0,084	0,116	0,146	0,225	0,223	0,203	0,202	0,194	0,207	0,218	0,246	0,295	0,328	0,346	0,271	0,000	0,000
7,000	-7,009	-6,945	-6,948	-6,870	-6,810	-6,781	-6,763	-6,754	-6,738	-6,732	-6,714	-6,697	-6,665	-6,610	-6,550	0,071	0,060	0,101	0,129	0,111	0,088	0,080	0,082	0,079	0,076	0,087	0,099	0,115	0,120	0,089	0,000	0,000
8,000	-20,009	-20,158	-20,178	-20,276	-20,264	-20,316	-20,347	-20,377	-20,405	-20,454	-20,475	-20,492	-20,488	-20,445	-20,380	-0,216	-0,166	-0,153	-0,132	-0,111	-0,138	-0,126	-0,122	-0,113	-0,090	-0,041	-0,004	0,024	0,070	0,069	0,000	0,000
9,000	-9,685	-9,638	-9,577	-9,399	-9,261	-9,150	-9,084	-9,035	-8,974	-8,934	-8,880	-8,816	-8,726	-8,604	-8,451	0,068	0,137	0,205	0,327	0,348	0,324	0,308	0,279	0,272	0,266	0,281	0,296	0,307	0,311	0,229	0,000	0,000
10,000	-9,732	-9,709	-9,557	-9,378	-9,277	-9,237	-9,207	-9,194	-9,175	-9,174	-9,142	-9,116	-9,054	-8,963	-8,847	0,009	0,235	0,243	0,254	0,214	0,177	0,155	0,139	0,124	0,129	0,147	0,177	0,206	0,221	0,176	0,000	0,000
11,000	-10,135	-9,997	-9,955	-9,801	-9,711	-9,653	-9,620	-9,600	-9,566	-9,552	-9,511	-9,463	-9,395	-9,290	-9,156	0,182	0,198	0,215	0,233	0,222	0,185	0,177	0,171	0,166	0,176	0,194	0,220	0,245	0,253	0,193	0,000	0,000
12,000	-14,264	-14,334	-14,222	-14,190	-14,129	-14,106	-14,105	-14,091	-14,074	-14,086	-14,052	-14,016	-13,959	-13,841	-13,700	-0,003	0,100	0,098	0,112	0,105	0,088	0,089	0,093	0,091	0,108	0,136	0,183	0,232	0,256	0,203	0,000	0,000
13,000	-8,315	-8,307	-8,311	-8,312	-8,303	-8,292	-8,276	-8,263	-8,239	-8,209	-8,151	-8,078	-7,971	-7,805	-7,596	0,026	0,007	0,019	0,039	0,059	0,083	0,107	0,132	0,162	0,201	0,256	0,312	0,361	0,393	0,312	0,000	0,000
14,000	-11,566	-11,429	-11,507	-11,449	-11,437	-11,408	-11,396	-11,391	-11,371	-11,373	-11,347	-11,306	-11,230	-11,087	-10,895	0,014	-0,055	0,007	0,056	0,059	0,063	0,076	0,084	0,098	0,117	0,162	0,222	0,286	0,330	0,276	0,000	0,000
15,000	-9,034	-9,214	-9,115	-9,145	-9,103	-9,098	-9,090	-9,083	-9,065	-9,062	-9,042	-9,014	-8,966	-8,901	-8,824	-0,356	-0,074	-0,072	0,006	0,024	0,041	0,048	0,062	0,069	0,082	0,103	0,115	0,145	0,153	0,122	0,000	0,000
	run	5	2022:11:08    10:59:28,983
0,000	-13,398	-13,604	-13,653	-13,766	-13,789	-13,810	-13,815	-13,822	-13,820	-13,832	-13,821	-13,804	-13,769	-13,698	-13,608	-0,656	-0,409	-0,324	-0,189	-0,126	-0,083	-0,056	-0,034	-0,015	0,011	0,044	0,087	0,124	0,149	0,120	0,000	0,000
1,000	-16,737	-16,466	-16,272	-16,001	-15,866	-15,770	-15,712	-15,662	-15,627	-15,601	-15,563	-15,540	-15,513	-15,468	-15,416	0,342	0,473	0,465	0,414	0,372	0,311	0,274	0,238	0,205	0,177	0,157	0,146	0,132	0,123	0,089	0,000	0,000
2,000	-6,788	-5,567	-5,164	-4,660	-4,486	-4,354	-4,290	-4,232	-4,178	-4,141	-4,099	-4,053	-3,999	-3,927	-3,843	3,346	2,258	1,741	1,027	0,781	0,594	0,493	0,415	0,348	0,298	0,261	0,240	0,225	0,197	0,140	0,000	0,000
3,000	-8,931	-7,526	-7,059	-6,489	-6,269	-6,150	-6,077	-6,026	-5,980	-5,961	-5,939	-5,915	-5,888	-5,840	-5,785	5,696	3,485	2,553	1,427	1,029	0,743	0,592	0,468	0,357	0,273	0,220	0,182	0,163	0,144	0,101	0,000	0,000
4,000	-6,017	-5,725	-5,510	-5,439	-5,396	-5,412	-5,412	-5,415	-5,413	-5,425	-5,410	-5,363	-5,285	-5,144	-4,974	1,663	1,097	0,729	0,347	0,222	0,156	0,125	0,112	0,106	0,123	0,165	0,224	0,283	0,310	0,259	0,000	0,000
5,000	-12,010	-11,852	-12,000	-12,003	-12,022	-11,984	-11,964	-11,969	-11,936	-11,923	-11,893	-11,805	-11,685	-11,462	-11,180	0,258	-0,029	-0,016	0,035	0,050	0,057	0,098	0,118	0,156	0,187	0,271	0,360	0,443	0,497	0,400	0,000	0,000
6,000	-8,883	-8,890	-8,802	-8,669	-8,556	-8,502	-8,468	-8,440	-8,404	-8,385	-8,319	-8,266	-8,178	-8,021	-7,853	-0,086	0,104	0,155	0,226	0,223	0,198	0,200	0,190	0,208	0,215	0,259	0,290	0,328	0,351	0,267	0,000	0,000
7,000	-6,967	-6,893	-6,909	-6,819	-6,770	-6,744	-6,723	-6,712	-6,697	-6,692	-6,675	-6,651	-6,628	-6,571	-6,508	0,090	0,060	0,089	0,117	0,106	0,081	0,089	0,077	0,080	0,078	0,083	0,097	0,115	0,120	0,089	0,000	0,000
8,000	-19,959	-20,106	-20,121	-20,216	-20,211	-20,260	-20,283	-20,315	-20,345	-20,401	-20,411	-20,426	-20,430	-20,380	-20,316	-0,229	-0,169	-0,151	-0,123	-0,114	-0,129	-0,127	-0,125	-0,111	-0,090	-0,048	-0,006	0,026	0,073	0,074	0,000	0,000
9,000	-9,617	-9,572	-9,508	-9,329	-9,196	-9,079	-9,017	-8,970	-8,909	-8,870	-8,814	-8,746	-8,664	-8,541	-8,390	0,050	0,136	0,206	0,324	0,337	0,312	0,304	0,276	0,271	0,265	0,277	0,291	0,309	0,308	0,230	0,000	0,000
10,000	-9,680	-9,659	-9,515	-9,340	-9,234	-9,194	-9,168	-9,151	-9,125	-9,132	-9,103	-9,065	-9,008	-8,910	-8,800	-0,006	0,230	0,227	0,256	0,213	0,176	0,158	0,139	0,128	0,136	0,151	0,173	0,211	0,220	0,174	0,000	0,000
11,000	-10,138	-9,997	-9,965	-9,812	-9,721	-9,665	-9,632	-9,609	-9,580	-9,564	-9,521	-9,473	-9,407	-9,293	-9,164	0,182	0,192	0,208	0,238	0,225	0,185	0,178	0,167	0,168	0,177	0,198	0,225	0,245	0,258	0,200	0,000	0,000
12,000	-14,609	-14,669	-14,567	-14,530	-14,464	-14,448	-14,437	-14,429	-14,411	-14,413	-14,390	-14,347	-14,286	-14,162	-14,017	-0,011	0,102	0,112	0,114	0,105	0,092	0,092	0,091	0,096	0,110	0,150	0,192	0,239	0,263	0,211	0,000	0,000
13,000	-8,565	-8,538	-8,550	-8,551	-8,538	-8,518	-8,505	-8,484	-8,460	-8,429	-8,374	-8,302	-8,186	-8,016	-7,800	0,038	0,020	0,013	0,044	0,071	0,091	0,111	0,134	0,167	0,210	0,262	0,324	0,375	0,402	0,320	0,000	0,000
14,000	-11,874	-11,738	-11,815	-11,764	-11,748	-11,707	-11,692	-11,695	-11,677	-11,680	-11,657	-11,611	-11,529	-11,390	-11,184	0,007	-0,041	0,008	0,060	0,065	0,063	0,082	0,078	0,101	0,131	0,179	0,228	0,291	0,332	0,276	0,000	0,000
15,000	-9,142	-9,322	-9,229	-9,246	-9,207	-9,205	-9,197	-9,184	-9,170	-9,169	-9,148	-9,116	-9,072	-9,008	-8,927	-0,363	-0,071	-0,069	0,012	0,026	0,045	0,053	0,057	0,067	0,083	0,099	0,116	0,143	0,153	0,119	0,000	0,000
	run	6	2022:11:08    10:59:29,083
0,000	-13,487	-13,692	-13,744	-13,867	-13,894	-13,911	-13,922	-13,922	-13,928	-13,932	-13,930	-13,905	-13,864	-13,789	-13,699	-0,631	-0,417	-0,332	-0,189	-0,136	-0,091	-0,055	-0,037	-0,012	0,017	0,054	0,096	0,132	0,156	0,125	0,000	0,000
1,000	-16,950	-16,651	-16,468	-16,170	-16,012	-15,902	-15,850	-15,800	-15,756	-15,735	-15,694	-15,672	-15,645	-15,599	-15,552	0,367	0,499	0,509	0,453	0,406	0,336	0,296	0,249	0,214	0,184	0,165	0,146	0,133	0,123	0,089	0,000	0,000
2,000	-7,042	-5,791	-5,375	-4,843	-4,654	-4,517	-4,439	-4,389	-4,338	-4,290	-4,247	-4,195	-4,139	-4,058	-3,965	3,418	2,320	1,795	1,079	0,816	0,623	0,523	0,432	0,366	0,313	0,277	0,255	0,241	0,214	0,155	0,000	0,000
3,000	-9,280	-7,828	-7,354	-6,713	-6,484	-6,345	-6,271	-6,209	-6,173	-6,149	-6,125	-6,102	-6,073	-6,033	-5,977	5,780	3,554	2,646	1,483	1,073	0,778	0,616	0,490	0,373	0,289	0,233	0,186	0,165	0,143	0,101	0,000	0,000
4,000	-6,120	-5,846	-5,618	-5,560	-5,515	-5,526	-5,537	-5,531	-5,536	-5,542	-5,522	-5,486	-5,400	-5,258	-5,076	1,658	1,085	0,735	0,342	0,219	0,152	0,123	0,111	0,108	0,130	0,168	0,224	0,288	0,317	0,262	0,000	0,000
5,000	-12,160	-11,985	-12,134	-12,140	-12,149	-12,121	-12,100	-12,102	-12,074	-12,064	-12,021	-11,939	-11,808	-11,585	-11,292	0,282	-0,036	-0,021	0,026	0,052	0,062	0,096	0,114	0,151	0,198	0,276	0,366	0,458	0,514	0,415	0,000	0,000
6,000	-8,929	-8,938	-8,851	-8,710	-8,606	-8,554	-8,522	-8,488	-8,450	-8,428	-8,371	-8,313	-8,223	-8,065	-7,882	-0,078	0,101	0,156	0,230	0,226	0,201	0,203	0,201	0,206	0,213	0,253	0,293	0,333	0,349	0,274	0,000	0,000
7,000	-7,122	-7,013	-7,038	-6,928	-6,886	-6,850	-6,827	-6,825	-6,798	-6,800	-6,783	-6,760	-6,729	-6,676	-6,619	0,117	0,073	0,109	0,145	0,117	0,088	0,089	0,084	0,085	0,080	0,087	0,101	0,115	0,123	0,092	0,000	0,000
8,000	-19,872	-20,064	-20,087	-20,208	-20,204	-20,255	-20,285	-20,321	-20,343	-20,408	-20,417	-20,435	-20,442	-20,399	-20,339	-0,258	-0,190	-0,195	-0,149	-0,131	-0,147	-0,136	-0,135	-0,117	-0,102	-0,063	-0,016	0,022	0,066	0,066	0,000	0,000
9,000	-9,624	-9,586	-9,517	-9,329	-9,194	-9,080	-9,014	-8,963	-8,907	-8,865	-8,811	-8,744	-8,656	-8,533	-8,384	0,067	0,143	0,228	0,340	0,345	0,315	0,309	0,286	0,269	0,263	0,277	0,297	0,310	0,310	0,233	0,000	0,000
10,000	-9,606	-9,585	-9,441	-9,265	-9,166	-9,126	-9,101	-9,079	-9,060	-9,058	-9,037	-9,004	-8,942	-8,846	-8,730	0,001	0,219	0,230	0,249	0,206	0,177	0,152	0,138	0,126	0,134	0,154	0,173	0,207	0,222	0,173	0,000	0,000
11,000	-10,060	-9,937	-9,899	-9,747	-9,663	-9,601	-9,570	-9,553	-9,516	-9,498	-9,463	-9,416	-9,347	-9,241	-9,112	0,187	0,195	0,203	0,223	0,218	0,183	0,176	0,163	0,165	0,168	0,190	0,219	0,242	0,254	0,192	0,000	0,000
12,000	-14,552	-14,618	-14,504	-14,464	-14,399	-14,379	-14,370	-14,355	-14,341	-14,351	-14,328	-14,279	-14,219	-14,097	-13,953	-0,003	0,106	0,104	0,118	0,113	0,089	0,095	0,092	0,098	0,111	0,149	0,192	0,238	0,265	0,210	0,000	0,000
13,000	-8,489	-8,474	-8,485	-8,485	-8,470	-8,460	-8,448	-8,429	-8,405	-8,369	-8,313	-8,243	-8,134	-7,964	-7,750	0,032	0,010	0,011	0,042	0,066	0,089	0,110	0,135	0,166	0,206	0,261	0,316	0,370	0,398	0,315	0,000	0,000
14,000	-11,769	-11,624	-11,702	-11,639	-11,630	-11,592	-11,569	-11,569	-11,555	-11,543	-11,530	-11,493	-11,402	-11,272	-11,077	0,020	-0,056	0,012	0,065	0,063	0,067	0,079	0,081	0,097	0,118	0,164	0,217	0,287	0,323	0,265	0,000	0,000
15,000	-8,983	-9,168	-9,069	-9,092	-9,048	-9,047	-9,041	-9,027	-9,014	-9,009	-8,994	-8,962	-8,917	-8,848	-8,771	-0,360	-0,071	-0,067	0,002	0,023	0,043	0,051	0,061	0,063	0,082	0,100	0,114	0,144	0,151	0,123	0,000	0,000
	run	7	2022:11:08    10:59:29,130
0,000	-13,537	-13,749	-13,802	-13,920	-13,946	-13,974	-13,977	-13,983	-13,985	-13,997	-13,988	-13,969	-13,932	-13,857	-13,767	-0,616	-0,417	-0,323	-0,184	-0,135	-0,092	-0,062	-0,041	-0,017	0,011	0,046	0,091	0,130	0,153	0,122	0,000	0,000
1,000	-17,472	-17,185	-16,994	-16,682	-16,515	-16,413	-16,355	-16,303	-16,254	-16,228	-16,193	-16,171	-16,132	-16,086	-16,039	0,402	0,528	0,522	0,476	0,426	0,352	0,303	0,261	0,228	0,196	0,170	0,156	0,135	0,130	0,084	0,000	0,000
2,000	-7,042	-5,791	-5,375	-4,843	-4,654	-4,517	-4,439	-4,389	-4,338	-4,290	-4,247	-4,195	-4,139	-4,058	-3,965	3,418	2,320	1,795	1,079	0,816	0,623	0,523	0,432	0,366	0,313	0,277	0,255	0,241	0,214	0,155	0,000	0,000
3,000	-9,280	-7,828	-7,354	-6,713	-6,484	-6,345	-6,271	-6,209	-6,173	-6,149	-6,125	-6,102	-6,073	-6,033	-5,977	5,780	3,554	2,646	1,483	1,073	0,778	0,616	0,490	0,373	0,289	0,233	0,186	0,165	0,143	0,101	0,000	0,000
4,000	-6,120	-5,846	-5,618	-5,560	-5,515	-5,526	-5,537	-5,531	-5,536	-5,542	-5,522	-5,486	-5,400	-5,258	-5,076	1,658	1,085	0,735	0,342	0,219	0,152	0,123	0,111	0,108	0,130	0,168	0,224	0,288	0,317	0,262	0,000	0,000
5,000	-12,160	-11,985	-12,134	-12,140	-12,149	-12,121	-12,100	-12,102	-12,074	-12,064	-12,021	-11,939	-11,808	-11,585	-11,292	0,282	-0,036	-0,021	0,026	0,052	0,062	0,096	0,114	0,151	0,198	0,276	0,366	0,458	0,514	0,415	0,000	0,000
6,000	-8,929	-8,938	-8,851	-8,710	-8,606	-8,554	-8,522	-8,488	-8,450	-8,428	-8,371	-8,313	-8,223	-8,065	-7,882	-0,078	0,101	0,156	0,230	0,226	0,201	0,203	0,201	0,206	0,213	0,253	0,293	0,333	0,349	0,274	0,000	0,000
7,000	-7,122	-7,013	-7,038	-6,928	-6,886	-6,850	-6,827	-6,825	-6,798	-6,800	-6,783	-6,760	-6,729	-6,676	-6,619	0,117	0,073	0,109	0,145	0,117	0,088	0,089	0,084	0,085	0,080	0,087	0,101	0,115	0,123	0,092	0,000	0,000
8,000	-20,220	-20,388	-20,408	-20,524	-20,511	-20,564	-20,601	-20,629	-20,651	-20,709	-20,731	-20,742	-20,744	-20,695	-20,638	-0,229	-0,177	-0,176	-0,131	-0,125	-0,141	-0,135	-0,127	-0,110	-0,097	-0,058	-0,017	0,022	0,069	0,068	0,000	0,000
9,000	-9,751	-9,699	-9,646	-9,455	-9,316	-9,206	-9,136	-9,087	-9,028	-8,989	-8,932	-8,869	-8,790	-8,657	-8,500	0,062	0,156	0,221	0,335	0,351	0,324	0,311	0,285	0,275	0,267	0,281	0,295	0,313	0,313	0,234	0,000	0,000
10,000	-9,611	-9,605	-9,463	-9,313	-9,208	-9,172	-9,144	-9,124	-9,106	-9,110	-9,084	-9,047	-8,991	-8,902	-8,783	-0,016	0,200	0,200	0,233	0,198	0,170	0,151	0,136	0,120	0,130	0,147	0,170	0,203	0,215	0,172	0,000	0,000
11,000	-10,008	-9,902	-9,860	-9,709	-9,629	-9,570	-9,539	-9,512	-9,482	-9,468	-9,423	-9,382	-9,311	-9,206	-9,073	0,166	0,189	0,198	0,226	0,216	0,179	0,180	0,166	0,167	0,169	0,201	0,216	0,242	0,255	0,194	0,000	0,000
12,000	-14,111	-14,178	-14,073	-14,042	-13,976	-13,959	-13,953	-13,939	-13,924	-13,934	-13,897	-13,872	-13,814	-13,691	-13,561	-0,016	0,098	0,097	0,113	0,099	0,086	0,086	0,086	0,092	0,107	0,141	0,183	0,226	0,249	0,199	0,000	0,000
13,000	-8,338	-8,332	-8,337	-8,343	-8,331	-8,319	-8,304	-8,280	-8,258	-8,228	-8,176	-8,100	-7,997	-7,826	-7,613	0,025	0,012	0,013	0,031	0,063	0,084	0,106	0,131	0,163	0,201	0,258	0,308	0,364	0,393	0,315	0,000	0,000
14,000	-11,629	-11,497	-11,580	-11,505	-11,505	-11,472	-11,454	-11,453	-11,434	-11,428	-11,398	-11,373	-11,293	-11,147	-10,955	0,030	-0,050	0,017	0,060	0,063	0,071	0,075	0,075	0,089	0,119	0,161	0,230	0,290	0,329	0,274	0,000	0,000
15,000	-9,076	-9,252	-9,154	-9,185	-9,143	-9,145	-9,138	-9,123	-9,106	-9,103	-9,078	-9,055	-9,013	-8,946	-8,861	-0,342	-0,073	-0,070	0,009	0,022	0,043	0,051	0,056	0,066	0,083	0,100	0,121	0,147	0,157	0,124	0,000	0,000
	run	8	2022:11:08    10:59:29,231
0,000	-13,993	-14,211	-14,263	-14,375	-14,414	-14,434	-14,444	-14,453	-14,454	-14,465	-14,462	-14,439	-14,399	-14,322	-14,228	-0,641	-0,410	-0,338	-0,189	-0,141	-0,092	-0,066	-0,049	-0,020	0,005	0,046	0,090	0,133	0,153	0,128	0,000	0,000
1,000	-17,790	-17,476	-17,253	-16,934	-16,765	-16,653	-16,595	-16,533	-16,494	-16,464	-16,425	-16,405	-16,368	-16,327	-16,273	0,416	0,556	0,549	0,498	0,442	0,367	0,325	0,263	0,230	0,200	0,175	0,160	0,141	0,130	0,091	0,000	0,000
2,000	-7,073	-5,812	-5,383	-4,850	-4,654	-4,519	-4,443	-4,391	-4,332	-4,292	-4,242	-4,195	-4,142	-4,056	-3,971	3,417	2,334	1,814	1,093	0,832	0,629	0,533	0,444	0,372	0,312	0,275	0,259	0,238	0,220	0,152	0,000	0,000
3,000	-9,175	-7,748	-7,271	-6,647	-6,421	-6,276	-6,199	-6,143	-6,108	-6,081	-6,055	-6,035	-6,000	-5,956	-5,902	5,797	3,547	2,641	1,479	1,075	0,783	0,614	0,490	0,376	0,288	0,231	0,190	0,170	0,149	0,103	0,000	0,000
4,000	-6,076	-5,789	-5,568	-5,501	-5,454	-5,467	-5,479	-5,473	-5,475	-5,482	-5,464	-5,428	-5,349	-5,202	-5,024	1,649	1,097	0,722	0,344	0,216	0,152	0,122	0,110	0,104	0,127	0,169	0,220	0,286	0,317	0,260	0,000	0,000
5,000	-12,199	-12,031	-12,181	-12,177	-12,188	-12,162	-12,143	-12,141	-12,113	-12,099	-12,061	-11,980	-11,852	-11,623	-11,335	0,248	-0,055	-0,026	0,030	0,045	0,059	0,088	0,115	0,153	0,198	0,272	0,367	0,459	0,516	0,416	0,000	0,000
6,000	-8,832	-8,850	-8,756	-8,624	-8,517	-8,466	-8,429	-8,399	-8,363	-8,343	-8,287	-8,228	-8,138	-7,990	-7,812	-0,094	0,108	0,142	0,222	0,219	0,200	0,202	0,191	0,197	0,214	0,251	0,286	0,322	0,338	0,266	0,000	0,000
7,000	-6,892	-6,813	-6,829	-6,743	-6,703	-6,668	-6,656	-6,648	-6,631	-6,625	-6,611	-6,587	-6,563	-6,507	-6,452	0,080	0,050	0,086	0,119	0,104	0,082	0,082	0,076	0,078	0,077	0,085	0,098	0,109	0,114	0,081	0,000	0,000
8,000	-19,779	-19,951	-19,973	-20,061	-20,050	-20,094	-20,126	-20,159	-20,183	-20,234	-20,248	-20,263	-20,265	-20,218	-20,157	-0,216	-0,159	-0,154	-0,125	-0,101	-0,119	-0,121	-0,121	-0,110	-0,089	-0,048	-0,002	0,027	0,075	0,078	0,000	0,000
9,000	-9,500	-9,471	-9,421	-9,253	-9,119	-9,000	-8,938	-8,888	-8,827	-8,793	-8,737	-8,672	-8,585	-8,466	-8,320	0,057	0,124	0,196	0,320	0,339	0,311	0,300	0,274	0,264	0,256	0,271	0,290	0,300	0,301	0,229	0,000	0,000
10,000	-9,618	-9,601	-9,461	-9,303	-9,208	-9,163	-9,134	-9,119	-9,100	-9,104	-9,082	-9,044	-8,987	-8,894	-8,782	-0,007	0,202	0,201	0,234	0,199	0,168	0,149	0,137	0,121	0,129	0,148	0,167	0,199	0,212	0,170	0,000	0,000
11,000	-10,032	-9,913	-9,883	-9,734	-9,653	-9,601	-9,561	-9,540	-9,507	-9,493	-9,452	-9,408	-9,343	-9,238	-9,111	0,169	0,181	0,209	0,224	0,215	0,181	0,175	0,165	0,162	0,169	0,193	0,217	0,238	0,247	0,187	0,000	0,000
12,000	-14,228	-14,300	-14,193	-14,153	-14,090	-14,075	-14,068	-14,055	-14,036	-14,045	-14,018	-13,986	-13,924	-13,810	-13,670	-0,020	0,100	0,100	0,111	0,105	0,089	0,090	0,088	0,094	0,105	0,143	0,181	0,226	0,253	0,201	0,000	0,000
13,000	-8,261	-8,252	-8,264	-8,268	-8,262	-8,243	-8,234	-8,215	-8,191	-8,156	-8,106	-8,034	-7,933	-7,770	-7,555	0,023	0,010	0,005	0,031	0,061	0,085	0,107	0,129	0,159	0,199	0,258	0,307	0,359	0,383	0,306	0,000	0,000
14,000	-11,597	-11,464	-11,539	-11,478	-11,478	-11,444	-11,426	-11,425	-11,411	-11,405	-11,378	-11,341	-11,258	-11,115	-10,913	0,018	-0,062	0,002	0,052	0,064	0,062	0,076	0,083	0,099	0,123	0,171	0,231	0,291	0,339	0,277	0,000	0,000
15,000	-9,314	-9,485	-9,385	-9,409	-9,374	-9,362	-9,354	-9,340	-9,323	-9,321	-9,297	-9,267	-9,222	-9,155	-9,069	-0,356	-0,077	-0,072	0,012	0,030	0,049	0,059	0,063	0,076	0,090	0,109	0,128	0,150	0,159	0,128	0,000	0,000
	run	9	2022:11:08    10:59:29,283
0,000	-13,993	-14,211	-14,263	-14,375	-14,414	-14,434	-14,444	-14,453	-14,454	-14,465	-14,462	-14,439	-14,399	-14,322	-14,228	-0,641	-0,410	-0,338	-0,189	-0,141	-0,092	-0,066	-0,049	-0,020	0,005	0,046	0,090	0,133	0,153	0,128	0,000	0,000
1,000	-17,790	-17,476	-17,253	-16,934	-16,765	-16,653	-16,595	-16,533	-16,494	-16,464	-16,425	-16,405	-16,368	-16,327	-16,273	0,416	0,556	0,549	0,498	0,442	0,367	0,325	0,263	0,230	0,200	0,175	0,160	0,141	0,130	0,091	0,000	0,000
2,000	-7,073	-5,812	-5,383	-4,850	-4,654	-4,519	-4,443	-4,391	-4,332	-4,292	-4,242	-4,195	-4,142	-4,056	-3,971	3,417	2,334	1,814	1,093	0,832	0,629	0,533	0,444	0,372	0,312	0,275	0,259	0,238	0,220	0,152	0,000	0,000
3,000	-9,175	-7,748	-7,271	-6,647	-6,421	-6,276	-6,199	-6,143	-6,108	-6,081	-6,055	-6,035	-6,000	-5,956	-5,902	5,797	3,547	2,641	1,479	1,075	0,783	0,614	0,490	0,376	0,288	0,231	0,190	0,170	0,149	0,103	0,000	0,000
4,000	-6,076	-5,789	-5,568	-5,501	-5,454	-5,467	-5,479	-5,473	-5,475	-5,482	-5,464	-5,428	-5,349	-5,202	-5,024	1,649	1,097	0,722	0,344	0,216	0,152	0,122	0,110	0,104	0,127	0,169	0,220	0,286	0,317	0,260	0,000	0,000
5,000	-12,199	-12,031	-12,181	-12,177	-12,188	-12,162	-12,143	-12,141	-12,113	-12,099	-12,061	-11,980	-11,852	-11,623	-11,335	0,248	-0,055	-0,026	0,030	0,045	0,059	0,088	0,115	0,153	0,198	0,272	0,367	0,459	0,516	0,416	0,000	0,000
6,000	-8,852	-8,856	-8,752	-8,616	-8,513	-8,457	-8,424	-8,393	-8,356	-8,339	-8,284	-8,217	-8,124	-7,973	-7,795	-0,066	0,115	0,165	0,235	0,224	0,198	0,201	0,197	0,202	0,214	0,258	0,294	0,322	0,347	0,273	0,000	0,000
7,000	-6,939	-6,874	-6,866	-6,783	-6,737	-6,703	-6,685	-6,680	-6,660	-6,661	-6,647	-6,622	-6,591	-6,544	-6,489	0,079	0,051	0,093	0,130	0,113	0,088	0,086	0,077	0,076	0,075	0,087	0,093	0,105	0,109	0,080	0,000	0,000
8,000	-19,447	-19,615	-19,631	-19,723	-19,711	-19,764	-19,799	-19,832	-19,855	-19,919	-19,935	-19,945	-19,958	-19,916	-19,854	-0,219	-0,162	-0,154	-0,131	-0,116	-0,136	-0,129	-0,134	-0,115	-0,103	-0,059	-0,015	0,017	0,058	0,061	0,000	0,000
9,000	-9,409	-9,391	-9,328	-9,176	-9,050	-8,936	-8,868	-8,818	-8,759	-8,721	-8,665	-8,609	-8,520	-8,398	-8,256	0,062	0,121	0,186	0,306	0,330	0,304	0,299	0,276	0,261	0,256	0,263	0,283	0,299	0,298	0,224	0,000	0,000
10,000	-9,502	-9,499	-9,353	-9,196	-9,100	-9,059	-9,035	-9,021	-8,995	-8,998	-8,975	-8,942	-8,885	-8,790	-8,685	-0,017	0,216	0,210	0,238	0,201	0,165	0,145	0,134	0,116	0,127	0,145	0,166	0,197	0,210	0,169	0,000	0,000
11,000	-9,940	-9,836	-9,794	-9,651	-9,567	-9,517	-9,488	-9,465	-9,434	-9,414	-9,385	-9,341	-9,271	-9,167	-9,044	0,152	0,184	0,193	0,222	0,212	0,175	0,170	0,161	0,161	0,168	0,185	0,210	0,230	0,241	0,187	0,000	0,000
12,000	-14,118	-14,177	-14,088	-14,045	-13,979	-13,963	-13,959	-13,942	-13,925	-13,933	-13,902	-13,868	-13,814	-13,703	-13,563	-0,010	0,106	0,109	0,113	0,106	0,091	0,088	0,088	0,091	0,103	0,143	0,177	0,219	0,246	0,198	0,000	0,000
13,000	-8,287	-8,264	-8,272	-8,283	-8,273	-8,259	-8,241	-8,232	-8,205	-8,166	-8,119	-8,046	-7,939	-7,778	-7,568	0,016	0,002	0,005	0,039	0,061	0,077	0,106	0,128	0,163	0,199	0,259	0,303	0,361	0,381	0,306	0,000	0,000
14,000	-11,736	-11,605	-11,669	-11,613	-11,603	-11,570	-11,559	-11,556	-11,544	-11,534	-11,514	-11,477	-11,394	-11,245	-11,051	-0,003	-0,051	0,010	0,052	0,070	0,057	0,074	0,082	0,095	0,127	0,171	0,223	0,301	0,341	0,274	0,000	0,000
15,000	-9,307	-9,510	-9,397	-9,431	-9,386	-9,386	-9,377	-9,365	-9,343	-9,341	-9,316	-9,290	-9,237	-9,173	-9,084	-0,379	-0,078	-0,068	0,007	0,030	0,047	0,058	0,067	0,072	0,094	0,114	0,128	0,156	0,163	0,129	0,000	0,000
	run	10	2022:11:08    10:59:29,382
0,000	-13,931	-14,129	-14,199	-14,319	-14,355	-14,376	-14,387	-14,393	-14,397	-14,406	-14,402	-14,373	-14,337	-14,258	-14,162	-0,643	-0,421	-0,337	-0,193	-0,150	-0,099	-0,065	-0,045	-0,014	0,011	0,047	0,100	0,136	0,160	0,134	0,000	0,000
1,000	-17,809	-17,495	-17,293	-16,944	-16,777	-16,665	-16,605	-16,553	-16,509	-16,474	-16,439	-16,408	-16,382	-16,336	-16,285	0,420	0,559	0,559	0,507	0,444	0,371	0,327	0,271	0,233	0,203	0,180	0,157	0,143	0,130	0,092	0,000	0,000
2,000	-7,221	-5,927	-5,487	-4,905	-4,699	-4,556	-4,479	-4,425	-4,369	-4,325	-4,274	-4,229	-4,167	-4,086	-3,992	3,478	2,410	1,885	1,139	0,861	0,646	0,547	0,457	0,382	0,322	0,284	0,262	0,243	0,226	0,159	0,000	0,000
3,000	-9,403	-7,926	-7,398	-6,732	-6,482	-6,337	-6,259	-6,203	-6,159	-6,140	-6,116	-6,095	-6,065	-6,020	-5,974	5,829	3,647	2,710	1,551	1,122	0,805	0,636	0,510	0,386	0,294	0,237	0,188	0,163	0,137	0,100	0,000	0,000
4,000	-6,147	-5,848	-5,626	-5,565	-5,516	-5,534	-5,537	-5,537	-5,541	-5,545	-5,528	-5,485	-5,405	-5,258	-5,077	1,662	1,100	0,722	0,338	0,215	0,154	0,126	0,110	0,113	0,129	0,175	0,232	0,292	0,326	0,267	0,000	0,000
5,000	-12,074	-11,909	-12,058	-12,052	-12,061	-12,039	-12,014	-12,023	-11,991	-11,968	-11,938	-11,860	-11,725	-11,502	-11,214	0,265	-0,034	-0,020	0,035	0,050	0,057	0,096	0,116	0,151	0,207	0,277	0,370	0,448	0,505	0,413	0,000	0,000
6,000	-8,815	-8,827	-8,724	-8,590	-8,489	-8,431	-8,403	-8,371	-8,333	-8,311	-8,258	-8,203	-8,113	-7,967	-7,788	-0,088	0,107	0,158	0,223	0,226	0,198	0,200	0,193	0,203	0,211	0,251	0,282	0,315	0,342	0,266	0,000	0,000
7,000	-6,866	-6,782	-6,807	-6,726	-6,685	-6,659	-6,640	-6,628	-6,609	-6,607	-6,594	-6,568	-6,542	-6,495	-6,433	0,096	0,050	0,080	0,119	0,103	0,083	0,080	0,074	0,076	0,072	0,080	0,100	0,105	0,110	0,089	0,000	0,000
8,000	-19,624	-19,783	-19,810	-19,890	-19,874	-19,917	-19,952	-19,981	-20,005	-20,058	-20,077	-20,088	-20,094	-20,047	-19,996	-0,201	-0,134	-0,150	-0,109	-0,109	-0,124	-0,126	-0,119	-0,112	-0,092	-0,048	-0,011	0,029	0,066	0,064	0,000	0,000
9,000	-9,474	-9,430	-9,395	-9,238	-9,111	-8,994	-8,934	-8,891	-8,830	-8,795	-8,735	-8,675	-8,597	-8,474	-8,329	0,056	0,116	0,174	0,299	0,321	0,298	0,295	0,273	0,260	0,254	0,258	0,285	0,286	0,289	0,215	0,000	0,000
10,000	-9,252	-9,260	-9,137	-9,008	-8,918	-8,886	-8,859	-8,843	-8,824	-8,821	-8,802	-8,773	-8,713	-8,624	-8,512	-0,035	0,154	0,170	0,197	0,173	0,154	0,135	0,120	0,112	0,123	0,139	0,164	0,195	0,205	0,163	0,000	0,000
11,000	-9,787	-9,676	-9,641	-9,507	-9,430	-9,378	-9,348	-9,323	-9,285	-9,272	-9,239	-9,188	-9,125	-9,017	-8,894	0,149	0,159	0,181	0,214	0,199	0,170	0,170	0,159	0,160	0,168	0,185	0,213	0,231	0,243	0,182	0,000	0,000
12,000	-14,025	-14,086	-13,989	-13,964	-13,897	-13,877	-13,871	-13,862	-13,851	-13,861	-13,836	-13,793	-13,738	-13,619	-13,485	-0,012	0,102	0,093	0,099	0,097	0,086	0,083	0,082	0,087	0,104	0,140	0,180	0,223	0,248	0,196	0,000	0,000
13,000	-8,490	-8,424	-8,465	-8,450	-8,448	-8,426	-8,411	-8,400	-8,374	-8,338	-8,287	-8,216	-8,111	-7,943	-7,728	0,043	0,016	0,011	0,042	0,066	0,083	0,110	0,130	0,159	0,204	0,260	0,312	0,368	0,396	0,314	0,000	0,000
14,000	-12,121	-12,033	-12,077	-12,020	-12,003	-11,973	-11,950	-11,946	-11,931	-11,927	-11,903	-11,867	-11,779	-11,636	-11,426	-0,039	-0,057	0,009	0,060	0,071	0,078	0,075	0,088	0,104	0,130	0,182	0,233	0,309	0,346	0,289	0,000	0,000
15,000	-9,336	-9,496	-9,418	-9,436	-9,394	-9,390	-9,383	-9,375	-9,356	-9,356	-9,333	-9,301	-9,258	-9,188	-9,101	-0,341	-0,066	-0,072	0,007	0,022	0,049	0,051	0,058	0,070	0,089	0,106	0,123	0,153	0,157	0,130	0,000	0,000
	run	11	2022:11:08    10:59:29,483
0,000	-13,911	-14,128	-14,176	-14,300	-14,328	-14,352	-14,357	-14,367	-14,362	-14,379	-14,372	-14,350	-14,312	-14,234	-14,143	-0,647	-0,418	-0,336	-0,185	-0,139	-0,093	-0,062	-0,045	-0,014	0,008	0,051	0,092	0,131	0,156	0,130	0,000	0,000
1,000	-17,538	-17,251	-17,063	-16,741	-16,572	-16,462	-16,401	-16,358	-16,310	-16,278	-16,241	-16,215	-16,184	-16,140	-16,094	0,409	0,546	0,529	0,480	0,434	0,354	0,312	0,260	0,227	0,189	0,172	0,151	0,135	0,126	0,088	0,000	0,000
2,000	-7,056	-5,795	-5,380	-4,845	-4,663	-4,526	-4,453	-4,396	-4,340	-4,297	-4,246	-4,196	-4,136	-4,056	-3,964	3,423	2,326	1,799	1,078	0,819	0,626	0,523	0,439	0,374	0,317	0,281	0,268	0,242	0,225	0,159	0,000	0,000
3,000	-9,223	-7,776	-7,299	-6,673	-6,445	-6,303	-6,233	-6,176	-6,135	-6,113	-6,088	-6,068	-6,034	-5,993	-5,939	5,765	3,554	2,628	1,475	1,069	0,775	0,612	0,488	0,374	0,287	0,230	0,188	0,167	0,146	0,101	0,000	0,000
4,000	-6,096	-5,806	-5,592	-5,516	-5,475	-5,489	-5,498	-5,492	-5,498	-5,501	-5,484	-5,447	-5,361	-5,223	-5,044	1,652	1,094	0,729	0,338	0,212	0,155	0,119	0,107	0,106	0,128	0,171	0,226	0,287	0,317	0,264	0,000	0,000
5,000	-12,137	-11,981	-12,125	-12,134	-12,143	-12,114	-12,099	-12,097	-12,068	-12,071	-12,017	-11,937	-11,809	-11,585	-11,290	0,248	-0,042	-0,022	0,032	0,048	0,057	0,090	0,113	0,153	0,200	0,279	0,372	0,456	0,511	0,417	0,000	0,000
6,000	-8,775	-8,812	-8,706	-8,573	-8,466	-8,412	-8,383	-8,344	-8,309	-8,289	-8,239	-8,178	-8,096	-7,940	-7,763	-0,075	0,106	0,165	0,229	0,225	0,199	0,200	0,192	0,198	0,213	0,250	0,285	0,321	0,339	0,268	0,000	0,000
7,000	-6,863	-6,803	-6,821	-6,735	-6,696	-6,662	-6,643	-6,641	-6,617	-6,612	-6,595	-6,577	-6,546	-6,504	-6,449	0,078	0,055	0,082	0,117	0,109	0,087	0,083	0,073	0,073	0,074	0,076	0,093	0,106	0,106	0,075	0,000	0,000
8,000	-19,297	-19,449	-19,460	-19,534	-19,514	-19,552	-19,586	-19,613	-19,638	-19,687	-19,709	-19,722	-19,726	-19,680	-19,621	-0,191	-0,139	-0,118	-0,103	-0,094	-0,120	-0,116	-0,116	-0,101	-0,086	-0,046	-0,006	0,025	0,067	0,063	0,000	0,000
9,000	-9,209	-9,188	-9,151	-9,012	-8,898	-8,791	-8,727	-8,681	-8,623	-8,584	-8,530	-8,471	-8,396	-8,276	-8,136	0,034	0,082	0,160	0,277	0,295	0,285	0,280	0,261	0,251	0,248	0,259	0,273	0,286	0,285	0,215	0,000	0,000
10,000	-9,300	-9,293	-9,161	-9,033	-8,943	-8,906	-8,888	-8,873	-8,850	-8,848	-8,826	-8,795	-8,743	-8,651	-8,544	-0,036	0,166	0,175	0,205	0,174	0,149	0,131	0,123	0,114	0,117	0,140	0,160	0,195	0,203	0,165	0,000	0,000
11,000	-9,861	-9,767	-9,731	-9,607	-9,530	-9,471	-9,445	-9,424	-9,392	-9,378	-9,343	-9,298	-9,235	-9,123	-9,006	0,157	0,160	0,176	0,207	0,200	0,165	0,162	0,158	0,156	0,165	0,186	0,215	0,230	0,241	0,187	0,000	0,000
12,000	-14,286	-14,361	-14,258	-14,225	-14,151	-14,130	-14,132	-14,116	-14,097	-14,105	-14,078	-14,035	-13,977	-13,860	-13,709	-0,003	0,112	0,110	0,119	0,106	0,095	0,094	0,099	0,097	0,109	0,148	0,189	0,233	0,259	0,205	0,000	0,000
13,000	-8,430	-8,380	-8,400	-8,409	-8,393	-8,378	-8,362	-8,344	-8,322	-8,290	-8,242	-8,171	-8,061	-7,899	-7,684	0,020	0,006	0,001	0,036	0,061	0,083	0,106	0,123	0,160	0,203	0,258	0,308	0,362	0,386	0,309	0,000	0,000
14,000	-11,987	-11,821	-11,949	-11,853	-11,856	-11,826	-11,799	-11,798	-11,780	-11,773	-11,753	-11,710	-11,625	-11,486	-11,271	0,060	-0,056	0,016	0,061	0,070	0,066	0,080	0,084	0,096	0,125	0,171	0,232	0,304	0,346	0,279	0,000	0,000
15,000	-9,340	-9,481	-9,394	-9,417	-9,375	-9,374	-9,365	-9,350	-9,337	-9,338	-9,308	-9,286	-9,237	-9,166	-9,083	-0,351	-0,080	-0,077	0,008	0,025	0,043	0,054	0,067	0,067	0,086	0,111	0,127	0,148	0,159	0,129	0,000	0,000
	run	12	2022:11:08    10:59:29,530
0,000	-13,781	-13,998	-14,050	-14,171	-14,208	-14,231	-14,235	-14,243	-14,242	-14,252	-14,249	-14,227	-14,188	-14,104	-14,012	-0,642	-0,420	-0,334	-0,189	-0,147	-0,090	-0,063	-0,042	-0,013	0,014	0,048	0,096	0,138	0,156	0,126	0,000	0,000
1,000	-17,346	-17,043	-16,836	-16,520	-16,365	-16,248	-16,194	-16,143	-16,096	-16,074	-16,033	-16,010	-15,974	-15,934	-15,887	0,403	0,540	0,532	0,482	0,425	0,349	0,312	0,259	0,223	0,193	0,169	0,147	0,136	0,125	0,091	0,000	0,000
2,000	-7,056	-5,795	-5,380	-4,845	-4,663	-4,526	-4,453	-4,396	-4,340	-4,297	-4,246	-4,196	-4,136	-4,056	-3,964	3,423	2,326	1,799	1,078	0,819	0,626	0,523	0,439	0,374	0,317	0,281	0,268	0,242	0,225	0,159	0,000	0,000
3,000	-9,223	-7,776	-7,299	-6,673	-6,445	-6,303	-6,233	-6,176	-6,135	-6,113	-6,088	-6,068	-6,034	-5,993	-5,939	5,765	3,554	2,628	1,475	1,069	0,775	0,612	0,488	0,374	0,287	0,230	0,188	0,167	0,146	0,101	0,000	0,000
4,000	-6,096	-5,806	-5,592	-5,516	-5,475	-5,489	-5,498	-5,492	-5,498	-5,501	-5,484	-5,447	-5,361	-5,223	-5,044	1,652	1,094	0,729	0,338	0,212	0,155	0,119	0,107	0,106	0,128	0,171	0,226	0,287	0,317	0,264	0,000	0,000
5,000	-12,137	-11,981	-12,125	-12,134	-12,143	-12,114	-12,099	-12,097	-12,068	-12,071	-12,017	-11,937	-11,809	-11,585	-11,290	0,248	-0,042	-0,022	0,032	0,048	0,057	0,090	0,113	0,153	0,200	0,279	0,372	0,456	0,511	0,417	0,000	0,000
6,000	-8,775	-8,812	-8,706	-8,573	-8,466	-8,412	-8,383	-8,344	-8,309	-8,289	-8,239	-8,178	-8,096	-7,940	-7,763	-0,075	0,106	0,165	0,229	0,225	0,199	0,200	0,192	0,198	0,213	0,250	0,285	0,321	0,339	0,268	0,000	0,000
7,000	-6,863	-6,803	-6,821	-6,735	-6,696	-6,662	-6,643	-6,641	-6,617	-6,612	-6,595	-6,577	-6,546	-6,504	-6,449	0,078	0,055	0,082	0,117	0,109	0,087	0,083	0,073	0,073	0,074	0,076	0,093	0,106	0,106	0,075	0,000	0,000
8,000	-19,303	-19,432	-19,462	-19,541	-19,529	-19,573	-19,613	-19,640	-19,664	-19,719	-19,731	-19,753	-19,758	-19,714	-19,654	-0,190	-0,154	-0,141	-0,112	-0,109	-0,132	-0,126	-0,129	-0,113	-0,091	-0,054	-0,010	0,019	0,063	0,060	0,000	0,000
9,000	-9,323	-9,296	-9,238	-9,098	-8,977	-8,861	-8,803	-8,757	-8,694	-8,655	-8,596	-8,537	-8,455	-8,332	-8,184	0,053	0,096	0,178	0,291	0,316	0,298	0,292	0,265	0,264	0,255	0,273	0,286	0,295	0,300	0,226	0,000	0,000
10,000	-9,595	-9,574	-9,428	-9,268	-9,170	-9,129	-9,106	-9,085	-9,062	-9,065	-9,042	-9,007	-8,952	-8,861	-8,747	-0,007	0,198	0,213	0,238	0,205	0,170	0,145	0,135	0,117	0,129	0,148	0,167	0,200	0,212	0,167	0,000	0,000
11,000	-10,141	-10,025	-9,991	-9,841	-9,756	-9,701	-9,673	-9,647	-9,616	-9,602	-9,566	-9,516	-9,455	-9,347	-9,224	0,179	0,184	0,204	0,229	0,215	0,178	0,173	0,161	0,164	0,175	0,191	0,215	0,237	0,248	0,188	0,000	0,000
12,000	-14,261	-14,343	-14,228	-14,194	-14,122	-14,104	-14,101	-14,086	-14,073	-14,078	-14,053	-14,012	-13,957	-13,831	-13,696	-0,007	0,114	0,105	0,110	0,101	0,095	0,097	0,092	0,098	0,114	0,146	0,184	0,226	0,254	0,206	0,000	0,000
13,000	-8,429	-8,416	-8,423	-8,431	-8,415	-8,409	-8,392	-8,374	-8,347	-8,316	-8,265	-8,190	-8,084	-7,915	-7,706	0,023	0,017	0,008	0,037	0,062	0,086	0,114	0,134	0,164	0,204	0,259	0,310	0,363	0,388	0,312	0,000	0,000
14,000	-11,711	-11,567	-11,646	-11,579	-11,575	-11,549	-11,527	-11,520	-11,511	-11,502	-11,500	-11,434	-11,364	-11,221	-11,023	0,030	-0,060	0,006	0,060	0,068	0,060	0,076	0,078	0,094	0,126	0,169	0,230	0,288	0,333	0,274	0,000	0,000
15,000	-9,207	-9,377	-9,295	-9,311	-9,268	-9,267	-9,259	-9,246	-9,228	-9,229	-9,204	-9,177	-9,132	-9,061	-8,977	-0,349	-0,070	-0,077	0,013	0,028	0,048	0,053	0,061	0,069	0,089	0,104	0,123	0,148	0,156	0,130	0,000	0,000
	run	13	2022:11:08    10:59:29,630
0,000	-13,574	-13,789	-13,842	-13,958	-13,988	-14,013	-14,017	-14,024	-14,021	-14,033	-14,030	-14,006	-13,970	-13,896	-13,802	-0,638	-0,422	-0,336	-0,190	-0,134	-0,089	-0,058	-0,040	-0,016	0,012	0,054	0,087	0,128	0,150	0,128	0,000	0,000
1,000	-17,449	-17,154	-16,962	-16,643	-16,488	-16,378	-16,311	-16,266	-16,218	-16,197	-16,159	-16,128	-16,097	-16,053	-16,009	0,392	0,513	0,522	0,473	0,427	0,345	0,309	0,258	0,221	0,186	0,176	0,153	0,133	0,120	0,084	0,000	0,000
2,000	-7,100	-5,832	-5,408	-4,853	-4,649	-4,511	-4,435	-4,380	-4,325	-4,287	-4,232	-4,188	-4,127	-4,048	-3,958	3,452	2,346	1,835	1,116	0,845	0,641	0,536	0,441	0,374	0,316	0,281	0,256	0,240	0,218	0,153	0,000	0,000
3,000	-9,243	-7,805	-7,303	-6,675	-6,431	-6,295	-6,217	-6,161	-6,116	-6,096	-6,071	-6,054	-6,023	-5,977	-5,925	5,752	3,580	2,654	1,508	1,088	0,791	0,625	0,496	0,376	0,290	0,229	0,187	0,167	0,145	0,102	0,000	0,000
4,000	-6,085	-5,800	-5,570	-5,507	-5,464	-5,474	-5,486	-5,483	-5,478	-5,487	-5,469	-5,430	-5,351	-5,207	-5,029	1,664	1,101	0,730	0,344	0,215	0,151	0,122	0,112	0,105	0,128	0,172	0,226	0,289	0,319	0,266	0,000	0,000
5,000	-12,042	-11,861	-12,026	-12,014	-12,023	-12,000	-11,980	-11,980	-11,954	-11,941	-11,899	-11,825	-11,694	-11,471	-11,187	0,267	-0,038	-0,014	0,033	0,048	0,059	0,095	0,117	0,156	0,196	0,266	0,362	0,449	0,501	0,408	0,000	0,000
6,000	-8,878	-8,870	-8,788	-8,644	-8,544	-8,482	-8,457	-8,420	-8,384	-8,368	-8,307	-8,250	-8,162	-8,012	-7,835	-0,092	0,109	0,149	0,234	0,225	0,204	0,205	0,196	0,203	0,215	0,252	0,290	0,319	0,349	0,269	0,000	0,000
7,000	-6,909	-6,840	-6,853	-6,773	-6,730	-6,701	-6,680	-6,671	-6,656	-6,649	-6,637	-6,612	-6,583	-6,530	-6,471	0,078	0,040	0,081	0,114	0,102	0,085	0,078	0,074	0,077	0,073	0,084	0,102	0,110	0,121	0,090	0,000	0,000
8,000	-20,042	-20,195	-20,212	-20,298	-20,287	-20,335	-20,366	-20,396	-20,416	-20,468	-20,487	-20,498	-20,501	-20,456	-20,397	-0,185	-0,151	-0,148	-0,127	-0,105	-0,130	-0,125	-0,118	-0,108	-0,089	-0,042	-0,001	0,024	0,077	0,073	0,000	0,000
9,000	-9,728	-9,678	-9,637	-9,448	-9,314	-9,204	-9,139	-9,081	-9,029	-8,985	-8,928	-8,868	-8,779	-8,655	-8,508	0,052	0,126	0,212	0,328	0,345	0,317	0,306	0,282	0,273	0,262	0,276	0,290	0,305	0,308	0,233	0,000	0,000
10,000	-9,642	-9,622	-9,478	-9,309	-9,206	-9,162	-9,139	-9,122	-9,107	-9,097	-9,077	-9,045	-8,979	-8,885	-8,771	-0,004	0,212	0,229	0,247	0,209	0,172	0,157	0,140	0,124	0,131	0,152	0,172	0,204	0,218	0,178	0,000	0,000
11,000	-10,070	-9,953	-9,910	-9,758	-9,669	-9,609	-9,577	-9,555	-9,523	-9,508	-9,464	-9,418	-9,349	-9,240	-9,112	0,186	0,193	0,215	0,242	0,225	0,186	0,180	0,171	0,167	0,173	0,194	0,223	0,244	0,254	0,192	0,000	0,000
12,000	-14,340	-14,415	-14,305	-14,277	-14,215	-14,198	-14,191	-14,179	-14,164	-14,174	-14,134	-14,106	-14,051	-13,927	-13,785	-0,017	0,099	0,088	0,106	0,102	0,091	0,086	0,091	0,094	0,108	0,144	0,187	0,226	0,250	0,206	0,000	0,000
13,000	-8,400	-8,381	-8,382	-8,392	-8,375	-8,364	-8,346	-8,328	-8,299	-8,273	-8,221	-8,147	-8,037	-7,872	-7,652	0,034	0,014	0,024	0,045	0,067	0,086	0,112	0,132	0,173	0,207	0,258	0,314	0,366	0,394	0,319	0,000	0,000
14,000	-11,698	-11,602	-11,678	-11,608	-11,602	-11,571	-11,547	-11,548	-11,535	-11,528	-11,514	-11,472	-11,389	-11,241	-11,049	0,019	-0,054	0,013	0,063	0,062	0,069	0,086	0,078	0,101	0,120	0,164	0,224	0,289	0,335	0,276	0,000	0,000
15,000	-9,080	-9,230	-9,147	-9,166	-9,126	-9,126	-9,121	-9,107	-9,097	-9,090	-9,072	-9,041	-8,998	-8,930	-8,845	-0,350	-0,075	-0,072	0,007	0,019	0,045	0,053	0,057	0,062	0,082	0,100	0,119	0,142	0,151	0,123	0,000	0,000
	run	14	2022:11:08    10:59:29,685
0,000	-13,574	-13,789	-13,842	-13,958	-13,988	-14,013	-14,017	-14,024	-14,021	-14,033	-14,030	-14,006	-13,970	-13,896	-13,802	-0,638	-0,422	-0,336	-0,190	-0,134	-0,089	-0,058	-0,040	-0,016	0,012	0,054	0,087	0,128	0,150	0,128	0,000	0,000
1,000	-17,449	-17,154	-16,962	-16,643	-16,488	-16,378	-16,311	-16,266	-16,218	-16,197	-16,159	-16,128	-16,097	-16,053	-16,009	0,392	0,513	0,522	0,473	0,427	0,345	0,309	0,258	0,221	0,186	0,176	0,153	0,133	0,120	0,084	0,000	0,000
2,000	-7,100	-5,832	-5,408	-4,853	-4,649	-4,511	-4,435	-4,380	-4,325	-4,287	-4,232	-4,188	-4,127	-4,048	-3,958	3,452	2,346	1,835	1,116	0,845	0,641	0,536	0,441	0,374	0,316	0,281	0,256	0,240	0,218	0,153	0,000	0,000
3,000	-9,243	-7,805	-7,303	-6,675	-6,431	-6,295	-6,217	-6,161	-6,116	-6,096	-6,071	-6,054	-6,023	-5,977	-5,925	5,752	3,580	2,654	1,508	1,088	0,791	0,625	0,496	0,376	0,290	0,229	0,187	0,167	0,145	0,102	0,000	0,000
4,000	-6,085	-5,800	-5,570	-5,507	-5,464	-5,474	-5,486	-5,483	-5,478	-5,487	-5,469	-5,430	-5,351	-5,207	-5,029	1,664	1,101	0,730	0,344	0,215	0,151	0,122	0,112	0,105	0,128	0,172	0,226	0,289	0,319	0,266	0,000	0,000
5,000	-12,042	-11,861	-12,026	-12,014	-12,023	-12,000	-11,980	-11,980	-11,954	-11,941	-11,899	-11,825	-11,694	-11,471	-11,187	0,267	-0,038	-0,014	0,033	0,048	0,059	0,095	0,117	0,156	0,196	0,266	0,362	0,449	0,501	0,408	0,000	0,000
6,000	-8,912	-8,917	-8,823	-8,696	-8,592	-8,534	-8,500	-8,472	-8,432	-8,410	-8,369	-8,296	-8,203	-8,050	-7,870	-0,085	0,106	0,149	0,223	0,218	0,201	0,205	0,201	0,204	0,218	0,253	0,296	0,330	0,350	0,269	0,000	0,000
7,000	-7,071	-7,006	-6,994	-6,895	-6,851	-6,821	-6,803	-6,791	-6,774	-6,772	-6,754	-6,737	-6,705	-6,651	-6,586	0,099	0,078	0,104	0,140	0,120	0,087	0,090	0,085	0,082	0,086	0,087	0,099	0,110	0,116	0,088	0,000	0,000
8,000	-20,115	-20,271	-20,315	-20,431	-20,429	-20,474	-20,516	-20,544	-20,569	-20,623	-20,640	-20,656	-20,662	-20,613	-20,559	-0,219	-0,195	-0,185	-0,146	-0,125	-0,144	-0,142	-0,137	-0,116	-0,101	-0,058	-0,015	0,026	0,068	0,067	0,000	0,000
9,000	-9,730	-9,661	-9,594	-9,395	-9,257	-9,142	-9,079	-9,029	-8,967	-8,925	-8,872	-8,808	-8,723	-8,596	-8,436	0,085	0,170	0,249	0,351	0,364	0,323	0,311	0,285	0,272	0,265	0,280	0,298	0,310	0,315	0,237	0,000	0,000
10,000	-9,656	-9,644	-9,492	-9,317	-9,218	-9,176	-9,151	-9,131	-9,114	-9,113	-9,088	-9,054	-9,000	-8,903	-8,785	-0,001	0,209	0,231	0,250	0,205	0,176	0,148	0,135	0,128	0,128	0,146	0,176	0,204	0,218	0,176	0,000	0,000
11,000	-9,990	-9,871	-9,832	-9,675	-9,594	-9,534	-9,502	-9,480	-9,449	-9,430	-9,396	-9,344	-9,282	-9,169	-9,046	0,171	0,196	0,204	0,237	0,216	0,179	0,173	0,167	0,164	0,172	0,194	0,224	0,242	0,248	0,190	0,000	0,000
12,000	-14,363	-14,445	-14,330	-14,302	-14,234	-14,213	-14,211	-14,195	-14,180	-14,193	-14,155	-14,120	-14,066	-13,937	-13,801	-0,013	0,096	0,104	0,112	0,103	0,094	0,090	0,092	0,099	0,104	0,145	0,185	0,228	0,254	0,204	0,000	0,000
13,000	-8,276	-8,286	-8,284	-8,298	-8,277	-8,269	-8,256	-8,242	-8,214	-8,185	-8,133	-8,060	-7,952	-7,788	-7,582	-0,002	0,007	0,014	0,031	0,062	0,086	0,104	0,133	0,160	0,197	0,251	0,299	0,356	0,384	0,301	0,000	0,000
14,000	-11,528	-11,354	-11,446	-11,389	-11,385	-11,358	-11,330	-11,335	-11,323	-11,314	-11,294	-11,249	-11,175	-11,037	-10,845	0,032	-0,061	0,019	0,062	0,067	0,060	0,077	0,076	0,098	0,123	0,182	0,223	0,290	0,324	0,266	0,000	0,000
15,000	-9,051	-9,243	-9,146	-9,173	-9,132	-9,126	-9,118	-9,110	-9,090	-9,088	-9,066	-9,037	-8,992	-8,921	-8,841	-0,368	-0,082	-0,078	0,007	0,025	0,045	0,052	0,060	0,067	0,086	0,103	0,119	0,143	0,153	0,126	0,000	0,000
	run	15	2022:11:08    10:59:29,782
0,000	-13,495	-13,718	-13,757	-13,883	-13,911	-13,927	-13,931	-13,934	-13,942	-13,953	-13,945	-13,924	-13,886	-13,811	-13,721	-0,633	-0,417	-0,330	-0,182	-0,133	-0,082	-0,058	-0,040	-0,011	0,012	0,046	0,088	0,130	0,150	0,128	0,000	0,000
1,000	-17,032	-16,750	-16,574	-16,271	-16,119	-16,015	-15,955	-15,908	-15,869	-15,847	-15,811	-15,780	-15,752	-15,712	-15,662	0,356	0,503	0,489	0,445	0,399	0,330	0,293	0,245	0,219	0,187	0,160	0,146	0,127	0,123	0,083	0,000	0,000
2,000	-6,974	-5,708	-5,303	-4,779	-4,601	-4,462	-4,392	-4,333	-4,286	-4,238	-4,192	-4,147	-4,086	-4,003	-3,911	3,396	2,302	1,780	1,057	0,804	0,613	0,514	0,429	0,362	0,310	0,279	0,257	0,244	0,222	0,161	0,000	0,000
3,000	-9,111	-7,694	-7,224	-6,618	-6,396	-6,255	-6,180	-6,126	-6,087	-6,062	-6,039	-6,014	-5,987	-5,945	-5,893	5,724	3,511	2,604	1,454	1,054	0,763	0,607	0,486	0,368	0,284	0,227	0,183	0,162	0,142	0,098	0,000	0,000
4,000	-6,058	-5,757	-5,535	-5,472	-5,424	-5,441	-5,446	-5,449	-5,447	-5,454	-5,436	-5,399	-5,314	-5,187	-5,001	1,640	1,096	0,716	0,338	0,220	0,158	0,122	0,110	0,102	0,128	0,166	0,222	0,283	0,314	0,257	0,000	0,000
5,000	-12,099	-11,924	-12,077	-12,083	-12,099	-12,077	-12,051	-12,048	-12,020	-12,001	-11,967	-11,891	-11,757	-11,534	-11,243	0,260	-0,035	-0,029	0,029	0,053	0,059	0,095	0,116	0,154	0,210	0,274	0,367	0,463	0,515	0,416	0,000	0,000
6,000	-8,925	-8,917	-8,827	-8,690	-8,582	-8,532	-8,502	-8,474	-8,438	-8,415	-8,354	-8,294	-8,203	-8,049	-7,863	-0,077	0,102	0,153	0,227	0,223	0,201	0,199	0,199	0,203	0,218	0,254	0,307	0,335	0,352	0,269	0,000	0,000
7,000	-7,131	-7,035	-7,029	-6,928	-6,877	-6,842	-6,823	-6,818	-6,794	-6,793	-6,775	-6,749	-6,723	-6,665	-6,599	0,101	0,091	0,124	0,146	0,130	0,096	0,094	0,089	0,090	0,082	0,093	0,104	0,111	0,125	0,093	0,000	0,000
8,000	-20,160	-20,341	-20,375	-20,492	-20,497	-20,550	-20,581	-20,608	-20,640	-20,695	-20,714	-20,733	-20,730	-20,689	-20,633	-0,252	-0,186	-0,187	-0,153	-0,128	-0,147	-0,143	-0,139	-0,112	-0,106	-0,062	-0,016	0,018	0,066	0,061	0,000	0,000
9,000	-9,699	-9,639	-9,577	-9,369	-9,233	-9,115	-9,051	-9,000	-8,947	-8,903	-8,846	-8,782	-8,695	-8,566	-8,411	0,079	0,165	0,244	0,350	0,357	0,327	0,318	0,286	0,275	0,273	0,286	0,299	0,312	0,321	0,239	0,000	0,000
10,000	-9,708	-9,699	-9,550	-9,396	-9,290	-9,244	-9,222	-9,210	-9,183	-9,186	-9,163	-9,125	-9,067	-8,972	-8,855	-0,009	0,204	0,224	0,246	0,207	0,175	0,151	0,141	0,122	0,131	0,148	0,179	0,204	0,218	0,175	0,000	0,000
11,000	-10,089	-9,965	-9,920	-9,769	-9,684	-9,625	-9,593	-9,571	-9,537	-9,519	-9,479	-9,431	-9,368	-9,259	-9,133	0,173	0,186	0,199	0,234	0,223	0,184	0,177	0,170	0,167	0,169	0,199	0,219	0,242	0,254	0,198	0,000	0,000
12,000	-14,183	-14,238	-14,137	-14,099	-14,035	-14,019	-14,010	-13,996	-13,978	-13,993	-13,965	-13,917	-13,866	-13,751	-13,610	-0,002	0,113	0,103	0,108	0,107	0,088	0,088	0,090	0,093	0,113	0,140	0,180	0,229	0,254	0,204	0,000	0,000
13,000	-8,416	-8,410	-8,418	-8,424	-8,411	-8,400	-8,383	-8,368	-8,341	-8,305	-8,256	-8,182	-8,075	-7,908	-7,689	0,021	0,018	0,014	0,039	0,063	0,085	0,110	0,136	0,165	0,207	0,256	0,314	0,364	0,390	0,314	0,000	0,000
14,000	-11,664	-11,531	-11,611	-11,548	-11,540	-11,513	-11,493	-11,491	-11,473	-11,476	-11,445	-11,417	-11,338	-11,187	-10,998	-0,006	-0,050	-0,001	0,052	0,065	0,066	0,076	0,080	0,099	0,127	0,170	0,217	0,288	0,330	0,265	0,000	0,000
15,000	-9,116	-9,297	-9,203	-9,225	-9,183	-9,182	-9,178	-9,159	-9,144	-9,145	-9,118	-9,090	-9,048	-8,980	-8,903	-0,366	-0,078	-0,074	0,009	0,024	0,043	0,050	0,063	0,070	0,084	0,100	0,120	0,144	0,151	0,122	0,000	0,000
	run	16	2022:11:08    10:59:29,882
0,000	-13,624	-13,832	-13,881	-14,003	-14,029	-14,044	-14,053	-14,061	-14,063	-14,071	-14,067	-14,048	-14,006	-13,932	-13,844	-0,639	-0,426	-0,330	-0,186	-0,136	-0,086	-0,056	-0,040	-0,016	0,012	0,049	0,093	0,129	0,153	0,124	0,000	0,000
1,000	-17,145	-16,852	-16,675	-16,374	-16,216	-16,111	-16,056	-16,006	-15,967	-15,935	-15,902	-15,875	-15,845	-15,801	-15,753	0,401	0,505	0,519	0,454	0,408	0,332	0,301	0,246	0,214	0,186	0,165	0,153	0,132	0,119	0,084	0,000	0,000
2,000	-6,979	-5,712	-5,305	-4,776	-4,598	-4,455	-4,382	-4,325	-4,275	-4,228	-4,181	-4,134	-4,078	-3,998	-3,910	3,399	2,321	1,795	1,074	0,815	0,621	0,516	0,434	0,366	0,312	0,275	0,256	0,235	0,216	0,157	0,000	0,000
3,000	-9,050	-7,644	-7,190	-6,576	-6,353	-6,211	-6,142	-6,083	-6,041	-6,019	-5,995	-5,972	-5,941	-5,897	-5,846	5,704	3,499	2,597	1,452	1,055	0,766	0,608	0,483	0,369	0,291	0,227	0,185	0,164	0,141	0,100	0,000	0,000
4,000	-5,986	-5,716	-5,491	-5,423	-5,379	-5,392	-5,398	-5,395	-5,396	-5,398	-5,389	-5,347	-5,271	-5,128	-4,953	1,670	1,100	0,727	0,342	0,214	0,157	0,120	0,108	0,100	0,126	0,170	0,224	0,280	0,316	0,262	0,000	0,000
5,000	-11,996	-11,812	-11,972	-11,966	-11,974	-11,944	-11,930	-11,932	-11,903	-11,889	-11,843	-11,768	-11,647	-11,422	-11,137	0,259	-0,051	-0,023	0,038	0,051	0,053	0,089	0,115	0,157	0,191	0,270	0,358	0,444	0,498	0,402	0,000	0,000
6,000	-8,839	-8,849	-8,751	-8,618	-8,520	-8,455	-8,424	-8,398	-8,358	-8,335	-8,285	-8,218	-8,138	-7,980	-7,803	-0,102	0,105	0,162	0,226	0,226	0,196	0,204	0,197	0,203	0,219	0,245	0,292	0,327	0,343	0,267	0,000	0,000
7,000	-6,930	-6,865	-6,871	-6,783	-6,737	-6,703	-6,688	-6,680	-6,662	-6,656	-6,644	-6,617	-6,595	-6,544	-6,486	0,090	0,064	0,087	0,121	0,106	0,085	0,083	0,078	0,080	0,073	0,085	0,096	0,106	0,115	0,085	0,000	0,000
8,000	-20,050	-20,209	-20,228	-20,325	-20,309	-20,362	-20,387	-20,418	-20,442	-20,501	-20,509	-20,523	-20,521	-20,471	-20,414	-0,203	-0,164	-0,147	-0,126	-0,105	-0,129	-0,122	-0,125	-0,104	-0,087	-0,047	0,003	0,033	0,080	0,073	0,000	0,000
9,000	-9,649	-9,628	-9,562	-9,397	-9,270	-9,146	-9,084	-9,036	-8,980	-8,939	-8,875	-8,817	-8,733	-8,607	-8,459	0,040	0,119	0,206	0,328	0,332	0,316	0,303	0,281	0,270	0,259	0,279	0,295	0,308	0,308	0,235	0,000	0,000
10,000	-9,638	-9,605	-9,462	-9,291	-9,185	-9,144	-9,127	-9,104	-9,088	-9,087	-9,066	-9,025	-8,966	-8,874	-8,755	0,002	0,214	0,221	0,247	0,209	0,181	0,154	0,136	0,124	0,124	0,147	0,172	0,204	0,220	0,171	0,000	0,000
11,000	-10,060	-9,944	-9,897	-9,752	-9,667	-9,608	-9,577	-9,558	-9,525	-9,505	-9,466	-9,422	-9,355	-9,240	-9,108	0,166	0,194	0,212	0,235	0,219	0,183	0,178	0,167	0,166	0,177	0,196	0,223	0,241	0,256	0,192	0,000	0,000
12,000	-14,413	-14,493	-14,382	-14,360	-14,291	-14,270	-14,273	-14,251	-14,239	-14,251	-14,223	-14,184	-14,120	-13,995	-13,857	-0,017	0,101	0,095	0,110	0,103	0,093	0,089	0,090	0,091	0,106	0,145	0,189	0,229	0,258	0,212	0,000	0,000
13,000	-8,471	-8,418	-8,439	-8,434	-8,423	-8,409	-8,398	-8,384	-8,351	-8,322	-8,271	-8,196	-8,086	-7,921	-7,699	0,039	0,015	0,014	0,049	0,061	0,082	0,110	0,131	0,162	0,202	0,262	0,313	0,369	0,395	0,318	0,000	0,000
14,000	-11,978	-11,892	-11,929	-11,880	-11,870	-11,833	-11,818	-11,810	-11,799	-11,785	-11,774	-11,734	-11,641	-11,504	-11,298	-0,046	-0,061	0,006	0,066	0,063	0,076	0,086	0,092	0,099	0,121	0,164	0,234	0,292	0,338	0,271	0,000	0,000
15,000	-9,154	-9,315	-9,231	-9,252	-9,215	-9,211	-9,207	-9,196	-9,177	-9,180	-9,154	-9,124	-9,080	-9,016	-8,936	-0,343	-0,076	-0,067	0,007	0,027	0,040	0,049	0,055	0,065	0,083	0,101	0,121	0,143	0,150	0,123	0,000	0,000
	run	17	2022:11:08    10:59:29,932
0,000	-13,869	-14,064	-14,123	-14,239	-14,267	-14,286	-14,298	-14,299	-14,305	-14,314	-14,309	-14,285	-14,251	-14,165	-14,081	-0,648	-0,417	-0,330	-0,188	-0,140	-0,091	-0,062	-0,045	-0,015	0,016	0,056	0,092	0,135	0,155	0,131	0,000	0,000
1,000	-17,475	-17,152	-16,968	-16,633	-16,472	-16,360	-16,302	-16,255	-16,205	-16,179	-16,139	-16,114	-16,082	-16,038	-15,986	0,419	0,537	0,542	0,480	0,433	0,355	0,312	0,270	0,226	0,193	0,176	0,152	0,142	0,123	0,091	0,000	0,000
2,000	-6,979	-5,712	-5,305	-4,776	-4,598	-4,455	-4,382	-4,325	-4,275	-4,228	-4,181	-4,134	-4,078	-3,998	-3,910	3,399	2,321	1,795	1,074	0,815	0,621	0,516	0,434	0,366	0,312	0,275	0,256	0,235	0,216	0,157	0,000	0,000
3,000	-9,050	-7,644	-7,190	-6,576	-6,353	-6,211	-6,142	-6,083	-6,041	-6,019	-5,995	-5,972	-5,941	-5,897	-5,846	5,704	3,499	2,597	1,452	1,055	0,766	0,608	0,483	0,369	0,291	0,227	0,185	0,164	0,141	0,100	0,000	0,000
4,000	-5,986	-5,716	-5,491	-5,423	-5,379	-5,392	-5,398	-5,395	-5,396	-5,398	-5,389	-5,347	-5,271	-5,128	-4,953	1,670	1,100	0,727	0,342	0,214	0,157	0,120	0,108	0,100	0,126	0,170	0,224	0,280	0,316	0,262	0,000	0,000
5,000	-11,996	-11,812	-11,972	-11,966	-11,974	-11,944	-11,930	-11,932	-11,903	-11,889	-11,843	-11,768	-11,647	-11,422	-11,137	0,259	-0,051	-0,023	0,038	0,051	0,053	0,089	0,115	0,157	0,191	0,270	0,358	0,444	0,498	0,402	0,000	0,000
6,000	-8,839	-8,849	-8,751	-8,618	-8,520	-8,455	-8,424	-8,398	-8,358	-8,335	-8,285	-8,218	-8,138	-7,980	-7,803	-0,102	0,105	0,162	0,226	0,226	0,196	0,204	0,197	0,203	0,219	0,245	0,292	0,327	0,343	0,267	0,000	0,000
7,000	-6,930	-6,865	-6,871	-6,783	-6,737	-6,703	-6,688	-6,680	-6,662	-6,656	-6,644	-6,617	-6,595	-6,544	-6,486	0,090	0,064	0,087	0,121	0,106	0,085	0,083	0,078	0,080	0,073	0,085	0,096	0,106	0,115	0,085	0,000	0,000
8,000	-19,552	-19,710	-19,760	-19,834	-19,827	-19,873	-19,908	-19,946	-19,965	-20,020	-20,040	-20,058	-20,055	-20,014	-19,956	-0,206	-0,151	-0,155	-0,121	-0,108	-0,125	-0,131	-0,127	-0,107	-0,100	-0,058	-0,016	0,021	0,065	0,066	0,000	0,000
9,000	-9,472	-9,435	-9,371	-9,208	-9,084	-8,970	-8,904	-8,856	-8,803	-8,756	-8,701	-8,641	-8,557	-8,433	-8,289	0,047	0,118	0,200	0,309	0,334	0,313	0,302	0,279	0,268	0,261	0,283	0,292	0,302	0,301	0,226	0,000	0,000
10,000	-9,549	-9,527	-9,384	-9,229	-9,122	-9,086	-9,060	-9,047	-9,022	-9,017	-8,996	-8,966	-8,903	-8,814	-8,701	-0,013	0,205	0,217	0,236	0,206	0,167	0,147	0,134	0,124	0,134	0,151	0,171	0,201	0,216	0,175	0,000	0,000
11,000	-10,003	-9,888	-9,849	-9,703	-9,622	-9,568	-9,536	-9,513	-9,483	-9,465	-9,421	-9,379	-9,319	-9,207	-9,076	0,177	0,181	0,202	0,228	0,217	0,178	0,175	0,164	0,164	0,167	0,192	0,217	0,238	0,248	0,190	0,000	0,000
12,000	-14,510	-14,601	-14,483	-14,455	-14,379	-14,357	-14,350	-14,341	-14,321	-14,329	-14,291	-14,268	-14,202	-14,079	-13,939	-0,030	0,106	0,104	0,112	0,104	0,092	0,088	0,092	0,098	0,098	0,145	0,191	0,236	0,262	0,205	0,000	0,000
13,000	-8,474	-8,495	-8,477	-8,485	-8,470	-8,462	-8,447	-8,427	-8,401	-8,371	-8,318	-8,243	-8,139	-7,965	-7,753	0,002	0,013	0,013	0,038	0,065	0,088	0,109	0,132	0,164	0,208	0,267	0,317	0,364	0,395	0,314	0,000	0,000
14,000	-11,787	-11,624	-11,727	-11,640	-11,646	-11,620	-11,588	-11,590	-11,571	-11,570	-11,556	-11,502	-11,422	-11,281	-11,078	0,046	-0,049	0,002	0,063	0,068	0,065	0,080	0,081	0,099	0,117	0,183	0,228	0,296	0,339	0,280	0,000	0,000
15,000	-9,214	-9,390	-9,302	-9,320	-9,282	-9,279	-9,276	-9,258	-9,240	-9,234	-9,211	-9,184	-9,139	-9,067	-8,991	-0,349	-0,082	-0,070	0,011	0,030	0,048	0,054	0,068	0,070	0,088	0,111	0,123	0,148	0,158	0,129	0,000	0,000
	run	18	2022:11:08    10:59:30,030
0,000	-13,906	-14,127	-14,176	-14,309	-14,342	-14,362	-14,372	-14,379	-14,379	-14,397	-14,387	-14,362	-14,326	-14,249	-14,148	-0,653	-0,421	-0,333	-0,201	-0,143	-0,093	-0,071	-0,046	-0,012	0,009	0,056	0,097	0,132	0,157	0,130	0,000	0,000
1,000	-17,857	-17,545	-17,325	-16,993	-16,820	-16,711	-16,644	-16,594	-16,552	-16,519	-16,488	-16,457	-16,426	-16,378	-16,329	0,432	0,564	0,562	0,507	0,448	0,367	0,325	0,270	0,231	0,201	0,174	0,160	0,141	0,131	0,087	0,000	0,000
2,000	-7,201	-5,927	-5,492	-4,927	-4,721	-4,573	-4,504	-4,444	-4,388	-4,350	-4,295	-4,245	-4,186	-4,105	-4,008	3,474	2,373	1,863	1,130	0,856	0,654	0,543	0,453	0,384	0,325	0,289	0,265	0,247	0,230	0,161	0,000	0,000
3,000	-9,331	-7,894	-7,390	-6,727	-6,482	-6,344	-6,267	-6,207	-6,163	-6,140	-6,121	-6,097	-6,065	-6,021	-5,969	5,796	3,614	2,702	1,531	1,105	0,801	0,632	0,503	0,382	0,295	0,236	0,189	0,167	0,143	0,101	0,000	0,000
4,000	-6,072	-5,804	-5,578	-5,512	-5,471	-5,488	-5,493	-5,490	-5,494	-5,500	-5,479	-5,446	-5,361	-5,215	-5,034	1,631	1,098	0,718	0,342	0,215	0,149	0,124	0,106	0,104	0,128	0,171	0,221	0,293	0,326	0,263	0,000	0,000
5,000	-11,942	-11,768	-11,912	-11,916	-11,920	-11,891	-11,877	-11,876	-11,846	-11,841	-11,804	-11,716	-11,596	-11,371	-11,088	0,283	-0,034	-0,014	0,031	0,050	0,054	0,093	0,115	0,153	0,192	0,278	0,357	0,446	0,496	0,404	0,000	0,000
6,000	-8,769	-8,759	-8,663	-8,529	-8,430	-8,368	-8,337	-8,310	-8,272	-8,252	-8,198	-8,137	-8,055	-7,901	-7,728	-0,087	0,106	0,154	0,232	0,220	0,197	0,198	0,188	0,203	0,207	0,242	0,291	0,320	0,339	0,265	0,000	0,000
7,000	-6,828	-6,772	-6,784	-6,700	-6,658	-6,636	-6,611	-6,605	-6,583	-6,583	-6,569	-6,548	-6,524	-6,470	-6,410	0,073	0,038	0,082	0,113	0,103	0,076	0,083	0,080	0,077	0,073	0,084	0,097	0,105	0,116	0,085	0,000	0,000
8,000	-19,432	-19,581	-19,600	-19,679	-19,671	-19,714	-19,751	-19,780	-19,807	-19,857	-19,873	-19,893	-19,894	-19,854	-19,793	-0,201	-0,148	-0,143	-0,112	-0,104	-0,129	-0,118	-0,127	-0,111	-0,089	-0,051	-0,006	0,023	0,064	0,061	0,000	0,000
9,000	-9,356	-9,322	-9,281	-9,131	-9,005	-8,894	-8,831	-8,784	-8,728	-8,686	-8,629	-8,571	-8,490	-8,370	-8,231	0,061	0,113	0,167	0,298	0,317	0,294	0,286	0,270	0,259	0,247	0,259	0,280	0,293	0,293	0,219	0,000	0,000
10,000	-9,450	-9,446	-9,309	-9,162	-9,067	-9,029	-9,002	-8,982	-8,966	-8,960	-8,944	-8,905	-8,849	-8,757	-8,648	-0,021	0,185	0,197	0,223	0,197	0,166	0,143	0,131	0,119	0,124	0,143	0,170	0,200	0,210	0,172	0,000	0,000
11,000	-10,067	-9,949	-9,910	-9,767	-9,682	-9,623	-9,594	-9,574	-9,541	-9,523	-9,488	-9,437	-9,376	-9,268	-9,140	0,166	0,181	0,189	0,224	0,216	0,180	0,171	0,162	0,165	0,166	0,199	0,215	0,238	0,247	0,191	0,000	0,000
12,000	-14,264	-14,350	-14,237	-14,208	-14,137	-14,122	-14,121	-14,103	-14,086	-14,101	-14,064	-14,028	-13,974	-13,857	-13,718	-0,030	0,099	0,093	0,107	0,105	0,086	0,089	0,091	0,090	0,105	0,144	0,188	0,222	0,259	0,200	0,000	0,000
13,000	-8,462	-8,456	-8,452	-8,464	-8,452	-8,435	-8,421	-8,407	-8,376	-8,347	-8,287	-8,218	-8,108	-7,939	-7,718	0,023	0,023	0,021	0,038	0,063	0,091	0,112	0,136	0,163	0,206	0,254	0,308	0,369	0,399	0,315	0,000	0,000
14,000	-11,830	-11,726	-11,787	-11,731	-11,720	-11,692	-11,667	-11,669	-11,654	-11,641	-11,623	-11,587	-11,505	-11,357	-11,158	-0,009	-0,060	-0,008	0,052	0,065	0,072	0,083	0,085	0,102	0,124	0,172	0,230	0,300	0,342	0,281	0,000	0,000
15,000	-9,337	-9,509	-9,407	-9,440	-9,397	-9,392	-9,380	-9,368	-9,350	-9,349	-9,329	-9,296	-9,248	-9,179	-9,095	-0,352	-0,074	-0,069	0,012	0,029	0,045	0,054	0,064	0,074	0,092	0,113	0,124	0,153	0,158	0,133	0,000	0,000
	run	19	2022:11:08    10:59:30,082
0,000	-13,906	-14,127	-14,176	-14,309	-14,342	-14,362	-14,372	-14,379	-14,379	-14,397	-14,387	-14,362	-14,326	-14,249	-14,148	-0,653	-0,421	-0,333	-0,201	-0,143	-0,093	-0,071	-0,046	-0,012	0,009	0,056	0,097	0,132	0,157	0,130	0,000	0,000
1,000	-17,857	-17,545	-17,325	-16,993	-16,820	-16,711	-16,644	-16,594	-16,552	-16,519	-16,488	-16,457	-16,426	-16,378	-16,329	0,432	0,564	0,562	0,507	0,448	0,367	0,325	0,270	0,231	0,201	0,174	0,160	0,141	0,131	0,087	0,000	0,000
2,000	-7,201	-5,927	-5,492	-4,927	-4,721	-4,573	-4,504	-4,444	-4,388	-4,350	-4,295	-4,245	-4,186	-4,105	-4,008	3,474	2,373	1,863	1,130	0,856	0,654	0,543	0,453	0,384	0,325	0,289	0,265	0,247	0,230	0,161	0,000	0,000
3,000	-9,331	-7,894	-7,390	-6,727	-6,482	-6,344	-6,267	-6,207	-6,163	-6,140	-6,121	-6,097	-6,065	-6,021	-5,969	5,796	3,614	2,702	1,531	1,105	0,801	0,632	0,503	0,382	0,295	0,236	0,189	0,167	0,143	0,101	0,000	0,000
4,000	-6,072	-5,804	-5,578	-5,512	-5,471	-5,488	-5,493	-5,490	-5,494	-5,500	-5,479	-5,446	-5,361	-5,215	-5,034	1,631	1,098	0,718	0,342	0,215	0,149	0,124	0,106	0,104	0,128	0,171	0,221	0,293	0,326	0,263	0,000	0,000
5,000	-11,942	-11,768	-11,912	-11,916	-11,920	-11,891	-11,877	-11,876	-11,846	-11,841	-11,804	-11,716	-11,596	-11,371	-11,088	0,283	-0,034	-0,014	0,031	0,050	0,054	0,093	0,115	0,153	0,192	0,278	0,357	0,446	0,496	0,404	0,000	0,000
6,000	-8,724	-8,740	-8,663	-8,524	-8,425	-8,372	-8,335	-8,306	-8,266	-8,247	-8,201	-8,137	-8,048	-7,897	-7,726	-0,088	0,092	0,154	0,222	0,216	0,198	0,196	0,198	0,202	0,211	0,247	0,285	0,321	0,338	0,260	0,000	0,000
7,000	-6,815	-6,739	-6,760	-6,675	-6,640	-6,603	-6,594	-6,590	-6,569	-6,568	-6,554	-6,528	-6,513	-6,458	-6,399	0,082	0,050	0,068	0,111	0,094	0,075	0,074	0,073	0,076	0,069	0,080	0,092	0,101	0,113	0,079	0,000	0,000
8,000	-19,505	-19,668	-19,692	-19,758	-19,744	-19,792	-19,823	-19,853	-19,868	-19,927	-19,937	-19,963	-19,957	-19,913	-19,855	-0,201	-0,129	-0,132	-0,104	-0,090	-0,115	-0,115	-0,116	-0,107	-0,093	-0,048	-0,007	0,026	0,071	0,069	0,000	0,000
9,000	-9,484	-9,465	-9,410	-9,280	-9,160	-9,054	-8,991	-8,941	-8,881	-8,835	-8,794	-8,722	-8,647	-8,525	-8,376	0,030	0,097	0,166	0,284	0,307	0,288	0,289	0,270	0,258	0,255	0,265	0,281	0,296	0,291	0,221	0,000	0,000
10,000	-9,454	-9,457	-9,319	-9,171	-9,076	-9,037	-9,012	-8,997	-8,973	-8,969	-8,950	-8,917	-8,861	-8,771	-8,659	-0,036	0,190	0,194	0,228	0,192	0,165	0,138	0,130	0,120	0,126	0,139	0,164	0,191	0,214	0,168	0,000	0,000
11,000	-9,961	-9,851	-9,817	-9,682	-9,607	-9,550	-9,519	-9,499	-9,467	-9,453	-9,414	-9,367	-9,305	-9,197	-9,074	0,156	0,170	0,189	0,212	0,207	0,166	0,168	0,156	0,160	0,162	0,191	0,214	0,229	0,243	0,186	0,000	0,000
12,000	-14,169	-14,247	-14,118	-14,101	-14,030	-14,010	-14,006	-13,989	-13,975	-13,983	-13,952	-13,915	-13,858	-13,739	-13,601	-0,012	0,112	0,101	0,112	0,107	0,089	0,094	0,091	0,100	0,107	0,146	0,189	0,231	0,253	0,205	0,000	0,000
13,000	-8,301	-8,258	-8,279	-8,283	-8,279	-8,260	-8,240	-8,231	-8,207	-8,176	-8,124	-8,053	-7,945	-7,785	-7,573	0,024	0,004	0,008	0,032	0,060	0,078	0,105	0,125	0,158	0,196	0,254	0,307	0,362	0,383	0,307	0,000	0,000
14,000	-11,823	-11,727	-11,785	-11,723	-11,714	-11,686	-11,669	-11,657	-11,647	-11,636	-11,620	-11,576	-11,496	-11,349	-11,141	-0,039	-0,054	0,005	0,067	0,073	0,078	0,081	0,090	0,104	0,125	0,172	0,232	0,301	0,341	0,279	0,000	0,000
15,000	-9,301	-9,455	-9,367	-9,401	-9,360	-9,359	-9,345	-9,333	-9,316	-9,315	-9,289	-9,264	-9,216	-9,145	-9,061	-0,339	-0,074	-0,066	0,007	0,025	0,045	0,052	0,063	0,069	0,086	0,107	0,122	0,155	0,164	0,130	0,000	0,000
	run	20	2022:11:08    10:59:30,183
0,000	-13,982	-14,203	-14,236	-14,368	-14,400	-14,424	-14,426	-14,438	-14,446	-14,450	-14,448	-14,421	-14,383	-14,302	-14,210	-0,658	-0,422	-0,339	-0,203	-0,144	-0,100	-0,067	-0,038	-0,013	0,012	0,053	0,093	0,138	0,160	0,128	0,000	0,000
1,000	-17,771	-17,443	-17,254	-16,915	-16,742	-16,630	-16,570	-16,519	-16,470	-16,442	-16,404	-16,375	-16,349	-16,300	-16,251	0,434	0,558	0,562	0,506	0,450	0,370	0,325	0,267	0,236	0,203	0,174	0,157	0,144	0,126	0,087	0,000	0,000
2,000	-7,196	-5,936	-5,496	-4,933	-4,734	-4,592	-4,517	-4,463	-4,411	-4,365	-4,313	-4,267	-4,204	-4,121	-4,025	3,461	2,361	1,844	1,110	0,844	0,639	0,537	0,449	0,380	0,326	0,291	0,265	0,248	0,227	0,164	0,000	0,000
3,000	-9,381	-7,936	-7,419	-6,771	-6,524	-6,385	-6,316	-6,254	-6,213	-6,191	-6,178	-6,152	-6,119	-6,072	-6,021	5,815	3,611	2,675	1,518	1,096	0,794	0,623	0,493	0,379	0,291	0,227	0,187	0,168	0,145	0,104	0,000	0,000
4,000	-6,190	-5,889	-5,680	-5,619	-5,576	-5,590	-5,596	-5,592	-5,590	-5,606	-5,580	-5,547	-5,457	-5,310	-5,123	1,657	1,093	0,730	0,336	0,217	0,151	0,121	0,108	0,110	0,131	0,175	0,232	0,296	0,328	0,272	0,000	0,000
5,000	-12,174	-11,985	-12,144	-12,135	-12,148	-12,119	-12,100	-12,102	-12,075	-12,066	-12,008	-11,941	-11,809	-11,584	-11,290	0,284	-0,036	-0,017	0,037	0,052	0,050	0,097	0,117	0,150	0,195	0,280	0,360	0,457	0,510	0,415	0,000	0,000
6,000	-8,862	-8,865	-8,762	-8,639	-8,535	-8,476	-8,448	-8,415	-8,377	-8,358	-8,303	-8,242	-8,153	-8,003	-7,823	-0,076	0,110	0,158	0,225	0,225	0,206	0,200	0,199	0,205	0,215	0,256	0,290	0,323	0,348	0,265	0,000	0,000
7,000	-6,945	-6,889	-6,890	-6,800	-6,755	-6,728	-6,711	-6,699	-6,678	-6,681	-6,658	-6,635	-6,611	-6,560	-6,503	0,075	0,053	0,087	0,119	0,109	0,085	0,089	0,079	0,073	0,071	0,085	0,091	0,107	0,110	0,083	0,000	0,000
8,000	-19,663	-19,813	-19,834	-19,927	-19,922	-19,965	-19,996	-20,028	-20,059	-20,113	-20,123	-20,144	-20,152	-20,107	-20,048	-0,188	-0,153	-0,146	-0,116	-0,113	-0,128	-0,129	-0,128	-0,116	-0,098	-0,056	-0,012	0,019	0,062	0,065	0,000	0,000
9,000	-9,387	-9,331	-9,289	-9,118	-8,983	-8,868	-8,807	-8,755	-8,698	-8,662	-8,602	-8,539	-8,461	-8,338	-8,190	0,059	0,110	0,197	0,314	0,338	0,313	0,295	0,271	0,264	0,260	0,268	0,282	0,299	0,299	0,227	0,000	0,000
10,000	-9,406	-9,411	-9,285	-9,150	-9,058	-9,025	-9,000	-8,985	-8,965	-8,968	-8,944	-8,910	-8,854	-8,764	-8,658	-0,043	0,173	0,181	0,212	0,178	0,158	0,138	0,121	0,110	0,117	0,139	0,159	0,195	0,197	0,167	0,000	0,000
11,000	-9,810	-9,694	-9,660	-9,526	-9,444	-9,388	-9,361	-9,335	-9,307	-9,291	-9,256	-9,207	-9,146	-9,042	-8,921	0,152	0,156	0,183	0,216	0,206	0,171	0,168	0,156	0,161	0,164	0,182	0,210	0,231	0,242	0,182	0,000	0,000
12,000	-13,850	-13,937	-13,805	-13,782	-13,713	-13,698	-13,685	-13,676	-13,657	-13,675	-13,653	-13,603	-13,553	-13,435	-13,297	-0,021	0,108	0,103	0,109	0,105	0,092	0,088	0,089	0,094	0,106	0,141	0,182	0,222	0,250	0,200	0,000	0,000
13,000	-8,235	-8,249	-8,242	-8,261	-8,247	-8,233	-8,224	-8,207	-8,183	-8,152	-8,094	-8,028	-7,925	-7,757	-7,555	-0,006	0,000	0,005	0,031	0,059	0,080	0,103	0,125	0,158	0,195	0,252	0,297	0,355	0,375	0,302	0,000	0,000
14,000	-11,723	-11,582	-11,672	-11,605	-11,600	-11,577	-11,550	-11,543	-11,533	-11,530	-11,507	-11,466	-11,389	-11,239	-11,037	0,025	-0,050	0,001	0,058	0,070	0,062	0,079	0,078	0,095	0,119	0,170	0,225	0,294	0,334	0,279	0,000	0,000
15,000	-9,285	-9,458	-9,363	-9,388	-9,346	-9,335	-9,328	-9,310	-9,299	-9,293	-9,271	-9,244	-9,197	-9,124	-9,044	-0,340	-0,078	-0,075	0,009	0,031	0,048	0,058	0,069	0,070	0,089	0,108	0,126	0,151	0,158	0,125	0,000	0,000
	run	21	2022:11:08    10:59:30,282
0,000	-13,810	-14,034	-14,071	-14,200	-14,227	-14,253	-14,261	-14,265	-14,266	-14,280	-14,274	-14,253	-14,210	-14,130	-14,039	-0,657	-0,429	-0,335	-0,194	-0,141	-0,086	-0,059	-0,038	-0,012	0,014	0,051	0,095	0,135	0,160	0,128	0,000	0,000
1,000	-17,568	-17,272	-17,062	-16,739	-16,581	-16,466	-16,406	-16,360	-16,315	-16,282	-16,248	-16,219	-16,190	-16,140	-16,093	0,408	0,542	0,542	0,483	0,435	0,354	0,317	0,266	0,230	0,197	0,172	0,152	0,134	0,124	0,086	0,000	0,000
2,000	-7,105	-5,822	-5,410	-4,851	-4,657	-4,515	-4,436	-4,386	-4,334	-4,286	-4,242	-4,189	-4,130	-4,052	-3,958	3,414	2,337	1,828	1,099	0,838	0,635	0,534	0,441	0,371	0,315	0,281	0,260	0,242	0,222	0,156	0,000	0,000
3,000	-9,217	-7,795	-7,303	-6,680	-6,439	-6,293	-6,220	-6,164	-6,121	-6,106	-6,084	-6,065	-6,031	-5,985	-5,934	5,825	3,568	2,650	1,496	1,080	0,781	0,616	0,488	0,371	0,286	0,224	0,187	0,173	0,141	0,103	0,000	0,000
4,000	-6,105	-5,815	-5,594	-5,533	-5,488	-5,503	-5,509	-5,508	-5,509	-5,519	-5,493	-5,458	-5,374	-5,226	-5,048	1,658	1,105	0,726	0,339	0,220	0,152	0,122	0,106	0,113	0,132	0,172	0,228	0,288	0,326	0,268	0,000	0,000
5,000	-12,208	-12,033	-12,187	-12,191	-12,197	-12,171	-12,149	-12,152	-12,117	-12,112	-12,067	-11,989	-11,865	-11,638	-11,346	0,268	-0,044	-0,020	0,035	0,047	0,058	0,095	0,116	0,156	0,204	0,272	0,371	0,459	0,511	0,412	0,000	0,000
6,000	-8,982	-8,984	-8,892	-8,752	-8,639	-8,589	-8,554	-8,523	-8,487	-8,465	-8,412	-8,345	-8,253	-8,104	-7,925	-0,084	0,121	0,158	0,232	0,231	0,208	0,205	0,202	0,205	0,221	0,247	0,295	0,328	0,349	0,271	0,000	0,000
7,000	-6,955	-6,883	-6,896	-6,804	-6,765	-6,737	-6,719	-6,716	-6,690	-6,689	-6,677	-6,653	-6,631	-6,580	-6,524	0,070	0,059	0,077	0,123	0,102	0,080	0,080	0,075	0,072	0,067	0,080	0,097	0,108	0,111	0,081	0,000	0,000
8,000	-19,581	-19,755	-19,765	-19,865	-19,855	-19,902	-19,941	-19,970	-19,995	-20,055	-20,070	-20,083	-20,085	-20,046	-19,988	-0,236	-0,173	-0,157	-0,132	-0,117	-0,133	-0,129	-0,126	-0,117	-0,098	-0,055	-0,019	0,024	0,062	0,062	0,000	0,000
9,000	-9,397	-9,349	-9,288	-9,140	-8,997	-8,893	-8,827	-8,781	-8,725	-8,686	-8,625	-8,568	-8,487	-8,366	-8,226	0,062	0,129	0,199	0,317	0,331	0,307	0,298	0,276	0,264	0,256	0,264	0,281	0,289	0,289	0,218	0,000	0,000
10,000	-9,302	-9,296	-9,169	-9,054	-8,959	-8,922	-8,905	-8,882	-8,861	-8,865	-8,839	-8,810	-8,754	-8,660	-8,554	-0,038	0,166	0,167	0,195	0,174	0,149	0,130	0,117	0,116	0,116	0,139	0,160	0,196	0,210	0,167	0,000	0,000
11,000	-9,790	-9,688	-9,651	-9,518	-9,437	-9,383	-9,351	-9,333	-9,296	-9,283	-9,248	-9,202	-9,138	-9,033	-8,912	0,150	0,159	0,179	0,208	0,203	0,171	0,166	0,157	0,158	0,162	0,184	0,209	0,226	0,235	0,186	0,000	0,000
12,000	-14,010	-14,095	-13,973	-13,948	-13,883	-13,862	-13,854	-13,845	-13,832	-13,841	-13,808	-13,776	-13,718	-13,605	-13,461	-0,035	0,106	0,104	0,107	0,097	0,091	0,085	0,090	0,095	0,102	0,133	0,182	0,226	0,248	0,196	0,000	0,000
13,000	-8,285	-8,281	-8,282	-8,293	-8,281	-8,267	-8,254	-8,239	-8,211	-8,179	-8,130	-8,057	-7,949	-7,783	-7,576	0,016	0,011	0,005	0,032	0,061	0,086	0,108	0,131	0,161	0,199	0,252	0,304	0,362	0,382	0,305	0,000	0,000
14,000	-11,730	-11,627	-11,685	-11,629	-11,622	-11,592	-11,564	-11,564	-11,555	-11,547	-11,522	-11,484	-11,410	-11,262	-11,064	-0,002	-0,060	-0,001	0,058	0,065	0,060	0,077	0,078	0,098	0,118	0,168	0,223	0,290	0,332	0,274	0,000	0,000
15,000	-9,249	-9,412	-9,327	-9,353	-9,309	-9,306	-9,300	-9,292	-9,270	-9,269	-9,245	-9,217	-9,171	-9,103	-9,013	-0,345	-0,071	-0,065	0,013	0,027	0,051	0,053	0,065	0,069	0,088	0,108	0,120	0,152	0,161	0,129	0,000	0,000
	run	22	2022:11:08    10:59:30,329
0,000	-13,712	-13,915	-13,966	-14,082	-14,112	-14,134	-14,137	-14,144	-14,149	-14,157	-14,151	-14,127	-14,087	-14,016	-13,919	-0,641	-0,413	-0,337	-0,184	-0,136	-0,088	-0,056	-0,042	-0,013	0,010	0,054	0,092	0,130	0,154	0,128	0,000	0,000
1,000	-17,258	-16,959	-16,780	-16,465	-16,309	-16,195	-16,143	-16,088	-16,052	-16,022	-15,990	-15,958	-15,932	-15,884	-15,839	0,390	0,520	0,525	0,469	0,421	0,344	0,305	0,255	0,223	0,189	0,165	0,153	0,133	0,124	0,086	0,000	0,000
2,000	-7,105	-5,822	-5,410	-4,851	-4,657	-4,515	-4,436	-4,386	-4,334	-4,286	-4,242	-4,189	-4,130	-4,052	-3,958	3,414	2,337	1,828	1,099	0,838	0,635	0,534	0,441	0,371	0,315	0,281	0,260	0,242	0,222	0,156	0,000	0,000
3,000	-9,217	-7,795	-7,303	-6,680	-6,439	-6,293	-6,220	-6,164	-6,121	-6,106	-6,084	-6,065	-6,031	-5,985	-5,934	5,825	3,568	2,650	1,496	1,080	0,781	0,616	0,488	0,371	0,286	0,224	0,187	0,173	0,141	0,103	0,000	0,000
4,000	-6,105	-5,815	-5,594	-5,533	-5,488	-5,503	-5,509	-5,508	-5,509	-5,519	-5,493	-5,458	-5,374	-5,226	-5,048	1,658	1,105	0,726	0,339	0,220	0,152	0,122	0,106	0,113	0,132	0,172	0,228	0,288	0,326	0,268	0,000	0,000
5,000	-12,208	-12,033	-12,187	-12,191	-12,197	-12,171	-12,149	-12,152	-12,117	-12,112	-12,067	-11,989	-11,865	-11,638	-11,346	0,268	-0,044	-0,020	0,035	0,047	0,058	0,095	0,116	0,156	0,204	0,272	0,371	0,459	0,511	0,412	0,000	0,000
6,000	-8,982	-8,984	-8,892	-8,752	-8,639	-8,589	-8,554	-8,523	-8,487	-8,465	-8,412	-8,345	-8,253	-8,104	-7,925	-0,084	0,121	0,158	0,232	0,231	0,208	0,205	0,202	0,205	0,221	0,247	0,295	0,328	0,349	0,271	0,000	0,000
7,000	-6,955	-6,883	-6,896	-6,804	-6,765	-6,737	-6,719	-6,716	-6,690	-6,689	-6,677	-6,653	-6,631	-6,580	-6,524	0,070	0,059	0,077	0,123	0,102	0,080	0,080	0,075	0,072	0,067	0,080	0,097	0,108	0,111	0,081	0,000	0,000
8,000	-19,665	-19,791	-19,833	-19,900	-19,896	-19,941	-19,975	-20,009	-20,030	-20,082	-20,097	-20,118	-20,118	-20,077	-20,009	-0,196	-0,158	-0,134	-0,110	-0,106	-0,131	-0,119	-0,130	-0,108	-0,087	-0,050	-0,007	0,024	0,068	0,064	0,000	0,000
9,000	-9,512	-9,495	-9,445	-9,310	-9,183	-9,077	-9,012	-8,959	-8,904	-8,857	-8,799	-8,748	-8,665	-8,540	-8,392	0,040	0,095	0,179	0,297	0,320	0,294	0,293	0,274	0,263	0,256	0,266	0,286	0,298	0,295	0,221	0,000	0,000
10,000	-9,495	-9,501	-9,353	-9,197	-9,096	-9,057	-9,034	-9,018	-8,995	-8,996	-8,975	-8,947	-8,889	-8,788	-8,679	-0,020	0,193	0,211	0,233	0,201	0,165	0,146	0,131	0,121	0,127	0,145	0,166	0,203	0,210	0,171	0,000	0,000
11,000	-10,009	-9,898	-9,853	-9,721	-9,635	-9,578	-9,549	-9,525	-9,495	-9,484	-9,442	-9,396	-9,335	-9,225	-9,097	0,151	0,182	0,196	0,225	0,209	0,174	0,169	0,164	0,165	0,162	0,191	0,217	0,236	0,245	0,185	0,000	0,000
12,000	-14,197	-14,296	-14,177	-14,145	-14,079	-14,056	-14,054	-14,041	-14,027	-14,030	-14,003	-13,960	-13,906	-13,785	-13,648	-0,027	0,106	0,102	0,116	0,104	0,096	0,089	0,086	0,097	0,115	0,147	0,182	0,227	0,260	0,204	0,000	0,000
13,000	-8,315	-8,323	-8,312	-8,328	-8,313	-8,302	-8,289	-8,270	-8,248	-8,212	-8,165	-8,090	-7,984	-7,821	-7,607	0,007	0,015	0,001	0,033	0,062	0,083	0,104	0,128	0,162	0,200	0,255	0,306	0,362	0,387	0,306	0,000	0,000
14,000	-11,730	-11,598	-11,685	-11,616	-11,610	-11,582	-11,554	-11,554	-11,542	-11,541	-11,515	-11,475	-11,389	-11,256	-11,049	0,028	-0,051	0,008	0,064	0,066	0,063	0,086	0,075	0,099	0,126	0,174	0,226	0,294	0,327	0,272	0,000	0,000
15,000	-9,101	-9,275	-9,178	-9,204	-9,165	-9,161	-9,157	-9,145	-9,127	-9,125	-9,100	-9,074	-9,033	-8,961	-8,879	-0,335	-0,081	-0,068	0,014	0,025	0,044	0,053	0,061	0,066	0,082	0,106	0,121	0,143	0,152	0,123	0,000	0,000
	run	23	2022:11:08    10:59:30,431
0,000	-13,533	-13,733	-13,760	-13,895	-13,916	-13,936	-13,943	-13,947	-13,949	-13,959	-13,956	-13,934	-13,895	-13,818	-13,726	-0,648	-0,416	-0,332	-0,194	-0,128	-0,090	-0,058	-0,038	-0,014	0,013	0,051	0,094	0,127	0,155	0,125	0,000	0,000
1,000	-17,206	-16,902	-16,722	-16,423	-16,269	-16,159	-16,108	-16,061	-16,009	-15,986	-15,952	-15,921	-15,891	-15,847	-15,801	0,366	0,505	0,494	0,457	0,405	0,340	0,300	0,252	0,221	0,188	0,165	0,154	0,132	0,123	0,086	0,000	0,000
2,000	-6,993	-5,747	-5,327	-4,802	-4,612	-4,472	-4,401	-4,343	-4,289	-4,253	-4,202	-4,151	-4,095	-4,018	-3,936	3,390	2,311	1,793	1,077	0,817	0,618	0,518	0,432	0,365	0,307	0,273	0,252	0,232	0,209	0,152	0,000	0,000
3,000	-9,145	-7,725	-7,228	-6,632	-6,391	-6,257	-6,182	-6,135	-6,090	-6,069	-6,048	-6,030	-5,997	-5,952	-5,901	5,750	3,553	2,618	1,475	1,065	0,768	0,612	0,487	0,368	0,286	0,223	0,185	0,162	0,143	0,097	0,000	0,000
4,000	-5,976	-5,701	-5,487	-5,414	-5,375	-5,386	-5,396	-5,392	-5,392	-5,401	-5,382	-5,345	-5,266	-5,125	-4,943	1,659	1,097	0,724	0,345	0,217	0,152	0,122	0,112	0,102	0,127	0,161	0,226	0,280	0,315	0,259	0,000	0,000
5,000	-11,904	-11,737	-11,890	-11,894	-11,901	-11,873	-11,859	-11,857	-11,830	-11,819	-11,770	-11,698	-11,573	-11,349	-11,065	0,267	-0,039	-0,010	0,035	0,043	0,059	0,090	0,117	0,153	0,195	0,272	0,354	0,443	0,502	0,405	0,000	0,000
6,000	-8,882	-8,883	-8,788	-8,649	-8,549	-8,494	-8,463	-8,425	-8,399	-8,382	-8,327	-8,259	-8,163	-8,015	-7,839	-0,087	0,122	0,155	0,226	0,223	0,204	0,204	0,194	0,203	0,207	0,248	0,293	0,329	0,342	0,267	0,000	0,000
7,000	-6,933	-6,867	-6,872	-6,784	-6,747	-6,714	-6,696	-6,690	-6,666	-6,660	-6,647	-6,625	-6,599	-6,547	-6,487	0,052	0,064	0,075	0,128	0,109	0,085	0,085	0,078	0,081	0,078	0,090	0,100	0,108	0,119	0,087	0,000	0,000
8,000	-19,745	-19,914	-19,949	-20,035	-20,029	-20,078	-20,108	-20,136	-20,162	-20,218	-20,226	-20,248	-20,247	-20,198	-20,142	-0,225	-0,150	-0,154	-0,122	-0,112	-0,131	-0,126	-0,120	-0,106	-0,090	-0,049	-0,003	0,032	0,072	0,071	0,000	0,000
9,000	-9,508	-9,452	-9,409	-9,238	-9,103	-8,988	-8,923	-8,877	-8,818	-8,775	-8,723	-8,653	-8,574	-8,448	-8,304	0,066	0,131	0,200	0,319	0,340	0,310	0,301	0,275	0,267	0,263	0,277	0,293	0,302	0,299	0,226	0,000	0,000
10,000	-9,645	-9,638	-9,485	-9,317	-9,212	-9,173	-9,147	-9,130	-9,111	-9,109	-9,089	-9,049	-8,993	-8,897	-8,785	0,000	0,215	0,236	0,247	0,208	0,171	0,150	0,140	0,122	0,132	0,150	0,170	0,203	0,217	0,174	0,000	0,000
11,000	-10,090	-9,964	-9,928	-9,776	-9,694	-9,634	-9,601	-9,579	-9,544	-9,532	-9,491	-9,444	-9,379	-9,268	-9,136	0,181	0,191	0,206	0,236	0,220	0,181	0,176	0,163	0,166	0,170	0,195	0,219	0,246	0,253	0,197	0,000	0,000
12,000	-14,396	-14,504	-14,365	-14,350	-14,275	-14,261	-14,255	-14,242	-14,227	-14,237	-14,212	-14,167	-14,104	-13,982	-13,847	-0,047	0,100	0,109	0,113	0,107	0,089	0,091	0,092	0,100	0,111	0,150	0,191	0,231	0,261	0,204	0,000	0,000
13,000	-8,466	-8,493	-8,476	-8,493	-8,477	-8,457	-8,444	-8,428	-8,401	-8,369	-8,310	-8,239	-8,135	-7,960	-7,747	0,006	0,017	0,013	0,036	0,060	0,089	0,112	0,128	0,166	0,207	0,259	0,307	0,372	0,397	0,315	0,000	0,000
14,000	-11,756	-11,605	-11,694	-11,627	-11,612	-11,588	-11,574	-11,565	-11,549	-11,544	-11,517	-11,483	-11,400	-11,256	-11,061	0,020	-0,048	-0,001	0,056	0,072	0,071	0,077	0,088	0,097	0,130	0,173	0,230	0,295	0,332	0,273	0,000	0,000
15,000	-9,118	-9,295	-9,208	-9,234	-9,196	-9,190	-9,182	-9,165	-9,151	-9,149	-9,129	-9,102	-9,059	-8,986	-8,907	-0,341	-0,078	-0,068	0,005	0,024	0,048	0,051	0,063	0,066	0,086	0,105	0,119	0,147	0,151	0,123	0,000	0,000
	run	24	2022:11:08    10:59:30,482
0,000	-13,533	-13,733	-13,760	-13,895	-13,916	-13,936	-13,943	-13,947	-13,949	-13,959	-13,956	-13,934	-13,895	-13,818	-13,726	-0,648	-0,416	-0,332	-0,194	-0,128	-0,090	-0,058	-0,038	-0,014	0,013	0,051	0,094	0,127	0,155	0,125	0,000	0,000
1,000	-17,206	-16,902	-16,722	-16,423	-16,269	-16,159	-16,108	-16,061	-16,009	-15,986	-15,952	-15,921	-15,891	-15,847	-15,801	0,366	0,505	0,494	0,457	0,405	0,340	0,300	0,252	0,221	0,188	0,165	0,154	0,132	0,123	0,086	0,000	0,000
2,000	-6,993	-5,747	-5,327	-4,802	-4,612	-4,472	-4,401	-4,343	-4,289	-4,253	-4,202	-4,151	-4,095	-4,018	-3,936	3,390	2,311	1,793	1,077	0,817	0,618	0,518	0,432	0,365	0,307	0,273	0,252	0,232	0,209	0,152	0,000	0,000
3,000	-9,145	-7,725	-7,228	-6,632	-6,391	-6,257	-6,182	-6,135	-6,090	-6,069	-6,048	-6,030	-5,997	-5,952	-5,901	5,750	3,553	2,618	1,475	1,065	0,768	0,612	0,487	0,368	0,286	0,223	0,185	0,162	0,143	0,097	0,000	0,000
4,000	-5,976	-5,701	-5,487	-5,414	-5,375	-5,386	-5,396	-5,392	-5,392	-5,401	-5,382	-5,345	-5,266	-5,125	-4,943	1,659	1,097	0,724	0,345	0,217	0,152	0,122	0,112	0,102	0,127	0,161	0,226	0,280	0,315	0,259	0,000	0,000
5,000	-11,904	-11,737	-11,890	-11,894	-11,901	-11,873	-11,859	-11,857	-11,830	-11,819	-11,770	-11,698	-11,573	-11,349	-11,065	0,267	-0,039	-0,010	0,035	0,043	0,059	0,090	0,117	0,153	0,195	0,272	0,354	0,443	0,502	0,405	0,000	0,000
6,000	-8,773	-8,786	-8,686	-8,562	-8,459	-8,400	-8,375	-8,339	-8,304	-8,287	-8,237	-8,172	-8,076	-7,930	-7,750	-0,074	0,108	0,158	0,221	0,214	0,195	0,195	0,191	0,202	0,213	0,254	0,287	0,323	0,346	0,269	0,000	0,000
7,000	-6,992	-6,910	-6,896	-6,796	-6,755	-6,723	-6,710	-6,699	-6,678	-6,682	-6,661	-6,639	-6,611	-6,555	-6,500	0,075	0,070	0,103	0,132	0,120	0,090	0,094	0,086	0,076	0,081	0,089	0,102	0,116	0,115	0,089	0,000	0,000
8,000	-19,939	-20,106	-20,137	-20,245	-20,245	-20,284	-20,324	-20,356	-20,377	-20,432	-20,450	-20,466	-20,469	-20,424	-20,364	-0,216	-0,184	-0,173	-0,137	-0,115	-0,138	-0,133	-0,131	-0,117	-0,095	-0,060	-0,009	0,020	0,071	0,063	0,000	0,000
9,000	-9,640	-9,602	-9,529	-9,352	-9,208	-9,096	-9,030	-8,980	-8,922	-8,884	-8,824	-8,758	-8,677	-8,552	-8,401	0,069	0,147	0,220	0,339	0,348	0,316	0,308	0,287	0,273	0,262	0,275	0,292	0,310	0,305	0,230	0,000	0,000
10,000	-9,675	-9,670	-9,530	-9,356	-9,247	-9,203	-9,181	-9,161	-9,138	-9,145	-9,117	-9,083	-9,027	-8,926	-8,808	-0,006	0,219	0,227	0,252	0,212	0,174	0,154	0,143	0,125	0,134	0,151	0,171	0,212	0,224	0,179	0,000	0,000
11,000	-10,139	-10,020	-9,976	-9,821	-9,730	-9,673	-9,640	-9,621	-9,583	-9,568	-9,529	-9,483	-9,414	-9,301	-9,175	0,187	0,201	0,209	0,235	0,222	0,186	0,176	0,167	0,169	0,174	0,202	0,226	0,245	0,254	0,197	0,000	0,000
12,000	-14,616	-14,719	-14,582	-14,569	-14,499	-14,481	-14,473	-14,457	-14,441	-14,453	-14,421	-14,380	-14,322	-14,199	-14,053	-0,036	0,097	0,098	0,111	0,106	0,095	0,089	0,097	0,094	0,105	0,149	0,195	0,231	0,266	0,208	0,000	0,000
13,000	-8,518	-8,530	-8,520	-8,529	-8,513	-8,495	-8,482	-8,464	-8,443	-8,408	-8,356	-8,278	-8,167	-7,999	-7,775	0,025	0,011	0,012	0,048	0,064	0,096	0,113	0,136	0,165	0,213	0,266	0,323	0,377	0,404	0,323	0,000	0,000
14,000	-11,820	-11,674	-11,752	-11,698	-11,680	-11,646	-11,632	-11,626	-11,616	-11,609	-11,589	-11,550	-11,463	-11,320	-11,131	-0,011	-0,044	0,001	0,065	0,072	0,068	0,082	0,073	0,095	0,116	0,171	0,220	0,286	0,330	0,276	0,000	0,000
15,000	-9,119	-9,296	-9,204	-9,223	-9,183	-9,183	-9,176	-9,165	-9,150	-9,149	-9,127	-9,096	-9,055	-8,986	-8,906	-0,351	-0,066	-0,075	0,007	0,020	0,043	0,051	0,063	0,065	0,089	0,110	0,120	0,143	0,154	0,124	0,000	0,000
