Device: PM2003001		2022:11:08    11:37:31,645  (DLL version: 1.20;  Status: HW:v1.02 SW:v1.3 CRC:31ED BATTERY:4154mV ST:0 ERR:0000;  MUX data; S: 92 I:143 R:200.000 C:1.094p F:)
Excitation level, V:	2,00
Voltage Channel Gain:	5
Current Channel Gain:	1
Voltmeter Range, V:	0,6
Ampermeter Range, A:	15,0m
Step Period, ms:	5
R transimp:	200
C transimp:	1,1p
Measurement Table: 	EEPROM  16

Freq, Hz	1,0k	2,0k	3,0k	7,0k	11,0k	17,0k	23,0k	31,0k	43,0k	61,0k	89,0k	127,0k	179,0k	251,0k	349,0k	1,0k	2,0k	3,0k	7,0k	11,0k	17,0k	23,0k	31,0k	43,0k	61,0k	89,0k	127,0k	179,0k	251,0k	349,0k
	run	1	2022:11:08    11:37:31,648
MUX	Re1, ohm	Re2, ohm	Re3, ohm	Re4, ohm	Re5, ohm	Re6, ohm	Re7, ohm	Re8, ohm	Re9, ohm	Re10, ohm	Re11, ohm	Re12, ohm	Re13, ohm	Re14, ohm	Re15, ohm	Im1, ohm	Im2, ohm	Im3, ohm	Im4, ohm	Im5, ohm	Im6, ohm	Im7, ohm	Im8, ohm	Im9, ohm	Im10, ohm	Im11, ohm	Im12, ohm	Im13, ohm	Im14, ohm	Im15, ohm	U, V	I, mA

0,000	-13,605	-13,700	-13,744	-13,861	-13,888	-13,915	-13,927	-13,934	-13,939	-13,949	-13,936	-13,917	-13,868	-13,776	-13,664	-0,341	-0,250	-0,220	-0,148	-0,114	-0,084	-0,056	-0,034	0,001	0,026	0,069	0,117	0,161	0,186	0,154	0,000	0,000
1,000	-17,575	-17,641	-17,561	-17,345	-17,167	-17,042	-16,970	-16,910	-16,852	-16,814	-16,753	-16,702	-16,648	-16,550	-16,443	-0,277	0,027	0,165	0,340	0,372	0,342	0,323	0,289	0,267	0,251	0,247	0,250	0,240	0,233	0,173	0,000	0,000
2,000	-11,316	-11,246	-11,188	-11,001	-10,889	-10,809	-10,764	-10,719	-10,665	-10,624	-10,556	-10,483	-10,398	-10,261	-10,115	0,009	0,144	0,208	0,279	0,281	0,256	0,261	0,253	0,256	0,263	0,284	0,303	0,314	0,312	0,228	0,000	0,000
3,000	-15,517	-14,705	-14,365	-13,772	-13,534	-13,376	-13,301	-13,250	-13,203	-13,184	-13,165	-13,155	-13,152	-13,134	-13,123	2,930	2,005	1,628	1,079	0,836	0,618	0,506	0,387	0,300	0,211	0,160	0,119	0,084	0,064	0,033	0,000	0,000
4,000	-3,586	-3,423	-3,289	-3,214	-3,159	-3,148	-3,133	-3,120	-3,105	-3,100	-3,062	-3,014	-2,907	-2,741	-2,528	1,928	1,125	0,765	0,408	0,288	0,225	0,196	0,176	0,173	0,193	0,239	0,290	0,354	0,387	0,315	0,000	0,000
5,000	-6,551	-5,537	-5,358	-5,026	-4,914	-4,837	-4,804	-4,785	-4,745	-4,728	-4,682	-4,610	-4,509	-4,330	-4,110	3,384	1,973	1,474	0,805	0,582	0,420	0,366	0,313	0,293	0,285	0,310	0,356	0,397	0,420	0,332	0,000	0,000
6,000	-8,999	-8,949	-8,841	-8,691	-8,587	-8,527	-8,488	-8,462	-8,421	-8,396	-8,340	-8,281	-8,191	-8,039	-7,860	-0,038	0,141	0,188	0,249	0,246	0,212	0,212	0,207	0,214	0,225	0,260	0,291	0,325	0,343	0,265	0,000	0,000
7,000	-7,056	-7,007	-6,959	-6,888	-6,826	-6,795	-6,776	-6,766	-6,748	-6,736	-6,728	-6,709	-6,677	-6,635	-6,580	0,025	0,075	0,097	0,135	0,115	0,104	0,097	0,086	0,079	0,079	0,082	0,093	0,105	0,105	0,086	0,000	0,000
8,000	-19,823	-20,044	-20,050	-20,197	-20,195	-20,242	-20,279	-20,305	-20,324	-20,372	-20,384	-20,398	-20,395	-20,346	-20,285	-0,336	-0,219	-0,234	-0,168	-0,146	-0,142	-0,128	-0,122	-0,100	-0,077	-0,045	0,001	0,034	0,079	0,074	0,000	0,000
9,000	-9,635	-9,560	-9,485	-9,249	-9,104	-8,987	-8,922	-8,871	-8,822	-8,781	-8,730	-8,671	-8,584	-8,456	-8,302	0,119	0,217	0,293	0,376	0,372	0,334	0,318	0,283	0,267	0,258	0,267	0,289	0,305	0,307	0,236	0,000	0,000
10,000	-9,528	-9,547	-9,431	-9,307	-9,215	-9,184	-9,164	-9,143	-9,118	-9,115	-9,092	-9,052	-8,988	-8,892	-8,778	-0,044	0,155	0,165	0,192	0,165	0,146	0,137	0,128	0,125	0,136	0,156	0,175	0,214	0,220	0,178	0,000	0,000
11,000	-9,530	-9,413	-9,380	-9,234	-9,155	-9,104	-9,070	-9,049	-9,020	-8,995	-8,959	-8,912	-8,846	-8,743	-8,615	0,148	0,164	0,183	0,215	0,202	0,179	0,173	0,158	0,166	0,167	0,191	0,221	0,239	0,249	0,194	0,000	0,000
12,000	-14,704	-14,705	-14,635	-14,588	-14,532	-14,517	-14,511	-14,504	-14,495	-14,505	-14,482	-14,445	-14,389	-14,278	-14,142	0,052	0,101	0,103	0,105	0,094	0,073	0,070	0,075	0,083	0,090	0,134	0,173	0,214	0,249	0,196	0,000	0,000
13,000	-8,070	-8,144	-8,094	-8,121	-8,097	-8,081	-8,066	-8,045	-8,022	-7,987	-7,931	-7,865	-7,755	-7,595	-7,395	-0,024	0,014	0,008	0,043	0,070	0,096	0,119	0,140	0,163	0,201	0,254	0,302	0,355	0,375	0,301	0,000	0,000
14,000	-11,517	-11,375	-11,436	-11,380	-11,376	-11,340	-11,331	-11,330	-11,316	-11,311	-11,282	-11,250	-11,175	-11,028	-10,826	0,041	-0,055	0,023	0,061	0,065	0,064	0,072	0,076	0,092	0,113	0,177	0,224	0,290	0,331	0,272	0,000	0,000
15,000	-9,078	-9,115	-9,105	-9,079	-9,044	-9,040	-9,034	-9,020	-8,995	-8,990	-8,966	-8,936	-8,891	-8,820	-8,737	-0,152	-0,018	-0,017	0,042	0,048	0,049	0,061	0,076	0,078	0,091	0,112	0,133	0,153	0,160	0,129	0,000	0,000
	run	2	2022:11:08    11:37:31,700
0,000	-13,605	-13,700	-13,744	-13,861	-13,888	-13,915	-13,927	-13,934	-13,939	-13,949	-13,936	-13,917	-13,868	-13,776	-13,664	-0,341	-0,250	-0,220	-0,148	-0,114	-0,084	-0,056	-0,034	0,001	0,026	0,069	0,117	0,161	0,186	0,154	0,000	0,000
1,000	-17,575	-17,641	-17,561	-17,345	-17,167	-17,042	-16,970	-16,910	-16,852	-16,814	-16,753	-16,702	-16,648	-16,550	-16,443	-0,277	0,027	0,165	0,340	0,372	0,342	0,323	0,289	0,267	0,251	0,247	0,250	0,240	0,233	0,173	0,000	0,000
2,000	-11,316	-11,246	-11,188	-11,001	-10,889	-10,809	-10,764	-10,719	-10,665	-10,624	-10,556	-10,483	-10,398	-10,261	-10,115	0,009	0,144	0,208	0,279	0,281	0,256	0,261	0,253	0,256	0,263	0,284	0,303	0,314	0,312	0,228	0,000	0,000
3,000	-15,517	-14,705	-14,365	-13,772	-13,534	-13,376	-13,301	-13,250	-13,203	-13,184	-13,165	-13,155	-13,152	-13,134	-13,123	2,930	2,005	1,628	1,079	0,836	0,618	0,506	0,387	0,300	0,211	0,160	0,119	0,084	0,064	0,033	0,000	0,000
4,000	-3,586	-3,423	-3,289	-3,214	-3,159	-3,148	-3,133	-3,120	-3,105	-3,100	-3,062	-3,014	-2,907	-2,741	-2,528	1,928	1,125	0,765	0,408	0,288	0,225	0,196	0,176	0,173	0,193	0,239	0,290	0,354	0,387	0,315	0,000	0,000
5,000	-6,551	-5,537	-5,358	-5,026	-4,914	-4,837	-4,804	-4,785	-4,745	-4,728	-4,682	-4,610	-4,509	-4,330	-4,110	3,384	1,973	1,474	0,805	0,582	0,420	0,366	0,313	0,293	0,285	0,310	0,356	0,397	0,420	0,332	0,000	0,000
6,000	-8,901	-8,876	-8,773	-8,625	-8,514	-8,462	-8,428	-8,401	-8,354	-8,335	-8,274	-8,216	-8,131	-7,991	-7,828	-0,058	0,135	0,174	0,237	0,235	0,207	0,206	0,203	0,207	0,210	0,255	0,278	0,316	0,323	0,250	0,000	0,000
7,000	-7,002	-6,990	-6,952	-6,879	-6,822	-6,789	-6,773	-6,765	-6,741	-6,740	-6,726	-6,705	-6,668	-6,624	-6,565	0,011	0,048	0,080	0,128	0,122	0,094	0,093	0,085	0,083	0,077	0,085	0,100	0,103	0,108	0,081	0,000	0,000
8,000	-19,708	-19,912	-19,892	-20,041	-20,026	-20,078	-20,117	-20,146	-20,158	-20,208	-20,216	-20,232	-20,228	-20,180	-20,116	-0,301	-0,199	-0,203	-0,152	-0,134	-0,139	-0,124	-0,116	-0,093	-0,078	-0,038	0,005	0,044	0,079	0,077	0,000	0,000
9,000	-9,618	-9,568	-9,504	-9,282	-9,138	-9,025	-8,953	-8,906	-8,856	-8,815	-8,763	-8,704	-8,624	-8,494	-8,349	0,124	0,198	0,267	0,367	0,365	0,329	0,310	0,281	0,263	0,255	0,270	0,285	0,294	0,299	0,226	0,000	0,000
10,000	-9,438	-9,459	-9,354	-9,252	-9,165	-9,139	-9,122	-9,096	-9,076	-9,070	-9,044	-9,010	-8,951	-8,850	-8,741	-0,056	0,137	0,135	0,172	0,147	0,136	0,126	0,120	0,120	0,128	0,149	0,166	0,203	0,221	0,172	0,000	0,000
11,000	-9,529	-9,415	-9,376	-9,244	-9,164	-9,112	-9,082	-9,057	-9,028	-9,001	-8,969	-8,921	-8,854	-8,752	-8,627	0,129	0,156	0,169	0,211	0,199	0,173	0,169	0,160	0,161	0,171	0,194	0,221	0,238	0,248	0,190	0,000	0,000
12,000	-14,469	-14,462	-14,417	-14,359	-14,305	-14,289	-14,282	-14,278	-14,267	-14,277	-14,251	-14,223	-14,173	-14,057	-13,921	0,061	0,105	0,102	0,104	0,090	0,073	0,075	0,072	0,078	0,093	0,129	0,168	0,212	0,242	0,194	0,000	0,000
13,000	-8,111	-8,177	-8,137	-8,149	-8,132	-8,121	-8,106	-8,077	-8,056	-8,024	-7,967	-7,895	-7,788	-7,630	-7,418	-0,022	0,008	0,011	0,045	0,066	0,103	0,120	0,143	0,170	0,204	0,257	0,312	0,362	0,382	0,308	0,000	0,000
14,000	-11,829	-11,715	-11,759	-11,708	-11,695	-11,659	-11,647	-11,647	-11,630	-11,626	-11,607	-11,571	-11,483	-11,342	-11,133	0,006	-0,038	0,014	0,066	0,064	0,056	0,078	0,080	0,090	0,117	0,169	0,230	0,294	0,344	0,281	0,000	0,000
15,000	-9,272	-9,307	-9,298	-9,264	-9,231	-9,231	-9,220	-9,200	-9,183	-9,175	-9,156	-9,120	-9,073	-9,002	-8,916	-0,151	-0,017	-0,018	0,047	0,043	0,051	0,064	0,078	0,079	0,094	0,111	0,132	0,155	0,167	0,130	0,000	0,000
	run	3	2022:11:08    11:37:31,799
0,000	-13,783	-13,883	-13,938	-14,028	-14,066	-14,090	-14,100	-14,110	-14,108	-14,122	-14,118	-14,088	-14,045	-13,956	-13,846	-0,327	-0,254	-0,212	-0,149	-0,121	-0,080	-0,053	-0,033	-0,000	0,028	0,067	0,110	0,158	0,185	0,153	0,000	0,000
1,000	-17,621	-17,673	-17,601	-17,384	-17,207	-17,085	-17,015	-16,954	-16,890	-16,860	-16,797	-16,750	-16,687	-16,593	-16,487	-0,262	0,038	0,165	0,345	0,370	0,340	0,322	0,286	0,266	0,250	0,244	0,242	0,235	0,230	0,173	0,000	0,000
2,000	-11,067	-11,007	-10,963	-10,796	-10,689	-10,605	-10,561	-10,520	-10,463	-10,430	-10,366	-10,293	-10,213	-10,086	-9,943	-0,023	0,116	0,181	0,260	0,271	0,245	0,249	0,243	0,248	0,249	0,274	0,287	0,301	0,294	0,219	0,000	0,000
3,000	-14,799	-14,067	-13,775	-13,274	-13,046	-12,893	-12,815	-12,764	-12,715	-12,690	-12,675	-12,662	-12,656	-12,641	-12,628	2,821	1,860	1,492	0,997	0,787	0,590	0,479	0,375	0,291	0,211	0,157	0,124	0,082	0,063	0,037	0,000	0,000
4,000	-3,426	-3,291	-3,155	-3,088	-3,030	-3,018	-3,004	-2,997	-2,975	-2,972	-2,945	-2,895	-2,796	-2,636	-2,429	1,875	1,099	0,746	0,394	0,277	0,215	0,187	0,171	0,165	0,189	0,226	0,277	0,340	0,368	0,301	0,000	0,000
5,000	-6,413	-5,420	-5,240	-4,925	-4,823	-4,750	-4,716	-4,696	-4,658	-4,633	-4,597	-4,526	-4,430	-4,256	-4,045	3,389	1,962	1,463	0,794	0,570	0,417	0,360	0,313	0,286	0,276	0,300	0,345	0,382	0,404	0,321	0,000	0,000
6,000	-8,826	-8,789	-8,703	-8,551	-8,451	-8,386	-8,351	-8,327	-8,286	-8,260	-8,206	-8,144	-8,062	-7,917	-7,750	-0,062	0,137	0,172	0,239	0,231	0,207	0,207	0,200	0,202	0,212	0,245	0,283	0,312	0,328	0,248	0,000	0,000
7,000	-6,989	-6,966	-6,929	-6,858	-6,804	-6,774	-6,759	-6,747	-6,728	-6,724	-6,704	-6,687	-6,666	-6,619	-6,572	0,007	0,054	0,076	0,116	0,112	0,092	0,091	0,084	0,081	0,073	0,077	0,088	0,097	0,101	0,074	0,000	0,000
8,000	-19,341	-19,559	-19,553	-19,681	-19,673	-19,722	-19,747	-19,778	-19,796	-19,844	-19,852	-19,865	-19,858	-19,816	-19,753	-0,314	-0,193	-0,190	-0,146	-0,126	-0,137	-0,115	-0,115	-0,094	-0,073	-0,038	0,003	0,034	0,082	0,076	0,000	0,000
9,000	-9,305	-9,242	-9,172	-8,994	-8,867	-8,763	-8,698	-8,652	-8,599	-8,557	-8,509	-8,451	-8,375	-8,257	-8,109	0,093	0,150	0,229	0,330	0,330	0,307	0,294	0,271	0,250	0,245	0,263	0,271	0,285	0,290	0,219	0,000	0,000
10,000	-9,180	-9,189	-9,095	-8,997	-8,918	-8,887	-8,868	-8,853	-8,832	-8,829	-8,799	-8,767	-8,704	-8,613	-8,499	-0,071	0,118	0,130	0,160	0,142	0,129	0,122	0,117	0,117	0,121	0,149	0,170	0,201	0,215	0,174	0,000	0,000
11,000	-9,354	-9,265	-9,233	-9,108	-9,035	-8,983	-8,952	-8,929	-8,900	-8,881	-8,845	-8,804	-8,736	-8,630	-8,509	0,129	0,147	0,164	0,202	0,188	0,170	0,165	0,156	0,154	0,161	0,185	0,207	0,232	0,240	0,186	0,000	0,000
12,000	-14,571	-14,579	-14,510	-14,466	-14,407	-14,390	-14,387	-14,384	-14,367	-14,382	-14,360	-14,320	-14,264	-14,151	-14,018	0,046	0,103	0,106	0,105	0,097	0,075	0,076	0,074	0,083	0,093	0,133	0,174	0,214	0,243	0,197	0,000	0,000
13,000	-8,244	-8,280	-8,250	-8,271	-8,249	-8,230	-8,221	-8,202	-8,170	-8,131	-8,083	-8,011	-7,901	-7,741	-7,523	-0,012	0,003	0,007	0,044	0,071	0,100	0,120	0,142	0,171	0,209	0,258	0,313	0,367	0,390	0,313	0,000	0,000
14,000	-11,935	-11,829	-11,892	-11,817	-11,807	-11,779	-11,762	-11,755	-11,745	-11,734	-11,717	-11,673	-11,593	-11,443	-11,250	0,009	-0,027	0,014	0,064	0,072	0,072	0,075	0,082	0,102	0,128	0,174	0,227	0,306	0,338	0,276	0,000	0,000
15,000	-9,339	-9,375	-9,364	-9,331	-9,308	-9,306	-9,291	-9,274	-9,258	-9,250	-9,227	-9,196	-9,145	-9,072	-8,978	-0,152	-0,020	-0,019	0,035	0,038	0,051	0,061	0,075	0,081	0,095	0,122	0,134	0,160	0,171	0,141	0,000	0,000
	run	4	2022:11:08    11:37:31,899
0,000	-13,720	-13,801	-13,846	-13,944	-13,977	-14,004	-14,012	-14,029	-14,032	-14,035	-14,032	-14,003	-13,960	-13,870	-13,761	-0,337	-0,242	-0,209	-0,143	-0,114	-0,079	-0,055	-0,036	-0,002	0,024	0,062	0,111	0,156	0,185	0,150	0,000	0,000
1,000	-17,344	-17,413	-17,355	-17,159	-16,993	-16,878	-16,806	-16,747	-16,686	-16,651	-16,584	-16,543	-16,482	-16,388	-16,287	-0,298	-0,007	0,121	0,312	0,345	0,321	0,306	0,282	0,264	0,244	0,244	0,238	0,235	0,230	0,170	0,000	0,000
2,000	-10,975	-10,917	-10,871	-10,703	-10,585	-10,505	-10,463	-10,420	-10,369	-10,331	-10,267	-10,199	-10,115	-9,989	-9,849	-0,016	0,112	0,165	0,265	0,272	0,250	0,250	0,245	0,244	0,245	0,266	0,288	0,300	0,296	0,222	0,000	0,000
3,000	-14,874	-14,141	-13,840	-13,335	-13,099	-12,947	-12,872	-12,816	-12,772	-12,752	-12,729	-12,714	-12,708	-12,695	-12,683	2,816	1,861	1,494	0,996	0,790	0,592	0,480	0,377	0,292	0,217	0,158	0,124	0,087	0,066	0,040	0,000	0,000
4,000	-3,463	-3,316	-3,187	-3,116	-3,058	-3,050	-3,037	-3,018	-3,012	-3,000	-2,973	-2,922	-2,829	-2,672	-2,467	1,903	1,103	0,739	0,390	0,280	0,216	0,186	0,173	0,161	0,185	0,224	0,272	0,335	0,360	0,291	0,000	0,000
5,000	-6,384	-5,413	-5,228	-4,909	-4,804	-4,733	-4,699	-4,677	-4,639	-4,618	-4,579	-4,513	-4,420	-4,246	-4,038	3,373	1,951	1,439	0,784	0,575	0,413	0,357	0,310	0,287	0,271	0,293	0,332	0,377	0,396	0,311	0,000	0,000
6,000	-8,691	-8,669	-8,566	-8,425	-8,326	-8,263	-8,232	-8,206	-8,167	-8,141	-8,086	-8,028	-7,943	-7,800	-7,637	-0,067	0,130	0,171	0,232	0,231	0,203	0,204	0,195	0,205	0,212	0,246	0,275	0,306	0,325	0,251	0,000	0,000
7,000	-6,887	-6,840	-6,820	-6,755	-6,706	-6,674	-6,654	-6,642	-6,625	-6,621	-6,602	-6,589	-6,555	-6,509	-6,448	-0,000	0,041	0,062	0,115	0,111	0,091	0,088	0,084	0,082	0,075	0,087	0,096	0,106	0,112	0,085	0,000	0,000
8,000	-19,347	-19,545	-19,531	-19,652	-19,643	-19,691	-19,730	-19,752	-19,768	-19,820	-19,825	-19,839	-19,843	-19,794	-19,732	-0,309	-0,172	-0,189	-0,132	-0,122	-0,123	-0,115	-0,111	-0,096	-0,082	-0,039	0,004	0,033	0,077	0,070	0,000	0,000
9,000	-9,320	-9,268	-9,223	-9,034	-8,901	-8,790	-8,728	-8,677	-8,625	-8,584	-8,537	-8,481	-8,398	-8,282	-8,135	0,080	0,164	0,225	0,331	0,342	0,311	0,298	0,271	0,256	0,243	0,260	0,277	0,292	0,298	0,228	0,000	0,000
10,000	-9,335	-9,361	-9,255	-9,147	-9,067	-9,038	-9,020	-9,000	-8,975	-8,970	-8,942	-8,910	-8,856	-8,752	-8,639	-0,064	0,132	0,131	0,167	0,150	0,136	0,129	0,122	0,120	0,128	0,150	0,171	0,206	0,215	0,173	0,000	0,000
11,000	-9,566	-9,472	-9,440	-9,303	-9,225	-9,169	-9,140	-9,119	-9,082	-9,063	-9,025	-8,982	-8,912	-8,809	-8,678	0,140	0,159	0,173	0,209	0,208	0,175	0,171	0,162	0,161	0,172	0,195	0,219	0,236	0,251	0,191	0,000	0,000
12,000	-14,874	-14,875	-14,816	-14,760	-14,710	-14,693	-14,689	-14,680	-14,667	-14,680	-14,649	-14,618	-14,560	-14,440	-14,299	0,046	0,106	0,103	0,106	0,097	0,072	0,079	0,078	0,083	0,096	0,138	0,182	0,226	0,256	0,206	0,000	0,000
13,000	-8,341	-8,424	-8,359	-8,385	-8,363	-8,343	-8,332	-8,309	-8,279	-8,247	-8,195	-8,116	-8,006	-7,842	-7,628	-0,030	0,017	0,024	0,046	0,076	0,100	0,120	0,149	0,173	0,211	0,258	0,317	0,371	0,396	0,316	0,000	0,000
14,000	-12,007	-11,868	-11,959	-11,875	-11,866	-11,838	-11,825	-11,820	-11,811	-11,794	-11,789	-11,742	-11,648	-11,502	-11,294	0,041	-0,037	0,018	0,070	0,071	0,068	0,080	0,077	0,098	0,123	0,181	0,237	0,300	0,349	0,289	0,000	0,000
15,000	-9,263	-9,305	-9,280	-9,262	-9,228	-9,229	-9,217	-9,198	-9,178	-9,167	-9,149	-9,119	-9,069	-9,001	-8,922	-0,137	-0,014	-0,018	0,045	0,044	0,050	0,061	0,078	0,080	0,090	0,114	0,132	0,154	0,164	0,130	0,000	0,000
	run	5	2022:11:08    11:37:31,947
0,000	-13,395	-13,480	-13,530	-13,620	-13,660	-13,678	-13,695	-13,697	-13,701	-13,708	-13,705	-13,682	-13,636	-13,548	-13,445	-0,312	-0,240	-0,208	-0,134	-0,110	-0,076	-0,051	-0,030	-0,005	0,023	0,061	0,110	0,151	0,177	0,145	0,000	0,000
1,000	-17,102	-17,184	-17,100	-16,925	-16,769	-16,648	-16,583	-16,528	-16,465	-16,427	-16,378	-16,327	-16,269	-16,180	-16,079	-0,290	0,004	0,110	0,303	0,334	0,314	0,301	0,271	0,258	0,236	0,233	0,231	0,231	0,222	0,161	0,000	0,000
2,000	-10,975	-10,917	-10,871	-10,703	-10,585	-10,505	-10,463	-10,420	-10,369	-10,331	-10,267	-10,199	-10,115	-9,989	-9,849	-0,016	0,112	0,165	0,265	0,272	0,250	0,250	0,245	0,244	0,245	0,266	0,288	0,300	0,296	0,222	0,000	0,000
3,000	-14,874	-14,141	-13,840	-13,335	-13,099	-12,947	-12,872	-12,816	-12,772	-12,752	-12,729	-12,714	-12,708	-12,695	-12,683	2,816	1,861	1,494	0,996	0,790	0,592	0,480	0,377	0,292	0,217	0,158	0,124	0,087	0,066	0,040	0,000	0,000
4,000	-3,463	-3,316	-3,187	-3,116	-3,058	-3,050	-3,037	-3,018	-3,012	-3,000	-2,973	-2,922	-2,829	-2,672	-2,467	1,903	1,103	0,739	0,390	0,280	0,216	0,186	0,173	0,161	0,185	0,224	0,272	0,335	0,360	0,291	0,000	0,000
5,000	-6,384	-5,413	-5,228	-4,909	-4,804	-4,733	-4,699	-4,677	-4,639	-4,618	-4,579	-4,513	-4,420	-4,246	-4,038	3,373	1,951	1,439	0,784	0,575	0,413	0,357	0,310	0,287	0,271	0,293	0,332	0,377	0,396	0,311	0,000	0,000
6,000	-8,691	-8,669	-8,566	-8,425	-8,326	-8,263	-8,232	-8,206	-8,167	-8,141	-8,086	-8,028	-7,943	-7,800	-7,637	-0,067	0,130	0,171	0,232	0,231	0,203	0,204	0,195	0,205	0,212	0,246	0,275	0,306	0,325	0,251	0,000	0,000
7,000	-6,887	-6,840	-6,820	-6,755	-6,706	-6,674	-6,654	-6,642	-6,625	-6,621	-6,602	-6,589	-6,555	-6,509	-6,448	-0,000	0,041	0,062	0,115	0,111	0,091	0,088	0,084	0,082	0,075	0,087	0,096	0,106	0,112	0,085	0,000	0,000
8,000	-19,495	-19,694	-19,691	-19,818	-19,808	-19,860	-19,889	-19,918	-19,932	-19,975	-19,985	-19,995	-19,994	-19,939	-19,876	-0,289	-0,185	-0,182	-0,136	-0,118	-0,130	-0,112	-0,105	-0,088	-0,067	-0,037	0,009	0,044	0,084	0,074	0,000	0,000
9,000	-9,613	-9,556	-9,475	-9,258	-9,117	-9,005	-8,938	-8,885	-8,838	-8,795	-8,746	-8,691	-8,601	-8,476	-8,326	0,134	0,197	0,275	0,372	0,370	0,328	0,313	0,284	0,266	0,258	0,274	0,285	0,302	0,302	0,231	0,000	0,000
10,000	-9,772	-9,749	-9,606	-9,452	-9,358	-9,323	-9,299	-9,284	-9,259	-9,254	-9,227	-9,191	-9,127	-9,029	-8,911	-0,004	0,213	0,217	0,214	0,191	0,157	0,147	0,133	0,131	0,137	0,156	0,188	0,217	0,225	0,182	0,000	0,000
11,000	-9,843	-9,717	-9,669	-9,507	-9,421	-9,370	-9,338	-9,318	-9,282	-9,260	-9,215	-9,174	-9,105	-8,988	-8,853	0,173	0,202	0,220	0,240	0,222	0,189	0,185	0,168	0,169	0,180	0,208	0,233	0,256	0,261	0,204	0,000	0,000
12,000	-15,309	-15,324	-15,246	-15,207	-15,145	-15,136	-15,130	-15,117	-15,110	-15,120	-15,096	-15,050	-14,999	-14,877	-14,735	0,052	0,101	0,110	0,103	0,093	0,077	0,075	0,078	0,087	0,097	0,141	0,182	0,226	0,257	0,208	0,000	0,000
13,000	-8,386	-8,418	-8,389	-8,404	-8,383	-8,365	-8,351	-8,331	-8,301	-8,267	-8,215	-8,140	-8,030	-7,861	-7,637	-0,002	0,018	0,023	0,052	0,077	0,100	0,122	0,144	0,176	0,213	0,267	0,322	0,377	0,405	0,323	0,000	0,000
14,000	-11,916	-11,811	-11,871	-11,801	-11,790	-11,761	-11,739	-11,739	-11,726	-11,725	-11,698	-11,662	-11,582	-11,439	-11,235	0,005	-0,036	0,022	0,069	0,075	0,067	0,081	0,079	0,091	0,120	0,180	0,219	0,297	0,336	0,275	0,000	0,000
15,000	-9,052	-9,106	-9,078	-9,071	-9,040	-9,032	-9,023	-9,016	-8,995	-8,985	-8,971	-8,942	-8,893	-8,821	-8,742	-0,144	-0,018	-0,017	0,040	0,042	0,040	0,052	0,068	0,078	0,086	0,106	0,128	0,151	0,159	0,127	0,000	0,000
	run	6	2022:11:08    11:37:32,049
0,000	-13,207	-13,287	-13,327	-13,425	-13,459	-13,478	-13,483	-13,499	-13,495	-13,506	-13,499	-13,477	-13,428	-13,344	-13,241	-0,310	-0,240	-0,215	-0,143	-0,110	-0,076	-0,048	-0,028	-0,004	0,025	0,059	0,103	0,144	0,175	0,141	0,000	0,000
1,000	-17,027	-17,100	-17,035	-16,841	-16,680	-16,563	-16,497	-16,437	-16,380	-16,342	-16,285	-16,242	-16,184	-16,097	-15,996	-0,293	-0,008	0,124	0,310	0,340	0,318	0,300	0,272	0,254	0,239	0,231	0,237	0,227	0,221	0,168	0,000	0,000
2,000	-10,967	-10,917	-10,861	-10,701	-10,595	-10,516	-10,471	-10,432	-10,372	-10,340	-10,276	-10,210	-10,127	-9,997	-9,862	-0,019	0,109	0,177	0,256	0,263	0,243	0,246	0,243	0,247	0,246	0,271	0,287	0,299	0,297	0,216	0,000	0,000
3,000	-15,124	-14,357	-14,063	-13,522	-13,288	-13,136	-13,058	-13,004	-12,963	-12,944	-12,923	-12,914	-12,906	-12,896	-12,880	2,842	1,916	1,537	1,026	0,797	0,593	0,481	0,375	0,290	0,209	0,155	0,118	0,080	0,065	0,032	0,000	0,000
4,000	-3,466	-3,319	-3,186	-3,115	-3,058	-3,052	-3,034	-3,022	-3,006	-2,997	-2,973	-2,927	-2,827	-2,667	-2,467	1,871	1,094	0,745	0,395	0,280	0,213	0,191	0,169	0,161	0,184	0,216	0,273	0,337	0,367	0,298	0,000	0,000
5,000	-6,431	-5,440	-5,256	-4,933	-4,836	-4,764	-4,733	-4,716	-4,669	-4,654	-4,607	-4,538	-4,437	-4,258	-4,048	3,370	1,942	1,444	0,789	0,578	0,420	0,361	0,316	0,291	0,280	0,308	0,348	0,384	0,418	0,320	0,000	0,000
6,000	-8,717	-8,676	-8,582	-8,445	-8,350	-8,287	-8,254	-8,227	-8,186	-8,167	-8,103	-8,046	-7,958	-7,824	-7,648	-0,065	0,123	0,164	0,229	0,230	0,205	0,199	0,196	0,202	0,217	0,246	0,282	0,317	0,331	0,256	0,000	0,000
7,000	-7,012	-6,975	-6,937	-6,860	-6,797	-6,765	-6,756	-6,737	-6,717	-6,711	-6,699	-6,680	-6,651	-6,600	-6,541	0,018	0,066	0,102	0,130	0,120	0,101	0,095	0,086	0,087	0,078	0,086	0,097	0,104	0,113	0,085	0,000	0,000
8,000	-19,952	-20,183	-20,192	-20,347	-20,352	-20,407	-20,439	-20,468	-20,482	-20,531	-20,543	-20,556	-20,555	-20,503	-20,440	-0,332	-0,206	-0,225	-0,169	-0,147	-0,139	-0,128	-0,121	-0,101	-0,081	-0,040	-0,000	0,032	0,082	0,068	0,000	0,000
9,000	-9,913	-9,844	-9,767	-9,532	-9,385	-9,265	-9,202	-9,154	-9,095	-9,056	-9,009	-8,940	-8,856	-8,722	-8,566	0,139	0,213	0,295	0,385	0,381	0,342	0,323	0,293	0,270	0,266	0,282	0,297	0,315	0,322	0,242	0,000	0,000
10,000	-9,777	-9,767	-9,635	-9,476	-9,383	-9,345	-9,330	-9,309	-9,277	-9,274	-9,240	-9,207	-9,143	-9,038	-8,918	-0,007	0,195	0,209	0,227	0,188	0,162	0,147	0,137	0,132	0,145	0,165	0,191	0,222	0,236	0,190	0,000	0,000
11,000	-9,932	-9,800	-9,752	-9,600	-9,512	-9,454	-9,426	-9,403	-9,371	-9,347	-9,310	-9,262	-9,190	-9,077	-8,943	0,181	0,199	0,214	0,240	0,219	0,192	0,182	0,172	0,173	0,180	0,204	0,233	0,252	0,265	0,201	0,000	0,000
12,000	-15,283	-15,282	-15,219	-15,168	-15,114	-15,092	-15,088	-15,083	-15,068	-15,084	-15,048	-15,016	-14,962	-14,839	-14,700	0,047	0,092	0,105	0,112	0,098	0,080	0,075	0,076	0,080	0,097	0,146	0,183	0,226	0,256	0,206	0,000	0,000
13,000	-8,342	-8,428	-8,376	-8,390	-8,366	-8,351	-8,335	-8,315	-8,286	-8,251	-8,196	-8,121	-8,011	-7,847	-7,630	-0,022	0,012	0,016	0,052	0,082	0,106	0,125	0,147	0,177	0,216	0,261	0,316	0,372	0,392	0,313	0,000	0,000
14,000	-11,443	-11,271	-11,378	-11,302	-11,294	-11,263	-11,244	-11,245	-11,229	-11,235	-11,206	-11,176	-11,096	-10,953	-10,772	0,067	-0,039	0,021	0,066	0,066	0,058	0,074	0,068	0,081	0,113	0,156	0,217	0,283	0,321	0,266	0,000	0,000
15,000	-8,937	-8,985	-8,961	-8,939	-8,912	-8,914	-8,901	-8,885	-8,861	-8,856	-8,834	-8,803	-8,760	-8,693	-8,608	-0,161	-0,016	-0,019	0,044	0,046	0,052	0,057	0,077	0,076	0,091	0,112	0,133	0,146	0,163	0,130	0,000	0,000
	run	7	2022:11:08    11:37:32,101
0,000	-13,207	-13,287	-13,327	-13,425	-13,459	-13,478	-13,483	-13,499	-13,495	-13,506	-13,499	-13,477	-13,428	-13,344	-13,241	-0,310	-0,240	-0,215	-0,143	-0,110	-0,076	-0,048	-0,028	-0,004	0,025	0,059	0,103	0,144	0,175	0,141	0,000	0,000
1,000	-17,027	-17,100	-17,035	-16,841	-16,680	-16,563	-16,497	-16,437	-16,380	-16,342	-16,285	-16,242	-16,184	-16,097	-15,996	-0,293	-0,008	0,124	0,310	0,340	0,318	0,300	0,272	0,254	0,239	0,231	0,237	0,227	0,221	0,168	0,000	0,000
2,000	-10,967	-10,917	-10,861	-10,701	-10,595	-10,516	-10,471	-10,432	-10,372	-10,340	-10,276	-10,210	-10,127	-9,997	-9,862	-0,019	0,109	0,177	0,256	0,263	0,243	0,246	0,243	0,247	0,246	0,271	0,287	0,299	0,297	0,216	0,000	0,000
3,000	-15,124	-14,357	-14,063	-13,522	-13,288	-13,136	-13,058	-13,004	-12,963	-12,944	-12,923	-12,914	-12,906	-12,896	-12,880	2,842	1,916	1,537	1,026	0,797	0,593	0,481	0,375	0,290	0,209	0,155	0,118	0,080	0,065	0,032	0,000	0,000
4,000	-3,466	-3,319	-3,186	-3,115	-3,058	-3,052	-3,034	-3,022	-3,006	-2,997	-2,973	-2,927	-2,827	-2,667	-2,467	1,871	1,094	0,745	0,395	0,280	0,213	0,191	0,169	0,161	0,184	0,216	0,273	0,337	0,367	0,298	0,000	0,000
5,000	-6,431	-5,440	-5,256	-4,933	-4,836	-4,764	-4,733	-4,716	-4,669	-4,654	-4,607	-4,538	-4,437	-4,258	-4,048	3,370	1,942	1,444	0,789	0,578	0,420	0,361	0,316	0,291	0,280	0,308	0,348	0,384	0,418	0,320	0,000	0,000
6,000	-8,944	-8,919	-8,825	-8,694	-8,587	-8,523	-8,490	-8,461	-8,423	-8,396	-8,350	-8,285	-8,192	-8,043	-7,868	-0,063	0,122	0,167	0,231	0,235	0,203	0,209	0,200	0,209	0,223	0,256	0,292	0,326	0,341	0,259	0,000	0,000
7,000	-7,179	-7,125	-7,076	-6,983	-6,922	-6,886	-6,868	-6,856	-6,828	-6,832	-6,818	-6,795	-6,772	-6,720	-6,664	0,041	0,093	0,131	0,148	0,131	0,108	0,100	0,091	0,081	0,079	0,087	0,108	0,105	0,111	0,086	0,000	0,000
8,000	-20,226	-20,451	-20,442	-20,625	-20,620	-20,672	-20,709	-20,737	-20,748	-20,799	-20,814	-20,824	-20,824	-20,763	-20,704	-0,347	-0,242	-0,237	-0,187	-0,148	-0,150	-0,134	-0,123	-0,094	-0,088	-0,035	0,009	0,040	0,079	0,076	0,000	0,000
9,000	-9,818	-9,716	-9,625	-9,382	-9,225	-9,113	-9,044	-8,995	-8,941	-8,905	-8,847	-8,792	-8,701	-8,568	-8,402	0,141	0,238	0,313	0,392	0,384	0,339	0,324	0,290	0,272	0,265	0,278	0,304	0,320	0,324	0,245	0,000	0,000
10,000	-9,731	-9,709	-9,578	-9,424	-9,335	-9,302	-9,281	-9,264	-9,236	-9,231	-9,205	-9,169	-9,107	-8,999	-8,880	-0,001	0,197	0,207	0,222	0,185	0,160	0,146	0,132	0,127	0,142	0,165	0,189	0,221	0,233	0,185	0,000	0,000
11,000	-9,695	-9,581	-9,539	-9,378	-9,301	-9,241	-9,208	-9,187	-9,154	-9,135	-9,094	-9,047	-8,976	-8,864	-8,732	0,167	0,182	0,218	0,232	0,217	0,188	0,182	0,169	0,171	0,175	0,196	0,228	0,254	0,263	0,202	0,000	0,000
12,000	-14,918	-14,930	-14,855	-14,812	-14,760	-14,743	-14,737	-14,729	-14,718	-14,727	-14,699	-14,668	-14,613	-14,495	-14,360	0,038	0,101	0,098	0,108	0,095	0,071	0,073	0,072	0,078	0,096	0,139	0,172	0,220	0,252	0,202	0,000	0,000
13,000	-8,200	-8,271	-8,226	-8,253	-8,222	-8,208	-8,190	-8,170	-8,143	-8,110	-8,059	-7,982	-7,875	-7,708	-7,499	-0,041	0,014	0,013	0,042	0,078	0,101	0,120	0,144	0,169	0,207	0,257	0,314	0,366	0,388	0,310	0,000	0,000
14,000	-11,490	-11,321	-11,396	-11,333	-11,325	-11,294	-11,276	-11,283	-11,269	-11,260	-11,236	-11,194	-11,128	-10,981	-10,788	0,055	-0,034	0,027	0,064	0,061	0,056	0,071	0,073	0,084	0,115	0,165	0,219	0,284	0,323	0,268	0,000	0,000
15,000	-8,914	-8,962	-8,937	-8,919	-8,878	-8,877	-8,875	-8,862	-8,837	-8,827	-8,814	-8,784	-8,738	-8,669	-8,591	-0,150	-0,028	-0,016	0,040	0,044	0,043	0,056	0,070	0,078	0,081	0,107	0,127	0,144	0,151	0,121	0,000	0,000
	run	8	2022:11:08    11:37:32,200
0,000	-13,291	-13,364	-13,413	-13,503	-13,533	-13,554	-13,566	-13,573	-13,577	-13,585	-13,578	-13,552	-13,509	-13,428	-13,320	-0,321	-0,241	-0,198	-0,140	-0,104	-0,076	-0,045	-0,031	-0,005	0,023	0,062	0,110	0,148	0,174	0,141	0,000	0,000
1,000	-16,777	-16,840	-16,768	-16,594	-16,436	-16,323	-16,259	-16,201	-16,143	-16,110	-16,049	-16,009	-15,951	-15,864	-15,768	-0,314	-0,007	0,109	0,295	0,327	0,307	0,293	0,264	0,246	0,228	0,223	0,229	0,220	0,215	0,163	0,000	0,000
2,000	-10,678	-10,625	-10,572	-10,434	-10,324	-10,249	-10,201	-10,166	-10,110	-10,081	-10,020	-9,952	-9,874	-9,751	-9,621	-0,032	0,086	0,154	0,242	0,255	0,232	0,242	0,231	0,238	0,236	0,254	0,272	0,285	0,280	0,207	0,000	0,000
3,000	-14,572	-13,844	-13,583	-13,094	-12,872	-12,729	-12,657	-12,603	-12,555	-12,536	-12,512	-12,503	-12,501	-12,482	-12,469	2,762	1,809	1,439	0,963	0,755	0,569	0,464	0,360	0,284	0,204	0,158	0,119	0,088	0,066	0,043	0,000	0,000
4,000	-3,422	-3,281	-3,151	-3,083	-3,026	-3,017	-3,005	-2,990	-2,977	-2,970	-2,938	-2,892	-2,798	-2,641	-2,441	1,873	1,096	0,746	0,388	0,276	0,211	0,192	0,172	0,162	0,187	0,223	0,269	0,337	0,359	0,297	0,000	0,000
5,000	-6,465	-5,471	-5,294	-4,957	-4,860	-4,790	-4,756	-4,724	-4,690	-4,678	-4,623	-4,559	-4,457	-4,282	-4,068	3,422	1,984	1,463	0,804	0,579	0,416	0,365	0,315	0,293	0,281	0,301	0,359	0,385	0,409	0,319	0,000	0,000
6,000	-8,974	-8,961	-8,847	-8,702	-8,599	-8,541	-8,506	-8,475	-8,435	-8,410	-8,356	-8,297	-8,205	-8,059	-7,884	-0,052	0,128	0,181	0,240	0,239	0,213	0,209	0,202	0,210	0,221	0,257	0,290	0,320	0,338	0,263	0,000	0,000
7,000	-7,232	-7,212	-7,151	-7,064	-7,000	-6,969	-6,951	-6,939	-6,913	-6,913	-6,901	-6,875	-6,844	-6,795	-6,732	0,028	0,090	0,120	0,146	0,132	0,108	0,101	0,092	0,088	0,084	0,089	0,104	0,112	0,120	0,088	0,000	0,000
8,000	-20,365	-20,593	-20,611	-20,766	-20,761	-20,817	-20,844	-20,876	-20,893	-20,940	-20,950	-20,957	-20,955	-20,905	-20,836	-0,347	-0,236	-0,244	-0,183	-0,144	-0,143	-0,133	-0,121	-0,096	-0,077	-0,037	0,005	0,038	0,095	0,078	0,000	0,000
9,000	-9,854	-9,748	-9,653	-9,393	-9,245	-9,124	-9,067	-9,015	-8,954	-8,924	-8,870	-8,810	-8,716	-8,584	-8,428	0,178	0,257	0,328	0,410	0,391	0,349	0,324	0,285	0,270	0,266	0,277	0,302	0,317	0,324	0,249	0,000	0,000
10,000	-9,693	-9,713	-9,577	-9,449	-9,357	-9,324	-9,302	-9,278	-9,257	-9,258	-9,227	-9,191	-9,128	-9,022	-8,903	-0,046	0,173	0,166	0,203	0,174	0,157	0,143	0,135	0,130	0,142	0,154	0,183	0,224	0,232	0,185	0,000	0,000
11,000	-9,615	-9,511	-9,469	-9,309	-9,232	-9,173	-9,140	-9,118	-9,088	-9,066	-9,027	-8,979	-8,908	-8,799	-8,668	0,153	0,180	0,196	0,225	0,208	0,187	0,185	0,166	0,172	0,172	0,201	0,227	0,247	0,260	0,199	0,000	0,000
12,000	-14,855	-14,865	-14,799	-14,746	-14,695	-14,679	-14,672	-14,665	-14,649	-14,662	-14,634	-14,600	-14,545	-14,432	-14,294	0,042	0,113	0,106	0,111	0,099	0,075	0,075	0,075	0,084	0,092	0,140	0,176	0,214	0,246	0,198	0,000	0,000
13,000	-8,157	-8,216	-8,176	-8,204	-8,182	-8,163	-8,152	-8,130	-8,106	-8,067	-8,014	-7,942	-7,833	-7,667	-7,453	-0,030	0,010	0,015	0,045	0,073	0,098	0,124	0,143	0,173	0,210	0,257	0,316	0,365	0,392	0,311	0,000	0,000
14,000	-11,617	-11,475	-11,556	-11,482	-11,475	-11,439	-11,428	-11,426	-11,418	-11,405	-11,398	-11,348	-11,275	-11,127	-10,940	0,041	-0,041	0,025	0,064	0,065	0,060	0,069	0,075	0,092	0,120	0,162	0,221	0,285	0,324	0,266	0,000	0,000
15,000	-8,981	-9,028	-9,016	-8,987	-8,952	-8,958	-8,944	-8,925	-8,909	-8,903	-8,881	-8,854	-8,808	-8,739	-8,657	-0,140	-0,019	-0,012	0,045	0,044	0,047	0,059	0,075	0,075	0,091	0,111	0,127	0,146	0,159	0,126	0,000	0,000
	run	9	2022:11:08    11:37:32,299
0,000	-13,477	-13,530	-13,599	-13,675	-13,704	-13,728	-13,740	-13,750	-13,747	-13,761	-13,753	-13,736	-13,693	-13,609	-13,508	-0,295	-0,231	-0,199	-0,126	-0,108	-0,081	-0,050	-0,028	-0,008	0,018	0,059	0,103	0,144	0,168	0,133	0,000	0,000
1,000	-17,102	-17,166	-17,103	-16,943	-16,778	-16,667	-16,603	-16,544	-16,484	-16,454	-16,393	-16,343	-16,291	-16,197	-16,106	-0,265	-0,003	0,112	0,285	0,324	0,306	0,292	0,267	0,251	0,229	0,223	0,228	0,219	0,220	0,155	0,000	0,000
2,000	-10,777	-10,725	-10,677	-10,533	-10,428	-10,355	-10,302	-10,268	-10,208	-10,175	-10,111	-10,047	-9,965	-9,846	-9,711	-0,041	0,089	0,153	0,251	0,255	0,243	0,243	0,237	0,237	0,240	0,256	0,276	0,283	0,282	0,205	0,000	0,000
3,000	-14,564	-13,845	-13,578	-13,099	-12,872	-12,736	-12,662	-12,611	-12,563	-12,547	-12,521	-12,511	-12,503	-12,487	-12,466	2,775	1,814	1,439	0,958	0,755	0,570	0,461	0,363	0,282	0,208	0,161	0,121	0,088	0,071	0,042	0,000	0,000
4,000	-3,441	-3,290	-3,166	-3,095	-3,041	-3,029	-3,018	-3,003	-2,986	-2,983	-2,957	-2,907	-2,809	-2,654	-2,456	1,876	1,086	0,742	0,390	0,275	0,214	0,185	0,167	0,164	0,178	0,222	0,270	0,333	0,359	0,292	0,000	0,000
5,000	-6,448	-5,464	-5,279	-4,949	-4,847	-4,776	-4,741	-4,720	-4,675	-4,665	-4,617	-4,552	-4,450	-4,274	-4,060	3,368	1,959	1,439	0,786	0,573	0,421	0,363	0,315	0,291	0,282	0,302	0,353	0,383	0,409	0,318	0,000	0,000
6,000	-8,860	-8,841	-8,733	-8,593	-8,485	-8,427	-8,392	-8,362	-8,323	-8,298	-8,246	-8,188	-8,101	-7,950	-7,783	-0,072	0,133	0,180	0,241	0,235	0,208	0,206	0,196	0,205	0,218	0,249	0,287	0,314	0,328	0,252	0,000	0,000
7,000	-6,945	-6,921	-6,892	-6,819	-6,756	-6,728	-6,710	-6,698	-6,676	-6,677	-6,662	-6,638	-6,617	-6,571	-6,518	0,013	0,056	0,074	0,122	0,111	0,090	0,091	0,081	0,078	0,071	0,080	0,092	0,097	0,102	0,074	0,000	0,000
8,000	-20,073	-20,285	-20,294	-20,454	-20,464	-20,514	-20,550	-20,577	-20,596	-20,648	-20,652	-20,665	-20,669	-20,618	-20,557	-0,346	-0,242	-0,247	-0,190	-0,147	-0,152	-0,135	-0,131	-0,103	-0,085	-0,042	0,003	0,029	0,080	0,071	0,000	0,000
9,000	-9,701	-9,618	-9,535	-9,296	-9,139	-9,029	-8,962	-8,913	-8,858	-8,818	-8,765	-8,705	-8,622	-8,494	-8,334	0,133	0,237	0,309	0,384	0,382	0,339	0,319	0,287	0,268	0,262	0,277	0,293	0,314	0,315	0,236	0,000	0,000
10,000	-9,569	-9,573	-9,459	-9,331	-9,243	-9,211	-9,189	-9,173	-9,145	-9,144	-9,116	-9,083	-9,019	-8,916	-8,805	-0,040	0,155	0,163	0,194	0,171	0,151	0,134	0,128	0,124	0,135	0,156	0,181	0,213	0,225	0,181	0,000	0,000
11,000	-9,584	-9,479	-9,437	-9,291	-9,212	-9,161	-9,126	-9,103	-9,073	-9,050	-9,011	-8,966	-8,894	-8,789	-8,660	0,152	0,176	0,191	0,223	0,212	0,180	0,173	0,167	0,165	0,172	0,193	0,218	0,246	0,250	0,196	0,000	0,000
12,000	-14,640	-14,631	-14,576	-14,530	-14,469	-14,451	-14,453	-14,442	-14,429	-14,440	-14,412	-14,378	-14,329	-14,214	-14,074	0,059	0,100	0,099	0,107	0,093	0,070	0,074	0,069	0,077	0,095	0,131	0,175	0,210	0,242	0,197	0,000	0,000
13,000	-8,206	-8,273	-8,227	-8,250	-8,230	-8,213	-8,197	-8,173	-8,145	-8,111	-8,057	-7,983	-7,876	-7,712	-7,496	-0,032	0,012	0,011	0,045	0,073	0,104	0,121	0,142	0,174	0,206	0,261	0,315	0,366	0,388	0,313	0,000	0,000
14,000	-11,732	-11,596	-11,669	-11,600	-11,596	-11,566	-11,542	-11,538	-11,535	-11,535	-11,510	-11,473	-11,392	-11,247	-11,050	0,028	-0,030	0,022	0,065	0,066	0,065	0,080	0,075	0,092	0,103	0,174	0,215	0,291	0,335	0,271	0,000	0,000
15,000	-9,155	-9,195	-9,178	-9,151	-9,117	-9,120	-9,105	-9,095	-9,074	-9,064	-9,039	-9,012	-8,965	-8,895	-8,812	-0,146	-0,022	-0,014	0,045	0,045	0,051	0,065	0,076	0,077	0,093	0,111	0,136	0,153	0,157	0,127	0,000	0,000
	run	10	2022:11:08    11:37:32,348
0,000	-13,690	-13,774	-13,827	-13,929	-13,966	-13,980	-14,004	-14,012	-14,010	-14,020	-14,013	-13,989	-13,944	-13,852	-13,745	-0,331	-0,262	-0,219	-0,144	-0,116	-0,081	-0,062	-0,033	-0,006	0,027	0,066	0,116	0,159	0,180	0,151	0,000	0,000
1,000	-17,539	-17,596	-17,527	-17,304	-17,129	-17,005	-16,939	-16,872	-16,816	-16,780	-16,725	-16,671	-16,616	-16,520	-16,418	-0,238	0,054	0,163	0,341	0,368	0,335	0,319	0,282	0,264	0,240	0,243	0,236	0,234	0,222	0,167	0,000	0,000
2,000	-10,777	-10,725	-10,677	-10,533	-10,428	-10,355	-10,302	-10,268	-10,208	-10,175	-10,111	-10,047	-9,965	-9,846	-9,711	-0,041	0,089	0,153	0,251	0,255	0,243	0,243	0,237	0,237	0,240	0,256	0,276	0,283	0,282	0,205	0,000	0,000
3,000	-14,564	-13,845	-13,578	-13,099	-12,872	-12,736	-12,662	-12,611	-12,563	-12,547	-12,521	-12,511	-12,503	-12,487	-12,466	2,775	1,814	1,439	0,958	0,755	0,570	0,461	0,363	0,282	0,208	0,161	0,121	0,088	0,071	0,042	0,000	0,000
4,000	-3,441	-3,290	-3,166	-3,095	-3,041	-3,029	-3,018	-3,003	-2,986	-2,983	-2,957	-2,907	-2,809	-2,654	-2,456	1,876	1,086	0,742	0,390	0,275	0,214	0,185	0,167	0,164	0,178	0,222	0,270	0,333	0,359	0,292	0,000	0,000
5,000	-6,448	-5,464	-5,279	-4,949	-4,847	-4,776	-4,741	-4,720	-4,675	-4,665	-4,617	-4,552	-4,450	-4,274	-4,060	3,368	1,959	1,439	0,786	0,573	0,421	0,363	0,315	0,291	0,282	0,302	0,353	0,383	0,409	0,318	0,000	0,000
6,000	-8,860	-8,841	-8,733	-8,593	-8,485	-8,427	-8,392	-8,362	-8,323	-8,298	-8,246	-8,188	-8,101	-7,950	-7,783	-0,072	0,133	0,180	0,241	0,235	0,208	0,206	0,196	0,205	0,218	0,249	0,287	0,314	0,328	0,252	0,000	0,000
7,000	-6,945	-6,921	-6,892	-6,819	-6,756	-6,728	-6,710	-6,698	-6,676	-6,677	-6,662	-6,638	-6,617	-6,571	-6,518	0,013	0,056	0,074	0,122	0,111	0,090	0,091	0,081	0,078	0,071	0,080	0,092	0,097	0,102	0,074	0,000	0,000
8,000	-19,556	-19,762	-19,769	-19,904	-19,896	-19,947	-19,976	-19,998	-20,021	-20,067	-20,080	-20,092	-20,088	-20,038	-19,973	-0,292	-0,190	-0,195	-0,154	-0,126	-0,130	-0,123	-0,112	-0,093	-0,073	-0,031	0,006	0,036	0,084	0,078	0,000	0,000
9,000	-9,525	-9,479	-9,408	-9,201	-9,065	-8,957	-8,886	-8,840	-8,788	-8,751	-8,696	-8,637	-8,559	-8,430	-8,279	0,114	0,188	0,260	0,352	0,356	0,324	0,305	0,280	0,261	0,252	0,266	0,287	0,299	0,300	0,229	0,000	0,000
10,000	-9,481	-9,487	-9,367	-9,226	-9,145	-9,109	-9,086	-9,063	-9,037	-9,042	-9,013	-8,977	-8,908	-8,814	-8,699	-0,049	0,164	0,176	0,200	0,168	0,151	0,139	0,132	0,126	0,136	0,153	0,174	0,213	0,224	0,182	0,000	0,000
11,000	-9,606	-9,483	-9,457	-9,303	-9,225	-9,169	-9,137	-9,119	-9,085	-9,072	-9,030	-8,979	-8,912	-8,802	-8,676	0,140	0,179	0,190	0,220	0,205	0,181	0,173	0,161	0,164	0,167	0,193	0,225	0,245	0,253	0,195	0,000	0,000
12,000	-15,039	-15,041	-14,972	-14,929	-14,871	-14,857	-14,856	-14,844	-14,833	-14,836	-14,814	-14,782	-14,725	-14,605	-14,467	0,036	0,098	0,102	0,102	0,093	0,075	0,073	0,080	0,085	0,097	0,135	0,184	0,226	0,253	0,203	0,000	0,000
13,000	-8,344	-8,406	-8,354	-8,370	-8,351	-8,333	-8,319	-8,294	-8,267	-8,233	-8,181	-8,106	-7,994	-7,828	-7,609	-0,022	0,020	0,018	0,048	0,079	0,101	0,127	0,143	0,178	0,217	0,266	0,324	0,373	0,398	0,316	0,000	0,000
14,000	-11,923	-11,783	-11,865	-11,786	-11,782	-11,755	-11,740	-11,734	-11,722	-11,717	-11,690	-11,655	-11,569	-11,426	-11,216	0,045	-0,029	0,025	0,069	0,065	0,072	0,076	0,077	0,099	0,124	0,179	0,230	0,298	0,341	0,285	0,000	0,000
15,000	-9,263	-9,297	-9,288	-9,258	-9,223	-9,225	-9,212	-9,198	-9,177	-9,166	-9,147	-9,110	-9,069	-8,998	-8,912	-0,131	-0,020	-0,017	0,048	0,047	0,050	0,062	0,075	0,080	0,089	0,115	0,131	0,156	0,166	0,130	0,000	0,000
	run	11	2022:11:08    11:37:32,449
0,000	-13,771	-13,873	-13,927	-14,038	-14,077	-14,097	-14,109	-14,117	-14,122	-14,131	-14,129	-14,102	-14,054	-13,965	-13,851	-0,317	-0,266	-0,220	-0,155	-0,118	-0,085	-0,058	-0,037	-0,002	0,021	0,068	0,116	0,159	0,185	0,153	0,000	0,000
1,000	-17,849	-17,883	-17,816	-17,586	-17,413	-17,276	-17,210	-17,150	-17,084	-17,046	-16,988	-16,936	-16,878	-16,784	-16,674	-0,238	0,044	0,167	0,356	0,383	0,350	0,326	0,296	0,276	0,253	0,252	0,255	0,242	0,239	0,180	0,000	0,000
2,000	-11,579	-11,507	-11,435	-11,255	-11,134	-11,051	-11,000	-10,962	-10,900	-10,863	-10,795	-10,713	-10,626	-10,483	-10,336	0,023	0,151	0,227	0,297	0,289	0,267	0,271	0,266	0,269	0,270	0,298	0,313	0,325	0,320	0,239	0,000	0,000
3,000	-15,656	-14,833	-14,479	-13,887	-13,643	-13,484	-13,407	-13,350	-13,306	-13,290	-13,267	-13,260	-13,257	-13,250	-13,240	2,972	2,028	1,654	1,089	0,843	0,622	0,498	0,389	0,298	0,216	0,154	0,116	0,077	0,062	0,034	0,000	0,000
4,000	-3,538	-3,373	-3,236	-3,165	-3,112	-3,099	-3,082	-3,067	-3,052	-3,050	-3,019	-2,965	-2,864	-2,699	-2,487	1,896	1,113	0,752	0,398	0,284	0,222	0,191	0,177	0,175	0,198	0,233	0,282	0,350	0,382	0,309	0,000	0,000
5,000	-6,394	-5,400	-5,230	-4,904	-4,802	-4,733	-4,699	-4,679	-4,640	-4,627	-4,585	-4,510	-4,415	-4,243	-4,042	3,373	1,948	1,460	0,788	0,562	0,406	0,356	0,308	0,283	0,271	0,300	0,335	0,377	0,397	0,310	0,000	0,000
6,000	-8,585	-8,565	-8,470	-8,332	-8,232	-8,178	-8,143	-8,113	-8,075	-8,046	-8,000	-7,941	-7,862	-7,727	-7,565	-0,066	0,117	0,161	0,226	0,225	0,198	0,200	0,190	0,196	0,205	0,240	0,274	0,299	0,316	0,240	0,000	0,000
7,000	-6,842	-6,826	-6,804	-6,747	-6,693	-6,666	-6,641	-6,633	-6,616	-6,613	-6,594	-6,577	-6,552	-6,507	-6,455	0,016	0,042	0,056	0,105	0,106	0,086	0,081	0,079	0,075	0,068	0,082	0,095	0,098	0,108	0,077	0,000	0,000
8,000	-19,257	-19,481	-19,458	-19,567	-19,552	-19,602	-19,635	-19,654	-19,677	-19,720	-19,724	-19,743	-19,738	-19,693	-19,624	-0,296	-0,170	-0,171	-0,133	-0,113	-0,116	-0,116	-0,108	-0,083	-0,072	-0,030	0,007	0,039	0,081	0,070	0,000	0,000
9,000	-9,436	-9,395	-9,338	-9,158	-9,031	-8,912	-8,853	-8,804	-8,748	-8,713	-8,661	-8,604	-8,521	-8,402	-8,255	0,098	0,147	0,225	0,331	0,330	0,308	0,298	0,268	0,255	0,251	0,254	0,279	0,298	0,294	0,218	0,000	0,000
10,000	-9,411	-9,444	-9,333	-9,216	-9,134	-9,103	-9,081	-9,059	-9,032	-9,032	-9,008	-8,966	-8,906	-8,814	-8,696	-0,051	0,132	0,146	0,181	0,158	0,146	0,131	0,123	0,124	0,133	0,154	0,173	0,212	0,222	0,178	0,000	0,000
11,000	-9,711	-9,614	-9,579	-9,435	-9,358	-9,305	-9,274	-9,248	-9,217	-9,198	-9,159	-9,114	-9,044	-8,934	-8,807	0,145	0,173	0,183	0,216	0,205	0,180	0,175	0,164	0,167	0,173	0,196	0,224	0,241	0,253	0,198	0,000	0,000
12,000	-15,042	-15,044	-14,979	-14,934	-14,874	-14,858	-14,849	-14,839	-14,829	-14,844	-14,820	-14,775	-14,725	-14,610	-14,467	0,050	0,114	0,102	0,117	0,097	0,075	0,080	0,078	0,086	0,093	0,144	0,179	0,220	0,252	0,204	0,000	0,000
13,000	-8,337	-8,393	-8,351	-8,364	-8,340	-8,327	-8,311	-8,286	-8,257	-8,227	-8,169	-8,100	-7,989	-7,817	-7,604	-0,017	0,018	0,011	0,049	0,078	0,103	0,124	0,144	0,170	0,217	0,267	0,322	0,374	0,401	0,315	0,000	0,000
14,000	-11,850	-11,720	-11,789	-11,724	-11,710	-11,689	-11,667	-11,663	-11,654	-11,643	-11,631	-11,587	-11,500	-11,351	-11,156	0,027	-0,031	0,024	0,061	0,068	0,062	0,074	0,077	0,096	0,122	0,174	0,227	0,302	0,339	0,278	0,000	0,000
15,000	-9,180	-9,223	-9,211	-9,189	-9,151	-9,150	-9,138	-9,126	-9,103	-9,101	-9,076	-9,045	-8,993	-8,923	-8,832	-0,141	-0,016	-0,013	0,039	0,047	0,047	0,057	0,075	0,083	0,091	0,115	0,137	0,162	0,171	0,133	0,000	0,000
	run	12	2022:11:08    11:37:32,501
0,000	-13,771	-13,873	-13,927	-14,038	-14,077	-14,097	-14,109	-14,117	-14,122	-14,131	-14,129	-14,102	-14,054	-13,965	-13,851	-0,317	-0,266	-0,220	-0,155	-0,118	-0,085	-0,058	-0,037	-0,002	0,021	0,068	0,116	0,159	0,185	0,153	0,000	0,000
1,000	-17,849	-17,883	-17,816	-17,586	-17,413	-17,276	-17,210	-17,150	-17,084	-17,046	-16,988	-16,936	-16,878	-16,784	-16,674	-0,238	0,044	0,167	0,356	0,383	0,350	0,326	0,296	0,276	0,253	0,252	0,255	0,242	0,239	0,180	0,000	0,000
2,000	-11,579	-11,507	-11,435	-11,255	-11,134	-11,051	-11,000	-10,962	-10,900	-10,863	-10,795	-10,713	-10,626	-10,483	-10,336	0,023	0,151	0,227	0,297	0,289	0,267	0,271	0,266	0,269	0,270	0,298	0,313	0,325	0,320	0,239	0,000	0,000
3,000	-15,656	-14,833	-14,479	-13,887	-13,643	-13,484	-13,407	-13,350	-13,306	-13,290	-13,267	-13,260	-13,257	-13,250	-13,240	2,972	2,028	1,654	1,089	0,843	0,622	0,498	0,389	0,298	0,216	0,154	0,116	0,077	0,062	0,034	0,000	0,000
4,000	-3,538	-3,373	-3,236	-3,165	-3,112	-3,099	-3,082	-3,067	-3,052	-3,050	-3,019	-2,965	-2,864	-2,699	-2,487	1,896	1,113	0,752	0,398	0,284	0,222	0,191	0,177	0,175	0,198	0,233	0,282	0,350	0,382	0,309	0,000	0,000
5,000	-6,394	-5,400	-5,230	-4,904	-4,802	-4,733	-4,699	-4,679	-4,640	-4,627	-4,585	-4,510	-4,415	-4,243	-4,042	3,373	1,948	1,460	0,788	0,562	0,406	0,356	0,308	0,283	0,271	0,300	0,335	0,377	0,397	0,310	0,000	0,000
6,000	-8,634	-8,623	-8,522	-8,385	-8,281	-8,217	-8,189	-8,158	-8,123	-8,097	-8,056	-7,988	-7,903	-7,762	-7,601	-0,045	0,123	0,165	0,232	0,227	0,202	0,205	0,196	0,197	0,215	0,239	0,275	0,305	0,320	0,246	0,000	0,000
7,000	-6,788	-6,758	-6,726	-6,673	-6,613	-6,582	-6,570	-6,559	-6,538	-6,535	-6,524	-6,502	-6,480	-6,431	-6,383	0,005	0,048	0,074	0,113	0,102	0,090	0,081	0,079	0,076	0,072	0,079	0,088	0,096	0,099	0,074	0,000	0,000
8,000	-19,253	-19,430	-19,428	-19,550	-19,543	-19,593	-19,628	-19,647	-19,666	-19,711	-19,725	-19,733	-19,733	-19,691	-19,626	-0,293	-0,178	-0,185	-0,137	-0,119	-0,122	-0,117	-0,104	-0,089	-0,074	-0,037	0,006	0,033	0,078	0,069	0,000	0,000
9,000	-9,335	-9,287	-9,225	-9,023	-8,898	-8,782	-8,721	-8,667	-8,616	-8,580	-8,530	-8,474	-8,385	-8,264	-8,117	0,097	0,170	0,250	0,333	0,352	0,317	0,294	0,272	0,260	0,249	0,260	0,283	0,294	0,301	0,228	0,000	0,000
10,000	-9,490	-9,510	-9,389	-9,248	-9,164	-9,129	-9,105	-9,091	-9,062	-9,062	-9,034	-9,000	-8,938	-8,842	-8,730	-0,038	0,162	0,180	0,202	0,171	0,148	0,138	0,130	0,126	0,132	0,149	0,178	0,207	0,221	0,173	0,000	0,000
11,000	-9,630	-9,521	-9,488	-9,347	-9,268	-9,213	-9,182	-9,163	-9,131	-9,110	-9,072	-9,028	-8,957	-8,853	-8,727	0,154	0,171	0,188	0,215	0,206	0,178	0,170	0,160	0,162	0,168	0,191	0,224	0,239	0,245	0,194	0,000	0,000
12,000	-14,881	-14,891	-14,833	-14,778	-14,722	-14,702	-14,703	-14,697	-14,680	-14,698	-14,669	-14,639	-14,576	-14,461	-14,326	0,043	0,102	0,098	0,110	0,094	0,075	0,074	0,076	0,080	0,097	0,140	0,168	0,217	0,248	0,196	0,000	0,000
13,000	-8,283	-8,343	-8,301	-8,321	-8,300	-8,280	-8,267	-8,243	-8,217	-8,180	-8,126	-8,055	-7,945	-7,780	-7,561	-0,019	0,011	0,017	0,048	0,075	0,103	0,123	0,141	0,176	0,212	0,261	0,316	0,368	0,394	0,314	0,000	0,000
14,000	-11,764	-11,617	-11,693	-11,635	-11,624	-11,595	-11,574	-11,567	-11,560	-11,552	-11,535	-11,492	-11,413	-11,268	-11,067	0,044	-0,029	0,024	0,061	0,071	0,068	0,072	0,078	0,090	0,119	0,165	0,225	0,294	0,332	0,277	0,000	0,000
15,000	-9,290	-9,321	-9,303	-9,278	-9,246	-9,248	-9,236	-9,223	-9,203	-9,188	-9,177	-9,138	-9,091	-9,014	-8,933	-0,129	-0,017	-0,011	0,046	0,047	0,053	0,059	0,080	0,082	0,091	0,116	0,138	0,157	0,169	0,133	0,000	0,000
	run	13	2022:11:08    11:37:32,600
0,000	-13,684	-13,773	-13,814	-13,912	-13,946	-13,970	-13,986	-13,991	-13,992	-14,009	-14,000	-13,973	-13,926	-13,841	-13,733	-0,315	-0,255	-0,217	-0,146	-0,112	-0,082	-0,055	-0,036	-0,007	0,023	0,060	0,109	0,152	0,176	0,146	0,000	0,000
1,000	-17,250	-17,328	-17,260	-17,062	-16,899	-16,772	-16,701	-16,643	-16,591	-16,554	-16,494	-16,440	-16,391	-16,294	-16,191	-0,267	0,016	0,128	0,314	0,350	0,328	0,309	0,277	0,259	0,241	0,242	0,238	0,235	0,229	0,171	0,000	0,000
2,000	-11,001	-10,953	-10,901	-10,751	-10,637	-10,557	-10,509	-10,464	-10,415	-10,378	-10,311	-10,246	-10,160	-10,030	-9,889	-0,004	0,108	0,174	0,260	0,268	0,247	0,247	0,242	0,241	0,251	0,270	0,290	0,298	0,294	0,220	0,000	0,000
3,000	-15,019	-14,264	-13,956	-13,421	-13,187	-13,038	-12,966	-12,915	-12,866	-12,852	-12,832	-12,821	-12,809	-12,797	-12,788	2,831	1,890	1,526	1,019	0,794	0,590	0,478	0,376	0,291	0,208	0,155	0,119	0,082	0,064	0,037	0,000	0,000
4,000	-3,526	-3,373	-3,244	-3,167	-3,108	-3,096	-3,082	-3,070	-3,055	-3,047	-3,022	-2,968	-2,868	-2,706	-2,493	1,883	1,114	0,751	0,400	0,284	0,222	0,194	0,174	0,165	0,187	0,232	0,284	0,351	0,378	0,307	0,000	0,000
5,000	-6,478	-5,487	-5,287	-4,967	-4,873	-4,802	-4,757	-4,743	-4,702	-4,681	-4,645	-4,573	-4,471	-4,295	-4,082	3,374	1,963	1,459	0,795	0,578	0,419	0,365	0,313	0,289	0,278	0,301	0,343	0,383	0,409	0,316	0,000	0,000
6,000	-8,766	-8,734	-8,634	-8,490	-8,390	-8,328	-8,293	-8,266	-8,226	-8,205	-8,151	-8,093	-8,005	-7,865	-7,691	-0,054	0,132	0,161	0,242	0,234	0,205	0,207	0,195	0,201	0,219	0,241	0,281	0,310	0,326	0,255	0,000	0,000
7,000	-6,963	-6,931	-6,888	-6,827	-6,770	-6,739	-6,726	-6,707	-6,693	-6,687	-6,676	-6,655	-6,628	-6,571	-6,517	0,004	0,055	0,072	0,122	0,108	0,095	0,094	0,082	0,081	0,076	0,083	0,096	0,107	0,108	0,084	0,000	0,000
8,000	-19,639	-19,822	-19,802	-19,950	-19,940	-19,992	-20,031	-20,046	-20,072	-20,117	-20,130	-20,144	-20,138	-20,097	-20,026	-0,306	-0,200	-0,202	-0,160	-0,131	-0,136	-0,131	-0,115	-0,096	-0,086	-0,035	0,006	0,037	0,077	0,072	0,000	0,000
9,000	-9,699	-9,642	-9,565	-9,344	-9,199	-9,078	-9,017	-8,970	-8,915	-8,876	-8,823	-8,767	-8,681	-8,558	-8,410	0,120	0,194	0,279	0,371	0,369	0,333	0,316	0,287	0,271	0,259	0,270	0,282	0,298	0,303	0,232	0,000	0,000
10,000	-9,530	-9,546	-9,425	-9,309	-9,223	-9,190	-9,170	-9,156	-9,128	-9,124	-9,095	-9,057	-8,992	-8,899	-8,774	-0,050	0,153	0,154	0,188	0,161	0,143	0,134	0,128	0,122	0,135	0,153	0,181	0,213	0,225	0,178	0,000	0,000
11,000	-9,597	-9,487	-9,455	-9,309	-9,233	-9,178	-9,145	-9,127	-9,095	-9,070	-9,035	-8,987	-8,921	-8,812	-8,688	0,138	0,165	0,179	0,217	0,204	0,179	0,172	0,167	0,161	0,170	0,194	0,218	0,238	0,251	0,193	0,000	0,000
12,000	-14,685	-14,681	-14,625	-14,584	-14,523	-14,508	-14,503	-14,498	-14,480	-14,498	-14,474	-14,437	-14,381	-14,268	-14,132	0,052	0,100	0,093	0,101	0,097	0,070	0,073	0,073	0,085	0,087	0,134	0,171	0,218	0,244	0,196	0,000	0,000
13,000	-8,138	-8,193	-8,161	-8,175	-8,154	-8,134	-8,121	-8,102	-8,077	-8,037	-7,989	-7,915	-7,812	-7,642	-7,438	-0,018	0,011	0,013	0,050	0,075	0,103	0,118	0,140	0,172	0,205	0,260	0,311	0,361	0,387	0,307	0,000	0,000
14,000	-11,724	-11,569	-11,653	-11,579	-11,570	-11,548	-11,522	-11,523	-11,516	-11,504	-11,499	-11,453	-11,369	-11,228	-11,024	0,043	-0,046	0,013	0,053	0,065	0,063	0,078	0,073	0,092	0,119	0,176	0,226	0,296	0,337	0,277	0,000	0,000
15,000	-9,126	-9,162	-9,149	-9,129	-9,093	-9,088	-9,077	-9,069	-9,046	-9,036	-9,015	-8,988	-8,940	-8,872	-8,784	-0,139	-0,015	-0,011	0,049	0,046	0,048	0,053	0,070	0,078	0,091	0,113	0,134	0,150	0,162	0,128	0,000	0,000
	run	14	2022:11:08    11:37:32,700
0,000	-13,373	-13,463	-13,517	-13,608	-13,642	-13,660	-13,665	-13,682	-13,685	-13,695	-13,687	-13,667	-13,620	-13,540	-13,435	-0,307	-0,254	-0,194	-0,136	-0,111	-0,077	-0,049	-0,027	0,000	0,016	0,060	0,110	0,142	0,169	0,139	0,000	0,000
1,000	-17,256	-17,325	-17,258	-17,075	-16,910	-16,791	-16,727	-16,664	-16,604	-16,566	-16,511	-16,465	-16,408	-16,312	-16,221	-0,272	0,012	0,119	0,307	0,343	0,319	0,305	0,272	0,262	0,236	0,234	0,234	0,229	0,221	0,163	0,000	0,000
2,000	-10,941	-10,889	-10,836	-10,680	-10,571	-10,493	-10,446	-10,406	-10,348	-10,315	-10,249	-10,179	-10,097	-9,975	-9,835	-0,017	0,111	0,172	0,257	0,270	0,246	0,246	0,240	0,244	0,244	0,267	0,284	0,293	0,296	0,214	0,000	0,000
3,000	-14,868	-14,142	-13,852	-13,343	-13,111	-12,961	-12,887	-12,833	-12,787	-12,769	-12,746	-12,733	-12,726	-12,712	-12,700	2,813	1,845	1,491	0,993	0,781	0,583	0,471	0,377	0,291	0,215	0,157	0,117	0,086	0,067	0,036	0,000	0,000
4,000	-3,454	-3,314	-3,182	-3,103	-3,044	-3,034	-3,019	-3,009	-2,997	-2,995	-2,963	-2,912	-2,812	-2,658	-2,447	1,887	1,100	0,749	0,391	0,276	0,211	0,189	0,171	0,164	0,184	0,227	0,278	0,343	0,370	0,303	0,000	0,000
5,000	-6,507	-5,522	-5,330	-5,009	-4,905	-4,825	-4,791	-4,771	-4,725	-4,720	-4,655	-4,599	-4,488	-4,312	-4,098	3,431	1,991	1,477	0,804	0,583	0,421	0,367	0,319	0,298	0,298	0,310	0,356	0,393	0,418	0,326	0,000	0,000
6,000	-9,076	-9,029	-8,925	-8,774	-8,669	-8,607	-8,579	-8,550	-8,513	-8,482	-8,428	-8,359	-8,277	-8,127	-7,951	-0,046	0,152	0,195	0,244	0,240	0,210	0,210	0,203	0,211	0,226	0,251	0,294	0,323	0,338	0,260	0,000	0,000
7,000	-7,159	-7,120	-7,077	-6,989	-6,926	-6,888	-6,871	-6,864	-6,839	-6,836	-6,822	-6,803	-6,780	-6,736	-6,680	0,015	0,078	0,104	0,143	0,126	0,097	0,094	0,085	0,079	0,073	0,079	0,087	0,102	0,104	0,079	0,000	0,000
8,000	-19,831	-20,048	-20,041	-20,195	-20,194	-20,240	-20,279	-20,298	-20,313	-20,363	-20,378	-20,386	-20,385	-20,335	-20,276	-0,317	-0,213	-0,208	-0,153	-0,132	-0,136	-0,126	-0,113	-0,096	-0,079	-0,039	0,000	0,046	0,081	0,074	0,000	0,000
9,000	-9,560	-9,495	-9,424	-9,209	-9,069	-8,953	-8,888	-8,837	-8,787	-8,747	-8,696	-8,641	-8,551	-8,426	-8,272	0,133	0,191	0,263	0,365	0,364	0,324	0,311	0,281	0,263	0,256	0,269	0,285	0,304	0,307	0,234	0,000	0,000
10,000	-9,354	-9,395	-9,280	-9,178	-9,098	-9,066	-9,048	-9,029	-9,006	-9,000	-8,980	-8,937	-8,881	-8,782	-8,671	-0,071	0,123	0,130	0,166	0,147	0,136	0,127	0,128	0,119	0,131	0,151	0,170	0,202	0,219	0,171	0,000	0,000
11,000	-9,505	-9,413	-9,386	-9,246	-9,171	-9,116	-9,080	-9,064	-9,031	-9,009	-8,971	-8,925	-8,858	-8,755	-8,620	0,132	0,153	0,177	0,208	0,203	0,173	0,168	0,160	0,162	0,170	0,188	0,220	0,240	0,247	0,192	0,000	0,000
12,000	-14,506	-14,502	-14,441	-14,394	-14,339	-14,316	-14,314	-14,312	-14,294	-14,304	-14,274	-14,245	-14,192	-14,079	-13,943	0,059	0,108	0,109	0,110	0,097	0,076	0,073	0,074	0,080	0,088	0,139	0,171	0,211	0,245	0,194	0,000	0,000
13,000	-8,098	-8,165	-8,121	-8,140	-8,116	-8,106	-8,089	-8,068	-8,041	-8,007	-7,953	-7,882	-7,776	-7,611	-7,406	-0,028	0,005	0,007	0,043	0,067	0,098	0,119	0,137	0,167	0,206	0,255	0,310	0,363	0,382	0,307	0,000	0,000
14,000	-11,682	-11,528	-11,609	-11,540	-11,533	-11,503	-11,487	-11,484	-11,467	-11,469	-11,440	-11,404	-11,326	-11,182	-10,992	0,046	-0,036	0,012	0,057	0,069	0,061	0,074	0,077	0,103	0,118	0,174	0,227	0,289	0,330	0,271	0,000	0,000
15,000	-9,069	-9,107	-9,084	-9,072	-9,039	-9,037	-9,025	-9,012	-8,989	-8,981	-8,964	-8,935	-8,889	-8,816	-8,730	-0,144	-0,014	-0,020	0,040	0,042	0,049	0,056	0,072	0,080	0,091	0,112	0,131	0,155	0,163	0,131	0,000	0,000
	run	15	2022:11:08    11:37:32,746
0,000	-13,293	-13,368	-13,426	-13,510	-13,543	-13,567	-13,572	-13,587	-13,583	-13,595	-13,589	-13,566	-13,519	-13,436	-13,331	-0,305	-0,248	-0,203	-0,136	-0,109	-0,080	-0,052	-0,035	-0,004	0,022	0,067	0,109	0,146	0,175	0,143	0,000	0,000
1,000	-16,984	-17,040	-16,995	-16,808	-16,644	-16,528	-16,462	-16,405	-16,348	-16,311	-16,260	-16,213	-16,156	-16,069	-15,963	-0,302	-0,002	0,103	0,296	0,338	0,311	0,301	0,268	0,253	0,233	0,228	0,232	0,223	0,220	0,162	0,000	0,000
2,000	-10,941	-10,889	-10,836	-10,680	-10,571	-10,493	-10,446	-10,406	-10,348	-10,315	-10,249	-10,179	-10,097	-9,975	-9,835	-0,017	0,111	0,172	0,257	0,270	0,246	0,246	0,240	0,244	0,244	0,267	0,284	0,293	0,296	0,214	0,000	0,000
3,000	-14,868	-14,142	-13,852	-13,343	-13,111	-12,961	-12,887	-12,833	-12,787	-12,769	-12,746	-12,733	-12,726	-12,712	-12,700	2,813	1,845	1,491	0,993	0,781	0,583	0,471	0,377	0,291	0,215	0,157	0,117	0,086	0,067	0,036	0,000	0,000
4,000	-3,454	-3,314	-3,182	-3,103	-3,044	-3,034	-3,019	-3,009	-2,997	-2,995	-2,963	-2,912	-2,812	-2,658	-2,447	1,887	1,100	0,749	0,391	0,276	0,211	0,189	0,171	0,164	0,184	0,227	0,278	0,343	0,370	0,303	0,000	0,000
5,000	-6,507	-5,522	-5,330	-5,009	-4,905	-4,825	-4,791	-4,771	-4,725	-4,720	-4,655	-4,599	-4,488	-4,312	-4,098	3,431	1,991	1,477	0,804	0,583	0,421	0,367	0,319	0,298	0,298	0,310	0,356	0,393	0,418	0,326	0,000	0,000
6,000	-9,076	-9,029	-8,925	-8,774	-8,669	-8,607	-8,579	-8,550	-8,513	-8,482	-8,428	-8,359	-8,277	-8,127	-7,951	-0,046	0,152	0,195	0,244	0,240	0,210	0,210	0,203	0,211	0,226	0,251	0,294	0,323	0,338	0,260	0,000	0,000
7,000	-7,159	-7,120	-7,077	-6,989	-6,926	-6,888	-6,871	-6,864	-6,839	-6,836	-6,822	-6,803	-6,780	-6,736	-6,680	0,015	0,078	0,104	0,143	0,126	0,097	0,094	0,085	0,079	0,073	0,079	0,087	0,102	0,104	0,079	0,000	0,000
8,000	-19,869	-20,101	-20,107	-20,250	-20,250	-20,308	-20,338	-20,365	-20,386	-20,430	-20,438	-20,455	-20,448	-20,400	-20,333	-0,321	-0,220	-0,230	-0,168	-0,140	-0,141	-0,131	-0,117	-0,094	-0,082	-0,037	0,002	0,037	0,080	0,076	0,000	0,000
9,000	-9,555	-9,472	-9,396	-9,175	-9,033	-8,919	-8,855	-8,800	-8,748	-8,716	-8,656	-8,602	-8,515	-8,386	-8,234	0,116	0,207	0,278	0,369	0,368	0,330	0,313	0,285	0,266	0,259	0,271	0,286	0,307	0,305	0,236	0,000	0,000
10,000	-9,465	-9,468	-9,357	-9,234	-9,148	-9,119	-9,101	-9,080	-9,054	-9,050	-9,024	-8,991	-8,925	-8,827	-8,710	-0,049	0,147	0,155	0,187	0,163	0,146	0,133	0,130	0,121	0,135	0,157	0,180	0,211	0,225	0,180	0,000	0,000
11,000	-9,482	-9,362	-9,336	-9,195	-9,118	-9,062	-9,027	-9,005	-8,975	-8,959	-8,919	-8,869	-8,806	-8,701	-8,576	0,141	0,161	0,181	0,218	0,204	0,177	0,174	0,167	0,164	0,170	0,195	0,221	0,239	0,251	0,188	0,000	0,000
12,000	-14,750	-14,740	-14,683	-14,628	-14,582	-14,562	-14,557	-14,550	-14,538	-14,543	-14,523	-14,490	-14,433	-14,315	-14,175	0,066	0,103	0,105	0,111	0,094	0,073	0,073	0,072	0,082	0,088	0,137	0,170	0,219	0,251	0,201	0,000	0,000
13,000	-8,203	-8,273	-8,224	-8,245	-8,218	-8,206	-8,187	-8,167	-8,140	-8,102	-8,053	-7,980	-7,876	-7,708	-7,501	-0,030	0,014	0,013	0,047	0,077	0,105	0,123	0,144	0,170	0,207	0,255	0,311	0,362	0,384	0,306	0,000	0,000
14,000	-11,567	-11,391	-11,474	-11,408	-11,394	-11,367	-11,357	-11,351	-11,335	-11,329	-11,318	-11,276	-11,200	-11,048	-10,862	0,040	-0,044	0,025	0,059	0,069	0,059	0,076	0,076	0,099	0,124	0,169	0,219	0,282	0,325	0,264	0,000	0,000
15,000	-9,052	-9,111	-9,085	-9,070	-9,035	-9,031	-9,018	-9,009	-8,991	-8,978	-8,961	-8,925	-8,883	-8,814	-8,727	-0,148	-0,021	-0,010	0,046	0,045	0,048	0,060	0,074	0,082	0,088	0,113	0,125	0,146	0,158	0,130	0,000	0,000
	run	16	2022:11:08    11:37:32,847
0,000	-13,340	-13,427	-13,476	-13,561	-13,591	-13,613	-13,621	-13,628	-13,630	-13,644	-13,634	-13,610	-13,567	-13,481	-13,378	-0,305	-0,241	-0,195	-0,139	-0,107	-0,071	-0,045	-0,029	-0,008	0,023	0,064	0,106	0,153	0,176	0,141	0,000	0,000
1,000	-16,876	-16,951	-16,888	-16,718	-16,557	-16,439	-16,376	-16,320	-16,261	-16,225	-16,168	-16,127	-16,062	-15,979	-15,881	-0,288	0,003	0,118	0,299	0,333	0,312	0,295	0,268	0,249	0,231	0,223	0,226	0,222	0,216	0,157	0,000	0,000
2,000	-10,857	-10,805	-10,767	-10,608	-10,507	-10,429	-10,376	-10,339	-10,283	-10,251	-10,184	-10,121	-10,040	-9,908	-9,779	-0,030	0,101	0,163	0,255	0,263	0,239	0,243	0,239	0,243	0,246	0,262	0,283	0,294	0,289	0,213	0,000	0,000
3,000	-14,932	-14,202	-13,904	-13,394	-13,164	-13,021	-12,944	-12,890	-12,841	-12,826	-12,806	-12,798	-12,792	-12,780	-12,766	2,807	1,864	1,494	0,999	0,778	0,577	0,471	0,366	0,284	0,210	0,155	0,113	0,082	0,063	0,035	0,000	0,000
4,000	-3,456	-3,294	-3,157	-3,097	-3,036	-3,025	-3,011	-3,001	-2,987	-2,975	-2,947	-2,896	-2,803	-2,649	-2,443	1,881	1,086	0,738	0,389	0,278	0,215	0,183	0,171	0,166	0,182	0,224	0,272	0,331	0,363	0,295	0,000	0,000
5,000	-6,376	-5,388	-5,212	-4,889	-4,794	-4,723	-4,689	-4,668	-4,626	-4,614	-4,569	-4,506	-4,404	-4,236	-4,036	3,373	1,959	1,441	0,784	0,567	0,412	0,353	0,307	0,284	0,271	0,295	0,340	0,373	0,395	0,310	0,000	0,000
6,000	-8,958	-8,928	-8,829	-8,689	-8,583	-8,522	-8,489	-8,459	-8,420	-8,395	-8,344	-8,279	-8,194	-8,051	-7,874	-0,051	0,127	0,186	0,243	0,236	0,209	0,208	0,204	0,212	0,216	0,257	0,287	0,317	0,333	0,256	0,000	0,000
7,000	-7,184	-7,130	-7,096	-7,004	-6,945	-6,904	-6,885	-6,876	-6,859	-6,854	-6,839	-6,817	-6,789	-6,736	-6,678	0,038	0,079	0,119	0,141	0,129	0,106	0,100	0,088	0,086	0,080	0,088	0,098	0,109	0,115	0,088	0,000	0,000
8,000	-20,082	-20,306	-20,319	-20,470	-20,473	-20,524	-20,562	-20,589	-20,605	-20,652	-20,664	-20,678	-20,678	-20,627	-20,560	-0,339	-0,224	-0,222	-0,171	-0,144	-0,140	-0,130	-0,121	-0,101	-0,083	-0,037	0,005	0,040	0,079	0,073	0,000	0,000
9,000	-9,789	-9,691	-9,598	-9,360	-9,205	-9,101	-9,028	-8,978	-8,923	-8,888	-8,836	-8,771	-8,690	-8,554	-8,398	0,154	0,242	0,308	0,397	0,386	0,345	0,324	0,286	0,269	0,263	0,270	0,301	0,316	0,315	0,240	0,000	0,000
10,000	-9,709	-9,715	-9,582	-9,440	-9,346	-9,311	-9,295	-9,277	-9,250	-9,244	-9,214	-9,174	-9,113	-9,009	-8,892	-0,039	0,179	0,182	0,213	0,179	0,159	0,145	0,144	0,127	0,141	0,162	0,185	0,218	0,233	0,183	0,000	0,000
11,000	-9,718	-9,608	-9,565	-9,408	-9,323	-9,263	-9,233	-9,202	-9,179	-9,154	-9,114	-9,070	-8,996	-8,887	-8,748	0,151	0,190	0,217	0,238	0,215	0,191	0,187	0,169	0,173	0,179	0,206	0,231	0,252	0,265	0,206	0,000	0,000
12,000	-14,960	-14,961	-14,905	-14,857	-14,806	-14,792	-14,786	-14,777	-14,765	-14,775	-14,755	-14,718	-14,661	-14,543	-14,405	0,047	0,098	0,092	0,103	0,094	0,073	0,071	0,079	0,086	0,097	0,134	0,177	0,215	0,245	0,201	0,000	0,000
13,000	-8,305	-8,349	-8,309	-8,326	-8,300	-8,285	-8,271	-8,247	-8,219	-8,189	-8,131	-8,058	-7,947	-7,774	-7,560	-0,014	0,015	0,020	0,050	0,080	0,104	0,124	0,141	0,177	0,211	0,264	0,320	0,373	0,400	0,315	0,000	0,000
14,000	-11,729	-11,607	-11,663	-11,612	-11,602	-11,570	-11,548	-11,548	-11,533	-11,533	-11,515	-11,477	-11,393	-11,249	-11,058	0,019	-0,030	0,021	0,063	0,064	0,063	0,075	0,079	0,096	0,116	0,157	0,222	0,291	0,325	0,265	0,000	0,000
15,000	-8,930	-8,984	-8,951	-8,950	-8,906	-8,909	-8,899	-8,890	-8,865	-8,860	-8,843	-8,812	-8,769	-8,703	-8,620	-0,139	-0,022	-0,017	0,041	0,038	0,046	0,057	0,067	0,073	0,084	0,104	0,124	0,146	0,160	0,125	0,000	0,000
	run	17	2022:11:08    11:37:32,901
0,000	-13,340	-13,427	-13,476	-13,561	-13,591	-13,613	-13,621	-13,628	-13,630	-13,644	-13,634	-13,610	-13,567	-13,481	-13,378	-0,305	-0,241	-0,195	-0,139	-0,107	-0,071	-0,045	-0,029	-0,008	0,023	0,064	0,106	0,153	0,176	0,141	0,000	0,000
1,000	-16,876	-16,951	-16,888	-16,718	-16,557	-16,439	-16,376	-16,320	-16,261	-16,225	-16,168	-16,127	-16,062	-15,979	-15,881	-0,288	0,003	0,118	0,299	0,333	0,312	0,295	0,268	0,249	0,231	0,223	0,226	0,222	0,216	0,157	0,000	0,000
2,000	-10,857	-10,805	-10,767	-10,608	-10,507	-10,429	-10,376	-10,339	-10,283	-10,251	-10,184	-10,121	-10,040	-9,908	-9,779	-0,030	0,101	0,163	0,255	0,263	0,239	0,243	0,239	0,243	0,246	0,262	0,283	0,294	0,289	0,213	0,000	0,000
3,000	-14,932	-14,202	-13,904	-13,394	-13,164	-13,021	-12,944	-12,890	-12,841	-12,826	-12,806	-12,798	-12,792	-12,780	-12,766	2,807	1,864	1,494	0,999	0,778	0,577	0,471	0,366	0,284	0,210	0,155	0,113	0,082	0,063	0,035	0,000	0,000
4,000	-3,456	-3,294	-3,157	-3,097	-3,036	-3,025	-3,011	-3,001	-2,987	-2,975	-2,947	-2,896	-2,803	-2,649	-2,443	1,881	1,086	0,738	0,389	0,278	0,215	0,183	0,171	0,166	0,182	0,224	0,272	0,331	0,363	0,295	0,000	0,000
5,000	-6,376	-5,388	-5,212	-4,889	-4,794	-4,723	-4,689	-4,668	-4,626	-4,614	-4,569	-4,506	-4,404	-4,236	-4,036	3,373	1,959	1,441	0,784	0,567	0,412	0,353	0,307	0,284	0,271	0,295	0,340	0,373	0,395	0,310	0,000	0,000
6,000	-8,732	-8,702	-8,601	-8,467	-8,368	-8,307	-8,278	-8,245	-8,201	-8,178	-8,133	-8,067	-7,973	-7,837	-7,665	-0,058	0,120	0,160	0,226	0,229	0,205	0,206	0,194	0,202	0,217	0,251	0,291	0,314	0,332	0,260	0,000	0,000
7,000	-6,933	-6,910	-6,868	-6,800	-6,733	-6,708	-6,686	-6,673	-6,658	-6,650	-6,640	-6,621	-6,587	-6,538	-6,477	0,012	0,066	0,090	0,131	0,118	0,102	0,090	0,082	0,081	0,077	0,086	0,098	0,105	0,118	0,077	0,000	0,000
8,000	-19,961	-20,165	-20,168	-20,328	-20,316	-20,378	-20,412	-20,432	-20,449	-20,494	-20,504	-20,522	-20,513	-20,465	-20,400	-0,313	-0,217	-0,230	-0,164	-0,136	-0,136	-0,125	-0,121	-0,094	-0,074	-0,027	0,012	0,040	0,086	0,080	0,000	0,000
9,000	-9,809	-9,740	-9,660	-9,422	-9,272	-9,152	-9,089	-9,039	-8,987	-8,950	-8,895	-8,841	-8,749	-8,615	-8,460	0,124	0,236	0,294	0,391	0,375	0,342	0,321	0,289	0,272	0,267	0,278	0,294	0,311	0,315	0,235	0,000	0,000
10,000	-9,825	-9,809	-9,668	-9,504	-9,413	-9,376	-9,357	-9,336	-9,316	-9,315	-9,281	-9,236	-9,180	-9,075	-8,952	0,004	0,221	0,232	0,227	0,192	0,162	0,147	0,136	0,129	0,142	0,165	0,192	0,222	0,237	0,187	0,000	0,000
11,000	-9,905	-9,787	-9,738	-9,578	-9,497	-9,439	-9,407	-9,380	-9,350	-9,326	-9,291	-9,244	-9,169	-9,052	-8,916	0,188	0,203	0,222	0,238	0,222	0,192	0,186	0,176	0,177	0,185	0,209	0,238	0,262	0,269	0,209	0,000	0,000
12,000	-15,503	-15,501	-15,440	-15,389	-15,328	-15,312	-15,309	-15,297	-15,283	-15,299	-15,270	-15,240	-15,177	-15,054	-14,907	0,038	0,088	0,110	0,113	0,099	0,082	0,081	0,079	0,088	0,093	0,144	0,186	0,225	0,264	0,207	0,000	0,000
13,000	-8,427	-8,507	-8,448	-8,474	-8,442	-8,429	-8,413	-8,392	-8,362	-8,327	-8,275	-8,200	-8,085	-7,913	-7,694	-0,014	0,024	0,021	0,050	0,077	0,108	0,130	0,149	0,177	0,217	0,271	0,329	0,381	0,403	0,320	0,000	0,000
14,000	-11,860	-11,702	-11,781	-11,704	-11,697	-11,668	-11,647	-11,644	-11,637	-11,632	-11,616	-11,573	-11,495	-11,345	-11,148	0,064	-0,046	0,022	0,074	0,070	0,055	0,078	0,074	0,094	0,121	0,167	0,222	0,295	0,333	0,277	0,000	0,000
15,000	-9,106	-9,148	-9,133	-9,119	-9,086	-9,086	-9,067	-9,059	-9,036	-9,028	-9,014	-8,979	-8,935	-8,864	-8,781	-0,125	-0,014	-0,009	0,041	0,044	0,047	0,053	0,070	0,079	0,090	0,107	0,134	0,150	0,160	0,128	0,000	0,000
	run	18	2022:11:08    11:37:32,999
0,000	-13,477	-13,549	-13,599	-13,692	-13,734	-13,749	-13,764	-13,771	-13,771	-13,781	-13,776	-13,752	-13,709	-13,624	-13,520	-0,313	-0,245	-0,217	-0,139	-0,111	-0,077	-0,054	-0,032	0,001	0,020	0,063	0,105	0,150	0,176	0,143	0,000	0,000
1,000	-17,314	-17,363	-17,308	-17,097	-16,930	-16,814	-16,744	-16,687	-16,623	-16,589	-16,530	-16,486	-16,430	-16,339	-16,236	-0,268	0,013	0,143	0,319	0,360	0,325	0,307	0,279	0,263	0,239	0,236	0,236	0,228	0,224	0,158	0,000	0,000
2,000	-10,990	-10,926	-10,883	-10,730	-10,618	-10,541	-10,490	-10,445	-10,397	-10,362	-10,299	-10,229	-10,145	-10,024	-9,887	-0,018	0,109	0,171	0,261	0,262	0,243	0,251	0,242	0,245	0,244	0,265	0,284	0,289	0,289	0,215	0,000	0,000
3,000	-14,723	-14,011	-13,739	-13,233	-13,013	-12,858	-12,783	-12,737	-12,687	-12,665	-12,648	-12,631	-12,630	-12,617	-12,605	2,802	1,844	1,483	0,987	0,770	0,579	0,472	0,368	0,288	0,207	0,155	0,119	0,082	0,062	0,036	0,000	0,000
4,000	-3,415	-3,255	-3,126	-3,056	-3,004	-2,996	-2,985	-2,969	-2,959	-2,950	-2,920	-2,879	-2,781	-2,629	-2,434	1,874	1,090	0,733	0,384	0,271	0,209	0,184	0,163	0,160	0,179	0,218	0,268	0,321	0,351	0,290	0,000	0,000
5,000	-6,315	-5,331	-5,151	-4,834	-4,740	-4,675	-4,637	-4,621	-4,577	-4,565	-4,520	-4,455	-4,356	-4,184	-3,989	3,354	1,930	1,433	0,776	0,565	0,404	0,351	0,304	0,280	0,263	0,298	0,329	0,370	0,394	0,304	0,000	0,000
6,000	-8,589	-8,561	-8,479	-8,346	-8,241	-8,186	-8,160	-8,126	-8,084	-8,063	-8,012	-7,952	-7,868	-7,726	-7,564	-0,071	0,113	0,155	0,222	0,216	0,199	0,200	0,194	0,201	0,212	0,239	0,278	0,310	0,326	0,247	0,000	0,000
7,000	-6,975	-6,943	-6,898	-6,824	-6,767	-6,737	-6,720	-6,707	-6,688	-6,681	-6,669	-6,649	-6,620	-6,568	-6,506	-0,005	0,067	0,087	0,134	0,118	0,102	0,095	0,083	0,084	0,080	0,085	0,104	0,104	0,113	0,084	0,000	0,000
8,000	-19,731	-19,939	-19,945	-20,086	-20,082	-20,129	-20,163	-20,185	-20,208	-20,258	-20,266	-20,278	-20,272	-20,226	-20,162	-0,330	-0,215	-0,217	-0,162	-0,135	-0,139	-0,122	-0,117	-0,099	-0,080	-0,035	0,006	0,037	0,081	0,076	0,000	0,000
9,000	-9,850	-9,780	-9,705	-9,472	-9,324	-9,212	-9,141	-9,094	-9,038	-8,997	-8,946	-8,886	-8,797	-8,663	-8,509	0,115	0,205	0,279	0,383	0,376	0,339	0,318	0,291	0,273	0,264	0,285	0,299	0,314	0,320	0,238	0,000	0,000
10,000	-9,855	-9,820	-9,681	-9,516	-9,417	-9,385	-9,363	-9,350	-9,319	-9,317	-9,282	-9,245	-9,181	-9,080	-8,955	0,008	0,227	0,229	0,240	0,195	0,164	0,151	0,144	0,134	0,150	0,169	0,184	0,224	0,238	0,187	0,000	0,000
11,000	-9,939	-9,816	-9,770	-9,612	-9,529	-9,473	-9,443	-9,416	-9,387	-9,366	-9,323	-9,275	-9,201	-9,092	-8,953	0,185	0,204	0,223	0,240	0,219	0,188	0,184	0,170	0,174	0,183	0,201	0,236	0,259	0,269	0,209	0,000	0,000
12,000	-15,438	-15,433	-15,371	-15,320	-15,270	-15,247	-15,241	-15,234	-15,218	-15,232	-15,201	-15,169	-15,112	-14,988	-14,844	0,053	0,103	0,097	0,114	0,102	0,077	0,079	0,079	0,085	0,101	0,145	0,184	0,228	0,265	0,207	0,000	0,000
13,000	-8,469	-8,526	-8,481	-8,501	-8,469	-8,459	-8,444	-8,417	-8,389	-8,356	-8,298	-8,223	-8,110	-7,939	-7,722	-0,012	0,022	0,031	0,053	0,084	0,103	0,128	0,149	0,178	0,221	0,268	0,324	0,382	0,405	0,318	0,000	0,000
14,000	-11,782	-11,631	-11,704	-11,638	-11,625	-11,595	-11,580	-11,577	-11,565	-11,554	-11,537	-11,496	-11,415	-11,269	-11,067	0,053	-0,045	0,029	0,071	0,066	0,065	0,078	0,074	0,097	0,125	0,172	0,219	0,296	0,334	0,278	0,000	0,000
15,000	-9,129	-9,175	-9,153	-9,129	-9,100	-9,096	-9,086	-9,073	-9,052	-9,039	-9,022	-8,993	-8,943	-8,874	-8,789	-0,144	-0,013	-0,012	0,047	0,043	0,048	0,057	0,074	0,081	0,090	0,110	0,129	0,154	0,166	0,131	0,000	0,000
	run	19	2022:11:08    11:37:33,100
0,000	-13,533	-13,609	-13,673	-13,766	-13,797	-13,818	-13,832	-13,840	-13,841	-13,850	-13,844	-13,817	-13,774	-13,690	-13,584	-0,310	-0,252	-0,215	-0,132	-0,113	-0,082	-0,052	-0,033	-0,006	0,021	0,066	0,109	0,149	0,171	0,142	0,000	0,000
1,000	-17,267	-17,310	-17,247	-17,051	-16,880	-16,763	-16,692	-16,631	-16,571	-16,541	-16,488	-16,436	-16,379	-16,290	-16,189	-0,247	0,039	0,150	0,321	0,355	0,322	0,307	0,280	0,264	0,242	0,231	0,229	0,226	0,220	0,160	0,000	0,000
2,000	-10,987	-10,943	-10,892	-10,730	-10,615	-10,542	-10,490	-10,447	-10,393	-10,362	-10,293	-10,230	-10,144	-10,020	-9,881	-0,028	0,121	0,180	0,264	0,265	0,248	0,248	0,243	0,244	0,244	0,266	0,284	0,290	0,291	0,215	0,000	0,000
3,000	-14,861	-14,126	-13,829	-13,318	-13,090	-12,937	-12,861	-12,807	-12,760	-12,742	-12,721	-12,710	-12,704	-12,682	-12,673	2,817	1,868	1,497	1,005	0,788	0,586	0,479	0,377	0,296	0,214	0,161	0,124	0,084	0,065	0,038	0,000	0,000
4,000	-3,450	-3,311	-3,175	-3,110	-3,049	-3,040	-3,033	-3,014	-2,998	-2,994	-2,958	-2,911	-2,815	-2,652	-2,453	1,878	1,095	0,739	0,393	0,278	0,216	0,186	0,172	0,169	0,188	0,227	0,276	0,334	0,362	0,295	0,000	0,000
5,000	-6,433	-5,447	-5,257	-4,942	-4,844	-4,766	-4,732	-4,714	-4,673	-4,660	-4,614	-4,542	-4,441	-4,269	-4,056	3,405	1,973	1,459	0,794	0,574	0,422	0,361	0,316	0,291	0,275	0,306	0,344	0,386	0,410	0,316	0,000	0,000
6,000	-8,889	-8,850	-8,758	-8,606	-8,501	-8,442	-8,406	-8,375	-8,339	-8,316	-8,261	-8,205	-8,116	-7,970	-7,800	-0,066	0,139	0,179	0,239	0,235	0,209	0,208	0,202	0,204	0,215	0,249	0,285	0,316	0,328	0,256	0,000	0,000
7,000	-7,087	-7,066	-7,035	-6,950	-6,892	-6,852	-6,842	-6,828	-6,807	-6,807	-6,790	-6,769	-6,744	-6,694	-6,641	0,021	0,068	0,089	0,133	0,125	0,099	0,093	0,083	0,080	0,075	0,084	0,091	0,099	0,104	0,080	0,000	0,000
8,000	-19,720	-19,926	-19,928	-20,064	-20,061	-20,110	-20,140	-20,161	-20,186	-20,233	-20,243	-20,250	-20,250	-20,196	-20,136	-0,315	-0,192	-0,198	-0,159	-0,133	-0,133	-0,116	-0,112	-0,091	-0,076	-0,034	0,008	0,036	0,084	0,074	0,000	0,000
9,000	-9,530	-9,467	-9,411	-9,193	-9,051	-8,943	-8,872	-8,822	-8,769	-8,736	-8,675	-8,618	-8,534	-8,411	-8,260	0,115	0,187	0,257	0,357	0,359	0,324	0,308	0,280	0,264	0,256	0,269	0,291	0,307	0,309	0,232	0,000	0,000
10,000	-9,462	-9,471	-9,341	-9,212	-9,129	-9,092	-9,070	-9,053	-9,031	-9,023	-8,996	-8,958	-8,898	-8,798	-8,679	-0,039	0,159	0,167	0,199	0,173	0,151	0,136	0,135	0,125	0,140	0,158	0,178	0,212	0,224	0,179	0,000	0,000
11,000	-9,627	-9,506	-9,465	-9,322	-9,246	-9,192	-9,162	-9,141	-9,102	-9,085	-9,049	-8,999	-8,926	-8,822	-8,690	0,140	0,167	0,192	0,224	0,209	0,181	0,177	0,165	0,167	0,176	0,200	0,226	0,246	0,257	0,195	0,000	0,000
12,000	-14,991	-14,985	-14,930	-14,882	-14,829	-14,811	-14,804	-14,798	-14,783	-14,791	-14,776	-14,734	-14,681	-14,566	-14,422	0,053	0,097	0,102	0,103	0,096	0,070	0,074	0,074	0,084	0,091	0,139	0,167	0,220	0,250	0,205	0,000	0,000
13,000	-8,339	-8,364	-8,333	-8,345	-8,323	-8,307	-8,288	-8,272	-8,240	-8,206	-8,152	-8,078	-7,966	-7,796	-7,576	-0,005	0,020	0,017	0,052	0,077	0,099	0,126	0,145	0,172	0,213	0,266	0,323	0,379	0,400	0,321	0,000	0,000
14,000	-11,788	-11,665	-11,721	-11,663	-11,646	-11,620	-11,601	-11,603	-11,582	-11,577	-11,565	-11,516	-11,437	-11,297	-11,093	0,031	-0,029	0,036	0,069	0,074	0,068	0,080	0,085	0,096	0,123	0,165	0,226	0,287	0,332	0,275	0,000	0,000
15,000	-9,134	-9,180	-9,163	-9,148	-9,114	-9,108	-9,097	-9,085	-9,064	-9,055	-9,037	-9,008	-8,959	-8,886	-8,800	-0,143	-0,016	-0,013	0,035	0,046	0,048	0,056	0,073	0,082	0,090	0,112	0,132	0,154	0,166	0,133	0,000	0,000
	run	20	2022:11:08    11:37:33,148
0,000	-13,464	-13,545	-13,593	-13,676	-13,710	-13,727	-13,742	-13,753	-13,754	-13,762	-13,757	-13,738	-13,689	-13,603	-13,499	-0,306	-0,242	-0,205	-0,136	-0,104	-0,077	-0,050	-0,031	-0,001	0,019	0,066	0,107	0,148	0,180	0,142	0,000	0,000
1,000	-17,018	-17,109	-17,043	-16,886	-16,728	-16,619	-16,552	-16,492	-16,432	-16,395	-16,339	-16,299	-16,234	-16,147	-16,035	-0,301	-0,021	0,103	0,285	0,329	0,308	0,293	0,265	0,257	0,237	0,229	0,237	0,230	0,230	0,163	0,000	0,000
2,000	-10,987	-10,943	-10,892	-10,730	-10,615	-10,542	-10,490	-10,447	-10,393	-10,362	-10,293	-10,230	-10,144	-10,020	-9,881	-0,028	0,121	0,180	0,264	0,265	0,248	0,248	0,243	0,244	0,244	0,266	0,284	0,290	0,291	0,215	0,000	0,000
3,000	-14,861	-14,126	-13,829	-13,318	-13,090	-12,937	-12,861	-12,807	-12,760	-12,742	-12,721	-12,710	-12,704	-12,682	-12,673	2,817	1,868	1,497	1,005	0,788	0,586	0,479	0,377	0,296	0,214	0,161	0,124	0,084	0,065	0,038	0,000	0,000
4,000	-3,450	-3,311	-3,175	-3,110	-3,049	-3,040	-3,033	-3,014	-2,998	-2,994	-2,958	-2,911	-2,815	-2,652	-2,453	1,878	1,095	0,739	0,393	0,278	0,216	0,186	0,172	0,169	0,188	0,227	0,276	0,334	0,362	0,295	0,000	0,000
5,000	-6,433	-5,447	-5,257	-4,942	-4,844	-4,766	-4,732	-4,714	-4,673	-4,660	-4,614	-4,542	-4,441	-4,269	-4,056	3,405	1,973	1,459	0,794	0,574	0,422	0,361	0,316	0,291	0,275	0,306	0,344	0,386	0,410	0,316	0,000	0,000
6,000	-8,889	-8,850	-8,758	-8,606	-8,501	-8,442	-8,406	-8,375	-8,339	-8,316	-8,261	-8,205	-8,116	-7,970	-7,800	-0,066	0,139	0,179	0,239	0,235	0,209	0,208	0,202	0,204	0,215	0,249	0,285	0,316	0,328	0,256	0,000	0,000
7,000	-7,087	-7,066	-7,035	-6,950	-6,892	-6,852	-6,842	-6,828	-6,807	-6,807	-6,790	-6,769	-6,744	-6,694	-6,641	0,021	0,068	0,089	0,133	0,125	0,099	0,093	0,083	0,080	0,075	0,084	0,091	0,099	0,104	0,080	0,000	0,000
8,000	-19,828	-20,032	-20,047	-20,190	-20,182	-20,238	-20,268	-20,290	-20,312	-20,354	-20,376	-20,387	-20,382	-20,332	-20,268	-0,321	-0,208	-0,218	-0,164	-0,134	-0,141	-0,129	-0,119	-0,097	-0,086	-0,040	0,002	0,030	0,076	0,077	0,000	0,000
9,000	-9,632	-9,560	-9,479	-9,250	-9,102	-8,986	-8,921	-8,874	-8,820	-8,779	-8,728	-8,671	-8,582	-8,457	-8,306	0,124	0,203	0,278	0,383	0,371	0,335	0,313	0,280	0,269	0,263	0,270	0,289	0,305	0,309	0,230	0,000	0,000
10,000	-9,500	-9,498	-9,405	-9,287	-9,206	-9,176	-9,154	-9,135	-9,110	-9,106	-9,084	-9,047	-8,980	-8,884	-8,769	-0,063	0,134	0,142	0,175	0,157	0,144	0,130	0,123	0,122	0,139	0,152	0,175	0,212	0,225	0,176	0,000	0,000
11,000	-9,546	-9,446	-9,406	-9,263	-9,189	-9,131	-9,102	-9,080	-9,047	-9,028	-8,989	-8,943	-8,875	-8,772	-8,643	0,135	0,159	0,185	0,214	0,202	0,175	0,174	0,160	0,162	0,175	0,195	0,217	0,238	0,246	0,191	0,000	0,000
12,000	-14,593	-14,592	-14,537	-14,482	-14,424	-14,412	-14,406	-14,399	-14,388	-14,400	-14,376	-14,342	-14,288	-14,171	-14,035	0,048	0,102	0,101	0,104	0,095	0,070	0,073	0,068	0,080	0,089	0,127	0,173	0,215	0,246	0,202	0,000	0,000
13,000	-8,103	-8,166	-8,127	-8,147	-8,120	-8,111	-8,092	-8,069	-8,046	-8,011	-7,960	-7,883	-7,776	-7,618	-7,401	-0,037	0,012	0,015	0,034	0,070	0,094	0,122	0,143	0,174	0,205	0,254	0,310	0,357	0,385	0,304	0,000	0,000
14,000	-11,721	-11,545	-11,643	-11,570	-11,557	-11,537	-11,512	-11,517	-11,508	-11,496	-11,481	-11,443	-11,360	-11,213	-11,007	0,051	-0,043	0,016	0,067	0,058	0,060	0,072	0,077	0,094	0,122	0,171	0,222	0,293	0,334	0,278	0,000	0,000
15,000	-9,094	-9,145	-9,127	-9,106	-9,074	-9,074	-9,060	-9,050	-9,027	-9,019	-8,998	-8,973	-8,927	-8,858	-8,776	-0,139	-0,022	-0,015	0,043	0,043	0,050	0,055	0,071	0,078	0,092	0,109	0,125	0,150	0,158	0,126	0,000	0,000
	run	21	2022:11:08    11:37:33,247
0,000	-13,592	-13,672	-13,729	-13,824	-13,860	-13,877	-13,893	-13,903	-13,902	-13,911	-13,906	-13,881	-13,838	-13,750	-13,641	-0,301	-0,255	-0,220	-0,145	-0,110	-0,081	-0,054	-0,033	-0,003	0,026	0,065	0,107	0,159	0,181	0,148	0,000	0,000
1,000	-17,537	-17,568	-17,503	-17,289	-17,115	-16,991	-16,925	-16,859	-16,800	-16,765	-16,707	-16,663	-16,600	-16,512	-16,404	-0,242	0,042	0,156	0,340	0,366	0,334	0,320	0,289	0,271	0,246	0,240	0,239	0,233	0,224	0,168	0,000	0,000
2,000	-11,263	-11,211	-11,149	-10,983	-10,871	-10,788	-10,741	-10,694	-10,638	-10,606	-10,536	-10,460	-10,375	-10,241	-10,100	-0,008	0,124	0,182	0,276	0,274	0,257	0,260	0,255	0,256	0,257	0,279	0,300	0,311	0,307	0,229	0,000	0,000
3,000	-15,431	-14,659	-14,345	-13,774	-13,537	-13,377	-13,297	-13,246	-13,197	-13,182	-13,157	-13,149	-13,144	-13,125	-13,113	2,933	1,951	1,589	1,063	0,830	0,619	0,494	0,393	0,301	0,222	0,160	0,118	0,086	0,066	0,037	0,000	0,000
4,000	-3,554	-3,374	-3,243	-3,176	-3,116	-3,104	-3,090	-3,078	-3,062	-3,057	-3,026	-2,969	-2,869	-2,702	-2,490	1,903	1,117	0,757	0,402	0,284	0,218	0,191	0,177	0,173	0,197	0,231	0,284	0,354	0,384	0,313	0,000	0,000
5,000	-6,608	-5,617	-5,423	-5,083	-4,976	-4,900	-4,864	-4,844	-4,803	-4,789	-4,742	-4,668	-4,565	-4,388	-4,165	3,407	1,993	1,489	0,818	0,595	0,426	0,371	0,323	0,298	0,285	0,313	0,356	0,401	0,421	0,330	0,000	0,000
6,000	-9,100	-9,064	-8,946	-8,800	-8,687	-8,623	-8,593	-8,562	-8,524	-8,500	-8,441	-8,382	-8,291	-8,144	-7,967	-0,046	0,150	0,190	0,255	0,244	0,210	0,211	0,204	0,209	0,224	0,254	0,288	0,321	0,337	0,260	0,000	0,000
7,000	-7,122	-7,097	-7,042	-6,964	-6,906	-6,872	-6,850	-6,836	-6,820	-6,819	-6,801	-6,782	-6,754	-6,707	-6,651	0,024	0,078	0,097	0,137	0,122	0,100	0,095	0,088	0,083	0,076	0,081	0,096	0,104	0,109	0,078	0,000	0,000
8,000	-19,761	-19,985	-19,985	-20,131	-20,126	-20,184	-20,215	-20,236	-20,258	-20,303	-20,317	-20,332	-20,329	-20,273	-20,211	-0,337	-0,207	-0,222	-0,171	-0,141	-0,142	-0,127	-0,115	-0,096	-0,080	-0,042	-0,002	0,032	0,080	0,073	0,000	0,000
9,000	-9,562	-9,505	-9,421	-9,200	-9,059	-8,938	-8,878	-8,825	-8,774	-8,735	-8,683	-8,624	-8,535	-8,413	-8,263	0,099	0,209	0,282	0,373	0,369	0,332	0,314	0,282	0,267	0,253	0,265	0,289	0,304	0,310	0,233	0,000	0,000
10,000	-9,470	-9,491	-9,365	-9,258	-9,174	-9,145	-9,123	-9,109	-9,082	-9,078	-9,052	-9,019	-8,952	-8,864	-8,750	-0,061	0,136	0,147	0,182	0,156	0,140	0,133	0,129	0,119	0,130	0,149	0,172	0,205	0,217	0,170	0,000	0,000
11,000	-9,474	-9,372	-9,342	-9,201	-9,122	-9,070	-9,044	-9,021	-8,985	-8,967	-8,932	-8,888	-8,822	-8,714	-8,588	0,118	0,152	0,171	0,208	0,199	0,174	0,171	0,155	0,161	0,166	0,187	0,213	0,234	0,247	0,185	0,000	0,000
12,000	-14,380	-14,376	-14,313	-14,261	-14,206	-14,194	-14,192	-14,185	-14,167	-14,180	-14,154	-14,119	-14,071	-13,960	-13,826	0,047	0,102	0,107	0,103	0,096	0,071	0,071	0,072	0,077	0,090	0,129	0,169	0,209	0,240	0,191	0,000	0,000
13,000	-8,059	-8,109	-8,080	-8,101	-8,083	-8,063	-8,047	-8,030	-8,004	-7,969	-7,919	-7,843	-7,740	-7,578	-7,372	-0,028	0,007	0,001	0,039	0,068	0,095	0,117	0,134	0,170	0,209	0,252	0,306	0,358	0,379	0,302	0,000	0,000
14,000	-11,604	-11,461	-11,540	-11,474	-11,464	-11,434	-11,412	-11,416	-11,402	-11,409	-11,379	-11,342	-11,262	-11,120	-10,921	0,036	-0,045	0,020	0,064	0,065	0,063	0,071	0,074	0,088	0,115	0,167	0,221	0,288	0,330	0,270	0,000	0,000
15,000	-9,120	-9,158	-9,136	-9,115	-9,085	-9,080	-9,068	-9,055	-9,040	-9,030	-9,009	-8,978	-8,927	-8,860	-8,773	-0,130	-0,016	-0,015	0,045	0,043	0,048	0,059	0,074	0,086	0,094	0,114	0,131	0,155	0,165	0,132	0,000	0,000
	run	22	2022:11:08    11:37:33,299
0,000	-13,592	-13,672	-13,729	-13,824	-13,860	-13,877	-13,893	-13,903	-13,902	-13,911	-13,906	-13,881	-13,838	-13,750	-13,641	-0,301	-0,255	-0,220	-0,145	-0,110	-0,081	-0,054	-0,033	-0,003	0,026	0,065	0,107	0,159	0,181	0,148	0,000	0,000
1,000	-17,537	-17,568	-17,503	-17,289	-17,115	-16,991	-16,925	-16,859	-16,800	-16,765	-16,707	-16,663	-16,600	-16,512	-16,404	-0,242	0,042	0,156	0,340	0,366	0,334	0,320	0,289	0,271	0,246	0,240	0,239	0,233	0,224	0,168	0,000	0,000
2,000	-11,263	-11,211	-11,149	-10,983	-10,871	-10,788	-10,741	-10,694	-10,638	-10,606	-10,536	-10,460	-10,375	-10,241	-10,100	-0,008	0,124	0,182	0,276	0,274	0,257	0,260	0,255	0,256	0,257	0,279	0,300	0,311	0,307	0,229	0,000	0,000
3,000	-15,431	-14,659	-14,345	-13,774	-13,537	-13,377	-13,297	-13,246	-13,197	-13,182	-13,157	-13,149	-13,144	-13,125	-13,113	2,933	1,951	1,589	1,063	0,830	0,619	0,494	0,393	0,301	0,222	0,160	0,118	0,086	0,066	0,037	0,000	0,000
4,000	-3,554	-3,374	-3,243	-3,176	-3,116	-3,104	-3,090	-3,078	-3,062	-3,057	-3,026	-2,969	-2,869	-2,702	-2,490	1,903	1,117	0,757	0,402	0,284	0,218	0,191	0,177	0,173	0,197	0,231	0,284	0,354	0,384	0,313	0,000	0,000
5,000	-6,608	-5,617	-5,423	-5,083	-4,976	-4,900	-4,864	-4,844	-4,803	-4,789	-4,742	-4,668	-4,565	-4,388	-4,165	3,407	1,993	1,489	0,818	0,595	0,426	0,371	0,323	0,298	0,285	0,313	0,356	0,401	0,421	0,330	0,000	0,000
6,000	-8,993	-8,942	-8,839	-8,687	-8,583	-8,520	-8,489	-8,458	-8,419	-8,398	-8,338	-8,280	-8,185	-8,042	-7,872	-0,052	0,154	0,195	0,242	0,239	0,214	0,208	0,202	0,214	0,221	0,252	0,286	0,322	0,336	0,259	0,000	0,000
7,000	-7,002	-6,988	-6,952	-6,875	-6,815	-6,783	-6,772	-6,752	-6,734	-6,737	-6,718	-6,701	-6,677	-6,630	-6,574	-0,002	0,069	0,085	0,126	0,112	0,096	0,089	0,081	0,075	0,076	0,081	0,089	0,096	0,105	0,080	0,000	0,000
8,000	-19,666	-19,855	-19,853	-19,984	-19,976	-20,031	-20,066	-20,088	-20,108	-20,156	-20,168	-20,177	-20,173	-20,124	-20,063	-0,329	-0,200	-0,199	-0,148	-0,129	-0,133	-0,114	-0,110	-0,097	-0,072	-0,036	0,001	0,039	0,080	0,073	0,000	0,000
9,000	-9,483	-9,438	-9,367	-9,168	-9,022	-8,913	-8,851	-8,803	-8,751	-8,712	-8,657	-8,601	-8,515	-8,391	-8,250	0,094	0,175	0,251	0,347	0,354	0,320	0,305	0,277	0,259	0,255	0,263	0,286	0,301	0,304	0,229	0,000	0,000
10,000	-9,327	-9,349	-9,235	-9,141	-9,059	-9,030	-9,010	-8,994	-8,972	-8,967	-8,939	-8,901	-8,845	-8,742	-8,633	-0,064	0,136	0,133	0,165	0,144	0,134	0,126	0,124	0,116	0,131	0,151	0,172	0,204	0,219	0,173	0,000	0,000
11,000	-9,470	-9,376	-9,340	-9,200	-9,128	-9,073	-9,041	-9,014	-8,989	-8,966	-8,927	-8,884	-8,813	-8,712	-8,580	0,130	0,150	0,170	0,210	0,200	0,175	0,172	0,158	0,163	0,171	0,187	0,215	0,238	0,249	0,192	0,000	0,000
12,000	-14,666	-14,654	-14,594	-14,546	-14,493	-14,475	-14,468	-14,466	-14,447	-14,459	-14,445	-14,405	-14,352	-14,240	-14,101	0,051	0,100	0,101	0,108	0,096	0,074	0,071	0,072	0,079	0,090	0,131	0,173	0,215	0,242	0,193	0,000	0,000
13,000	-8,157	-8,217	-8,176	-8,201	-8,176	-8,160	-8,142	-8,120	-8,095	-8,057	-8,009	-7,932	-7,827	-7,666	-7,454	-0,024	0,013	0,013	0,044	0,072	0,105	0,122	0,142	0,172	0,205	0,253	0,305	0,363	0,389	0,307	0,000	0,000
14,000	-11,628	-11,484	-11,557	-11,476	-11,486	-11,458	-11,436	-11,436	-11,427	-11,418	-11,402	-11,354	-11,277	-11,137	-10,941	0,041	-0,033	0,018	0,065	0,062	0,057	0,073	0,076	0,086	0,113	0,173	0,223	0,285	0,337	0,270	0,000	0,000
15,000	-9,114	-9,156	-9,150	-9,128	-9,089	-9,089	-9,080	-9,065	-9,043	-9,035	-9,016	-8,982	-8,935	-8,864	-8,776	-0,135	-0,026	-0,005	0,047	0,043	0,050	0,062	0,073	0,080	0,094	0,116	0,137	0,157	0,166	0,130	0,000	0,000
	run	23	2022:11:08    11:37:33,400
0,000	-13,592	-13,670	-13,724	-13,818	-13,856	-13,880	-13,895	-13,902	-13,902	-13,912	-13,908	-13,878	-13,833	-13,744	-13,635	-0,332	-0,256	-0,211	-0,149	-0,116	-0,082	-0,051	-0,031	-0,008	0,024	0,065	0,115	0,156	0,183	0,146	0,000	0,000
1,000	-17,585	-17,639	-17,573	-17,367	-17,194	-17,065	-16,995	-16,942	-16,875	-16,839	-16,784	-16,731	-16,671	-16,573	-16,472	-0,285	0,027	0,138	0,334	0,371	0,336	0,313	0,280	0,269	0,251	0,245	0,251	0,240	0,235	0,176	0,000	0,000
2,000	-11,292	-11,228	-11,167	-10,998	-10,885	-10,800	-10,750	-10,708	-10,651	-10,616	-10,552	-10,471	-10,389	-10,253	-10,108	0,008	0,134	0,202	0,284	0,284	0,257	0,261	0,252	0,260	0,259	0,282	0,306	0,313	0,308	0,230	0,000	0,000
3,000	-15,369	-14,557	-14,250	-13,684	-13,438	-13,289	-13,215	-13,159	-13,115	-13,098	-13,077	-13,068	-13,061	-13,050	-13,040	2,920	1,966	1,599	1,061	0,820	0,607	0,494	0,386	0,294	0,213	0,159	0,115	0,080	0,057	0,033	0,000	0,000
4,000	-3,541	-3,402	-3,250	-3,189	-3,129	-3,120	-3,104	-3,089	-3,073	-3,073	-3,031	-2,982	-2,880	-2,717	-2,503	1,894	1,117	0,748	0,401	0,284	0,226	0,191	0,183	0,172	0,191	0,233	0,283	0,356	0,384	0,313	0,000	0,000
5,000	-6,460	-5,469	-5,290	-4,964	-4,852	-4,789	-4,754	-4,729	-4,693	-4,678	-4,628	-4,561	-4,463	-4,286	-4,073	3,379	1,961	1,466	0,797	0,575	0,415	0,361	0,312	0,286	0,275	0,307	0,351	0,385	0,408	0,320	0,000	0,000
6,000	-8,798	-8,767	-8,669	-8,534	-8,431	-8,373	-8,340	-8,312	-8,272	-8,246	-8,190	-8,136	-8,045	-7,909	-7,743	-0,058	0,127	0,163	0,231	0,231	0,205	0,203	0,196	0,206	0,215	0,246	0,284	0,311	0,323	0,252	0,000	0,000
7,000	-6,980	-6,963	-6,920	-6,849	-6,802	-6,768	-6,745	-6,740	-6,719	-6,712	-6,702	-6,678	-6,651	-6,602	-6,547	-0,017	0,058	0,088	0,125	0,116	0,095	0,090	0,087	0,080	0,077	0,082	0,089	0,104	0,105	0,082	0,000	0,000
8,000	-19,479	-19,675	-19,664	-19,806	-19,796	-19,847	-19,881	-19,904	-19,922	-19,968	-19,981	-19,986	-19,990	-19,940	-19,877	-0,323	-0,187	-0,198	-0,152	-0,125	-0,135	-0,126	-0,113	-0,094	-0,085	-0,037	0,001	0,035	0,078	0,072	0,000	0,000
9,000	-9,491	-9,449	-9,385	-9,177	-9,040	-8,923	-8,856	-8,807	-8,752	-8,720	-8,670	-8,609	-8,521	-8,403	-8,250	0,075	0,185	0,245	0,353	0,355	0,319	0,306	0,278	0,263	0,257	0,269	0,283	0,303	0,307	0,230	0,000	0,000
10,000	-9,492	-9,487	-9,371	-9,241	-9,161	-9,119	-9,101	-9,081	-9,057	-9,055	-9,025	-8,990	-8,928	-8,831	-8,718	-0,056	0,152	0,163	0,197	0,166	0,151	0,137	0,128	0,124	0,132	0,150	0,174	0,213	0,224	0,175	0,000	0,000
11,000	-9,627	-9,522	-9,484	-9,335	-9,255	-9,205	-9,169	-9,146	-9,120	-9,098	-9,056	-9,014	-8,942	-8,834	-8,710	0,136	0,175	0,197	0,223	0,210	0,180	0,177	0,163	0,171	0,176	0,198	0,222	0,244	0,252	0,197	0,000	0,000
12,000	-14,958	-14,961	-14,896	-14,851	-14,795	-14,783	-14,769	-14,767	-14,754	-14,770	-14,744	-14,706	-14,654	-14,533	-14,395	0,043	0,097	0,102	0,106	0,095	0,076	0,076	0,076	0,082	0,095	0,137	0,177	0,214	0,250	0,197	0,000	0,000
13,000	-8,276	-8,332	-8,288	-8,310	-8,286	-8,265	-8,254	-8,233	-8,202	-8,173	-8,118	-8,045	-7,935	-7,768	-7,554	-0,014	0,014	0,017	0,043	0,073	0,100	0,117	0,146	0,170	0,211	0,262	0,316	0,367	0,388	0,311	0,000	0,000
14,000	-11,680	-11,530	-11,601	-11,547	-11,533	-11,506	-11,492	-11,481	-11,479	-11,476	-11,448	-11,410	-11,329	-11,183	-10,984	0,040	-0,035	0,022	0,059	0,060	0,062	0,072	0,074	0,096	0,129	0,169	0,231	0,298	0,340	0,281	0,000	0,000
15,000	-9,120	-9,171	-9,157	-9,133	-9,095	-9,093	-9,086	-9,071	-9,045	-9,036	-9,020	-8,991	-8,948	-8,876	-8,786	-0,140	-0,020	-0,014	0,049	0,050	0,050	0,059	0,074	0,081	0,087	0,116	0,132	0,155	0,164	0,131	0,000	0,000
	run	24	2022:11:08    11:37:33,499
0,000	-13,713	-13,779	-13,855	-13,935	-13,972	-13,999	-14,009	-14,012	-14,017	-14,030	-14,020	-13,992	-13,949	-13,867	-13,761	-0,303	-0,254	-0,210	-0,146	-0,113	-0,080	-0,053	-0,030	-0,008	0,021	0,062	0,108	0,151	0,177	0,141	0,000	0,000
1,000	-17,383	-17,438	-17,375	-17,165	-16,999	-16,877	-16,805	-16,750	-16,688	-16,657	-16,594	-16,547	-16,494	-16,398	-16,299	-0,233	0,042	0,168	0,336	0,362	0,324	0,309	0,281	0,261	0,236	0,228	0,232	0,228	0,225	0,164	0,000	0,000
2,000	-10,987	-10,931	-10,874	-10,714	-10,601	-10,528	-10,485	-10,442	-10,383	-10,352	-10,291	-10,215	-10,139	-10,009	-9,876	-0,033	0,109	0,167	0,259	0,265	0,248	0,248	0,238	0,246	0,248	0,268	0,282	0,300	0,293	0,213	0,000	0,000
3,000	-14,776	-14,018	-13,741	-13,242	-13,015	-12,866	-12,786	-12,738	-12,687	-12,670	-12,649	-12,640	-12,631	-12,616	-12,602	2,806	1,850	1,488	0,996	0,777	0,584	0,477	0,372	0,291	0,211	0,161	0,116	0,087	0,063	0,039	0,000	0,000
4,000	-3,401	-3,253	-3,124	-3,058	-3,005	-2,988	-2,981	-2,966	-2,954	-2,950	-2,922	-2,873	-2,776	-2,624	-2,426	1,875	1,084	0,735	0,388	0,270	0,209	0,181	0,166	0,160	0,179	0,217	0,262	0,324	0,360	0,293	0,000	0,000
5,000	-6,337	-5,363	-5,180	-4,861	-4,766	-4,693	-4,658	-4,640	-4,600	-4,590	-4,553	-4,479	-4,377	-4,208	-4,001	3,348	1,939	1,434	0,776	0,562	0,407	0,357	0,308	0,286	0,274	0,303	0,332	0,376	0,394	0,310	0,000	0,000
6,000	-8,656	-8,623	-8,526	-8,386	-8,288	-8,237	-8,201	-8,170	-8,134	-8,106	-8,054	-7,991	-7,912	-7,768	-7,603	-0,052	0,123	0,166	0,225	0,224	0,205	0,202	0,196	0,201	0,215	0,245	0,280	0,306	0,322	0,250	0,000	0,000
7,000	-6,904	-6,895	-6,847	-6,780	-6,731	-6,699	-6,681	-6,662	-6,645	-6,646	-6,628	-6,612	-6,581	-6,533	-6,477	-0,007	0,056	0,070	0,117	0,112	0,098	0,092	0,082	0,082	0,074	0,079	0,095	0,105	0,105	0,081	0,000	0,000
8,000	-19,505	-19,705	-19,705	-19,829	-19,817	-19,866	-19,899	-19,919	-19,937	-19,987	-19,997	-20,012	-20,005	-19,962	-19,893	-0,303	-0,195	-0,194	-0,142	-0,121	-0,128	-0,117	-0,106	-0,087	-0,078	-0,040	0,005	0,033	0,081	0,073	0,000	0,000
9,000	-9,520	-9,454	-9,395	-9,183	-9,045	-8,933	-8,873	-8,819	-8,763	-8,730	-8,674	-8,616	-8,530	-8,403	-8,254	0,107	0,175	0,260	0,352	0,355	0,324	0,310	0,276	0,259	0,253	0,263	0,292	0,300	0,304	0,230	0,000	0,000
10,000	-9,594	-9,582	-9,457	-9,320	-9,233	-9,195	-9,178	-9,161	-9,132	-9,131	-9,104	-9,069	-9,003	-8,902	-8,782	-0,038	0,167	0,185	0,206	0,171	0,152	0,140	0,132	0,124	0,134	0,161	0,182	0,211	0,224	0,176	0,000	0,000
11,000	-9,747	-9,636	-9,597	-9,445	-9,371	-9,312	-9,284	-9,255	-9,230	-9,205	-9,170	-9,120	-9,051	-8,942	-8,811	0,144	0,181	0,197	0,226	0,214	0,182	0,179	0,165	0,167	0,178	0,196	0,228	0,244	0,256	0,199	0,000	0,000
12,000	-15,093	-15,086	-15,034	-14,972	-14,921	-14,901	-14,902	-14,890	-14,879	-14,888	-14,869	-14,833	-14,772	-14,654	-14,520	0,040	0,096	0,100	0,105	0,098	0,076	0,077	0,078	0,084	0,103	0,144	0,179	0,219	0,253	0,204	0,000	0,000
13,000	-8,385	-8,421	-8,388	-8,399	-8,373	-8,361	-8,341	-8,323	-8,292	-8,258	-8,207	-8,134	-8,019	-7,845	-7,625	-0,003	0,018	0,026	0,052	0,075	0,102	0,124	0,146	0,177	0,215	0,263	0,324	0,377	0,397	0,322	0,000	0,000
14,000	-11,932	-11,794	-11,845	-11,776	-11,770	-11,741	-11,725	-11,723	-11,709	-11,694	-11,680	-11,641	-11,561	-11,415	-11,218	0,018	-0,034	0,019	0,075	0,071	0,069	0,078	0,084	0,095	0,138	0,161	0,225	0,300	0,340	0,282	0,000	0,000
15,000	-9,272	-9,304	-9,293	-9,272	-9,241	-9,238	-9,227	-9,218	-9,194	-9,182	-9,166	-9,132	-9,084	-9,013	-8,925	-0,117	-0,020	-0,016	0,047	0,046	0,046	0,059	0,075	0,086	0,092	0,115	0,134	0,158	0,168	0,131	0,000	0,000
	run	25	2022:11:08    11:37:33,548
0,000	-13,509	-13,593	-13,649	-13,739	-13,771	-13,789	-13,802	-13,811	-13,812	-13,821	-13,817	-13,788	-13,746	-13,663	-13,563	-0,297	-0,238	-0,201	-0,129	-0,107	-0,073	-0,053	-0,027	-0,003	0,018	0,066	0,107	0,148	0,173	0,140	0,000	0,000
1,000	-17,000	-17,062	-16,988	-16,823	-16,660	-16,549	-16,486	-16,431	-16,368	-16,339	-16,283	-16,234	-16,179	-16,090	-15,995	-0,265	-0,005	0,118	0,292	0,326	0,304	0,290	0,261	0,251	0,229	0,225	0,223	0,220	0,215	0,156	0,000	0,000
2,000	-10,987	-10,931	-10,874	-10,714	-10,601	-10,528	-10,485	-10,442	-10,383	-10,352	-10,291	-10,215	-10,139	-10,009	-9,876	-0,033	0,109	0,167	0,259	0,265	0,248	0,248	0,238	0,246	0,248	0,268	0,282	0,300	0,293	0,213	0,000	0,000
3,000	-14,776	-14,018	-13,741	-13,242	-13,015	-12,866	-12,786	-12,738	-12,687	-12,670	-12,649	-12,640	-12,631	-12,616	-12,602	2,806	1,850	1,488	0,996	0,777	0,584	0,477	0,372	0,291	0,211	0,161	0,116	0,087	0,063	0,039	0,000	0,000
4,000	-3,401	-3,253	-3,124	-3,058	-3,005	-2,988	-2,981	-2,966	-2,954	-2,950	-2,922	-2,873	-2,776	-2,624	-2,426	1,875	1,084	0,735	0,388	0,270	0,209	0,181	0,166	0,160	0,179	0,217	0,262	0,324	0,360	0,293	0,000	0,000
5,000	-6,337	-5,363	-5,180	-4,861	-4,766	-4,693	-4,658	-4,640	-4,600	-4,590	-4,553	-4,479	-4,377	-4,208	-4,001	3,348	1,939	1,434	0,776	0,562	0,407	0,357	0,308	0,286	0,274	0,303	0,332	0,376	0,394	0,310	0,000	0,000
6,000	-8,656	-8,623	-8,526	-8,386	-8,288	-8,237	-8,201	-8,170	-8,134	-8,106	-8,054	-7,991	-7,912	-7,768	-7,603	-0,052	0,123	0,166	0,225	0,224	0,205	0,202	0,196	0,201	0,215	0,245	0,280	0,306	0,322	0,250	0,000	0,000
7,000	-6,904	-6,895	-6,847	-6,780	-6,731	-6,699	-6,681	-6,662	-6,645	-6,646	-6,628	-6,612	-6,581	-6,533	-6,477	-0,007	0,056	0,070	0,117	0,112	0,098	0,092	0,082	0,082	0,074	0,079	0,095	0,105	0,105	0,081	0,000	0,000
8,000	-19,578	-19,783	-19,776	-19,917	-19,900	-19,958	-19,987	-20,010	-20,036	-20,082	-20,092	-20,106	-20,102	-20,054	-19,988	-0,307	-0,195	-0,203	-0,149	-0,129	-0,134	-0,119	-0,111	-0,094	-0,076	-0,041	0,008	0,035	0,081	0,070	0,000	0,000
9,000	-9,678	-9,609	-9,550	-9,344	-9,194	-9,083	-9,014	-8,963	-8,913	-8,873	-8,826	-8,766	-8,679	-8,544	-8,397	0,108	0,194	0,275	0,368	0,367	0,330	0,314	0,280	0,264	0,261	0,268	0,292	0,306	0,310	0,236	0,000	0,000
10,000	-9,677	-9,672	-9,551	-9,409	-9,309	-9,281	-9,258	-9,240	-9,218	-9,211	-9,183	-9,143	-9,085	-8,984	-8,867	-0,042	0,175	0,182	0,209	0,180	0,157	0,142	0,135	0,126	0,140	0,164	0,179	0,215	0,227	0,179	0,000	0,000
11,000	-9,765	-9,655	-9,612	-9,467	-9,383	-9,329	-9,297	-9,271	-9,245	-9,222	-9,186	-9,139	-9,064	-8,957	-8,824	0,158	0,182	0,201	0,233	0,214	0,186	0,176	0,159	0,169	0,177	0,201	0,224	0,250	0,260	0,202	0,000	0,000
12,000	-15,061	-15,057	-14,996	-14,944	-14,890	-14,868	-14,863	-14,858	-14,846	-14,863	-14,836	-14,795	-14,740	-14,621	-14,476	0,061	0,100	0,100	0,110	0,098	0,069	0,076	0,072	0,088	0,093	0,140	0,178	0,226	0,252	0,203	0,000	0,000
13,000	-8,375	-8,389	-8,375	-8,382	-8,354	-8,342	-8,322	-8,303	-8,280	-8,245	-8,186	-8,121	-8,004	-7,836	-7,617	-0,005	0,019	0,020	0,051	0,078	0,102	0,126	0,143	0,171	0,210	0,262	0,320	0,374	0,394	0,319	0,000	0,000
14,000	-11,999	-11,866	-11,935	-11,864	-11,859	-11,827	-11,811	-11,805	-11,798	-11,781	-11,773	-11,721	-11,644	-11,501	-11,297	0,013	-0,031	0,028	0,072	0,061	0,068	0,077	0,078	0,096	0,124	0,174	0,229	0,295	0,342	0,280	0,000	0,000
15,000	-9,167	-9,197	-9,194	-9,171	-9,138	-9,131	-9,124	-9,111	-9,089	-9,077	-9,067	-9,033	-8,988	-8,914	-8,832	-0,130	-0,020	-0,015	0,046	0,046	0,048	0,055	0,069	0,077	0,088	0,108	0,132	0,152	0,160	0,126	0,000	0,000
	run	26	2022:11:08    11:37:33,647
0,000	-13,227	-13,310	-13,375	-13,450	-13,486	-13,503	-13,511	-13,523	-13,526	-13,529	-13,530	-13,501	-13,465	-13,381	-13,281	-0,296	-0,238	-0,198	-0,135	-0,104	-0,074	-0,050	-0,032	-0,002	0,022	0,065	0,097	0,141	0,168	0,135	0,000	0,000
1,000	-16,891	-16,959	-16,915	-16,750	-16,591	-16,476	-16,414	-16,355	-16,294	-16,267	-16,206	-16,160	-16,106	-16,015	-15,915	-0,301	-0,010	0,099	0,280	0,321	0,302	0,289	0,263	0,242	0,228	0,222	0,234	0,218	0,219	0,159	0,000	0,000
2,000	-10,729	-10,671	-10,629	-10,489	-10,376	-10,296	-10,255	-10,210	-10,158	-10,127	-10,064	-10,000	-9,922	-9,797	-9,666	-0,039	0,105	0,165	0,246	0,252	0,236	0,242	0,233	0,233	0,235	0,254	0,274	0,287	0,279	0,204	0,000	0,000
3,000	-14,599	-13,887	-13,616	-13,133	-12,906	-12,765	-12,690	-12,637	-12,594	-12,571	-12,544	-12,543	-12,530	-12,519	-12,498	2,770	1,809	1,450	0,967	0,753	0,570	0,466	0,364	0,285	0,211	0,157	0,120	0,088	0,065	0,038	0,000	0,000
4,000	-3,423	-3,258	-3,132	-3,072	-3,016	-3,006	-2,994	-2,984	-2,962	-2,961	-2,931	-2,878	-2,781	-2,628	-2,433	1,893	1,091	0,741	0,386	0,280	0,213	0,185	0,169	0,160	0,180	0,218	0,268	0,328	0,357	0,294	0,000	0,000
5,000	-6,433	-5,441	-5,260	-4,937	-4,834	-4,764	-4,728	-4,706	-4,663	-4,648	-4,604	-4,532	-4,431	-4,258	-4,048	3,411	1,976	1,462	0,792	0,576	0,424	0,363	0,313	0,290	0,277	0,305	0,346	0,387	0,410	0,318	0,000	0,000
6,000	-8,887	-8,848	-8,751	-8,608	-8,508	-8,447	-8,417	-8,387	-8,337	-8,320	-8,263	-8,206	-8,119	-7,972	-7,801	-0,055	0,126	0,168	0,238	0,235	0,203	0,208	0,198	0,205	0,217	0,252	0,285	0,317	0,337	0,256	0,000	0,000
7,000	-7,116	-7,074	-7,031	-6,951	-6,890	-6,852	-6,837	-6,826	-6,799	-6,799	-6,786	-6,762	-6,736	-6,682	-6,628	0,018	0,064	0,096	0,138	0,127	0,108	0,096	0,090	0,085	0,079	0,083	0,099	0,107	0,112	0,090	0,000	0,000
8,000	-19,917	-20,119	-20,132	-20,269	-20,272	-20,326	-20,359	-20,384	-20,399	-20,450	-20,468	-20,479	-20,469	-20,414	-20,352	-0,329	-0,218	-0,233	-0,165	-0,144	-0,146	-0,126	-0,115	-0,093	-0,081	-0,036	0,002	0,038	0,082	0,075	0,000	0,000
9,000	-9,673	-9,612	-9,525	-9,294	-9,153	-9,030	-8,972	-8,921	-8,866	-8,831	-8,778	-8,714	-8,628	-8,505	-8,347	0,128	0,218	0,294	0,383	0,373	0,338	0,318	0,289	0,272	0,260	0,276	0,297	0,308	0,313	0,241	0,000	0,000
10,000	-9,578	-9,588	-9,473	-9,331	-9,234	-9,202	-9,180	-9,163	-9,140	-9,137	-9,105	-9,076	-9,007	-8,909	-8,790	-0,042	0,164	0,184	0,208	0,179	0,155	0,142	0,130	0,130	0,139	0,156	0,177	0,214	0,228	0,181	0,000	0,000
11,000	-9,642	-9,539	-9,494	-9,341	-9,260	-9,209	-9,176	-9,155	-9,123	-9,102	-9,058	-9,015	-8,944	-8,836	-8,703	0,143	0,173	0,198	0,225	0,216	0,187	0,175	0,169	0,169	0,173	0,199	0,226	0,251	0,259	0,200	0,000	0,000
12,000	-14,949	-14,943	-14,876	-14,829	-14,772	-14,758	-14,751	-14,750	-14,731	-14,742	-14,722	-14,685	-14,623	-14,506	-14,365	0,049	0,104	0,108	0,112	0,096	0,069	0,075	0,077	0,082	0,098	0,137	0,178	0,225	0,263	0,203	0,000	0,000
13,000	-8,311	-8,385	-8,332	-8,354	-8,329	-8,318	-8,298	-8,273	-8,249	-8,213	-8,161	-8,090	-7,975	-7,809	-7,593	-0,020	0,019	0,020	0,049	0,076	0,100	0,124	0,141	0,178	0,212	0,263	0,315	0,368	0,394	0,313	0,000	0,000
14,000	-11,794	-11,629	-11,739	-11,651	-11,649	-11,621	-11,595	-11,601	-11,581	-11,579	-11,551	-11,521	-11,441	-11,297	-11,094	0,086	-0,041	0,025	0,065	0,067	0,062	0,068	0,077	0,096	0,115	0,168	0,218	0,298	0,332	0,276	0,000	0,000
15,000	-9,073	-9,106	-9,094	-9,071	-9,040	-9,037	-9,023	-9,010	-8,993	-8,984	-8,965	-8,934	-8,890	-8,823	-8,737	-0,133	-0,016	-0,011	0,048	0,043	0,052	0,056	0,071	0,079	0,092	0,107	0,127	0,150	0,162	0,127	0,000	0,000
