Device: PM2003001		2022:11:08    11:52:56,751  (DLL version: 1.20;  Status: HW:v1.02 SW:v1.3 CRC:31ED BATTERY:4154mV ST:0 ERR:0000;  MUX data; S: 92 I:143 R:200.000 C:1.094p F:)
Excitation level, V:	2,00
Voltage Channel Gain:	5
Current Channel Gain:	1
Voltmeter Range, V:	0,6
Ampermeter Range, A:	15,0m
Step Period, ms:	5
R transimp:	200
C transimp:	1,1p
Measurement Table: 	EEPROM  16

Freq, Hz	1,0k	2,0k	3,0k	7,0k	11,0k	17,0k	23,0k	31,0k	43,0k	61,0k	89,0k	127,0k	179,0k	251,0k	349,0k	1,0k	2,0k	3,0k	7,0k	11,0k	17,0k	23,0k	31,0k	43,0k	61,0k	89,0k	127,0k	179,0k	251,0k	349,0k
	run	1	2022:11:08    11:52:56,754
MUX	Re1, ohm	Re2, ohm	Re3, ohm	Re4, ohm	Re5, ohm	Re6, ohm	Re7, ohm	Re8, ohm	Re9, ohm	Re10, ohm	Re11, ohm	Re12, ohm	Re13, ohm	Re14, ohm	Re15, ohm	Im1, ohm	Im2, ohm	Im3, ohm	Im4, ohm	Im5, ohm	Im6, ohm	Im7, ohm	Im8, ohm	Im9, ohm	Im10, ohm	Im11, ohm	Im12, ohm	Im13, ohm	Im14, ohm	Im15, ohm	U, V	I, mA

0,000	-13,060	-13,114	-13,169	-13,243	-13,270	-13,286	-13,297	-13,303	-13,303	-13,317	-13,315	-13,282	-13,251	-13,169	-13,073	-0,186	-0,183	-0,160	-0,106	-0,083	-0,064	-0,041	-0,024	-0,002	0,022	0,057	0,096	0,137	0,161	0,129	0,000	0,000
1,000	-16,056	-16,044	-15,964	-15,781	-15,615	-15,504	-15,433	-15,377	-15,314	-15,274	-15,219	-15,169	-15,112	-15,020	-14,919	0,039	0,187	0,237	0,358	0,364	0,333	0,321	0,290	0,269	0,244	0,247	0,237	0,231	0,224	0,166	0,000	0,000
2,000	-9,992	-9,990	-9,960	-9,832	-9,732	-9,664	-9,619	-9,573	-9,519	-9,489	-9,423	-9,349	-9,261	-9,116	-8,954	0,046	0,107	0,150	0,233	0,250	0,236	0,238	0,238	0,244	0,255	0,279	0,310	0,333	0,329	0,247	0,000	0,000
3,000	-20,026	-20,028	-19,949	-19,646	-19,436	-19,300	-19,228	-19,175	-19,122	-19,113	-19,075	-19,034	-18,983	-18,872	-18,748	0,083	0,259	0,340	0,467	0,455	0,377	0,333	0,285	0,251	0,211	0,205	0,223	0,238	0,249	0,187	0,000	0,000
4,000	-10,933	-10,994	-10,898	-10,895	-10,867	-10,874	-10,873	-10,868	-10,864	-10,845	-10,803	-10,736	-10,605	-10,397	-10,119	-0,172	0,005	-0,004	0,039	0,045	0,060	0,076	0,088	0,129	0,180	0,266	0,355	0,433	0,487	0,398	0,000	0,000
5,000	-12,430	-12,437	-12,557	-12,607	-12,584	-12,565	-12,551	-12,553	-12,523	-12,533	-12,471	-12,397	-12,270	-12,033	-11,739	-0,106	-0,185	-0,153	-0,018	0,018	0,037	0,077	0,105	0,144	0,186	0,282	0,371	0,458	0,525	0,419	0,000	0,000
6,000	-8,762	-8,743	-8,659	-8,516	-8,424	-8,369	-8,340	-8,309	-8,266	-8,246	-8,191	-8,129	-8,041	-7,897	-7,723	-0,042	0,128	0,163	0,223	0,224	0,198	0,202	0,191	0,201	0,217	0,249	0,285	0,318	0,332	0,260	0,000	0,000
7,000	-7,076	-7,013	-7,009	-6,928	-6,875	-6,842	-6,818	-6,810	-6,789	-6,787	-6,771	-6,754	-6,733	-6,688	-6,634	0,005	0,030	0,071	0,130	0,111	0,087	0,090	0,080	0,076	0,072	0,081	0,089	0,095	0,104	0,079	0,000	0,000
8,000	-20,128	-20,422	-20,397	-20,576	-20,566	-20,621	-20,654	-20,676	-20,690	-20,739	-20,742	-20,758	-20,758	-20,707	-20,641	-0,572	-0,324	-0,313	-0,199	-0,152	-0,147	-0,122	-0,115	-0,098	-0,077	-0,038	0,006	0,037	0,079	0,078	0,000	0,000
9,000	-9,863	-9,820	-9,732	-9,529	-9,386	-9,277	-9,218	-9,172	-9,126	-9,087	-9,030	-8,970	-8,886	-8,762	-8,614	0,022	0,149	0,227	0,346	0,344	0,309	0,295	0,265	0,250	0,251	0,261	0,286	0,301	0,305	0,231	0,000	0,000
10,000	-10,183	-10,188	-10,084	-9,939	-9,853	-9,823	-9,793	-9,775	-9,751	-9,746	-9,722	-9,679	-9,616	-9,523	-9,404	-0,120	0,110	0,143	0,195	0,168	0,144	0,135	0,131	0,129	0,133	0,152	0,185	0,209	0,221	0,177	0,000	0,000
11,000	-10,234	-10,155	-10,108	-9,977	-9,898	-9,845	-9,809	-9,789	-9,757	-9,735	-9,697	-9,652	-9,589	-9,485	-9,360	0,007	0,109	0,145	0,202	0,195	0,170	0,169	0,161	0,156	0,169	0,191	0,217	0,233	0,244	0,184	0,000	0,000
12,000	-15,393	-15,398	-15,369	-15,313	-15,261	-15,240	-15,230	-15,234	-15,216	-15,234	-15,213	-15,186	-15,145	-15,049	-14,946	-0,112	-0,000	0,036	0,081	0,075	0,050	0,057	0,052	0,061	0,068	0,098	0,141	0,170	0,195	0,154	0,000	0,000
13,000	-7,643	-7,631	-7,573	-7,570	-7,546	-7,531	-7,518	-7,492	-7,474	-7,440	-7,394	-7,338	-7,250	-7,123	-6,955	0,276	0,178	0,137	0,093	0,098	0,116	0,129	0,134	0,159	0,180	0,223	0,253	0,291	0,307	0,242	0,000	0,000
14,000	-10,833	-10,601	-10,639	-10,554	-10,537	-10,514	-10,490	-10,491	-10,486	-10,487	-10,473	-10,440	-10,354	-10,239	-10,065	0,416	0,182	0,172	0,134	0,105	0,090	0,091	0,083	0,092	0,110	0,147	0,198	0,264	0,289	0,233	0,000	0,000
15,000	-9,005	-9,121	-9,056	-9,040	-9,011	-9,006	-8,992	-8,978	-8,965	-8,952	-8,932	-8,904	-8,865	-8,805	-8,729	-0,210	-0,015	-0,009	0,036	0,043	0,061	0,063	0,071	0,074	0,087	0,108	0,119	0,133	0,146	0,114	0,000	0,000
	run	2	2022:11:08    11:52:56,855
0,000	-12,821	-12,870	-12,918	-12,994	-13,020	-13,037	-13,050	-13,058	-13,053	-13,071	-13,061	-13,037	-13,001	-12,925	-12,829	-0,176	-0,168	-0,149	-0,102	-0,085	-0,066	-0,039	-0,016	-0,002	0,019	0,056	0,100	0,133	0,164	0,132	0,000	0,000
1,000	-16,067	-16,064	-15,969	-15,779	-15,613	-15,500	-15,433	-15,370	-15,303	-15,272	-15,219	-15,162	-15,111	-15,012	-14,915	0,040	0,192	0,244	0,364	0,376	0,344	0,324	0,295	0,274	0,247	0,241	0,237	0,229	0,224	0,167	0,000	0,000
2,000	-9,994	-9,984	-9,949	-9,825	-9,725	-9,646	-9,603	-9,565	-9,512	-9,481	-9,422	-9,347	-9,255	-9,121	-8,960	0,061	0,122	0,159	0,241	0,247	0,238	0,237	0,235	0,239	0,243	0,273	0,300	0,320	0,315	0,237	0,000	0,000
3,000	-20,178	-20,165	-20,086	-19,783	-19,577	-19,448	-19,375	-19,321	-19,271	-19,263	-19,225	-19,185	-19,140	-19,037	-18,924	0,067	0,262	0,338	0,471	0,453	0,376	0,326	0,275	0,245	0,206	0,205	0,209	0,219	0,230	0,175	0,000	0,000
4,000	-10,670	-10,726	-10,635	-10,632	-10,597	-10,596	-10,596	-10,588	-10,586	-10,568	-10,531	-10,466	-10,343	-10,142	-9,884	-0,176	-0,000	-0,007	0,043	0,057	0,065	0,081	0,094	0,119	0,172	0,253	0,337	0,413	0,461	0,376	0,000	0,000
5,000	-11,950	-11,974	-12,087	-12,128	-12,111	-12,096	-12,086	-12,086	-12,056	-12,061	-12,010	-11,933	-11,817	-11,588	-11,304	-0,108	-0,171	-0,120	-0,014	0,017	0,031	0,070	0,098	0,131	0,182	0,262	0,358	0,448	0,503	0,408	0,000	0,000
6,000	-8,511	-8,519	-8,439	-8,317	-8,217	-8,169	-8,141	-8,110	-8,068	-8,046	-7,995	-7,933	-7,842	-7,697	-7,528	-0,067	0,100	0,133	0,209	0,209	0,192	0,194	0,188	0,201	0,213	0,247	0,283	0,315	0,331	0,262	0,000	0,000
7,000	-7,247	-7,184	-7,169	-7,067	-7,016	-6,977	-6,953	-6,946	-6,928	-6,916	-6,903	-6,882	-6,854	-6,801	-6,746	0,038	0,057	0,095	0,146	0,122	0,099	0,090	0,090	0,083	0,078	0,088	0,098	0,109	0,116	0,093	0,000	0,000
8,000	-20,619	-20,924	-20,934	-21,130	-21,133	-21,182	-21,219	-21,244	-21,260	-21,307	-21,318	-21,331	-21,331	-21,282	-21,213	-0,596	-0,370	-0,350	-0,230	-0,177	-0,153	-0,142	-0,130	-0,108	-0,089	-0,040	-0,005	0,031	0,078	0,074	0,000	0,000
9,000	-10,248	-10,159	-10,057	-9,820	-9,663	-9,558	-9,498	-9,453	-9,405	-9,368	-9,309	-9,252	-9,163	-9,028	-8,873	0,094	0,220	0,299	0,378	0,363	0,324	0,306	0,277	0,262	0,258	0,277	0,297	0,317	0,319	0,242	0,000	0,000
10,000	-10,261	-10,238	-10,119	-9,965	-9,877	-9,840	-9,814	-9,795	-9,766	-9,760	-9,730	-9,698	-9,624	-9,527	-9,403	-0,080	0,153	0,166	0,213	0,182	0,154	0,142	0,136	0,137	0,140	0,161	0,189	0,219	0,232	0,184	0,000	0,000
11,000	-10,219	-10,125	-10,083	-9,929	-9,851	-9,793	-9,763	-9,736	-9,707	-9,686	-9,646	-9,592	-9,527	-9,417	-9,288	0,034	0,128	0,170	0,217	0,205	0,182	0,180	0,165	0,171	0,182	0,206	0,221	0,251	0,259	0,201	0,000	0,000
12,000	-15,845	-15,856	-15,833	-15,776	-15,730	-15,713	-15,705	-15,703	-15,688	-15,708	-15,680	-15,659	-15,610	-15,514	-15,402	-0,099	-0,014	0,034	0,076	0,072	0,052	0,058	0,056	0,061	0,067	0,108	0,145	0,174	0,203	0,163	0,000	0,000
13,000	-7,822	-7,813	-7,770	-7,756	-7,727	-7,708	-7,696	-7,674	-7,646	-7,624	-7,569	-7,517	-7,430	-7,299	-7,140	0,267	0,183	0,130	0,101	0,090	0,107	0,121	0,138	0,152	0,180	0,216	0,249	0,293	0,306	0,243	0,000	0,000
14,000	-10,825	-10,602	-10,627	-10,542	-10,534	-10,503	-10,492	-10,488	-10,480	-10,480	-10,470	-10,432	-10,365	-10,234	-10,063	0,406	0,188	0,181	0,128	0,106	0,088	0,088	0,078	0,088	0,113	0,151	0,198	0,256	0,289	0,234	0,000	0,000
15,000	-8,804	-8,921	-8,858	-8,848	-8,821	-8,813	-8,802	-8,787	-8,780	-8,766	-8,746	-8,715	-8,675	-8,616	-8,540	-0,216	-0,010	-0,019	0,038	0,041	0,057	0,062	0,073	0,072	0,083	0,106	0,116	0,136	0,148	0,116	0,000	0,000
	run	3	2022:11:08    11:52:56,908
0,000	-12,821	-12,870	-12,918	-12,994	-13,020	-13,037	-13,050	-13,058	-13,053	-13,071	-13,061	-13,037	-13,001	-12,925	-12,829	-0,176	-0,168	-0,149	-0,102	-0,085	-0,066	-0,039	-0,016	-0,002	0,019	0,056	0,100	0,133	0,164	0,132	0,000	0,000
1,000	-16,067	-16,064	-15,969	-15,779	-15,613	-15,500	-15,433	-15,370	-15,303	-15,272	-15,219	-15,162	-15,111	-15,012	-14,915	0,040	0,192	0,244	0,364	0,376	0,344	0,324	0,295	0,274	0,247	0,241	0,237	0,229	0,224	0,167	0,000	0,000
2,000	-9,994	-9,984	-9,949	-9,825	-9,725	-9,646	-9,603	-9,565	-9,512	-9,481	-9,422	-9,347	-9,255	-9,121	-8,960	0,061	0,122	0,159	0,241	0,247	0,238	0,237	0,235	0,239	0,243	0,273	0,300	0,320	0,315	0,237	0,000	0,000
3,000	-20,178	-20,165	-20,086	-19,783	-19,577	-19,448	-19,375	-19,321	-19,271	-19,263	-19,225	-19,185	-19,140	-19,037	-18,924	0,067	0,262	0,338	0,471	0,453	0,376	0,326	0,275	0,245	0,206	0,205	0,209	0,219	0,230	0,175	0,000	0,000
4,000	-10,670	-10,726	-10,635	-10,632	-10,597	-10,596	-10,596	-10,588	-10,586	-10,568	-10,531	-10,466	-10,343	-10,142	-9,884	-0,176	-0,000	-0,007	0,043	0,057	0,065	0,081	0,094	0,119	0,172	0,253	0,337	0,413	0,461	0,376	0,000	0,000
5,000	-11,950	-11,974	-12,087	-12,128	-12,111	-12,096	-12,086	-12,086	-12,056	-12,061	-12,010	-11,933	-11,817	-11,588	-11,304	-0,108	-0,171	-0,120	-0,014	0,017	0,031	0,070	0,098	0,131	0,182	0,262	0,358	0,448	0,503	0,408	0,000	0,000
6,000	-8,668	-8,669	-8,596	-8,474	-8,378	-8,327	-8,298	-8,272	-8,231	-8,209	-8,152	-8,087	-7,998	-7,849	-7,675	-0,065	0,088	0,129	0,205	0,210	0,189	0,193	0,198	0,210	0,216	0,253	0,291	0,329	0,346	0,263	0,000	0,000
7,000	-7,394	-7,303	-7,271	-7,149	-7,096	-7,064	-7,045	-7,036	-7,017	-7,013	-6,996	-6,979	-6,953	-6,907	-6,843	0,064	0,097	0,134	0,158	0,138	0,102	0,096	0,086	0,083	0,078	0,090	0,094	0,104	0,113	0,084	0,000	0,000
8,000	-21,128	-21,490	-21,506	-21,742	-21,731	-21,790	-21,828	-21,850	-21,861	-21,910	-21,928	-21,942	-21,940	-21,889	-21,826	-0,650	-0,410	-0,395	-0,255	-0,189	-0,172	-0,148	-0,136	-0,109	-0,092	-0,046	-0,005	0,029	0,082	0,075	0,000	0,000
9,000	-10,195	-10,094	-9,993	-9,738	-9,597	-9,487	-9,433	-9,386	-9,333	-9,299	-9,245	-9,178	-9,091	-8,959	-8,798	0,108	0,245	0,303	0,381	0,364	0,323	0,303	0,275	0,260	0,260	0,280	0,304	0,322	0,328	0,243	0,000	0,000
10,000	-10,074	-10,057	-9,952	-9,796	-9,707	-9,670	-9,641	-9,626	-9,598	-9,593	-9,566	-9,526	-9,454	-9,356	-9,235	-0,095	0,140	0,159	0,210	0,176	0,156	0,143	0,134	0,136	0,144	0,161	0,191	0,222	0,229	0,187	0,000	0,000
11,000	-10,079	-9,990	-9,945	-9,793	-9,715	-9,658	-9,626	-9,601	-9,575	-9,547	-9,509	-9,461	-9,386	-9,278	-9,142	0,030	0,131	0,158	0,213	0,199	0,177	0,179	0,166	0,171	0,179	0,208	0,231	0,252	0,262	0,203	0,000	0,000
12,000	-16,252	-16,242	-16,243	-16,169	-16,121	-16,100	-16,094	-16,092	-16,073	-16,089	-16,070	-16,039	-15,998	-15,896	-15,781	-0,075	0,005	0,037	0,085	0,082	0,063	0,059	0,060	0,065	0,071	0,110	0,150	0,187	0,209	0,165	0,000	0,000
13,000	-7,992	-7,973	-7,924	-7,907	-7,885	-7,864	-7,850	-7,830	-7,804	-7,781	-7,731	-7,673	-7,583	-7,452	-7,287	0,283	0,187	0,141	0,097	0,099	0,115	0,121	0,144	0,151	0,180	0,223	0,254	0,294	0,309	0,246	0,000	0,000
14,000	-10,914	-10,702	-10,721	-10,627	-10,609	-10,573	-10,562	-10,569	-10,553	-10,552	-10,532	-10,503	-10,425	-10,303	-10,135	0,407	0,202	0,190	0,140	0,117	0,096	0,094	0,090	0,093	0,107	0,149	0,192	0,256	0,286	0,239	0,000	0,000
15,000	-8,831	-8,949	-8,891	-8,880	-8,851	-8,849	-8,836	-8,818	-8,810	-8,797	-8,775	-8,746	-8,706	-8,647	-8,570	-0,229	-0,018	-0,017	0,030	0,041	0,056	0,062	0,067	0,066	0,084	0,105	0,117	0,135	0,145	0,114	0,000	0,000
	run	4	2022:11:08    11:52:57,007
0,000	-12,860	-12,923	-12,969	-13,037	-13,055	-13,075	-13,087	-13,094	-13,091	-13,108	-13,100	-13,079	-13,047	-12,970	-12,879	-0,196	-0,171	-0,155	-0,104	-0,080	-0,069	-0,043	-0,023	-0,001	0,014	0,054	0,092	0,128	0,152	0,123	0,000	0,000
1,000	-15,834	-15,803	-15,735	-15,552	-15,406	-15,293	-15,226	-15,176	-15,110	-15,081	-15,021	-14,972	-14,923	-14,833	-14,733	0,034	0,177	0,230	0,329	0,344	0,316	0,301	0,279	0,255	0,235	0,221	0,227	0,220	0,218	0,159	0,000	0,000
2,000	-9,531	-9,542	-9,521	-9,427	-9,332	-9,265	-9,225	-9,184	-9,135	-9,108	-9,047	-8,978	-8,894	-8,761	-8,610	0,022	0,084	0,125	0,203	0,221	0,214	0,218	0,217	0,225	0,226	0,257	0,285	0,300	0,303	0,225	0,000	0,000
3,000	-19,429	-19,451	-19,385	-19,119	-18,933	-18,811	-18,742	-18,689	-18,644	-18,629	-18,593	-18,553	-18,512	-18,410	-18,297	0,058	0,217	0,285	0,415	0,412	0,344	0,307	0,263	0,229	0,197	0,191	0,208	0,215	0,230	0,174	0,000	0,000
4,000	-10,680	-10,731	-10,635	-10,633	-10,602	-10,599	-10,599	-10,594	-10,588	-10,579	-10,534	-10,471	-10,346	-10,150	-9,895	-0,189	0,011	0,003	0,048	0,053	0,058	0,075	0,089	0,121	0,162	0,253	0,328	0,409	0,459	0,374	0,000	0,000
5,000	-12,198	-12,202	-12,322	-12,367	-12,358	-12,337	-12,336	-12,330	-12,295	-12,303	-12,246	-12,175	-12,046	-11,815	-11,523	-0,123	-0,174	-0,148	-0,023	0,021	0,037	0,077	0,101	0,138	0,181	0,268	0,366	0,459	0,514	0,414	0,000	0,000
6,000	-8,762	-8,767	-8,687	-8,552	-8,451	-8,402	-8,371	-8,345	-8,301	-8,274	-8,223	-8,158	-8,068	-7,915	-7,740	-0,053	0,094	0,144	0,220	0,213	0,193	0,197	0,200	0,206	0,216	0,257	0,298	0,327	0,343	0,264	0,000	0,000
7,000	-7,422	-7,326	-7,307	-7,197	-7,139	-7,106	-7,081	-7,076	-7,057	-7,054	-7,034	-7,018	-6,993	-6,945	-6,886	0,044	0,079	0,125	0,154	0,127	0,103	0,096	0,085	0,079	0,077	0,085	0,097	0,102	0,112	0,086	0,000	0,000
8,000	-21,044	-21,396	-21,394	-21,610	-21,613	-21,661	-21,689	-21,718	-21,740	-21,780	-21,790	-21,797	-21,803	-21,753	-21,683	-0,644	-0,403	-0,382	-0,241	-0,178	-0,165	-0,137	-0,132	-0,103	-0,082	-0,038	0,005	0,039	0,086	0,078	0,000	0,000
9,000	-10,139	-10,068	-9,963	-9,723	-9,579	-9,469	-9,410	-9,359	-9,316	-9,281	-9,216	-9,163	-9,075	-8,940	-8,778	0,074	0,235	0,288	0,377	0,362	0,322	0,303	0,280	0,264	0,264	0,278	0,295	0,315	0,322	0,245	0,000	0,000
10,000	-10,242	-10,220	-10,100	-9,953	-9,867	-9,826	-9,797	-9,781	-9,755	-9,747	-9,718	-9,679	-9,609	-9,507	-9,384	-0,089	0,132	0,166	0,208	0,175	0,155	0,144	0,136	0,137	0,150	0,166	0,196	0,224	0,237	0,183	0,000	0,000
11,000	-10,227	-10,151	-10,103	-9,952	-9,874	-9,820	-9,786	-9,764	-9,731	-9,708	-9,658	-9,617	-9,551	-9,436	-9,306	0,018	0,120	0,160	0,206	0,204	0,179	0,180	0,165	0,168	0,179	0,201	0,226	0,251	0,256	0,199	0,000	0,000
12,000	-16,038	-16,029	-16,019	-15,947	-15,903	-15,879	-15,870	-15,870	-15,857	-15,866	-15,850	-15,818	-15,777	-15,677	-15,562	-0,082	0,002	0,039	0,085	0,076	0,057	0,060	0,060	0,063	0,071	0,113	0,143	0,183	0,203	0,161	0,000	0,000
13,000	-7,852	-7,818	-7,783	-7,757	-7,735	-7,724	-7,707	-7,689	-7,662	-7,637	-7,591	-7,532	-7,439	-7,307	-7,138	0,291	0,188	0,131	0,106	0,098	0,112	0,121	0,136	0,152	0,180	0,225	0,257	0,301	0,320	0,253	0,000	0,000
14,000	-10,770	-10,568	-10,596	-10,506	-10,491	-10,466	-10,448	-10,436	-10,433	-10,425	-10,409	-10,372	-10,300	-10,176	-10,008	0,391	0,211	0,186	0,148	0,118	0,098	0,097	0,087	0,100	0,111	0,155	0,208	0,253	0,296	0,238	0,000	0,000
15,000	-8,989	-9,110	-9,050	-9,034	-9,002	-9,010	-8,990	-8,978	-8,965	-8,958	-8,932	-8,907	-8,868	-8,807	-8,732	-0,216	-0,019	-0,019	0,036	0,043	0,057	0,060	0,070	0,070	0,085	0,103	0,112	0,131	0,138	0,116	0,000	0,000
	run	5	2022:11:08    11:52:57,108
0,000	-13,073	-13,128	-13,180	-13,249	-13,279	-13,296	-13,305	-13,316	-13,316	-13,329	-13,327	-13,299	-13,263	-13,184	-13,087	-0,196	-0,168	-0,152	-0,100	-0,087	-0,065	-0,043	-0,018	-0,003	0,019	0,059	0,099	0,139	0,163	0,131	0,000	0,000
1,000	-16,115	-16,098	-16,025	-15,836	-15,671	-15,562	-15,493	-15,426	-15,368	-15,330	-15,272	-15,223	-15,164	-15,068	-14,970	0,055	0,187	0,249	0,353	0,365	0,333	0,322	0,292	0,270	0,246	0,243	0,238	0,232	0,229	0,165	0,000	0,000
2,000	-9,821	-9,811	-9,780	-9,666	-9,558	-9,488	-9,443	-9,405	-9,351	-9,319	-9,264	-9,190	-9,101	-8,965	-8,812	0,049	0,099	0,144	0,234	0,246	0,229	0,236	0,233	0,241	0,241	0,270	0,296	0,315	0,316	0,234	0,000	0,000
3,000	-19,933	-19,937	-19,852	-19,576	-19,375	-19,247	-19,171	-19,119	-19,068	-19,058	-19,016	-18,983	-18,930	-18,825	-18,709	0,086	0,239	0,318	0,445	0,438	0,370	0,324	0,278	0,244	0,208	0,203	0,222	0,224	0,235	0,175	0,000	0,000
4,000	-10,666	-10,727	-10,630	-10,635	-10,597	-10,596	-10,594	-10,588	-10,583	-10,569	-10,526	-10,459	-10,341	-10,132	-9,873	-0,181	0,001	-0,001	0,045	0,060	0,066	0,080	0,089	0,130	0,177	0,253	0,346	0,421	0,466	0,381	0,000	0,000
5,000	-12,116	-12,135	-12,243	-12,286	-12,270	-12,256	-12,248	-12,248	-12,213	-12,218	-12,167	-12,094	-11,974	-11,737	-11,449	-0,099	-0,172	-0,139	-0,018	0,010	0,028	0,076	0,098	0,141	0,182	0,257	0,363	0,450	0,509	0,407	0,000	0,000
6,000	-8,574	-8,582	-8,503	-8,370	-8,271	-8,217	-8,188	-8,154	-8,121	-8,098	-8,049	-7,983	-7,895	-7,754	-7,592	-0,051	0,103	0,139	0,206	0,211	0,196	0,192	0,189	0,198	0,208	0,244	0,279	0,309	0,330	0,255	0,000	0,000
7,000	-7,179	-7,113	-7,090	-7,000	-6,944	-6,912	-6,890	-6,880	-6,869	-6,865	-6,850	-6,826	-6,800	-6,756	-6,699	0,015	0,043	0,080	0,127	0,112	0,095	0,089	0,083	0,071	0,075	0,078	0,090	0,101	0,101	0,078	0,000	0,000
8,000	-20,459	-20,776	-20,785	-20,971	-20,967	-21,014	-21,044	-21,068	-21,090	-21,138	-21,142	-21,156	-21,147	-21,104	-21,034	-0,593	-0,351	-0,341	-0,233	-0,160	-0,146	-0,139	-0,118	-0,098	-0,081	-0,040	0,004	0,045	0,084	0,081	0,000	0,000
9,000	-10,040	-9,966	-9,864	-9,633	-9,486	-9,382	-9,317	-9,276	-9,226	-9,186	-9,129	-9,073	-8,987	-8,857	-8,699	0,065	0,205	0,287	0,365	0,365	0,318	0,302	0,275	0,258	0,260	0,272	0,296	0,313	0,317	0,238	0,000	0,000
10,000	-10,269	-10,244	-10,120	-9,973	-9,893	-9,852	-9,831	-9,810	-9,783	-9,779	-9,755	-9,715	-9,648	-9,554	-9,432	-0,079	0,143	0,169	0,211	0,172	0,146	0,141	0,135	0,131	0,139	0,164	0,184	0,219	0,229	0,179	0,000	0,000
11,000	-10,302	-10,214	-10,170	-10,028	-9,941	-9,888	-9,858	-9,837	-9,808	-9,785	-9,735	-9,696	-9,627	-9,520	-9,390	0,023	0,117	0,158	0,211	0,200	0,175	0,173	0,162	0,167	0,175	0,190	0,220	0,241	0,249	0,195	0,000	0,000
12,000	-15,689	-15,688	-15,672	-15,616	-15,560	-15,542	-15,540	-15,536	-15,524	-15,539	-15,518	-15,490	-15,444	-15,353	-15,243	-0,097	-0,017	0,029	0,078	0,076	0,053	0,056	0,051	0,068	0,070	0,102	0,144	0,170	0,195	0,153	0,000	0,000
13,000	-7,760	-7,726	-7,687	-7,679	-7,647	-7,625	-7,609	-7,589	-7,566	-7,538	-7,491	-7,427	-7,341	-7,211	-7,040	0,282	0,188	0,131	0,097	0,098	0,111	0,118	0,140	0,154	0,184	0,223	0,258	0,297	0,312	0,248	0,000	0,000
14,000	-10,826	-10,620	-10,632	-10,554	-10,539	-10,513	-10,496	-10,490	-10,484	-10,474	-10,463	-10,422	-10,350	-10,225	-10,055	0,379	0,195	0,168	0,132	0,111	0,096	0,097	0,093	0,096	0,113	0,155	0,203	0,262	0,293	0,241	0,000	0,000
15,000	-9,066	-9,176	-9,105	-9,100	-9,062	-9,062	-9,050	-9,035	-9,022	-9,015	-8,991	-8,959	-8,925	-8,864	-8,789	-0,201	-0,016	-0,017	0,036	0,042	0,057	0,065	0,070	0,071	0,084	0,105	0,108	0,134	0,143	0,114	0,000	0,000
	run	6	2022:11:08    11:52:57,154
0,000	-13,392	-13,451	-13,500	-13,589	-13,621	-13,645	-13,654	-13,668	-13,660	-13,681	-13,663	-13,644	-13,602	-13,514	-13,410	-0,201	-0,196	-0,178	-0,118	-0,094	-0,068	-0,045	-0,025	-0,001	0,023	0,068	0,109	0,152	0,177	0,142	0,000	0,000
1,000	-16,911	-16,858	-16,766	-16,506	-16,318	-16,192	-16,117	-16,052	-15,985	-15,950	-15,885	-15,826	-15,773	-15,672	-15,566	0,114	0,265	0,337	0,441	0,432	0,384	0,360	0,324	0,299	0,269	0,253	0,254	0,250	0,245	0,180	0,000	0,000
2,000	-9,821	-9,811	-9,780	-9,666	-9,558	-9,488	-9,443	-9,405	-9,351	-9,319	-9,264	-9,190	-9,101	-8,965	-8,812	0,049	0,099	0,144	0,234	0,246	0,229	0,236	0,233	0,241	0,241	0,270	0,296	0,315	0,316	0,234	0,000	0,000
3,000	-19,933	-19,937	-19,852	-19,576	-19,375	-19,247	-19,171	-19,119	-19,068	-19,058	-19,016	-18,983	-18,930	-18,825	-18,709	0,086	0,239	0,318	0,445	0,438	0,370	0,324	0,278	0,244	0,208	0,203	0,222	0,224	0,235	0,175	0,000	0,000
4,000	-10,666	-10,727	-10,630	-10,635	-10,597	-10,596	-10,594	-10,588	-10,583	-10,569	-10,526	-10,459	-10,341	-10,132	-9,873	-0,181	0,001	-0,001	0,045	0,060	0,066	0,080	0,089	0,130	0,177	0,253	0,346	0,421	0,466	0,381	0,000	0,000
5,000	-12,116	-12,135	-12,243	-12,286	-12,270	-12,256	-12,248	-12,248	-12,213	-12,218	-12,167	-12,094	-11,974	-11,737	-11,449	-0,099	-0,172	-0,139	-0,018	0,010	0,028	0,076	0,098	0,141	0,182	0,257	0,363	0,450	0,509	0,407	0,000	0,000
6,000	-8,574	-8,582	-8,503	-8,370	-8,271	-8,217	-8,188	-8,154	-8,121	-8,098	-8,049	-7,983	-7,895	-7,754	-7,592	-0,051	0,103	0,139	0,206	0,211	0,196	0,192	0,189	0,198	0,208	0,244	0,279	0,309	0,330	0,255	0,000	0,000
7,000	-7,179	-7,113	-7,090	-7,000	-6,944	-6,912	-6,890	-6,880	-6,869	-6,865	-6,850	-6,826	-6,800	-6,756	-6,699	0,015	0,043	0,080	0,127	0,112	0,095	0,089	0,083	0,071	0,075	0,078	0,090	0,101	0,101	0,078	0,000	0,000
8,000	-20,162	-20,450	-20,427	-20,608	-20,604	-20,661	-20,692	-20,717	-20,736	-20,788	-20,789	-20,801	-20,799	-20,752	-20,693	-0,578	-0,337	-0,315	-0,206	-0,156	-0,146	-0,133	-0,120	-0,102	-0,082	-0,043	0,001	0,033	0,078	0,071	0,000	0,000
9,000	-9,850	-9,819	-9,734	-9,528	-9,389	-9,277	-9,218	-9,170	-9,124	-9,087	-9,027	-8,977	-8,892	-8,765	-8,619	0,025	0,157	0,225	0,340	0,346	0,307	0,283	0,270	0,250	0,243	0,257	0,280	0,296	0,306	0,227	0,000	0,000
10,000	-9,867	-9,882	-9,778	-9,650	-9,566	-9,534	-9,505	-9,488	-9,462	-9,457	-9,432	-9,384	-9,326	-9,234	-9,124	-0,125	0,096	0,126	0,187	0,165	0,134	0,134	0,126	0,125	0,135	0,152	0,177	0,206	0,218	0,175	0,000	0,000
11,000	-9,885	-9,819	-9,783	-9,648	-9,570	-9,522	-9,490	-9,471	-9,435	-9,413	-9,384	-9,332	-9,272	-9,169	-9,043	-0,005	0,091	0,131	0,193	0,184	0,167	0,163	0,156	0,156	0,164	0,187	0,213	0,226	0,242	0,187	0,000	0,000
12,000	-15,415	-15,413	-15,392	-15,338	-15,292	-15,270	-15,260	-15,262	-15,246	-15,265	-15,239	-15,213	-15,168	-15,076	-14,967	-0,088	-0,003	0,029	0,078	0,076	0,048	0,054	0,057	0,066	0,067	0,107	0,137	0,176	0,197	0,159	0,000	0,000
13,000	-7,719	-7,681	-7,634	-7,622	-7,596	-7,578	-7,562	-7,545	-7,519	-7,493	-7,443	-7,386	-7,300	-7,170	-7,007	0,273	0,177	0,138	0,101	0,099	0,112	0,123	0,136	0,154	0,180	0,225	0,254	0,287	0,309	0,239	0,000	0,000
14,000	-11,010	-10,811	-10,832	-10,743	-10,726	-10,698	-10,681	-10,676	-10,664	-10,655	-10,647	-10,613	-10,539	-10,413	-10,244	0,389	0,225	0,193	0,137	0,114	0,094	0,094	0,089	0,097	0,106	0,157	0,210	0,264	0,296	0,245	0,000	0,000
15,000	-9,135	-9,242	-9,179	-9,170	-9,140	-9,133	-9,117	-9,110	-9,093	-9,076	-9,059	-9,033	-8,987	-8,917	-8,836	-0,199	-0,013	-0,003	0,033	0,042	0,064	0,065	0,074	0,072	0,086	0,110	0,124	0,145	0,157	0,126	0,000	0,000
	run	7	2022:11:08    11:52:57,256
0,000	-13,593	-13,672	-13,725	-13,811	-13,854	-13,884	-13,891	-13,897	-13,899	-13,912	-13,902	-13,875	-13,834	-13,750	-13,641	-0,219	-0,201	-0,183	-0,130	-0,106	-0,078	-0,052	-0,035	-0,003	0,019	0,064	0,111	0,154	0,178	0,147	0,000	0,000
1,000	-17,379	-17,299	-17,192	-16,922	-16,727	-16,592	-16,515	-16,454	-16,388	-16,346	-16,282	-16,223	-16,163	-16,061	-15,939	0,135	0,297	0,353	0,462	0,450	0,399	0,373	0,339	0,304	0,275	0,274	0,263	0,260	0,253	0,188	0,000	0,000
2,000	-10,630	-10,603	-10,555	-10,406	-10,305	-10,221	-10,178	-10,136	-10,075	-10,045	-9,974	-9,893	-9,792	-9,626	-9,449	0,070	0,155	0,198	0,268	0,270	0,254	0,263	0,254	0,263	0,274	0,313	0,341	0,363	0,368	0,277	0,000	0,000
3,000	-21,539	-21,438	-21,286	-20,898	-20,669	-20,526	-20,457	-20,390	-20,342	-20,331	-20,299	-20,256	-20,202	-20,088	-19,957	0,217	0,432	0,493	0,578	0,527	0,422	0,366	0,308	0,269	0,222	0,215	0,234	0,245	0,262	0,197	0,000	0,000
4,000	-11,338	-11,416	-11,326	-11,333	-11,313	-11,312	-11,312	-11,315	-11,304	-11,277	-11,243	-11,164	-11,022	-10,796	-10,490	-0,217	-0,020	-0,039	0,023	0,044	0,056	0,078	0,102	0,140	0,203	0,289	0,380	0,476	0,529	0,435	0,000	0,000
5,000	-12,688	-12,697	-12,807	-12,839	-12,819	-12,811	-12,801	-12,791	-12,768	-12,776	-12,724	-12,641	-12,515	-12,264	-11,959	-0,111	-0,171	-0,127	-0,019	0,019	0,031	0,081	0,099	0,141	0,195	0,276	0,381	0,478	0,544	0,433	0,000	0,000
6,000	-8,645	-8,648	-8,551	-8,426	-8,324	-8,283	-8,245	-8,213	-8,175	-8,153	-8,100	-8,037	-7,946	-7,810	-7,636	-0,049	0,100	0,156	0,216	0,218	0,192	0,194	0,187	0,195	0,208	0,250	0,288	0,310	0,329	0,253	0,000	0,000
7,000	-7,144	-7,085	-7,097	-7,001	-6,952	-6,914	-6,897	-6,885	-6,871	-6,864	-6,854	-6,837	-6,811	-6,770	-6,723	0,008	0,031	0,070	0,122	0,112	0,091	0,084	0,079	0,071	0,072	0,072	0,080	0,083	0,098	0,071	0,000	0,000
8,000	-19,898	-20,211	-20,189	-20,359	-20,358	-20,404	-20,437	-20,464	-20,487	-20,533	-20,538	-20,557	-20,553	-20,510	-20,447	-0,581	-0,329	-0,297	-0,202	-0,156	-0,144	-0,130	-0,122	-0,106	-0,089	-0,041	0,000	0,031	0,075	0,070	0,000	0,000
9,000	-9,599	-9,572	-9,510	-9,329	-9,200	-9,098	-9,038	-8,992	-8,940	-8,904	-8,852	-8,799	-8,722	-8,602	-8,463	-0,011	0,119	0,195	0,318	0,320	0,295	0,278	0,254	0,243	0,240	0,251	0,263	0,278	0,282	0,211	0,000	0,000
10,000	-9,240	-9,282	-9,211	-9,151	-9,094	-9,068	-9,045	-9,032	-9,011	-9,010	-8,984	-8,948	-8,890	-8,802	-8,699	-0,174	0,011	0,037	0,102	0,099	0,101	0,101	0,103	0,099	0,114	0,135	0,161	0,188	0,203	0,161	0,000	0,000
11,000	-9,574	-9,526	-9,509	-9,411	-9,339	-9,292	-9,261	-9,245	-9,213	-9,190	-9,149	-9,109	-9,048	-8,951	-8,833	-0,058	0,038	0,082	0,158	0,164	0,144	0,151	0,143	0,145	0,154	0,179	0,202	0,221	0,228	0,177	0,000	0,000
12,000	-15,066	-15,042	-15,024	-14,971	-14,913	-14,901	-14,892	-14,893	-14,879	-14,895	-14,870	-14,845	-14,803	-14,719	-14,608	-0,069	0,007	0,041	0,082	0,080	0,053	0,060	0,050	0,064	0,060	0,107	0,136	0,169	0,190	0,152	0,000	0,000
13,000	-7,744	-7,704	-7,660	-7,642	-7,626	-7,605	-7,588	-7,571	-7,552	-7,522	-7,473	-7,413	-7,330	-7,205	-7,043	0,281	0,184	0,137	0,097	0,098	0,109	0,121	0,130	0,152	0,177	0,215	0,249	0,283	0,300	0,240	0,000	0,000
14,000	-11,024	-10,829	-10,832	-10,748	-10,727	-10,706	-10,687	-10,675	-10,668	-10,663	-10,651	-10,614	-10,537	-10,406	-10,225	0,397	0,215	0,181	0,136	0,110	0,100	0,105	0,087	0,099	0,116	0,153	0,214	0,265	0,303	0,248	0,000	0,000
15,000	-9,262	-9,366	-9,309	-9,292	-9,260	-9,248	-9,238	-9,224	-9,212	-9,198	-9,173	-9,147	-9,099	-9,034	-8,946	-0,204	-0,005	-0,012	0,034	0,048	0,064	0,066	0,076	0,074	0,093	0,113	0,128	0,152	0,160	0,128	0,000	0,000
	run	8	2022:11:08    11:52:57,307
0,000	-13,593	-13,672	-13,725	-13,811	-13,854	-13,884	-13,891	-13,897	-13,899	-13,912	-13,902	-13,875	-13,834	-13,750	-13,641	-0,219	-0,201	-0,183	-0,130	-0,106	-0,078	-0,052	-0,035	-0,003	0,019	0,064	0,111	0,154	0,178	0,147	0,000	0,000
1,000	-17,379	-17,299	-17,192	-16,922	-16,727	-16,592	-16,515	-16,454	-16,388	-16,346	-16,282	-16,223	-16,163	-16,061	-15,939	0,135	0,297	0,353	0,462	0,450	0,399	0,373	0,339	0,304	0,275	0,274	0,263	0,260	0,253	0,188	0,000	0,000
2,000	-10,630	-10,603	-10,555	-10,406	-10,305	-10,221	-10,178	-10,136	-10,075	-10,045	-9,974	-9,893	-9,792	-9,626	-9,449	0,070	0,155	0,198	0,268	0,270	0,254	0,263	0,254	0,263	0,274	0,313	0,341	0,363	0,368	0,277	0,000	0,000
3,000	-21,539	-21,438	-21,286	-20,898	-20,669	-20,526	-20,457	-20,390	-20,342	-20,331	-20,299	-20,256	-20,202	-20,088	-19,957	0,217	0,432	0,493	0,578	0,527	0,422	0,366	0,308	0,269	0,222	0,215	0,234	0,245	0,262	0,197	0,000	0,000
4,000	-11,338	-11,416	-11,326	-11,333	-11,313	-11,312	-11,312	-11,315	-11,304	-11,277	-11,243	-11,164	-11,022	-10,796	-10,490	-0,217	-0,020	-0,039	0,023	0,044	0,056	0,078	0,102	0,140	0,203	0,289	0,380	0,476	0,529	0,435	0,000	0,000
5,000	-12,688	-12,697	-12,807	-12,839	-12,819	-12,811	-12,801	-12,791	-12,768	-12,776	-12,724	-12,641	-12,515	-12,264	-11,959	-0,111	-0,171	-0,127	-0,019	0,019	0,031	0,081	0,099	0,141	0,195	0,276	0,381	0,478	0,544	0,433	0,000	0,000
6,000	-8,686	-8,661	-8,579	-8,432	-8,335	-8,283	-8,251	-8,220	-8,183	-8,152	-8,104	-8,044	-7,958	-7,817	-7,648	-0,042	0,121	0,166	0,230	0,225	0,192	0,197	0,192	0,199	0,213	0,245	0,282	0,308	0,325	0,255	0,000	0,000
7,000	-7,023	-6,970	-6,985	-6,905	-6,853	-6,816	-6,798	-6,787	-6,770	-6,768	-6,758	-6,736	-6,716	-6,670	-6,626	0,014	0,021	0,053	0,118	0,097	0,082	0,087	0,078	0,070	0,066	0,074	0,079	0,087	0,092	0,073	0,000	0,000
8,000	-19,432	-19,725	-19,700	-19,840	-19,839	-19,886	-19,911	-19,937	-19,957	-20,001	-20,012	-20,032	-20,027	-19,979	-19,927	-0,525	-0,301	-0,283	-0,178	-0,135	-0,129	-0,122	-0,109	-0,094	-0,081	-0,044	-0,007	0,030	0,070	0,065	0,000	0,000
9,000	-9,293	-9,267	-9,205	-9,040	-8,912	-8,810	-8,753	-8,707	-8,660	-8,624	-8,571	-8,522	-8,442	-8,331	-8,192	-0,002	0,107	0,182	0,300	0,310	0,282	0,273	0,248	0,239	0,234	0,237	0,258	0,275	0,280	0,212	0,000	0,000
10,000	-9,415	-9,466	-9,395	-9,316	-9,264	-9,233	-9,219	-9,201	-9,176	-9,180	-9,148	-9,116	-9,066	-8,976	-8,872	-0,163	0,026	0,047	0,113	0,101	0,104	0,103	0,104	0,100	0,121	0,133	0,155	0,186	0,195	0,157	0,000	0,000
11,000	-9,603	-9,556	-9,541	-9,430	-9,361	-9,311	-9,284	-9,259	-9,234	-9,220	-9,180	-9,143	-9,076	-8,987	-8,874	-0,050	0,042	0,089	0,157	0,160	0,146	0,145	0,140	0,142	0,151	0,171	0,189	0,208	0,219	0,166	0,000	0,000
12,000	-14,849	-14,830	-14,820	-14,758	-14,711	-14,695	-14,681	-14,681	-14,674	-14,682	-14,665	-14,640	-14,601	-14,515	-14,410	-0,075	0,006	0,041	0,077	0,073	0,055	0,055	0,055	0,061	0,066	0,098	0,132	0,160	0,185	0,147	0,000	0,000
13,000	-7,493	-7,462	-7,418	-7,409	-7,393	-7,378	-7,363	-7,343	-7,318	-7,294	-7,247	-7,193	-7,109	-6,982	-6,825	0,254	0,168	0,121	0,091	0,095	0,103	0,115	0,130	0,149	0,171	0,207	0,241	0,278	0,293	0,236	0,000	0,000
14,000	-10,809	-10,622	-10,643	-10,563	-10,542	-10,518	-10,493	-10,488	-10,479	-10,474	-10,456	-10,423	-10,348	-10,215	-10,036	0,408	0,204	0,176	0,132	0,109	0,103	0,097	0,090	0,101	0,119	0,153	0,212	0,273	0,304	0,252	0,000	0,000
15,000	-9,312	-9,411	-9,347	-9,331	-9,294	-9,287	-9,275	-9,260	-9,250	-9,235	-9,218	-9,182	-9,139	-9,074	-8,997	-0,197	-0,001	-0,002	0,039	0,043	0,068	0,069	0,079	0,073	0,096	0,111	0,126	0,148	0,155	0,123	0,000	0,000
	run	9	2022:11:08    11:52:57,408
0,000	-13,650	-13,719	-13,766	-13,862	-13,903	-13,922	-13,934	-13,948	-13,946	-13,961	-13,951	-13,927	-13,881	-13,788	-13,688	-0,216	-0,190	-0,180	-0,126	-0,102	-0,076	-0,047	-0,028	-0,001	0,025	0,065	0,114	0,155	0,182	0,148	0,000	0,000
1,000	-17,229	-17,176	-17,071	-16,800	-16,610	-16,475	-16,401	-16,331	-16,270	-16,225	-16,154	-16,107	-16,044	-15,935	-15,812	0,107	0,256	0,340	0,442	0,450	0,392	0,366	0,333	0,310	0,283	0,277	0,274	0,264	0,265	0,198	0,000	0,000
2,000	-10,629	-10,604	-10,545	-10,399	-10,291	-10,215	-10,166	-10,128	-10,065	-10,033	-9,955	-9,876	-9,771	-9,607	-9,420	0,095	0,168	0,203	0,275	0,276	0,261	0,266	0,266	0,266	0,279	0,309	0,346	0,371	0,377	0,280	0,000	0,000
3,000	-21,358	-21,291	-21,162	-20,779	-20,551	-20,404	-20,337	-20,275	-20,221	-20,212	-20,174	-20,130	-20,080	-19,966	-19,835	0,182	0,404	0,473	0,564	0,518	0,420	0,360	0,308	0,264	0,221	0,225	0,234	0,249	0,259	0,198	0,000	0,000
4,000	-11,467	-11,549	-11,475	-11,486	-11,466	-11,466	-11,468	-11,463	-11,454	-11,432	-11,385	-11,305	-11,161	-10,935	-10,629	-0,224	-0,046	-0,035	0,022	0,040	0,059	0,088	0,103	0,144	0,205	0,297	0,389	0,484	0,539	0,438	0,000	0,000
5,000	-12,742	-12,736	-12,840	-12,874	-12,845	-12,845	-12,831	-12,832	-12,813	-12,824	-12,763	-12,683	-12,547	-12,303	-11,997	-0,100	-0,148	-0,122	-0,004	0,030	0,030	0,072	0,105	0,145	0,190	0,281	0,391	0,481	0,544	0,440	0,000	0,000
6,000	-8,643	-8,631	-8,532	-8,394	-8,304	-8,246	-8,217	-8,185	-8,142	-8,122	-8,065	-8,009	-7,921	-7,787	-7,622	-0,042	0,109	0,159	0,224	0,215	0,195	0,195	0,193	0,195	0,210	0,245	0,279	0,304	0,323	0,255	0,000	0,000
7,000	-6,888	-6,851	-6,868	-6,804	-6,764	-6,731	-6,715	-6,705	-6,694	-6,688	-6,670	-6,659	-6,630	-6,591	-6,540	0,001	-0,007	0,036	0,087	0,091	0,072	0,077	0,070	0,063	0,063	0,073	0,075	0,092	0,096	0,070	0,000	0,000
8,000	-19,260	-19,539	-19,489	-19,626	-19,608	-19,658	-19,682	-19,704	-19,720	-19,765	-19,774	-19,788	-19,788	-19,738	-19,680	-0,565	-0,268	-0,245	-0,161	-0,123	-0,115	-0,108	-0,103	-0,092	-0,077	-0,032	0,001	0,034	0,071	0,065	0,000	0,000
9,000	-9,383	-9,365	-9,323	-9,175	-9,057	-8,961	-8,903	-8,857	-8,810	-8,776	-8,728	-8,669	-8,595	-8,481	-8,348	-0,023	0,090	0,156	0,269	0,287	0,271	0,258	0,241	0,231	0,224	0,244	0,258	0,274	0,276	0,203	0,000	0,000
10,000	-9,520	-9,548	-9,481	-9,384	-9,320	-9,287	-9,264	-9,249	-9,230	-9,220	-9,197	-9,162	-9,108	-9,018	-8,912	-0,169	0,031	0,076	0,137	0,126	0,114	0,114	0,115	0,110	0,122	0,141	0,158	0,190	0,200	0,158	0,000	0,000
11,000	-9,787	-9,729	-9,704	-9,592	-9,529	-9,477	-9,447	-9,424	-9,396	-9,374	-9,341	-9,303	-9,239	-9,144	-9,031	-0,054	0,046	0,099	0,167	0,167	0,151	0,150	0,143	0,147	0,153	0,175	0,193	0,216	0,220	0,170	0,000	0,000
12,000	-14,653	-14,646	-14,623	-14,566	-14,519	-14,505	-14,496	-14,493	-14,484	-14,493	-14,483	-14,454	-14,411	-14,330	-14,229	-0,088	0,001	0,036	0,079	0,069	0,047	0,053	0,053	0,058	0,061	0,100	0,132	0,159	0,182	0,142	0,000	0,000
13,000	-7,450	-7,390	-7,362	-7,348	-7,334	-7,313	-7,302	-7,284	-7,261	-7,233	-7,187	-7,130	-7,045	-6,922	-6,766	0,271	0,170	0,126	0,087	0,091	0,098	0,112	0,128	0,151	0,177	0,205	0,245	0,277	0,294	0,232	0,000	0,000
14,000	-10,761	-10,564	-10,582	-10,504	-10,481	-10,460	-10,441	-10,445	-10,425	-10,429	-10,415	-10,376	-10,292	-10,169	-9,997	0,364	0,208	0,170	0,130	0,103	0,090	0,090	0,089	0,091	0,107	0,150	0,200	0,264	0,298	0,245	0,000	0,000
15,000	-9,250	-9,355	-9,287	-9,272	-9,239	-9,234	-9,218	-9,205	-9,192	-9,179	-9,157	-9,125	-9,083	-9,014	-8,931	-0,197	-0,008	-0,012	0,033	0,049	0,067	0,067	0,075	0,077	0,090	0,112	0,127	0,148	0,158	0,125	0,000	0,000
	run	10	2022:11:08    11:52:57,506
0,000	-13,562	-13,626	-13,682	-13,777	-13,814	-13,838	-13,845	-13,856	-13,856	-13,872	-13,866	-13,832	-13,785	-13,697	-13,595	-0,212	-0,195	-0,175	-0,124	-0,105	-0,081	-0,047	-0,027	-0,004	0,022	0,069	0,109	0,158	0,179	0,145	0,000	0,000
1,000	-17,160	-17,097	-16,983	-16,713	-16,519	-16,389	-16,312	-16,253	-16,179	-16,142	-16,077	-16,022	-15,968	-15,857	-15,747	0,123	0,285	0,349	0,458	0,453	0,393	0,368	0,334	0,307	0,272	0,269	0,262	0,257	0,248	0,180	0,000	0,000
2,000	-10,503	-10,482	-10,444	-10,296	-10,190	-10,117	-10,068	-10,027	-9,968	-9,934	-9,865	-9,784	-9,689	-9,530	-9,363	0,090	0,156	0,180	0,263	0,271	0,250	0,258	0,249	0,264	0,270	0,299	0,332	0,358	0,359	0,267	0,000	0,000
3,000	-20,997	-20,935	-20,826	-20,454	-20,224	-20,081	-20,008	-19,944	-19,894	-19,883	-19,847	-19,808	-19,753	-19,642	-19,511	0,166	0,369	0,436	0,549	0,515	0,416	0,362	0,304	0,264	0,226	0,217	0,233	0,244	0,253	0,192	0,000	0,000
4,000	-11,144	-11,208	-11,123	-11,135	-11,114	-11,107	-11,111	-11,108	-11,099	-11,079	-11,037	-10,967	-10,828	-10,613	-10,317	-0,200	-0,010	-0,020	0,029	0,043	0,063	0,078	0,095	0,132	0,197	0,277	0,368	0,457	0,516	0,421	0,000	0,000
5,000	-12,491	-12,512	-12,617	-12,666	-12,638	-12,628	-12,616	-12,615	-12,586	-12,586	-12,542	-12,458	-12,330	-12,083	-11,783	-0,115	-0,179	-0,130	-0,013	0,022	0,035	0,075	0,105	0,146	0,189	0,287	0,370	0,472	0,537	0,431	0,000	0,000
6,000	-8,773	-8,759	-8,663	-8,531	-8,436	-8,380	-8,350	-8,319	-8,275	-8,255	-8,203	-8,139	-8,053	-7,906	-7,741	-0,052	0,120	0,159	0,231	0,220	0,195	0,193	0,189	0,203	0,214	0,245	0,286	0,318	0,332	0,253	0,000	0,000
7,000	-7,218	-7,158	-7,132	-7,054	-7,006	-6,963	-6,944	-6,933	-6,918	-6,912	-6,896	-6,877	-6,851	-6,811	-6,758	-0,008	0,034	0,077	0,132	0,115	0,098	0,084	0,085	0,080	0,075	0,082	0,089	0,099	0,097	0,077	0,000	0,000
8,000	-19,549	-19,827	-19,811	-19,947	-19,947	-19,994	-20,022	-20,043	-20,063	-20,118	-20,123	-20,132	-20,135	-20,092	-20,030	-0,560	-0,299	-0,271	-0,191	-0,147	-0,134	-0,125	-0,115	-0,096	-0,083	-0,041	-0,003	0,029	0,071	0,065	0,000	0,000
9,000	-9,497	-9,468	-9,424	-9,259	-9,142	-9,036	-8,979	-8,932	-8,885	-8,849	-8,805	-8,742	-8,668	-8,549	-8,417	-0,021	0,097	0,163	0,292	0,302	0,282	0,271	0,248	0,239	0,238	0,255	0,261	0,278	0,282	0,211	0,000	0,000
10,000	-9,361	-9,392	-9,329	-9,261	-9,196	-9,168	-9,150	-9,134	-9,106	-9,105	-9,077	-9,046	-8,988	-8,898	-8,794	-0,178	0,022	0,049	0,114	0,111	0,103	0,108	0,103	0,109	0,116	0,142	0,160	0,190	0,202	0,161	0,000	0,000
11,000	-9,613	-9,554	-9,543	-9,423	-9,361	-9,309	-9,278	-9,259	-9,233	-9,209	-9,174	-9,133	-9,073	-8,978	-8,865	-0,052	0,041	0,084	0,156	0,164	0,147	0,154	0,143	0,146	0,151	0,173	0,197	0,211	0,223	0,170	0,000	0,000
12,000	-14,855	-14,840	-14,813	-14,756	-14,718	-14,692	-14,685	-14,684	-14,669	-14,683	-14,662	-14,641	-14,597	-14,512	-14,407	-0,072	0,003	0,040	0,079	0,072	0,048	0,059	0,050	0,062	0,066	0,095	0,135	0,167	0,186	0,153	0,000	0,000
13,000	-7,582	-7,562	-7,512	-7,505	-7,484	-7,467	-7,452	-7,435	-7,410	-7,381	-7,336	-7,283	-7,198	-7,072	-6,915	0,257	0,171	0,126	0,089	0,095	0,107	0,118	0,127	0,150	0,175	0,214	0,246	0,280	0,292	0,229	0,000	0,000
14,000	-10,966	-10,764	-10,777	-10,689	-10,681	-10,650	-10,627	-10,633	-10,619	-10,617	-10,606	-10,568	-10,493	-10,365	-10,190	0,401	0,194	0,188	0,135	0,108	0,091	0,093	0,083	0,095	0,111	0,156	0,200	0,268	0,296	0,242	0,000	0,000
15,000	-9,141	-9,241	-9,175	-9,163	-9,129	-9,124	-9,110	-9,093	-9,082	-9,069	-9,050	-9,021	-8,975	-8,909	-8,826	-0,195	-0,007	-0,005	0,035	0,048	0,062	0,062	0,073	0,076	0,093	0,115	0,129	0,147	0,157	0,124	0,000	0,000
	run	11	2022:11:08    11:52:57,556
0,000	-13,250	-13,326	-13,372	-13,456	-13,491	-13,513	-13,520	-13,530	-13,528	-13,549	-13,540	-13,511	-13,476	-13,394	-13,296	-0,212	-0,192	-0,168	-0,118	-0,102	-0,078	-0,044	-0,026	-0,007	0,019	0,059	0,103	0,144	0,167	0,134	0,000	0,000
1,000	-16,722	-16,683	-16,590	-16,356	-16,179	-16,048	-15,980	-15,916	-15,853	-15,813	-15,752	-15,700	-15,641	-15,546	-15,435	0,088	0,240	0,303	0,407	0,416	0,364	0,348	0,315	0,290	0,259	0,248	0,249	0,244	0,240	0,174	0,000	0,000
2,000	-10,503	-10,482	-10,444	-10,296	-10,190	-10,117	-10,068	-10,027	-9,968	-9,934	-9,865	-9,784	-9,689	-9,530	-9,363	0,090	0,156	0,180	0,263	0,271	0,250	0,258	0,249	0,264	0,270	0,299	0,332	0,358	0,359	0,267	0,000	0,000
3,000	-20,997	-20,935	-20,826	-20,454	-20,224	-20,081	-20,008	-19,944	-19,894	-19,883	-19,847	-19,808	-19,753	-19,642	-19,511	0,166	0,369	0,436	0,549	0,515	0,416	0,362	0,304	0,264	0,226	0,217	0,233	0,244	0,253	0,192	0,000	0,000
4,000	-11,144	-11,208	-11,123	-11,135	-11,114	-11,107	-11,111	-11,108	-11,099	-11,079	-11,037	-10,967	-10,828	-10,613	-10,317	-0,200	-0,010	-0,020	0,029	0,043	0,063	0,078	0,095	0,132	0,197	0,277	0,368	0,457	0,516	0,421	0,000	0,000
5,000	-12,491	-12,512	-12,617	-12,666	-12,638	-12,628	-12,616	-12,615	-12,586	-12,586	-12,542	-12,458	-12,330	-12,083	-11,783	-0,115	-0,179	-0,130	-0,013	0,022	0,035	0,075	0,105	0,146	0,189	0,287	0,370	0,472	0,537	0,431	0,000	0,000
6,000	-8,773	-8,759	-8,663	-8,531	-8,436	-8,380	-8,350	-8,319	-8,275	-8,255	-8,203	-8,139	-8,053	-7,906	-7,741	-0,052	0,120	0,159	0,231	0,220	0,195	0,193	0,189	0,203	0,214	0,245	0,286	0,318	0,332	0,253	0,000	0,000
7,000	-7,218	-7,158	-7,132	-7,054	-7,006	-6,963	-6,944	-6,933	-6,918	-6,912	-6,896	-6,877	-6,851	-6,811	-6,758	-0,008	0,034	0,077	0,132	0,115	0,098	0,084	0,085	0,080	0,075	0,082	0,089	0,099	0,097	0,077	0,000	0,000
8,000	-19,872	-20,164	-20,149	-20,321	-20,311	-20,361	-20,393	-20,423	-20,444	-20,486	-20,502	-20,513	-20,517	-20,476	-20,410	-0,580	-0,322	-0,297	-0,209	-0,155	-0,148	-0,137	-0,125	-0,106	-0,088	-0,045	-0,008	0,025	0,073	0,066	0,000	0,000
9,000	-9,535	-9,506	-9,424	-9,228	-9,090	-8,983	-8,925	-8,880	-8,832	-8,797	-8,742	-8,686	-8,609	-8,490	-8,343	0,004	0,146	0,203	0,335	0,335	0,299	0,283	0,262	0,245	0,242	0,253	0,271	0,289	0,288	0,218	0,000	0,000
10,000	-9,376	-9,412	-9,358	-9,282	-9,224	-9,194	-9,174	-9,161	-9,131	-9,126	-9,102	-9,068	-9,011	-8,921	-8,814	-0,187	0,027	0,051	0,111	0,109	0,112	0,110	0,105	0,109	0,121	0,141	0,162	0,189	0,204	0,163	0,000	0,000
11,000	-9,578	-9,520	-9,503	-9,394	-9,327	-9,272	-9,243	-9,223	-9,190	-9,176	-9,136	-9,093	-9,032	-8,935	-8,818	-0,037	0,051	0,086	0,163	0,165	0,149	0,153	0,146	0,147	0,159	0,177	0,205	0,220	0,227	0,173	0,000	0,000
12,000	-15,202	-15,190	-15,175	-15,107	-15,065	-15,041	-15,034	-15,034	-15,020	-15,039	-15,021	-14,990	-14,947	-14,854	-14,745	-0,068	0,002	0,041	0,083	0,078	0,052	0,058	0,056	0,057	0,066	0,103	0,141	0,175	0,196	0,155	0,000	0,000
13,000	-7,761	-7,704	-7,657	-7,651	-7,631	-7,615	-7,598	-7,580	-7,555	-7,523	-7,481	-7,428	-7,343	-7,215	-7,053	0,284	0,184	0,133	0,092	0,093	0,108	0,123	0,135	0,150	0,175	0,215	0,250	0,285	0,299	0,237	0,000	0,000
14,000	-11,151	-10,983	-10,972	-10,900	-10,864	-10,852	-10,823	-10,822	-10,814	-10,806	-10,798	-10,760	-10,688	-10,556	-10,371	0,387	0,216	0,188	0,136	0,111	0,099	0,099	0,088	0,094	0,118	0,148	0,212	0,266	0,300	0,249	0,000	0,000
15,000	-9,186	-9,292	-9,234	-9,214	-9,182	-9,181	-9,164	-9,154	-9,139	-9,127	-9,104	-9,072	-9,027	-8,966	-8,886	-0,202	-0,013	-0,006	0,043	0,045	0,062	0,072	0,075	0,076	0,093	0,113	0,129	0,146	0,153	0,123	0,000	0,000
	run	12	2022:11:08    11:52:57,655
0,000	-13,032	-13,095	-13,134	-13,211	-13,240	-13,261	-13,271	-13,278	-13,275	-13,296	-13,289	-13,262	-13,228	-13,145	-13,047	-0,202	-0,181	-0,151	-0,100	-0,087	-0,063	-0,044	-0,029	-0,004	0,016	0,057	0,101	0,142	0,159	0,133	0,000	0,000
1,000	-16,133	-16,131	-16,037	-15,855	-15,691	-15,576	-15,511	-15,449	-15,386	-15,355	-15,291	-15,245	-15,188	-15,096	-14,993	0,028	0,185	0,241	0,356	0,370	0,334	0,315	0,292	0,271	0,247	0,238	0,238	0,228	0,222	0,164	0,000	0,000
2,000	-9,755	-9,759	-9,728	-9,625	-9,530	-9,458	-9,415	-9,379	-9,329	-9,295	-9,232	-9,157	-9,076	-8,937	-8,781	0,039	0,093	0,138	0,218	0,232	0,222	0,231	0,228	0,231	0,239	0,265	0,296	0,315	0,316	0,239	0,000	0,000
3,000	-19,814	-19,813	-19,743	-19,458	-19,255	-19,134	-19,062	-19,010	-18,957	-18,945	-18,911	-18,871	-18,824	-18,728	-18,605	0,068	0,251	0,313	0,443	0,432	0,360	0,320	0,268	0,236	0,199	0,194	0,214	0,219	0,229	0,177	0,000	0,000
4,000	-10,653	-10,715	-10,614	-10,606	-10,574	-10,575	-10,573	-10,575	-10,572	-10,549	-10,516	-10,445	-10,319	-10,118	-9,857	-0,184	0,008	-0,002	0,044	0,056	0,061	0,077	0,092	0,129	0,175	0,254	0,335	0,419	0,466	0,382	0,000	0,000
5,000	-12,090	-12,102	-12,226	-12,264	-12,246	-12,240	-12,221	-12,223	-12,198	-12,198	-12,154	-12,068	-11,956	-11,724	-11,439	-0,106	-0,172	-0,143	-0,027	0,014	0,035	0,067	0,099	0,136	0,173	0,269	0,362	0,446	0,502	0,404	0,000	0,000
6,000	-8,721	-8,721	-8,629	-8,503	-8,403	-8,349	-8,320	-8,292	-8,250	-8,229	-8,183	-8,112	-8,030	-7,884	-7,711	-0,048	0,107	0,153	0,219	0,217	0,190	0,195	0,198	0,203	0,218	0,245	0,282	0,318	0,331	0,257	0,000	0,000
7,000	-7,202	-7,146	-7,134	-7,035	-6,990	-6,944	-6,923	-6,911	-6,897	-6,890	-6,876	-6,858	-6,839	-6,789	-6,733	0,010	0,045	0,095	0,144	0,123	0,098	0,090	0,085	0,080	0,080	0,085	0,090	0,098	0,102	0,075	0,000	0,000
8,000	-20,373	-20,678	-20,650	-20,844	-20,842	-20,884	-20,917	-20,949	-20,961	-21,004	-21,014	-21,031	-21,030	-20,977	-20,918	-0,595	-0,334	-0,334	-0,209	-0,165	-0,143	-0,136	-0,125	-0,106	-0,084	-0,044	0,003	0,036	0,077	0,072	0,000	0,000
9,000	-9,823	-9,786	-9,698	-9,481	-9,338	-9,230	-9,166	-9,124	-9,076	-9,037	-8,986	-8,927	-8,844	-8,720	-8,573	-0,001	0,162	0,242	0,347	0,352	0,313	0,296	0,272	0,254	0,250	0,265	0,285	0,302	0,304	0,231	0,000	0,000
10,000	-9,988	-9,984	-9,891	-9,762	-9,683	-9,642	-9,621	-9,602	-9,578	-9,570	-9,540	-9,505	-9,440	-9,343	-9,230	-0,131	0,084	0,119	0,181	0,161	0,141	0,135	0,131	0,129	0,138	0,163	0,184	0,213	0,220	0,174	0,000	0,000
11,000	-10,091	-10,013	-9,968	-9,838	-9,759	-9,703	-9,674	-9,651	-9,619	-9,596	-9,557	-9,514	-9,449	-9,343	-9,219	0,003	0,101	0,138	0,201	0,195	0,169	0,171	0,160	0,159	0,169	0,195	0,215	0,239	0,245	0,187	0,000	0,000
12,000	-15,513	-15,503	-15,486	-15,430	-15,380	-15,357	-15,353	-15,350	-15,339	-15,350	-15,338	-15,308	-15,263	-15,169	-15,059	-0,096	0,001	0,029	0,077	0,077	0,054	0,055	0,057	0,061	0,071	0,100	0,145	0,174	0,195	0,157	0,000	0,000
13,000	-7,821	-7,789	-7,741	-7,719	-7,701	-7,680	-7,662	-7,642	-7,620	-7,588	-7,545	-7,480	-7,401	-7,269	-7,099	0,292	0,191	0,151	0,104	0,105	0,115	0,124	0,136	0,161	0,183	0,221	0,257	0,293	0,313	0,246	0,000	0,000
14,000	-11,016	-10,825	-10,846	-10,749	-10,742	-10,715	-10,693	-10,689	-10,680	-10,675	-10,674	-10,635	-10,559	-10,430	-10,256	0,397	0,191	0,186	0,140	0,108	0,092	0,095	0,084	0,089	0,108	0,162	0,197	0,258	0,294	0,242	0,000	0,000
15,000	-9,101	-9,203	-9,143	-9,130	-9,099	-9,092	-9,079	-9,065	-9,053	-9,043	-9,022	-8,998	-8,950	-8,889	-8,813	-0,201	-0,011	-0,013	0,035	0,042	0,063	0,063	0,067	0,069	0,086	0,106	0,120	0,137	0,147	0,116	0,000	0,000
	run	13	2022:11:08    11:52:57,706
0,000	-13,032	-13,095	-13,134	-13,211	-13,240	-13,261	-13,271	-13,278	-13,275	-13,296	-13,289	-13,262	-13,228	-13,145	-13,047	-0,202	-0,181	-0,151	-0,100	-0,087	-0,063	-0,044	-0,029	-0,004	0,016	0,057	0,101	0,142	0,159	0,133	0,000	0,000
1,000	-16,133	-16,131	-16,037	-15,855	-15,691	-15,576	-15,511	-15,449	-15,386	-15,355	-15,291	-15,245	-15,188	-15,096	-14,993	0,028	0,185	0,241	0,356	0,370	0,334	0,315	0,292	0,271	0,247	0,238	0,238	0,228	0,222	0,164	0,000	0,000
2,000	-9,755	-9,759	-9,728	-9,625	-9,530	-9,458	-9,415	-9,379	-9,329	-9,295	-9,232	-9,157	-9,076	-8,937	-8,781	0,039	0,093	0,138	0,218	0,232	0,222	0,231	0,228	0,231	0,239	0,265	0,296	0,315	0,316	0,239	0,000	0,000
3,000	-19,814	-19,813	-19,743	-19,458	-19,255	-19,134	-19,062	-19,010	-18,957	-18,945	-18,911	-18,871	-18,824	-18,728	-18,605	0,068	0,251	0,313	0,443	0,432	0,360	0,320	0,268	0,236	0,199	0,194	0,214	0,219	0,229	0,177	0,000	0,000
4,000	-10,653	-10,715	-10,614	-10,606	-10,574	-10,575	-10,573	-10,575	-10,572	-10,549	-10,516	-10,445	-10,319	-10,118	-9,857	-0,184	0,008	-0,002	0,044	0,056	0,061	0,077	0,092	0,129	0,175	0,254	0,335	0,419	0,466	0,382	0,000	0,000
5,000	-12,090	-12,102	-12,226	-12,264	-12,246	-12,240	-12,221	-12,223	-12,198	-12,198	-12,154	-12,068	-11,956	-11,724	-11,439	-0,106	-0,172	-0,143	-0,027	0,014	0,035	0,067	0,099	0,136	0,173	0,269	0,362	0,446	0,502	0,404	0,000	0,000
6,000	-8,580	-8,586	-8,502	-8,379	-8,279	-8,226	-8,196	-8,167	-8,124	-8,101	-8,043	-7,989	-7,901	-7,752	-7,584	-0,072	0,096	0,139	0,221	0,212	0,187	0,197	0,185	0,196	0,215	0,250	0,283	0,318	0,337	0,259	0,000	0,000
7,000	-7,213	-7,153	-7,143	-7,036	-6,980	-6,943	-6,926	-6,915	-6,896	-6,896	-6,879	-6,854	-6,828	-6,782	-6,730	0,039	0,052	0,101	0,142	0,126	0,098	0,096	0,085	0,081	0,077	0,081	0,095	0,103	0,110	0,084	0,000	0,000
8,000	-20,617	-20,931	-20,913	-21,129	-21,125	-21,176	-21,210	-21,232	-21,252	-21,300	-21,310	-21,318	-21,316	-21,270	-21,209	-0,608	-0,369	-0,345	-0,229	-0,172	-0,147	-0,137	-0,125	-0,104	-0,081	-0,041	0,003	0,040	0,081	0,076	0,000	0,000
9,000	-10,182	-10,119	-10,028	-9,788	-9,642	-9,527	-9,471	-9,426	-9,371	-9,336	-9,284	-9,218	-9,131	-8,997	-8,837	0,047	0,202	0,288	0,382	0,369	0,321	0,306	0,281	0,259	0,260	0,276	0,298	0,317	0,325	0,244	0,000	0,000
10,000	-10,284	-10,278	-10,144	-9,991	-9,901	-9,867	-9,836	-9,820	-9,789	-9,790	-9,759	-9,718	-9,654	-9,550	-9,433	-0,084	0,148	0,180	0,223	0,186	0,151	0,144	0,135	0,133	0,142	0,161	0,190	0,221	0,233	0,183	0,000	0,000
11,000	-10,361	-10,277	-10,231	-10,080	-9,999	-9,944	-9,914	-9,887	-9,856	-9,836	-9,786	-9,743	-9,677	-9,569	-9,438	0,029	0,129	0,162	0,207	0,208	0,180	0,174	0,164	0,167	0,182	0,197	0,224	0,250	0,258	0,201	0,000	0,000
12,000	-16,020	-16,019	-15,996	-15,938	-15,888	-15,858	-15,856	-15,855	-15,839	-15,852	-15,840	-15,801	-15,758	-15,659	-15,552	-0,092	-0,006	0,035	0,085	0,075	0,058	0,058	0,064	0,064	0,071	0,113	0,149	0,180	0,206	0,160	0,000	0,000
13,000	-7,815	-7,785	-7,748	-7,743	-7,711	-7,690	-7,676	-7,654	-7,630	-7,606	-7,558	-7,500	-7,411	-7,283	-7,114	0,284	0,182	0,135	0,095	0,102	0,116	0,119	0,139	0,155	0,186	0,226	0,253	0,291	0,307	0,244	0,000	0,000
14,000	-10,811	-10,573	-10,606	-10,517	-10,507	-10,476	-10,467	-10,454	-10,455	-10,453	-10,433	-10,405	-10,333	-10,205	-10,034	0,422	0,199	0,184	0,136	0,106	0,084	0,087	0,077	0,093	0,103	0,135	0,204	0,260	0,288	0,242	0,000	0,000
15,000	-8,889	-8,995	-8,926	-8,918	-8,887	-8,879	-8,863	-8,853	-8,841	-8,828	-8,807	-8,779	-8,737	-8,679	-8,605	-0,204	-0,017	-0,010	0,028	0,045	0,062	0,061	0,067	0,066	0,086	0,107	0,116	0,136	0,143	0,113	0,000	0,000
	run	14	2022:11:08    11:52:57,812
0,000	-12,762	-12,821	-12,866	-12,941	-12,966	-12,985	-12,993	-13,003	-13,003	-13,016	-13,007	-12,985	-12,947	-12,868	-12,772	-0,201	-0,174	-0,159	-0,111	-0,084	-0,070	-0,035	-0,025	-0,002	0,020	0,057	0,103	0,138	0,157	0,128	0,000	0,000
1,000	-16,060	-16,059	-15,974	-15,778	-15,621	-15,505	-15,441	-15,377	-15,314	-15,279	-15,224	-15,172	-15,115	-15,022	-14,918	0,024	0,174	0,242	0,356	0,368	0,340	0,322	0,287	0,262	0,249	0,234	0,236	0,232	0,225	0,165	0,000	0,000
2,000	-9,875	-9,864	-9,832	-9,713	-9,614	-9,543	-9,500	-9,460	-9,409	-9,382	-9,315	-9,242	-9,157	-9,024	-8,871	0,057	0,111	0,147	0,231	0,240	0,224	0,232	0,233	0,234	0,242	0,266	0,290	0,309	0,316	0,231	0,000	0,000
3,000	-19,891	-19,869	-19,788	-19,517	-19,313	-19,186	-19,117	-19,062	-19,012	-18,999	-18,962	-18,926	-18,882	-18,784	-18,667	0,069	0,250	0,315	0,452	0,436	0,366	0,322	0,274	0,242	0,204	0,194	0,210	0,221	0,225	0,174	0,000	0,000
4,000	-10,630	-10,694	-10,592	-10,590	-10,550	-10,549	-10,552	-10,551	-10,537	-10,527	-10,488	-10,422	-10,301	-10,107	-9,842	-0,171	0,007	0,010	0,055	0,059	0,065	0,079	0,081	0,123	0,171	0,253	0,325	0,402	0,455	0,374	0,000	0,000
5,000	-11,979	-11,996	-12,118	-12,158	-12,146	-12,131	-12,125	-12,117	-12,092	-12,089	-12,047	-11,967	-11,849	-11,621	-11,343	-0,103	-0,170	-0,146	-0,023	0,023	0,029	0,073	0,099	0,136	0,178	0,262	0,354	0,441	0,491	0,400	0,000	0,000
6,000	-8,592	-8,587	-8,503	-8,388	-8,288	-8,229	-8,207	-8,177	-8,141	-8,117	-8,065	-7,992	-7,913	-7,765	-7,589	-0,058	0,095	0,133	0,211	0,215	0,190	0,197	0,196	0,198	0,212	0,254	0,291	0,315	0,332	0,258	0,000	0,000
7,000	-7,273	-7,196	-7,175	-7,056	-7,011	-6,976	-6,953	-6,942	-6,925	-6,921	-6,906	-6,882	-6,859	-6,807	-6,745	0,042	0,072	0,113	0,144	0,119	0,101	0,092	0,086	0,085	0,082	0,082	0,100	0,110	0,115	0,088	0,000	0,000
8,000	-20,744	-21,088	-21,089	-21,303	-21,301	-21,356	-21,390	-21,410	-21,430	-21,478	-21,487	-21,500	-21,506	-21,452	-21,389	-0,615	-0,384	-0,371	-0,242	-0,175	-0,162	-0,144	-0,126	-0,116	-0,090	-0,046	0,004	0,037	0,081	0,075	0,000	0,000
9,000	-10,197	-10,108	-10,002	-9,755	-9,607	-9,502	-9,445	-9,400	-9,343	-9,308	-9,256	-9,191	-9,098	-8,967	-8,807	0,082	0,221	0,295	0,380	0,365	0,325	0,306	0,279	0,260	0,254	0,281	0,298	0,320	0,329	0,245	0,000	0,000
10,000	-10,262	-10,232	-10,119	-9,963	-9,866	-9,834	-9,803	-9,793	-9,761	-9,748	-9,724	-9,683	-9,617	-9,521	-9,394	-0,076	0,139	0,176	0,216	0,183	0,158	0,148	0,141	0,137	0,144	0,169	0,188	0,222	0,238	0,183	0,000	0,000
11,000	-10,195	-10,121	-10,079	-9,918	-9,839	-9,786	-9,755	-9,731	-9,701	-9,677	-9,633	-9,589	-9,515	-9,406	-9,269	0,031	0,122	0,168	0,212	0,204	0,176	0,181	0,171	0,167	0,184	0,212	0,229	0,254	0,259	0,202	0,000	0,000
12,000	-16,180	-16,173	-16,156	-16,099	-16,032	-16,025	-16,017	-16,011	-15,996	-16,016	-15,996	-15,959	-15,920	-15,816	-15,701	-0,103	-0,004	0,027	0,078	0,083	0,052	0,060	0,051	0,067	0,075	0,107	0,142	0,179	0,205	0,164	0,000	0,000
13,000	-7,890	-7,866	-7,837	-7,817	-7,791	-7,778	-7,757	-7,738	-7,709	-7,690	-7,641	-7,582	-7,492	-7,358	-7,197	0,287	0,185	0,133	0,104	0,095	0,113	0,125	0,135	0,149	0,179	0,220	0,252	0,296	0,313	0,251	0,000	0,000
14,000	-10,814	-10,597	-10,622	-10,533	-10,517	-10,487	-10,475	-10,477	-10,463	-10,451	-10,445	-10,412	-10,336	-10,215	-10,044	0,416	0,199	0,191	0,138	0,116	0,091	0,093	0,094	0,099	0,107	0,141	0,200	0,253	0,283	0,238	0,000	0,000
15,000	-8,826	-8,992	-8,884	-8,901	-8,861	-8,851	-8,845	-8,829	-8,818	-8,811	-8,785	-8,763	-8,723	-8,661	-8,585	-0,268	-0,011	-0,023	0,013	0,037	0,064	0,061	0,068	0,069	0,091	0,103	0,116	0,137	0,142	0,111	0,000	0,000
	run	15	2022:11:08    11:52:57,907
0,000	-12,802	-12,860	-12,903	-12,979	-13,004	-13,030	-13,041	-13,045	-13,047	-13,057	-13,054	-13,030	-12,994	-12,919	-12,824	-0,206	-0,179	-0,164	-0,109	-0,093	-0,064	-0,041	-0,021	-0,003	0,018	0,055	0,094	0,134	0,155	0,122	0,000	0,000
1,000	-16,057	-16,038	-15,957	-15,761	-15,603	-15,488	-15,422	-15,363	-15,297	-15,263	-15,209	-15,153	-15,104	-15,010	-14,907	0,044	0,190	0,248	0,353	0,368	0,331	0,318	0,288	0,271	0,245	0,239	0,235	0,231	0,223	0,162	0,000	0,000
2,000	-9,794	-9,795	-9,759	-9,650	-9,548	-9,477	-9,437	-9,394	-9,341	-9,318	-9,254	-9,176	-9,090	-8,948	-8,796	0,047	0,099	0,142	0,226	0,235	0,228	0,233	0,230	0,236	0,234	0,269	0,295	0,316	0,316	0,235	0,000	0,000
3,000	-20,033	-20,046	-19,955	-19,654	-19,450	-19,324	-19,261	-19,203	-19,150	-19,149	-19,110	-19,068	-19,028	-18,924	-18,807	0,072	0,258	0,331	0,458	0,443	0,362	0,321	0,275	0,236	0,198	0,199	0,211	0,222	0,234	0,176	0,000	0,000
4,000	-10,762	-10,810	-10,728	-10,724	-10,697	-10,694	-10,695	-10,688	-10,687	-10,668	-10,625	-10,558	-10,442	-10,234	-9,967	-0,172	0,005	-0,004	0,042	0,055	0,059	0,078	0,091	0,124	0,178	0,253	0,337	0,423	0,470	0,385	0,000	0,000
5,000	-12,306	-12,339	-12,461	-12,503	-12,483	-12,464	-12,458	-12,449	-12,422	-12,425	-12,380	-12,300	-12,170	-11,925	-11,632	-0,127	-0,173	-0,136	-0,015	0,023	0,031	0,072	0,101	0,145	0,192	0,275	0,375	0,463	0,523	0,420	0,000	0,000
6,000	-8,775	-8,756	-8,672	-8,545	-8,452	-8,397	-8,362	-8,337	-8,292	-8,272	-8,212	-8,151	-8,067	-7,919	-7,745	-0,049	0,098	0,152	0,222	0,215	0,196	0,200	0,194	0,205	0,219	0,255	0,288	0,326	0,343	0,262	0,000	0,000
7,000	-7,340	-7,255	-7,233	-7,120	-7,064	-7,027	-7,013	-7,005	-6,992	-6,984	-6,968	-6,946	-6,927	-6,881	-6,821	0,033	0,079	0,109	0,149	0,126	0,106	0,097	0,087	0,083	0,072	0,082	0,091	0,097	0,104	0,080	0,000	0,000
8,000	-20,892	-21,246	-21,245	-21,450	-21,460	-21,513	-21,542	-21,565	-21,583	-21,634	-21,645	-21,656	-21,653	-21,599	-21,534	-0,623	-0,386	-0,360	-0,235	-0,178	-0,157	-0,140	-0,130	-0,104	-0,090	-0,045	0,003	0,038	0,084	0,078	0,000	0,000
9,000	-10,214	-10,120	-10,018	-9,771	-9,632	-9,515	-9,458	-9,412	-9,365	-9,325	-9,269	-9,213	-9,122	-8,990	-8,822	0,087	0,215	0,294	0,376	0,365	0,322	0,303	0,278	0,260	0,258	0,275	0,297	0,320	0,327	0,246	0,000	0,000
10,000	-10,085	-10,088	-9,963	-9,817	-9,724	-9,691	-9,668	-9,646	-9,621	-9,609	-9,586	-9,541	-9,473	-9,377	-9,259	-0,112	0,137	0,164	0,206	0,175	0,152	0,140	0,141	0,138	0,141	0,168	0,193	0,220	0,233	0,184	0,000	0,000
11,000	-10,110	-10,022	-9,971	-9,823	-9,742	-9,683	-9,655	-9,632	-9,601	-9,577	-9,537	-9,488	-9,420	-9,311	-9,176	0,031	0,119	0,162	0,210	0,204	0,180	0,175	0,167	0,170	0,179	0,193	0,227	0,252	0,260	0,197	0,000	0,000
12,000	-15,957	-15,966	-15,959	-15,891	-15,843	-15,820	-15,816	-15,815	-15,801	-15,813	-15,800	-15,766	-15,723	-15,621	-15,508	-0,089	-0,008	0,031	0,075	0,075	0,051	0,056	0,054	0,063	0,068	0,111	0,145	0,177	0,202	0,162	0,000	0,000
13,000	-7,888	-7,856	-7,836	-7,797	-7,780	-7,761	-7,742	-7,722	-7,694	-7,674	-7,627	-7,564	-7,478	-7,343	-7,177	0,283	0,185	0,137	0,108	0,097	0,110	0,121	0,136	0,151	0,181	0,221	0,255	0,295	0,318	0,250	0,000	0,000
14,000	-10,855	-10,633	-10,670	-10,580	-10,561	-10,531	-10,510	-10,509	-10,494	-10,493	-10,483	-10,443	-10,373	-10,243	-10,080	0,418	0,205	0,201	0,141	0,118	0,095	0,092	0,089	0,097	0,115	0,151	0,206	0,251	0,291	0,241	0,000	0,000
15,000	-8,999	-9,104	-9,055	-9,035	-9,010	-9,004	-8,989	-8,981	-8,966	-8,955	-8,934	-8,909	-8,863	-8,802	-8,729	-0,207	-0,021	-0,011	0,032	0,039	0,057	0,061	0,067	0,070	0,086	0,104	0,114	0,138	0,148	0,115	0,000	0,000
	run	16	2022:11:08    11:52:57,955
0,000	-13,163	-13,219	-13,259	-13,333	-13,370	-13,386	-13,395	-13,409	-13,406	-13,420	-13,413	-13,390	-13,351	-13,267	-13,170	-0,208	-0,178	-0,154	-0,109	-0,094	-0,066	-0,038	-0,023	-0,001	0,020	0,062	0,103	0,140	0,167	0,132	0,000	0,000
1,000	-16,268	-16,246	-16,160	-15,956	-15,786	-15,671	-15,605	-15,543	-15,480	-15,440	-15,377	-15,334	-15,272	-15,181	-15,081	0,027	0,189	0,250	0,364	0,385	0,343	0,323	0,296	0,277	0,254	0,251	0,241	0,239	0,231	0,172	0,000	0,000
2,000	-9,794	-9,795	-9,759	-9,650	-9,548	-9,477	-9,437	-9,394	-9,341	-9,318	-9,254	-9,176	-9,090	-8,948	-8,796	0,047	0,099	0,142	0,226	0,235	0,228	0,233	0,230	0,236	0,234	0,269	0,295	0,316	0,316	0,235	0,000	0,000
3,000	-20,033	-20,046	-19,955	-19,654	-19,450	-19,324	-19,261	-19,203	-19,150	-19,149	-19,110	-19,068	-19,028	-18,924	-18,807	0,072	0,258	0,331	0,458	0,443	0,362	0,321	0,275	0,236	0,198	0,199	0,211	0,222	0,234	0,176	0,000	0,000
4,000	-10,762	-10,810	-10,728	-10,724	-10,697	-10,694	-10,695	-10,688	-10,687	-10,668	-10,625	-10,558	-10,442	-10,234	-9,967	-0,172	0,005	-0,004	0,042	0,055	0,059	0,078	0,091	0,124	0,178	0,253	0,337	0,423	0,470	0,385	0,000	0,000
5,000	-12,306	-12,339	-12,461	-12,503	-12,483	-12,464	-12,458	-12,449	-12,422	-12,425	-12,380	-12,300	-12,170	-11,925	-11,632	-0,127	-0,173	-0,136	-0,015	0,023	0,031	0,072	0,101	0,145	0,192	0,275	0,375	0,463	0,523	0,420	0,000	0,000
6,000	-8,775	-8,756	-8,672	-8,545	-8,452	-8,397	-8,362	-8,337	-8,292	-8,272	-8,212	-8,151	-8,067	-7,919	-7,745	-0,049	0,098	0,152	0,222	0,215	0,196	0,200	0,194	0,205	0,219	0,255	0,288	0,326	0,343	0,262	0,000	0,000
7,000	-7,340	-7,255	-7,233	-7,120	-7,064	-7,027	-7,013	-7,005	-6,992	-6,984	-6,968	-6,946	-6,927	-6,881	-6,821	0,033	0,079	0,109	0,149	0,126	0,106	0,097	0,087	0,083	0,072	0,082	0,091	0,097	0,104	0,080	0,000	0,000
8,000	-20,593	-20,906	-20,917	-21,122	-21,119	-21,168	-21,204	-21,227	-21,243	-21,291	-21,304	-21,311	-21,313	-21,263	-21,203	-0,607	-0,385	-0,354	-0,229	-0,178	-0,156	-0,142	-0,131	-0,111	-0,084	-0,041	0,002	0,034	0,085	0,076	0,000	0,000
9,000	-9,873	-9,813	-9,718	-9,495	-9,350	-9,245	-9,184	-9,137	-9,091	-9,054	-9,004	-8,934	-8,854	-8,728	-8,574	0,024	0,194	0,266	0,362	0,358	0,314	0,294	0,270	0,247	0,249	0,272	0,290	0,307	0,312	0,240	0,000	0,000
10,000	-9,961	-9,985	-9,877	-9,751	-9,673	-9,633	-9,607	-9,591	-9,565	-9,561	-9,532	-9,490	-9,431	-9,329	-9,218	-0,134	0,094	0,129	0,181	0,162	0,143	0,137	0,131	0,124	0,139	0,154	0,180	0,215	0,223	0,172	0,000	0,000
11,000	-10,046	-9,974	-9,936	-9,804	-9,721	-9,670	-9,640	-9,621	-9,589	-9,563	-9,526	-9,482	-9,419	-9,317	-9,191	-0,008	0,088	0,136	0,191	0,188	0,161	0,165	0,152	0,155	0,170	0,192	0,211	0,231	0,242	0,187	0,000	0,000
12,000	-15,569	-15,556	-15,538	-15,474	-15,428	-15,412	-15,398	-15,397	-15,383	-15,403	-15,377	-15,350	-15,310	-15,215	-15,112	-0,075	-0,004	0,038	0,082	0,080	0,054	0,056	0,056	0,065	0,074	0,110	0,143	0,173	0,196	0,158	0,000	0,000
13,000	-7,709	-7,672	-7,647	-7,625	-7,604	-7,582	-7,566	-7,550	-7,524	-7,499	-7,451	-7,395	-7,304	-7,174	-7,013	0,278	0,174	0,134	0,095	0,098	0,107	0,119	0,137	0,147	0,179	0,222	0,256	0,291	0,304	0,243	0,000	0,000
14,000	-10,800	-10,596	-10,618	-10,545	-10,521	-10,490	-10,474	-10,478	-10,462	-10,457	-10,443	-10,409	-10,333	-10,202	-10,045	0,417	0,206	0,191	0,147	0,113	0,088	0,090	0,098	0,099	0,114	0,148	0,196	0,254	0,290	0,240	0,000	0,000
15,000	-9,066	-9,168	-9,115	-9,097	-9,065	-9,058	-9,045	-9,035	-9,021	-9,006	-8,983	-8,957	-8,918	-8,854	-8,786	-0,191	-0,014	-0,017	0,032	0,044	0,057	0,063	0,066	0,072	0,087	0,103	0,117	0,136	0,144	0,112	0,000	0,000
	run	17	2022:11:08    11:52:58,055
0,000	-13,386	-13,447	-13,503	-13,591	-13,623	-13,642	-13,656	-13,661	-13,667	-13,678	-13,665	-13,647	-13,600	-13,516	-13,410	-0,198	-0,180	-0,172	-0,123	-0,098	-0,070	-0,045	-0,022	-0,000	0,027	0,061	0,107	0,151	0,174	0,140	0,000	0,000
1,000	-16,928	-16,889	-16,766	-16,531	-16,342	-16,211	-16,139	-16,074	-16,004	-15,970	-15,906	-15,850	-15,795	-15,691	-15,583	0,099	0,256	0,320	0,433	0,434	0,381	0,355	0,325	0,301	0,268	0,258	0,258	0,251	0,245	0,175	0,000	0,000
2,000	-10,407	-10,398	-10,351	-10,209	-10,102	-10,028	-9,977	-9,940	-9,882	-9,848	-9,780	-9,703	-9,603	-9,452	-9,285	0,073	0,135	0,183	0,266	0,267	0,248	0,257	0,252	0,251	0,264	0,292	0,328	0,349	0,348	0,262	0,000	0,000
3,000	-20,842	-20,789	-20,666	-20,314	-20,093	-19,945	-19,876	-19,817	-19,764	-19,752	-19,715	-19,673	-19,623	-19,511	-19,386	0,132	0,342	0,419	0,535	0,505	0,410	0,355	0,302	0,261	0,223	0,215	0,235	0,240	0,254	0,189	0,000	0,000
4,000	-11,090	-11,144	-11,043	-11,052	-11,022	-11,021	-11,021	-11,021	-11,009	-10,987	-10,954	-10,877	-10,741	-10,526	-10,235	-0,187	-0,005	-0,016	0,036	0,048	0,058	0,083	0,102	0,136	0,191	0,279	0,364	0,457	0,508	0,415	0,000	0,000
5,000	-12,381	-12,389	-12,511	-12,551	-12,519	-12,515	-12,494	-12,495	-12,469	-12,467	-12,421	-12,342	-12,215	-11,980	-11,679	-0,113	-0,172	-0,130	-0,008	0,027	0,044	0,071	0,105	0,142	0,187	0,273	0,372	0,468	0,521	0,420	0,000	0,000
6,000	-8,676	-8,663	-8,587	-8,451	-8,350	-8,300	-8,265	-8,236	-8,199	-8,172	-8,122	-8,062	-7,972	-7,826	-7,660	-0,048	0,108	0,156	0,222	0,218	0,192	0,195	0,191	0,204	0,210	0,250	0,285	0,316	0,334	0,256	0,000	0,000
7,000	-7,197	-7,130	-7,117	-7,028	-6,977	-6,948	-6,919	-6,912	-6,897	-6,892	-6,878	-6,854	-6,831	-6,785	-6,732	0,020	0,037	0,079	0,128	0,117	0,089	0,091	0,084	0,079	0,075	0,080	0,087	0,101	0,103	0,078	0,000	0,000
8,000	-20,091	-20,413	-20,399	-20,566	-20,564	-20,620	-20,645	-20,680	-20,691	-20,736	-20,745	-20,757	-20,757	-20,710	-20,646	-0,581	-0,336	-0,317	-0,210	-0,155	-0,145	-0,127	-0,129	-0,101	-0,085	-0,036	0,007	0,031	0,077	0,073	0,000	0,000
9,000	-9,802	-9,773	-9,691	-9,483	-9,340	-9,233	-9,173	-9,127	-9,080	-9,040	-8,993	-8,933	-8,850	-8,726	-8,581	0,018	0,149	0,239	0,343	0,343	0,307	0,291	0,264	0,247	0,242	0,264	0,282	0,294	0,302	0,227	0,000	0,000
10,000	-9,840	-9,858	-9,777	-9,657	-9,583	-9,549	-9,526	-9,506	-9,478	-9,471	-9,446	-9,412	-9,351	-9,260	-9,147	-0,147	0,065	0,103	0,157	0,145	0,130	0,129	0,121	0,121	0,128	0,150	0,171	0,201	0,212	0,168	0,000	0,000
11,000	-9,944	-9,874	-9,851	-9,720	-9,648	-9,591	-9,563	-9,541	-9,512	-9,487	-9,453	-9,409	-9,343	-9,242	-9,121	-0,015	0,077	0,118	0,185	0,183	0,164	0,160	0,151	0,153	0,165	0,184	0,208	0,222	0,236	0,179	0,000	0,000
12,000	-15,082	-15,083	-15,070	-15,004	-14,954	-14,936	-14,928	-14,927	-14,918	-14,929	-14,912	-14,883	-14,840	-14,749	-14,653	-0,090	-0,002	0,037	0,080	0,079	0,057	0,053	0,051	0,058	0,071	0,101	0,136	0,165	0,192	0,149	0,000	0,000
13,000	-7,620	-7,590	-7,541	-7,530	-7,509	-7,497	-7,475	-7,458	-7,437	-7,404	-7,361	-7,300	-7,219	-7,092	-6,929	0,268	0,176	0,129	0,092	0,101	0,109	0,120	0,131	0,149	0,177	0,207	0,248	0,289	0,305	0,238	0,000	0,000
14,000	-10,869	-10,687	-10,680	-10,602	-10,598	-10,555	-10,544	-10,548	-10,533	-10,530	-10,515	-10,480	-10,400	-10,270	-10,100	0,402	0,207	0,176	0,128	0,104	0,087	0,088	0,088	0,095	0,108	0,147	0,203	0,264	0,297	0,239	0,000	0,000
15,000	-9,086	-9,196	-9,129	-9,120	-9,087	-9,087	-9,074	-9,059	-9,048	-9,034	-9,010	-8,983	-8,940	-8,875	-8,796	-0,187	-0,016	-0,013	0,040	0,044	0,062	0,063	0,072	0,075	0,095	0,111	0,121	0,140	0,153	0,120	0,000	0,000
	run	18	2022:11:08    11:52:58,107
0,000	-13,386	-13,447	-13,503	-13,591	-13,623	-13,642	-13,656	-13,661	-13,667	-13,678	-13,665	-13,647	-13,600	-13,516	-13,410	-0,198	-0,180	-0,172	-0,123	-0,098	-0,070	-0,045	-0,022	-0,000	0,027	0,061	0,107	0,151	0,174	0,140	0,000	0,000
1,000	-16,928	-16,889	-16,766	-16,531	-16,342	-16,211	-16,139	-16,074	-16,004	-15,970	-15,906	-15,850	-15,795	-15,691	-15,583	0,099	0,256	0,320	0,433	0,434	0,381	0,355	0,325	0,301	0,268	0,258	0,258	0,251	0,245	0,175	0,000	0,000
2,000	-10,407	-10,398	-10,351	-10,209	-10,102	-10,028	-9,977	-9,940	-9,882	-9,848	-9,780	-9,703	-9,603	-9,452	-9,285	0,073	0,135	0,183	0,266	0,267	0,248	0,257	0,252	0,251	0,264	0,292	0,328	0,349	0,348	0,262	0,000	0,000
3,000	-20,842	-20,789	-20,666	-20,314	-20,093	-19,945	-19,876	-19,817	-19,764	-19,752	-19,715	-19,673	-19,623	-19,511	-19,386	0,132	0,342	0,419	0,535	0,505	0,410	0,355	0,302	0,261	0,223	0,215	0,235	0,240	0,254	0,189	0,000	0,000
4,000	-11,090	-11,144	-11,043	-11,052	-11,022	-11,021	-11,021	-11,021	-11,009	-10,987	-10,954	-10,877	-10,741	-10,526	-10,235	-0,187	-0,005	-0,016	0,036	0,048	0,058	0,083	0,102	0,136	0,191	0,279	0,364	0,457	0,508	0,415	0,000	0,000
5,000	-12,381	-12,389	-12,511	-12,551	-12,519	-12,515	-12,494	-12,495	-12,469	-12,467	-12,421	-12,342	-12,215	-11,980	-11,679	-0,113	-0,172	-0,130	-0,008	0,027	0,044	0,071	0,105	0,142	0,187	0,273	0,372	0,468	0,521	0,420	0,000	0,000
6,000	-8,633	-8,619	-8,538	-8,401	-8,307	-8,241	-8,220	-8,192	-8,150	-8,130	-8,072	-8,017	-7,932	-7,787	-7,624	-0,048	0,109	0,156	0,223	0,214	0,198	0,195	0,194	0,203	0,211	0,244	0,284	0,303	0,323	0,253	0,000	0,000
7,000	-7,061	-7,014	-7,017	-6,930	-6,886	-6,846	-6,824	-6,816	-6,804	-6,800	-6,789	-6,776	-6,744	-6,703	-6,647	0,019	0,021	0,061	0,109	0,104	0,083	0,086	0,077	0,072	0,074	0,073	0,085	0,090	0,098	0,076	0,000	0,000
8,000	-19,740	-20,014	-19,971	-20,137	-20,136	-20,187	-20,210	-20,237	-20,255	-20,306	-20,309	-20,322	-20,325	-20,275	-20,218	-0,572	-0,303	-0,287	-0,192	-0,151	-0,139	-0,122	-0,116	-0,097	-0,076	-0,043	0,002	0,036	0,078	0,070	0,000	0,000
9,000	-9,526	-9,523	-9,451	-9,277	-9,141	-9,037	-8,980	-8,935	-8,887	-8,848	-8,799	-8,740	-8,664	-8,544	-8,410	-0,010	0,123	0,191	0,308	0,324	0,288	0,280	0,254	0,240	0,236	0,251	0,266	0,276	0,287	0,212	0,000	0,000
10,000	-9,500	-9,547	-9,460	-9,383	-9,312	-9,284	-9,262	-9,243	-9,220	-9,211	-9,188	-9,157	-9,101	-9,008	-8,901	-0,171	0,030	0,056	0,130	0,122	0,114	0,115	0,108	0,114	0,125	0,139	0,162	0,191	0,205	0,159	0,000	0,000
11,000	-9,627	-9,580	-9,555	-9,443	-9,375	-9,323	-9,292	-9,276	-9,241	-9,227	-9,180	-9,149	-9,086	-8,991	-8,876	-0,037	0,049	0,095	0,162	0,169	0,152	0,150	0,145	0,145	0,154	0,178	0,196	0,215	0,221	0,171	0,000	0,000
12,000	-14,946	-14,930	-14,914	-14,855	-14,811	-14,791	-14,785	-14,784	-14,774	-14,786	-14,767	-14,740	-14,700	-14,611	-14,506	-0,076	-0,001	0,036	0,078	0,077	0,050	0,054	0,047	0,065	0,067	0,106	0,136	0,164	0,184	0,147	0,000	0,000
13,000	-7,589	-7,555	-7,513	-7,502	-7,481	-7,463	-7,452	-7,429	-7,407	-7,378	-7,336	-7,275	-7,197	-7,068	-6,913	0,265	0,165	0,128	0,093	0,098	0,108	0,122	0,128	0,148	0,172	0,209	0,244	0,283	0,298	0,231	0,000	0,000
14,000	-10,874	-10,669	-10,694	-10,608	-10,595	-10,560	-10,547	-10,539	-10,531	-10,526	-10,511	-10,475	-10,401	-10,274	-10,099	0,429	0,193	0,188	0,130	0,112	0,092	0,095	0,081	0,099	0,116	0,153	0,213	0,268	0,298	0,247	0,000	0,000
15,000	-9,281	-9,396	-9,338	-9,314	-9,279	-9,269	-9,258	-9,243	-9,231	-9,220	-9,193	-9,165	-9,112	-9,050	-8,960	-0,208	-0,004	-0,002	0,039	0,047	0,069	0,069	0,078	0,080	0,095	0,117	0,133	0,151	0,163	0,130	0,000	0,000
	run	19	2022:11:08    11:52:58,208
0,000	-13,761	-13,835	-13,893	-13,985	-14,025	-14,043	-14,063	-14,070	-14,071	-14,085	-14,080	-14,054	-14,003	-13,917	-13,813	-0,212	-0,209	-0,182	-0,130	-0,108	-0,084	-0,054	-0,035	-0,009	0,021	0,064	0,109	0,156	0,180	0,144	0,000	0,000
1,000	-17,345	-17,307	-17,196	-16,926	-16,724	-16,593	-16,514	-16,454	-16,385	-16,348	-16,281	-16,227	-16,165	-16,057	-15,943	0,134	0,289	0,369	0,450	0,446	0,403	0,372	0,337	0,312	0,275	0,270	0,269	0,262	0,251	0,189	0,000	0,000
2,000	-10,637	-10,613	-10,574	-10,419	-10,311	-10,232	-10,190	-10,140	-10,090	-10,046	-9,980	-9,891	-9,788	-9,625	-9,441	0,085	0,156	0,193	0,273	0,272	0,253	0,263	0,260	0,268	0,276	0,314	0,349	0,374	0,371	0,283	0,000	0,000
3,000	-21,539	-21,443	-21,303	-20,923	-20,687	-20,551	-20,477	-20,422	-20,375	-20,369	-20,330	-20,286	-20,231	-20,123	-19,992	0,244	0,428	0,495	0,571	0,521	0,418	0,360	0,303	0,261	0,213	0,216	0,233	0,242	0,259	0,196	0,000	0,000
4,000	-11,246	-11,321	-11,245	-11,251	-11,223	-11,224	-11,224	-11,223	-11,213	-11,191	-11,154	-11,076	-10,936	-10,708	-10,410	-0,191	-0,022	-0,024	0,029	0,049	0,062	0,089	0,098	0,136	0,200	0,282	0,376	0,464	0,521	0,422	0,000	0,000
5,000	-12,631	-12,634	-12,759	-12,792	-12,776	-12,753	-12,739	-12,744	-12,715	-12,722	-12,665	-12,587	-12,461	-12,208	-11,911	-0,125	-0,170	-0,124	-0,006	0,030	0,034	0,073	0,106	0,138	0,188	0,286	0,373	0,471	0,532	0,431	0,000	0,000
6,000	-8,670	-8,666	-8,576	-8,438	-8,344	-8,285	-8,254	-8,234	-8,188	-8,162	-8,113	-8,051	-7,968	-7,826	-7,661	-0,035	0,116	0,167	0,229	0,223	0,195	0,193	0,194	0,198	0,207	0,245	0,278	0,310	0,326	0,249	0,000	0,000
7,000	-7,031	-6,982	-7,002	-6,908	-6,865	-6,823	-6,808	-6,799	-6,789	-6,777	-6,767	-6,750	-6,732	-6,689	-6,640	-0,002	0,016	0,052	0,112	0,106	0,084	0,082	0,075	0,073	0,068	0,074	0,079	0,086	0,093	0,071	0,000	0,000
8,000	-19,449	-19,743	-19,702	-19,863	-19,849	-19,894	-19,930	-19,953	-19,971	-20,016	-20,030	-20,040	-20,038	-20,000	-19,947	-0,598	-0,284	-0,277	-0,176	-0,137	-0,129	-0,124	-0,114	-0,100	-0,084	-0,041	-0,001	0,026	0,067	0,067	0,000	0,000
9,000	-9,362	-9,342	-9,301	-9,130	-9,011	-8,911	-8,854	-8,812	-8,763	-8,725	-8,680	-8,623	-8,542	-8,431	-8,296	-0,019	0,096	0,159	0,280	0,298	0,277	0,268	0,245	0,230	0,230	0,248	0,258	0,272	0,278	0,210	0,000	0,000
10,000	-9,248	-9,293	-9,225	-9,160	-9,099	-9,079	-9,058	-9,043	-9,022	-9,018	-8,995	-8,958	-8,906	-8,813	-8,712	-0,176	0,011	0,044	0,107	0,099	0,097	0,098	0,100	0,100	0,113	0,136	0,160	0,186	0,199	0,160	0,000	0,000
11,000	-9,577	-9,532	-9,515	-9,408	-9,350	-9,294	-9,265	-9,245	-9,221	-9,195	-9,161	-9,118	-9,056	-8,965	-8,857	-0,054	0,040	0,080	0,155	0,159	0,146	0,144	0,137	0,146	0,155	0,172	0,194	0,207	0,222	0,166	0,000	0,000
12,000	-14,890	-14,871	-14,860	-14,793	-14,748	-14,727	-14,722	-14,725	-14,710	-14,727	-14,708	-14,681	-14,640	-14,555	-14,454	-0,072	0,004	0,043	0,079	0,077	0,047	0,053	0,053	0,059	0,064	0,098	0,131	0,156	0,186	0,148	0,000	0,000
13,000	-7,617	-7,536	-7,520	-7,496	-7,478	-7,461	-7,446	-7,429	-7,407	-7,379	-7,330	-7,272	-7,191	-7,065	-6,901	0,281	0,175	0,131	0,097	0,097	0,102	0,117	0,132	0,152	0,174	0,209	0,245	0,281	0,296	0,236	0,000	0,000
14,000	-10,982	-10,782	-10,794	-10,711	-10,695	-10,671	-10,646	-10,640	-10,631	-10,629	-10,612	-10,576	-10,496	-10,367	-10,188	0,362	0,209	0,190	0,142	0,124	0,096	0,098	0,089	0,103	0,114	0,159	0,221	0,273	0,308	0,249	0,000	0,000
15,000	-9,366	-9,461	-9,410	-9,391	-9,357	-9,349	-9,336	-9,322	-9,310	-9,293	-9,272	-9,238	-9,197	-9,127	-9,047	-0,203	-0,009	-0,008	0,035	0,049	0,068	0,063	0,073	0,075	0,091	0,118	0,130	0,148	0,158	0,128	0,000	0,000
	run	20	2022:11:08    11:52:58,309
0,000	-13,651	-13,706	-13,764	-13,856	-13,897	-13,920	-13,928	-13,933	-13,940	-13,957	-13,947	-13,918	-13,878	-13,783	-13,675	-0,210	-0,190	-0,182	-0,126	-0,110	-0,079	-0,048	-0,027	-0,002	0,020	0,067	0,113	0,159	0,181	0,149	0,000	0,000
1,000	-17,269	-17,224	-17,119	-16,853	-16,660	-16,523	-16,441	-16,382	-16,309	-16,267	-16,205	-16,148	-16,089	-15,980	-15,862	0,105	0,280	0,341	0,455	0,456	0,399	0,372	0,336	0,306	0,273	0,276	0,266	0,263	0,260	0,189	0,000	0,000
2,000	-10,627	-10,600	-10,552	-10,397	-10,289	-10,212	-10,168	-10,120	-10,069	-10,027	-9,960	-9,877	-9,774	-9,616	-9,434	0,089	0,161	0,197	0,267	0,270	0,255	0,260	0,259	0,267	0,278	0,305	0,341	0,362	0,368	0,275	0,000	0,000
3,000	-21,399	-21,329	-21,192	-20,822	-20,582	-20,443	-20,365	-20,311	-20,256	-20,249	-20,210	-20,169	-20,118	-20,001	-19,878	0,195	0,393	0,475	0,565	0,519	0,422	0,362	0,308	0,266	0,220	0,221	0,237	0,248	0,256	0,191	0,000	0,000
4,000	-11,270	-11,326	-11,245	-11,261	-11,236	-11,229	-11,227	-11,228	-11,219	-11,195	-11,152	-11,083	-10,942	-10,719	-10,419	-0,190	-0,021	-0,034	0,028	0,043	0,060	0,080	0,098	0,143	0,198	0,288	0,380	0,471	0,521	0,430	0,000	0,000
5,000	-12,470	-12,498	-12,612	-12,650	-12,629	-12,618	-12,616	-12,613	-12,582	-12,582	-12,538	-12,457	-12,333	-12,092	-11,792	-0,125	-0,170	-0,122	-0,014	0,021	0,030	0,072	0,097	0,142	0,177	0,276	0,379	0,460	0,519	0,418	0,000	0,000
6,000	-8,560	-8,562	-8,473	-8,339	-8,241	-8,187	-8,155	-8,124	-8,075	-8,069	-8,020	-7,950	-7,865	-7,728	-7,566	-0,046	0,112	0,158	0,227	0,215	0,193	0,199	0,190	0,200	0,203	0,243	0,281	0,309	0,321	0,250	0,000	0,000
7,000	-6,935	-6,892	-6,892	-6,829	-6,780	-6,748	-6,731	-6,724	-6,701	-6,697	-6,689	-6,671	-6,644	-6,603	-6,557	-0,007	0,014	0,053	0,102	0,097	0,073	0,082	0,074	0,073	0,069	0,073	0,084	0,093	0,098	0,072	0,000	0,000
8,000	-19,385	-19,642	-19,630	-19,757	-19,750	-19,800	-19,828	-19,847	-19,867	-19,908	-19,922	-19,932	-19,934	-19,890	-19,830	-0,565	-0,282	-0,266	-0,165	-0,131	-0,125	-0,115	-0,110	-0,093	-0,072	-0,037	-0,000	0,024	0,076	0,068	0,000	0,000
9,000	-9,325	-9,315	-9,258	-9,114	-8,993	-8,902	-8,844	-8,796	-8,749	-8,713	-8,669	-8,609	-8,533	-8,421	-8,283	-0,038	0,080	0,153	0,277	0,295	0,269	0,262	0,243	0,233	0,233	0,243	0,257	0,270	0,274	0,207	0,000	0,000
10,000	-9,329	-9,372	-9,301	-9,235	-9,172	-9,139	-9,119	-9,115	-9,084	-9,088	-9,059	-9,021	-8,964	-8,880	-8,774	-0,167	0,019	0,047	0,116	0,106	0,104	0,105	0,103	0,106	0,120	0,134	0,157	0,189	0,199	0,157	0,000	0,000
11,000	-9,635	-9,588	-9,571	-9,466	-9,397	-9,349	-9,320	-9,294	-9,267	-9,246	-9,209	-9,172	-9,110	-9,014	-8,904	-0,039	0,040	0,090	0,155	0,165	0,147	0,147	0,145	0,143	0,153	0,172	0,196	0,212	0,222	0,170	0,000	0,000
12,000	-14,882	-14,861	-14,841	-14,787	-14,737	-14,719	-14,713	-14,707	-14,693	-14,709	-14,691	-14,670	-14,628	-14,535	-14,436	-0,094	0,003	0,041	0,086	0,073	0,052	0,057	0,055	0,060	0,065	0,095	0,135	0,162	0,188	0,149	0,000	0,000
13,000	-7,611	-7,549	-7,516	-7,499	-7,482	-7,464	-7,446	-7,434	-7,410	-7,378	-7,328	-7,270	-7,194	-7,065	-6,910	0,284	0,167	0,136	0,093	0,100	0,107	0,119	0,131	0,153	0,178	0,213	0,247	0,283	0,296	0,236	0,000	0,000
14,000	-10,970	-10,810	-10,806	-10,729	-10,709	-10,685	-10,664	-10,658	-10,648	-10,646	-10,626	-10,590	-10,516	-10,385	-10,210	0,390	0,203	0,184	0,134	0,118	0,094	0,099	0,088	0,096	0,116	0,157	0,216	0,268	0,307	0,246	0,000	0,000
15,000	-9,216	-9,319	-9,268	-9,241	-9,210	-9,206	-9,197	-9,183	-9,170	-9,158	-9,134	-9,109	-9,062	-8,994	-8,914	-0,192	-0,008	-0,016	0,040	0,047	0,059	0,067	0,072	0,077	0,093	0,114	0,127	0,145	0,156	0,126	0,000	0,000
	run	21	2022:11:08    11:52:58,356
0,000	-13,394	-13,445	-13,505	-13,601	-13,634	-13,662	-13,670	-13,680	-13,678	-13,700	-13,686	-13,662	-13,615	-13,530	-13,428	-0,196	-0,194	-0,173	-0,113	-0,102	-0,076	-0,046	-0,022	-0,005	0,021	0,064	0,109	0,149	0,174	0,141	0,000	0,000
1,000	-16,958	-16,911	-16,812	-16,546	-16,363	-16,231	-16,154	-16,095	-16,027	-15,990	-15,937	-15,872	-15,816	-15,711	-15,603	0,099	0,266	0,329	0,445	0,432	0,386	0,356	0,326	0,300	0,269	0,260	0,257	0,255	0,247	0,182	0,000	0,000
2,000	-10,627	-10,600	-10,552	-10,397	-10,289	-10,212	-10,168	-10,120	-10,069	-10,027	-9,960	-9,877	-9,774	-9,616	-9,434	0,089	0,161	0,197	0,267	0,270	0,255	0,260	0,259	0,267	0,278	0,305	0,341	0,362	0,368	0,275	0,000	0,000
3,000	-21,399	-21,329	-21,192	-20,822	-20,582	-20,443	-20,365	-20,311	-20,256	-20,249	-20,210	-20,169	-20,118	-20,001	-19,878	0,195	0,393	0,475	0,565	0,519	0,422	0,362	0,308	0,266	0,220	0,221	0,237	0,248	0,256	0,191	0,000	0,000
4,000	-11,270	-11,326	-11,245	-11,261	-11,236	-11,229	-11,227	-11,228	-11,219	-11,195	-11,152	-11,083	-10,942	-10,719	-10,419	-0,190	-0,021	-0,034	0,028	0,043	0,060	0,080	0,098	0,143	0,198	0,288	0,380	0,471	0,521	0,430	0,000	0,000
5,000	-12,470	-12,498	-12,612	-12,650	-12,629	-12,618	-12,616	-12,613	-12,582	-12,582	-12,538	-12,457	-12,333	-12,092	-11,792	-0,125	-0,170	-0,122	-0,014	0,021	0,030	0,072	0,097	0,142	0,177	0,276	0,379	0,460	0,519	0,418	0,000	0,000
6,000	-8,560	-8,562	-8,473	-8,339	-8,241	-8,187	-8,155	-8,124	-8,075	-8,069	-8,020	-7,950	-7,865	-7,728	-7,566	-0,046	0,112	0,158	0,227	0,215	0,193	0,199	0,190	0,200	0,203	0,243	0,281	0,309	0,321	0,250	0,000	0,000
7,000	-6,935	-6,892	-6,892	-6,829	-6,780	-6,748	-6,731	-6,724	-6,701	-6,697	-6,689	-6,671	-6,644	-6,603	-6,557	-0,007	0,014	0,053	0,102	0,097	0,073	0,082	0,074	0,073	0,069	0,073	0,084	0,093	0,098	0,072	0,000	0,000
8,000	-19,572	-19,858	-19,824	-19,982	-19,965	-20,015	-20,040	-20,063	-20,090	-20,127	-20,138	-20,154	-20,154	-20,106	-20,047	-0,562	-0,305	-0,265	-0,178	-0,143	-0,130	-0,122	-0,109	-0,094	-0,078	-0,040	0,002	0,030	0,075	0,067	0,000	0,000
9,000	-9,531	-9,518	-9,455	-9,278	-9,138	-9,036	-8,978	-8,929	-8,884	-8,843	-8,792	-8,746	-8,662	-8,547	-8,410	-0,011	0,125	0,197	0,312	0,319	0,294	0,280	0,258	0,240	0,233	0,258	0,262	0,282	0,278	0,212	0,000	0,000
10,000	-9,695	-9,727	-9,637	-9,544	-9,469	-9,444	-9,418	-9,401	-9,377	-9,368	-9,342	-9,310	-9,247	-9,157	-9,056	-0,155	0,037	0,091	0,146	0,128	0,125	0,119	0,116	0,115	0,125	0,145	0,164	0,200	0,210	0,163	0,000	0,000
11,000	-9,826	-9,769	-9,747	-9,626	-9,551	-9,498	-9,468	-9,448	-9,420	-9,398	-9,358	-9,322	-9,258	-9,157	-9,046	-0,037	0,066	0,103	0,172	0,174	0,157	0,155	0,143	0,151	0,159	0,178	0,201	0,221	0,232	0,171	0,000	0,000
12,000	-15,072	-15,056	-15,043	-14,979	-14,931	-14,911	-14,902	-14,903	-14,888	-14,905	-14,883	-14,859	-14,818	-14,723	-14,622	-0,085	0,001	0,031	0,081	0,078	0,055	0,055	0,054	0,058	0,068	0,099	0,136	0,167	0,189	0,151	0,000	0,000
13,000	-7,614	-7,574	-7,538	-7,524	-7,503	-7,485	-7,473	-7,452	-7,433	-7,405	-7,354	-7,298	-7,220	-7,092	-6,930	0,276	0,180	0,130	0,090	0,097	0,109	0,120	0,136	0,147	0,175	0,210	0,243	0,281	0,298	0,233	0,000	0,000
14,000	-10,928	-10,693	-10,747	-10,651	-10,636	-10,604	-10,584	-10,584	-10,575	-10,572	-10,564	-10,521	-10,447	-10,315	-10,144	0,444	0,185	0,183	0,132	0,115	0,089	0,094	0,084	0,091	0,103	0,147	0,208	0,261	0,295	0,246	0,000	0,000
15,000	-9,192	-9,289	-9,227	-9,212	-9,181	-9,169	-9,155	-9,143	-9,129	-9,118	-9,095	-9,062	-9,020	-8,956	-8,871	-0,193	-0,010	-0,008	0,033	0,050	0,064	0,068	0,074	0,076	0,092	0,115	0,128	0,150	0,157	0,123	0,000	0,000
	run	22	2022:11:08    11:52:58,456
0,000	-13,235	-13,294	-13,348	-13,422	-13,455	-13,477	-13,489	-13,501	-13,499	-13,510	-13,504	-13,480	-13,444	-13,358	-13,259	-0,194	-0,190	-0,169	-0,117	-0,099	-0,069	-0,046	-0,024	-0,008	0,020	0,062	0,104	0,139	0,168	0,136	0,000	0,000
1,000	-16,516	-16,489	-16,394	-16,178	-16,002	-15,876	-15,804	-15,742	-15,677	-15,646	-15,586	-15,527	-15,473	-15,379	-15,273	0,075	0,225	0,280	0,393	0,400	0,361	0,336	0,305	0,284	0,259	0,248	0,248	0,240	0,235	0,164	0,000	0,000
2,000	-10,013	-10,011	-9,979	-9,846	-9,753	-9,673	-9,631	-9,588	-9,534	-9,500	-9,442	-9,366	-9,274	-9,135	-8,972	0,059	0,114	0,146	0,235	0,247	0,237	0,238	0,240	0,246	0,250	0,278	0,305	0,326	0,325	0,248	0,000	0,000
3,000	-20,217	-20,192	-20,109	-19,810	-19,600	-19,465	-19,391	-19,333	-19,285	-19,274	-19,237	-19,201	-19,148	-19,044	-18,924	0,102	0,266	0,355	0,478	0,456	0,375	0,333	0,285	0,248	0,208	0,205	0,221	0,230	0,240	0,180	0,000	0,000
4,000	-10,807	-10,866	-10,777	-10,775	-10,744	-10,746	-10,747	-10,740	-10,730	-10,718	-10,671	-10,608	-10,478	-10,281	-10,003	-0,189	0,008	0,005	0,044	0,057	0,061	0,082	0,089	0,127	0,183	0,268	0,345	0,425	0,475	0,392	0,000	0,000
5,000	-12,344	-12,395	-12,497	-12,543	-12,523	-12,510	-12,502	-12,494	-12,479	-12,478	-12,424	-12,341	-12,217	-11,979	-11,685	-0,135	-0,174	-0,139	-0,018	0,020	0,036	0,070	0,100	0,145	0,181	0,278	0,371	0,465	0,525	0,422	0,000	0,000
6,000	-8,651	-8,622	-8,551	-8,415	-8,313	-8,268	-8,235	-8,204	-8,165	-8,148	-8,088	-8,026	-7,936	-7,796	-7,624	-0,043	0,106	0,150	0,218	0,219	0,196	0,193	0,187	0,198	0,214	0,249	0,284	0,313	0,330	0,258	0,000	0,000
7,000	-7,135	-7,052	-7,054	-6,963	-6,915	-6,884	-6,858	-6,844	-6,829	-6,823	-6,816	-6,792	-6,783	-6,726	-6,681	0,006	0,030	0,080	0,127	0,115	0,090	0,087	0,083	0,079	0,070	0,076	0,086	0,093	0,100	0,074	0,000	0,000
8,000	-19,888	-20,183	-20,177	-20,349	-20,340	-20,397	-20,427	-20,445	-20,467	-20,514	-20,522	-20,536	-20,535	-20,493	-20,435	-0,574	-0,322	-0,305	-0,210	-0,161	-0,151	-0,129	-0,118	-0,097	-0,085	-0,041	-0,009	0,024	0,068	0,068	0,000	0,000
9,000	-9,739	-9,697	-9,643	-9,432	-9,299	-9,190	-9,134	-9,092	-9,039	-9,001	-8,951	-8,894	-8,809	-8,694	-8,542	-0,008	0,136	0,214	0,332	0,336	0,304	0,285	0,265	0,247	0,247	0,256	0,281	0,293	0,298	0,225	0,000	0,000
10,000	-9,632	-9,668	-9,586	-9,484	-9,413	-9,379	-9,349	-9,337	-9,308	-9,303	-9,281	-9,244	-9,182	-9,090	-8,979	-0,156	0,044	0,086	0,153	0,137	0,131	0,119	0,121	0,121	0,127	0,148	0,171	0,204	0,215	0,168	0,000	0,000
11,000	-9,893	-9,826	-9,793	-9,670	-9,599	-9,547	-9,515	-9,496	-9,466	-9,443	-9,408	-9,363	-9,296	-9,194	-9,081	-0,034	0,071	0,114	0,179	0,177	0,160	0,159	0,156	0,159	0,163	0,186	0,206	0,223	0,234	0,185	0,000	0,000
12,000	-15,322	-15,307	-15,290	-15,223	-15,175	-15,154	-15,151	-15,146	-15,136	-15,145	-15,127	-15,105	-15,065	-14,965	-14,858	-0,087	0,004	0,035	0,081	0,076	0,055	0,057	0,056	0,060	0,073	0,099	0,139	0,172	0,192	0,156	0,000	0,000
13,000	-7,784	-7,736	-7,692	-7,682	-7,651	-7,637	-7,618	-7,602	-7,579	-7,545	-7,500	-7,444	-7,358	-7,232	-7,069	0,287	0,180	0,138	0,097	0,099	0,109	0,124	0,134	0,154	0,185	0,219	0,255	0,289	0,305	0,242	0,000	0,000
14,000	-10,983	-10,769	-10,787	-10,707	-10,691	-10,665	-10,644	-10,644	-10,634	-10,636	-10,624	-10,581	-10,509	-10,384	-10,205	0,378	0,193	0,190	0,140	0,109	0,090	0,090	0,083	0,093	0,111	0,153	0,204	0,260	0,300	0,240	0,000	0,000
15,000	-9,083	-9,198	-9,138	-9,117	-9,087	-9,091	-9,074	-9,061	-9,047	-9,032	-9,013	-8,981	-8,937	-8,876	-8,799	-0,189	-0,014	-0,011	0,036	0,044	0,064	0,069	0,075	0,074	0,094	0,107	0,123	0,142	0,151	0,123	0,000	0,000
	run	23	2022:11:08    11:52:58,506
0,000	-13,235	-13,294	-13,348	-13,422	-13,455	-13,477	-13,489	-13,501	-13,499	-13,510	-13,504	-13,480	-13,444	-13,358	-13,259	-0,194	-0,190	-0,169	-0,117	-0,099	-0,069	-0,046	-0,024	-0,008	0,020	0,062	0,104	0,139	0,168	0,136	0,000	0,000
1,000	-16,516	-16,489	-16,394	-16,178	-16,002	-15,876	-15,804	-15,742	-15,677	-15,646	-15,586	-15,527	-15,473	-15,379	-15,273	0,075	0,225	0,280	0,393	0,400	0,361	0,336	0,305	0,284	0,259	0,248	0,248	0,240	0,235	0,164	0,000	0,000
2,000	-10,013	-10,011	-9,979	-9,846	-9,753	-9,673	-9,631	-9,588	-9,534	-9,500	-9,442	-9,366	-9,274	-9,135	-8,972	0,059	0,114	0,146	0,235	0,247	0,237	0,238	0,240	0,246	0,250	0,278	0,305	0,326	0,325	0,248	0,000	0,000
3,000	-20,217	-20,192	-20,109	-19,810	-19,600	-19,465	-19,391	-19,333	-19,285	-19,274	-19,237	-19,201	-19,148	-19,044	-18,924	0,102	0,266	0,355	0,478	0,456	0,375	0,333	0,285	0,248	0,208	0,205	0,221	0,230	0,240	0,180	0,000	0,000
4,000	-10,807	-10,866	-10,777	-10,775	-10,744	-10,746	-10,747	-10,740	-10,730	-10,718	-10,671	-10,608	-10,478	-10,281	-10,003	-0,189	0,008	0,005	0,044	0,057	0,061	0,082	0,089	0,127	0,183	0,268	0,345	0,425	0,475	0,392	0,000	0,000
5,000	-12,344	-12,395	-12,497	-12,543	-12,523	-12,510	-12,502	-12,494	-12,479	-12,478	-12,424	-12,341	-12,217	-11,979	-11,685	-0,135	-0,174	-0,139	-0,018	0,020	0,036	0,070	0,100	0,145	0,181	0,278	0,371	0,465	0,525	0,422	0,000	0,000
6,000	-8,814	-8,805	-8,711	-8,580	-8,486	-8,427	-8,395	-8,367	-8,325	-8,304	-8,259	-8,187	-8,095	-7,953	-7,774	-0,051	0,111	0,151	0,220	0,212	0,200	0,201	0,194	0,204	0,218	0,256	0,291	0,330	0,336	0,264	0,000	0,000
7,000	-7,323	-7,234	-7,229	-7,115	-7,054	-7,023	-7,004	-6,994	-6,974	-6,964	-6,962	-6,935	-6,918	-6,864	-6,817	0,037	0,054	0,100	0,148	0,122	0,097	0,096	0,086	0,079	0,074	0,076	0,091	0,095	0,103	0,075	0,000	0,000
8,000	-20,503	-20,820	-20,807	-21,007	-21,009	-21,063	-21,093	-21,115	-21,133	-21,177	-21,186	-21,206	-21,200	-21,151	-21,089	-0,580	-0,344	-0,337	-0,225	-0,167	-0,156	-0,136	-0,124	-0,098	-0,086	-0,045	-0,002	0,036	0,075	0,071	0,000	0,000
9,000	-9,845	-9,791	-9,713	-9,490	-9,345	-9,241	-9,180	-9,130	-9,086	-9,053	-8,998	-8,942	-8,858	-8,728	-8,583	0,039	0,179	0,251	0,355	0,353	0,309	0,293	0,263	0,253	0,252	0,269	0,286	0,302	0,306	0,230	0,000	0,000
10,000	-9,863	-9,881	-9,789	-9,672	-9,586	-9,550	-9,529	-9,512	-9,485	-9,475	-9,452	-9,411	-9,350	-9,252	-9,140	-0,151	0,079	0,115	0,178	0,156	0,142	0,134	0,129	0,126	0,136	0,154	0,178	0,211	0,225	0,177	0,000	0,000
11,000	-9,951	-9,883	-9,838	-9,707	-9,628	-9,576	-9,542	-9,521	-9,492	-9,471	-9,429	-9,386	-9,316	-9,215	-9,090	-0,008	0,098	0,133	0,191	0,193	0,170	0,167	0,158	0,159	0,164	0,191	0,217	0,232	0,246	0,187	0,000	0,000
12,000	-15,597	-15,579	-15,562	-15,510	-15,451	-15,440	-15,426	-15,430	-15,414	-15,430	-15,410	-15,383	-15,338	-15,244	-15,131	-0,094	0,000	0,033	0,083	0,076	0,049	0,062	0,055	0,059	0,075	0,106	0,146	0,177	0,200	0,160	0,000	0,000
13,000	-7,786	-7,745	-7,702	-7,685	-7,665	-7,645	-7,629	-7,614	-7,589	-7,561	-7,506	-7,454	-7,370	-7,238	-7,074	0,296	0,190	0,138	0,099	0,101	0,109	0,122	0,136	0,151	0,180	0,219	0,255	0,291	0,308	0,244	0,000	0,000
14,000	-11,019	-10,792	-10,830	-10,738	-10,717	-10,697	-10,674	-10,671	-10,662	-10,656	-10,647	-10,612	-10,535	-10,405	-10,231	0,431	0,196	0,192	0,136	0,110	0,094	0,090	0,089	0,091	0,107	0,144	0,205	0,260	0,298	0,246	0,000	0,000
15,000	-9,005	-9,106	-9,051	-9,040	-9,006	-9,007	-8,990	-8,980	-8,965	-8,953	-8,934	-8,905	-8,862	-8,804	-8,728	-0,186	-0,016	-0,007	0,036	0,045	0,062	0,060	0,067	0,073	0,083	0,105	0,115	0,134	0,142	0,114	0,000	0,000
	run	24	2022:11:08    11:52:58,608
0,000	-12,813	-12,859	-12,905	-12,989	-13,014	-13,034	-13,045	-13,049	-13,048	-13,069	-13,059	-13,028	-12,996	-12,920	-12,823	-0,189	-0,173	-0,151	-0,101	-0,091	-0,063	-0,040	-0,022	-0,001	0,020	0,058	0,098	0,135	0,159	0,130	0,000	0,000
1,000	-15,997	-16,016	-15,928	-15,733	-15,574	-15,453	-15,388	-15,330	-15,267	-15,232	-15,175	-15,120	-15,071	-14,977	-14,875	0,038	0,188	0,240	0,356	0,369	0,338	0,314	0,289	0,264	0,241	0,237	0,235	0,229	0,225	0,164	0,000	0,000
2,000	-9,826	-9,843	-9,807	-9,695	-9,596	-9,521	-9,483	-9,446	-9,390	-9,360	-9,292	-9,226	-9,139	-9,003	-8,853	0,046	0,109	0,143	0,227	0,242	0,228	0,229	0,228	0,233	0,241	0,268	0,292	0,312	0,314	0,236	0,000	0,000
3,000	-19,833	-19,837	-19,766	-19,482	-19,284	-19,155	-19,085	-19,031	-18,981	-18,969	-18,935	-18,895	-18,848	-18,749	-18,630	0,066	0,244	0,312	0,449	0,444	0,366	0,316	0,277	0,238	0,202	0,199	0,209	0,222	0,229	0,170	0,000	0,000
4,000	-10,755	-10,797	-10,707	-10,703	-10,676	-10,677	-10,676	-10,676	-10,668	-10,653	-10,603	-10,551	-10,422	-10,220	-9,954	-0,179	0,008	-0,006	0,039	0,057	0,065	0,079	0,089	0,128	0,174	0,263	0,339	0,415	0,464	0,382	0,000	0,000
5,000	-12,213	-12,245	-12,362	-12,407	-12,387	-12,376	-12,364	-12,364	-12,328	-12,331	-12,284	-12,206	-12,080	-11,843	-11,547	-0,109	-0,176	-0,133	-0,018	0,022	0,036	0,074	0,099	0,143	0,194	0,271	0,367	0,460	0,515	0,414	0,000	0,000
6,000	-8,724	-8,724	-8,642	-8,518	-8,426	-8,369	-8,344	-8,311	-8,276	-8,253	-8,194	-8,134	-8,042	-7,894	-7,723	-0,052	0,085	0,140	0,215	0,211	0,194	0,196	0,194	0,203	0,219	0,255	0,296	0,325	0,342	0,264	0,000	0,000
7,000	-7,359	-7,281	-7,256	-7,151	-7,095	-7,056	-7,038	-7,028	-7,014	-7,003	-6,995	-6,977	-6,943	-6,897	-6,839	0,048	0,074	0,104	0,152	0,128	0,100	0,097	0,082	0,086	0,078	0,084	0,097	0,105	0,115	0,085	0,000	0,000
8,000	-20,830	-21,159	-21,166	-21,378	-21,370	-21,430	-21,462	-21,479	-21,499	-21,548	-21,562	-21,571	-21,571	-21,513	-21,453	-0,618	-0,378	-0,358	-0,237	-0,177	-0,155	-0,145	-0,131	-0,101	-0,087	-0,043	0,003	0,035	0,086	0,076	0,000	0,000
9,000	-10,120	-10,033	-9,939	-9,693	-9,550	-9,438	-9,381	-9,333	-9,282	-9,248	-9,198	-9,137	-9,046	-8,914	-8,747	0,071	0,229	0,300	0,384	0,368	0,323	0,306	0,278	0,263	0,261	0,278	0,301	0,318	0,324	0,248	0,000	0,000
10,000	-10,221	-10,198	-10,091	-9,935	-9,847	-9,816	-9,791	-9,767	-9,742	-9,740	-9,711	-9,667	-9,606	-9,506	-9,383	-0,100	0,133	0,161	0,206	0,176	0,150	0,146	0,131	0,131	0,145	0,160	0,185	0,218	0,229	0,183	0,000	0,000
11,000	-10,229	-10,128	-10,099	-9,939	-9,862	-9,803	-9,772	-9,748	-9,714	-9,696	-9,656	-9,604	-9,539	-9,428	-9,296	0,023	0,122	0,164	0,208	0,202	0,176	0,174	0,166	0,167	0,178	0,206	0,223	0,245	0,257	0,200	0,000	0,000
12,000	-15,823	-15,795	-15,788	-15,723	-15,673	-15,653	-15,643	-15,641	-15,628	-15,643	-15,631	-15,600	-15,555	-15,453	-15,344	-0,090	-0,000	0,028	0,087	0,078	0,052	0,055	0,054	0,064	0,069	0,109	0,145	0,173	0,201	0,161	0,000	0,000
13,000	-7,841	-7,806	-7,776	-7,755	-7,726	-7,709	-7,691	-7,673	-7,648	-7,623	-7,576	-7,515	-7,429	-7,294	-7,134	0,294	0,181	0,142	0,102	0,097	0,108	0,121	0,137	0,152	0,181	0,224	0,255	0,298	0,312	0,250	0,000	0,000
14,000	-10,803	-10,590	-10,621	-10,533	-10,522	-10,487	-10,460	-10,464	-10,443	-10,449	-10,435	-10,404	-10,335	-10,206	-10,042	0,416	0,196	0,183	0,140	0,108	0,086	0,086	0,077	0,097	0,104	0,147	0,203	0,261	0,289	0,235	0,000	0,000
15,000	-8,900	-9,019	-8,959	-8,945	-8,915	-8,910	-8,900	-8,883	-8,872	-8,860	-8,841	-8,815	-8,776	-8,712	-8,638	-0,212	-0,017	-0,012	0,033	0,042	0,056	0,061	0,068	0,072	0,085	0,103	0,115	0,133	0,140	0,117	0,000	0,000
	run	25	2022:11:08    11:52:58,707
0,000	-12,862	-12,931	-12,975	-13,053	-13,082	-13,102	-13,112	-13,123	-13,117	-13,132	-13,127	-13,101	-13,065	-12,986	-12,890	-0,211	-0,182	-0,157	-0,103	-0,087	-0,067	-0,040	-0,026	-0,004	0,023	0,055	0,098	0,136	0,157	0,131	0,000	0,000
1,000	-16,096	-16,082	-15,992	-15,796	-15,629	-15,511	-15,446	-15,386	-15,321	-15,289	-15,232	-15,181	-15,125	-15,032	-14,933	0,050	0,197	0,263	0,363	0,377	0,334	0,320	0,294	0,270	0,246	0,236	0,233	0,227	0,229	0,163	0,000	0,000
2,000	-9,850	-9,851	-9,823	-9,712	-9,614	-9,539	-9,494	-9,456	-9,400	-9,372	-9,314	-9,245	-9,151	-9,015	-8,867	0,056	0,097	0,134	0,222	0,240	0,229	0,232	0,224	0,238	0,246	0,268	0,291	0,312	0,312	0,233	0,000	0,000
3,000	-19,942	-19,922	-19,858	-19,568	-19,368	-19,239	-19,168	-19,115	-19,061	-19,048	-19,009	-18,977	-18,924	-18,821	-18,707	0,085	0,251	0,318	0,453	0,440	0,364	0,326	0,278	0,240	0,207	0,200	0,216	0,231	0,238	0,176	0,000	0,000
4,000	-10,720	-10,764	-10,675	-10,667	-10,642	-10,632	-10,637	-10,635	-10,629	-10,609	-10,574	-10,499	-10,386	-10,181	-9,918	-0,188	0,004	-0,001	0,052	0,054	0,067	0,083	0,095	0,124	0,175	0,257	0,338	0,415	0,461	0,380	0,000	0,000
5,000	-12,131	-12,142	-12,261	-12,304	-12,289	-12,269	-12,264	-12,261	-12,231	-12,238	-12,192	-12,112	-11,980	-11,760	-11,468	-0,112	-0,178	-0,137	-0,022	0,020	0,039	0,066	0,103	0,137	0,179	0,270	0,360	0,449	0,505	0,405	0,000	0,000
6,000	-8,609	-8,607	-8,520	-8,403	-8,307	-8,253	-8,219	-8,186	-8,155	-8,128	-8,075	-8,016	-7,925	-7,781	-7,604	-0,043	0,092	0,140	0,214	0,210	0,187	0,196	0,187	0,199	0,215	0,250	0,288	0,319	0,336	0,262	0,000	0,000
7,000	-7,280	-7,210	-7,190	-7,083	-7,035	-6,993	-6,975	-6,966	-6,949	-6,946	-6,924	-6,904	-6,883	-6,827	-6,771	0,036	0,073	0,098	0,144	0,127	0,095	0,093	0,083	0,082	0,081	0,083	0,102	0,108	0,115	0,088	0,000	0,000
8,000	-20,815	-21,167	-21,173	-21,393	-21,391	-21,448	-21,476	-21,505	-21,519	-21,571	-21,578	-21,594	-21,596	-21,546	-21,482	-0,623	-0,380	-0,376	-0,246	-0,187	-0,161	-0,143	-0,136	-0,111	-0,090	-0,044	0,002	0,031	0,078	0,080	0,000	0,000
9,000	-10,218	-10,116	-10,005	-9,765	-9,619	-9,510	-9,452	-9,399	-9,360	-9,316	-9,264	-9,206	-9,111	-8,978	-8,819	0,093	0,230	0,317	0,386	0,372	0,328	0,305	0,275	0,266	0,262	0,281	0,301	0,323	0,326	0,249	0,000	0,000
10,000	-10,325	-10,287	-10,180	-10,017	-9,925	-9,891	-9,862	-9,844	-9,817	-9,812	-9,781	-9,741	-9,681	-9,578	-9,455	-0,077	0,141	0,176	0,213	0,183	0,156	0,146	0,140	0,137	0,144	0,166	0,190	0,223	0,235	0,187	0,000	0,000
11,000	-10,257	-10,156	-10,113	-9,964	-9,881	-9,824	-9,794	-9,769	-9,741	-9,717	-9,678	-9,629	-9,557	-9,449	-9,321	0,031	0,120	0,164	0,214	0,201	0,180	0,176	0,164	0,167	0,177	0,204	0,223	0,246	0,254	0,200	0,000	0,000
12,000	-16,009	-15,994	-15,976	-15,919	-15,871	-15,847	-15,841	-15,839	-15,826	-15,844	-15,825	-15,790	-15,747	-15,651	-15,537	-0,096	-0,006	0,039	0,082	0,076	0,055	0,059	0,059	0,063	0,071	0,110	0,145	0,180	0,201	0,162	0,000	0,000
13,000	-7,798	-7,766	-7,737	-7,718	-7,696	-7,675	-7,658	-7,638	-7,610	-7,590	-7,540	-7,483	-7,395	-7,264	-7,100	0,296	0,178	0,130	0,102	0,097	0,109	0,123	0,136	0,157	0,184	0,224	0,251	0,292	0,309	0,246	0,000	0,000
14,000	-10,678	-10,461	-10,496	-10,406	-10,390	-10,362	-10,340	-10,339	-10,327	-10,324	-10,316	-10,278	-10,207	-10,088	-9,918	0,439	0,199	0,181	0,139	0,110	0,092	0,095	0,087	0,095	0,116	0,145	0,196	0,250	0,286	0,238	0,000	0,000
15,000	-8,851	-8,972	-8,909	-8,908	-8,876	-8,867	-8,853	-8,843	-8,827	-8,816	-8,796	-8,770	-8,727	-8,667	-8,595	-0,212	-0,016	-0,020	0,030	0,042	0,059	0,060	0,066	0,069	0,086	0,107	0,118	0,133	0,144	0,115	0,000	0,000
	run	26	2022:11:08    11:52:58,754
0,000	-12,992	-13,054	-13,105	-13,180	-13,203	-13,227	-13,243	-13,250	-13,242	-13,260	-13,256	-13,232	-13,197	-13,116	-13,019	-0,187	-0,179	-0,158	-0,112	-0,087	-0,069	-0,046	-0,024	-0,007	0,019	0,056	0,100	0,130	0,158	0,126	0,000	0,000
1,000	-16,240	-16,215	-16,140	-15,939	-15,771	-15,653	-15,583	-15,519	-15,454	-15,427	-15,365	-15,311	-15,254	-15,162	-15,063	0,058	0,198	0,258	0,371	0,383	0,343	0,326	0,290	0,277	0,254	0,247	0,239	0,227	0,230	0,168	0,000	0,000
2,000	-9,850	-9,851	-9,823	-9,712	-9,614	-9,539	-9,494	-9,456	-9,400	-9,372	-9,314	-9,245	-9,151	-9,015	-8,867	0,056	0,097	0,134	0,222	0,240	0,229	0,232	0,224	0,238	0,246	0,268	0,291	0,312	0,312	0,233	0,000	0,000
3,000	-19,942	-19,922	-19,858	-19,568	-19,368	-19,239	-19,168	-19,115	-19,061	-19,048	-19,009	-18,977	-18,924	-18,821	-18,707	0,085	0,251	0,318	0,453	0,440	0,364	0,326	0,278	0,240	0,207	0,200	0,216	0,231	0,238	0,176	0,000	0,000
4,000	-10,720	-10,764	-10,675	-10,667	-10,642	-10,632	-10,637	-10,635	-10,629	-10,609	-10,574	-10,499	-10,386	-10,181	-9,918	-0,188	0,004	-0,001	0,052	0,054	0,067	0,083	0,095	0,124	0,175	0,257	0,338	0,415	0,461	0,380	0,000	0,000
5,000	-12,131	-12,142	-12,261	-12,304	-12,289	-12,269	-12,264	-12,261	-12,231	-12,238	-12,192	-12,112	-11,980	-11,760	-11,468	-0,112	-0,178	-0,137	-0,022	0,020	0,039	0,066	0,103	0,137	0,179	0,270	0,360	0,449	0,505	0,405	0,000	0,000
6,000	-8,609	-8,607	-8,520	-8,403	-8,307	-8,253	-8,219	-8,186	-8,155	-8,128	-8,075	-8,016	-7,925	-7,781	-7,604	-0,043	0,092	0,140	0,214	0,210	0,187	0,196	0,187	0,199	0,215	0,250	0,288	0,319	0,336	0,262	0,000	0,000
7,000	-7,280	-7,210	-7,190	-7,083	-7,035	-6,993	-6,975	-6,966	-6,949	-6,946	-6,924	-6,904	-6,883	-6,827	-6,771	0,036	0,073	0,098	0,144	0,127	0,095	0,093	0,083	0,082	0,081	0,083	0,102	0,108	0,115	0,088	0,000	0,000
8,000	-20,754	-21,066	-21,082	-21,276	-21,278	-21,328	-21,360	-21,385	-21,411	-21,454	-21,459	-21,476	-21,475	-21,419	-21,357	-0,613	-0,376	-0,360	-0,240	-0,177	-0,161	-0,143	-0,125	-0,104	-0,087	-0,039	0,005	0,037	0,082	0,079	0,000	0,000
9,000	-10,143	-10,068	-9,970	-9,736	-9,589	-9,485	-9,432	-9,383	-9,330	-9,291	-9,243	-9,181	-9,104	-8,961	-8,811	0,064	0,221	0,289	0,374	0,359	0,320	0,300	0,274	0,254	0,255	0,274	0,289	0,312	0,315	0,241	0,000	0,000
10,000	-10,091	-10,092	-9,977	-9,830	-9,748	-9,712	-9,685	-9,662	-9,639	-9,630	-9,602	-9,570	-9,495	-9,401	-9,285	-0,095	0,134	0,167	0,205	0,171	0,150	0,143	0,137	0,133	0,139	0,160	0,189	0,218	0,230	0,187	0,000	0,000
11,000	-10,128	-10,036	-9,993	-9,840	-9,764	-9,704	-9,674	-9,656	-9,618	-9,595	-9,559	-9,510	-9,440	-9,328	-9,203	0,016	0,116	0,162	0,210	0,195	0,176	0,174	0,168	0,164	0,176	0,197	0,224	0,248	0,253	0,192	0,000	0,000
12,000	-15,884	-15,872	-15,864	-15,808	-15,756	-15,735	-15,726	-15,727	-15,713	-15,723	-15,706	-15,681	-15,636	-15,538	-15,431	-0,098	-0,012	0,028	0,085	0,078	0,053	0,055	0,055	0,063	0,070	0,108	0,135	0,173	0,197	0,159	0,000	0,000
13,000	-7,838	-7,789	-7,754	-7,736	-7,706	-7,689	-7,678	-7,656	-7,631	-7,600	-7,555	-7,495	-7,411	-7,281	-7,114	0,301	0,194	0,143	0,099	0,102	0,111	0,120	0,138	0,153	0,182	0,219	0,256	0,295	0,310	0,244	0,000	0,000
14,000	-10,796	-10,594	-10,629	-10,533	-10,522	-10,485	-10,468	-10,463	-10,457	-10,450	-10,432	-10,394	-10,329	-10,203	-10,029	0,432	0,186	0,188	0,139	0,112	0,088	0,090	0,092	0,097	0,111	0,158	0,204	0,254	0,293	0,241	0,000	0,000
15,000	-9,015	-9,108	-9,054	-9,041	-9,010	-8,999	-8,987	-8,979	-8,964	-8,951	-8,929	-8,904	-8,866	-8,802	-8,728	-0,207	-0,012	-0,012	0,026	0,040	0,061	0,060	0,067	0,067	0,087	0,105	0,117	0,136	0,146	0,116	0,000	0,000
