Device: PM2003001		2022:11:08    11:37:16,601  (DLL version: 1.20;  Status: HW:v1.02 SW:v1.3 CRC:31ED BATTERY:4154mV ST:0 ERR:0000;  MUX data; S: 92 I:143 R:200.000 C:1.094p F:)
Excitation level, V:	2,00
Voltage Channel Gain:	5
Current Channel Gain:	1
Voltmeter Range, V:	0,6
Ampermeter Range, A:	15,0m
Step Period, ms:	5
R transimp:	200
C transimp:	1,1p
Measurement Table: 	EEPROM  16

Freq, Hz	1,0k	2,0k	3,0k	7,0k	11,0k	17,0k	23,0k	31,0k	43,0k	61,0k	89,0k	127,0k	179,0k	251,0k	349,0k	1,0k	2,0k	3,0k	7,0k	11,0k	17,0k	23,0k	31,0k	43,0k	61,0k	89,0k	127,0k	179,0k	251,0k	349,0k
	run	1	2022:11:08    11:37:16,603
MUX	Re1, ohm	Re2, ohm	Re3, ohm	Re4, ohm	Re5, ohm	Re6, ohm	Re7, ohm	Re8, ohm	Re9, ohm	Re10, ohm	Re11, ohm	Re12, ohm	Re13, ohm	Re14, ohm	Re15, ohm	Im1, ohm	Im2, ohm	Im3, ohm	Im4, ohm	Im5, ohm	Im6, ohm	Im7, ohm	Im8, ohm	Im9, ohm	Im10, ohm	Im11, ohm	Im12, ohm	Im13, ohm	Im14, ohm	Im15, ohm	U, V	I, mA

0,000	-9,006	-8,663	-8,562	-8,495	-8,471	-8,469	-8,465	-8,465	-8,454	-8,463	-8,455	-8,439	-8,416	-8,363	-8,303	1,527	0,855	0,598	0,277	0,176	0,123	0,099	0,078	0,070	0,060	0,067	0,089	0,099	0,112	0,088	0,000	0,000
1,000	-14,427	-14,093	-13,907	-13,608	-13,436	-13,305	-13,237	-13,170	-13,112	-13,070	-13,021	-12,976	-12,930	-12,871	-12,804	1,039	0,831	0,717	0,581	0,518	0,441	0,390	0,334	0,293	0,257	0,230	0,210	0,187	0,168	0,123	0,000	0,000
2,000	-10,265	-10,244	-10,223	-10,082	-9,977	-9,902	-9,862	-9,812	-9,766	-9,734	-9,678	-9,611	-9,532	-9,419	-9,291	-0,003	0,089	0,137	0,236	0,246	0,228	0,233	0,227	0,230	0,229	0,250	0,268	0,276	0,274	0,199	0,000	0,000
3,000	-20,513	-20,573	-20,558	-20,301	-20,114	-19,987	-19,919	-19,866	-19,812	-19,810	-19,779	-19,748	-19,713	-19,631	-19,544	-0,279	0,035	0,142	0,366	0,376	0,319	0,282	0,245	0,206	0,175	0,158	0,169	0,177	0,184	0,139	0,000	0,000
4,000	-11,279	-11,377	-11,286	-11,295	-11,259	-11,261	-11,264	-11,262	-11,257	-11,238	-11,207	-11,140	-11,026	-10,834	-10,584	-0,378	-0,084	-0,077	0,007	0,028	0,036	0,063	0,081	0,113	0,165	0,239	0,317	0,396	0,444	0,362	0,000	0,000
5,000	-12,431	-12,421	-12,570	-12,612	-12,610	-12,584	-12,571	-12,580	-12,550	-12,550	-12,500	-12,421	-12,289	-12,052	-11,752	-0,127	-0,214	-0,152	-0,026	0,008	0,035	0,068	0,098	0,144	0,191	0,283	0,369	0,466	0,524	0,420	0,000	0,000
6,000	-8,622	-8,612	-8,528	-8,398	-8,290	-8,242	-8,209	-8,181	-8,142	-8,117	-8,068	-8,001	-7,907	-7,750	-7,568	-0,025	0,125	0,159	0,228	0,228	0,198	0,200	0,194	0,209	0,220	0,258	0,304	0,337	0,358	0,275	0,000	0,000
7,000	-7,003	-6,938	-6,919	-6,830	-6,779	-6,742	-6,720	-6,709	-6,692	-6,689	-6,673	-6,652	-6,624	-6,571	-6,511	0,079	0,075	0,114	0,145	0,123	0,102	0,095	0,085	0,082	0,077	0,087	0,097	0,107	0,116	0,084	0,000	0,000
8,000	-20,003	-20,234	-20,224	-20,373	-20,367	-20,415	-20,449	-20,476	-20,494	-20,540	-20,551	-20,564	-20,554	-20,495	-20,427	-0,361	-0,210	-0,218	-0,166	-0,133	-0,126	-0,117	-0,110	-0,092	-0,072	-0,029	0,018	0,045	0,093	0,085	0,000	0,000
9,000	-9,803	-9,746	-9,667	-9,447	-9,298	-9,183	-9,117	-9,064	-9,012	-8,975	-8,912	-8,854	-8,771	-8,643	-8,487	0,086	0,207	0,280	0,383	0,374	0,334	0,316	0,287	0,277	0,268	0,283	0,287	0,312	0,312	0,239	0,000	0,000
10,000	-9,740	-9,701	-9,590	-9,429	-9,338	-9,302	-9,279	-9,258	-9,231	-9,232	-9,208	-9,165	-9,098	-8,997	-8,875	-0,005	0,196	0,199	0,223	0,185	0,162	0,145	0,142	0,133	0,148	0,162	0,188	0,223	0,237	0,188	0,000	0,000
11,000	-9,805	-9,695	-9,640	-9,482	-9,400	-9,343	-9,310	-9,290	-9,259	-9,232	-9,190	-9,142	-9,076	-8,960	-8,827	0,172	0,193	0,211	0,232	0,220	0,185	0,182	0,175	0,171	0,180	0,203	0,230	0,253	0,266	0,205	0,000	0,000
12,000	-15,246	-15,219	-15,185	-15,129	-15,078	-15,061	-15,051	-15,047	-15,036	-15,054	-15,025	-14,986	-14,927	-14,805	-14,665	0,065	0,081	0,087	0,105	0,092	0,072	0,072	0,073	0,080	0,093	0,131	0,185	0,229	0,261	0,207	0,000	0,000
13,000	-8,566	-8,581	-8,567	-8,572	-8,553	-8,537	-8,516	-8,500	-8,471	-8,439	-8,375	-8,306	-8,194	-8,029	-7,814	-0,025	-0,007	0,004	0,048	0,075	0,101	0,122	0,148	0,175	0,211	0,268	0,318	0,370	0,396	0,318	0,000	0,000
14,000	-11,944	-11,822	-11,893	-11,833	-11,811	-11,789	-11,775	-11,769	-11,762	-11,760	-11,758	-11,721	-11,645	-11,526	-11,352	-0,037	-0,081	-0,022	0,049	0,049	0,048	0,061	0,063	0,070	0,086	0,133	0,191	0,249	0,282	0,234	0,000	0,000
15,000	-7,122	-7,077	-6,960	-6,927	-6,887	-6,883	-6,875	-6,862	-6,848	-6,853	-6,845	-6,828	-6,805	-6,765	-6,729	0,542	0,415	0,271	0,153	0,121	0,096	0,083	0,074	0,064	0,066	0,065	0,071	0,081	0,085	0,066	0,000	0,000
	run	2	2022:11:08    11:37:16,699
0,000	-9,044	-8,701	-8,602	-8,539	-8,515	-8,507	-8,504	-8,503	-8,496	-8,501	-8,495	-8,481	-8,456	-8,401	-8,342	1,550	0,876	0,602	0,281	0,187	0,118	0,104	0,081	0,069	0,063	0,072	0,086	0,105	0,113	0,090	0,000	0,000
1,000	-14,208	-13,885	-13,681	-13,403	-13,236	-13,107	-13,039	-12,976	-12,920	-12,872	-12,832	-12,785	-12,741	-12,677	-12,613	1,036	0,813	0,692	0,565	0,508	0,426	0,379	0,329	0,286	0,252	0,226	0,207	0,185	0,175	0,125	0,000	0,000
2,000	-10,090	-10,081	-10,056	-9,919	-9,819	-9,750	-9,705	-9,668	-9,615	-9,583	-9,530	-9,463	-9,390	-9,277	-9,152	-0,010	0,086	0,145	0,227	0,237	0,224	0,226	0,219	0,221	0,222	0,245	0,259	0,263	0,265	0,190	0,000	0,000
3,000	-20,294	-20,402	-20,398	-20,162	-19,979	-19,856	-19,791	-19,734	-19,683	-19,676	-19,640	-19,611	-19,576	-19,491	-19,395	-0,288	-0,016	0,125	0,346	0,358	0,311	0,280	0,243	0,211	0,174	0,160	0,174	0,179	0,185	0,141	0,000	0,000
4,000	-10,969	-11,084	-10,985	-11,000	-10,956	-10,956	-10,957	-10,960	-10,951	-10,941	-10,906	-10,845	-10,732	-10,546	-10,306	-0,377	-0,079	-0,054	0,011	0,031	0,044	0,059	0,072	0,105	0,156	0,229	0,306	0,378	0,420	0,348	0,000	0,000
5,000	-12,418	-12,402	-12,566	-12,596	-12,592	-12,573	-12,555	-12,557	-12,532	-12,527	-12,482	-12,405	-12,269	-12,028	-11,725	-0,137	-0,208	-0,162	-0,031	0,002	0,033	0,074	0,096	0,147	0,195	0,275	0,379	0,476	0,534	0,428	0,000	0,000
6,000	-8,756	-8,754	-8,665	-8,535	-8,441	-8,378	-8,349	-8,323	-8,286	-8,256	-8,201	-8,138	-8,040	-7,874	-7,685	-0,033	0,117	0,153	0,227	0,220	0,199	0,200	0,197	0,210	0,224	0,265	0,313	0,355	0,370	0,288	0,000	0,000
7,000	-7,160	-7,082	-7,030	-6,921	-6,862	-6,832	-6,809	-6,802	-6,786	-6,780	-6,764	-6,740	-6,712	-6,655	-6,596	0,100	0,124	0,155	0,166	0,137	0,110	0,104	0,090	0,081	0,083	0,094	0,105	0,114	0,118	0,096	0,000	0,000
8,000	-20,273	-20,530	-20,534	-20,697	-20,702	-20,763	-20,794	-20,826	-20,842	-20,896	-20,902	-20,922	-20,910	-20,859	-20,792	-0,376	-0,243	-0,260	-0,192	-0,152	-0,149	-0,132	-0,121	-0,102	-0,088	-0,045	0,007	0,040	0,086	0,082	0,000	0,000
9,000	-9,894	-9,792	-9,692	-9,430	-9,284	-9,159	-9,098	-9,046	-8,992	-8,953	-8,893	-8,836	-8,750	-8,608	-8,446	0,146	0,267	0,333	0,406	0,396	0,348	0,328	0,294	0,273	0,271	0,285	0,304	0,327	0,329	0,256	0,000	0,000
10,000	-9,874	-9,836	-9,708	-9,547	-9,457	-9,420	-9,398	-9,382	-9,361	-9,354	-9,330	-9,284	-9,215	-9,119	-8,995	0,011	0,201	0,210	0,229	0,189	0,164	0,154	0,137	0,136	0,147	0,162	0,188	0,222	0,241	0,189	0,000	0,000
11,000	-9,777	-9,653	-9,599	-9,441	-9,358	-9,304	-9,276	-9,246	-9,216	-9,197	-9,154	-9,111	-9,034	-8,924	-8,790	0,175	0,200	0,215	0,238	0,221	0,188	0,181	0,167	0,174	0,182	0,212	0,232	0,254	0,265	0,205	0,000	0,000
12,000	-15,291	-15,257	-15,215	-15,154	-15,105	-15,083	-15,074	-15,075	-15,054	-15,072	-15,048	-15,014	-14,953	-14,832	-14,683	0,060	0,097	0,102	0,111	0,095	0,074	0,076	0,079	0,087	0,096	0,137	0,189	0,227	0,265	0,208	0,000	0,000
13,000	-8,429	-8,447	-8,435	-8,448	-8,431	-8,409	-8,388	-8,370	-8,346	-8,309	-8,252	-8,181	-8,069	-7,907	-7,692	-0,025	-0,018	-0,004	0,044	0,067	0,095	0,119	0,141	0,173	0,207	0,265	0,322	0,369	0,394	0,314	0,000	0,000
14,000	-11,999	-11,885	-11,952	-11,889	-11,886	-11,857	-11,839	-11,839	-11,828	-11,825	-11,816	-11,782	-11,707	-11,582	-11,420	-0,035	-0,086	-0,016	0,044	0,051	0,052	0,063	0,061	0,076	0,088	0,127	0,189	0,246	0,278	0,235	0,000	0,000
15,000	-7,023	-6,978	-6,852	-6,826	-6,780	-6,777	-6,769	-6,759	-6,746	-6,751	-6,741	-6,726	-6,704	-6,662	-6,627	0,529	0,399	0,263	0,157	0,116	0,094	0,076	0,070	0,063	0,062	0,063	0,065	0,080	0,078	0,064	0,000	0,000
	run	3	2022:11:08    11:37:16,748
0,000	-8,977	-8,646	-8,543	-8,476	-8,452	-8,446	-8,445	-8,442	-8,435	-8,437	-8,435	-8,419	-8,395	-8,345	-8,289	1,526	0,853	0,599	0,280	0,186	0,126	0,103	0,084	0,072	0,064	0,071	0,085	0,099	0,107	0,081	0,000	0,000
1,000	-14,261	-13,957	-13,757	-13,489	-13,326	-13,201	-13,126	-13,074	-13,012	-12,969	-12,918	-12,877	-12,830	-12,771	-12,698	1,013	0,806	0,685	0,551	0,498	0,425	0,377	0,324	0,286	0,254	0,226	0,204	0,187	0,174	0,126	0,000	0,000
2,000	-10,090	-10,081	-10,056	-9,919	-9,819	-9,750	-9,705	-9,668	-9,615	-9,583	-9,530	-9,463	-9,390	-9,277	-9,152	-0,010	0,086	0,145	0,227	0,237	0,224	0,226	0,219	0,221	0,222	0,245	0,259	0,263	0,265	0,190	0,000	0,000
3,000	-20,294	-20,402	-20,398	-20,162	-19,979	-19,856	-19,791	-19,734	-19,683	-19,676	-19,640	-19,611	-19,576	-19,491	-19,395	-0,288	-0,016	0,125	0,346	0,358	0,311	0,280	0,243	0,211	0,174	0,160	0,174	0,179	0,185	0,141	0,000	0,000
4,000	-10,969	-11,084	-10,985	-11,000	-10,956	-10,956	-10,957	-10,960	-10,951	-10,941	-10,906	-10,845	-10,732	-10,546	-10,306	-0,377	-0,079	-0,054	0,011	0,031	0,044	0,059	0,072	0,105	0,156	0,229	0,306	0,378	0,420	0,348	0,000	0,000
5,000	-12,418	-12,402	-12,566	-12,596	-12,592	-12,573	-12,555	-12,557	-12,532	-12,527	-12,482	-12,405	-12,269	-12,028	-11,725	-0,137	-0,208	-0,162	-0,031	0,002	0,033	0,074	0,096	0,147	0,195	0,275	0,379	0,476	0,534	0,428	0,000	0,000
6,000	-8,756	-8,754	-8,665	-8,535	-8,441	-8,378	-8,349	-8,323	-8,286	-8,256	-8,201	-8,138	-8,040	-7,874	-7,685	-0,033	0,117	0,153	0,227	0,220	0,199	0,200	0,197	0,210	0,224	0,265	0,313	0,355	0,370	0,288	0,000	0,000
7,000	-7,160	-7,082	-7,030	-6,921	-6,862	-6,832	-6,809	-6,802	-6,786	-6,780	-6,764	-6,740	-6,712	-6,655	-6,596	0,100	0,124	0,155	0,166	0,137	0,110	0,104	0,090	0,081	0,083	0,094	0,105	0,114	0,118	0,096	0,000	0,000
8,000	-20,622	-20,873	-20,892	-21,083	-21,084	-21,143	-21,170	-21,198	-21,220	-21,271	-21,279	-21,298	-21,291	-21,238	-21,168	-0,429	-0,276	-0,283	-0,210	-0,160	-0,156	-0,143	-0,126	-0,105	-0,083	-0,041	0,003	0,037	0,086	0,082	0,000	0,000
9,000	-9,906	-9,810	-9,699	-9,452	-9,298	-9,184	-9,117	-9,063	-9,013	-8,972	-8,924	-8,853	-8,770	-8,627	-8,470	0,171	0,271	0,346	0,396	0,394	0,350	0,324	0,292	0,277	0,274	0,279	0,301	0,321	0,328	0,250	0,000	0,000
10,000	-9,821	-9,788	-9,667	-9,505	-9,413	-9,382	-9,358	-9,339	-9,318	-9,313	-9,288	-9,247	-9,183	-9,080	-8,955	0,001	0,197	0,197	0,220	0,181	0,158	0,148	0,136	0,129	0,146	0,165	0,189	0,224	0,234	0,183	0,000	0,000
11,000	-9,762	-9,644	-9,601	-9,446	-9,360	-9,302	-9,272	-9,250	-9,215	-9,200	-9,150	-9,106	-9,031	-8,927	-8,784	0,160	0,195	0,211	0,231	0,224	0,189	0,184	0,172	0,172	0,178	0,206	0,230	0,253	0,263	0,199	0,000	0,000
12,000	-14,993	-14,964	-14,932	-14,868	-14,815	-14,797	-14,789	-14,786	-14,771	-14,786	-14,767	-14,729	-14,670	-14,554	-14,415	0,054	0,091	0,097	0,108	0,098	0,067	0,068	0,067	0,083	0,094	0,134	0,175	0,216	0,243	0,202	0,000	0,000
13,000	-8,406	-8,441	-8,423	-8,440	-8,419	-8,402	-8,387	-8,365	-8,337	-8,304	-8,244	-8,173	-8,066	-7,903	-7,688	-0,031	-0,013	-0,005	0,044	0,070	0,095	0,117	0,141	0,174	0,211	0,268	0,316	0,365	0,390	0,313	0,000	0,000
14,000	-11,919	-11,779	-11,865	-11,809	-11,796	-11,769	-11,754	-11,751	-11,744	-11,736	-11,727	-11,700	-11,625	-11,505	-11,338	-0,047	-0,096	-0,020	0,046	0,047	0,049	0,059	0,061	0,075	0,094	0,139	0,185	0,248	0,281	0,235	0,000	0,000
15,000	-7,106	-7,073	-6,941	-6,920	-6,869	-6,862	-6,857	-6,844	-6,831	-6,837	-6,823	-6,814	-6,783	-6,752	-6,714	0,540	0,405	0,267	0,162	0,121	0,093	0,077	0,078	0,065	0,063	0,066	0,065	0,080	0,080	0,061	0,000	0,000
	run	4	2022:11:08    11:37:16,848
0,000	-9,214	-8,863	-8,756	-8,687	-8,671	-8,664	-8,660	-8,664	-8,653	-8,660	-8,654	-8,636	-8,609	-8,555	-8,493	1,535	0,877	0,617	0,286	0,189	0,120	0,100	0,078	0,070	0,063	0,074	0,090	0,108	0,116	0,087	0,000	0,000
1,000	-14,725	-14,379	-14,164	-13,860	-13,667	-13,531	-13,453	-13,392	-13,333	-13,285	-13,236	-13,193	-13,145	-13,081	-13,003	1,070	0,864	0,735	0,609	0,546	0,462	0,411	0,351	0,308	0,270	0,236	0,218	0,200	0,187	0,133	0,000	0,000
2,000	-10,458	-10,433	-10,393	-10,251	-10,143	-10,069	-10,021	-9,982	-9,927	-9,900	-9,838	-9,771	-9,691	-9,563	-9,437	0,008	0,097	0,163	0,246	0,252	0,240	0,240	0,231	0,238	0,236	0,252	0,278	0,287	0,282	0,207	0,000	0,000
3,000	-21,015	-21,073	-21,018	-20,748	-20,551	-20,416	-20,350	-20,291	-20,243	-20,237	-20,202	-20,170	-20,127	-20,040	-19,946	-0,252	0,050	0,191	0,394	0,402	0,339	0,300	0,259	0,219	0,177	0,170	0,179	0,183	0,197	0,146	0,000	0,000
4,000	-11,125	-11,239	-11,148	-11,156	-11,126	-11,121	-11,124	-11,127	-11,120	-11,104	-11,069	-11,004	-10,888	-10,697	-10,450	-0,387	-0,094	-0,079	0,008	0,024	0,036	0,054	0,078	0,107	0,161	0,239	0,313	0,395	0,439	0,360	0,000	0,000
5,000	-12,509	-12,517	-12,656	-12,688	-12,691	-12,665	-12,651	-12,651	-12,626	-12,624	-12,587	-12,501	-12,362	-12,127	-11,818	-0,119	-0,219	-0,153	-0,028	0,007	0,034	0,070	0,103	0,140	0,190	0,278	0,379	0,471	0,529	0,427	0,000	0,000
6,000	-8,658	-8,636	-8,560	-8,422	-8,326	-8,266	-8,240	-8,215	-8,177	-8,157	-8,098	-8,042	-7,937	-7,787	-7,598	-0,039	0,118	0,156	0,218	0,224	0,197	0,198	0,203	0,208	0,219	0,259	0,298	0,334	0,355	0,277	0,000	0,000
7,000	-7,135	-7,072	-7,041	-6,951	-6,894	-6,855	-6,836	-6,822	-6,803	-6,798	-6,780	-6,759	-6,729	-6,671	-6,605	0,079	0,090	0,119	0,151	0,131	0,108	0,105	0,096	0,092	0,084	0,094	0,101	0,121	0,130	0,094	0,000	0,000
8,000	-20,080	-20,316	-20,294	-20,461	-20,462	-20,516	-20,544	-20,574	-20,595	-20,638	-20,649	-20,661	-20,654	-20,604	-20,532	-0,381	-0,234	-0,241	-0,175	-0,145	-0,141	-0,129	-0,117	-0,094	-0,076	-0,031	0,008	0,049	0,091	0,084	0,000	0,000
9,000	-9,900	-9,833	-9,752	-9,507	-9,361	-9,247	-9,178	-9,125	-9,075	-9,037	-8,968	-8,918	-8,830	-8,699	-8,543	0,125	0,233	0,297	0,394	0,383	0,340	0,321	0,292	0,280	0,267	0,276	0,301	0,316	0,320	0,241	0,000	0,000
10,000	-9,767	-9,746	-9,626	-9,473	-9,380	-9,347	-9,319	-9,308	-9,279	-9,278	-9,250	-9,211	-9,143	-9,041	-8,920	-0,013	0,179	0,203	0,220	0,182	0,155	0,149	0,137	0,127	0,142	0,161	0,188	0,220	0,237	0,187	0,000	0,000
11,000	-9,732	-9,611	-9,556	-9,412	-9,330	-9,271	-9,240	-9,217	-9,185	-9,164	-9,117	-9,078	-9,005	-8,895	-8,766	0,164	0,193	0,209	0,233	0,220	0,190	0,181	0,170	0,169	0,182	0,207	0,225	0,248	0,259	0,200	0,000	0,000
12,000	-15,015	-14,991	-14,963	-14,900	-14,853	-14,834	-14,828	-14,830	-14,815	-14,827	-14,812	-14,764	-14,709	-14,591	-14,446	0,046	0,082	0,098	0,104	0,088	0,072	0,071	0,073	0,079	0,094	0,142	0,182	0,225	0,256	0,206	0,000	0,000
13,000	-8,410	-8,425	-8,412	-8,420	-8,407	-8,388	-8,373	-8,352	-8,323	-8,293	-8,224	-8,167	-8,056	-7,886	-7,675	-0,027	-0,007	0,007	0,041	0,067	0,096	0,118	0,139	0,168	0,213	0,255	0,312	0,368	0,389	0,311	0,000	0,000
14,000	-12,021	-11,890	-11,971	-11,900	-11,895	-11,863	-11,848	-11,856	-11,844	-11,844	-11,820	-11,795	-11,724	-11,599	-11,428	-0,033	-0,088	-0,013	0,044	0,045	0,048	0,062	0,058	0,068	0,096	0,134	0,192	0,247	0,291	0,239	0,000	0,000
15,000	-7,162	-7,120	-7,005	-6,975	-6,931	-6,920	-6,918	-6,902	-6,888	-6,896	-6,879	-6,871	-6,843	-6,805	-6,767	0,541	0,406	0,264	0,161	0,119	0,092	0,082	0,072	0,063	0,064	0,070	0,067	0,081	0,083	0,066	0,000	0,000
	run	5	2022:11:08    11:37:16,900
0,000	-9,214	-8,863	-8,756	-8,687	-8,671	-8,664	-8,660	-8,664	-8,653	-8,660	-8,654	-8,636	-8,609	-8,555	-8,493	1,535	0,877	0,617	0,286	0,189	0,120	0,100	0,078	0,070	0,063	0,074	0,090	0,108	0,116	0,087	0,000	0,000
1,000	-14,725	-14,379	-14,164	-13,860	-13,667	-13,531	-13,453	-13,392	-13,333	-13,285	-13,236	-13,193	-13,145	-13,081	-13,003	1,070	0,864	0,735	0,609	0,546	0,462	0,411	0,351	0,308	0,270	0,236	0,218	0,200	0,187	0,133	0,000	0,000
2,000	-10,458	-10,433	-10,393	-10,251	-10,143	-10,069	-10,021	-9,982	-9,927	-9,900	-9,838	-9,771	-9,691	-9,563	-9,437	0,008	0,097	0,163	0,246	0,252	0,240	0,240	0,231	0,238	0,236	0,252	0,278	0,287	0,282	0,207	0,000	0,000
3,000	-21,015	-21,073	-21,018	-20,748	-20,551	-20,416	-20,350	-20,291	-20,243	-20,237	-20,202	-20,170	-20,127	-20,040	-19,946	-0,252	0,050	0,191	0,394	0,402	0,339	0,300	0,259	0,219	0,177	0,170	0,179	0,183	0,197	0,146	0,000	0,000
4,000	-11,125	-11,239	-11,148	-11,156	-11,126	-11,121	-11,124	-11,127	-11,120	-11,104	-11,069	-11,004	-10,888	-10,697	-10,450	-0,387	-0,094	-0,079	0,008	0,024	0,036	0,054	0,078	0,107	0,161	0,239	0,313	0,395	0,439	0,360	0,000	0,000
5,000	-12,509	-12,517	-12,656	-12,688	-12,691	-12,665	-12,651	-12,651	-12,626	-12,624	-12,587	-12,501	-12,362	-12,127	-11,818	-0,119	-0,219	-0,153	-0,028	0,007	0,034	0,070	0,103	0,140	0,190	0,278	0,379	0,471	0,529	0,427	0,000	0,000
6,000	-8,617	-8,599	-8,504	-8,380	-8,280	-8,225	-8,199	-8,163	-8,128	-8,111	-8,060	-7,993	-7,899	-7,747	-7,562	-0,035	0,121	0,167	0,228	0,218	0,196	0,202	0,192	0,203	0,215	0,259	0,298	0,330	0,349	0,274	0,000	0,000
7,000	-6,948	-6,884	-6,866	-6,776	-6,723	-6,687	-6,673	-6,654	-6,639	-6,637	-6,624	-6,600	-6,572	-6,521	-6,461	0,077	0,069	0,103	0,131	0,120	0,096	0,093	0,085	0,082	0,082	0,085	0,094	0,106	0,117	0,091	0,000	0,000
8,000	-19,589	-19,839	-19,799	-19,938	-19,927	-19,979	-20,015	-20,038	-20,064	-20,104	-20,115	-20,127	-20,119	-20,068	-20,005	-0,376	-0,195	-0,209	-0,153	-0,128	-0,131	-0,119	-0,113	-0,094	-0,077	-0,034	0,014	0,045	0,086	0,079	0,000	0,000
9,000	-9,456	-9,423	-9,352	-9,150	-9,015	-8,899	-8,834	-8,780	-8,734	-8,690	-8,640	-8,577	-8,497	-8,372	-8,222	0,087	0,187	0,252	0,358	0,353	0,321	0,309	0,281	0,258	0,255	0,274	0,284	0,299	0,303	0,230	0,000	0,000
10,000	-9,544	-9,537	-9,414	-9,269	-9,183	-9,149	-9,124	-9,109	-9,082	-9,085	-9,053	-9,019	-8,952	-8,859	-8,736	0,000	0,172	0,186	0,206	0,174	0,154	0,143	0,134	0,124	0,137	0,156	0,182	0,215	0,226	0,178	0,000	0,000
11,000	-9,683	-9,567	-9,529	-9,387	-9,304	-9,253	-9,223	-9,200	-9,166	-9,146	-9,108	-9,060	-8,991	-8,884	-8,756	0,157	0,179	0,193	0,219	0,211	0,178	0,176	0,164	0,163	0,173	0,200	0,218	0,242	0,253	0,197	0,000	0,000
12,000	-15,182	-15,151	-15,114	-15,055	-15,002	-14,979	-14,979	-14,973	-14,956	-14,967	-14,950	-14,911	-14,855	-14,738	-14,598	0,060	0,098	0,098	0,115	0,098	0,069	0,076	0,075	0,086	0,096	0,132	0,178	0,217	0,252	0,203	0,000	0,000
13,000	-8,443	-8,476	-8,455	-8,471	-8,450	-8,433	-8,417	-8,395	-8,370	-8,330	-8,278	-8,208	-8,100	-7,929	-7,724	-0,033	-0,011	-0,005	0,038	0,068	0,097	0,118	0,142	0,170	0,213	0,258	0,310	0,365	0,389	0,306	0,000	0,000
14,000	-11,959	-11,844	-11,918	-11,870	-11,860	-11,831	-11,815	-11,813	-11,808	-11,805	-11,790	-11,759	-11,689	-11,559	-11,389	-0,045	-0,095	-0,023	0,034	0,044	0,046	0,060	0,059	0,071	0,092	0,136	0,194	0,254	0,287	0,235	0,000	0,000
15,000	-7,175	-7,129	-7,008	-6,982	-6,936	-6,927	-6,919	-6,905	-6,897	-6,898	-6,884	-6,869	-6,840	-6,805	-6,760	0,545	0,411	0,270	0,162	0,123	0,098	0,083	0,081	0,068	0,070	0,073	0,074	0,089	0,092	0,073	0,000	0,000
	run	6	2022:11:08    11:37:17,000
0,000	-9,406	-9,048	-8,930	-8,860	-8,845	-8,842	-8,840	-8,837	-8,828	-8,833	-8,831	-8,813	-8,776	-8,726	-8,660	1,548	0,896	0,621	0,286	0,189	0,124	0,098	0,086	0,069	0,066	0,079	0,096	0,115	0,122	0,096	0,000	0,000
1,000	-15,235	-14,873	-14,646	-14,294	-14,089	-13,944	-13,865	-13,799	-13,735	-13,688	-13,636	-13,588	-13,539	-13,466	-13,390	1,139	0,928	0,808	0,664	0,586	0,490	0,436	0,377	0,325	0,285	0,261	0,236	0,208	0,192	0,141	0,000	0,000
2,000	-10,878	-10,843	-10,796	-10,628	-10,514	-10,439	-10,389	-10,347	-10,290	-10,256	-10,192	-10,123	-10,032	-9,899	-9,759	0,022	0,130	0,203	0,278	0,274	0,249	0,254	0,248	0,253	0,252	0,273	0,294	0,306	0,303	0,224	0,000	0,000
3,000	-21,812	-21,826	-21,731	-21,410	-21,204	-21,066	-20,987	-20,933	-20,883	-20,873	-20,843	-20,813	-20,770	-20,682	-20,586	-0,191	0,127	0,274	0,459	0,445	0,370	0,324	0,273	0,229	0,189	0,176	0,190	0,197	0,203	0,152	0,000	0,000
4,000	-11,490	-11,587	-11,505	-11,531	-11,498	-11,505	-11,508	-11,506	-11,502	-11,477	-11,448	-11,377	-11,257	-11,053	-10,786	-0,394	-0,099	-0,082	-0,001	0,018	0,040	0,056	0,077	0,115	0,168	0,253	0,333	0,413	0,461	0,381	0,000	0,000
5,000	-12,610	-12,590	-12,732	-12,769	-12,764	-12,744	-12,736	-12,732	-12,700	-12,711	-12,661	-12,578	-12,443	-12,200	-11,892	-0,111	-0,205	-0,146	-0,018	0,011	0,030	0,078	0,101	0,148	0,189	0,279	0,377	0,473	0,533	0,433	0,000	0,000
6,000	-8,577	-8,576	-8,483	-8,350	-8,249	-8,194	-8,167	-8,142	-8,098	-8,082	-8,022	-7,961	-7,871	-7,720	-7,532	-0,024	0,124	0,158	0,227	0,216	0,198	0,196	0,190	0,203	0,215	0,252	0,298	0,331	0,352	0,272	0,000	0,000
7,000	-6,876	-6,816	-6,792	-6,715	-6,661	-6,631	-6,614	-6,603	-6,580	-6,576	-6,559	-6,545	-6,521	-6,479	-6,425	0,065	0,067	0,099	0,138	0,115	0,094	0,096	0,081	0,083	0,077	0,076	0,089	0,096	0,102	0,081	0,000	0,000
8,000	-19,269	-19,490	-19,469	-19,607	-19,602	-19,654	-19,685	-19,709	-19,729	-19,772	-19,785	-19,797	-19,794	-19,751	-19,687	-0,351	-0,195	-0,195	-0,152	-0,131	-0,128	-0,120	-0,113	-0,097	-0,076	-0,042	0,004	0,033	0,081	0,071	0,000	0,000
9,000	-9,349	-9,316	-9,251	-9,067	-8,935	-8,824	-8,764	-8,710	-8,659	-8,618	-8,562	-8,513	-8,427	-8,310	-8,164	0,070	0,147	0,234	0,331	0,340	0,310	0,300	0,273	0,257	0,250	0,265	0,278	0,290	0,294	0,223	0,000	0,000
10,000	-9,316	-9,323	-9,223	-9,112	-9,039	-9,006	-8,984	-8,966	-8,942	-8,944	-8,918	-8,878	-8,820	-8,722	-8,607	-0,031	0,120	0,134	0,173	0,146	0,130	0,127	0,121	0,117	0,129	0,149	0,176	0,207	0,220	0,170	0,000	0,000
11,000	-9,596	-9,504	-9,462	-9,333	-9,253	-9,202	-9,172	-9,143	-9,119	-9,093	-9,059	-9,011	-8,948	-8,838	-8,712	0,145	0,160	0,180	0,210	0,197	0,175	0,171	0,158	0,166	0,169	0,190	0,218	0,238	0,250	0,192	0,000	0,000
12,000	-14,810	-14,782	-14,748	-14,689	-14,637	-14,621	-14,613	-14,611	-14,595	-14,614	-14,592	-14,554	-14,498	-14,383	-14,243	0,062	0,088	0,095	0,108	0,091	0,068	0,070	0,070	0,087	0,090	0,128	0,172	0,216	0,243	0,196	0,000	0,000
13,000	-8,405	-8,441	-8,426	-8,437	-8,417	-8,399	-8,386	-8,361	-8,335	-8,300	-8,248	-8,178	-8,071	-7,901	-7,690	-0,025	-0,011	0,005	0,038	0,069	0,092	0,117	0,144	0,169	0,207	0,258	0,311	0,369	0,386	0,310	0,000	0,000
14,000	-12,041	-11,935	-11,995	-11,947	-11,936	-11,913	-11,895	-11,890	-11,876	-11,885	-11,865	-11,835	-11,754	-11,637	-11,464	-0,058	-0,079	-0,012	0,043	0,051	0,053	0,062	0,074	0,080	0,097	0,143	0,199	0,253	0,292	0,246	0,000	0,000
15,000	-7,347	-7,282	-7,159	-7,124	-7,076	-7,068	-7,063	-7,051	-7,031	-7,038	-7,019	-7,006	-6,984	-6,941	-6,900	0,543	0,422	0,271	0,166	0,129	0,100	0,087	0,079	0,070	0,072	0,072	0,076	0,086	0,088	0,071	0,000	0,000
	run	7	2022:11:08    11:37:17,100
0,000	-9,525	-9,166	-9,062	-8,990	-8,969	-8,962	-8,956	-8,965	-8,956	-8,958	-8,950	-8,930	-8,908	-8,851	-8,787	1,584	0,906	0,634	0,295	0,194	0,124	0,099	0,085	0,076	0,068	0,078	0,099	0,113	0,121	0,094	0,000	0,000
1,000	-15,252	-14,893	-14,664	-14,304	-14,091	-13,948	-13,866	-13,799	-13,743	-13,697	-13,638	-13,599	-13,551	-13,484	-13,410	1,177	0,940	0,811	0,674	0,595	0,489	0,432	0,371	0,322	0,278	0,252	0,226	0,198	0,183	0,129	0,000	0,000
2,000	-10,858	-10,827	-10,784	-10,617	-10,508	-10,424	-10,375	-10,336	-10,281	-10,249	-10,178	-10,110	-10,023	-9,888	-9,746	0,017	0,127	0,189	0,268	0,271	0,250	0,252	0,249	0,253	0,252	0,273	0,298	0,309	0,305	0,226	0,000	0,000
3,000	-21,747	-21,771	-21,695	-21,363	-21,147	-21,005	-20,934	-20,879	-20,831	-20,824	-20,791	-20,757	-20,717	-20,630	-20,535	-0,168	0,130	0,280	0,458	0,446	0,369	0,318	0,276	0,232	0,183	0,175	0,191	0,194	0,205	0,148	0,000	0,000
4,000	-11,466	-11,594	-11,508	-11,545	-11,511	-11,515	-11,513	-11,514	-11,515	-11,489	-11,457	-11,391	-11,266	-11,060	-10,795	-0,390	-0,104	-0,098	-0,007	0,019	0,039	0,056	0,081	0,109	0,174	0,254	0,330	0,417	0,466	0,384	0,000	0,000
5,000	-12,742	-12,718	-12,864	-12,894	-12,879	-12,860	-12,850	-12,847	-12,821	-12,824	-12,780	-12,685	-12,555	-12,306	-12,002	-0,126	-0,216	-0,149	-0,019	0,013	0,033	0,072	0,104	0,148	0,192	0,281	0,388	0,485	0,542	0,441	0,000	0,000
6,000	-8,643	-8,639	-8,531	-8,408	-8,304	-8,251	-8,217	-8,196	-8,154	-8,129	-8,075	-8,016	-7,922	-7,768	-7,586	-0,030	0,133	0,160	0,232	0,219	0,197	0,199	0,195	0,205	0,218	0,257	0,295	0,334	0,356	0,276	0,000	0,000
7,000	-6,895	-6,850	-6,833	-6,754	-6,700	-6,665	-6,653	-6,639	-6,617	-6,612	-6,598	-6,584	-6,562	-6,509	-6,459	0,076	0,075	0,100	0,129	0,109	0,092	0,090	0,079	0,078	0,075	0,080	0,088	0,099	0,105	0,081	0,000	0,000
8,000	-19,223	-19,432	-19,397	-19,513	-19,495	-19,547	-19,577	-19,598	-19,620	-19,660	-19,674	-19,683	-19,681	-19,625	-19,565	-0,340	-0,176	-0,177	-0,130	-0,113	-0,117	-0,107	-0,105	-0,087	-0,070	-0,032	0,016	0,040	0,077	0,075	0,000	0,000
9,000	-9,383	-9,365	-9,303	-9,115	-8,980	-8,864	-8,803	-8,753	-8,704	-8,670	-8,612	-8,560	-8,476	-8,353	-8,207	0,077	0,164	0,234	0,339	0,344	0,314	0,303	0,274	0,251	0,250	0,262	0,274	0,292	0,295	0,222	0,000	0,000
10,000	-9,428	-9,421	-9,332	-9,212	-9,130	-9,104	-9,083	-9,063	-9,043	-9,036	-9,010	-8,973	-8,910	-8,815	-8,700	-0,030	0,131	0,155	0,177	0,154	0,137	0,129	0,127	0,121	0,130	0,150	0,169	0,206	0,215	0,171	0,000	0,000
11,000	-9,507	-9,418	-9,377	-9,252	-9,170	-9,119	-9,086	-9,065	-9,037	-9,013	-8,979	-8,932	-8,869	-8,767	-8,643	0,122	0,156	0,179	0,210	0,196	0,167	0,170	0,155	0,166	0,163	0,186	0,210	0,230	0,241	0,187	0,000	0,000
12,000	-14,688	-14,659	-14,629	-14,571	-14,523	-14,503	-14,497	-14,496	-14,480	-14,493	-14,462	-14,433	-14,374	-14,262	-14,121	0,059	0,089	0,095	0,098	0,096	0,068	0,070	0,066	0,086	0,093	0,135	0,178	0,218	0,249	0,196	0,000	0,000
13,000	-8,323	-8,310	-8,329	-8,332	-8,317	-8,300	-8,283	-8,266	-8,238	-8,198	-8,145	-8,083	-7,971	-7,810	-7,600	-0,017	-0,015	-0,001	0,036	0,067	0,089	0,114	0,133	0,166	0,208	0,258	0,309	0,356	0,386	0,309	0,000	0,000
14,000	-12,225	-12,129	-12,179	-12,126	-12,110	-12,086	-12,064	-12,065	-12,062	-12,061	-12,044	-12,010	-11,936	-11,810	-11,629	-0,092	-0,086	-0,011	0,048	0,053	0,054	0,060	0,063	0,082	0,095	0,143	0,197	0,257	0,298	0,247	0,000	0,000
15,000	-7,321	-7,267	-7,158	-7,125	-7,080	-7,070	-7,063	-7,052	-7,041	-7,049	-7,035	-7,016	-6,994	-6,951	-6,914	0,557	0,415	0,275	0,162	0,122	0,094	0,081	0,076	0,069	0,066	0,070	0,071	0,083	0,089	0,072	0,000	0,000
	run	8	2022:11:08    11:37:17,147
0,000	-9,416	-9,090	-8,984	-8,907	-8,886	-8,878	-8,879	-8,877	-8,867	-8,875	-8,868	-8,846	-8,823	-8,765	-8,700	1,558	0,887	0,626	0,286	0,188	0,123	0,101	0,082	0,074	0,068	0,078	0,093	0,109	0,120	0,094	0,000	0,000
1,000	-15,238	-14,887	-14,641	-14,296	-14,094	-13,945	-13,868	-13,803	-13,738	-13,688	-13,634	-13,592	-13,543	-13,480	-13,402	1,143	0,923	0,814	0,664	0,590	0,488	0,436	0,370	0,324	0,280	0,249	0,224	0,206	0,185	0,132	0,000	0,000
2,000	-10,858	-10,827	-10,784	-10,617	-10,508	-10,424	-10,375	-10,336	-10,281	-10,249	-10,178	-10,110	-10,023	-9,888	-9,746	0,017	0,127	0,189	0,268	0,271	0,250	0,252	0,249	0,253	0,252	0,273	0,298	0,309	0,305	0,226	0,000	0,000
3,000	-21,747	-21,771	-21,695	-21,363	-21,147	-21,005	-20,934	-20,879	-20,831	-20,824	-20,791	-20,757	-20,717	-20,630	-20,535	-0,168	0,130	0,280	0,458	0,446	0,369	0,318	0,276	0,232	0,183	0,175	0,191	0,194	0,205	0,148	0,000	0,000
4,000	-11,466	-11,594	-11,508	-11,545	-11,511	-11,515	-11,513	-11,514	-11,515	-11,489	-11,457	-11,391	-11,266	-11,060	-10,795	-0,390	-0,104	-0,098	-0,007	0,019	0,039	0,056	0,081	0,109	0,174	0,254	0,330	0,417	0,466	0,384	0,000	0,000
5,000	-12,742	-12,718	-12,864	-12,894	-12,879	-12,860	-12,850	-12,847	-12,821	-12,824	-12,780	-12,685	-12,555	-12,306	-12,002	-0,126	-0,216	-0,149	-0,019	0,013	0,033	0,072	0,104	0,148	0,192	0,281	0,388	0,485	0,542	0,441	0,000	0,000
6,000	-8,643	-8,639	-8,531	-8,408	-8,304	-8,251	-8,217	-8,196	-8,154	-8,129	-8,075	-8,016	-7,922	-7,768	-7,586	-0,030	0,133	0,160	0,232	0,219	0,197	0,199	0,195	0,205	0,218	0,257	0,295	0,334	0,356	0,276	0,000	0,000
7,000	-6,895	-6,850	-6,833	-6,754	-6,700	-6,665	-6,653	-6,639	-6,617	-6,612	-6,598	-6,584	-6,562	-6,509	-6,459	0,076	0,075	0,100	0,129	0,109	0,092	0,090	0,079	0,078	0,075	0,080	0,088	0,099	0,105	0,081	0,000	0,000
8,000	-19,371	-19,589	-19,547	-19,700	-19,679	-19,734	-19,771	-19,794	-19,813	-19,859	-19,873	-19,885	-19,879	-19,834	-19,768	-0,357	-0,186	-0,192	-0,149	-0,129	-0,129	-0,120	-0,113	-0,098	-0,076	-0,040	0,004	0,040	0,086	0,071	0,000	0,000
9,000	-9,405	-9,369	-9,296	-9,112	-8,985	-8,873	-8,810	-8,760	-8,709	-8,669	-8,613	-8,554	-8,480	-8,356	-8,212	0,086	0,179	0,235	0,331	0,337	0,312	0,300	0,274	0,257	0,248	0,263	0,280	0,290	0,296	0,223	0,000	0,000
10,000	-9,284	-9,293	-9,212	-9,106	-9,035	-9,003	-8,987	-8,970	-8,942	-8,943	-8,917	-8,887	-8,823	-8,729	-8,621	-0,045	0,113	0,122	0,160	0,138	0,128	0,122	0,118	0,113	0,121	0,144	0,170	0,205	0,213	0,171	0,000	0,000
11,000	-9,506	-9,419	-9,393	-9,262	-9,192	-9,140	-9,109	-9,090	-9,051	-9,034	-8,994	-8,953	-8,886	-8,783	-8,669	0,121	0,144	0,165	0,201	0,193	0,165	0,166	0,157	0,160	0,165	0,184	0,208	0,227	0,237	0,183	0,000	0,000
12,000	-14,483	-14,453	-14,410	-14,352	-14,292	-14,273	-14,270	-14,266	-14,249	-14,259	-14,238	-14,207	-14,151	-14,037	-13,903	0,075	0,102	0,107	0,121	0,101	0,070	0,075	0,076	0,080	0,093	0,124	0,176	0,211	0,240	0,187	0,000	0,000
13,000	-8,139	-8,216	-8,193	-8,217	-8,201	-8,188	-8,171	-8,151	-8,126	-8,090	-8,037	-7,969	-7,865	-7,707	-7,504	-0,068	-0,031	-0,023	0,029	0,060	0,089	0,112	0,131	0,165	0,202	0,246	0,295	0,348	0,372	0,297	0,000	0,000
14,000	-11,973	-11,824	-11,942	-11,880	-11,872	-11,840	-11,825	-11,829	-11,815	-11,816	-11,802	-11,769	-11,696	-11,570	-11,398	-0,016	-0,105	-0,026	0,046	0,050	0,050	0,057	0,059	0,069	0,101	0,138	0,196	0,254	0,293	0,238	0,000	0,000
15,000	-7,281	-7,229	-7,093	-7,066	-7,019	-7,013	-7,005	-6,984	-6,975	-6,979	-6,966	-6,950	-6,921	-6,884	-6,841	0,546	0,415	0,281	0,162	0,126	0,103	0,086	0,082	0,074	0,075	0,075	0,070	0,088	0,092	0,075	0,000	0,000
	run	9	2022:11:08    11:37:17,247
0,000	-9,205	-8,858	-8,761	-8,695	-8,672	-8,664	-8,661	-8,667	-8,656	-8,662	-8,655	-8,634	-8,611	-8,555	-8,494	1,540	0,879	0,602	0,285	0,184	0,119	0,099	0,080	0,070	0,069	0,074	0,089	0,107	0,116	0,092	0,000	0,000
1,000	-14,959	-14,608	-14,400	-14,068	-13,871	-13,728	-13,651	-13,586	-13,526	-13,481	-13,427	-13,384	-13,335	-13,271	-13,204	1,123	0,896	0,774	0,638	0,560	0,478	0,423	0,360	0,316	0,272	0,245	0,220	0,201	0,180	0,125	0,000	0,000
2,000	-10,674	-10,664	-10,611	-10,455	-10,338	-10,266	-10,220	-10,176	-10,119	-10,083	-10,028	-9,958	-9,870	-9,741	-9,606	-0,005	0,118	0,186	0,264	0,268	0,247	0,248	0,238	0,243	0,243	0,257	0,287	0,298	0,292	0,216	0,000	0,000
3,000	-21,363	-21,422	-21,368	-21,065	-20,856	-20,718	-20,643	-20,589	-20,534	-20,526	-20,496	-20,460	-20,423	-20,335	-20,235	-0,224	0,084	0,225	0,427	0,430	0,361	0,313	0,270	0,231	0,188	0,177	0,190	0,194	0,200	0,149	0,000	0,000
4,000	-11,375	-11,477	-11,408	-11,414	-11,387	-11,379	-11,386	-11,382	-11,376	-11,353	-11,327	-11,259	-11,134	-10,940	-10,676	-0,388	-0,113	-0,081	0,003	0,022	0,039	0,063	0,076	0,104	0,162	0,246	0,322	0,409	0,458	0,374	0,000	0,000
5,000	-12,646	-12,623	-12,773	-12,802	-12,795	-12,777	-12,760	-12,759	-12,732	-12,732	-12,678	-12,599	-12,471	-12,233	-11,925	-0,129	-0,204	-0,160	-0,022	0,013	0,026	0,073	0,099	0,141	0,184	0,286	0,374	0,464	0,538	0,432	0,000	0,000
6,000	-8,805	-8,797	-8,704	-8,567	-8,463	-8,410	-8,383	-8,353	-8,317	-8,292	-8,234	-8,178	-8,079	-7,921	-7,732	-0,016	0,133	0,174	0,229	0,224	0,201	0,200	0,197	0,204	0,221	0,260	0,307	0,344	0,357	0,282	0,000	0,000
7,000	-7,091	-7,020	-6,994	-6,901	-6,845	-6,805	-6,786	-6,776	-6,754	-6,750	-6,731	-6,711	-6,682	-6,634	-6,573	0,073	0,097	0,122	0,146	0,130	0,108	0,102	0,093	0,085	0,081	0,088	0,096	0,104	0,114	0,085	0,000	0,000
8,000	-19,696	-19,913	-19,906	-20,046	-20,058	-20,102	-20,134	-20,158	-20,184	-20,228	-20,245	-20,257	-20,246	-20,209	-20,143	-0,374	-0,220	-0,218	-0,169	-0,148	-0,140	-0,128	-0,118	-0,101	-0,083	-0,039	-0,002	0,041	0,078	0,078	0,000	0,000
9,000	-9,420	-9,387	-9,298	-9,091	-8,951	-8,834	-8,772	-8,721	-8,673	-8,627	-8,576	-8,520	-8,438	-8,314	-8,168	0,106	0,193	0,271	0,367	0,359	0,328	0,310	0,284	0,261	0,259	0,267	0,282	0,300	0,300	0,224	0,000	0,000
10,000	-9,295	-9,302	-9,212	-9,108	-9,036	-9,008	-8,987	-8,968	-8,948	-8,942	-8,917	-8,877	-8,822	-8,725	-8,610	-0,045	0,122	0,118	0,160	0,146	0,128	0,122	0,118	0,115	0,122	0,148	0,169	0,206	0,215	0,176	0,000	0,000
11,000	-9,326	-9,241	-9,209	-9,081	-9,004	-8,952	-8,919	-8,901	-8,866	-8,846	-8,803	-8,765	-8,698	-8,599	-8,473	0,127	0,143	0,175	0,203	0,193	0,170	0,165	0,160	0,162	0,165	0,187	0,214	0,230	0,240	0,184	0,000	0,000
12,000	-14,442	-14,401	-14,373	-14,314	-14,269	-14,250	-14,242	-14,243	-14,231	-14,243	-14,219	-14,189	-14,133	-14,014	-13,888	0,058	0,092	0,101	0,103	0,091	0,061	0,068	0,064	0,078	0,094	0,131	0,172	0,209	0,239	0,190	0,000	0,000
13,000	-8,233	-8,272	-8,265	-8,276	-8,251	-8,239	-8,223	-8,205	-8,177	-8,144	-8,087	-8,020	-7,911	-7,755	-7,549	-0,032	-0,024	-0,000	0,038	0,069	0,086	0,115	0,134	0,165	0,208	0,250	0,296	0,353	0,378	0,300	0,000	0,000
14,000	-11,866	-11,746	-11,807	-11,758	-11,755	-11,729	-11,707	-11,710	-11,705	-11,701	-11,688	-11,656	-11,587	-11,455	-11,290	-0,075	-0,100	-0,020	0,035	0,046	0,052	0,057	0,061	0,070	0,098	0,134	0,191	0,246	0,289	0,238	0,000	0,000
15,000	-7,174	-7,131	-7,004	-6,979	-6,930	-6,923	-6,917	-6,906	-6,887	-6,893	-6,884	-6,867	-6,845	-6,807	-6,766	0,536	0,414	0,263	0,162	0,119	0,094	0,085	0,077	0,073	0,064	0,068	0,071	0,085	0,089	0,066	0,000	0,000
	run	10	2022:11:08    11:37:17,299
0,000	-9,205	-8,858	-8,761	-8,695	-8,672	-8,664	-8,661	-8,667	-8,656	-8,662	-8,655	-8,634	-8,611	-8,555	-8,494	1,540	0,879	0,602	0,285	0,184	0,119	0,099	0,080	0,070	0,069	0,074	0,089	0,107	0,116	0,092	0,000	0,000
1,000	-14,959	-14,608	-14,400	-14,068	-13,871	-13,728	-13,651	-13,586	-13,526	-13,481	-13,427	-13,384	-13,335	-13,271	-13,204	1,123	0,896	0,774	0,638	0,560	0,478	0,423	0,360	0,316	0,272	0,245	0,220	0,201	0,180	0,125	0,000	0,000
2,000	-10,674	-10,664	-10,611	-10,455	-10,338	-10,266	-10,220	-10,176	-10,119	-10,083	-10,028	-9,958	-9,870	-9,741	-9,606	-0,005	0,118	0,186	0,264	0,268	0,247	0,248	0,238	0,243	0,243	0,257	0,287	0,298	0,292	0,216	0,000	0,000
3,000	-21,363	-21,422	-21,368	-21,065	-20,856	-20,718	-20,643	-20,589	-20,534	-20,526	-20,496	-20,460	-20,423	-20,335	-20,235	-0,224	0,084	0,225	0,427	0,430	0,361	0,313	0,270	0,231	0,188	0,177	0,190	0,194	0,200	0,149	0,000	0,000
4,000	-11,375	-11,477	-11,408	-11,414	-11,387	-11,379	-11,386	-11,382	-11,376	-11,353	-11,327	-11,259	-11,134	-10,940	-10,676	-0,388	-0,113	-0,081	0,003	0,022	0,039	0,063	0,076	0,104	0,162	0,246	0,322	0,409	0,458	0,374	0,000	0,000
5,000	-12,646	-12,623	-12,773	-12,802	-12,795	-12,777	-12,760	-12,759	-12,732	-12,732	-12,678	-12,599	-12,471	-12,233	-11,925	-0,129	-0,204	-0,160	-0,022	0,013	0,026	0,073	0,099	0,141	0,184	0,286	0,374	0,464	0,538	0,432	0,000	0,000
6,000	-8,700	-8,687	-8,611	-8,472	-8,373	-8,321	-8,293	-8,259	-8,227	-8,200	-8,147	-8,080	-7,987	-7,835	-7,651	-0,043	0,119	0,162	0,226	0,221	0,198	0,197	0,195	0,208	0,219	0,257	0,303	0,334	0,358	0,276	0,000	0,000
7,000	-7,039	-6,980	-6,955	-6,871	-6,811	-6,771	-6,761	-6,740	-6,731	-6,720	-6,703	-6,685	-6,655	-6,598	-6,539	0,072	0,075	0,103	0,143	0,123	0,104	0,095	0,093	0,087	0,082	0,093	0,099	0,119	0,119	0,090	0,000	0,000
8,000	-19,931	-20,151	-20,135	-20,281	-20,278	-20,334	-20,363	-20,383	-20,404	-20,451	-20,461	-20,474	-20,464	-20,423	-20,352	-0,369	-0,215	-0,218	-0,160	-0,130	-0,130	-0,116	-0,117	-0,097	-0,076	-0,030	0,008	0,052	0,095	0,082	0,000	0,000
9,000	-9,677	-9,624	-9,535	-9,299	-9,153	-9,036	-8,970	-8,919	-8,870	-8,832	-8,775	-8,718	-8,637	-8,513	-8,357	0,115	0,219	0,285	0,383	0,378	0,339	0,316	0,286	0,270	0,255	0,276	0,289	0,304	0,312	0,233	0,000	0,000
10,000	-9,576	-9,569	-9,457	-9,335	-9,250	-9,217	-9,194	-9,175	-9,152	-9,147	-9,120	-9,080	-9,012	-8,919	-8,796	-0,027	0,150	0,153	0,192	0,171	0,151	0,140	0,132	0,128	0,142	0,156	0,186	0,217	0,227	0,180	0,000	0,000
11,000	-9,644	-9,531	-9,490	-9,338	-9,257	-9,199	-9,167	-9,147	-9,114	-9,091	-9,050	-9,007	-8,937	-8,830	-8,699	0,146	0,177	0,198	0,227	0,216	0,182	0,180	0,166	0,171	0,176	0,198	0,221	0,246	0,254	0,195	0,000	0,000
12,000	-15,004	-14,977	-14,950	-14,895	-14,839	-14,823	-14,822	-14,816	-14,800	-14,810	-14,791	-14,751	-14,696	-14,577	-14,438	0,053	0,085	0,099	0,097	0,092	0,071	0,069	0,072	0,082	0,092	0,133	0,176	0,220	0,248	0,200	0,000	0,000
13,000	-8,370	-8,420	-8,400	-8,416	-8,392	-8,379	-8,362	-8,342	-8,313	-8,277	-8,226	-8,153	-8,045	-7,878	-7,668	-0,039	-0,008	0,005	0,039	0,069	0,096	0,118	0,142	0,168	0,207	0,265	0,310	0,362	0,387	0,312	0,000	0,000
14,000	-11,897	-11,788	-11,869	-11,806	-11,795	-11,769	-11,752	-11,753	-11,746	-11,741	-11,737	-11,701	-11,632	-11,505	-11,332	-0,042	-0,084	-0,026	0,040	0,047	0,046	0,056	0,061	0,075	0,092	0,126	0,188	0,250	0,285	0,230	0,000	0,000
15,000	-7,121	-7,088	-6,963	-6,933	-6,887	-6,881	-6,877	-6,866	-6,847	-6,857	-6,840	-6,825	-6,803	-6,762	-6,725	0,527	0,395	0,262	0,152	0,117	0,103	0,080	0,074	0,066	0,063	0,067	0,068	0,080	0,083	0,069	0,000	0,000
	run	11	2022:11:08    11:37:17,399
0,000	-9,064	-8,717	-8,620	-8,554	-8,535	-8,527	-8,528	-8,521	-8,514	-8,515	-8,511	-8,499	-8,472	-8,419	-8,361	1,536	0,872	0,607	0,280	0,188	0,121	0,101	0,083	0,069	0,066	0,075	0,089	0,103	0,111	0,092	0,000	0,000
1,000	-14,381	-14,053	-13,856	-13,566	-13,391	-13,258	-13,191	-13,125	-13,072	-13,025	-12,975	-12,936	-12,889	-12,831	-12,762	1,051	0,823	0,709	0,576	0,521	0,438	0,391	0,337	0,291	0,257	0,228	0,207	0,189	0,171	0,121	0,000	0,000
2,000	-10,262	-10,256	-10,229	-10,087	-9,986	-9,908	-9,867	-9,827	-9,776	-9,748	-9,686	-9,617	-9,542	-9,420	-9,290	-0,016	0,088	0,140	0,235	0,245	0,231	0,233	0,226	0,230	0,229	0,248	0,273	0,277	0,273	0,202	0,000	0,000
3,000	-20,769	-20,845	-20,818	-20,547	-20,362	-20,236	-20,169	-20,110	-20,066	-20,056	-20,024	-19,996	-19,959	-19,874	-19,783	-0,258	0,034	0,155	0,376	0,386	0,324	0,287	0,240	0,214	0,172	0,166	0,176	0,175	0,189	0,140	0,000	0,000
4,000	-11,225	-11,339	-11,241	-11,261	-11,230	-11,228	-11,236	-11,230	-11,229	-11,214	-11,176	-11,115	-10,996	-10,804	-10,552	-0,383	-0,097	-0,085	0,006	0,024	0,040	0,059	0,076	0,109	0,164	0,236	0,316	0,394	0,437	0,362	0,000	0,000
5,000	-12,495	-12,471	-12,622	-12,655	-12,651	-12,630	-12,619	-12,617	-12,586	-12,590	-12,550	-12,460	-12,336	-12,101	-11,798	-0,119	-0,202	-0,156	-0,034	0,005	0,030	0,072	0,102	0,139	0,187	0,273	0,364	0,461	0,521	0,425	0,000	0,000
6,000	-8,603	-8,588	-8,500	-8,364	-8,268	-8,217	-8,189	-8,157	-8,120	-8,097	-8,043	-7,977	-7,883	-7,730	-7,537	-0,033	0,127	0,164	0,224	0,215	0,197	0,201	0,197	0,207	0,221	0,255	0,299	0,339	0,358	0,282	0,000	0,000
7,000	-6,977	-6,918	-6,888	-6,789	-6,736	-6,698	-6,681	-6,667	-6,649	-6,648	-6,628	-6,608	-6,583	-6,530	-6,462	0,089	0,092	0,110	0,144	0,124	0,103	0,097	0,088	0,088	0,082	0,089	0,101	0,110	0,118	0,090	0,000	0,000
8,000	-19,809	-20,074	-20,060	-20,221	-20,219	-20,269	-20,306	-20,333	-20,352	-20,395	-20,406	-20,417	-20,420	-20,370	-20,298	-0,364	-0,231	-0,247	-0,187	-0,143	-0,143	-0,131	-0,124	-0,098	-0,080	-0,041	0,003	0,039	0,084	0,074	0,000	0,000
9,000	-9,780	-9,719	-9,625	-9,387	-9,234	-9,118	-9,056	-9,002	-8,954	-8,907	-8,853	-8,795	-8,709	-8,577	-8,417	0,115	0,220	0,290	0,384	0,382	0,336	0,323	0,290	0,271	0,265	0,275	0,297	0,319	0,325	0,245	0,000	0,000
10,000	-9,902	-9,835	-9,709	-9,535	-9,451	-9,416	-9,392	-9,374	-9,352	-9,348	-9,318	-9,282	-9,217	-9,109	-8,990	0,032	0,219	0,226	0,239	0,191	0,165	0,145	0,142	0,131	0,142	0,161	0,186	0,222	0,236	0,185	0,000	0,000
11,000	-9,987	-9,861	-9,797	-9,649	-9,568	-9,506	-9,476	-9,455	-9,420	-9,399	-9,362	-9,317	-9,238	-9,129	-8,998	0,183	0,205	0,218	0,239	0,222	0,190	0,182	0,171	0,174	0,184	0,199	0,233	0,253	0,265	0,203	0,000	0,000
12,000	-15,442	-15,421	-15,370	-15,310	-15,248	-15,232	-15,228	-15,224	-15,209	-15,223	-15,201	-15,163	-15,098	-14,981	-14,837	0,050	0,090	0,096	0,118	0,105	0,073	0,080	0,077	0,086	0,095	0,143	0,188	0,229	0,255	0,206	0,000	0,000
13,000	-8,472	-8,520	-8,496	-8,513	-8,492	-8,473	-8,458	-8,434	-8,405	-8,373	-8,317	-8,246	-8,138	-7,967	-7,756	-0,040	-0,012	0,010	0,040	0,068	0,101	0,123	0,145	0,172	0,214	0,265	0,314	0,368	0,394	0,316	0,000	0,000
14,000	-11,948	-11,848	-11,921	-11,861	-11,856	-11,826	-11,807	-11,811	-11,802	-11,795	-11,790	-11,753	-11,681	-11,561	-11,393	-0,040	-0,087	-0,019	0,039	0,046	0,046	0,053	0,056	0,071	0,096	0,134	0,185	0,241	0,286	0,232	0,000	0,000
15,000	-7,063	-7,031	-6,900	-6,878	-6,831	-6,824	-6,815	-6,805	-6,788	-6,795	-6,784	-6,770	-6,744	-6,705	-6,667	0,514	0,398	0,268	0,160	0,117	0,093	0,088	0,076	0,062	0,067	0,067	0,072	0,080	0,081	0,068	0,000	0,000
	run	12	2022:11:08    11:37:17,500
0,000	-8,983	-8,649	-8,549	-8,476	-8,455	-8,449	-8,445	-8,446	-8,437	-8,447	-8,443	-8,422	-8,395	-8,349	-8,293	1,523	0,859	0,602	0,274	0,179	0,124	0,100	0,078	0,070	0,061	0,070	0,087	0,100	0,110	0,082	0,000	0,000
1,000	-14,288	-13,962	-13,776	-13,499	-13,334	-13,207	-13,135	-13,076	-13,020	-12,974	-12,923	-12,885	-12,842	-12,776	-12,709	1,039	0,810	0,695	0,557	0,499	0,427	0,376	0,330	0,292	0,252	0,228	0,209	0,182	0,170	0,121	0,000	0,000
2,000	-10,134	-10,118	-10,097	-9,957	-9,846	-9,782	-9,738	-9,694	-9,643	-9,622	-9,562	-9,497	-9,425	-9,302	-9,180	-0,013	0,086	0,146	0,229	0,238	0,229	0,227	0,222	0,229	0,224	0,244	0,261	0,270	0,267	0,197	0,000	0,000
3,000	-20,410	-20,494	-20,482	-20,234	-20,044	-19,922	-19,856	-19,799	-19,755	-19,741	-19,710	-19,686	-19,650	-19,566	-19,478	-0,292	0,005	0,135	0,348	0,369	0,316	0,278	0,242	0,208	0,172	0,165	0,176	0,173	0,182	0,137	0,000	0,000
4,000	-10,983	-11,078	-10,995	-10,994	-10,960	-10,955	-10,955	-10,950	-10,951	-10,931	-10,903	-10,844	-10,732	-10,545	-10,307	-0,366	-0,088	-0,070	0,014	0,030	0,041	0,060	0,080	0,104	0,156	0,232	0,303	0,378	0,422	0,346	0,000	0,000
5,000	-12,225	-12,222	-12,339	-12,372	-12,373	-12,359	-12,341	-12,344	-12,314	-12,319	-12,266	-12,190	-12,066	-11,835	-11,537	-0,120	-0,208	-0,152	-0,029	0,003	0,031	0,065	0,105	0,139	0,190	0,275	0,364	0,459	0,508	0,414	0,000	0,000
6,000	-8,574	-8,569	-8,493	-8,367	-8,266	-8,220	-8,188	-8,163	-8,123	-8,107	-8,045	-7,983	-7,896	-7,738	-7,553	-0,034	0,107	0,149	0,214	0,214	0,187	0,196	0,190	0,200	0,213	0,256	0,295	0,331	0,357	0,272	0,000	0,000
7,000	-7,062	-6,998	-6,977	-6,877	-6,824	-6,789	-6,775	-6,758	-6,734	-6,735	-6,721	-6,693	-6,666	-6,613	-6,555	0,089	0,084	0,122	0,141	0,126	0,102	0,095	0,092	0,084	0,086	0,090	0,100	0,109	0,122	0,090	0,000	0,000
8,000	-19,998	-20,245	-20,223	-20,389	-20,384	-20,443	-20,474	-20,497	-20,521	-20,568	-20,577	-20,594	-20,587	-20,535	-20,464	-0,368	-0,233	-0,228	-0,174	-0,135	-0,142	-0,136	-0,119	-0,098	-0,075	-0,030	0,010	0,040	0,081	0,080	0,000	0,000
9,000	-9,907	-9,839	-9,755	-9,513	-9,369	-9,249	-9,182	-9,134	-9,077	-9,040	-8,981	-8,921	-8,832	-8,701	-8,541	0,125	0,227	0,296	0,393	0,381	0,342	0,322	0,290	0,279	0,270	0,286	0,294	0,320	0,323	0,244	0,000	0,000
10,000	-9,819	-9,772	-9,653	-9,484	-9,392	-9,357	-9,331	-9,313	-9,289	-9,288	-9,254	-9,217	-9,152	-9,046	-8,925	0,040	0,214	0,225	0,235	0,196	0,168	0,151	0,141	0,132	0,149	0,171	0,188	0,224	0,240	0,189	0,000	0,000
11,000	-9,848	-9,719	-9,677	-9,522	-9,439	-9,377	-9,350	-9,323	-9,292	-9,270	-9,228	-9,183	-9,110	-8,995	-8,860	0,174	0,214	0,214	0,237	0,224	0,192	0,185	0,167	0,174	0,182	0,207	0,230	0,257	0,265	0,206	0,000	0,000
12,000	-15,342	-15,318	-15,284	-15,229	-15,178	-15,160	-15,150	-15,149	-15,131	-15,147	-15,123	-15,084	-15,027	-14,902	-14,760	0,049	0,080	0,086	0,105	0,092	0,069	0,075	0,070	0,085	0,097	0,142	0,189	0,230	0,259	0,209	0,000	0,000
13,000	-8,646	-8,667	-8,652	-8,662	-8,637	-8,623	-8,605	-8,582	-8,556	-8,516	-8,465	-8,383	-8,275	-8,106	-7,882	-0,020	0,001	0,015	0,052	0,072	0,101	0,121	0,146	0,175	0,218	0,265	0,326	0,381	0,410	0,323	0,000	0,000
14,000	-12,100	-12,035	-12,083	-12,019	-12,008	-11,991	-11,971	-11,964	-11,955	-11,955	-11,946	-11,908	-11,843	-11,721	-11,540	-0,078	-0,082	-0,016	0,054	0,051	0,049	0,069	0,061	0,075	0,096	0,132	0,188	0,250	0,289	0,237	0,000	0,000
15,000	-7,149	-7,110	-6,980	-6,953	-6,908	-6,902	-6,897	-6,885	-6,875	-6,875	-6,865	-6,854	-6,829	-6,791	-6,756	0,547	0,410	0,262	0,156	0,116	0,092	0,080	0,074	0,063	0,062	0,064	0,068	0,075	0,080	0,065	0,000	0,000
	run	13	2022:11:08    11:37:17,547
0,000	-9,158	-8,841	-8,729	-8,656	-8,635	-8,629	-8,633	-8,622	-8,619	-8,626	-8,621	-8,602	-8,576	-8,523	-8,460	1,539	0,877	0,612	0,283	0,185	0,118	0,100	0,081	0,078	0,065	0,074	0,087	0,106	0,114	0,091	0,000	0,000
1,000	-14,490	-14,168	-13,952	-13,663	-13,487	-13,353	-13,279	-13,217	-13,163	-13,114	-13,067	-13,026	-12,980	-12,914	-12,845	1,050	0,836	0,720	0,591	0,524	0,443	0,396	0,340	0,295	0,262	0,232	0,214	0,191	0,177	0,130	0,000	0,000
2,000	-10,134	-10,118	-10,097	-9,957	-9,846	-9,782	-9,738	-9,694	-9,643	-9,622	-9,562	-9,497	-9,425	-9,302	-9,180	-0,013	0,086	0,146	0,229	0,238	0,229	0,227	0,222	0,229	0,224	0,244	0,261	0,270	0,267	0,197	0,000	0,000
3,000	-20,410	-20,494	-20,482	-20,234	-20,044	-19,922	-19,856	-19,799	-19,755	-19,741	-19,710	-19,686	-19,650	-19,566	-19,478	-0,292	0,005	0,135	0,348	0,369	0,316	0,278	0,242	0,208	0,172	0,165	0,176	0,173	0,182	0,137	0,000	0,000
4,000	-10,983	-11,078	-10,995	-10,994	-10,960	-10,955	-10,955	-10,950	-10,951	-10,931	-10,903	-10,844	-10,732	-10,545	-10,307	-0,366	-0,088	-0,070	0,014	0,030	0,041	0,060	0,080	0,104	0,156	0,232	0,303	0,378	0,422	0,346	0,000	0,000
5,000	-12,225	-12,222	-12,339	-12,372	-12,373	-12,359	-12,341	-12,344	-12,314	-12,319	-12,266	-12,190	-12,066	-11,835	-11,537	-0,120	-0,208	-0,152	-0,029	0,003	0,031	0,065	0,105	0,139	0,190	0,275	0,364	0,459	0,508	0,414	0,000	0,000
6,000	-8,574	-8,569	-8,493	-8,367	-8,266	-8,220	-8,188	-8,163	-8,123	-8,107	-8,045	-7,983	-7,896	-7,738	-7,553	-0,034	0,107	0,149	0,214	0,214	0,187	0,196	0,190	0,200	0,213	0,256	0,295	0,331	0,357	0,272	0,000	0,000
7,000	-7,062	-6,998	-6,977	-6,877	-6,824	-6,789	-6,775	-6,758	-6,734	-6,735	-6,721	-6,693	-6,666	-6,613	-6,555	0,089	0,084	0,122	0,141	0,126	0,102	0,095	0,092	0,084	0,086	0,090	0,100	0,109	0,122	0,090	0,000	0,000
8,000	-20,170	-20,410	-20,398	-20,562	-20,556	-20,606	-20,637	-20,668	-20,679	-20,726	-20,738	-20,751	-20,745	-20,692	-20,622	-0,377	-0,227	-0,230	-0,168	-0,139	-0,140	-0,124	-0,117	-0,095	-0,075	-0,031	0,013	0,047	0,093	0,083	0,000	0,000
9,000	-9,792	-9,725	-9,639	-9,393	-9,242	-9,124	-9,060	-9,008	-8,958	-8,922	-8,869	-8,803	-8,719	-8,588	-8,433	0,124	0,244	0,310	0,389	0,382	0,340	0,319	0,288	0,275	0,266	0,288	0,295	0,313	0,318	0,240	0,000	0,000
10,000	-9,729	-9,700	-9,577	-9,420	-9,329	-9,291	-9,271	-9,257	-9,233	-9,230	-9,204	-9,159	-9,093	-8,989	-8,868	-0,002	0,193	0,209	0,223	0,193	0,159	0,148	0,140	0,137	0,136	0,164	0,190	0,222	0,239	0,187	0,000	0,000
11,000	-9,742	-9,621	-9,570	-9,415	-9,336	-9,273	-9,247	-9,221	-9,189	-9,166	-9,122	-9,076	-9,007	-8,894	-8,757	0,177	0,193	0,216	0,237	0,216	0,187	0,181	0,172	0,177	0,184	0,207	0,232	0,256	0,263	0,204	0,000	0,000
12,000	-15,372	-15,347	-15,315	-15,253	-15,208	-15,188	-15,183	-15,173	-15,162	-15,173	-15,160	-15,108	-15,054	-14,929	-14,783	0,051	0,083	0,089	0,105	0,093	0,066	0,074	0,078	0,082	0,099	0,139	0,188	0,232	0,257	0,206	0,000	0,000
13,000	-8,507	-8,544	-8,529	-8,538	-8,519	-8,503	-8,489	-8,467	-8,440	-8,401	-8,347	-8,270	-8,161	-7,993	-7,775	-0,034	-0,006	0,006	0,039	0,069	0,100	0,117	0,143	0,169	0,214	0,262	0,326	0,373	0,400	0,322	0,000	0,000
14,000	-12,141	-12,061	-12,112	-12,054	-12,044	-12,013	-11,997	-11,999	-11,989	-11,983	-11,974	-11,937	-11,869	-11,740	-11,569	-0,067	-0,078	0,000	0,037	0,047	0,053	0,066	0,062	0,076	0,096	0,147	0,190	0,248	0,287	0,236	0,000	0,000
15,000	-7,134	-7,089	-6,970	-6,941	-6,893	-6,891	-6,881	-6,871	-6,855	-6,860	-6,852	-6,838	-6,814	-6,776	-6,737	0,541	0,407	0,270	0,151	0,120	0,095	0,084	0,073	0,064	0,065	0,064	0,070	0,083	0,084	0,068	0,000	0,000
	run	14	2022:11:08    11:37:17,648
0,000	-9,190	-8,869	-8,756	-8,689	-8,666	-8,661	-8,660	-8,652	-8,650	-8,654	-8,648	-8,628	-8,608	-8,554	-8,493	1,551	0,889	0,612	0,281	0,186	0,120	0,099	0,083	0,073	0,069	0,075	0,093	0,107	0,113	0,089	0,000	0,000
1,000	-14,794	-14,451	-14,246	-13,923	-13,732	-13,595	-13,519	-13,458	-13,394	-13,357	-13,301	-13,259	-13,213	-13,148	-13,077	1,080	0,869	0,757	0,613	0,552	0,463	0,411	0,351	0,304	0,269	0,235	0,215	0,196	0,175	0,132	0,000	0,000
2,000	-10,426	-10,417	-10,371	-10,228	-10,120	-10,049	-10,004	-9,963	-9,910	-9,882	-9,820	-9,753	-9,674	-9,547	-9,421	0,005	0,094	0,166	0,250	0,258	0,234	0,237	0,227	0,235	0,238	0,257	0,269	0,281	0,279	0,208	0,000	0,000
3,000	-20,833	-20,894	-20,858	-20,581	-20,381	-20,254	-20,183	-20,125	-20,075	-20,067	-20,035	-20,007	-19,962	-19,877	-19,793	-0,248	0,045	0,175	0,393	0,401	0,341	0,293	0,259	0,224	0,185	0,173	0,179	0,184	0,191	0,140	0,000	0,000
4,000	-11,178	-11,282	-11,183	-11,192	-11,159	-11,161	-11,165	-11,169	-11,159	-11,145	-11,110	-11,048	-10,928	-10,735	-10,490	-0,378	-0,078	-0,071	0,008	0,023	0,042	0,060	0,072	0,108	0,164	0,233	0,317	0,392	0,443	0,363	0,000	0,000
5,000	-12,549	-12,519	-12,679	-12,717	-12,711	-12,682	-12,681	-12,670	-12,646	-12,646	-12,596	-12,522	-12,382	-12,146	-11,844	-0,129	-0,226	-0,163	-0,027	0,013	0,026	0,072	0,099	0,148	0,189	0,280	0,377	0,468	0,528	0,425	0,000	0,000
6,000	-8,660	-8,666	-8,567	-8,442	-8,344	-8,288	-8,259	-8,236	-8,190	-8,166	-8,116	-8,048	-7,954	-7,799	-7,612	-0,027	0,121	0,159	0,227	0,218	0,192	0,199	0,189	0,208	0,220	0,263	0,299	0,337	0,359	0,279	0,000	0,000
7,000	-7,103	-7,045	-7,016	-6,899	-6,846	-6,812	-6,798	-6,783	-6,761	-6,763	-6,742	-6,723	-6,693	-6,644	-6,580	0,096	0,108	0,135	0,155	0,134	0,107	0,096	0,090	0,087	0,080	0,094	0,101	0,111	0,117	0,090	0,000	0,000
8,000	-19,979	-20,232	-20,232	-20,396	-20,396	-20,446	-20,482	-20,506	-20,528	-20,573	-20,585	-20,602	-20,597	-20,547	-20,484	-0,366	-0,226	-0,256	-0,187	-0,152	-0,139	-0,135	-0,127	-0,104	-0,081	-0,043	0,001	0,040	0,079	0,072	0,000	0,000
9,000	-9,720	-9,638	-9,527	-9,299	-9,152	-9,035	-8,966	-8,923	-8,869	-8,828	-8,774	-8,712	-8,621	-8,490	-8,329	0,126	0,231	0,293	0,390	0,377	0,338	0,315	0,287	0,276	0,271	0,280	0,303	0,321	0,323	0,250	0,000	0,000
10,000	-9,680	-9,687	-9,578	-9,434	-9,349	-9,307	-9,288	-9,268	-9,238	-9,240	-9,213	-9,175	-9,105	-9,004	-8,882	-0,033	0,159	0,183	0,206	0,172	0,147	0,139	0,134	0,132	0,140	0,161	0,189	0,218	0,228	0,182	0,000	0,000
11,000	-9,802	-9,696	-9,656	-9,502	-9,420	-9,368	-9,333	-9,313	-9,281	-9,260	-9,217	-9,170	-9,102	-8,992	-8,860	0,155	0,179	0,197	0,226	0,209	0,184	0,180	0,169	0,172	0,176	0,200	0,226	0,247	0,258	0,200	0,000	0,000
12,000	-15,079	-15,064	-15,026	-14,964	-14,902	-14,887	-14,879	-14,871	-14,862	-14,875	-14,845	-14,810	-14,758	-14,635	-14,496	0,057	0,095	0,102	0,116	0,100	0,073	0,077	0,079	0,085	0,093	0,128	0,180	0,226	0,252	0,198	0,000	0,000
13,000	-8,398	-8,448	-8,432	-8,442	-8,427	-8,407	-8,391	-8,363	-8,341	-8,308	-8,247	-8,177	-8,079	-7,907	-7,696	-0,041	-0,011	-0,008	0,034	0,071	0,094	0,119	0,142	0,179	0,210	0,261	0,308	0,367	0,391	0,307	0,000	0,000
14,000	-11,939	-11,862	-11,918	-11,861	-11,863	-11,831	-11,811	-11,812	-11,797	-11,792	-11,789	-11,747	-11,680	-11,559	-11,385	-0,075	-0,093	-0,028	0,041	0,043	0,049	0,060	0,062	0,076	0,095	0,137	0,195	0,250	0,290	0,237	0,000	0,000
15,000	-7,172	-7,137	-7,011	-6,979	-6,933	-6,928	-6,914	-6,905	-6,890	-6,895	-6,881	-6,868	-6,844	-6,807	-6,762	0,521	0,404	0,270	0,158	0,121	0,093	0,079	0,081	0,068	0,074	0,070	0,071	0,086	0,090	0,067	0,000	0,000
	run	15	2022:11:08    11:37:17,701
0,000	-9,190	-8,869	-8,756	-8,689	-8,666	-8,661	-8,660	-8,652	-8,650	-8,654	-8,648	-8,628	-8,608	-8,554	-8,493	1,551	0,889	0,612	0,281	0,186	0,120	0,099	0,083	0,073	0,069	0,075	0,093	0,107	0,113	0,089	0,000	0,000
1,000	-14,794	-14,451	-14,246	-13,923	-13,732	-13,595	-13,519	-13,458	-13,394	-13,357	-13,301	-13,259	-13,213	-13,148	-13,077	1,080	0,869	0,757	0,613	0,552	0,463	0,411	0,351	0,304	0,269	0,235	0,215	0,196	0,175	0,132	0,000	0,000
2,000	-10,426	-10,417	-10,371	-10,228	-10,120	-10,049	-10,004	-9,963	-9,910	-9,882	-9,820	-9,753	-9,674	-9,547	-9,421	0,005	0,094	0,166	0,250	0,258	0,234	0,237	0,227	0,235	0,238	0,257	0,269	0,281	0,279	0,208	0,000	0,000
3,000	-20,833	-20,894	-20,858	-20,581	-20,381	-20,254	-20,183	-20,125	-20,075	-20,067	-20,035	-20,007	-19,962	-19,877	-19,793	-0,248	0,045	0,175	0,393	0,401	0,341	0,293	0,259	0,224	0,185	0,173	0,179	0,184	0,191	0,140	0,000	0,000
4,000	-11,178	-11,282	-11,183	-11,192	-11,159	-11,161	-11,165	-11,169	-11,159	-11,145	-11,110	-11,048	-10,928	-10,735	-10,490	-0,378	-0,078	-0,071	0,008	0,023	0,042	0,060	0,072	0,108	0,164	0,233	0,317	0,392	0,443	0,363	0,000	0,000
5,000	-12,549	-12,519	-12,679	-12,717	-12,711	-12,682	-12,681	-12,670	-12,646	-12,646	-12,596	-12,522	-12,382	-12,146	-11,844	-0,129	-0,226	-0,163	-0,027	0,013	0,026	0,072	0,099	0,148	0,189	0,280	0,377	0,468	0,528	0,425	0,000	0,000
6,000	-8,636	-8,620	-8,528	-8,395	-8,301	-8,251	-8,215	-8,190	-8,149	-8,123	-8,077	-8,014	-7,918	-7,763	-7,572	-0,026	0,129	0,168	0,229	0,223	0,193	0,193	0,188	0,205	0,213	0,257	0,301	0,334	0,360	0,283	0,000	0,000
7,000	-7,039	-6,962	-6,937	-6,850	-6,792	-6,749	-6,735	-6,724	-6,707	-6,703	-6,686	-6,657	-6,637	-6,585	-6,523	0,076	0,085	0,107	0,143	0,130	0,100	0,101	0,092	0,086	0,084	0,087	0,100	0,109	0,112	0,087	0,000	0,000
8,000	-19,788	-20,045	-20,006	-20,168	-20,168	-20,218	-20,258	-20,280	-20,305	-20,351	-20,357	-20,370	-20,367	-20,317	-20,253	-0,368	-0,211	-0,220	-0,166	-0,139	-0,139	-0,130	-0,119	-0,097	-0,075	-0,033	0,008	0,040	0,085	0,080	0,000	0,000
9,000	-9,686	-9,620	-9,536	-9,318	-9,167	-9,053	-8,984	-8,947	-8,891	-8,853	-8,794	-8,739	-8,646	-8,518	-8,372	0,113	0,212	0,276	0,375	0,372	0,328	0,315	0,289	0,273	0,254	0,275	0,289	0,304	0,309	0,236	0,000	0,000
10,000	-9,603	-9,610	-9,486	-9,349	-9,264	-9,231	-9,205	-9,194	-9,167	-9,162	-9,134	-9,100	-9,036	-8,938	-8,818	-0,013	0,162	0,168	0,209	0,170	0,151	0,138	0,131	0,127	0,136	0,159	0,179	0,216	0,226	0,181	0,000	0,000
11,000	-9,605	-9,498	-9,454	-9,314	-9,230	-9,176	-9,147	-9,124	-9,093	-9,069	-9,033	-8,990	-8,924	-8,818	-8,692	0,142	0,180	0,190	0,221	0,205	0,177	0,175	0,163	0,159	0,172	0,194	0,222	0,239	0,246	0,199	0,000	0,000
12,000	-14,655	-14,644	-14,600	-14,551	-14,495	-14,482	-14,477	-14,477	-14,456	-14,468	-14,445	-14,421	-14,356	-14,240	-14,106	0,059	0,079	0,096	0,099	0,089	0,070	0,073	0,077	0,078	0,085	0,124	0,181	0,216	0,247	0,201	0,000	0,000
13,000	-8,314	-8,335	-8,331	-8,336	-8,315	-8,300	-8,284	-8,269	-8,241	-8,203	-8,146	-8,075	-7,973	-7,810	-7,596	-0,031	-0,011	-0,003	0,038	0,068	0,090	0,115	0,136	0,170	0,204	0,254	0,303	0,368	0,385	0,307	0,000	0,000
14,000	-11,921	-11,882	-11,914	-11,872	-11,854	-11,822	-11,811	-11,804	-11,802	-11,801	-11,785	-11,753	-11,679	-11,559	-11,391	-0,121	-0,085	-0,032	0,034	0,046	0,051	0,063	0,059	0,078	0,092	0,127	0,190	0,247	0,285	0,233	0,000	0,000
15,000	-7,271	-7,226	-7,100	-7,076	-7,030	-7,022	-7,014	-7,002	-6,987	-6,997	-6,984	-6,967	-6,941	-6,902	-6,862	0,544	0,407	0,271	0,162	0,120	0,095	0,083	0,079	0,066	0,066	0,068	0,074	0,085	0,085	0,068	0,000	0,000
	run	16	2022:11:08    11:37:17,801
0,000	-9,319	-8,972	-8,869	-8,805	-8,779	-8,775	-8,779	-8,776	-8,768	-8,771	-8,762	-8,746	-8,719	-8,663	-8,598	1,561	0,889	0,611	0,283	0,187	0,127	0,102	0,082	0,077	0,069	0,077	0,100	0,114	0,123	0,095	0,000	0,000
1,000	-15,153	-14,792	-14,559	-14,201	-13,992	-13,853	-13,775	-13,705	-13,643	-13,596	-13,539	-13,501	-13,452	-13,385	-13,317	1,151	0,940	0,819	0,674	0,592	0,485	0,430	0,367	0,319	0,274	0,247	0,225	0,198	0,186	0,131	0,000	0,000
2,000	-10,992	-10,945	-10,898	-10,716	-10,602	-10,532	-10,484	-10,444	-10,381	-10,352	-10,285	-10,211	-10,122	-9,987	-9,841	0,033	0,141	0,205	0,281	0,278	0,256	0,253	0,247	0,253	0,254	0,282	0,302	0,315	0,313	0,229	0,000	0,000
3,000	-22,130	-22,132	-22,018	-21,668	-21,451	-21,312	-21,246	-21,190	-21,138	-21,134	-21,098	-21,069	-21,029	-20,940	-20,841	-0,130	0,184	0,305	0,483	0,458	0,380	0,325	0,276	0,231	0,185	0,174	0,187	0,196	0,201	0,152	0,000	0,000
4,000	-11,482	-11,596	-11,506	-11,535	-11,503	-11,506	-11,506	-11,504	-11,503	-11,480	-11,450	-11,385	-11,256	-11,065	-10,808	-0,378	-0,106	-0,079	-0,004	0,018	0,038	0,060	0,077	0,116	0,159	0,246	0,324	0,401	0,452	0,375	0,000	0,000
5,000	-12,711	-12,687	-12,822	-12,855	-12,842	-12,823	-12,816	-12,814	-12,789	-12,796	-12,739	-12,658	-12,524	-12,287	-11,979	-0,132	-0,212	-0,158	-0,023	0,011	0,034	0,073	0,095	0,145	0,191	0,279	0,374	0,475	0,535	0,431	0,000	0,000
6,000	-8,645	-8,634	-8,547	-8,414	-8,320	-8,264	-8,233	-8,207	-8,168	-8,141	-8,094	-8,029	-7,936	-7,784	-7,601	-0,020	0,122	0,153	0,221	0,217	0,196	0,196	0,191	0,201	0,216	0,249	0,294	0,331	0,351	0,274	0,000	0,000
7,000	-6,920	-6,867	-6,847	-6,774	-6,725	-6,693	-6,672	-6,659	-6,639	-6,633	-6,619	-6,599	-6,572	-6,522	-6,465	0,057	0,061	0,088	0,126	0,117	0,096	0,091	0,084	0,083	0,079	0,088	0,099	0,109	0,118	0,084	0,000	0,000
8,000	-19,691	-19,898	-19,883	-20,012	-20,007	-20,063	-20,089	-20,112	-20,135	-20,180	-20,185	-20,202	-20,191	-20,150	-20,080	-0,355	-0,209	-0,208	-0,143	-0,122	-0,129	-0,117	-0,107	-0,091	-0,074	-0,033	0,009	0,051	0,095	0,079	0,000	0,000
9,000	-9,584	-9,523	-9,462	-9,237	-9,099	-8,983	-8,917	-8,866	-8,816	-8,779	-8,724	-8,666	-8,584	-8,463	-8,313	0,103	0,200	0,261	0,360	0,357	0,322	0,308	0,282	0,265	0,256	0,269	0,281	0,296	0,305	0,228	0,000	0,000
10,000	-9,489	-9,484	-9,390	-9,265	-9,181	-9,146	-9,125	-9,109	-9,087	-9,079	-9,060	-9,017	-8,957	-8,856	-8,742	-0,031	0,141	0,160	0,189	0,162	0,143	0,131	0,131	0,118	0,132	0,154	0,176	0,210	0,227	0,175	0,000	0,000
11,000	-9,553	-9,444	-9,411	-9,266	-9,186	-9,131	-9,098	-9,080	-9,048	-9,027	-8,988	-8,941	-8,875	-8,768	-8,643	0,127	0,168	0,183	0,209	0,206	0,178	0,172	0,163	0,166	0,171	0,193	0,220	0,236	0,246	0,191	0,000	0,000
12,000	-14,790	-14,771	-14,727	-14,676	-14,623	-14,606	-14,597	-14,598	-14,581	-14,593	-14,572	-14,537	-14,479	-14,363	-14,232	0,065	0,087	0,096	0,102	0,096	0,071	0,069	0,068	0,078	0,089	0,130	0,180	0,222	0,246	0,194	0,000	0,000
13,000	-8,253	-8,330	-8,295	-8,318	-8,295	-8,283	-8,259	-8,247	-8,217	-8,188	-8,127	-8,068	-7,962	-7,798	-7,593	-0,065	-0,017	-0,005	0,033	0,066	0,093	0,112	0,134	0,165	0,200	0,260	0,300	0,355	0,377	0,300	0,000	0,000
14,000	-11,981	-11,870	-11,959	-11,891	-11,894	-11,863	-11,845	-11,838	-11,836	-11,827	-11,817	-11,790	-11,717	-11,587	-11,414	-0,051	-0,091	-0,016	0,046	0,053	0,051	0,062	0,054	0,073	0,098	0,131	0,188	0,255	0,287	0,239	0,000	0,000
15,000	-7,142	-7,100	-6,977	-6,947	-6,900	-6,898	-6,888	-6,876	-6,861	-6,868	-6,855	-6,841	-6,820	-6,775	-6,741	0,536	0,400	0,264	0,156	0,120	0,096	0,085	0,077	0,064	0,062	0,069	0,067	0,083	0,086	0,072	0,000	0,000
	run	17	2022:11:08    11:37:17,900
0,000	-9,368	-9,027	-8,922	-8,856	-8,837	-8,822	-8,821	-8,818	-8,809	-8,818	-8,811	-8,788	-8,763	-8,705	-8,637	1,559	0,879	0,620	0,280	0,180	0,121	0,104	0,088	0,076	0,069	0,079	0,098	0,118	0,126	0,100	0,000	0,000
1,000	-15,392	-15,019	-14,785	-14,410	-14,210	-14,060	-13,980	-13,916	-13,847	-13,799	-13,743	-13,700	-13,654	-13,582	-13,504	1,174	0,947	0,842	0,691	0,610	0,503	0,439	0,380	0,331	0,289	0,256	0,231	0,207	0,196	0,134	0,000	0,000
2,000	-11,093	-11,045	-10,973	-10,808	-10,696	-10,615	-10,566	-10,526	-10,469	-10,433	-10,366	-10,285	-10,199	-10,065	-9,916	0,030	0,160	0,211	0,280	0,279	0,257	0,262	0,254	0,260	0,258	0,282	0,306	0,323	0,317	0,232	0,000	0,000
3,000	-22,027	-22,031	-21,955	-21,603	-21,386	-21,249	-21,179	-21,120	-21,070	-21,061	-21,034	-21,004	-20,966	-20,876	-20,769	-0,141	0,166	0,300	0,480	0,464	0,370	0,324	0,274	0,229	0,190	0,177	0,191	0,190	0,204	0,153	0,000	0,000
4,000	-11,670	-11,797	-11,696	-11,732	-11,708	-11,710	-11,713	-11,709	-11,705	-11,687	-11,654	-11,579	-11,446	-11,246	-10,972	-0,393	-0,105	-0,097	-0,011	0,017	0,039	0,063	0,079	0,120	0,181	0,255	0,344	0,428	0,476	0,395	0,000	0,000
5,000	-12,842	-12,830	-12,971	-12,996	-12,994	-12,973	-12,958	-12,958	-12,935	-12,930	-12,887	-12,802	-12,670	-12,416	-12,107	-0,125	-0,206	-0,154	-0,015	0,018	0,034	0,074	0,101	0,138	0,192	0,284	0,384	0,483	0,549	0,442	0,000	0,000
6,000	-8,684	-8,672	-8,568	-8,436	-8,329	-8,273	-8,244	-8,220	-8,183	-8,158	-8,108	-8,047	-7,953	-7,794	-7,617	-0,020	0,136	0,166	0,225	0,228	0,200	0,200	0,197	0,206	0,221	0,253	0,293	0,332	0,350	0,276	0,000	0,000
7,000	-6,828	-6,788	-6,770	-6,691	-6,650	-6,614	-6,597	-6,585	-6,567	-6,559	-6,549	-6,524	-6,501	-6,454	-6,401	0,060	0,055	0,085	0,129	0,116	0,089	0,089	0,082	0,086	0,074	0,079	0,089	0,103	0,104	0,081	0,000	0,000
8,000	-19,322	-19,525	-19,510	-19,652	-19,648	-19,694	-19,736	-19,757	-19,780	-19,830	-19,842	-19,852	-19,848	-19,804	-19,742	-0,353	-0,201	-0,209	-0,162	-0,134	-0,132	-0,128	-0,121	-0,106	-0,085	-0,039	0,006	0,032	0,078	0,073	0,000	0,000
9,000	-9,374	-9,328	-9,250	-9,068	-8,935	-8,824	-8,755	-8,706	-8,662	-8,618	-8,566	-8,502	-8,431	-8,305	-8,165	0,073	0,174	0,235	0,342	0,339	0,314	0,299	0,276	0,258	0,251	0,271	0,279	0,287	0,295	0,220	0,000	0,000
10,000	-9,206	-9,222	-9,137	-9,028	-8,960	-8,929	-8,911	-8,891	-8,868	-8,869	-8,843	-8,808	-8,746	-8,652	-8,541	-0,059	0,115	0,122	0,159	0,143	0,125	0,122	0,117	0,117	0,126	0,146	0,169	0,203	0,212	0,174	0,000	0,000
11,000	-9,472	-9,385	-9,354	-9,222	-9,147	-9,091	-9,063	-9,044	-9,011	-8,990	-8,953	-8,909	-8,841	-8,740	-8,617	0,125	0,146	0,165	0,199	0,197	0,167	0,170	0,157	0,158	0,168	0,192	0,212	0,236	0,242	0,186	0,000	0,000
12,000	-14,696	-14,686	-14,635	-14,576	-14,525	-14,505	-14,500	-14,499	-14,484	-14,494	-14,477	-14,440	-14,384	-14,271	-14,137	0,052	0,100	0,101	0,105	0,095	0,067	0,073	0,071	0,075	0,092	0,132	0,172	0,214	0,241	0,190	0,000	0,000
13,000	-8,263	-8,328	-8,310	-8,322	-8,303	-8,284	-8,273	-8,250	-8,224	-8,191	-8,132	-8,068	-7,962	-7,803	-7,601	-0,042	-0,027	-0,006	0,032	0,061	0,093	0,115	0,137	0,168	0,207	0,252	0,303	0,355	0,377	0,298	0,000	0,000
14,000	-11,797	-11,719	-11,782	-11,727	-11,725	-11,692	-11,675	-11,681	-11,675	-11,669	-11,654	-11,621	-11,551	-11,427	-11,258	-0,110	-0,094	-0,022	0,033	0,041	0,051	0,059	0,055	0,078	0,094	0,136	0,194	0,244	0,289	0,233	0,000	0,000
15,000	-7,194	-7,166	-7,042	-7,012	-6,961	-6,953	-6,948	-6,932	-6,920	-6,922	-6,905	-6,893	-6,864	-6,825	-6,779	0,521	0,406	0,265	0,164	0,120	0,094	0,087	0,080	0,071	0,070	0,072	0,075	0,090	0,095	0,075	0,000	0,000
	run	18	2022:11:08    11:37:17,948
0,000	-9,404	-9,040	-8,924	-8,862	-8,841	-8,836	-8,830	-8,837	-8,822	-8,825	-8,824	-8,804	-8,774	-8,724	-8,656	1,577	0,890	0,617	0,287	0,188	0,120	0,103	0,083	0,074	0,067	0,080	0,100	0,114	0,127	0,096	0,000	0,000
1,000	-15,116	-14,765	-14,543	-14,186	-13,983	-13,843	-13,763	-13,687	-13,636	-13,590	-13,533	-13,489	-13,444	-13,372	-13,297	1,129	0,917	0,802	0,662	0,580	0,486	0,427	0,370	0,326	0,282	0,249	0,226	0,208	0,191	0,139	0,000	0,000
2,000	-11,093	-11,045	-10,973	-10,808	-10,696	-10,615	-10,566	-10,526	-10,469	-10,433	-10,366	-10,285	-10,199	-10,065	-9,916	0,030	0,160	0,211	0,280	0,279	0,257	0,262	0,254	0,260	0,258	0,282	0,306	0,323	0,317	0,232	0,000	0,000
3,000	-22,027	-22,031	-21,955	-21,603	-21,386	-21,249	-21,179	-21,120	-21,070	-21,061	-21,034	-21,004	-20,966	-20,876	-20,769	-0,141	0,166	0,300	0,480	0,464	0,370	0,324	0,274	0,229	0,190	0,177	0,191	0,190	0,204	0,153	0,000	0,000
4,000	-11,670	-11,797	-11,696	-11,732	-11,708	-11,710	-11,713	-11,709	-11,705	-11,687	-11,654	-11,579	-11,446	-11,246	-10,972	-0,393	-0,105	-0,097	-0,011	0,017	0,039	0,063	0,079	0,120	0,181	0,255	0,344	0,428	0,476	0,395	0,000	0,000
5,000	-12,842	-12,830	-12,971	-12,996	-12,994	-12,973	-12,958	-12,958	-12,935	-12,930	-12,887	-12,802	-12,670	-12,416	-12,107	-0,125	-0,206	-0,154	-0,015	0,018	0,034	0,074	0,101	0,138	0,192	0,284	0,384	0,483	0,549	0,442	0,000	0,000
6,000	-8,684	-8,672	-8,568	-8,436	-8,329	-8,273	-8,244	-8,220	-8,183	-8,158	-8,108	-8,047	-7,953	-7,794	-7,617	-0,020	0,136	0,166	0,225	0,228	0,200	0,200	0,197	0,206	0,221	0,253	0,293	0,332	0,350	0,276	0,000	0,000
7,000	-6,828	-6,788	-6,770	-6,691	-6,650	-6,614	-6,597	-6,585	-6,567	-6,559	-6,549	-6,524	-6,501	-6,454	-6,401	0,060	0,055	0,085	0,129	0,116	0,089	0,089	0,082	0,086	0,074	0,079	0,089	0,103	0,104	0,081	0,000	0,000
8,000	-19,257	-19,486	-19,447	-19,579	-19,563	-19,614	-19,647	-19,672	-19,689	-19,733	-19,742	-19,759	-19,754	-19,703	-19,637	-0,351	-0,182	-0,180	-0,139	-0,122	-0,121	-0,116	-0,106	-0,094	-0,072	-0,036	0,011	0,044	0,081	0,074	0,000	0,000
9,000	-9,269	-9,219	-9,153	-8,976	-8,843	-8,739	-8,668	-8,622	-8,570	-8,535	-8,478	-8,422	-8,343	-8,222	-8,080	0,083	0,159	0,229	0,327	0,337	0,307	0,294	0,267	0,259	0,244	0,255	0,272	0,284	0,296	0,226	0,000	0,000
10,000	-9,368	-9,367	-9,269	-9,153	-9,073	-9,043	-9,027	-9,005	-8,982	-8,976	-8,954	-8,921	-8,856	-8,765	-8,648	-0,043	0,126	0,133	0,174	0,159	0,136	0,129	0,122	0,118	0,130	0,147	0,170	0,203	0,215	0,170	0,000	0,000
11,000	-9,509	-9,401	-9,364	-9,230	-9,150	-9,098	-9,071	-9,047	-9,020	-9,000	-8,960	-8,914	-8,849	-8,747	-8,624	0,121	0,158	0,183	0,206	0,196	0,169	0,168	0,154	0,160	0,168	0,188	0,210	0,232	0,240	0,186	0,000	0,000
12,000	-14,581	-14,554	-14,520	-14,464	-14,415	-14,397	-14,396	-14,389	-14,374	-14,387	-14,365	-14,337	-14,276	-14,161	-14,023	0,056	0,087	0,094	0,098	0,085	0,061	0,072	0,071	0,078	0,086	0,123	0,174	0,218	0,246	0,195	0,000	0,000
13,000	-8,287	-8,320	-8,304	-8,318	-8,310	-8,288	-8,271	-8,248	-8,224	-8,192	-8,131	-8,064	-7,956	-7,794	-7,590	-0,033	-0,022	-0,005	0,037	0,069	0,094	0,113	0,139	0,169	0,211	0,253	0,306	0,359	0,378	0,308	0,000	0,000
14,000	-11,927	-11,865	-11,900	-11,855	-11,844	-11,819	-11,802	-11,797	-11,789	-11,790	-11,779	-11,744	-11,670	-11,547	-11,375	-0,127	-0,099	-0,025	0,041	0,049	0,045	0,057	0,062	0,074	0,096	0,134	0,191	0,256	0,294	0,236	0,000	0,000
15,000	-7,257	-7,229	-7,097	-7,070	-7,021	-7,016	-7,006	-6,992	-6,980	-6,983	-6,964	-6,953	-6,929	-6,891	-6,848	0,545	0,406	0,276	0,163	0,119	0,094	0,081	0,076	0,068	0,069	0,071	0,076	0,084	0,094	0,070	0,000	0,000
	run	19	2022:11:08    11:37:18,047
0,000	-9,341	-9,004	-8,899	-8,823	-8,802	-8,801	-8,798	-8,794	-8,788	-8,793	-8,791	-8,768	-8,748	-8,692	-8,630	1,561	0,886	0,621	0,285	0,185	0,120	0,098	0,085	0,073	0,066	0,075	0,096	0,109	0,118	0,093	0,000	0,000
1,000	-14,986	-14,626	-14,402	-14,076	-13,885	-13,740	-13,667	-13,602	-13,539	-13,493	-13,434	-13,400	-13,351	-13,285	-13,215	1,116	0,883	0,773	0,634	0,567	0,473	0,419	0,357	0,312	0,272	0,246	0,220	0,200	0,182	0,133	0,000	0,000
2,000	-10,587	-10,558	-10,525	-10,361	-10,255	-10,183	-10,132	-10,097	-10,039	-10,003	-9,943	-9,882	-9,792	-9,666	-9,528	-0,004	0,110	0,176	0,251	0,259	0,244	0,245	0,235	0,236	0,239	0,265	0,288	0,293	0,293	0,216	0,000	0,000
3,000	-21,141	-21,190	-21,127	-20,823	-20,619	-20,486	-20,422	-20,365	-20,313	-20,312	-20,282	-20,250	-20,215	-20,127	-20,033	-0,209	0,098	0,220	0,423	0,417	0,351	0,305	0,260	0,223	0,175	0,169	0,178	0,185	0,190	0,144	0,000	0,000
4,000	-11,251	-11,342	-11,271	-11,278	-11,255	-11,250	-11,252	-11,252	-11,250	-11,236	-11,199	-11,132	-11,009	-10,813	-10,551	-0,391	-0,101	-0,076	-0,001	0,021	0,038	0,058	0,076	0,113	0,166	0,245	0,328	0,404	0,454	0,374	0,000	0,000
5,000	-12,519	-12,504	-12,656	-12,689	-12,683	-12,656	-12,650	-12,648	-12,615	-12,627	-12,578	-12,491	-12,357	-12,128	-11,824	-0,116	-0,211	-0,159	-0,034	0,012	0,029	0,074	0,100	0,144	0,190	0,277	0,372	0,467	0,522	0,420	0,000	0,000
6,000	-8,623	-8,621	-8,534	-8,406	-8,307	-8,254	-8,224	-8,189	-8,155	-8,131	-8,080	-8,015	-7,924	-7,776	-7,592	-0,021	0,119	0,155	0,223	0,217	0,200	0,194	0,193	0,201	0,215	0,258	0,291	0,337	0,350	0,269	0,000	0,000
7,000	-6,909	-6,872	-6,858	-6,787	-6,734	-6,705	-6,686	-6,673	-6,652	-6,647	-6,631	-6,614	-6,585	-6,537	-6,478	0,058	0,062	0,084	0,119	0,111	0,090	0,089	0,082	0,077	0,080	0,085	0,095	0,110	0,110	0,084	0,000	0,000
8,000	-19,428	-19,619	-19,602	-19,723	-19,719	-19,765	-19,797	-19,826	-19,854	-19,892	-19,899	-19,910	-19,900	-19,853	-19,788	-0,343	-0,198	-0,192	-0,142	-0,110	-0,121	-0,112	-0,108	-0,091	-0,064	-0,031	0,011	0,042	0,088	0,078	0,000	0,000
9,000	-9,538	-9,514	-9,446	-9,267	-9,117	-9,008	-8,942	-8,895	-8,837	-8,801	-8,756	-8,690	-8,611	-8,489	-8,348	0,080	0,182	0,235	0,337	0,347	0,314	0,304	0,273	0,261	0,253	0,264	0,283	0,292	0,296	0,219	0,000	0,000
10,000	-9,455	-9,459	-9,364	-9,246	-9,169	-9,139	-9,109	-9,095	-9,072	-9,073	-9,041	-9,008	-8,945	-8,849	-8,732	-0,045	0,135	0,142	0,179	0,158	0,139	0,129	0,128	0,119	0,133	0,155	0,181	0,207	0,217	0,173	0,000	0,000
11,000	-9,610	-9,508	-9,465	-9,335	-9,256	-9,201	-9,170	-9,148	-9,118	-9,095	-9,059	-9,012	-8,949	-8,841	-8,716	0,133	0,153	0,170	0,209	0,199	0,176	0,176	0,158	0,163	0,168	0,189	0,214	0,236	0,247	0,191	0,000	0,000
12,000	-14,750	-14,723	-14,688	-14,633	-14,574	-14,559	-14,547	-14,550	-14,535	-14,548	-14,519	-14,488	-14,430	-14,316	-14,172	0,072	0,095	0,099	0,109	0,101	0,073	0,072	0,070	0,080	0,089	0,126	0,181	0,221	0,245	0,196	0,000	0,000
13,000	-8,294	-8,331	-8,320	-8,334	-8,311	-8,294	-8,283	-8,258	-8,233	-8,200	-8,142	-8,074	-7,968	-7,808	-7,597	-0,044	-0,020	-0,010	0,037	0,065	0,094	0,114	0,137	0,166	0,204	0,254	0,305	0,360	0,382	0,308	0,000	0,000
14,000	-12,110	-12,037	-12,083	-12,040	-12,025	-12,007	-11,986	-11,986	-11,975	-11,971	-11,965	-11,927	-11,848	-11,728	-11,550	-0,101	-0,087	-0,022	0,038	0,043	0,054	0,057	0,057	0,074	0,099	0,137	0,199	0,255	0,299	0,238	0,000	0,000
15,000	-7,270	-7,226	-7,107	-7,075	-7,021	-7,015	-7,008	-6,998	-6,981	-6,985	-6,975	-6,959	-6,939	-6,895	-6,854	0,551	0,419	0,271	0,162	0,125	0,097	0,086	0,078	0,065	0,065	0,064	0,075	0,083	0,083	0,069	0,000	0,000
	run	20	2022:11:08    11:37:18,099
0,000	-9,341	-9,004	-8,899	-8,823	-8,802	-8,801	-8,798	-8,794	-8,788	-8,793	-8,791	-8,768	-8,748	-8,692	-8,630	1,561	0,886	0,621	0,285	0,185	0,120	0,098	0,085	0,073	0,066	0,075	0,096	0,109	0,118	0,093	0,000	0,000
1,000	-14,986	-14,626	-14,402	-14,076	-13,885	-13,740	-13,667	-13,602	-13,539	-13,493	-13,434	-13,400	-13,351	-13,285	-13,215	1,116	0,883	0,773	0,634	0,567	0,473	0,419	0,357	0,312	0,272	0,246	0,220	0,200	0,182	0,133	0,000	0,000
2,000	-10,587	-10,558	-10,525	-10,361	-10,255	-10,183	-10,132	-10,097	-10,039	-10,003	-9,943	-9,882	-9,792	-9,666	-9,528	-0,004	0,110	0,176	0,251	0,259	0,244	0,245	0,235	0,236	0,239	0,265	0,288	0,293	0,293	0,216	0,000	0,000
3,000	-21,141	-21,190	-21,127	-20,823	-20,619	-20,486	-20,422	-20,365	-20,313	-20,312	-20,282	-20,250	-20,215	-20,127	-20,033	-0,209	0,098	0,220	0,423	0,417	0,351	0,305	0,260	0,223	0,175	0,169	0,178	0,185	0,190	0,144	0,000	0,000
4,000	-11,251	-11,342	-11,271	-11,278	-11,255	-11,250	-11,252	-11,252	-11,250	-11,236	-11,199	-11,132	-11,009	-10,813	-10,551	-0,391	-0,101	-0,076	-0,001	0,021	0,038	0,058	0,076	0,113	0,166	0,245	0,328	0,404	0,454	0,374	0,000	0,000
5,000	-12,519	-12,504	-12,656	-12,689	-12,683	-12,656	-12,650	-12,648	-12,615	-12,627	-12,578	-12,491	-12,357	-12,128	-11,824	-0,116	-0,211	-0,159	-0,034	0,012	0,029	0,074	0,100	0,144	0,190	0,277	0,372	0,467	0,522	0,420	0,000	0,000
6,000	-8,597	-8,593	-8,510	-8,369	-8,271	-8,222	-8,191	-8,156	-8,127	-8,102	-8,050	-7,985	-7,884	-7,733	-7,549	-0,031	0,131	0,160	0,222	0,215	0,192	0,201	0,193	0,209	0,218	0,254	0,303	0,340	0,358	0,281	0,000	0,000
7,000	-6,969	-6,899	-6,868	-6,779	-6,731	-6,685	-6,667	-6,663	-6,642	-6,632	-6,618	-6,597	-6,570	-6,525	-6,465	0,076	0,081	0,110	0,152	0,133	0,102	0,098	0,089	0,082	0,080	0,087	0,098	0,105	0,108	0,085	0,000	0,000
8,000	-19,715	-19,941	-19,927	-20,070	-20,070	-20,124	-20,152	-20,182	-20,206	-20,248	-20,261	-20,273	-20,267	-20,225	-20,164	-0,373	-0,218	-0,229	-0,166	-0,136	-0,135	-0,129	-0,121	-0,103	-0,082	-0,043	0,006	0,038	0,077	0,074	0,000	0,000
9,000	-9,504	-9,437	-9,346	-9,142	-9,001	-8,882	-8,816	-8,771	-8,717	-8,683	-8,623	-8,564	-8,480	-8,358	-8,210	0,110	0,207	0,273	0,362	0,362	0,326	0,310	0,281	0,267	0,258	0,270	0,280	0,298	0,302	0,229	0,000	0,000
10,000	-9,445	-9,443	-9,352	-9,228	-9,148	-9,112	-9,092	-9,074	-9,048	-9,046	-9,020	-8,978	-8,920	-8,824	-8,707	-0,028	0,148	0,152	0,185	0,158	0,145	0,132	0,129	0,122	0,136	0,151	0,178	0,213	0,226	0,180	0,000	0,000
11,000	-9,599	-9,503	-9,465	-9,329	-9,245	-9,187	-9,162	-9,135	-9,108	-9,085	-9,047	-9,001	-8,934	-8,825	-8,695	0,137	0,169	0,191	0,217	0,203	0,174	0,174	0,161	0,170	0,169	0,192	0,219	0,244	0,252	0,195	0,000	0,000
12,000	-14,941	-14,928	-14,882	-14,823	-14,768	-14,749	-14,742	-14,741	-14,724	-14,739	-14,711	-14,675	-14,619	-14,504	-14,362	0,067	0,101	0,104	0,109	0,100	0,071	0,073	0,076	0,082	0,095	0,138	0,180	0,220	0,248	0,200	0,000	0,000
13,000	-8,417	-8,475	-8,445	-8,463	-8,449	-8,432	-8,410	-8,397	-8,369	-8,331	-8,269	-8,203	-8,093	-7,932	-7,714	-0,041	-0,019	-0,001	0,037	0,072	0,101	0,121	0,144	0,172	0,212	0,267	0,313	0,369	0,389	0,312	0,000	0,000
14,000	-12,173	-12,069	-12,136	-12,081	-12,071	-12,043	-12,023	-12,028	-12,014	-12,014	-11,998	-11,968	-11,894	-11,772	-11,591	-0,087	-0,095	-0,020	0,038	0,047	0,054	0,058	0,061	0,073	0,105	0,146	0,196	0,254	0,288	0,241	0,000	0,000
15,000	-7,280	-7,237	-7,106	-7,077	-7,030	-7,024	-7,013	-7,001	-6,987	-6,991	-6,976	-6,964	-6,935	-6,896	-6,857	0,539	0,415	0,268	0,162	0,126	0,098	0,083	0,082	0,066	0,070	0,073	0,072	0,087	0,086	0,072	0,000	0,000
	run	21	2022:11:08    11:37:18,199
0,000	-9,117	-8,770	-8,677	-8,598	-8,576	-8,579	-8,575	-8,571	-8,566	-8,573	-8,560	-8,547	-8,522	-8,466	-8,409	1,552	0,871	0,610	0,282	0,184	0,126	0,094	0,082	0,074	0,064	0,080	0,090	0,104	0,110	0,089	0,000	0,000
1,000	-14,526	-14,188	-13,999	-13,683	-13,503	-13,372	-13,299	-13,234	-13,178	-13,136	-13,079	-13,037	-13,000	-12,928	-12,860	1,071	0,856	0,738	0,594	0,535	0,447	0,395	0,339	0,301	0,260	0,234	0,209	0,192	0,179	0,129	0,000	0,000
2,000	-10,302	-10,278	-10,242	-10,102	-9,997	-9,926	-9,880	-9,847	-9,787	-9,762	-9,702	-9,634	-9,557	-9,435	-9,312	-0,004	0,099	0,164	0,243	0,243	0,229	0,232	0,228	0,223	0,227	0,242	0,266	0,273	0,273	0,202	0,000	0,000
3,000	-20,624	-20,702	-20,646	-20,409	-20,210	-20,082	-20,009	-19,954	-19,910	-19,896	-19,867	-19,833	-19,799	-19,712	-19,625	-0,281	0,036	0,156	0,373	0,383	0,330	0,292	0,250	0,218	0,171	0,167	0,178	0,180	0,189	0,143	0,000	0,000
4,000	-11,053	-11,166	-11,083	-11,084	-11,055	-11,054	-11,052	-11,051	-11,050	-11,034	-10,997	-10,940	-10,818	-10,639	-10,394	-0,354	-0,081	-0,056	0,006	0,028	0,041	0,052	0,078	0,105	0,152	0,233	0,306	0,387	0,429	0,351	0,000	0,000
5,000	-12,353	-12,337	-12,480	-12,518	-12,509	-12,490	-12,484	-12,481	-12,454	-12,457	-12,406	-12,326	-12,202	-11,966	-11,667	-0,133	-0,204	-0,161	-0,022	0,005	0,032	0,067	0,100	0,139	0,186	0,281	0,375	0,460	0,513	0,416	0,000	0,000
6,000	-8,579	-8,579	-8,489	-8,367	-8,270	-8,217	-8,185	-8,160	-8,129	-8,103	-8,048	-7,980	-7,892	-7,733	-7,554	-0,032	0,115	0,149	0,218	0,213	0,189	0,191	0,196	0,197	0,215	0,256	0,300	0,334	0,359	0,269	0,000	0,000
7,000	-7,058	-6,975	-6,961	-6,847	-6,794	-6,759	-6,741	-6,732	-6,708	-6,709	-6,689	-6,670	-6,637	-6,592	-6,526	0,080	0,097	0,118	0,154	0,129	0,105	0,100	0,092	0,091	0,083	0,088	0,104	0,111	0,118	0,091	0,000	0,000
8,000	-19,972	-20,220	-20,210	-20,383	-20,380	-20,438	-20,463	-20,488	-20,518	-20,562	-20,571	-20,585	-20,582	-20,532	-20,467	-0,368	-0,228	-0,248	-0,185	-0,152	-0,142	-0,133	-0,124	-0,101	-0,083	-0,040	0,002	0,036	0,082	0,074	0,000	0,000
9,000	-9,800	-9,705	-9,628	-9,383	-9,227	-9,114	-9,055	-8,999	-8,952	-8,908	-8,859	-8,796	-8,710	-8,585	-8,425	0,146	0,247	0,320	0,398	0,389	0,344	0,321	0,289	0,278	0,266	0,279	0,296	0,310	0,312	0,236	0,000	0,000
10,000	-9,755	-9,727	-9,613	-9,449	-9,360	-9,326	-9,302	-9,282	-9,258	-9,253	-9,231	-9,186	-9,124	-9,022	-8,900	0,002	0,188	0,198	0,223	0,189	0,160	0,147	0,137	0,132	0,143	0,164	0,187	0,225	0,239	0,183	0,000	0,000
11,000	-9,708	-9,599	-9,544	-9,394	-9,308	-9,252	-9,220	-9,190	-9,165	-9,140	-9,105	-9,057	-8,982	-8,877	-8,743	0,162	0,200	0,209	0,233	0,216	0,184	0,182	0,168	0,169	0,180	0,193	0,226	0,247	0,258	0,200	0,000	0,000
12,000	-15,118	-15,103	-15,068	-15,016	-14,966	-14,951	-14,939	-14,938	-14,922	-14,932	-14,912	-14,875	-14,820	-14,695	-14,554	0,059	0,080	0,086	0,102	0,093	0,068	0,069	0,070	0,080	0,093	0,133	0,182	0,228	0,255	0,204	0,000	0,000
13,000	-8,484	-8,526	-8,512	-8,519	-8,503	-8,485	-8,465	-8,445	-8,417	-8,383	-8,324	-8,252	-8,148	-7,979	-7,762	-0,040	-0,009	-0,000	0,045	0,074	0,101	0,123	0,144	0,175	0,209	0,256	0,315	0,370	0,397	0,319	0,000	0,000
14,000	-12,037	-11,943	-12,006	-11,952	-11,939	-11,920	-11,894	-11,888	-11,883	-11,884	-11,877	-11,839	-11,767	-11,647	-11,476	-0,094	-0,077	-0,027	0,039	0,049	0,056	0,057	0,061	0,075	0,094	0,119	0,190	0,252	0,278	0,232	0,000	0,000
15,000	-7,123	-7,105	-6,981	-6,956	-6,907	-6,901	-6,893	-6,880	-6,867	-6,876	-6,859	-6,846	-6,822	-6,783	-6,745	0,528	0,404	0,268	0,154	0,115	0,096	0,078	0,074	0,062	0,064	0,066	0,065	0,083	0,082	0,064	0,000	0,000
	run	22	2022:11:08    11:37:18,299
0,000	-8,949	-8,607	-8,512	-8,451	-8,429	-8,426	-8,416	-8,416	-8,408	-8,414	-8,411	-8,391	-8,368	-8,317	-8,267	1,521	0,864	0,602	0,276	0,180	0,124	0,097	0,078	0,069	0,062	0,068	0,082	0,100	0,109	0,083	0,000	0,000
1,000	-14,327	-13,997	-13,824	-13,547	-13,366	-13,244	-13,178	-13,114	-13,060	-13,014	-12,962	-12,921	-12,877	-12,817	-12,752	1,029	0,808	0,689	0,563	0,503	0,430	0,383	0,331	0,291	0,253	0,225	0,208	0,185	0,172	0,124	0,000	0,000
2,000	-10,241	-10,230	-10,201	-10,064	-9,955	-9,884	-9,840	-9,793	-9,745	-9,718	-9,659	-9,586	-9,514	-9,396	-9,268	-0,015	0,084	0,146	0,238	0,247	0,224	0,233	0,229	0,229	0,228	0,248	0,268	0,276	0,269	0,199	0,000	0,000
3,000	-20,616	-20,709	-20,673	-20,415	-20,226	-20,099	-20,030	-19,978	-19,930	-19,920	-19,898	-19,861	-19,821	-19,741	-19,653	-0,269	0,039	0,163	0,363	0,379	0,324	0,289	0,246	0,212	0,172	0,162	0,174	0,174	0,182	0,139	0,000	0,000
4,000	-11,071	-11,177	-11,096	-11,095	-11,068	-11,062	-11,064	-11,067	-11,062	-11,039	-11,007	-10,949	-10,833	-10,636	-10,393	-0,370	-0,077	-0,062	0,017	0,031	0,038	0,061	0,080	0,107	0,160	0,234	0,312	0,391	0,437	0,360	0,000	0,000
5,000	-12,409	-12,395	-12,549	-12,581	-12,575	-12,557	-12,549	-12,542	-12,513	-12,522	-12,463	-12,383	-12,263	-12,028	-11,726	-0,134	-0,213	-0,170	-0,039	0,006	0,024	0,072	0,100	0,138	0,189	0,276	0,370	0,464	0,518	0,415	0,000	0,000
6,000	-8,603	-8,598	-8,511	-8,377	-8,286	-8,228	-8,203	-8,174	-8,130	-8,109	-8,058	-7,997	-7,903	-7,739	-7,560	-0,036	0,113	0,158	0,224	0,219	0,195	0,196	0,197	0,200	0,220	0,262	0,305	0,339	0,355	0,280	0,000	0,000
7,000	-7,022	-6,948	-6,927	-6,823	-6,767	-6,736	-6,716	-6,706	-6,687	-6,675	-6,664	-6,644	-6,615	-6,567	-6,509	0,065	0,098	0,114	0,149	0,131	0,103	0,102	0,087	0,084	0,078	0,084	0,104	0,107	0,111	0,089	0,000	0,000
8,000	-20,249	-20,504	-20,491	-20,646	-20,648	-20,699	-20,728	-20,748	-20,775	-20,821	-20,831	-20,845	-20,835	-20,785	-20,717	-0,355	-0,215	-0,236	-0,178	-0,138	-0,138	-0,127	-0,117	-0,095	-0,079	-0,037	0,009	0,046	0,082	0,082	0,000	0,000
9,000	-9,970	-9,864	-9,786	-9,542	-9,393	-9,276	-9,211	-9,158	-9,108	-9,064	-9,011	-8,947	-8,861	-8,725	-8,569	0,119	0,239	0,308	0,396	0,383	0,344	0,320	0,296	0,278	0,266	0,284	0,303	0,317	0,323	0,247	0,000	0,000
10,000	-9,865	-9,836	-9,713	-9,543	-9,454	-9,421	-9,392	-9,377	-9,354	-9,350	-9,323	-9,282	-9,217	-9,116	-8,994	0,013	0,211	0,217	0,232	0,190	0,163	0,149	0,140	0,137	0,143	0,163	0,187	0,225	0,240	0,185	0,000	0,000
11,000	-9,895	-9,763	-9,718	-9,559	-9,476	-9,417	-9,387	-9,363	-9,333	-9,309	-9,268	-9,223	-9,146	-9,031	-8,892	0,180	0,202	0,220	0,232	0,218	0,188	0,180	0,173	0,178	0,186	0,211	0,236	0,254	0,271	0,204	0,000	0,000
12,000	-15,301	-15,274	-15,235	-15,176	-15,121	-15,105	-15,096	-15,096	-15,073	-15,092	-15,071	-15,029	-14,972	-14,855	-14,709	0,055	0,090	0,099	0,111	0,096	0,070	0,078	0,076	0,083	0,097	0,136	0,186	0,227	0,259	0,207	0,000	0,000
13,000	-8,414	-8,481	-8,455	-8,472	-8,446	-8,434	-8,417	-8,395	-8,372	-8,338	-8,277	-8,203	-8,101	-7,928	-7,717	-0,046	-0,009	-0,008	0,042	0,065	0,099	0,120	0,143	0,172	0,211	0,265	0,319	0,371	0,395	0,313	0,000	0,000
14,000	-11,899	-11,810	-11,875	-11,810	-11,807	-11,776	-11,761	-11,758	-11,757	-11,757	-11,744	-11,710	-11,637	-11,511	-11,355	-0,097	-0,093	-0,025	0,035	0,043	0,051	0,054	0,059	0,076	0,085	0,131	0,188	0,244	0,279	0,232	0,000	0,000
15,000	-6,987	-6,974	-6,838	-6,824	-6,769	-6,769	-6,761	-6,752	-6,739	-6,743	-6,733	-6,722	-6,695	-6,657	-6,624	0,523	0,404	0,270	0,152	0,116	0,095	0,084	0,075	0,062	0,064	0,063	0,070	0,080	0,083	0,065	0,000	0,000
	run	23	2022:11:08    11:37:18,347
0,000	-9,060	-8,730	-8,631	-8,559	-8,545	-8,537	-8,533	-8,533	-8,525	-8,534	-8,525	-8,510	-8,482	-8,432	-8,369	1,515	0,860	0,600	0,274	0,185	0,122	0,098	0,082	0,073	0,065	0,074	0,090	0,106	0,115	0,092	0,000	0,000
1,000	-14,372	-14,059	-13,857	-13,555	-13,387	-13,252	-13,182	-13,121	-13,062	-13,016	-12,962	-12,924	-12,885	-12,818	-12,753	1,040	0,824	0,716	0,577	0,525	0,438	0,385	0,338	0,294	0,254	0,228	0,211	0,190	0,171	0,123	0,000	0,000
2,000	-10,241	-10,230	-10,201	-10,064	-9,955	-9,884	-9,840	-9,793	-9,745	-9,718	-9,659	-9,586	-9,514	-9,396	-9,268	-0,015	0,084	0,146	0,238	0,247	0,224	0,233	0,229	0,229	0,228	0,248	0,268	0,276	0,269	0,199	0,000	0,000
3,000	-20,616	-20,709	-20,673	-20,415	-20,226	-20,099	-20,030	-19,978	-19,930	-19,920	-19,898	-19,861	-19,821	-19,741	-19,653	-0,269	0,039	0,163	0,363	0,379	0,324	0,289	0,246	0,212	0,172	0,162	0,174	0,174	0,182	0,139	0,000	0,000
4,000	-11,071	-11,177	-11,096	-11,095	-11,068	-11,062	-11,064	-11,067	-11,062	-11,039	-11,007	-10,949	-10,833	-10,636	-10,393	-0,370	-0,077	-0,062	0,017	0,031	0,038	0,061	0,080	0,107	0,160	0,234	0,312	0,391	0,437	0,360	0,000	0,000
5,000	-12,409	-12,395	-12,549	-12,581	-12,575	-12,557	-12,549	-12,542	-12,513	-12,522	-12,463	-12,383	-12,263	-12,028	-11,726	-0,134	-0,213	-0,170	-0,039	0,006	0,024	0,072	0,100	0,138	0,189	0,276	0,370	0,464	0,518	0,415	0,000	0,000
6,000	-8,603	-8,598	-8,511	-8,377	-8,286	-8,228	-8,203	-8,174	-8,130	-8,109	-8,058	-7,997	-7,903	-7,739	-7,560	-0,036	0,113	0,158	0,224	0,219	0,195	0,196	0,197	0,200	0,220	0,262	0,305	0,339	0,355	0,280	0,000	0,000
7,000	-7,022	-6,948	-6,927	-6,823	-6,767	-6,736	-6,716	-6,706	-6,687	-6,675	-6,664	-6,644	-6,615	-6,567	-6,509	0,065	0,098	0,114	0,149	0,131	0,103	0,102	0,087	0,084	0,078	0,084	0,104	0,107	0,111	0,089	0,000	0,000
8,000	-20,017	-20,261	-20,250	-20,413	-20,410	-20,460	-20,502	-20,522	-20,542	-20,588	-20,597	-20,608	-20,604	-20,552	-20,482	-0,368	-0,229	-0,244	-0,183	-0,139	-0,139	-0,128	-0,123	-0,101	-0,080	-0,034	0,016	0,042	0,089	0,079	0,000	0,000
9,000	-9,746	-9,687	-9,588	-9,356	-9,205	-9,089	-9,026	-8,976	-8,925	-8,883	-8,826	-8,765	-8,679	-8,549	-8,390	0,109	0,217	0,302	0,386	0,378	0,339	0,321	0,291	0,271	0,263	0,276	0,299	0,319	0,317	0,241	0,000	0,000
10,000	-9,811	-9,778	-9,661	-9,485	-9,399	-9,362	-9,338	-9,323	-9,299	-9,292	-9,269	-9,224	-9,162	-9,054	-8,934	0,025	0,204	0,223	0,233	0,194	0,164	0,144	0,145	0,135	0,143	0,165	0,189	0,222	0,238	0,188	0,000	0,000
11,000	-9,918	-9,790	-9,738	-9,580	-9,501	-9,441	-9,411	-9,392	-9,355	-9,333	-9,292	-9,244	-9,173	-9,063	-8,923	0,172	0,208	0,219	0,235	0,224	0,187	0,186	0,169	0,178	0,181	0,205	0,232	0,261	0,269	0,203	0,000	0,000
12,000	-15,425	-15,397	-15,371	-15,301	-15,252	-15,229	-15,221	-15,216	-15,204	-15,220	-15,190	-15,155	-15,101	-14,973	-14,833	0,047	0,093	0,095	0,112	0,100	0,076	0,075	0,077	0,088	0,091	0,131	0,187	0,234	0,256	0,205	0,000	0,000
13,000	-8,505	-8,562	-8,530	-8,548	-8,529	-8,511	-8,494	-8,471	-8,441	-8,405	-8,347	-8,279	-8,170	-8,002	-7,792	-0,036	-0,011	-0,001	0,041	0,074	0,101	0,115	0,144	0,174	0,214	0,260	0,316	0,371	0,397	0,314	0,000	0,000
14,000	-11,838	-11,729	-11,781	-11,737	-11,729	-11,698	-11,678	-11,686	-11,668	-11,670	-11,658	-11,626	-11,552	-11,431	-11,264	-0,100	-0,085	-0,019	0,040	0,050	0,044	0,059	0,060	0,078	0,089	0,133	0,193	0,245	0,282	0,230	0,000	0,000
15,000	-7,080	-7,056	-6,932	-6,900	-6,854	-6,852	-6,845	-6,832	-6,816	-6,822	-6,809	-6,793	-6,773	-6,734	-6,699	0,513	0,400	0,268	0,154	0,114	0,100	0,084	0,074	0,067	0,063	0,063	0,070	0,079	0,083	0,067	0,000	0,000
	run	24	2022:11:08    11:37:18,447
0,000	-9,033	-8,697	-8,594	-8,531	-8,509	-8,512	-8,504	-8,506	-8,493	-8,499	-8,494	-8,479	-8,454	-8,401	-8,339	1,546	0,889	0,610	0,282	0,184	0,118	0,100	0,086	0,073	0,069	0,073	0,087	0,104	0,110	0,087	0,000	0,000
1,000	-14,511	-14,193	-13,989	-13,698	-13,506	-13,378	-13,306	-13,239	-13,179	-13,142	-13,086	-13,047	-13,004	-12,944	-12,870	1,074	0,849	0,729	0,597	0,531	0,447	0,398	0,344	0,299	0,260	0,231	0,211	0,188	0,173	0,124	0,000	0,000
2,000	-10,436	-10,417	-10,367	-10,229	-10,123	-10,042	-9,997	-9,960	-9,909	-9,872	-9,813	-9,749	-9,667	-9,544	-9,413	-0,015	0,103	0,156	0,250	0,257	0,237	0,239	0,237	0,236	0,231	0,253	0,279	0,284	0,276	0,206	0,000	0,000
3,000	-21,035	-21,091	-21,035	-20,764	-20,560	-20,426	-20,362	-20,307	-20,258	-20,247	-20,219	-20,188	-20,151	-20,062	-19,974	-0,227	0,072	0,200	0,405	0,395	0,337	0,303	0,257	0,218	0,179	0,164	0,180	0,183	0,192	0,143	0,000	0,000
4,000	-11,292	-11,368	-11,313	-11,312	-11,286	-11,277	-11,282	-11,279	-11,275	-11,261	-11,226	-11,157	-11,042	-10,843	-10,595	-0,375	-0,103	-0,084	0,008	0,028	0,035	0,062	0,075	0,105	0,165	0,241	0,319	0,405	0,450	0,372	0,000	0,000
5,000	-12,594	-12,559	-12,696	-12,731	-12,733	-12,711	-12,695	-12,703	-12,672	-12,667	-12,622	-12,541	-12,409	-12,173	-11,871	-0,112	-0,214	-0,154	-0,030	0,009	0,032	0,070	0,102	0,143	0,187	0,271	0,372	0,468	0,524	0,424	0,000	0,000
6,000	-8,671	-8,668	-8,578	-8,448	-8,355	-8,299	-8,271	-8,240	-8,205	-8,183	-8,127	-8,058	-7,967	-7,806	-7,622	-0,033	0,118	0,153	0,218	0,220	0,192	0,197	0,191	0,206	0,222	0,262	0,304	0,342	0,360	0,278	0,000	0,000
7,000	-7,108	-7,036	-7,005	-6,902	-6,850	-6,812	-6,793	-6,780	-6,760	-6,753	-6,739	-6,713	-6,686	-6,635	-6,570	0,089	0,100	0,124	0,156	0,135	0,104	0,102	0,098	0,088	0,084	0,091	0,107	0,118	0,122	0,089	0,000	0,000
8,000	-19,943	-20,176	-20,185	-20,345	-20,347	-20,397	-20,429	-20,455	-20,483	-20,528	-20,538	-20,555	-20,546	-20,499	-20,429	-0,390	-0,243	-0,263	-0,184	-0,152	-0,153	-0,130	-0,128	-0,111	-0,080	-0,032	0,007	0,040	0,084	0,085	0,000	0,000
9,000	-9,801	-9,721	-9,630	-9,398	-9,238	-9,124	-9,053	-9,009	-8,954	-8,917	-8,856	-8,803	-8,722	-8,592	-8,438	0,140	0,250	0,306	0,398	0,385	0,338	0,315	0,293	0,275	0,260	0,274	0,291	0,310	0,313	0,234	0,000	0,000
10,000	-9,730	-9,698	-9,570	-9,413	-9,328	-9,291	-9,268	-9,252	-9,222	-9,224	-9,199	-9,156	-9,090	-8,988	-8,866	0,020	0,200	0,208	0,224	0,187	0,162	0,146	0,142	0,132	0,143	0,161	0,189	0,218	0,233	0,184	0,000	0,000
11,000	-9,689	-9,577	-9,528	-9,368	-9,283	-9,230	-9,195	-9,175	-9,146	-9,122	-9,083	-9,036	-8,966	-8,857	-8,726	0,173	0,189	0,204	0,232	0,212	0,187	0,178	0,170	0,174	0,174	0,198	0,228	0,249	0,258	0,199	0,000	0,000
12,000	-15,096	-15,066	-15,033	-14,978	-14,926	-14,910	-14,901	-14,900	-14,885	-14,894	-14,871	-14,840	-14,779	-14,661	-14,519	0,050	0,086	0,085	0,100	0,094	0,068	0,071	0,071	0,078	0,092	0,128	0,181	0,223	0,257	0,209	0,000	0,000
13,000	-8,436	-8,480	-8,463	-8,475	-8,456	-8,440	-8,421	-8,399	-8,373	-8,340	-8,277	-8,206	-8,102	-7,931	-7,713	-0,029	-0,013	0,009	0,053	0,070	0,099	0,118	0,141	0,172	0,207	0,268	0,312	0,373	0,394	0,315	0,000	0,000
14,000	-11,980	-11,885	-11,919	-11,872	-11,860	-11,834	-11,823	-11,818	-11,811	-11,807	-11,794	-11,763	-11,695	-11,573	-11,408	-0,124	-0,089	-0,025	0,041	0,051	0,047	0,058	0,058	0,070	0,092	0,138	0,190	0,245	0,278	0,228	0,000	0,000
15,000	-7,064	-7,028	-6,894	-6,871	-6,825	-6,822	-6,816	-6,802	-6,791	-6,795	-6,784	-6,778	-6,753	-6,711	-6,672	0,539	0,412	0,267	0,152	0,115	0,093	0,080	0,072	0,060	0,061	0,060	0,068	0,081	0,084	0,065	0,000	0,000
	run	25	2022:11:08    11:37:18,499
0,000	-9,033	-8,697	-8,594	-8,531	-8,509	-8,512	-8,504	-8,506	-8,493	-8,499	-8,494	-8,479	-8,454	-8,401	-8,339	1,546	0,889	0,610	0,282	0,184	0,118	0,100	0,086	0,073	0,069	0,073	0,087	0,104	0,110	0,087	0,000	0,000
1,000	-14,511	-14,193	-13,989	-13,698	-13,506	-13,378	-13,306	-13,239	-13,179	-13,142	-13,086	-13,047	-13,004	-12,944	-12,870	1,074	0,849	0,729	0,597	0,531	0,447	0,398	0,344	0,299	0,260	0,231	0,211	0,188	0,173	0,124	0,000	0,000
2,000	-10,436	-10,417	-10,367	-10,229	-10,123	-10,042	-9,997	-9,960	-9,909	-9,872	-9,813	-9,749	-9,667	-9,544	-9,413	-0,015	0,103	0,156	0,250	0,257	0,237	0,239	0,237	0,236	0,231	0,253	0,279	0,284	0,276	0,206	0,000	0,000
3,000	-21,035	-21,091	-21,035	-20,764	-20,560	-20,426	-20,362	-20,307	-20,258	-20,247	-20,219	-20,188	-20,151	-20,062	-19,974	-0,227	0,072	0,200	0,405	0,395	0,337	0,303	0,257	0,218	0,179	0,164	0,180	0,183	0,192	0,143	0,000	0,000
4,000	-11,292	-11,368	-11,313	-11,312	-11,286	-11,277	-11,282	-11,279	-11,275	-11,261	-11,226	-11,157	-11,042	-10,843	-10,595	-0,375	-0,103	-0,084	0,008	0,028	0,035	0,062	0,075	0,105	0,165	0,241	0,319	0,405	0,450	0,372	0,000	0,000
5,000	-12,594	-12,559	-12,696	-12,731	-12,733	-12,711	-12,695	-12,703	-12,672	-12,667	-12,622	-12,541	-12,409	-12,173	-11,871	-0,112	-0,214	-0,154	-0,030	0,009	0,032	0,070	0,102	0,143	0,187	0,271	0,372	0,468	0,524	0,424	0,000	0,000
6,000	-8,689	-8,682	-8,598	-8,466	-8,360	-8,307	-8,274	-8,247	-8,204	-8,186	-8,129	-8,064	-7,963	-7,813	-7,622	-0,038	0,117	0,165	0,230	0,222	0,200	0,204	0,196	0,208	0,223	0,258	0,308	0,339	0,356	0,284	0,000	0,000
7,000	-7,061	-6,982	-6,965	-6,875	-6,826	-6,786	-6,769	-6,760	-6,739	-6,738	-6,720	-6,692	-6,669	-6,616	-6,563	0,082	0,089	0,115	0,143	0,126	0,099	0,099	0,093	0,085	0,085	0,092	0,101	0,111	0,116	0,087	0,000	0,000
8,000	-20,011	-20,235	-20,219	-20,368	-20,368	-20,416	-20,450	-20,477	-20,493	-20,541	-20,555	-20,568	-20,562	-20,507	-20,441	-0,368	-0,203	-0,222	-0,168	-0,137	-0,130	-0,125	-0,118	-0,099	-0,083	-0,031	0,013	0,040	0,083	0,081	0,000	0,000
9,000	-9,676	-9,631	-9,548	-9,321	-9,170	-9,053	-8,989	-8,945	-8,888	-8,852	-8,793	-8,735	-8,652	-8,527	-8,375	0,120	0,212	0,285	0,378	0,368	0,334	0,313	0,291	0,272	0,266	0,274	0,286	0,308	0,310	0,233	0,000	0,000
10,000	-9,499	-9,505	-9,401	-9,285	-9,209	-9,172	-9,144	-9,127	-9,109	-9,102	-9,077	-9,036	-8,970	-8,879	-8,759	-0,043	0,139	0,145	0,189	0,163	0,146	0,134	0,133	0,123	0,135	0,153	0,177	0,216	0,224	0,179	0,000	0,000
11,000	-9,586	-9,489	-9,454	-9,315	-9,234	-9,181	-9,150	-9,124	-9,092	-9,075	-9,035	-8,991	-8,915	-8,814	-8,685	0,133	0,160	0,184	0,216	0,208	0,176	0,177	0,168	0,166	0,170	0,195	0,221	0,241	0,257	0,195	0,000	0,000
12,000	-14,798	-14,778	-14,741	-14,681	-14,632	-14,612	-14,610	-14,603	-14,591	-14,605	-14,579	-14,549	-14,489	-14,371	-14,235	0,065	0,093	0,100	0,102	0,095	0,065	0,074	0,074	0,083	0,092	0,132	0,180	0,218	0,249	0,197	0,000	0,000
13,000	-8,327	-8,365	-8,354	-8,371	-8,350	-8,332	-8,323	-8,298	-8,274	-8,239	-8,183	-8,111	-8,006	-7,843	-7,630	-0,036	-0,015	-0,003	0,037	0,070	0,093	0,113	0,142	0,169	0,213	0,252	0,311	0,364	0,383	0,309	0,000	0,000
14,000	-12,067	-11,980	-12,027	-11,980	-11,965	-11,938	-11,919	-11,922	-11,915	-11,909	-11,898	-11,867	-11,793	-11,667	-11,497	-0,086	-0,089	-0,015	0,046	0,048	0,052	0,057	0,067	0,080	0,098	0,132	0,192	0,255	0,283	0,238	0,000	0,000
15,000	-7,229	-7,193	-7,071	-7,042	-6,987	-6,987	-6,980	-6,969	-6,952	-6,959	-6,949	-6,934	-6,910	-6,868	-6,830	0,526	0,406	0,271	0,157	0,119	0,099	0,086	0,077	0,067	0,066	0,067	0,074	0,083	0,087	0,066	0,000	0,000
	run	26	2022:11:08    11:37:18,600
0,000	-9,524	-9,171	-9,065	-8,989	-8,968	-8,966	-8,964	-8,966	-8,947	-8,963	-8,951	-8,932	-8,905	-8,846	-8,783	1,592	0,908	0,636	0,290	0,190	0,127	0,101	0,084	0,073	0,068	0,082	0,098	0,114	0,123	0,095	0,000	0,000
1,000	-15,297	-14,923	-14,690	-14,322	-14,116	-13,975	-13,896	-13,825	-13,765	-13,721	-13,665	-13,621	-13,577	-13,513	-13,441	1,174	0,944	0,825	0,674	0,600	0,495	0,440	0,372	0,326	0,280	0,250	0,222	0,200	0,181	0,129	0,000	0,000
2,000	-10,805	-10,797	-10,735	-10,586	-10,469	-10,395	-10,346	-10,306	-10,248	-10,216	-10,151	-10,084	-9,994	-9,866	-9,728	-0,004	0,103	0,179	0,265	0,267	0,246	0,249	0,241	0,250	0,248	0,272	0,297	0,303	0,298	0,222	0,000	0,000
3,000	-21,472	-21,542	-21,450	-21,148	-20,933	-20,791	-20,716	-20,661	-20,612	-20,597	-20,571	-20,537	-20,497	-20,403	-20,305	-0,213	0,103	0,230	0,445	0,439	0,371	0,324	0,277	0,231	0,192	0,177	0,191	0,198	0,202	0,153	0,000	0,000
4,000	-11,288	-11,387	-11,295	-11,303	-11,277	-11,280	-11,279	-11,279	-11,278	-11,254	-11,227	-11,151	-11,029	-10,839	-10,584	-0,371	-0,085	-0,068	0,011	0,032	0,043	0,061	0,075	0,115	0,160	0,248	0,326	0,403	0,453	0,375	0,000	0,000
5,000	-12,559	-12,542	-12,678	-12,720	-12,709	-12,692	-12,683	-12,681	-12,650	-12,659	-12,613	-12,528	-12,392	-12,150	-11,845	-0,120	-0,229	-0,149	-0,029	0,006	0,028	0,074	0,103	0,145	0,190	0,277	0,373	0,465	0,531	0,425	0,000	0,000
6,000	-8,579	-8,566	-8,476	-8,347	-8,250	-8,194	-8,168	-8,144	-8,099	-8,078	-8,023	-7,966	-7,871	-7,717	-7,533	-0,044	0,121	0,159	0,225	0,216	0,190	0,191	0,187	0,200	0,218	0,256	0,299	0,332	0,350	0,272	0,000	0,000
7,000	-6,961	-6,893	-6,878	-6,788	-6,731	-6,700	-6,677	-6,670	-6,651	-6,638	-6,632	-6,608	-6,582	-6,532	-6,480	0,064	0,080	0,097	0,139	0,121	0,094	0,097	0,084	0,085	0,080	0,082	0,095	0,102	0,109	0,082	0,000	0,000
8,000	-19,525	-19,750	-19,728	-19,874	-19,862	-19,918	-19,948	-19,975	-19,995	-20,041	-20,055	-20,066	-20,061	-20,016	-19,946	-0,361	-0,201	-0,220	-0,152	-0,130	-0,135	-0,126	-0,121	-0,099	-0,074	-0,038	0,004	0,042	0,081	0,075	0,000	0,000
9,000	-9,489	-9,436	-9,355	-9,156	-9,016	-8,904	-8,839	-8,791	-8,739	-8,698	-8,649	-8,582	-8,504	-8,380	-8,232	0,103	0,183	0,254	0,352	0,355	0,326	0,307	0,281	0,267	0,260	0,266	0,283	0,299	0,300	0,227	0,000	0,000
10,000	-9,462	-9,467	-9,369	-9,251	-9,166	-9,130	-9,111	-9,099	-9,069	-9,067	-9,046	-9,008	-8,945	-8,845	-8,738	-0,022	0,134	0,152	0,182	0,158	0,143	0,132	0,123	0,119	0,126	0,147	0,176	0,209	0,218	0,172	0,000	0,000
11,000	-9,616	-9,518	-9,481	-9,344	-9,262	-9,207	-9,184	-9,157	-9,128	-9,108	-9,067	-9,024	-8,956	-8,850	-8,729	0,130	0,165	0,176	0,205	0,196	0,174	0,170	0,160	0,162	0,170	0,193	0,211	0,237	0,244	0,190	0,000	0,000
12,000	-14,750	-14,720	-14,688	-14,623	-14,569	-14,550	-14,541	-14,539	-14,526	-14,539	-14,513	-14,482	-14,422	-14,301	-14,170	0,064	0,097	0,106	0,111	0,098	0,073	0,074	0,075	0,085	0,090	0,132	0,176	0,219	0,246	0,197	0,000	0,000
13,000	-8,260	-8,317	-8,293	-8,315	-8,294	-8,276	-8,261	-8,240	-8,214	-8,178	-8,124	-8,059	-7,955	-7,796	-7,585	-0,057	-0,019	-0,014	0,034	0,065	0,095	0,114	0,138	0,165	0,209	0,251	0,308	0,354	0,379	0,299	0,000	0,000
14,000	-11,988	-11,898	-11,938	-11,895	-11,891	-11,863	-11,849	-11,845	-11,838	-11,828	-11,824	-11,786	-11,713	-11,585	-11,414	-0,109	-0,094	-0,030	0,036	0,043	0,048	0,059	0,058	0,075	0,094	0,138	0,204	0,259	0,297	0,248	0,000	0,000
15,000	-7,279	-7,241	-7,106	-7,073	-7,026	-7,021	-7,013	-7,004	-6,983	-6,989	-6,975	-6,960	-6,936	-6,896	-6,855	0,538	0,417	0,273	0,165	0,126	0,102	0,083	0,082	0,070	0,071	0,069	0,073	0,085	0,090	0,067	0,000	0,000
