Device: PM2003001		2022:11:08    11:01:28,181  (DLL version: 1.20;  Status: HW:v1.02 SW:v1.3 CRC:31ED BATTERY:4154mV ST:0 ERR:0000;  MUX data; S: 92 I:143 R:200.000 C:1.094p F:)
Excitation level, V:	2,00
Voltage Channel Gain:	5
Current Channel Gain:	1
Voltmeter Range, V:	0,6
Ampermeter Range, A:	15,0m
Step Period, ms:	5
R transimp:	200
C transimp:	1,1p
Measurement Table: 	EEPROM  16

Freq, Hz	1,0k	2,0k	3,0k	7,0k	11,0k	17,0k	23,0k	31,0k	43,0k	61,0k	89,0k	127,0k	179,0k	251,0k	349,0k	1,0k	2,0k	3,0k	7,0k	11,0k	17,0k	23,0k	31,0k	43,0k	61,0k	89,0k	127,0k	179,0k	251,0k	349,0k
	run	1	2022:11:08    11:01:28,183
MUX	Re1, ohm	Re2, ohm	Re3, ohm	Re4, ohm	Re5, ohm	Re6, ohm	Re7, ohm	Re8, ohm	Re9, ohm	Re10, ohm	Re11, ohm	Re12, ohm	Re13, ohm	Re14, ohm	Re15, ohm	Im1, ohm	Im2, ohm	Im3, ohm	Im4, ohm	Im5, ohm	Im6, ohm	Im7, ohm	Im8, ohm	Im9, ohm	Im10, ohm	Im11, ohm	Im12, ohm	Im13, ohm	Im14, ohm	Im15, ohm	U, V	I, mA

0,000	-13,067	-13,156	-13,186	-13,269	-13,291	-13,301	-13,314	-13,318	-13,319	-13,324	-13,312	-13,287	-13,239	-13,146	-13,042	-0,251	-0,192	-0,166	-0,109	-0,077	-0,057	-0,031	-0,009	0,012	0,037	0,078	0,117	0,159	0,186	0,148	0,000	0,000
1,000	-16,752	-16,761	-16,666	-16,482	-16,360	-16,252	-16,198	-16,152	-16,109	-16,075	-16,036	-15,995	-15,934	-15,851	-15,742	0,017	0,151	0,202	0,304	0,321	0,289	0,272	0,228	0,220	0,209	0,204	0,212	0,225	0,227	0,175	0,000	0,000
2,000	-10,223	-10,193	-10,174	-10,036	-9,932	-9,856	-9,810	-9,778	-9,722	-9,689	-9,632	-9,558	-9,460	-9,315	-9,143	0,065	0,101	0,157	0,242	0,251	0,235	0,241	0,236	0,242	0,245	0,282	0,313	0,338	0,339	0,260	0,000	0,000
3,000	-20,308	-20,287	-20,220	-19,920	-19,726	-19,595	-19,519	-19,463	-19,419	-19,406	-19,366	-19,329	-19,277	-19,172	-19,051	0,114	0,264	0,338	0,457	0,446	0,366	0,324	0,280	0,242	0,215	0,204	0,220	0,233	0,239	0,182	0,000	0,000
4,000	-10,857	-10,960	-10,869	-10,840	-10,815	-10,814	-10,812	-10,807	-10,807	-10,793	-10,750	-10,679	-10,544	-10,329	-10,044	-0,315	-0,015	-0,024	0,034	0,043	0,076	0,081	0,101	0,128	0,190	0,268	0,350	0,448	0,502	0,410	0,000	0,000
5,000	-12,247	-12,158	-12,334	-12,349	-12,362	-12,333	-12,327	-12,322	-12,298	-12,294	-12,244	-12,149	-12,013	-11,765	-11,454	0,025	-0,174	-0,119	-0,011	0,011	0,038	0,081	0,108	0,150	0,204	0,293	0,396	0,493	0,548	0,451	0,000	0,000
6,000	-8,682	-8,696	-8,598	-8,465	-8,362	-8,306	-8,281	-8,245	-8,212	-8,190	-8,131	-8,076	-7,993	-7,844	-7,676	-0,087	0,111	0,148	0,222	0,223	0,196	0,199	0,196	0,198	0,207	0,243	0,278	0,313	0,331	0,255	0,000	0,000
7,000	-7,113	-7,077	-7,062	-7,000	-6,947	-6,920	-6,905	-6,893	-6,884	-6,875	-6,860	-6,838	-6,812	-6,762	-6,700	-0,054	0,005	0,045	0,105	0,095	0,074	0,075	0,073	0,076	0,072	0,083	0,092	0,103	0,113	0,083	0,000	0,000
8,000	-20,206	-20,446	-20,456	-20,578	-20,556	-20,614	-20,658	-20,677	-20,708	-20,763	-20,783	-20,798	-20,799	-20,753	-20,703	-0,466	-0,265	-0,246	-0,177	-0,154	-0,156	-0,143	-0,138	-0,120	-0,103	-0,062	-0,017	0,015	0,058	0,060	0,000	0,000
9,000	-9,807	-9,802	-9,740	-9,559	-9,430	-9,311	-9,250	-9,198	-9,140	-9,105	-9,041	-8,984	-8,896	-8,774	-8,626	-0,024	0,093	0,171	0,310	0,329	0,312	0,303	0,275	0,269	0,260	0,277	0,287	0,301	0,295	0,224	0,000	0,000
10,000	-9,927	-9,938	-9,804	-9,654	-9,547	-9,511	-9,490	-9,473	-9,455	-9,455	-9,435	-9,399	-9,346	-9,253	-9,149	-0,137	0,127	0,164	0,210	0,181	0,151	0,134	0,128	0,109	0,123	0,140	0,158	0,193	0,211	0,161	0,000	0,000
11,000	-10,507	-10,424	-10,399	-10,259	-10,175	-10,123	-10,086	-10,068	-10,036	-10,018	-9,987	-9,942	-9,874	-9,775	-9,661	-0,015	0,084	0,130	0,196	0,196	0,163	0,163	0,151	0,160	0,163	0,176	0,202	0,220	0,231	0,177	0,000	0,000
12,000	-14,547	-14,486	-14,421	-14,350	-14,297	-14,272	-14,261	-14,257	-14,242	-14,251	-14,235	-14,207	-14,166	-14,087	-13,995	0,125	0,147	0,143	0,135	0,107	0,081	0,078	0,075	0,070	0,075	0,099	0,129	0,149	0,174	0,133	0,000	0,000
13,000	-6,350	-6,047	-5,973	-5,877	-5,842	-5,818	-5,803	-5,786	-5,759	-5,747	-5,719	-5,659	-5,581	-5,460	-5,321	1,102	0,666	0,476	0,269	0,202	0,165	0,159	0,152	0,158	0,171	0,196	0,229	0,265	0,273	0,218	0,000	0,000
14,000	-9,634	-8,977	-8,941	-8,705	-8,682	-8,633	-8,611	-8,613	-8,584	-8,578	-8,560	-8,512	-8,447	-8,322	-8,156	1,572	0,886	0,709	0,391	0,281	0,209	0,186	0,154	0,151	0,157	0,180	0,218	0,269	0,290	0,229	0,000	0,000
15,000	-9,121	-9,189	-9,085	-9,078	-9,032	-9,026	-9,015	-9,000	-8,989	-8,982	-8,967	-8,941	-8,895	-8,833	-8,758	-0,127	0,054	0,033	0,061	0,061	0,056	0,061	0,071	0,073	0,084	0,098	0,112	0,135	0,145	0,114	0,000	0,000
	run	2	2022:11:08    11:01:28,283
0,000	-13,094	-13,182	-13,203	-13,293	-13,317	-13,327	-13,333	-13,335	-13,336	-13,341	-13,333	-13,301	-13,262	-13,176	-13,065	-0,251	-0,206	-0,167	-0,110	-0,078	-0,052	-0,027	-0,009	0,012	0,043	0,080	0,121	0,161	0,177	0,150	0,000	0,000
1,000	-16,775	-16,764	-16,678	-16,492	-16,354	-16,259	-16,203	-16,154	-16,111	-16,082	-16,034	-16,002	-15,945	-15,852	-15,744	0,018	0,156	0,217	0,308	0,317	0,291	0,266	0,236	0,222	0,204	0,208	0,210	0,215	0,223	0,173	0,000	0,000
2,000	-10,199	-10,192	-10,173	-10,039	-9,929	-9,854	-9,808	-9,772	-9,719	-9,691	-9,628	-9,560	-9,463	-9,313	-9,152	0,067	0,103	0,147	0,237	0,252	0,237	0,237	0,231	0,238	0,245	0,284	0,309	0,341	0,339	0,262	0,000	0,000
3,000	-20,273	-20,258	-20,197	-19,900	-19,697	-19,562	-19,501	-19,443	-19,394	-19,378	-19,339	-19,305	-19,250	-19,146	-19,028	0,125	0,251	0,331	0,462	0,443	0,361	0,323	0,277	0,248	0,207	0,204	0,219	0,229	0,240	0,181	0,000	0,000
4,000	-10,834	-10,941	-10,863	-10,833	-10,809	-10,807	-10,805	-10,797	-10,792	-10,778	-10,738	-10,668	-10,533	-10,311	-10,029	-0,290	-0,017	-0,018	0,046	0,047	0,070	0,080	0,097	0,129	0,187	0,270	0,357	0,447	0,501	0,413	0,000	0,000
5,000	-12,332	-12,254	-12,423	-12,450	-12,460	-12,438	-12,422	-12,429	-12,396	-12,395	-12,338	-12,248	-12,112	-11,861	-11,540	0,004	-0,174	-0,135	-0,016	0,016	0,039	0,075	0,109	0,157	0,212	0,299	0,405	0,499	0,556	0,455	0,000	0,000
6,000	-8,726	-8,750	-8,662	-8,521	-8,419	-8,364	-8,333	-8,299	-8,259	-8,240	-8,194	-8,131	-8,049	-7,900	-7,721	-0,051	0,108	0,159	0,230	0,226	0,200	0,201	0,193	0,202	0,210	0,245	0,284	0,317	0,338	0,260	0,000	0,000
7,000	-7,129	-7,105	-7,093	-7,013	-6,969	-6,939	-6,924	-6,910	-6,896	-6,890	-6,870	-6,856	-6,829	-6,777	-6,727	-0,032	0,010	0,053	0,109	0,104	0,087	0,081	0,077	0,074	0,069	0,079	0,093	0,099	0,105	0,082	0,000	0,000
8,000	-20,145	-20,386	-20,392	-20,534	-20,523	-20,580	-20,622	-20,642	-20,676	-20,732	-20,751	-20,766	-20,770	-20,734	-20,673	-0,469	-0,266	-0,250	-0,181	-0,150	-0,155	-0,150	-0,147	-0,124	-0,106	-0,068	-0,017	0,009	0,058	0,060	0,000	0,000
9,000	-9,713	-9,688	-9,630	-9,466	-9,333	-9,213	-9,150	-9,102	-9,043	-9,000	-8,944	-8,878	-8,800	-8,674	-8,534	-0,023	0,078	0,173	0,311	0,332	0,309	0,298	0,279	0,263	0,255	0,273	0,285	0,299	0,295	0,223	0,000	0,000
10,000	-9,857	-9,875	-9,747	-9,601	-9,515	-9,473	-9,451	-9,435	-9,412	-9,416	-9,395	-9,363	-9,308	-9,215	-9,111	-0,149	0,112	0,149	0,204	0,173	0,145	0,130	0,118	0,108	0,117	0,139	0,162	0,189	0,206	0,163	0,000	0,000
11,000	-10,489	-10,403	-10,379	-10,248	-10,171	-10,113	-10,082	-10,060	-10,029	-10,011	-9,976	-9,930	-9,867	-9,772	-9,654	-0,024	0,075	0,128	0,191	0,191	0,162	0,160	0,153	0,153	0,156	0,183	0,203	0,221	0,230	0,173	0,000	0,000
12,000	-14,588	-14,507	-14,444	-14,372	-14,318	-14,293	-14,285	-14,276	-14,262	-14,270	-14,257	-14,222	-14,189	-14,111	-14,021	0,115	0,154	0,154	0,136	0,113	0,085	0,079	0,074	0,075	0,075	0,102	0,131	0,150	0,169	0,130	0,000	0,000
13,000	-6,327	-6,024	-5,954	-5,867	-5,820	-5,805	-5,782	-5,772	-5,739	-5,732	-5,695	-5,645	-5,562	-5,448	-5,306	1,098	0,660	0,472	0,268	0,200	0,163	0,154	0,155	0,156	0,173	0,200	0,232	0,262	0,275	0,220	0,000	0,000
14,000	-9,593	-8,939	-8,904	-8,689	-8,653	-8,611	-8,580	-8,571	-8,553	-8,544	-8,534	-8,482	-8,417	-8,291	-8,135	1,601	0,885	0,696	0,389	0,284	0,207	0,184	0,155	0,154	0,147	0,175	0,219	0,267	0,289	0,235	0,000	0,000
15,000	-9,129	-9,191	-9,102	-9,084	-9,043	-9,036	-9,028	-9,010	-8,995	-8,994	-8,970	-8,948	-8,901	-8,838	-8,762	-0,140	0,056	0,029	0,066	0,056	0,058	0,063	0,067	0,072	0,087	0,100	0,119	0,140	0,147	0,117	0,000	0,000
	run	3	2022:11:08    11:01:28,331
0,000	-13,079	-13,170	-13,190	-13,280	-13,305	-13,322	-13,325	-13,330	-13,327	-13,331	-13,325	-13,296	-13,255	-13,163	-13,061	-0,269	-0,195	-0,170	-0,098	-0,082	-0,051	-0,029	-0,014	0,011	0,037	0,076	0,118	0,164	0,184	0,144	0,000	0,000
1,000	-16,733	-16,739	-16,652	-16,466	-16,340	-16,237	-16,182	-16,134	-16,093	-16,063	-16,020	-15,974	-15,920	-15,831	-15,716	-0,001	0,149	0,209	0,298	0,307	0,283	0,268	0,232	0,216	0,207	0,209	0,218	0,223	0,227	0,179	0,000	0,000
2,000	-10,199	-10,192	-10,173	-10,039	-9,929	-9,854	-9,808	-9,772	-9,719	-9,691	-9,628	-9,560	-9,463	-9,313	-9,152	0,067	0,103	0,147	0,237	0,252	0,237	0,237	0,231	0,238	0,245	0,284	0,309	0,341	0,339	0,262	0,000	0,000
3,000	-20,273	-20,258	-20,197	-19,900	-19,697	-19,562	-19,501	-19,443	-19,394	-19,378	-19,339	-19,305	-19,250	-19,146	-19,028	0,125	0,251	0,331	0,462	0,443	0,361	0,323	0,277	0,248	0,207	0,204	0,219	0,229	0,240	0,181	0,000	0,000
4,000	-10,834	-10,941	-10,863	-10,833	-10,809	-10,807	-10,805	-10,797	-10,792	-10,778	-10,738	-10,668	-10,533	-10,311	-10,029	-0,290	-0,017	-0,018	0,046	0,047	0,070	0,080	0,097	0,129	0,187	0,270	0,357	0,447	0,501	0,413	0,000	0,000
5,000	-12,332	-12,254	-12,423	-12,450	-12,460	-12,438	-12,422	-12,429	-12,396	-12,395	-12,338	-12,248	-12,112	-11,861	-11,540	0,004	-0,174	-0,135	-0,016	0,016	0,039	0,075	0,109	0,157	0,212	0,299	0,405	0,499	0,556	0,455	0,000	0,000
6,000	-8,726	-8,750	-8,662	-8,521	-8,419	-8,364	-8,333	-8,299	-8,259	-8,240	-8,194	-8,131	-8,049	-7,900	-7,721	-0,051	0,108	0,159	0,230	0,226	0,200	0,201	0,193	0,202	0,210	0,245	0,284	0,317	0,338	0,260	0,000	0,000
7,000	-7,129	-7,105	-7,093	-7,013	-6,969	-6,939	-6,924	-6,910	-6,896	-6,890	-6,870	-6,856	-6,829	-6,777	-6,727	-0,032	0,010	0,053	0,109	0,104	0,087	0,081	0,077	0,074	0,069	0,079	0,093	0,099	0,105	0,082	0,000	0,000
8,000	-20,160	-20,413	-20,420	-20,553	-20,537	-20,597	-20,636	-20,665	-20,693	-20,749	-20,765	-20,780	-20,783	-20,749	-20,690	-0,441	-0,283	-0,244	-0,169	-0,152	-0,157	-0,150	-0,147	-0,122	-0,113	-0,063	-0,018	0,012	0,056	0,057	0,000	0,000
9,000	-9,714	-9,723	-9,662	-9,486	-9,352	-9,241	-9,179	-9,124	-9,070	-9,030	-8,970	-8,912	-8,827	-8,706	-8,563	-0,048	0,091	0,168	0,306	0,328	0,314	0,295	0,281	0,266	0,264	0,267	0,291	0,296	0,295	0,221	0,000	0,000
10,000	-9,867	-9,885	-9,753	-9,615	-9,516	-9,472	-9,451	-9,438	-9,419	-9,424	-9,400	-9,365	-9,309	-9,219	-9,113	-0,148	0,112	0,145	0,201	0,177	0,147	0,130	0,115	0,110	0,128	0,137	0,161	0,186	0,202	0,161	0,000	0,000
11,000	-10,487	-10,398	-10,364	-10,234	-10,152	-10,094	-10,068	-10,046	-10,014	-10,000	-9,959	-9,915	-9,858	-9,756	-9,638	-0,031	0,078	0,125	0,191	0,190	0,161	0,164	0,153	0,152	0,161	0,183	0,206	0,224	0,232	0,175	0,000	0,000
12,000	-14,510	-14,425	-14,375	-14,297	-14,244	-14,220	-14,212	-14,206	-14,190	-14,200	-14,188	-14,153	-14,119	-14,040	-13,947	0,133	0,153	0,148	0,133	0,114	0,079	0,075	0,072	0,077	0,077	0,099	0,129	0,151	0,167	0,132	0,000	0,000
13,000	-6,341	-6,032	-5,963	-5,873	-5,827	-5,809	-5,791	-5,776	-5,749	-5,730	-5,701	-5,648	-5,569	-5,452	-5,311	1,101	0,669	0,469	0,267	0,198	0,162	0,157	0,152	0,159	0,170	0,200	0,230	0,267	0,277	0,220	0,000	0,000
14,000	-9,605	-8,955	-8,909	-8,703	-8,672	-8,624	-8,597	-8,592	-8,575	-8,566	-8,532	-8,506	-8,437	-8,313	-8,147	1,583	0,894	0,704	0,401	0,282	0,213	0,187	0,163	0,153	0,151	0,186	0,224	0,265	0,290	0,234	0,000	0,000
15,000	-9,154	-9,221	-9,120	-9,110	-9,067	-9,062	-9,050	-9,038	-9,021	-9,017	-8,996	-8,969	-8,929	-8,864	-8,788	-0,132	0,051	0,034	0,059	0,057	0,060	0,069	0,065	0,073	0,088	0,099	0,120	0,135	0,143	0,114	0,000	0,000
	run	4	2022:11:08    11:01:28,432
0,000	-13,114	-13,200	-13,237	-13,325	-13,347	-13,359	-13,358	-13,370	-13,365	-13,377	-13,366	-13,339	-13,292	-13,201	-13,094	-0,247	-0,194	-0,171	-0,111	-0,080	-0,049	-0,024	-0,012	0,013	0,038	0,076	0,117	0,160	0,186	0,145	0,000	0,000
1,000	-16,847	-16,846	-16,752	-16,571	-16,441	-16,333	-16,277	-16,232	-16,191	-16,153	-16,118	-16,077	-16,018	-15,927	-15,820	0,000	0,152	0,223	0,320	0,322	0,287	0,274	0,238	0,222	0,207	0,208	0,213	0,220	0,228	0,172	0,000	0,000
2,000	-10,286	-10,261	-10,241	-10,103	-9,994	-9,924	-9,872	-9,838	-9,787	-9,755	-9,693	-9,618	-9,520	-9,378	-9,211	0,053	0,104	0,160	0,249	0,254	0,235	0,241	0,239	0,243	0,252	0,285	0,315	0,337	0,345	0,259	0,000	0,000
3,000	-20,429	-20,405	-20,343	-20,033	-19,825	-19,693	-19,627	-19,572	-19,517	-19,510	-19,470	-19,434	-19,376	-19,274	-19,151	0,130	0,264	0,339	0,464	0,453	0,375	0,327	0,286	0,249	0,207	0,207	0,218	0,230	0,242	0,182	0,000	0,000
4,000	-10,891	-11,003	-10,919	-10,904	-10,872	-10,876	-10,865	-10,869	-10,859	-10,839	-10,806	-10,734	-10,599	-10,376	-10,086	-0,294	-0,014	-0,016	0,041	0,044	0,074	0,079	0,099	0,131	0,193	0,272	0,360	0,454	0,505	0,413	0,000	0,000
5,000	-12,276	-12,202	-12,362	-12,389	-12,394	-12,370	-12,352	-12,354	-12,331	-12,323	-12,264	-12,180	-12,048	-11,798	-11,479	0,016	-0,171	-0,131	-0,016	0,013	0,037	0,079	0,109	0,153	0,201	0,292	0,397	0,497	0,559	0,449	0,000	0,000
6,000	-8,744	-8,749	-8,653	-8,520	-8,421	-8,360	-8,330	-8,301	-8,266	-8,244	-8,191	-8,132	-8,043	-7,896	-7,728	-0,068	0,115	0,157	0,235	0,220	0,200	0,195	0,191	0,196	0,217	0,242	0,284	0,320	0,336	0,261	0,000	0,000
7,000	-7,114	-7,107	-7,081	-7,013	-6,965	-6,940	-6,923	-6,915	-6,894	-6,891	-6,871	-6,857	-6,831	-6,780	-6,728	-0,030	0,017	0,057	0,106	0,097	0,083	0,077	0,071	0,074	0,072	0,080	0,094	0,103	0,107	0,081	0,000	0,000
8,000	-20,156	-20,411	-20,422	-20,550	-20,547	-20,598	-20,637	-20,669	-20,692	-20,745	-20,763	-20,783	-20,787	-20,742	-20,689	-0,441	-0,266	-0,249	-0,175	-0,148	-0,155	-0,146	-0,139	-0,121	-0,112	-0,066	-0,018	0,016	0,057	0,059	0,000	0,000
9,000	-9,744	-9,748	-9,693	-9,526	-9,391	-9,274	-9,212	-9,160	-9,106	-9,064	-9,003	-8,941	-8,862	-8,740	-8,595	-0,035	0,080	0,165	0,310	0,328	0,310	0,300	0,274	0,264	0,260	0,271	0,286	0,296	0,292	0,223	0,000	0,000
10,000	-9,851	-9,871	-9,754	-9,605	-9,510	-9,469	-9,447	-9,431	-9,411	-9,410	-9,392	-9,361	-9,299	-9,212	-9,110	-0,143	0,110	0,141	0,204	0,177	0,148	0,130	0,116	0,110	0,115	0,135	0,162	0,190	0,206	0,164	0,000	0,000
11,000	-10,460	-10,381	-10,351	-10,223	-10,140	-10,079	-10,055	-10,031	-9,998	-9,982	-9,948	-9,906	-9,842	-9,740	-9,628	-0,021	0,080	0,124	0,193	0,188	0,161	0,159	0,152	0,155	0,156	0,179	0,206	0,219	0,230	0,173	0,000	0,000
12,000	-14,491	-14,411	-14,354	-14,279	-14,226	-14,199	-14,198	-14,188	-14,175	-14,186	-14,160	-14,139	-14,105	-14,022	-13,933	0,134	0,151	0,147	0,133	0,110	0,081	0,079	0,074	0,073	0,072	0,099	0,131	0,149	0,168	0,133	0,000	0,000
13,000	-6,334	-6,019	-5,961	-5,863	-5,819	-5,800	-5,781	-5,767	-5,740	-5,734	-5,698	-5,638	-5,561	-5,446	-5,299	1,104	0,662	0,478	0,269	0,199	0,162	0,160	0,152	0,156	0,174	0,202	0,232	0,263	0,276	0,215	0,000	0,000
14,000	-9,634	-8,968	-8,936	-8,717	-8,691	-8,639	-8,611	-8,611	-8,591	-8,583	-8,560	-8,523	-8,448	-8,331	-8,164	1,581	0,884	0,712	0,388	0,286	0,211	0,186	0,159	0,150	0,156	0,187	0,219	0,266	0,294	0,237	0,000	0,000
15,000	-9,122	-9,194	-9,098	-9,091	-9,044	-9,041	-9,031	-9,015	-9,001	-8,998	-8,978	-8,954	-8,912	-8,849	-8,774	-0,133	0,051	0,030	0,064	0,057	0,064	0,063	0,069	0,072	0,084	0,100	0,121	0,137	0,147	0,116	0,000	0,000
	run	5	2022:11:08    11:01:28,483
0,000	-13,114	-13,200	-13,237	-13,325	-13,347	-13,359	-13,358	-13,370	-13,365	-13,377	-13,366	-13,339	-13,292	-13,201	-13,094	-0,247	-0,194	-0,171	-0,111	-0,080	-0,049	-0,024	-0,012	0,013	0,038	0,076	0,117	0,160	0,186	0,145	0,000	0,000
1,000	-16,847	-16,846	-16,752	-16,571	-16,441	-16,333	-16,277	-16,232	-16,191	-16,153	-16,118	-16,077	-16,018	-15,927	-15,820	0,000	0,152	0,223	0,320	0,322	0,287	0,274	0,238	0,222	0,207	0,208	0,213	0,220	0,228	0,172	0,000	0,000
2,000	-10,286	-10,261	-10,241	-10,103	-9,994	-9,924	-9,872	-9,838	-9,787	-9,755	-9,693	-9,618	-9,520	-9,378	-9,211	0,053	0,104	0,160	0,249	0,254	0,235	0,241	0,239	0,243	0,252	0,285	0,315	0,337	0,345	0,259	0,000	0,000
3,000	-20,429	-20,405	-20,343	-20,033	-19,825	-19,693	-19,627	-19,572	-19,517	-19,510	-19,470	-19,434	-19,376	-19,274	-19,151	0,130	0,264	0,339	0,464	0,453	0,375	0,327	0,286	0,249	0,207	0,207	0,218	0,230	0,242	0,182	0,000	0,000
4,000	-10,891	-11,003	-10,919	-10,904	-10,872	-10,876	-10,865	-10,869	-10,859	-10,839	-10,806	-10,734	-10,599	-10,376	-10,086	-0,294	-0,014	-0,016	0,041	0,044	0,074	0,079	0,099	0,131	0,193	0,272	0,360	0,454	0,505	0,413	0,000	0,000
5,000	-12,276	-12,202	-12,362	-12,389	-12,394	-12,370	-12,352	-12,354	-12,331	-12,323	-12,264	-12,180	-12,048	-11,798	-11,479	0,016	-0,171	-0,131	-0,016	0,013	0,037	0,079	0,109	0,153	0,201	0,292	0,397	0,497	0,559	0,449	0,000	0,000
6,000	-8,689	-8,692	-8,611	-8,475	-8,374	-8,314	-8,286	-8,252	-8,213	-8,195	-8,146	-8,086	-8,000	-7,854	-7,676	-0,069	0,110	0,156	0,221	0,222	0,198	0,197	0,192	0,197	0,209	0,234	0,281	0,315	0,335	0,258	0,000	0,000
7,000	-7,080	-7,048	-7,030	-6,958	-6,907	-6,880	-6,865	-6,854	-6,839	-6,839	-6,821	-6,800	-6,768	-6,724	-6,668	-0,050	0,011	0,048	0,103	0,097	0,078	0,083	0,072	0,073	0,073	0,081	0,092	0,101	0,107	0,082	0,000	0,000
8,000	-20,012	-20,256	-20,247	-20,378	-20,367	-20,419	-20,460	-20,490	-20,518	-20,576	-20,590	-20,607	-20,606	-20,572	-20,523	-0,446	-0,247	-0,244	-0,170	-0,149	-0,156	-0,150	-0,145	-0,128	-0,102	-0,063	-0,023	0,013	0,060	0,058	0,000	0,000
9,000	-9,633	-9,631	-9,567	-9,412	-9,282	-9,168	-9,101	-9,053	-8,994	-8,951	-8,892	-8,834	-8,757	-8,635	-8,495	-0,033	0,071	0,161	0,293	0,326	0,304	0,295	0,279	0,265	0,253	0,267	0,283	0,292	0,292	0,218	0,000	0,000
10,000	-9,823	-9,846	-9,714	-9,579	-9,485	-9,445	-9,426	-9,407	-9,387	-9,386	-9,359	-9,335	-9,279	-9,192	-9,088	-0,152	0,112	0,134	0,196	0,170	0,148	0,131	0,115	0,106	0,114	0,137	0,158	0,188	0,202	0,159	0,000	0,000
11,000	-10,470	-10,393	-10,370	-10,241	-10,158	-10,105	-10,075	-10,054	-10,026	-10,009	-9,971	-9,923	-9,867	-9,765	-9,652	-0,024	0,068	0,125	0,188	0,182	0,160	0,158	0,154	0,150	0,155	0,180	0,205	0,222	0,227	0,172	0,000	0,000
12,000	-14,548	-14,482	-14,416	-14,344	-14,284	-14,265	-14,250	-14,246	-14,229	-14,237	-14,224	-14,192	-14,158	-14,077	-13,994	0,129	0,154	0,148	0,139	0,113	0,083	0,080	0,071	0,075	0,071	0,102	0,126	0,149	0,164	0,136	0,000	0,000
13,000	-6,327	-6,019	-5,962	-5,870	-5,828	-5,813	-5,791	-5,779	-5,746	-5,735	-5,702	-5,647	-5,570	-5,450	-5,305	1,093	0,660	0,463	0,270	0,199	0,163	0,154	0,150	0,160	0,173	0,202	0,233	0,267	0,277	0,221	0,000	0,000
14,000	-9,618	-8,964	-8,937	-8,712	-8,689	-8,641	-8,608	-8,600	-8,582	-8,578	-8,562	-8,519	-8,440	-8,324	-8,161	1,599	0,876	0,707	0,400	0,289	0,210	0,186	0,162	0,151	0,157	0,185	0,219	0,265	0,290	0,234	0,000	0,000
15,000	-9,183	-9,257	-9,156	-9,142	-9,103	-9,096	-9,081	-9,074	-9,057	-9,054	-9,033	-9,007	-8,966	-8,896	-8,822	-0,126	0,048	0,033	0,061	0,062	0,063	0,067	0,066	0,076	0,087	0,104	0,120	0,139	0,146	0,117	0,000	0,000
	run	6	2022:11:08    11:01:28,583
0,000	-13,171	-13,269	-13,302	-13,394	-13,410	-13,428	-13,436	-13,440	-13,437	-13,446	-13,435	-13,409	-13,359	-13,277	-13,160	-0,260	-0,194	-0,171	-0,109	-0,084	-0,052	-0,028	-0,011	0,013	0,035	0,077	0,122	0,167	0,189	0,152	0,000	0,000
1,000	-16,873	-16,873	-16,779	-16,593	-16,457	-16,353	-16,295	-16,251	-16,212	-16,173	-16,132	-16,091	-16,039	-15,947	-15,838	0,010	0,164	0,223	0,310	0,326	0,287	0,273	0,238	0,219	0,206	0,211	0,217	0,221	0,231	0,172	0,000	0,000
2,000	-10,252	-10,238	-10,204	-10,072	-9,971	-9,892	-9,850	-9,812	-9,765	-9,726	-9,673	-9,599	-9,498	-9,348	-9,183	0,046	0,107	0,136	0,244	0,259	0,234	0,242	0,234	0,243	0,254	0,282	0,316	0,342	0,345	0,264	0,000	0,000
3,000	-20,376	-20,335	-20,293	-19,982	-19,782	-19,645	-19,577	-19,528	-19,474	-19,456	-19,420	-19,382	-19,329	-19,224	-19,104	0,123	0,264	0,324	0,467	0,448	0,366	0,324	0,281	0,248	0,213	0,208	0,222	0,232	0,242	0,181	0,000	0,000
4,000	-10,859	-10,960	-10,870	-10,845	-10,822	-10,831	-10,815	-10,814	-10,808	-10,791	-10,758	-10,684	-10,547	-10,327	-10,040	-0,309	-0,016	-0,020	0,033	0,043	0,073	0,080	0,100	0,124	0,192	0,272	0,359	0,448	0,506	0,417	0,000	0,000
5,000	-12,296	-12,224	-12,383	-12,404	-12,418	-12,387	-12,382	-12,371	-12,348	-12,337	-12,294	-12,208	-12,066	-11,816	-11,492	-0,002	-0,163	-0,119	-0,012	0,020	0,043	0,075	0,108	0,156	0,201	0,304	0,395	0,496	0,560	0,454	0,000	0,000
6,000	-8,681	-8,675	-8,583	-8,454	-8,348	-8,294	-8,259	-8,233	-8,197	-8,177	-8,124	-8,066	-7,979	-7,834	-7,658	-0,080	0,111	0,159	0,225	0,226	0,199	0,199	0,195	0,202	0,210	0,239	0,282	0,316	0,333	0,256	0,000	0,000
7,000	-7,067	-7,042	-7,035	-6,969	-6,921	-6,890	-6,874	-6,865	-6,853	-6,843	-6,833	-6,805	-6,784	-6,738	-6,680	-0,037	0,015	0,038	0,095	0,090	0,075	0,077	0,075	0,072	0,072	0,079	0,089	0,099	0,110	0,082	0,000	0,000
8,000	-20,017	-20,248	-20,250	-20,376	-20,367	-20,420	-20,456	-20,490	-20,515	-20,568	-20,586	-20,609	-20,606	-20,564	-20,516	-0,445	-0,253	-0,237	-0,164	-0,148	-0,155	-0,146	-0,141	-0,125	-0,106	-0,060	-0,020	0,014	0,057	0,056	0,000	0,000
9,000	-9,694	-9,694	-9,629	-9,468	-9,342	-9,228	-9,161	-9,112	-9,056	-9,010	-8,955	-8,895	-8,818	-8,694	-8,556	-0,034	0,074	0,160	0,300	0,320	0,303	0,296	0,275	0,270	0,259	0,270	0,287	0,298	0,297	0,221	0,000	0,000
10,000	-9,843	-9,864	-9,742	-9,595	-9,497	-9,453	-9,435	-9,419	-9,405	-9,399	-9,381	-9,349	-9,290	-9,203	-9,093	-0,151	0,110	0,138	0,196	0,174	0,145	0,130	0,120	0,109	0,115	0,136	0,157	0,187	0,202	0,160	0,000	0,000
11,000	-10,480	-10,414	-10,381	-10,246	-10,166	-10,114	-10,084	-10,062	-10,028	-10,013	-9,975	-9,927	-9,868	-9,771	-9,659	-0,023	0,074	0,123	0,188	0,188	0,157	0,159	0,150	0,154	0,155	0,182	0,200	0,219	0,235	0,173	0,000	0,000
12,000	-14,512	-14,443	-14,383	-14,303	-14,249	-14,227	-14,216	-14,212	-14,198	-14,211	-14,193	-14,162	-14,127	-14,046	-13,954	0,125	0,155	0,142	0,131	0,109	0,082	0,079	0,070	0,074	0,071	0,100	0,125	0,148	0,168	0,129	0,000	0,000
13,000	-6,361	-6,041	-5,984	-5,880	-5,841	-5,821	-5,806	-5,786	-5,757	-5,749	-5,716	-5,661	-5,586	-5,468	-5,321	1,115	0,665	0,470	0,268	0,197	0,164	0,157	0,155	0,159	0,164	0,200	0,230	0,265	0,274	0,217	0,000	0,000
14,000	-9,673	-9,008	-8,957	-8,740	-8,706	-8,660	-8,634	-8,631	-8,614	-8,600	-8,583	-8,540	-8,468	-8,350	-8,182	1,585	0,890	0,706	0,398	0,283	0,211	0,188	0,160	0,155	0,166	0,181	0,222	0,271	0,287	0,235	0,000	0,000
15,000	-9,203	-9,263	-9,163	-9,147	-9,108	-9,106	-9,093	-9,079	-9,063	-9,061	-9,042	-9,015	-8,973	-8,907	-8,834	-0,130	0,051	0,027	0,065	0,055	0,062	0,065	0,068	0,077	0,088	0,100	0,119	0,140	0,149	0,119	0,000	0,000
	run	7	2022:11:08    11:01:28,683
0,000	-13,150	-13,262	-13,282	-13,373	-13,392	-13,406	-13,416	-13,419	-13,418	-13,427	-13,415	-13,392	-13,344	-13,255	-13,147	-0,265	-0,194	-0,163	-0,106	-0,079	-0,049	-0,025	-0,015	0,013	0,036	0,079	0,119	0,159	0,182	0,148	0,000	0,000
1,000	-16,887	-16,901	-16,795	-16,612	-16,478	-16,378	-16,322	-16,279	-16,234	-16,202	-16,158	-16,119	-16,060	-15,970	-15,862	0,011	0,162	0,216	0,314	0,326	0,286	0,271	0,235	0,222	0,211	0,208	0,218	0,222	0,224	0,171	0,000	0,000
2,000	-10,271	-10,246	-10,227	-10,084	-9,985	-9,909	-9,863	-9,826	-9,773	-9,743	-9,685	-9,607	-9,513	-9,361	-9,191	0,064	0,113	0,151	0,247	0,256	0,238	0,243	0,236	0,242	0,253	0,284	0,313	0,339	0,346	0,263	0,000	0,000
3,000	-20,395	-20,362	-20,308	-19,998	-19,792	-19,660	-19,588	-19,531	-19,477	-19,468	-19,434	-19,393	-19,342	-19,233	-19,110	0,133	0,264	0,332	0,469	0,449	0,370	0,330	0,285	0,247	0,211	0,211	0,221	0,231	0,241	0,183	0,000	0,000
4,000	-10,885	-10,987	-10,898	-10,883	-10,852	-10,856	-10,855	-10,849	-10,843	-10,824	-10,790	-10,710	-10,579	-10,359	-10,072	-0,283	-0,012	-0,017	0,036	0,042	0,073	0,081	0,100	0,130	0,191	0,270	0,351	0,449	0,502	0,411	0,000	0,000
5,000	-12,289	-12,214	-12,379	-12,396	-12,404	-12,385	-12,366	-12,370	-12,340	-12,330	-12,289	-12,197	-12,059	-11,810	-11,493	0,013	-0,169	-0,115	-0,012	0,022	0,040	0,080	0,106	0,154	0,204	0,295	0,403	0,497	0,559	0,452	0,000	0,000
6,000	-8,705	-8,698	-8,613	-8,475	-8,370	-8,319	-8,287	-8,255	-8,217	-8,200	-8,141	-8,086	-7,999	-7,854	-7,679	-0,085	0,103	0,154	0,225	0,222	0,200	0,200	0,196	0,192	0,203	0,255	0,281	0,316	0,331	0,264	0,000	0,000
7,000	-7,084	-7,059	-7,047	-6,983	-6,934	-6,901	-6,888	-6,876	-6,860	-6,857	-6,842	-6,823	-6,796	-6,743	-6,687	-0,034	0,006	0,054	0,105	0,098	0,077	0,082	0,074	0,073	0,073	0,082	0,088	0,100	0,105	0,080	0,000	0,000
8,000	-20,037	-20,290	-20,294	-20,416	-20,410	-20,459	-20,498	-20,524	-20,556	-20,606	-20,623	-20,644	-20,647	-20,610	-20,546	-0,440	-0,250	-0,239	-0,167	-0,145	-0,145	-0,144	-0,145	-0,126	-0,098	-0,058	-0,015	0,018	0,059	0,060	0,000	0,000
9,000	-9,670	-9,660	-9,612	-9,450	-9,325	-9,208	-9,143	-9,095	-9,041	-8,994	-8,941	-8,879	-8,794	-8,677	-8,534	-0,030	0,073	0,149	0,296	0,322	0,305	0,297	0,276	0,262	0,258	0,266	0,283	0,296	0,297	0,225	0,000	0,000
10,000	-9,809	-9,841	-9,707	-9,570	-9,474	-9,429	-9,408	-9,392	-9,375	-9,368	-9,349	-9,320	-9,260	-9,174	-9,069	-0,167	0,109	0,143	0,205	0,176	0,146	0,129	0,120	0,114	0,120	0,138	0,164	0,187	0,197	0,160	0,000	0,000
11,000	-10,427	-10,351	-10,323	-10,198	-10,117	-10,061	-10,031	-10,012	-9,979	-9,960	-9,924	-9,878	-9,817	-9,722	-9,605	-0,020	0,073	0,114	0,189	0,184	0,160	0,163	0,150	0,149	0,155	0,176	0,202	0,221	0,228	0,173	0,000	0,000
12,000	-14,532	-14,450	-14,395	-14,321	-14,263	-14,237	-14,229	-14,220	-14,207	-14,223	-14,203	-14,175	-14,136	-14,057	-13,968	0,123	0,151	0,144	0,134	0,110	0,078	0,076	0,076	0,075	0,076	0,098	0,129	0,147	0,171	0,130	0,000	0,000
13,000	-6,368	-6,040	-5,992	-5,880	-5,850	-5,830	-5,802	-5,789	-5,766	-5,747	-5,707	-5,649	-5,570	-5,461	-5,307	1,103	0,657	0,469	0,267	0,201	0,169	0,162	0,162	0,167	0,180	0,216	0,236	0,266	0,276	0,219	0,000	0,000
14,000	-9,730	-9,066	-9,008	-8,799	-8,760	-8,719	-8,684	-8,684	-8,662	-8,647	-8,625	-8,595	-8,522	-8,392	-8,234	1,572	0,886	0,708	0,407	0,293	0,215	0,184	0,165	0,152	0,151	0,191	0,223	0,266	0,294	0,236	0,000	0,000
15,000	-9,181	-9,241	-9,153	-9,133	-9,088	-9,087	-9,077	-9,064	-9,049	-9,043	-9,026	-8,999	-8,957	-8,893	-8,816	-0,137	0,049	0,034	0,067	0,060	0,064	0,057	0,067	0,074	0,081	0,097	0,118	0,136	0,145	0,114	0,000	0,000
	run	8	2022:11:08    11:01:28,730
0,000	-13,132	-13,223	-13,262	-13,350	-13,372	-13,382	-13,386	-13,401	-13,397	-13,404	-13,394	-13,364	-13,321	-13,224	-13,123	-0,252	-0,196	-0,169	-0,107	-0,078	-0,045	-0,032	-0,010	0,014	0,039	0,079	0,121	0,163	0,185	0,152	0,000	0,000
1,000	-16,833	-16,827	-16,731	-16,551	-16,414	-16,312	-16,258	-16,207	-16,167	-16,134	-16,093	-16,056	-15,996	-15,902	-15,793	0,011	0,169	0,212	0,322	0,315	0,291	0,266	0,238	0,218	0,206	0,207	0,220	0,220	0,226	0,174	0,000	0,000
2,000	-10,271	-10,246	-10,227	-10,084	-9,985	-9,909	-9,863	-9,826	-9,773	-9,743	-9,685	-9,607	-9,513	-9,361	-9,191	0,064	0,113	0,151	0,247	0,256	0,238	0,243	0,236	0,242	0,253	0,284	0,313	0,339	0,346	0,263	0,000	0,000
3,000	-20,395	-20,362	-20,308	-19,998	-19,792	-19,660	-19,588	-19,531	-19,477	-19,468	-19,434	-19,393	-19,342	-19,233	-19,110	0,133	0,264	0,332	0,469	0,449	0,370	0,330	0,285	0,247	0,211	0,211	0,221	0,231	0,241	0,183	0,000	0,000
4,000	-10,885	-10,987	-10,898	-10,883	-10,852	-10,856	-10,855	-10,849	-10,843	-10,824	-10,790	-10,710	-10,579	-10,359	-10,072	-0,283	-0,012	-0,017	0,036	0,042	0,073	0,081	0,100	0,130	0,191	0,270	0,351	0,449	0,502	0,411	0,000	0,000
5,000	-12,289	-12,214	-12,379	-12,396	-12,404	-12,385	-12,366	-12,370	-12,340	-12,330	-12,289	-12,197	-12,059	-11,810	-11,493	0,013	-0,169	-0,115	-0,012	0,022	0,040	0,080	0,106	0,154	0,204	0,295	0,403	0,497	0,559	0,452	0,000	0,000
6,000	-8,705	-8,698	-8,613	-8,475	-8,370	-8,319	-8,287	-8,255	-8,217	-8,200	-8,141	-8,086	-7,999	-7,854	-7,679	-0,085	0,103	0,154	0,225	0,222	0,200	0,200	0,196	0,192	0,203	0,255	0,281	0,316	0,331	0,264	0,000	0,000
7,000	-7,084	-7,059	-7,047	-6,983	-6,934	-6,901	-6,888	-6,876	-6,860	-6,857	-6,842	-6,823	-6,796	-6,743	-6,687	-0,034	0,006	0,054	0,105	0,098	0,077	0,082	0,074	0,073	0,073	0,082	0,088	0,100	0,105	0,080	0,000	0,000
8,000	-19,978	-20,223	-20,218	-20,350	-20,339	-20,390	-20,430	-20,463	-20,492	-20,541	-20,562	-20,583	-20,585	-20,548	-20,492	-0,454	-0,262	-0,233	-0,171	-0,147	-0,157	-0,149	-0,143	-0,120	-0,109	-0,066	-0,022	0,012	0,057	0,058	0,000	0,000
9,000	-9,647	-9,640	-9,576	-9,426	-9,290	-9,177	-9,118	-9,063	-9,012	-8,967	-8,912	-8,848	-8,770	-8,649	-8,506	-0,044	0,078	0,154	0,306	0,325	0,304	0,292	0,274	0,263	0,256	0,270	0,283	0,295	0,292	0,219	0,000	0,000
10,000	-9,784	-9,821	-9,691	-9,569	-9,474	-9,431	-9,406	-9,394	-9,379	-9,372	-9,354	-9,322	-9,266	-9,177	-9,073	-0,161	0,106	0,138	0,194	0,169	0,142	0,131	0,120	0,113	0,122	0,133	0,158	0,190	0,201	0,160	0,000	0,000
11,000	-10,475	-10,400	-10,368	-10,239	-10,162	-10,106	-10,074	-10,058	-10,022	-10,005	-9,972	-9,929	-9,867	-9,768	-9,649	-0,015	0,066	0,123	0,190	0,189	0,161	0,156	0,151	0,152	0,151	0,178	0,201	0,220	0,225	0,172	0,000	0,000
12,000	-14,539	-14,464	-14,397	-14,322	-14,270	-14,242	-14,236	-14,226	-14,212	-14,220	-14,202	-14,179	-14,136	-14,057	-13,968	0,124	0,161	0,151	0,133	0,113	0,084	0,082	0,073	0,073	0,074	0,105	0,131	0,152	0,172	0,135	0,000	0,000
13,000	-6,351	-6,042	-5,973	-5,878	-5,833	-5,816	-5,796	-5,782	-5,757	-5,739	-5,714	-5,658	-5,579	-5,457	-5,317	1,091	0,668	0,471	0,262	0,199	0,164	0,159	0,155	0,156	0,171	0,202	0,231	0,265	0,275	0,221	0,000	0,000
14,000	-9,607	-8,949	-8,932	-8,702	-8,673	-8,622	-8,593	-8,595	-8,573	-8,561	-8,553	-8,504	-8,431	-8,312	-8,147	1,592	0,891	0,712	0,398	0,288	0,207	0,186	0,160	0,156	0,153	0,189	0,223	0,267	0,292	0,236	0,000	0,000
15,000	-9,190	-9,252	-9,155	-9,147	-9,107	-9,094	-9,085	-9,074	-9,054	-9,050	-9,030	-9,005	-8,963	-8,893	-8,820	-0,124	0,051	0,035	0,060	0,057	0,062	0,065	0,068	0,076	0,084	0,103	0,120	0,140	0,151	0,119	0,000	0,000
	run	9	2022:11:08    11:01:28,832
0,000	-13,107	-13,183	-13,217	-13,311	-13,328	-13,339	-13,344	-13,355	-13,347	-13,360	-13,349	-13,324	-13,275	-13,187	-13,079	-0,254	-0,207	-0,167	-0,106	-0,076	-0,045	-0,027	-0,017	0,011	0,039	0,078	0,116	0,158	0,182	0,150	0,000	0,000
1,000	-16,774	-16,751	-16,670	-16,494	-16,358	-16,255	-16,200	-16,154	-16,111	-16,080	-16,041	-15,993	-15,941	-15,857	-15,738	0,008	0,148	0,221	0,303	0,316	0,279	0,265	0,235	0,220	0,207	0,211	0,216	0,219	0,231	0,177	0,000	0,000
2,000	-10,211	-10,191	-10,167	-10,037	-9,933	-9,853	-9,808	-9,774	-9,728	-9,693	-9,628	-9,559	-9,465	-9,316	-9,143	0,052	0,108	0,155	0,246	0,255	0,237	0,239	0,230	0,241	0,247	0,279	0,308	0,334	0,343	0,258	0,000	0,000
3,000	-20,338	-20,293	-20,250	-19,943	-19,740	-19,613	-19,543	-19,486	-19,434	-19,424	-19,386	-19,345	-19,292	-19,186	-19,068	0,122	0,261	0,317	0,458	0,450	0,365	0,323	0,279	0,245	0,209	0,205	0,217	0,232	0,241	0,180	0,000	0,000
4,000	-10,879	-10,990	-10,895	-10,879	-10,844	-10,844	-10,839	-10,834	-10,828	-10,816	-10,775	-10,703	-10,567	-10,350	-10,061	-0,292	-0,010	-0,014	0,044	0,048	0,072	0,081	0,099	0,133	0,192	0,272	0,358	0,448	0,502	0,415	0,000	0,000
5,000	-12,280	-12,215	-12,364	-12,389	-12,396	-12,373	-12,361	-12,359	-12,335	-12,321	-12,277	-12,192	-12,047	-11,799	-11,479	0,009	-0,188	-0,133	-0,008	0,012	0,038	0,081	0,114	0,157	0,208	0,294	0,399	0,495	0,561	0,454	0,000	0,000
6,000	-8,737	-8,740	-8,640	-8,503	-8,407	-8,350	-8,320	-8,292	-8,247	-8,226	-8,182	-8,116	-8,025	-7,880	-7,707	-0,073	0,108	0,156	0,229	0,222	0,196	0,202	0,191	0,204	0,215	0,246	0,285	0,317	0,334	0,263	0,000	0,000
7,000	-7,096	-7,088	-7,072	-7,002	-6,951	-6,920	-6,908	-6,897	-6,872	-6,870	-6,863	-6,835	-6,812	-6,766	-6,706	-0,030	0,017	0,044	0,104	0,096	0,079	0,077	0,081	0,073	0,069	0,085	0,094	0,103	0,104	0,086	0,000	0,000
8,000	-20,175	-20,371	-20,385	-20,520	-20,507	-20,555	-20,594	-20,627	-20,653	-20,707	-20,728	-20,745	-20,752	-20,703	-20,652	-0,447	-0,257	-0,244	-0,168	-0,152	-0,154	-0,151	-0,146	-0,129	-0,106	-0,062	-0,023	0,015	0,059	0,059	0,000	0,000
9,000	-9,722	-9,716	-9,653	-9,494	-9,364	-9,257	-9,186	-9,130	-9,072	-9,032	-8,975	-8,914	-8,832	-8,708	-8,569	-0,053	0,075	0,169	0,307	0,330	0,309	0,296	0,275	0,269	0,260	0,272	0,289	0,294	0,293	0,221	0,000	0,000
10,000	-9,866	-9,900	-9,773	-9,625	-9,527	-9,487	-9,465	-9,454	-9,432	-9,431	-9,410	-9,381	-9,319	-9,236	-9,129	-0,154	0,111	0,149	0,206	0,178	0,147	0,134	0,120	0,107	0,122	0,135	0,161	0,194	0,202	0,163	0,000	0,000
11,000	-10,482	-10,400	-10,384	-10,245	-10,167	-10,110	-10,078	-10,059	-10,026	-10,007	-9,972	-9,928	-9,869	-9,768	-9,650	-0,004	0,080	0,127	0,190	0,190	0,162	0,162	0,154	0,155	0,159	0,178	0,205	0,218	0,230	0,175	0,000	0,000
12,000	-14,468	-14,388	-14,328	-14,255	-14,200	-14,177	-14,166	-14,163	-14,147	-14,154	-14,140	-14,116	-14,078	-13,998	-13,908	0,114	0,157	0,146	0,129	0,111	0,082	0,079	0,074	0,076	0,073	0,098	0,127	0,149	0,168	0,130	0,000	0,000
13,000	-6,333	-6,012	-5,948	-5,852	-5,816	-5,800	-5,780	-5,764	-5,739	-5,719	-5,689	-5,631	-5,557	-5,441	-5,295	1,096	0,652	0,466	0,271	0,201	0,161	0,151	0,156	0,157	0,172	0,198	0,234	0,261	0,273	0,217	0,000	0,000
14,000	-9,648	-8,980	-8,934	-8,719	-8,684	-8,641	-8,616	-8,610	-8,594	-8,582	-8,566	-8,527	-8,449	-8,335	-8,172	1,574	0,874	0,706	0,395	0,283	0,206	0,185	0,161	0,149	0,155	0,185	0,221	0,265	0,289	0,230	0,000	0,000
15,000	-9,135	-9,188	-9,087	-9,069	-9,029	-9,029	-9,020	-9,005	-8,987	-8,986	-8,965	-8,940	-8,899	-8,832	-8,757	-0,143	0,052	0,027	0,062	0,059	0,058	0,059	0,068	0,073	0,085	0,100	0,116	0,138	0,147	0,118	0,000	0,000
	run	10	2022:11:08    11:01:28,883
0,000	-13,107	-13,183	-13,217	-13,311	-13,328	-13,339	-13,344	-13,355	-13,347	-13,360	-13,349	-13,324	-13,275	-13,187	-13,079	-0,254	-0,207	-0,167	-0,106	-0,076	-0,045	-0,027	-0,017	0,011	0,039	0,078	0,116	0,158	0,182	0,150	0,000	0,000
1,000	-16,774	-16,751	-16,670	-16,494	-16,358	-16,255	-16,200	-16,154	-16,111	-16,080	-16,041	-15,993	-15,941	-15,857	-15,738	0,008	0,148	0,221	0,303	0,316	0,279	0,265	0,235	0,220	0,207	0,211	0,216	0,219	0,231	0,177	0,000	0,000
2,000	-10,211	-10,191	-10,167	-10,037	-9,933	-9,853	-9,808	-9,774	-9,728	-9,693	-9,628	-9,559	-9,465	-9,316	-9,143	0,052	0,108	0,155	0,246	0,255	0,237	0,239	0,230	0,241	0,247	0,279	0,308	0,334	0,343	0,258	0,000	0,000
3,000	-20,338	-20,293	-20,250	-19,943	-19,740	-19,613	-19,543	-19,486	-19,434	-19,424	-19,386	-19,345	-19,292	-19,186	-19,068	0,122	0,261	0,317	0,458	0,450	0,365	0,323	0,279	0,245	0,209	0,205	0,217	0,232	0,241	0,180	0,000	0,000
4,000	-10,879	-10,990	-10,895	-10,879	-10,844	-10,844	-10,839	-10,834	-10,828	-10,816	-10,775	-10,703	-10,567	-10,350	-10,061	-0,292	-0,010	-0,014	0,044	0,048	0,072	0,081	0,099	0,133	0,192	0,272	0,358	0,448	0,502	0,415	0,000	0,000
5,000	-12,280	-12,215	-12,364	-12,389	-12,396	-12,373	-12,361	-12,359	-12,335	-12,321	-12,277	-12,192	-12,047	-11,799	-11,479	0,009	-0,188	-0,133	-0,008	0,012	0,038	0,081	0,114	0,157	0,208	0,294	0,399	0,495	0,561	0,454	0,000	0,000
6,000	-8,728	-8,727	-8,633	-8,498	-8,401	-8,346	-8,311	-8,286	-8,241	-8,230	-8,170	-8,116	-8,030	-7,872	-7,703	-0,063	0,100	0,156	0,222	0,223	0,200	0,199	0,191	0,200	0,216	0,247	0,281	0,316	0,337	0,259	0,000	0,000
7,000	-7,088	-7,079	-7,063	-6,985	-6,941	-6,912	-6,899	-6,887	-6,870	-6,864	-6,853	-6,829	-6,804	-6,756	-6,704	-0,048	0,009	0,041	0,102	0,091	0,081	0,083	0,074	0,073	0,076	0,084	0,093	0,103	0,111	0,083	0,000	0,000
8,000	-20,191	-20,421	-20,429	-20,552	-20,548	-20,605	-20,643	-20,669	-20,690	-20,750	-20,769	-20,787	-20,790	-20,742	-20,694	-0,446	-0,255	-0,251	-0,166	-0,152	-0,156	-0,147	-0,137	-0,126	-0,105	-0,054	-0,014	0,016	0,061	0,059	0,000	0,000
9,000	-9,722	-9,732	-9,665	-9,502	-9,363	-9,248	-9,188	-9,134	-9,079	-9,036	-8,982	-8,922	-8,841	-8,715	-8,570	-0,040	0,086	0,169	0,306	0,331	0,313	0,298	0,278	0,266	0,262	0,274	0,283	0,294	0,297	0,221	0,000	0,000
10,000	-9,887	-9,899	-9,770	-9,624	-9,527	-9,488	-9,463	-9,444	-9,429	-9,428	-9,406	-9,380	-9,319	-9,230	-9,126	-0,141	0,122	0,151	0,211	0,179	0,149	0,129	0,121	0,113	0,123	0,133	0,159	0,191	0,200	0,161	0,000	0,000
11,000	-10,458	-10,392	-10,365	-10,229	-10,146	-10,094	-10,063	-10,042	-10,007	-9,995	-9,954	-9,910	-9,850	-9,751	-9,634	-0,017	0,073	0,121	0,191	0,189	0,162	0,163	0,153	0,153	0,158	0,178	0,199	0,220	0,230	0,177	0,000	0,000
12,000	-14,569	-14,497	-14,434	-14,365	-14,309	-14,281	-14,276	-14,270	-14,254	-14,271	-14,249	-14,224	-14,184	-14,102	-14,012	0,127	0,151	0,145	0,127	0,109	0,078	0,079	0,072	0,073	0,073	0,100	0,127	0,149	0,170	0,132	0,000	0,000
13,000	-6,339	-6,043	-5,964	-5,870	-5,831	-5,812	-5,792	-5,778	-5,748	-5,737	-5,704	-5,652	-5,571	-5,454	-5,310	1,097	0,655	0,470	0,265	0,206	0,165	0,156	0,154	0,156	0,168	0,198	0,231	0,263	0,274	0,216	0,000	0,000
14,000	-9,619	-8,953	-8,936	-8,705	-8,672	-8,635	-8,599	-8,593	-8,579	-8,568	-8,551	-8,508	-8,440	-8,319	-8,152	1,576	0,879	0,696	0,398	0,284	0,205	0,186	0,162	0,151	0,149	0,181	0,226	0,264	0,287	0,233	0,000	0,000
15,000	-9,129	-9,202	-9,103	-9,092	-9,048	-9,044	-9,032	-9,017	-9,002	-8,995	-8,980	-8,953	-8,910	-8,852	-8,773	-0,130	0,054	0,037	0,065	0,062	0,061	0,063	0,071	0,072	0,083	0,102	0,120	0,137	0,145	0,119	0,000	0,000
	run	11	2022:11:08    11:01:28,983
0,000	-13,088	-13,176	-13,201	-13,293	-13,317	-13,327	-13,333	-13,340	-13,342	-13,346	-13,335	-13,307	-13,264	-13,171	-13,067	-0,269	-0,192	-0,164	-0,106	-0,084	-0,049	-0,024	-0,009	0,014	0,037	0,074	0,121	0,157	0,183	0,149	0,000	0,000
1,000	-16,794	-16,773	-16,673	-16,509	-16,367	-16,264	-16,209	-16,163	-16,121	-16,090	-16,047	-16,012	-15,951	-15,858	-15,746	-0,002	0,167	0,205	0,311	0,319	0,290	0,270	0,232	0,215	0,208	0,208	0,216	0,221	0,231	0,177	0,000	0,000
2,000	-10,217	-10,191	-10,171	-10,042	-9,932	-9,859	-9,815	-9,774	-9,728	-9,694	-9,636	-9,555	-9,466	-9,320	-9,155	0,054	0,107	0,151	0,244	0,254	0,228	0,236	0,234	0,236	0,247	0,276	0,311	0,335	0,337	0,255	0,000	0,000
3,000	-20,313	-20,280	-20,237	-19,931	-19,730	-19,601	-19,533	-19,478	-19,427	-19,412	-19,374	-19,335	-19,289	-19,179	-19,064	0,112	0,258	0,319	0,456	0,441	0,365	0,320	0,275	0,242	0,211	0,203	0,218	0,231	0,238	0,183	0,000	0,000
4,000	-10,873	-10,992	-10,901	-10,887	-10,850	-10,854	-10,847	-10,848	-10,838	-10,832	-10,782	-10,719	-10,581	-10,360	-10,077	-0,294	-0,017	-0,025	0,038	0,048	0,069	0,078	0,098	0,127	0,189	0,269	0,355	0,444	0,503	0,419	0,000	0,000
5,000	-12,307	-12,243	-12,388	-12,415	-12,426	-12,405	-12,390	-12,391	-12,360	-12,357	-12,306	-12,218	-12,080	-11,833	-11,506	-0,002	-0,175	-0,127	-0,017	0,016	0,041	0,076	0,109	0,154	0,201	0,300	0,400	0,497	0,563	0,459	0,000	0,000
6,000	-8,713	-8,735	-8,631	-8,504	-8,403	-8,346	-8,312	-8,281	-8,243	-8,230	-8,179	-8,108	-8,024	-7,878	-7,700	-0,072	0,108	0,154	0,227	0,226	0,204	0,199	0,191	0,200	0,213	0,242	0,283	0,320	0,336	0,259	0,000	0,000
7,000	-7,144	-7,122	-7,105	-7,022	-6,972	-6,948	-6,928	-6,919	-6,899	-6,896	-6,878	-6,856	-6,836	-6,790	-6,729	-0,034	0,027	0,047	0,107	0,099	0,085	0,085	0,073	0,074	0,065	0,083	0,096	0,106	0,111	0,080	0,000	0,000
8,000	-20,152	-20,397	-20,391	-20,535	-20,525	-20,581	-20,626	-20,649	-20,684	-20,733	-20,751	-20,775	-20,773	-20,735	-20,689	-0,458	-0,267	-0,250	-0,176	-0,157	-0,157	-0,150	-0,146	-0,127	-0,106	-0,064	-0,021	0,010	0,057	0,057	0,000	0,000
9,000	-9,752	-9,755	-9,685	-9,512	-9,376	-9,261	-9,202	-9,144	-9,094	-9,048	-8,988	-8,934	-8,852	-8,726	-8,581	-0,046	0,096	0,178	0,315	0,338	0,315	0,296	0,280	0,267	0,260	0,273	0,290	0,298	0,299	0,224	0,000	0,000
10,000	-9,871	-9,883	-9,762	-9,615	-9,524	-9,484	-9,455	-9,438	-9,422	-9,425	-9,402	-9,369	-9,312	-9,221	-9,114	-0,143	0,104	0,145	0,204	0,176	0,145	0,130	0,121	0,110	0,120	0,139	0,156	0,189	0,206	0,163	0,000	0,000
11,000	-10,499	-10,428	-10,406	-10,264	-10,188	-10,129	-10,096	-10,077	-10,044	-10,033	-9,992	-9,949	-9,889	-9,784	-9,669	-0,019	0,076	0,124	0,188	0,191	0,160	0,164	0,154	0,154	0,157	0,180	0,203	0,223	0,227	0,179	0,000	0,000
12,000	-14,574	-14,509	-14,447	-14,365	-14,317	-14,288	-14,279	-14,270	-14,254	-14,268	-14,251	-14,220	-14,183	-14,106	-14,014	0,128	0,153	0,149	0,135	0,117	0,084	0,079	0,077	0,072	0,074	0,103	0,131	0,152	0,171	0,137	0,000	0,000
13,000	-6,349	-6,034	-5,966	-5,878	-5,836	-5,812	-5,793	-5,782	-5,755	-5,738	-5,708	-5,652	-5,573	-5,456	-5,318	1,099	0,663	0,472	0,266	0,202	0,167	0,160	0,156	0,159	0,169	0,199	0,230	0,266	0,278	0,221	0,000	0,000
14,000	-9,592	-8,913	-8,888	-8,669	-8,637	-8,591	-8,562	-8,560	-8,535	-8,527	-8,513	-8,478	-8,405	-8,289	-8,117	1,596	0,882	0,694	0,400	0,283	0,212	0,183	0,160	0,150	0,145	0,179	0,219	0,265	0,285	0,230	0,000	0,000
15,000	-9,131	-9,197	-9,103	-9,095	-9,048	-9,042	-9,035	-9,023	-9,002	-9,004	-8,980	-8,955	-8,912	-8,847	-8,774	-0,127	0,047	0,035	0,061	0,060	0,059	0,062	0,072	0,070	0,090	0,103	0,116	0,140	0,149	0,121	0,000	0,000
	run	12	2022:11:08    11:01:29,083
0,000	-13,105	-13,197	-13,214	-13,302	-13,325	-13,339	-13,341	-13,352	-13,348	-13,353	-13,342	-13,318	-13,275	-13,184	-13,080	-0,247	-0,193	-0,169	-0,100	-0,079	-0,045	-0,030	-0,010	0,011	0,042	0,079	0,118	0,159	0,183	0,154	0,000	0,000
1,000	-16,750	-16,754	-16,662	-16,483	-16,358	-16,253	-16,196	-16,154	-16,117	-16,078	-16,039	-15,994	-15,943	-15,849	-15,740	0,013	0,150	0,212	0,306	0,312	0,279	0,270	0,232	0,216	0,207	0,208	0,212	0,220	0,224	0,167	0,000	0,000
2,000	-10,199	-10,160	-10,152	-10,020	-9,916	-9,841	-9,793	-9,757	-9,709	-9,669	-9,610	-9,542	-9,442	-9,299	-9,121	0,048	0,092	0,152	0,237	0,255	0,240	0,240	0,228	0,239	0,252	0,288	0,317	0,342	0,351	0,267	0,000	0,000
3,000	-20,270	-20,238	-20,171	-19,882	-19,683	-19,545	-19,481	-19,425	-19,370	-19,368	-19,328	-19,285	-19,235	-19,122	-19,005	0,129	0,266	0,330	0,462	0,435	0,371	0,330	0,286	0,250	0,211	0,203	0,223	0,235	0,239	0,187	0,000	0,000
4,000	-10,837	-10,942	-10,849	-10,834	-10,798	-10,805	-10,799	-10,794	-10,789	-10,777	-10,735	-10,662	-10,533	-10,313	-10,025	-0,302	-0,008	-0,008	0,044	0,048	0,071	0,081	0,096	0,126	0,187	0,269	0,355	0,446	0,501	0,411	0,000	0,000
5,000	-12,234	-12,144	-12,313	-12,342	-12,348	-12,317	-12,306	-12,310	-12,280	-12,274	-12,219	-12,134	-11,998	-11,751	-11,441	0,018	-0,169	-0,121	-0,009	0,014	0,036	0,082	0,114	0,157	0,206	0,293	0,397	0,490	0,551	0,451	0,000	0,000
6,000	-8,670	-8,690	-8,603	-8,469	-8,366	-8,308	-8,276	-8,246	-8,210	-8,193	-8,138	-8,080	-7,995	-7,848	-7,676	-0,081	0,106	0,142	0,222	0,217	0,200	0,200	0,191	0,201	0,210	0,240	0,284	0,315	0,329	0,259	0,000	0,000
7,000	-7,084	-7,064	-7,050	-6,984	-6,927	-6,904	-6,887	-6,879	-6,859	-6,855	-6,839	-6,822	-6,796	-6,745	-6,696	-0,035	0,016	0,047	0,104	0,093	0,079	0,078	0,075	0,072	0,071	0,083	0,097	0,100	0,107	0,082	0,000	0,000
8,000	-20,190	-20,431	-20,434	-20,562	-20,548	-20,608	-20,650	-20,684	-20,709	-20,762	-20,775	-20,794	-20,794	-20,757	-20,701	-0,457	-0,272	-0,248	-0,178	-0,149	-0,154	-0,149	-0,144	-0,127	-0,106	-0,065	-0,017	0,016	0,060	0,063	0,000	0,000
9,000	-9,714	-9,714	-9,660	-9,500	-9,355	-9,245	-9,181	-9,129	-9,066	-9,029	-8,974	-8,907	-8,829	-8,708	-8,567	-0,039	0,094	0,175	0,311	0,332	0,307	0,299	0,282	0,267	0,257	0,273	0,288	0,291	0,298	0,223	0,000	0,000
10,000	-9,888	-9,913	-9,776	-9,632	-9,529	-9,493	-9,472	-9,457	-9,433	-9,435	-9,419	-9,383	-9,326	-9,238	-9,134	-0,148	0,124	0,155	0,208	0,175	0,151	0,132	0,120	0,109	0,119	0,142	0,161	0,189	0,206	0,162	0,000	0,000
11,000	-10,491	-10,416	-10,387	-10,247	-10,165	-10,111	-10,083	-10,060	-10,031	-10,008	-9,974	-9,929	-9,869	-9,772	-9,649	-0,017	0,086	0,129	0,191	0,192	0,163	0,162	0,154	0,154	0,160	0,181	0,204	0,219	0,230	0,174	0,000	0,000
12,000	-14,585	-14,512	-14,445	-14,376	-14,313	-14,297	-14,285	-14,283	-14,267	-14,276	-14,259	-14,231	-14,192	-14,112	-14,023	0,122	0,142	0,147	0,134	0,113	0,083	0,081	0,074	0,074	0,072	0,107	0,130	0,153	0,167	0,134	0,000	0,000
13,000	-6,364	-6,037	-5,979	-5,885	-5,839	-5,820	-5,806	-5,793	-5,759	-5,751	-5,714	-5,661	-5,584	-5,464	-5,321	1,107	0,668	0,475	0,262	0,202	0,168	0,157	0,152	0,153	0,175	0,204	0,231	0,267	0,275	0,224	0,000	0,000
14,000	-9,653	-9,000	-8,960	-8,741	-8,708	-8,659	-8,627	-8,630	-8,613	-8,600	-8,575	-8,539	-8,466	-8,349	-8,178	1,577	0,885	0,703	0,395	0,294	0,205	0,186	0,163	0,154	0,158	0,187	0,224	0,264	0,289	0,235	0,000	0,000
15,000	-9,156	-9,209	-9,122	-9,105	-9,063	-9,060	-9,047	-9,037	-9,017	-9,015	-8,991	-8,974	-8,928	-8,862	-8,787	-0,126	0,049	0,037	0,061	0,058	0,059	0,060	0,069	0,071	0,084	0,097	0,118	0,137	0,144	0,116	0,000	0,000
	run	13	2022:11:08    11:01:29,132
0,000	-13,123	-13,203	-13,239	-13,319	-13,343	-13,355	-13,365	-13,368	-13,368	-13,369	-13,362	-13,339	-13,292	-13,201	-13,093	-0,263	-0,190	-0,164	-0,110	-0,081	-0,051	-0,026	-0,014	0,014	0,036	0,074	0,118	0,159	0,182	0,146	0,000	0,000
1,000	-16,790	-16,795	-16,697	-16,521	-16,389	-16,287	-16,229	-16,183	-16,141	-16,110	-16,067	-16,021	-15,971	-15,882	-15,770	0,008	0,159	0,214	0,314	0,318	0,287	0,269	0,232	0,216	0,209	0,209	0,212	0,221	0,231	0,175	0,000	0,000
2,000	-10,199	-10,160	-10,152	-10,020	-9,916	-9,841	-9,793	-9,757	-9,709	-9,669	-9,610	-9,542	-9,442	-9,299	-9,121	0,048	0,092	0,152	0,237	0,255	0,240	0,240	0,228	0,239	0,252	0,288	0,317	0,342	0,351	0,267	0,000	0,000
3,000	-20,270	-20,238	-20,171	-19,882	-19,683	-19,545	-19,481	-19,425	-19,370	-19,368	-19,328	-19,285	-19,235	-19,122	-19,005	0,129	0,266	0,330	0,462	0,435	0,371	0,330	0,286	0,250	0,211	0,203	0,223	0,235	0,239	0,187	0,000	0,000
4,000	-10,837	-10,942	-10,849	-10,834	-10,798	-10,805	-10,799	-10,794	-10,789	-10,777	-10,735	-10,662	-10,533	-10,313	-10,025	-0,302	-0,008	-0,008	0,044	0,048	0,071	0,081	0,096	0,126	0,187	0,269	0,355	0,446	0,501	0,411	0,000	0,000
5,000	-12,234	-12,144	-12,313	-12,342	-12,348	-12,317	-12,306	-12,310	-12,280	-12,274	-12,219	-12,134	-11,998	-11,751	-11,441	0,018	-0,169	-0,121	-0,009	0,014	0,036	0,082	0,114	0,157	0,206	0,293	0,397	0,490	0,551	0,451	0,000	0,000
6,000	-8,670	-8,690	-8,603	-8,469	-8,366	-8,308	-8,276	-8,246	-8,210	-8,193	-8,138	-8,080	-7,995	-7,848	-7,676	-0,081	0,106	0,142	0,222	0,217	0,200	0,200	0,191	0,201	0,210	0,240	0,284	0,315	0,329	0,259	0,000	0,000
7,000	-7,084	-7,064	-7,050	-6,984	-6,927	-6,904	-6,887	-6,879	-6,859	-6,855	-6,839	-6,822	-6,796	-6,745	-6,696	-0,035	0,016	0,047	0,104	0,093	0,079	0,078	0,075	0,072	0,071	0,083	0,097	0,100	0,107	0,082	0,000	0,000
8,000	-20,119	-20,350	-20,357	-20,479	-20,467	-20,524	-20,563	-20,590	-20,613	-20,671	-20,688	-20,703	-20,705	-20,662	-20,609	-0,453	-0,250	-0,229	-0,167	-0,146	-0,151	-0,146	-0,144	-0,124	-0,106	-0,061	-0,015	0,013	0,063	0,061	0,000	0,000
9,000	-9,739	-9,740	-9,683	-9,515	-9,375	-9,273	-9,208	-9,155	-9,099	-9,053	-8,996	-8,936	-8,852	-8,736	-8,595	-0,042	0,084	0,162	0,303	0,328	0,309	0,296	0,279	0,267	0,262	0,274	0,285	0,300	0,300	0,221	0,000	0,000
10,000	-9,897	-9,911	-9,771	-9,632	-9,534	-9,490	-9,468	-9,457	-9,437	-9,439	-9,415	-9,384	-9,329	-9,234	-9,130	-0,154	0,119	0,151	0,208	0,180	0,148	0,130	0,122	0,113	0,117	0,142	0,161	0,192	0,204	0,159	0,000	0,000
11,000	-10,529	-10,445	-10,420	-10,280	-10,198	-10,146	-10,114	-10,096	-10,062	-10,043	-10,013	-9,960	-9,901	-9,803	-9,686	-0,024	0,082	0,120	0,190	0,191	0,166	0,161	0,152	0,155	0,160	0,181	0,209	0,221	0,231	0,176	0,000	0,000
12,000	-14,617	-14,537	-14,479	-14,398	-14,344	-14,324	-14,312	-14,306	-14,293	-14,298	-14,286	-14,254	-14,219	-14,137	-14,048	0,117	0,150	0,144	0,138	0,111	0,089	0,082	0,075	0,070	0,071	0,100	0,131	0,154	0,173	0,138	0,000	0,000
13,000	-6,377	-6,051	-5,988	-5,893	-5,854	-5,829	-5,808	-5,796	-5,770	-5,757	-5,721	-5,670	-5,591	-5,473	-5,325	1,106	0,663	0,479	0,270	0,201	0,170	0,160	0,152	0,160	0,174	0,195	0,232	0,266	0,276	0,225	0,000	0,000
14,000	-9,663	-8,999	-8,960	-8,745	-8,719	-8,665	-8,639	-8,630	-8,606	-8,606	-8,589	-8,546	-8,476	-8,350	-8,184	1,569	0,886	0,697	0,391	0,286	0,206	0,196	0,162	0,154	0,156	0,186	0,221	0,258	0,291	0,233	0,000	0,000
15,000	-9,164	-9,237	-9,140	-9,132	-9,079	-9,077	-9,069	-9,054	-9,033	-9,033	-9,016	-8,986	-8,944	-8,881	-8,808	-0,137	0,047	0,041	0,064	0,065	0,066	0,064	0,069	0,071	0,085	0,098	0,116	0,136	0,146	0,118	0,000	0,000
	run	14	2022:11:08    11:01:29,232
0,000	-13,150	-13,255	-13,284	-13,369	-13,394	-13,412	-13,415	-13,420	-13,415	-13,424	-13,412	-13,381	-13,343	-13,250	-13,147	-0,257	-0,203	-0,170	-0,110	-0,076	-0,053	-0,025	-0,010	0,018	0,039	0,078	0,118	0,157	0,187	0,153	0,000	0,000
1,000	-16,853	-16,837	-16,751	-16,559	-16,421	-16,321	-16,265	-16,218	-16,176	-16,141	-16,095	-16,064	-16,005	-15,912	-15,800	0,011	0,168	0,207	0,313	0,325	0,287	0,273	0,237	0,220	0,214	0,214	0,216	0,225	0,226	0,174	0,000	0,000
2,000	-10,230	-10,203	-10,179	-10,050	-9,945	-9,860	-9,819	-9,781	-9,736	-9,706	-9,641	-9,569	-9,474	-9,328	-9,157	0,041	0,099	0,153	0,240	0,255	0,230	0,238	0,232	0,238	0,251	0,277	0,313	0,340	0,345	0,260	0,000	0,000
3,000	-20,306	-20,275	-20,212	-19,913	-19,717	-19,588	-19,519	-19,466	-19,411	-19,393	-19,359	-19,322	-19,273	-19,165	-19,045	0,144	0,256	0,330	0,463	0,441	0,363	0,324	0,282	0,246	0,208	0,211	0,220	0,229	0,240	0,182	0,000	0,000
4,000	-10,829	-10,955	-10,839	-10,835	-10,800	-10,792	-10,796	-10,791	-10,788	-10,773	-10,725	-10,670	-10,527	-10,309	-10,027	-0,302	0,001	-0,023	0,040	0,047	0,072	0,084	0,094	0,123	0,186	0,266	0,358	0,450	0,502	0,414	0,000	0,000
5,000	-12,284	-12,215	-12,387	-12,412	-12,410	-12,386	-12,375	-12,378	-12,344	-12,340	-12,297	-12,208	-12,065	-11,822	-11,504	0,011	-0,172	-0,125	-0,009	0,015	0,038	0,084	0,110	0,152	0,204	0,289	0,399	0,499	0,560	0,447	0,000	0,000
6,000	-8,711	-8,705	-8,615	-8,478	-8,380	-8,320	-8,288	-8,258	-8,218	-8,200	-8,152	-8,086	-8,005	-7,858	-7,682	-0,062	0,110	0,149	0,222	0,222	0,194	0,198	0,194	0,203	0,214	0,242	0,284	0,310	0,334	0,264	0,000	0,000
7,000	-7,103	-7,070	-7,053	-6,972	-6,938	-6,901	-6,887	-6,875	-6,857	-6,853	-6,844	-6,821	-6,792	-6,746	-6,689	-0,036	0,015	0,048	0,106	0,095	0,077	0,076	0,072	0,077	0,071	0,079	0,093	0,105	0,105	0,080	0,000	0,000
8,000	-20,043	-20,292	-20,290	-20,424	-20,416	-20,467	-20,508	-20,539	-20,567	-20,627	-20,646	-20,655	-20,664	-20,625	-20,569	-0,446	-0,251	-0,237	-0,175	-0,149	-0,156	-0,148	-0,142	-0,124	-0,111	-0,066	-0,022	0,012	0,056	0,051	0,000	0,000
9,000	-9,673	-9,663	-9,602	-9,439	-9,306	-9,193	-9,130	-9,081	-9,026	-8,980	-8,922	-8,860	-8,780	-8,663	-8,516	-0,038	0,077	0,169	0,305	0,326	0,310	0,293	0,275	0,263	0,260	0,270	0,285	0,298	0,292	0,225	0,000	0,000
10,000	-9,853	-9,871	-9,745	-9,606	-9,508	-9,469	-9,447	-9,428	-9,412	-9,412	-9,389	-9,356	-9,305	-9,212	-9,108	-0,152	0,111	0,148	0,198	0,171	0,148	0,132	0,121	0,107	0,119	0,137	0,158	0,191	0,204	0,163	0,000	0,000
11,000	-10,487	-10,421	-10,387	-10,258	-10,177	-10,121	-10,088	-10,066	-10,038	-10,021	-9,985	-9,941	-9,880	-9,774	-9,661	-0,022	0,077	0,124	0,190	0,187	0,163	0,158	0,153	0,153	0,156	0,178	0,202	0,223	0,228	0,176	0,000	0,000
12,000	-14,571	-14,490	-14,436	-14,356	-14,293	-14,272	-14,264	-14,259	-14,244	-14,254	-14,235	-14,208	-14,171	-14,088	-14,000	0,125	0,163	0,148	0,137	0,112	0,085	0,079	0,077	0,073	0,074	0,099	0,128	0,151	0,170	0,133	0,000	0,000
13,000	-6,361	-6,046	-5,983	-5,880	-5,846	-5,824	-5,806	-5,793	-5,763	-5,752	-5,712	-5,658	-5,582	-5,465	-5,321	1,103	0,665	0,475	0,273	0,206	0,165	0,158	0,156	0,165	0,177	0,200	0,233	0,269	0,278	0,219	0,000	0,000
14,000	-9,697	-8,999	-8,971	-8,743	-8,713	-8,671	-8,639	-8,632	-8,614	-8,612	-8,593	-8,542	-8,475	-8,350	-8,192	1,587	0,883	0,707	0,389	0,290	0,212	0,185	0,156	0,152	0,146	0,182	0,214	0,264	0,289	0,240	0,000	0,000
15,000	-9,185	-9,246	-9,143	-9,128	-9,088	-9,078	-9,073	-9,062	-9,042	-9,037	-9,018	-8,995	-8,947	-8,886	-8,807	-0,145	0,046	0,036	0,062	0,061	0,060	0,067	0,066	0,074	0,084	0,101	0,118	0,138	0,150	0,123	0,000	0,000
	run	15	2022:11:08    11:01:29,295
0,000	-13,150	-13,255	-13,284	-13,369	-13,394	-13,412	-13,415	-13,420	-13,415	-13,424	-13,412	-13,381	-13,343	-13,250	-13,147	-0,257	-0,203	-0,170	-0,110	-0,076	-0,053	-0,025	-0,010	0,018	0,039	0,078	0,118	0,157	0,187	0,153	0,000	0,000
1,000	-16,853	-16,837	-16,751	-16,559	-16,421	-16,321	-16,265	-16,218	-16,176	-16,141	-16,095	-16,064	-16,005	-15,912	-15,800	0,011	0,168	0,207	0,313	0,325	0,287	0,273	0,237	0,220	0,214	0,214	0,216	0,225	0,226	0,174	0,000	0,000
2,000	-10,230	-10,203	-10,179	-10,050	-9,945	-9,860	-9,819	-9,781	-9,736	-9,706	-9,641	-9,569	-9,474	-9,328	-9,157	0,041	0,099	0,153	0,240	0,255	0,230	0,238	0,232	0,238	0,251	0,277	0,313	0,340	0,345	0,260	0,000	0,000
3,000	-20,306	-20,275	-20,212	-19,913	-19,717	-19,588	-19,519	-19,466	-19,411	-19,393	-19,359	-19,322	-19,273	-19,165	-19,045	0,144	0,256	0,330	0,463	0,441	0,363	0,324	0,282	0,246	0,208	0,211	0,220	0,229	0,240	0,182	0,000	0,000
4,000	-10,829	-10,955	-10,839	-10,835	-10,800	-10,792	-10,796	-10,791	-10,788	-10,773	-10,725	-10,670	-10,527	-10,309	-10,027	-0,302	0,001	-0,023	0,040	0,047	0,072	0,084	0,094	0,123	0,186	0,266	0,358	0,450	0,502	0,414	0,000	0,000
5,000	-12,284	-12,215	-12,387	-12,412	-12,410	-12,386	-12,375	-12,378	-12,344	-12,340	-12,297	-12,208	-12,065	-11,822	-11,504	0,011	-0,172	-0,125	-0,009	0,015	0,038	0,084	0,110	0,152	0,204	0,289	0,399	0,499	0,560	0,447	0,000	0,000
6,000	-8,704	-8,711	-8,626	-8,476	-8,385	-8,324	-8,296	-8,268	-8,223	-8,208	-8,151	-8,095	-8,013	-7,862	-7,692	-0,065	0,115	0,153	0,228	0,227	0,201	0,198	0,196	0,200	0,208	0,245	0,282	0,315	0,331	0,259	0,000	0,000
7,000	-7,080	-7,065	-7,050	-6,978	-6,929	-6,908	-6,887	-6,882	-6,856	-6,860	-6,842	-6,822	-6,798	-6,749	-6,691	-0,041	0,018	0,044	0,108	0,095	0,079	0,078	0,077	0,077	0,074	0,084	0,090	0,100	0,108	0,081	0,000	0,000
8,000	-20,108	-20,330	-20,347	-20,467	-20,458	-20,509	-20,547	-20,577	-20,606	-20,664	-20,675	-20,701	-20,698	-20,655	-20,601	-0,442	-0,260	-0,235	-0,172	-0,151	-0,157	-0,144	-0,145	-0,125	-0,105	-0,063	-0,017	0,017	0,057	0,062	0,000	0,000
9,000	-9,697	-9,702	-9,654	-9,495	-9,356	-9,244	-9,181	-9,134	-9,075	-9,035	-8,974	-8,921	-8,830	-8,712	-8,572	-0,035	0,085	0,163	0,299	0,322	0,303	0,298	0,276	0,262	0,262	0,269	0,281	0,292	0,292	0,220	0,000	0,000
10,000	-9,825	-9,848	-9,714	-9,577	-9,483	-9,441	-9,424	-9,407	-9,386	-9,387	-9,364	-9,340	-9,277	-9,187	-9,082	-0,155	0,117	0,144	0,199	0,172	0,145	0,130	0,120	0,109	0,118	0,133	0,156	0,190	0,198	0,163	0,000	0,000
11,000	-10,453	-10,374	-10,353	-10,214	-10,126	-10,073	-10,046	-10,022	-9,992	-9,979	-9,940	-9,896	-9,834	-9,738	-9,618	-0,021	0,080	0,122	0,189	0,192	0,159	0,160	0,153	0,151	0,160	0,180	0,203	0,221	0,231	0,174	0,000	0,000
12,000	-14,530	-14,440	-14,385	-14,312	-14,256	-14,237	-14,226	-14,217	-14,207	-14,212	-14,196	-14,166	-14,131	-14,051	-13,962	0,136	0,159	0,136	0,128	0,111	0,082	0,076	0,074	0,075	0,072	0,100	0,131	0,148	0,169	0,132	0,000	0,000
13,000	-6,360	-6,036	-5,970	-5,871	-5,835	-5,813	-5,796	-5,782	-5,756	-5,742	-5,706	-5,653	-5,573	-5,456	-5,313	1,098	0,660	0,474	0,271	0,200	0,165	0,156	0,154	0,156	0,175	0,202	0,232	0,264	0,272	0,220	0,000	0,000
14,000	-9,663	-9,000	-8,955	-8,734	-8,711	-8,659	-8,635	-8,624	-8,607	-8,595	-8,568	-8,534	-8,464	-8,340	-8,176	1,570	0,891	0,692	0,405	0,286	0,213	0,187	0,167	0,156	0,152	0,165	0,222	0,268	0,291	0,240	0,000	0,000
15,000	-9,193	-9,241	-9,139	-9,134	-9,089	-9,081	-9,072	-9,067	-9,045	-9,043	-9,020	-8,997	-8,952	-8,890	-8,814	-0,132	0,050	0,036	0,065	0,055	0,061	0,068	0,068	0,073	0,084	0,101	0,115	0,141	0,143	0,117	0,000	0,000
	run	16	2022:11:08    11:01:29,383
0,000	-13,118	-13,207	-13,246	-13,329	-13,350	-13,366	-13,376	-13,379	-13,383	-13,386	-13,374	-13,348	-13,304	-13,213	-13,102	-0,276	-0,193	-0,166	-0,106	-0,075	-0,053	-0,027	-0,011	0,012	0,034	0,076	0,118	0,163	0,190	0,151	0,000	0,000
1,000	-16,887	-16,875	-16,769	-16,598	-16,461	-16,359	-16,303	-16,254	-16,213	-16,185	-16,142	-16,099	-16,034	-15,949	-15,835	0,008	0,170	0,212	0,316	0,322	0,292	0,267	0,238	0,221	0,214	0,217	0,216	0,226	0,231	0,180	0,000	0,000
2,000	-10,303	-10,270	-10,235	-10,106	-10,005	-9,927	-9,876	-9,845	-9,794	-9,762	-9,698	-9,625	-9,529	-9,378	-9,207	0,042	0,115	0,153	0,249	0,255	0,238	0,239	0,234	0,243	0,254	0,284	0,318	0,339	0,344	0,260	0,000	0,000
3,000	-20,441	-20,411	-20,345	-20,037	-19,836	-19,702	-19,626	-19,568	-19,521	-19,507	-19,465	-19,426	-19,376	-19,278	-19,151	0,134	0,280	0,347	0,478	0,453	0,372	0,330	0,285	0,251	0,212	0,206	0,224	0,230	0,238	0,181	0,000	0,000
4,000	-10,907	-11,013	-10,925	-10,923	-10,885	-10,877	-10,878	-10,870	-10,870	-10,857	-10,816	-10,737	-10,605	-10,390	-10,109	-0,300	-0,019	-0,019	0,041	0,044	0,068	0,084	0,102	0,126	0,196	0,271	0,358	0,441	0,502	0,415	0,000	0,000
5,000	-12,288	-12,216	-12,381	-12,398	-12,399	-12,376	-12,357	-12,367	-12,342	-12,322	-12,277	-12,189	-12,050	-11,806	-11,488	0,006	-0,170	-0,121	-0,012	0,014	0,039	0,076	0,109	0,153	0,210	0,298	0,401	0,502	0,551	0,451	0,000	0,000
6,000	-8,706	-8,712	-8,628	-8,495	-8,395	-8,336	-8,308	-8,269	-8,235	-8,219	-8,162	-8,106	-8,014	-7,870	-7,698	-0,087	0,104	0,151	0,225	0,222	0,196	0,199	0,194	0,195	0,210	0,249	0,284	0,316	0,333	0,260	0,000	0,000
7,000	-7,094	-7,070	-7,061	-6,988	-6,946	-6,911	-6,897	-6,885	-6,872	-6,867	-6,851	-6,833	-6,804	-6,756	-6,701	-0,052	0,002	0,045	0,103	0,095	0,071	0,079	0,074	0,077	0,071	0,081	0,091	0,103	0,107	0,085	0,000	0,000
8,000	-20,092	-20,353	-20,359	-20,483	-20,477	-20,526	-20,564	-20,597	-20,622	-20,681	-20,697	-20,711	-20,719	-20,676	-20,617	-0,460	-0,262	-0,239	-0,161	-0,144	-0,149	-0,146	-0,146	-0,121	-0,106	-0,058	-0,020	0,014	0,061	0,063	0,000	0,000
9,000	-9,695	-9,682	-9,619	-9,464	-9,332	-9,216	-9,151	-9,103	-9,048	-9,006	-8,952	-8,885	-8,806	-8,687	-8,540	-0,039	0,080	0,161	0,300	0,327	0,305	0,297	0,275	0,263	0,257	0,267	0,282	0,293	0,295	0,218	0,000	0,000
10,000	-9,826	-9,856	-9,724	-9,587	-9,492	-9,454	-9,431	-9,415	-9,394	-9,399	-9,376	-9,346	-9,287	-9,198	-9,090	-0,156	0,108	0,135	0,197	0,170	0,147	0,129	0,120	0,109	0,121	0,135	0,157	0,191	0,203	0,163	0,000	0,000
11,000	-10,459	-10,385	-10,350	-10,224	-10,142	-10,088	-10,059	-10,037	-10,005	-9,989	-9,952	-9,909	-9,848	-9,751	-9,636	-0,022	0,075	0,121	0,188	0,187	0,163	0,160	0,152	0,153	0,156	0,177	0,201	0,220	0,225	0,175	0,000	0,000
12,000	-14,498	-14,416	-14,356	-14,283	-14,226	-14,203	-14,195	-14,190	-14,175	-14,183	-14,165	-14,136	-14,102	-14,021	-13,933	0,123	0,147	0,146	0,131	0,111	0,084	0,077	0,077	0,073	0,073	0,096	0,126	0,148	0,168	0,132	0,000	0,000
13,000	-6,330	-6,006	-5,948	-5,854	-5,808	-5,797	-5,774	-5,760	-5,736	-5,722	-5,684	-5,635	-5,556	-5,437	-5,295	1,103	0,659	0,467	0,265	0,205	0,163	0,157	0,157	0,159	0,174	0,198	0,230	0,262	0,280	0,216	0,000	0,000
14,000	-9,636	-8,954	-8,913	-8,687	-8,665	-8,615	-8,589	-8,585	-8,568	-8,560	-8,548	-8,488	-8,425	-8,305	-8,142	1,557	0,886	0,695	0,389	0,281	0,207	0,182	0,161	0,154	0,152	0,173	0,214	0,260	0,290	0,235	0,000	0,000
15,000	-9,144	-9,207	-9,110	-9,101	-9,056	-9,049	-9,039	-9,028	-9,010	-9,011	-8,988	-8,965	-8,923	-8,857	-8,780	-0,136	0,056	0,032	0,060	0,057	0,062	0,061	0,067	0,075	0,082	0,102	0,117	0,139	0,147	0,116	0,000	0,000
	run	17	2022:11:08    11:01:29,483
0,000	-13,156	-13,259	-13,279	-13,370	-13,395	-13,404	-13,413	-13,421	-13,417	-13,428	-13,415	-13,389	-13,344	-13,251	-13,145	-0,263	-0,201	-0,172	-0,109	-0,081	-0,048	-0,032	-0,009	0,015	0,038	0,074	0,116	0,161	0,182	0,149	0,000	0,000
1,000	-16,852	-16,841	-16,756	-16,570	-16,435	-16,331	-16,278	-16,226	-16,185	-16,152	-16,112	-16,073	-16,018	-15,927	-15,820	0,020	0,167	0,220	0,315	0,324	0,290	0,271	0,238	0,223	0,205	0,210	0,212	0,221	0,224	0,175	0,000	0,000
2,000	-10,261	-10,237	-10,211	-10,085	-9,974	-9,904	-9,856	-9,815	-9,772	-9,735	-9,674	-9,605	-9,505	-9,359	-9,191	0,046	0,107	0,148	0,244	0,254	0,238	0,240	0,235	0,238	0,255	0,285	0,317	0,340	0,348	0,265	0,000	0,000
3,000	-20,379	-20,356	-20,314	-19,996	-19,795	-19,660	-19,596	-19,538	-19,485	-19,473	-19,435	-19,395	-19,347	-19,245	-19,118	0,131	0,252	0,348	0,466	0,450	0,373	0,326	0,282	0,251	0,211	0,207	0,222	0,232	0,244	0,185	0,000	0,000
4,000	-10,893	-10,989	-10,895	-10,893	-10,856	-10,859	-10,857	-10,856	-10,848	-10,832	-10,786	-10,714	-10,584	-10,367	-10,072	-0,297	-0,011	-0,030	0,039	0,042	0,072	0,079	0,100	0,127	0,193	0,273	0,354	0,454	0,508	0,416	0,000	0,000
5,000	-12,346	-12,267	-12,424	-12,460	-12,461	-12,440	-12,420	-12,423	-12,394	-12,384	-12,343	-12,255	-12,108	-11,862	-11,544	0,005	-0,176	-0,120	-0,012	0,022	0,034	0,083	0,107	0,155	0,207	0,298	0,398	0,498	0,559	0,455	0,000	0,000
6,000	-8,723	-8,734	-8,635	-8,502	-8,400	-8,345	-8,315	-8,285	-8,239	-8,220	-8,169	-8,109	-8,023	-7,876	-7,700	-0,075	0,107	0,157	0,228	0,223	0,200	0,202	0,190	0,201	0,215	0,245	0,282	0,319	0,338	0,261	0,000	0,000
7,000	-7,096	-7,078	-7,056	-6,985	-6,939	-6,913	-6,901	-6,885	-6,870	-6,865	-6,851	-6,828	-6,797	-6,750	-6,690	-0,037	0,009	0,040	0,105	0,091	0,079	0,083	0,075	0,076	0,072	0,082	0,092	0,108	0,113	0,083	0,000	0,000
8,000	-20,000	-20,249	-20,255	-20,381	-20,375	-20,432	-20,470	-20,502	-20,531	-20,582	-20,602	-20,622	-20,626	-20,586	-20,528	-0,447	-0,260	-0,235	-0,168	-0,148	-0,152	-0,150	-0,147	-0,131	-0,111	-0,066	-0,022	0,009	0,056	0,059	0,000	0,000
9,000	-9,658	-9,652	-9,600	-9,438	-9,309	-9,196	-9,135	-9,081	-9,020	-8,982	-8,922	-8,861	-8,779	-8,662	-8,522	-0,044	0,086	0,177	0,304	0,329	0,306	0,299	0,280	0,268	0,261	0,272	0,280	0,292	0,293	0,223	0,000	0,000
10,000	-9,820	-9,851	-9,731	-9,590	-9,501	-9,456	-9,433	-9,418	-9,401	-9,402	-9,374	-9,348	-9,290	-9,202	-9,099	-0,153	0,108	0,146	0,197	0,167	0,146	0,128	0,119	0,107	0,119	0,137	0,156	0,188	0,200	0,160	0,000	0,000
11,000	-10,453	-10,390	-10,370	-10,232	-10,151	-10,093	-10,063	-10,046	-10,013	-9,993	-9,957	-9,914	-9,853	-9,754	-9,638	-0,015	0,068	0,118	0,186	0,187	0,160	0,157	0,150	0,153	0,157	0,178	0,199	0,220	0,228	0,176	0,000	0,000
12,000	-14,495	-14,420	-14,350	-14,285	-14,219	-14,203	-14,188	-14,186	-14,169	-14,180	-14,167	-14,136	-14,103	-14,015	-13,928	0,125	0,158	0,145	0,138	0,114	0,080	0,076	0,078	0,073	0,077	0,101	0,126	0,147	0,164	0,134	0,000	0,000
13,000	-6,321	-6,013	-5,948	-5,851	-5,811	-5,786	-5,769	-5,757	-5,731	-5,717	-5,684	-5,630	-5,555	-5,437	-5,292	1,093	0,660	0,474	0,270	0,195	0,161	0,147	0,152	0,153	0,169	0,199	0,228	0,268	0,275	0,219	0,000	0,000
14,000	-9,605	-8,940	-8,904	-8,685	-8,656	-8,605	-8,580	-8,579	-8,556	-8,548	-8,532	-8,488	-8,419	-8,299	-8,137	1,573	0,878	0,688	0,396	0,286	0,207	0,189	0,160	0,149	0,155	0,176	0,225	0,265	0,287	0,229	0,000	0,000
15,000	-9,149	-9,222	-9,127	-9,115	-9,069	-9,062	-9,052	-9,040	-9,027	-9,025	-8,997	-8,977	-8,930	-8,866	-8,790	-0,133	0,050	0,035	0,064	0,059	0,061	0,064	0,071	0,077	0,084	0,098	0,117	0,141	0,149	0,118	0,000	0,000
	run	18	2022:11:08    11:01:29,532
0,000	-13,098	-13,199	-13,223	-13,305	-13,332	-13,345	-13,348	-13,353	-13,361	-13,365	-13,357	-13,331	-13,278	-13,189	-13,084	-0,263	-0,197	-0,169	-0,109	-0,085	-0,047	-0,029	-0,012	0,012	0,040	0,076	0,117	0,159	0,183	0,152	0,000	0,000
1,000	-16,818	-16,821	-16,738	-16,551	-16,413	-16,311	-16,253	-16,207	-16,167	-16,136	-16,096	-16,054	-15,997	-15,903	-15,797	0,001	0,157	0,218	0,308	0,314	0,283	0,266	0,235	0,219	0,207	0,208	0,215	0,222	0,223	0,169	0,000	0,000
2,000	-10,261	-10,237	-10,211	-10,085	-9,974	-9,904	-9,856	-9,815	-9,772	-9,735	-9,674	-9,605	-9,505	-9,359	-9,191	0,046	0,107	0,148	0,244	0,254	0,238	0,240	0,235	0,238	0,255	0,285	0,317	0,340	0,348	0,265	0,000	0,000
3,000	-20,379	-20,356	-20,314	-19,996	-19,795	-19,660	-19,596	-19,538	-19,485	-19,473	-19,435	-19,395	-19,347	-19,245	-19,118	0,131	0,252	0,348	0,466	0,450	0,373	0,326	0,282	0,251	0,211	0,207	0,222	0,232	0,244	0,185	0,000	0,000
4,000	-10,893	-10,989	-10,895	-10,893	-10,856	-10,859	-10,857	-10,856	-10,848	-10,832	-10,786	-10,714	-10,584	-10,367	-10,072	-0,297	-0,011	-0,030	0,039	0,042	0,072	0,079	0,100	0,127	0,193	0,273	0,354	0,454	0,508	0,416	0,000	0,000
5,000	-12,346	-12,267	-12,424	-12,460	-12,461	-12,440	-12,420	-12,423	-12,394	-12,384	-12,343	-12,255	-12,108	-11,862	-11,544	0,005	-0,176	-0,120	-0,012	0,022	0,034	0,083	0,107	0,155	0,207	0,298	0,398	0,498	0,559	0,455	0,000	0,000
6,000	-8,723	-8,734	-8,635	-8,502	-8,400	-8,345	-8,315	-8,285	-8,239	-8,220	-8,169	-8,109	-8,023	-7,876	-7,700	-0,075	0,107	0,157	0,228	0,223	0,200	0,202	0,190	0,201	0,215	0,245	0,282	0,319	0,338	0,261	0,000	0,000
7,000	-7,096	-7,078	-7,056	-6,985	-6,939	-6,913	-6,901	-6,885	-6,870	-6,865	-6,851	-6,828	-6,797	-6,750	-6,690	-0,037	0,009	0,040	0,105	0,091	0,079	0,083	0,075	0,076	0,072	0,082	0,092	0,108	0,113	0,083	0,000	0,000
8,000	-20,103	-20,372	-20,359	-20,489	-20,472	-20,530	-20,565	-20,594	-20,623	-20,676	-20,696	-20,712	-20,708	-20,672	-20,620	-0,447	-0,253	-0,231	-0,166	-0,148	-0,149	-0,148	-0,143	-0,121	-0,103	-0,064	-0,017	0,018	0,061	0,059	0,000	0,000
9,000	-9,709	-9,706	-9,648	-9,492	-9,351	-9,249	-9,177	-9,128	-9,072	-9,021	-8,971	-8,913	-8,832	-8,710	-8,566	-0,030	0,071	0,169	0,301	0,321	0,305	0,299	0,277	0,264	0,259	0,267	0,283	0,291	0,293	0,220	0,000	0,000
10,000	-9,835	-9,846	-9,716	-9,582	-9,484	-9,447	-9,421	-9,408	-9,387	-9,394	-9,369	-9,341	-9,284	-9,190	-9,086	-0,147	0,113	0,140	0,198	0,170	0,144	0,131	0,116	0,106	0,117	0,136	0,164	0,188	0,201	0,160	0,000	0,000
11,000	-10,435	-10,367	-10,335	-10,201	-10,125	-10,071	-10,039	-10,017	-9,983	-9,970	-9,934	-9,883	-9,828	-9,729	-9,611	-0,015	0,074	0,120	0,190	0,190	0,157	0,163	0,149	0,152	0,157	0,178	0,202	0,221	0,228	0,179	0,000	0,000
12,000	-14,468	-14,392	-14,339	-14,261	-14,207	-14,183	-14,175	-14,168	-14,157	-14,163	-14,145	-14,118	-14,085	-14,001	-13,915	0,120	0,152	0,144	0,133	0,110	0,079	0,075	0,071	0,074	0,072	0,096	0,128	0,146	0,169	0,130	0,000	0,000
13,000	-6,353	-6,026	-5,962	-5,866	-5,830	-5,810	-5,786	-5,779	-5,753	-5,738	-5,698	-5,645	-5,569	-5,451	-5,309	1,105	0,660	0,464	0,272	0,205	0,161	0,152	0,156	0,156	0,171	0,198	0,226	0,267	0,274	0,222	0,000	0,000
14,000	-9,676	-8,998	-8,961	-8,739	-8,702	-8,655	-8,628	-8,620	-8,602	-8,598	-8,584	-8,529	-8,465	-8,338	-8,178	1,560	0,885	0,706	0,392	0,286	0,210	0,183	0,156	0,154	0,157	0,185	0,222	0,268	0,289	0,240	0,000	0,000
15,000	-9,156	-9,222	-9,124	-9,113	-9,066	-9,057	-9,052	-9,041	-9,023	-9,018	-9,006	-8,977	-8,933	-8,869	-8,798	-0,130	0,057	0,034	0,064	0,062	0,064	0,061	0,070	0,073	0,086	0,102	0,119	0,137	0,146	0,118	0,000	0,000
	run	19	2022:11:08    11:01:29,631
0,000	-13,137	-13,223	-13,249	-13,336	-13,352	-13,369	-13,374	-13,386	-13,383	-13,387	-13,375	-13,351	-13,306	-13,212	-13,106	-0,260	-0,197	-0,167	-0,110	-0,082	-0,049	-0,028	-0,010	0,011	0,041	0,076	0,119	0,163	0,179	0,152	0,000	0,000
1,000	-16,836	-16,846	-16,732	-16,567	-16,432	-16,325	-16,266	-16,225	-16,183	-16,146	-16,102	-16,069	-16,007	-15,916	-15,809	-0,004	0,163	0,214	0,317	0,319	0,290	0,272	0,237	0,221	0,209	0,214	0,217	0,223	0,231	0,175	0,000	0,000
2,000	-10,243	-10,218	-10,196	-10,059	-9,958	-9,879	-9,832	-9,799	-9,750	-9,714	-9,646	-9,580	-9,485	-9,342	-9,169	0,055	0,101	0,162	0,246	0,249	0,238	0,239	0,230	0,239	0,247	0,286	0,314	0,335	0,341	0,259	0,000	0,000
3,000	-20,316	-20,289	-20,234	-19,928	-19,721	-19,588	-19,522	-19,466	-19,416	-19,401	-19,368	-19,328	-19,279	-19,169	-19,051	0,125	0,266	0,325	0,461	0,452	0,369	0,327	0,282	0,244	0,203	0,208	0,220	0,232	0,238	0,184	0,000	0,000
4,000	-10,830	-10,961	-10,854	-10,842	-10,800	-10,812	-10,801	-10,795	-10,790	-10,781	-10,743	-10,667	-10,532	-10,318	-10,023	-0,294	-0,012	-0,009	0,042	0,038	0,068	0,087	0,094	0,125	0,190	0,275	0,355	0,449	0,504	0,412	0,000	0,000
5,000	-12,274	-12,210	-12,365	-12,396	-12,395	-12,376	-12,363	-12,362	-12,335	-12,325	-12,275	-12,192	-12,048	-11,802	-11,485	0,002	-0,176	-0,132	-0,014	0,020	0,036	0,074	0,111	0,157	0,204	0,295	0,392	0,503	0,554	0,453	0,000	0,000
6,000	-8,708	-8,727	-8,641	-8,504	-8,398	-8,342	-8,317	-8,284	-8,240	-8,221	-8,174	-8,113	-8,027	-7,879	-7,705	-0,077	0,111	0,151	0,225	0,222	0,196	0,199	0,199	0,202	0,210	0,245	0,281	0,314	0,335	0,257	0,000	0,000
7,000	-7,091	-7,056	-7,047	-6,977	-6,937	-6,897	-6,883	-6,873	-6,863	-6,854	-6,840	-6,822	-6,794	-6,748	-6,692	-0,038	0,011	0,041	0,101	0,094	0,074	0,078	0,079	0,075	0,072	0,079	0,093	0,100	0,111	0,079	0,000	0,000
8,000	-20,070	-20,303	-20,302	-20,435	-20,427	-20,483	-20,521	-20,545	-20,579	-20,634	-20,650	-20,667	-20,669	-20,632	-20,576	-0,436	-0,247	-0,242	-0,171	-0,148	-0,158	-0,148	-0,140	-0,122	-0,107	-0,064	-0,021	0,017	0,057	0,060	0,000	0,000
9,000	-9,662	-9,660	-9,610	-9,448	-9,313	-9,198	-9,141	-9,084	-9,030	-8,988	-8,929	-8,872	-8,790	-8,667	-8,524	-0,028	0,070	0,169	0,304	0,323	0,305	0,294	0,273	0,269	0,257	0,267	0,282	0,297	0,292	0,222	0,000	0,000
10,000	-9,800	-9,836	-9,701	-9,566	-9,475	-9,436	-9,412	-9,397	-9,377	-9,379	-9,358	-9,326	-9,269	-9,182	-9,076	-0,144	0,105	0,137	0,198	0,172	0,142	0,133	0,118	0,109	0,110	0,137	0,158	0,193	0,204	0,169	0,000	0,000
11,000	-10,448	-10,381	-10,349	-10,222	-10,138	-10,087	-10,051	-10,033	-9,999	-9,983	-9,949	-9,902	-9,847	-9,743	-9,627	-0,016	0,074	0,124	0,189	0,186	0,161	0,158	0,148	0,154	0,155	0,180	0,206	0,219	0,226	0,179	0,000	0,000
12,000	-14,564	-14,483	-14,418	-14,349	-14,289	-14,267	-14,260	-14,253	-14,232	-14,247	-14,225	-14,201	-14,167	-14,085	-13,989	0,119	0,148	0,147	0,133	0,112	0,082	0,079	0,069	0,076	0,078	0,104	0,127	0,151	0,173	0,135	0,000	0,000
13,000	-6,351	-6,039	-5,987	-5,889	-5,854	-5,826	-5,807	-5,797	-5,764	-5,744	-5,708	-5,655	-5,576	-5,461	-5,316	1,086	0,652	0,467	0,272	0,197	0,163	0,156	0,156	0,160	0,179	0,208	0,238	0,269	0,278	0,221	0,000	0,000
14,000	-9,702	-8,995	-8,977	-8,747	-8,702	-8,661	-8,636	-8,629	-8,609	-8,604	-8,585	-8,557	-8,471	-8,348	-8,192	1,577	0,888	0,703	0,391	0,285	0,209	0,188	0,157	0,161	0,156	0,178	0,221	0,271	0,291	0,231	0,000	0,000
15,000	-9,184	-9,225	-9,137	-9,121	-9,074	-9,072	-9,062	-9,053	-9,037	-9,035	-9,010	-8,990	-8,943	-8,879	-8,804	-0,126	0,045	0,036	0,063	0,062	0,063	0,063	0,067	0,070	0,087	0,104	0,117	0,138	0,146	0,117	0,000	0,000
	run	20	2022:11:08    11:01:29,684
0,000	-13,137	-13,223	-13,249	-13,336	-13,352	-13,369	-13,374	-13,386	-13,383	-13,387	-13,375	-13,351	-13,306	-13,212	-13,106	-0,260	-0,197	-0,167	-0,110	-0,082	-0,049	-0,028	-0,010	0,011	0,041	0,076	0,119	0,163	0,179	0,152	0,000	0,000
1,000	-16,836	-16,846	-16,732	-16,567	-16,432	-16,325	-16,266	-16,225	-16,183	-16,146	-16,102	-16,069	-16,007	-15,916	-15,809	-0,004	0,163	0,214	0,317	0,319	0,290	0,272	0,237	0,221	0,209	0,214	0,217	0,223	0,231	0,175	0,000	0,000
2,000	-10,243	-10,218	-10,196	-10,059	-9,958	-9,879	-9,832	-9,799	-9,750	-9,714	-9,646	-9,580	-9,485	-9,342	-9,169	0,055	0,101	0,162	0,246	0,249	0,238	0,239	0,230	0,239	0,247	0,286	0,314	0,335	0,341	0,259	0,000	0,000
3,000	-20,316	-20,289	-20,234	-19,928	-19,721	-19,588	-19,522	-19,466	-19,416	-19,401	-19,368	-19,328	-19,279	-19,169	-19,051	0,125	0,266	0,325	0,461	0,452	0,369	0,327	0,282	0,244	0,203	0,208	0,220	0,232	0,238	0,184	0,000	0,000
4,000	-10,830	-10,961	-10,854	-10,842	-10,800	-10,812	-10,801	-10,795	-10,790	-10,781	-10,743	-10,667	-10,532	-10,318	-10,023	-0,294	-0,012	-0,009	0,042	0,038	0,068	0,087	0,094	0,125	0,190	0,275	0,355	0,449	0,504	0,412	0,000	0,000
5,000	-12,274	-12,210	-12,365	-12,396	-12,395	-12,376	-12,363	-12,362	-12,335	-12,325	-12,275	-12,192	-12,048	-11,802	-11,485	0,002	-0,176	-0,132	-0,014	0,020	0,036	0,074	0,111	0,157	0,204	0,295	0,392	0,503	0,554	0,453	0,000	0,000
6,000	-8,688	-8,700	-8,613	-8,482	-8,383	-8,318	-8,289	-8,258	-8,220	-8,202	-8,153	-8,088	-8,003	-7,853	-7,685	-0,066	0,110	0,150	0,218	0,221	0,198	0,198	0,195	0,198	0,213	0,245	0,286	0,316	0,333	0,261	0,000	0,000
7,000	-7,101	-7,074	-7,060	-6,991	-6,943	-6,919	-6,898	-6,888	-6,869	-6,865	-6,853	-6,831	-6,808	-6,753	-6,697	-0,031	0,010	0,047	0,111	0,100	0,078	0,080	0,075	0,081	0,076	0,081	0,092	0,103	0,114	0,085	0,000	0,000
8,000	-20,058	-20,291	-20,302	-20,436	-20,422	-20,482	-20,517	-20,546	-20,572	-20,638	-20,645	-20,663	-20,669	-20,631	-20,577	-0,458	-0,254	-0,237	-0,174	-0,149	-0,154	-0,151	-0,144	-0,130	-0,106	-0,064	-0,020	0,011	0,059	0,059	0,000	0,000
9,000	-9,678	-9,687	-9,630	-9,465	-9,333	-9,218	-9,159	-9,100	-9,044	-9,005	-8,949	-8,888	-8,804	-8,683	-8,540	-0,027	0,076	0,160	0,302	0,324	0,309	0,299	0,277	0,266	0,257	0,266	0,290	0,300	0,296	0,223	0,000	0,000
10,000	-9,864	-9,872	-9,757	-9,609	-9,516	-9,478	-9,449	-9,435	-9,416	-9,420	-9,395	-9,363	-9,304	-9,216	-9,113	-0,182	0,115	0,142	0,199	0,174	0,146	0,133	0,119	0,108	0,118	0,141	0,158	0,193	0,204	0,157	0,000	0,000
11,000	-10,506	-10,427	-10,398	-10,267	-10,185	-10,129	-10,101	-10,074	-10,044	-10,027	-9,993	-9,945	-9,884	-9,785	-9,668	-0,008	0,070	0,125	0,189	0,190	0,161	0,159	0,156	0,155	0,157	0,179	0,201	0,220	0,227	0,174	0,000	0,000
12,000	-14,575	-14,494	-14,439	-14,361	-14,303	-14,286	-14,275	-14,265	-14,255	-14,265	-14,242	-14,220	-14,182	-14,104	-14,013	0,114	0,146	0,135	0,134	0,115	0,083	0,079	0,071	0,075	0,072	0,098	0,130	0,146	0,166	0,134	0,000	0,000
13,000	-6,407	-6,080	-6,002	-5,908	-5,874	-5,848	-5,830	-5,814	-5,788	-5,760	-5,723	-5,668	-5,591	-5,476	-5,327	1,112	0,669	0,484	0,275	0,207	0,175	0,167	0,160	0,173	0,186	0,209	0,244	0,272	0,281	0,219	0,000	0,000
14,000	-9,668	-8,983	-8,955	-8,731	-8,701	-8,652	-8,624	-8,625	-8,605	-8,596	-8,566	-8,531	-8,463	-8,336	-8,176	1,575	0,877	0,701	0,401	0,288	0,212	0,185	0,161	0,146	0,156	0,181	0,225	0,266	0,289	0,233	0,000	0,000
15,000	-9,182	-9,243	-9,140	-9,130	-9,089	-9,082	-9,073	-9,065	-9,045	-9,038	-9,022	-8,996	-8,949	-8,887	-8,808	-0,143	0,053	0,034	0,066	0,055	0,059	0,061	0,069	0,073	0,087	0,103	0,123	0,143	0,147	0,117	0,000	0,000
	run	21	2022:11:08    11:01:29,783
0,000	-13,077	-13,167	-13,207	-13,288	-13,307	-13,322	-13,329	-13,334	-13,331	-13,341	-13,329	-13,303	-13,257	-13,170	-13,068	-0,235	-0,195	-0,167	-0,105	-0,081	-0,051	-0,030	-0,009	0,009	0,037	0,075	0,121	0,154	0,182	0,150	0,000	0,000
1,000	-16,806	-16,791	-16,709	-16,529	-16,399	-16,288	-16,238	-16,191	-16,150	-16,111	-16,074	-16,036	-15,974	-15,884	-15,771	-0,001	0,159	0,204	0,302	0,316	0,285	0,268	0,240	0,213	0,202	0,207	0,216	0,224	0,224	0,175	0,000	0,000
2,000	-10,209	-10,195	-10,164	-10,030	-9,931	-9,853	-9,808	-9,770	-9,722	-9,687	-9,626	-9,553	-9,459	-9,314	-9,150	0,060	0,107	0,156	0,246	0,253	0,234	0,237	0,233	0,241	0,245	0,277	0,306	0,330	0,335	0,254	0,000	0,000
3,000	-20,307	-20,284	-20,222	-19,921	-19,723	-19,592	-19,520	-19,468	-19,420	-19,402	-19,363	-19,324	-19,276	-19,169	-19,052	0,119	0,255	0,321	0,458	0,443	0,365	0,323	0,277	0,247	0,209	0,203	0,224	0,229	0,242	0,183	0,000	0,000
4,000	-10,817	-10,926	-10,836	-10,827	-10,783	-10,786	-10,784	-10,779	-10,775	-10,757	-10,718	-10,651	-10,516	-10,300	-10,014	-0,299	-0,007	-0,015	0,038	0,048	0,069	0,081	0,098	0,130	0,185	0,269	0,349	0,441	0,497	0,409	0,000	0,000
5,000	-12,246	-12,169	-12,334	-12,365	-12,363	-12,340	-12,321	-12,327	-12,296	-12,293	-12,252	-12,155	-12,021	-11,774	-11,463	0,018	-0,169	-0,113	-0,018	0,012	0,030	0,080	0,106	0,153	0,211	0,287	0,390	0,492	0,551	0,443	0,000	0,000
6,000	-8,683	-8,687	-8,595	-8,469	-8,364	-8,310	-8,278	-8,248	-8,204	-8,186	-8,135	-8,071	-7,994	-7,846	-7,675	-0,073	0,105	0,154	0,221	0,219	0,194	0,194	0,196	0,197	0,207	0,241	0,282	0,317	0,334	0,261	0,000	0,000
7,000	-7,072	-7,050	-7,043	-6,972	-6,922	-6,896	-6,877	-6,874	-6,850	-6,849	-6,829	-6,811	-6,791	-6,739	-6,688	-0,038	0,006	0,049	0,101	0,096	0,081	0,082	0,071	0,068	0,071	0,082	0,094	0,104	0,102	0,081	0,000	0,000
8,000	-20,143	-20,398	-20,397	-20,530	-20,516	-20,572	-20,615	-20,637	-20,668	-20,728	-20,742	-20,755	-20,758	-20,722	-20,655	-0,449	-0,252	-0,244	-0,172	-0,150	-0,143	-0,148	-0,141	-0,122	-0,106	-0,066	-0,015	0,016	0,063	0,063	0,000	0,000
9,000	-9,752	-9,742	-9,682	-9,516	-9,387	-9,264	-9,205	-9,158	-9,095	-9,058	-9,000	-8,935	-8,853	-8,733	-8,592	-0,030	0,089	0,156	0,312	0,326	0,308	0,297	0,276	0,266	0,260	0,267	0,285	0,297	0,291	0,226	0,000	0,000
10,000	-9,908	-9,927	-9,788	-9,641	-9,548	-9,507	-9,480	-9,464	-9,446	-9,447	-9,424	-9,392	-9,340	-9,248	-9,139	-0,145	0,125	0,147	0,208	0,178	0,146	0,132	0,122	0,115	0,117	0,139	0,162	0,190	0,204	0,163	0,000	0,000
11,000	-10,509	-10,435	-10,412	-10,271	-10,191	-10,134	-10,105	-10,085	-10,054	-10,032	-10,001	-9,954	-9,889	-9,787	-9,673	-0,005	0,087	0,131	0,195	0,187	0,162	0,162	0,154	0,153	0,164	0,184	0,204	0,225	0,233	0,177	0,000	0,000
12,000	-14,572	-14,499	-14,448	-14,368	-14,315	-14,292	-14,283	-14,275	-14,264	-14,270	-14,251	-14,222	-14,189	-14,107	-14,019	0,110	0,154	0,143	0,133	0,116	0,084	0,079	0,072	0,075	0,076	0,104	0,124	0,148	0,170	0,132	0,000	0,000
13,000	-6,377	-6,051	-6,001	-5,896	-5,859	-5,838	-5,818	-5,807	-5,777	-5,756	-5,723	-5,668	-5,585	-5,470	-5,323	1,097	0,665	0,470	0,269	0,204	0,165	0,159	0,162	0,165	0,181	0,209	0,239	0,268	0,275	0,220	0,000	0,000
14,000	-9,680	-9,007	-8,968	-8,734	-8,711	-8,661	-8,639	-8,632	-8,614	-8,598	-8,589	-8,543	-8,476	-8,351	-8,186	1,572	0,888	0,716	0,396	0,284	0,208	0,186	0,153	0,147	0,165	0,179	0,220	0,266	0,288	0,232	0,000	0,000
15,000	-9,142	-9,222	-9,124	-9,109	-9,065	-9,053	-9,045	-9,037	-9,020	-9,016	-8,992	-8,971	-8,931	-8,863	-8,786	-0,141	0,045	0,032	0,060	0,055	0,056	0,064	0,071	0,073	0,078	0,099	0,119	0,140	0,146	0,118	0,000	0,000
	run	22	2022:11:08    11:01:29,883
0,000	-13,077	-13,181	-13,213	-13,295	-13,320	-13,332	-13,341	-13,343	-13,344	-13,352	-13,341	-13,313	-13,269	-13,184	-13,077	-0,264	-0,193	-0,175	-0,102	-0,081	-0,047	-0,025	-0,010	0,016	0,034	0,076	0,115	0,156	0,184	0,147	0,000	0,000
1,000	-16,781	-16,782	-16,699	-16,513	-16,376	-16,277	-16,223	-16,177	-16,133	-16,104	-16,054	-16,017	-15,963	-15,876	-15,765	0,000	0,159	0,211	0,308	0,322	0,284	0,267	0,238	0,221	0,204	0,210	0,215	0,222	0,223	0,170	0,000	0,000
2,000	-10,200	-10,191	-10,176	-10,042	-9,939	-9,861	-9,819	-9,779	-9,732	-9,704	-9,644	-9,569	-9,478	-9,324	-9,159	0,041	0,104	0,152	0,243	0,251	0,238	0,240	0,235	0,241	0,243	0,273	0,318	0,335	0,342	0,260	0,000	0,000
3,000	-20,292	-20,275	-20,227	-19,917	-19,714	-19,582	-19,510	-19,459	-19,406	-19,397	-19,361	-19,322	-19,270	-19,160	-19,047	0,127	0,260	0,330	0,463	0,441	0,369	0,323	0,278	0,244	0,209	0,207	0,219	0,229	0,240	0,182	0,000	0,000
4,000	-10,852	-10,962	-10,866	-10,859	-10,816	-10,820	-10,819	-10,816	-10,809	-10,793	-10,756	-10,679	-10,545	-10,332	-10,042	-0,302	-0,010	-0,017	0,040	0,040	0,072	0,075	0,097	0,126	0,183	0,270	0,356	0,442	0,503	0,410	0,000	0,000
5,000	-12,308	-12,222	-12,391	-12,417	-12,426	-12,400	-12,385	-12,390	-12,357	-12,350	-12,304	-12,212	-12,076	-11,825	-11,510	0,010	-0,177	-0,128	-0,011	0,022	0,036	0,077	0,112	0,154	0,206	0,292	0,404	0,498	0,553	0,455	0,000	0,000
6,000	-8,729	-8,718	-8,634	-8,497	-8,396	-8,343	-8,307	-8,279	-8,242	-8,216	-8,169	-8,109	-8,020	-7,871	-7,696	-0,061	0,105	0,157	0,226	0,221	0,204	0,197	0,187	0,199	0,211	0,248	0,290	0,316	0,338	0,264	0,000	0,000
7,000	-7,121	-7,103	-7,081	-7,007	-6,957	-6,926	-6,916	-6,898	-6,888	-6,883	-6,866	-6,848	-6,819	-6,765	-6,704	-0,053	0,001	0,050	0,099	0,101	0,083	0,079	0,079	0,077	0,078	0,085	0,095	0,112	0,116	0,087	0,000	0,000
8,000	-20,120	-20,372	-20,382	-20,502	-20,501	-20,556	-20,589	-20,618	-20,643	-20,695	-20,720	-20,734	-20,743	-20,704	-20,644	-0,431	-0,277	-0,244	-0,174	-0,149	-0,156	-0,151	-0,140	-0,127	-0,113	-0,068	-0,020	0,015	0,063	0,061	0,000	0,000
9,000	-9,750	-9,719	-9,666	-9,497	-9,368	-9,254	-9,186	-9,135	-9,081	-9,033	-8,979	-8,916	-8,837	-8,714	-8,570	-0,049	0,091	0,171	0,309	0,333	0,309	0,296	0,278	0,271	0,267	0,273	0,289	0,298	0,300	0,222	0,000	0,000
10,000	-9,873	-9,904	-9,772	-9,621	-9,524	-9,486	-9,458	-9,446	-9,425	-9,433	-9,405	-9,374	-9,319	-9,229	-9,119	-0,155	0,117	0,153	0,206	0,178	0,148	0,135	0,123	0,108	0,118	0,137	0,159	0,190	0,200	0,159	0,000	0,000
11,000	-10,505	-10,417	-10,390	-10,261	-10,176	-10,123	-10,088	-10,067	-10,037	-10,021	-9,985	-9,942	-9,879	-9,776	-9,661	-0,028	0,083	0,123	0,196	0,189	0,163	0,158	0,155	0,154	0,160	0,176	0,199	0,221	0,230	0,176	0,000	0,000
12,000	-14,606	-14,545	-14,478	-14,405	-14,348	-14,326	-14,316	-14,312	-14,294	-14,305	-14,285	-14,263	-14,221	-14,140	-14,053	0,123	0,157	0,140	0,135	0,114	0,086	0,077	0,071	0,074	0,075	0,098	0,133	0,150	0,168	0,133	0,000	0,000
13,000	-6,359	-6,029	-5,977	-5,873	-5,837	-5,811	-5,800	-5,787	-5,756	-5,747	-5,709	-5,651	-5,578	-5,460	-5,315	1,107	0,667	0,473	0,269	0,204	0,162	0,158	0,152	0,161	0,172	0,202	0,229	0,269	0,274	0,222	0,000	0,000
14,000	-9,625	-8,962	-8,939	-8,706	-8,675	-8,625	-8,600	-8,597	-8,572	-8,566	-8,552	-8,494	-8,436	-8,312	-8,151	1,595	0,883	0,696	0,397	0,283	0,208	0,187	0,161	0,153	0,152	0,181	0,229	0,261	0,290	0,236	0,000	0,000
15,000	-9,136	-9,203	-9,113	-9,103	-9,060	-9,055	-9,044	-9,035	-9,016	-9,009	-8,992	-8,966	-8,924	-8,861	-8,784	-0,124	0,052	0,035	0,062	0,061	0,063	0,063	0,065	0,074	0,083	0,100	0,113	0,136	0,148	0,116	0,000	0,000
	run	23	2022:11:08    11:01:29,931
0,000	-13,096	-13,198	-13,217	-13,308	-13,336	-13,347	-13,353	-13,359	-13,354	-13,364	-13,349	-13,326	-13,275	-13,191	-13,081	-0,273	-0,191	-0,170	-0,104	-0,078	-0,051	-0,027	-0,012	0,013	0,036	0,073	0,119	0,159	0,181	0,149	0,000	0,000
1,000	-16,746	-16,742	-16,653	-16,480	-16,345	-16,242	-16,185	-16,143	-16,099	-16,067	-16,030	-15,980	-15,933	-15,843	-15,730	0,006	0,156	0,213	0,308	0,320	0,283	0,266	0,229	0,219	0,203	0,208	0,214	0,222	0,223	0,170	0,000	0,000
2,000	-10,200	-10,191	-10,176	-10,042	-9,939	-9,861	-9,819	-9,779	-9,732	-9,704	-9,644	-9,569	-9,478	-9,324	-9,159	0,041	0,104	0,152	0,243	0,251	0,238	0,240	0,235	0,241	0,243	0,273	0,318	0,335	0,342	0,260	0,000	0,000
3,000	-20,292	-20,275	-20,227	-19,917	-19,714	-19,582	-19,510	-19,459	-19,406	-19,397	-19,361	-19,322	-19,270	-19,160	-19,047	0,127	0,260	0,330	0,463	0,441	0,369	0,323	0,278	0,244	0,209	0,207	0,219	0,229	0,240	0,182	0,000	0,000
4,000	-10,852	-10,962	-10,866	-10,859	-10,816	-10,820	-10,819	-10,816	-10,809	-10,793	-10,756	-10,679	-10,545	-10,332	-10,042	-0,302	-0,010	-0,017	0,040	0,040	0,072	0,075	0,097	0,126	0,183	0,270	0,356	0,442	0,503	0,410	0,000	0,000
5,000	-12,308	-12,222	-12,391	-12,417	-12,426	-12,400	-12,385	-12,390	-12,357	-12,350	-12,304	-12,212	-12,076	-11,825	-11,510	0,010	-0,177	-0,128	-0,011	0,022	0,036	0,077	0,112	0,154	0,206	0,292	0,404	0,498	0,553	0,455	0,000	0,000
6,000	-8,729	-8,718	-8,634	-8,497	-8,396	-8,343	-8,307	-8,279	-8,242	-8,216	-8,169	-8,109	-8,020	-7,871	-7,696	-0,061	0,105	0,157	0,226	0,221	0,204	0,197	0,187	0,199	0,211	0,248	0,290	0,316	0,338	0,264	0,000	0,000
7,000	-7,121	-7,103	-7,081	-7,007	-6,957	-6,926	-6,916	-6,898	-6,888	-6,883	-6,866	-6,848	-6,819	-6,765	-6,704	-0,053	0,001	0,050	0,099	0,101	0,083	0,079	0,079	0,077	0,078	0,085	0,095	0,112	0,116	0,087	0,000	0,000
8,000	-20,120	-20,393	-20,388	-20,518	-20,520	-20,577	-20,609	-20,642	-20,669	-20,724	-20,745	-20,759	-20,761	-20,722	-20,668	-0,455	-0,271	-0,246	-0,175	-0,150	-0,151	-0,152	-0,146	-0,126	-0,108	-0,066	-0,019	0,009	0,062	0,060	0,000	0,000
9,000	-9,728	-9,723	-9,658	-9,485	-9,358	-9,243	-9,177	-9,128	-9,067	-9,023	-8,970	-8,911	-8,828	-8,705	-8,557	-0,035	0,085	0,177	0,309	0,326	0,313	0,304	0,274	0,264	0,263	0,276	0,286	0,297	0,297	0,223	0,000	0,000
10,000	-9,849	-9,877	-9,747	-9,609	-9,513	-9,474	-9,453	-9,438	-9,414	-9,420	-9,397	-9,366	-9,308	-9,220	-9,109	-0,165	0,111	0,147	0,205	0,172	0,145	0,134	0,122	0,112	0,119	0,137	0,161	0,187	0,205	0,160	0,000	0,000
11,000	-10,495	-10,414	-10,383	-10,250	-10,178	-10,110	-10,082	-10,065	-10,034	-10,018	-9,981	-9,932	-9,871	-9,770	-9,654	-0,019	0,075	0,118	0,191	0,190	0,160	0,161	0,155	0,156	0,158	0,184	0,204	0,222	0,230	0,172	0,000	0,000
12,000	-14,541	-14,480	-14,420	-14,343	-14,286	-14,264	-14,254	-14,248	-14,232	-14,246	-14,220	-14,201	-14,165	-14,082	-13,993	0,114	0,150	0,143	0,132	0,111	0,086	0,079	0,073	0,070	0,072	0,098	0,126	0,148	0,167	0,134	0,000	0,000
13,000	-6,355	-6,040	-5,977	-5,886	-5,844	-5,826	-5,801	-5,785	-5,760	-5,744	-5,713	-5,659	-5,580	-5,462	-5,318	1,091	0,659	0,467	0,265	0,200	0,166	0,155	0,158	0,159	0,172	0,202	0,234	0,268	0,272	0,222	0,000	0,000
14,000	-9,625	-8,956	-8,936	-8,701	-8,669	-8,617	-8,592	-8,589	-8,574	-8,562	-8,541	-8,505	-8,426	-8,310	-8,147	1,564	0,880	0,700	0,390	0,284	0,211	0,191	0,163	0,150	0,152	0,183	0,222	0,264	0,294	0,232	0,000	0,000
15,000	-9,129	-9,207	-9,100	-9,095	-9,051	-9,046	-9,034	-9,020	-9,006	-9,000	-8,983	-8,958	-8,915	-8,847	-8,771	-0,131	0,053	0,031	0,063	0,058	0,062	0,063	0,068	0,070	0,084	0,101	0,118	0,137	0,146	0,118	0,000	0,000
	run	24	2022:11:08    11:01:30,030
0,000	-13,057	-13,148	-13,187	-13,271	-13,293	-13,310	-13,312	-13,313	-13,317	-13,321	-13,310	-13,288	-13,244	-13,150	-13,045	-0,248	-0,189	-0,170	-0,103	-0,088	-0,047	-0,024	-0,006	0,018	0,038	0,077	0,117	0,161	0,180	0,151	0,000	0,000
1,000	-16,768	-16,781	-16,687	-16,506	-16,374	-16,270	-16,214	-16,168	-16,131	-16,097	-16,056	-16,009	-15,956	-15,871	-15,755	-0,009	0,149	0,207	0,314	0,320	0,284	0,271	0,231	0,219	0,209	0,210	0,209	0,215	0,222	0,171	0,000	0,000
2,000	-10,227	-10,196	-10,169	-10,033	-9,930	-9,853	-9,806	-9,776	-9,721	-9,692	-9,629	-9,562	-9,463	-9,320	-9,149	0,056	0,102	0,152	0,243	0,249	0,239	0,240	0,231	0,240	0,250	0,276	0,312	0,335	0,339	0,258	0,000	0,000
3,000	-20,340	-20,298	-20,244	-19,934	-19,735	-19,603	-19,535	-19,469	-19,428	-19,416	-19,378	-19,338	-19,283	-19,183	-19,058	0,127	0,260	0,333	0,471	0,448	0,367	0,324	0,279	0,249	0,211	0,206	0,221	0,230	0,243	0,177	0,000	0,000
4,000	-10,881	-11,003	-10,903	-10,886	-10,854	-10,858	-10,849	-10,846	-10,842	-10,833	-10,792	-10,716	-10,580	-10,360	-10,073	-0,316	-0,010	-0,019	0,043	0,043	0,068	0,082	0,099	0,125	0,184	0,277	0,357	0,449	0,500	0,415	0,000	0,000
5,000	-12,297	-12,217	-12,376	-12,408	-12,411	-12,396	-12,376	-12,371	-12,351	-12,342	-12,294	-12,205	-12,069	-11,821	-11,500	0,004	-0,169	-0,122	-0,017	0,016	0,036	0,077	0,113	0,156	0,202	0,286	0,395	0,492	0,550	0,450	0,000	0,000
6,000	-8,722	-8,739	-8,643	-8,507	-8,402	-8,347	-8,315	-8,285	-8,252	-8,230	-8,180	-8,119	-8,031	-7,886	-7,709	-0,070	0,105	0,161	0,230	0,225	0,196	0,197	0,190	0,200	0,214	0,251	0,285	0,317	0,335	0,257	0,000	0,000
7,000	-7,104	-7,074	-7,070	-6,991	-6,944	-6,922	-6,905	-6,890	-6,877	-6,875	-6,864	-6,832	-6,810	-6,759	-6,707	-0,032	0,018	0,049	0,108	0,095	0,078	0,079	0,075	0,073	0,071	0,083	0,096	0,105	0,106	0,083	0,000	0,000
8,000	-20,153	-20,408	-20,416	-20,541	-20,538	-20,590	-20,628	-20,652	-20,681	-20,744	-20,761	-20,778	-20,782	-20,736	-20,683	-0,433	-0,255	-0,234	-0,170	-0,143	-0,162	-0,145	-0,139	-0,123	-0,103	-0,061	-0,020	0,012	0,060	0,059	0,000	0,000
9,000	-9,727	-9,725	-9,667	-9,499	-9,364	-9,254	-9,192	-9,135	-9,077	-9,037	-8,974	-8,921	-8,837	-8,717	-8,570	-0,049	0,084	0,172	0,301	0,325	0,306	0,300	0,275	0,262	0,264	0,275	0,286	0,297	0,298	0,223	0,000	0,000
10,000	-9,873	-9,890	-9,765	-9,617	-9,527	-9,485	-9,459	-9,446	-9,423	-9,425	-9,405	-9,376	-9,315	-9,226	-9,125	-0,151	0,118	0,145	0,204	0,177	0,148	0,132	0,120	0,108	0,119	0,137	0,161	0,190	0,201	0,163	0,000	0,000
11,000	-10,475	-10,403	-10,376	-10,242	-10,157	-10,102	-10,072	-10,051	-10,018	-10,003	-9,966	-9,921	-9,861	-9,762	-9,644	-0,020	0,084	0,120	0,194	0,188	0,159	0,158	0,152	0,157	0,155	0,179	0,199	0,221	0,230	0,172	0,000	0,000
12,000	-14,541	-14,475	-14,403	-14,335	-14,280	-14,254	-14,252	-14,242	-14,227	-14,237	-14,219	-14,190	-14,157	-14,076	-13,983	0,114	0,154	0,141	0,131	0,117	0,082	0,083	0,077	0,074	0,073	0,098	0,130	0,149	0,166	0,135	0,000	0,000
13,000	-6,344	-6,019	-5,960	-5,862	-5,824	-5,802	-5,784	-5,767	-5,744	-5,729	-5,694	-5,646	-5,568	-5,446	-5,300	1,102	0,662	0,473	0,270	0,202	0,162	0,156	0,149	0,154	0,170	0,200	0,231	0,268	0,276	0,219	0,000	0,000
14,000	-9,664	-8,981	-8,946	-8,721	-8,690	-8,639	-8,610	-8,610	-8,592	-8,582	-8,559	-8,524	-8,447	-8,330	-8,161	1,562	0,888	0,699	0,391	0,282	0,212	0,183	0,161	0,149	0,153	0,179	0,224	0,257	0,286	0,233	0,000	0,000
15,000	-9,139	-9,199	-9,106	-9,091	-9,045	-9,034	-9,031	-9,018	-8,997	-8,996	-8,978	-8,955	-8,912	-8,846	-8,770	-0,131	0,040	0,034	0,061	0,056	0,061	0,062	0,066	0,074	0,085	0,102	0,114	0,136	0,145	0,115	0,000	0,000
