Device: PM2003001		2022:11:08    10:58:51,228  (DLL version: 1.20;  Status: HW:v1.02 SW:v1.3 CRC:31ED BATTERY:4154mV ST:0 ERR:0000;  MUX data; S: 92 I:143 R:200.000 C:1.094p F:)
Excitation level, V:	2,00
Voltage Channel Gain:	5
Current Channel Gain:	1
Voltmeter Range, V:	0,6
Ampermeter Range, A:	15,0m
Step Period, ms:	5
R transimp:	200
C transimp:	1,1p
Measurement Table: 	EEPROM  16

Freq, Hz	1,0k	2,0k	3,0k	7,0k	11,0k	17,0k	23,0k	31,0k	43,0k	61,0k	89,0k	127,0k	179,0k	251,0k	349,0k	1,0k	2,0k	3,0k	7,0k	11,0k	17,0k	23,0k	31,0k	43,0k	61,0k	89,0k	127,0k	179,0k	251,0k	349,0k
	run	1	2022:11:08    10:58:51,232
MUX	Re1, ohm	Re2, ohm	Re3, ohm	Re4, ohm	Re5, ohm	Re6, ohm	Re7, ohm	Re8, ohm	Re9, ohm	Re10, ohm	Re11, ohm	Re12, ohm	Re13, ohm	Re14, ohm	Re15, ohm	Im1, ohm	Im2, ohm	Im3, ohm	Im4, ohm	Im5, ohm	Im6, ohm	Im7, ohm	Im8, ohm	Im9, ohm	Im10, ohm	Im11, ohm	Im12, ohm	Im13, ohm	Im14, ohm	Im15, ohm	U, V	I, mA

0,000	-12,529	-12,585	-12,597	-12,660	-12,670	-12,685	-12,684	-12,692	-12,692	-12,698	-12,686	-12,660	-12,613	-12,529	-12,417	-0,139	-0,110	-0,100	-0,066	-0,056	-0,033	-0,014	0,002	0,018	0,042	0,077	0,119	0,162	0,185	0,149	0,000	0,000
1,000	-16,418	-16,395	-16,299	-16,139	-16,018	-15,925	-15,871	-15,827	-15,779	-15,754	-15,708	-15,671	-15,612	-15,526	-15,409	0,024	0,166	0,207	0,284	0,300	0,274	0,255	0,226	0,214	0,201	0,204	0,213	0,224	0,232	0,176	0,000	0,000
2,000	-9,902	-9,882	-9,861	-9,740	-9,642	-9,566	-9,521	-9,489	-9,440	-9,411	-9,351	-9,283	-9,191	-9,052	-8,886	0,054	0,097	0,145	0,231	0,245	0,224	0,234	0,223	0,226	0,239	0,269	0,295	0,325	0,334	0,256	0,000	0,000
3,000	-19,765	-19,726	-19,667	-19,402	-19,210	-19,092	-19,017	-18,966	-18,913	-18,903	-18,862	-18,825	-18,775	-18,672	-18,556	0,141	0,248	0,313	0,432	0,413	0,352	0,310	0,273	0,241	0,203	0,205	0,215	0,232	0,234	0,177	0,000	0,000
4,000	-10,616	-10,711	-10,620	-10,596	-10,560	-10,571	-10,563	-10,554	-10,549	-10,531	-10,504	-10,424	-10,290	-10,069	-9,778	-0,283	0,010	0,007	0,053	0,056	0,074	0,085	0,101	0,132	0,188	0,269	0,361	0,449	0,503	0,421	0,000	0,000
5,000	-12,115	-12,001	-12,179	-12,192	-12,195	-12,165	-12,154	-12,149	-12,120	-12,115	-12,074	-11,975	-11,822	-11,571	-11,240	0,084	-0,127	-0,088	0,003	0,032	0,046	0,094	0,119	0,169	0,215	0,316	0,418	0,517	0,579	0,469	0,000	0,000
6,000	-8,980	-9,005	-8,923	-8,796	-8,686	-8,625	-8,593	-8,563	-8,520	-8,507	-8,456	-8,393	-8,308	-8,165	-7,997	-0,116	0,086	0,138	0,216	0,220	0,195	0,196	0,192	0,202	0,212	0,244	0,279	0,313	0,323	0,255	0,000	0,000
7,000	-7,401	-7,303	-7,257	-7,142	-7,091	-7,057	-7,046	-7,034	-7,024	-7,020	-7,009	-7,000	-6,987	-6,959	-6,924	0,124	0,147	0,153	0,164	0,120	0,093	0,079	0,069	0,068	0,057	0,055	0,057	0,057	0,057	0,042	0,000	0,000
8,000	-15,740	-15,071	-14,742	-14,552	-14,477	-14,459	-14,469	-14,480	-14,505	-14,539	-14,560	-14,598	-14,623	-14,649	-14,673	2,765	1,743	1,227	0,588	0,375	0,219	0,130	0,062	0,007	-0,017	-0,044	-0,055	-0,068	-0,046	-0,035	0,000	0,000
9,000	-4,304	-3,756	-3,556	-3,299	-3,204	-3,130	-3,090	-3,066	-3,034	-3,012	-2,990	-2,957	-2,924	-2,867	-2,802	2,428	1,454	1,091	0,632	0,477	0,359	0,297	0,248	0,205	0,184	0,164	0,157	0,151	0,140	0,105	0,000	0,000
10,000	-6,115	-5,359	-5,012	-4,649	-4,521	-4,473	-4,449	-4,428	-4,416	-4,409	-4,400	-4,380	-4,345	-4,285	-4,217	2,502	1,725	1,303	0,736	0,514	0,361	0,285	0,226	0,175	0,146	0,132	0,133	0,143	0,147	0,112	0,000	0,000
11,000	-10,932	-10,497	-10,318	-10,018	-9,907	-9,835	-9,802	-9,778	-9,743	-9,729	-9,690	-9,653	-9,605	-9,519	-9,425	0,652	0,620	0,575	0,431	0,348	0,262	0,234	0,202	0,187	0,175	0,179	0,187	0,196	0,199	0,148	0,000	0,000
12,000	-15,534	-15,629	-15,648	-15,631	-15,587	-15,567	-15,556	-15,549	-15,533	-15,540	-15,520	-15,488	-15,440	-15,332	-15,206	-0,454	-0,231	-0,130	0,004	0,027	0,034	0,046	0,057	0,069	0,081	0,113	0,153	0,195	0,218	0,177	0,000	0,000
13,000	-8,723	-8,764	-8,794	-8,815	-8,801	-8,791	-8,778	-8,764	-8,734	-8,708	-8,654	-8,581	-8,473	-8,319	-8,114	-0,156	-0,102	-0,075	-0,002	0,031	0,065	0,093	0,118	0,151	0,191	0,250	0,302	0,348	0,372	0,300	0,000	0,000
14,000	-11,628	-11,435	-11,557	-11,481	-11,483	-11,443	-11,422	-11,426	-11,407	-11,400	-11,388	-11,344	-11,265	-11,115	-10,922	0,042	-0,086	-0,014	0,049	0,059	0,056	0,071	0,070	0,097	0,115	0,165	0,227	0,292	0,333	0,272	0,000	0,000
15,000	-8,759	-8,853	-8,767	-8,773	-8,732	-8,729	-8,720	-8,709	-8,692	-8,692	-8,668	-8,644	-8,595	-8,522	-8,444	-0,134	0,031	0,006	0,049	0,048	0,062	0,065	0,067	0,069	0,087	0,107	0,128	0,153	0,161	0,130	0,000	0,000
	run	2	2022:11:08    10:58:51,282
0,000	-12,529	-12,585	-12,597	-12,660	-12,670	-12,685	-12,684	-12,692	-12,692	-12,698	-12,686	-12,660	-12,613	-12,529	-12,417	-0,139	-0,110	-0,100	-0,066	-0,056	-0,033	-0,014	0,002	0,018	0,042	0,077	0,119	0,162	0,185	0,149	0,000	0,000
1,000	-16,418	-16,395	-16,299	-16,139	-16,018	-15,925	-15,871	-15,827	-15,779	-15,754	-15,708	-15,671	-15,612	-15,526	-15,409	0,024	0,166	0,207	0,284	0,300	0,274	0,255	0,226	0,214	0,201	0,204	0,213	0,224	0,232	0,176	0,000	0,000
2,000	-9,902	-9,882	-9,861	-9,740	-9,642	-9,566	-9,521	-9,489	-9,440	-9,411	-9,351	-9,283	-9,191	-9,052	-8,886	0,054	0,097	0,145	0,231	0,245	0,224	0,234	0,223	0,226	0,239	0,269	0,295	0,325	0,334	0,256	0,000	0,000
3,000	-19,765	-19,726	-19,667	-19,402	-19,210	-19,092	-19,017	-18,966	-18,913	-18,903	-18,862	-18,825	-18,775	-18,672	-18,556	0,141	0,248	0,313	0,432	0,413	0,352	0,310	0,273	0,241	0,203	0,205	0,215	0,232	0,234	0,177	0,000	0,000
4,000	-10,616	-10,711	-10,620	-10,596	-10,560	-10,571	-10,563	-10,554	-10,549	-10,531	-10,504	-10,424	-10,290	-10,069	-9,778	-0,283	0,010	0,007	0,053	0,056	0,074	0,085	0,101	0,132	0,188	0,269	0,361	0,449	0,503	0,421	0,000	0,000
5,000	-12,115	-12,001	-12,179	-12,192	-12,195	-12,165	-12,154	-12,149	-12,120	-12,115	-12,074	-11,975	-11,822	-11,571	-11,240	0,084	-0,127	-0,088	0,003	0,032	0,046	0,094	0,119	0,169	0,215	0,316	0,418	0,517	0,579	0,469	0,000	0,000
6,000	-8,885	-8,912	-8,821	-8,691	-8,593	-8,527	-8,502	-8,469	-8,432	-8,413	-8,369	-8,295	-8,219	-8,072	-7,902	-0,102	0,084	0,136	0,218	0,217	0,196	0,196	0,193	0,196	0,200	0,243	0,278	0,309	0,329	0,252	0,000	0,000
7,000	-7,311	-7,231	-7,179	-7,073	-7,024	-6,987	-6,976	-6,968	-6,945	-6,942	-6,937	-6,920	-6,911	-6,888	-6,853	0,122	0,140	0,154	0,154	0,122	0,089	0,088	0,069	0,068	0,060	0,053	0,061	0,058	0,060	0,042	0,000	0,000
8,000	-15,714	-15,026	-14,715	-14,545	-14,462	-14,441	-14,448	-14,461	-14,490	-14,515	-14,553	-14,582	-14,608	-14,637	-14,655	2,716	1,726	1,197	0,567	0,363	0,204	0,122	0,059	0,001	-0,027	-0,044	-0,057	-0,056	-0,045	-0,022	0,000	0,000
9,000	-4,322	-3,772	-3,577	-3,319	-3,214	-3,145	-3,106	-3,075	-3,054	-3,025	-3,006	-2,976	-2,937	-2,886	-2,823	2,405	1,457	1,100	0,630	0,477	0,362	0,296	0,250	0,205	0,177	0,153	0,154	0,146	0,142	0,102	0,000	0,000
10,000	-6,106	-5,325	-4,978	-4,618	-4,485	-4,434	-4,410	-4,396	-4,381	-4,377	-4,363	-4,344	-4,308	-4,243	-4,180	2,519	1,743	1,325	0,740	0,519	0,365	0,290	0,228	0,176	0,151	0,133	0,129	0,145	0,149	0,116	0,000	0,000
11,000	-10,995	-10,539	-10,371	-10,068	-9,952	-9,882	-9,847	-9,821	-9,785	-9,771	-9,733	-9,696	-9,643	-9,559	-9,464	0,683	0,635	0,577	0,438	0,356	0,269	0,238	0,210	0,190	0,179	0,183	0,193	0,198	0,202	0,151	0,000	0,000
12,000	-15,655	-15,764	-15,779	-15,766	-15,719	-15,703	-15,696	-15,688	-15,670	-15,683	-15,658	-15,621	-15,575	-15,470	-15,349	-0,463	-0,238	-0,134	-0,003	0,023	0,032	0,046	0,055	0,065	0,081	0,117	0,160	0,196	0,220	0,179	0,000	0,000
13,000	-8,794	-8,826	-8,874	-8,897	-8,889	-8,865	-8,853	-8,838	-8,812	-8,780	-8,732	-8,655	-8,554	-8,397	-8,191	-0,161	-0,115	-0,087	-0,003	0,032	0,064	0,095	0,122	0,150	0,191	0,246	0,298	0,351	0,375	0,299	0,000	0,000
14,000	-11,652	-11,493	-11,602	-11,530	-11,528	-11,494	-11,467	-11,469	-11,460	-11,451	-11,436	-11,392	-11,316	-11,170	-10,977	0,049	-0,082	-0,009	0,059	0,056	0,053	0,073	0,078	0,095	0,116	0,161	0,220	0,288	0,325	0,269	0,000	0,000
15,000	-8,687	-8,791	-8,714	-8,716	-8,671	-8,668	-8,666	-8,649	-8,631	-8,635	-8,612	-8,577	-8,535	-8,457	-8,372	-0,145	0,028	0,008	0,049	0,045	0,060	0,060	0,069	0,072	0,094	0,107	0,129	0,157	0,167	0,134	0,000	0,000
	run	3	2022:11:08    10:58:51,382
0,000	-12,738	-12,789	-12,809	-12,883	-12,900	-12,912	-12,920	-12,919	-12,917	-12,924	-12,909	-12,874	-12,830	-12,736	-12,616	-0,124	-0,119	-0,107	-0,075	-0,056	-0,031	-0,006	0,002	0,025	0,047	0,089	0,135	0,173	0,197	0,162	0,000	0,000
1,000	-16,506	-16,496	-16,396	-16,215	-16,075	-15,980	-15,926	-15,879	-15,831	-15,797	-15,754	-15,715	-15,657	-15,561	-15,447	0,047	0,180	0,229	0,317	0,324	0,292	0,273	0,238	0,219	0,215	0,220	0,227	0,234	0,234	0,184	0,000	0,000
2,000	-10,249	-10,218	-10,187	-10,049	-9,942	-9,859	-9,814	-9,778	-9,731	-9,692	-9,637	-9,561	-9,468	-9,311	-9,141	0,079	0,124	0,172	0,255	0,264	0,237	0,245	0,240	0,242	0,256	0,283	0,318	0,344	0,352	0,267	0,000	0,000
3,000	-20,593	-20,550	-20,471	-20,153	-19,938	-19,807	-19,738	-19,679	-19,626	-19,610	-19,575	-19,535	-19,472	-19,365	-19,242	0,191	0,313	0,378	0,496	0,465	0,383	0,338	0,293	0,261	0,220	0,215	0,232	0,240	0,253	0,194	0,000	0,000
4,000	-10,763	-10,867	-10,772	-10,753	-10,718	-10,727	-10,717	-10,710	-10,703	-10,698	-10,658	-10,580	-10,436	-10,215	-9,921	-0,273	0,009	0,004	0,055	0,052	0,075	0,085	0,099	0,130	0,189	0,272	0,365	0,456	0,517	0,421	0,000	0,000
5,000	-12,251	-12,154	-12,312	-12,339	-12,348	-12,321	-12,308	-12,307	-12,276	-12,272	-12,222	-12,127	-11,981	-11,716	-11,380	0,076	-0,125	-0,112	0,002	0,024	0,049	0,084	0,118	0,166	0,218	0,309	0,414	0,525	0,586	0,479	0,000	0,000
6,000	-8,807	-8,816	-8,723	-8,591	-8,489	-8,426	-8,393	-8,364	-8,325	-8,309	-8,256	-8,200	-8,116	-7,979	-7,811	-0,095	0,098	0,158	0,223	0,218	0,198	0,200	0,188	0,195	0,206	0,231	0,275	0,301	0,322	0,246	0,000	0,000
7,000	-7,105	-7,006	-6,969	-6,883	-6,839	-6,811	-6,795	-6,785	-6,772	-6,771	-6,763	-6,749	-6,736	-6,711	-6,687	0,096	0,095	0,122	0,135	0,101	0,082	0,079	0,058	0,056	0,050	0,050	0,052	0,054	0,056	0,040	0,000	0,000
8,000	-15,224	-14,569	-14,257	-14,069	-13,985	-13,978	-13,989	-13,997	-14,019	-14,049	-14,083	-14,109	-14,138	-14,162	-14,181	2,705	1,713	1,215	0,569	0,367	0,210	0,127	0,064	0,008	-0,023	-0,043	-0,052	-0,057	-0,044	-0,028	0,000	0,000
9,000	-4,298	-3,763	-3,572	-3,331	-3,235	-3,159	-3,124	-3,096	-3,064	-3,044	-3,019	-2,992	-2,954	-2,905	-2,837	2,367	1,402	1,054	0,622	0,467	0,350	0,297	0,246	0,204	0,178	0,159	0,147	0,150	0,142	0,103	0,000	0,000
10,000	-6,018	-5,277	-4,928	-4,580	-4,451	-4,398	-4,373	-4,359	-4,340	-4,337	-4,329	-4,310	-4,272	-4,211	-4,144	2,470	1,716	1,295	0,724	0,511	0,360	0,281	0,220	0,173	0,149	0,132	0,131	0,146	0,142	0,112	0,000	0,000
11,000	-10,940	-10,502	-10,337	-10,033	-9,920	-9,848	-9,814	-9,792	-9,758	-9,747	-9,705	-9,667	-9,619	-9,533	-9,436	0,668	0,633	0,569	0,429	0,349	0,265	0,232	0,208	0,182	0,171	0,180	0,188	0,200	0,196	0,147	0,000	0,000
12,000	-15,785	-15,895	-15,912	-15,891	-15,844	-15,830	-15,812	-15,812	-15,788	-15,802	-15,778	-15,742	-15,696	-15,587	-15,465	-0,454	-0,232	-0,134	0,005	0,028	0,030	0,048	0,058	0,067	0,081	0,112	0,160	0,195	0,219	0,178	0,000	0,000
13,000	-8,849	-8,881	-8,923	-8,928	-8,927	-8,909	-8,898	-8,882	-8,855	-8,823	-8,769	-8,698	-8,595	-8,430	-8,219	-0,146	-0,102	-0,070	0,005	0,035	0,071	0,099	0,123	0,156	0,199	0,256	0,299	0,358	0,381	0,306	0,000	0,000
14,000	-11,867	-11,691	-11,799	-11,728	-11,726	-11,692	-11,679	-11,673	-11,657	-11,646	-11,630	-11,593	-11,510	-11,370	-11,174	0,010	-0,089	-0,005	0,054	0,059	0,059	0,077	0,079	0,098	0,117	0,170	0,230	0,287	0,332	0,270	0,000	0,000
15,000	-8,668	-8,773	-8,695	-8,693	-8,650	-8,652	-8,642	-8,633	-8,610	-8,617	-8,589	-8,565	-8,519	-8,445	-8,359	-0,140	0,031	0,013	0,046	0,047	0,058	0,060	0,062	0,072	0,093	0,108	0,124	0,155	0,163	0,133	0,000	0,000
	run	4	2022:11:08    10:58:51,483
0,000	-12,906	-12,963	-12,983	-13,049	-13,068	-13,086	-13,085	-13,086	-13,088	-13,098	-13,085	-13,051	-13,004	-12,908	-12,803	-0,129	-0,124	-0,113	-0,074	-0,062	-0,031	-0,010	0,000	0,019	0,045	0,087	0,124	0,171	0,195	0,156	0,000	0,000
1,000	-16,881	-16,846	-16,745	-16,559	-16,430	-16,321	-16,266	-16,223	-16,176	-16,141	-16,098	-16,056	-15,993	-15,903	-15,771	0,052	0,189	0,236	0,320	0,332	0,303	0,274	0,243	0,228	0,215	0,223	0,230	0,240	0,248	0,191	0,000	0,000
2,000	-10,342	-10,311	-10,277	-10,132	-10,027	-9,949	-9,901	-9,865	-9,818	-9,779	-9,721	-9,647	-9,538	-9,391	-9,210	0,077	0,129	0,177	0,264	0,268	0,245	0,249	0,240	0,246	0,258	0,293	0,322	0,354	0,358	0,273	0,000	0,000
3,000	-20,591	-20,519	-20,445	-20,129	-19,916	-19,783	-19,714	-19,664	-19,609	-19,601	-19,560	-19,521	-19,470	-19,360	-19,235	0,169	0,315	0,381	0,488	0,455	0,376	0,334	0,281	0,246	0,215	0,211	0,226	0,239	0,248	0,189	0,000	0,000
4,000	-10,883	-11,002	-10,917	-10,899	-10,856	-10,874	-10,856	-10,851	-10,847	-10,833	-10,787	-10,709	-10,563	-10,326	-10,019	-0,276	0,015	0,001	0,052	0,059	0,082	0,089	0,111	0,141	0,202	0,289	0,381	0,485	0,543	0,446	0,000	0,000
5,000	-12,283	-12,169	-12,336	-12,359	-12,367	-12,336	-12,326	-12,320	-12,297	-12,282	-12,235	-12,148	-11,996	-11,735	-11,399	0,087	-0,133	-0,097	-0,004	0,026	0,047	0,084	0,119	0,168	0,219	0,318	0,415	0,518	0,581	0,474	0,000	0,000
6,000	-8,749	-8,762	-8,659	-8,509	-8,415	-8,353	-8,326	-8,293	-8,256	-8,233	-8,185	-8,130	-8,057	-7,915	-7,763	-0,087	0,106	0,152	0,236	0,225	0,195	0,194	0,189	0,194	0,203	0,233	0,257	0,292	0,303	0,238	0,000	0,000
7,000	-6,874	-6,786	-6,778	-6,711	-6,669	-6,642	-6,626	-6,623	-6,611	-6,609	-6,600	-6,593	-6,591	-6,566	-6,553	0,082	0,066	0,082	0,106	0,087	0,067	0,064	0,055	0,049	0,043	0,036	0,039	0,033	0,035	0,027	0,000	0,000
8,000	-14,696	-14,014	-13,713	-13,524	-13,443	-13,433	-13,441	-13,454	-13,475	-13,507	-13,528	-13,557	-13,588	-13,597	-13,607	2,675	1,716	1,190	0,565	0,364	0,203	0,126	0,059	0,014	-0,023	-0,030	-0,044	-0,041	-0,028	-0,019	0,000	0,000
9,000	-4,115	-3,610	-3,457	-3,265	-3,180	-3,111	-3,071	-3,048	-3,019	-2,992	-2,975	-2,945	-2,911	-2,862	-2,799	2,286	1,322	0,968	0,559	0,427	0,329	0,274	0,227	0,189	0,166	0,153	0,143	0,140	0,131	0,097	0,000	0,000
10,000	-5,814	-5,101	-4,785	-4,473	-4,354	-4,305	-4,284	-4,263	-4,249	-4,245	-4,240	-4,217	-4,186	-4,123	-4,064	2,405	1,635	1,216	0,681	0,482	0,339	0,271	0,210	0,166	0,140	0,128	0,127	0,140	0,137	0,106	0,000	0,000
11,000	-10,754	-10,327	-10,175	-9,882	-9,776	-9,712	-9,673	-9,655	-9,619	-9,605	-9,570	-9,532	-9,485	-9,400	-9,308	0,644	0,604	0,542	0,405	0,336	0,249	0,224	0,198	0,180	0,168	0,177	0,183	0,190	0,190	0,144	0,000	0,000
12,000	-15,429	-15,529	-15,543	-15,521	-15,481	-15,461	-15,452	-15,441	-15,421	-15,429	-15,411	-15,373	-15,330	-15,226	-15,103	-0,447	-0,218	-0,117	0,002	0,034	0,038	0,047	0,058	0,065	0,078	0,113	0,150	0,190	0,216	0,181	0,000	0,000
13,000	-8,871	-8,847	-8,909	-8,913	-8,912	-8,897	-8,882	-8,866	-8,840	-8,807	-8,750	-8,686	-8,580	-8,422	-8,212	-0,130	-0,098	-0,063	0,007	0,034	0,070	0,091	0,120	0,154	0,194	0,249	0,297	0,352	0,374	0,302	0,000	0,000
14,000	-11,957	-11,806	-11,910	-11,832	-11,824	-11,809	-11,785	-11,779	-11,767	-11,761	-11,734	-11,692	-11,620	-11,467	-11,266	0,003	-0,084	-0,003	0,053	0,063	0,059	0,076	0,082	0,098	0,127	0,172	0,232	0,304	0,342	0,282	0,000	0,000
15,000	-8,898	-9,000	-8,919	-8,922	-8,876	-8,872	-8,865	-8,854	-8,836	-8,834	-8,811	-8,781	-8,733	-8,662	-8,570	-0,134	0,032	0,004	0,045	0,049	0,057	0,066	0,069	0,074	0,094	0,113	0,130	0,161	0,173	0,138	0,000	0,000
	run	5	2022:11:08    10:58:51,531
0,000	-13,357	-13,415	-13,447	-13,519	-13,541	-13,559	-13,565	-13,566	-13,566	-13,574	-13,557	-13,533	-13,480	-13,381	-13,264	-0,138	-0,121	-0,125	-0,086	-0,063	-0,037	-0,018	0,003	0,024	0,050	0,090	0,136	0,179	0,205	0,170	0,000	0,000
1,000	-17,409	-17,362	-17,251	-17,025	-16,874	-16,763	-16,708	-16,659	-16,610	-16,575	-16,529	-16,487	-16,427	-16,333	-16,213	0,094	0,240	0,301	0,372	0,367	0,322	0,299	0,261	0,242	0,221	0,229	0,231	0,233	0,241	0,186	0,000	0,000
2,000	-10,342	-10,311	-10,277	-10,132	-10,027	-9,949	-9,901	-9,865	-9,818	-9,779	-9,721	-9,647	-9,538	-9,391	-9,210	0,077	0,129	0,177	0,264	0,268	0,245	0,249	0,240	0,246	0,258	0,293	0,322	0,354	0,358	0,273	0,000	0,000
3,000	-20,591	-20,519	-20,445	-20,129	-19,916	-19,783	-19,714	-19,664	-19,609	-19,601	-19,560	-19,521	-19,470	-19,360	-19,235	0,169	0,315	0,381	0,488	0,455	0,376	0,334	0,281	0,246	0,215	0,211	0,226	0,239	0,248	0,189	0,000	0,000
4,000	-10,883	-11,002	-10,917	-10,899	-10,856	-10,874	-10,856	-10,851	-10,847	-10,833	-10,787	-10,709	-10,563	-10,326	-10,019	-0,276	0,015	0,001	0,052	0,059	0,082	0,089	0,111	0,141	0,202	0,289	0,381	0,485	0,543	0,446	0,000	0,000
5,000	-12,283	-12,169	-12,336	-12,359	-12,367	-12,336	-12,326	-12,320	-12,297	-12,282	-12,235	-12,148	-11,996	-11,735	-11,399	0,087	-0,133	-0,097	-0,004	0,026	0,047	0,084	0,119	0,168	0,219	0,318	0,415	0,518	0,581	0,474	0,000	0,000
6,000	-8,749	-8,762	-8,659	-8,509	-8,415	-8,353	-8,326	-8,293	-8,256	-8,233	-8,185	-8,130	-8,057	-7,915	-7,763	-0,087	0,106	0,152	0,236	0,225	0,195	0,194	0,189	0,194	0,203	0,233	0,257	0,292	0,303	0,238	0,000	0,000
7,000	-6,874	-6,786	-6,778	-6,711	-6,669	-6,642	-6,626	-6,623	-6,611	-6,609	-6,600	-6,593	-6,591	-6,566	-6,553	0,082	0,066	0,082	0,106	0,087	0,067	0,064	0,055	0,049	0,043	0,036	0,039	0,033	0,035	0,027	0,000	0,000
8,000	-14,408	-13,712	-13,392	-13,203	-13,126	-13,119	-13,129	-13,137	-13,152	-13,192	-13,209	-13,239	-13,269	-13,288	-13,309	2,728	1,728	1,209	0,578	0,367	0,210	0,136	0,068	0,014	-0,020	-0,039	-0,044	-0,051	-0,041	-0,023	0,000	0,000
9,000	-3,959	-3,454	-3,315	-3,139	-3,069	-3,006	-2,967	-2,942	-2,915	-2,896	-2,874	-2,845	-2,815	-2,766	-2,708	2,244	1,281	0,942	0,526	0,401	0,311	0,257	0,211	0,182	0,158	0,144	0,134	0,129	0,124	0,091	0,000	0,000
10,000	-5,605	-4,915	-4,624	-4,349	-4,247	-4,201	-4,183	-4,163	-4,151	-4,146	-4,133	-4,119	-4,090	-4,034	-3,970	2,353	1,576	1,156	0,628	0,443	0,316	0,250	0,192	0,155	0,131	0,115	0,123	0,132	0,133	0,101	0,000	0,000
11,000	-10,487	-10,074	-9,922	-9,655	-9,553	-9,487	-9,457	-9,431	-9,401	-9,389	-9,354	-9,318	-9,273	-9,193	-9,105	0,623	0,571	0,512	0,388	0,312	0,240	0,212	0,188	0,173	0,158	0,164	0,178	0,186	0,188	0,139	0,000	0,000
12,000	-15,150	-15,240	-15,261	-15,230	-15,187	-15,165	-15,159	-15,152	-15,134	-15,135	-15,123	-15,091	-15,035	-14,937	-14,816	-0,438	-0,209	-0,133	0,016	0,031	0,033	0,051	0,059	0,064	0,082	0,111	0,146	0,193	0,210	0,168	0,000	0,000
13,000	-8,685	-8,715	-8,762	-8,773	-8,769	-8,751	-8,742	-8,724	-8,697	-8,661	-8,615	-8,544	-8,438	-8,280	-8,083	-0,156	-0,101	-0,073	-0,003	0,032	0,064	0,088	0,121	0,152	0,191	0,247	0,297	0,345	0,372	0,293	0,000	0,000
14,000	-11,897	-11,714	-11,844	-11,769	-11,771	-11,729	-11,713	-11,711	-11,694	-11,693	-11,675	-11,634	-11,538	-11,392	-11,189	0,023	-0,085	-0,010	0,061	0,066	0,057	0,072	0,078	0,100	0,126	0,179	0,240	0,303	0,348	0,282	0,000	0,000
15,000	-9,128	-9,217	-9,140	-9,138	-9,098	-9,091	-9,078	-9,065	-9,050	-9,046	-9,020	-8,986	-8,937	-8,860	-8,765	-0,138	0,033	0,019	0,056	0,059	0,067	0,069	0,078	0,084	0,104	0,124	0,142	0,170	0,177	0,146	0,000	0,000
	run	6	2022:11:08    10:58:51,629
0,000	-13,489	-13,542	-13,574	-13,650	-13,674	-13,682	-13,696	-13,701	-13,697	-13,703	-13,691	-13,655	-13,607	-13,505	-13,383	-0,138	-0,124	-0,130	-0,081	-0,066	-0,042	-0,020	0,003	0,026	0,048	0,095	0,143	0,186	0,209	0,168	0,000	0,000
1,000	-17,417	-17,347	-17,236	-17,017	-16,874	-16,764	-16,700	-16,654	-16,609	-16,575	-16,531	-16,483	-16,420	-16,320	-16,196	0,108	0,234	0,292	0,366	0,362	0,319	0,295	0,263	0,239	0,229	0,234	0,241	0,246	0,254	0,203	0,000	0,000
2,000	-10,506	-10,484	-10,436	-10,289	-10,181	-10,100	-10,054	-10,017	-9,968	-9,933	-9,873	-9,795	-9,694	-9,534	-9,353	0,073	0,146	0,186	0,270	0,266	0,247	0,250	0,243	0,251	0,257	0,300	0,332	0,359	0,367	0,280	0,000	0,000
3,000	-20,661	-20,636	-20,562	-20,222	-20,005	-19,867	-19,798	-19,742	-19,683	-19,672	-19,629	-19,586	-19,532	-19,416	-19,280	0,164	0,306	0,386	0,512	0,487	0,395	0,347	0,300	0,261	0,223	0,226	0,246	0,249	0,265	0,201	0,000	0,000
4,000	-10,962	-11,067	-10,976	-10,951	-10,908	-10,920	-10,914	-10,909	-10,898	-10,884	-10,844	-10,766	-10,630	-10,388	-10,083	-0,274	0,010	-0,007	0,053	0,052	0,083	0,086	0,105	0,135	0,203	0,292	0,380	0,482	0,543	0,450	0,000	0,000
5,000	-12,149	-12,050	-12,217	-12,215	-12,226	-12,203	-12,188	-12,196	-12,164	-12,149	-12,098	-12,008	-11,869	-11,610	-11,272	0,099	-0,142	-0,093	0,005	0,033	0,045	0,089	0,116	0,159	0,214	0,308	0,412	0,509	0,579	0,469	0,000	0,000
6,000	-8,829	-8,831	-8,736	-8,602	-8,493	-8,435	-8,409	-8,379	-8,336	-8,319	-8,271	-8,219	-8,136	-8,004	-7,843	-0,104	0,095	0,154	0,224	0,219	0,193	0,194	0,186	0,192	0,202	0,232	0,259	0,295	0,313	0,235	0,000	0,000
7,000	-6,915	-6,834	-6,808	-6,746	-6,703	-6,686	-6,666	-6,662	-6,644	-6,646	-6,634	-6,628	-6,617	-6,600	-6,576	0,059	0,077	0,085	0,111	0,090	0,068	0,068	0,053	0,055	0,044	0,046	0,041	0,041	0,040	0,031	0,000	0,000
8,000	-14,648	-13,962	-13,659	-13,466	-13,394	-13,382	-13,394	-13,403	-13,427	-13,451	-13,475	-13,506	-13,539	-13,555	-13,568	2,713	1,716	1,216	0,579	0,367	0,206	0,132	0,057	0,014	-0,021	-0,037	-0,046	-0,052	-0,037	-0,022	0,000	0,000
9,000	-4,053	-3,557	-3,395	-3,202	-3,126	-3,056	-3,018	-2,991	-2,966	-2,940	-2,917	-2,892	-2,859	-2,813	-2,754	2,285	1,307	0,968	0,554	0,421	0,321	0,269	0,223	0,189	0,165	0,145	0,136	0,133	0,128	0,094	0,000	0,000
10,000	-5,654	-4,982	-4,669	-4,407	-4,299	-4,257	-4,234	-4,216	-4,201	-4,203	-4,202	-4,178	-4,140	-4,091	-4,029	2,355	1,575	1,152	0,632	0,442	0,317	0,251	0,196	0,156	0,129	0,122	0,118	0,131	0,131	0,097	0,000	0,000
11,000	-10,445	-10,031	-9,887	-9,620	-9,518	-9,450	-9,417	-9,396	-9,362	-9,355	-9,317	-9,277	-9,238	-9,157	-9,071	0,595	0,559	0,503	0,383	0,312	0,240	0,213	0,189	0,174	0,158	0,164	0,175	0,181	0,185	0,137	0,000	0,000
12,000	-14,806	-14,897	-14,913	-14,887	-14,846	-14,828	-14,821	-14,813	-14,795	-14,803	-14,784	-14,752	-14,706	-14,604	-14,489	-0,431	-0,205	-0,107	0,012	0,034	0,034	0,047	0,054	0,064	0,073	0,109	0,149	0,185	0,208	0,168	0,000	0,000
13,000	-8,578	-8,538	-8,602	-8,616	-8,620	-8,603	-8,587	-8,579	-8,554	-8,520	-8,472	-8,404	-8,298	-8,149	-7,951	-0,137	-0,109	-0,082	-0,002	0,032	0,056	0,087	0,112	0,149	0,186	0,236	0,286	0,337	0,363	0,290	0,000	0,000
14,000	-11,982	-11,839	-11,937	-11,870	-11,870	-11,840	-11,822	-11,817	-11,801	-11,798	-11,778	-11,731	-11,645	-11,496	-11,289	-0,030	-0,079	-0,017	0,056	0,067	0,065	0,076	0,077	0,104	0,126	0,182	0,234	0,306	0,347	0,291	0,000	0,000
15,000	-9,088	-9,174	-9,102	-9,096	-9,055	-9,049	-9,042	-9,027	-9,014	-9,003	-8,985	-8,955	-8,900	-8,825	-8,731	-0,122	0,021	0,008	0,050	0,052	0,061	0,070	0,072	0,075	0,096	0,119	0,138	0,165	0,174	0,144	0,000	0,000
	run	7	2022:11:08    10:58:51,682
0,000	-13,489	-13,542	-13,574	-13,650	-13,674	-13,682	-13,696	-13,701	-13,697	-13,703	-13,691	-13,655	-13,607	-13,505	-13,383	-0,138	-0,124	-0,130	-0,081	-0,066	-0,042	-0,020	0,003	0,026	0,048	0,095	0,143	0,186	0,209	0,168	0,000	0,000
1,000	-17,417	-17,347	-17,236	-17,017	-16,874	-16,764	-16,700	-16,654	-16,609	-16,575	-16,531	-16,483	-16,420	-16,320	-16,196	0,108	0,234	0,292	0,366	0,362	0,319	0,295	0,263	0,239	0,229	0,234	0,241	0,246	0,254	0,203	0,000	0,000
2,000	-10,506	-10,484	-10,436	-10,289	-10,181	-10,100	-10,054	-10,017	-9,968	-9,933	-9,873	-9,795	-9,694	-9,534	-9,353	0,073	0,146	0,186	0,270	0,266	0,247	0,250	0,243	0,251	0,257	0,300	0,332	0,359	0,367	0,280	0,000	0,000
3,000	-20,661	-20,636	-20,562	-20,222	-20,005	-19,867	-19,798	-19,742	-19,683	-19,672	-19,629	-19,586	-19,532	-19,416	-19,280	0,164	0,306	0,386	0,512	0,487	0,395	0,347	0,300	0,261	0,223	0,226	0,246	0,249	0,265	0,201	0,000	0,000
4,000	-10,962	-11,067	-10,976	-10,951	-10,908	-10,920	-10,914	-10,909	-10,898	-10,884	-10,844	-10,766	-10,630	-10,388	-10,083	-0,274	0,010	-0,007	0,053	0,052	0,083	0,086	0,105	0,135	0,203	0,292	0,380	0,482	0,543	0,450	0,000	0,000
5,000	-12,149	-12,050	-12,217	-12,215	-12,226	-12,203	-12,188	-12,196	-12,164	-12,149	-12,098	-12,008	-11,869	-11,610	-11,272	0,099	-0,142	-0,093	0,005	0,033	0,045	0,089	0,116	0,159	0,214	0,308	0,412	0,509	0,579	0,469	0,000	0,000
6,000	-8,712	-8,747	-8,657	-8,512	-8,413	-8,355	-8,330	-8,299	-8,255	-8,242	-8,186	-8,129	-8,055	-7,912	-7,752	-0,105	0,093	0,143	0,222	0,217	0,199	0,199	0,191	0,196	0,198	0,235	0,265	0,297	0,317	0,240	0,000	0,000
7,000	-6,987	-6,897	-6,868	-6,792	-6,745	-6,720	-6,701	-6,692	-6,681	-6,685	-6,676	-6,663	-6,653	-6,634	-6,614	0,086	0,088	0,108	0,123	0,101	0,072	0,071	0,062	0,053	0,044	0,043	0,048	0,049	0,045	0,031	0,000	0,000
8,000	-14,922	-14,242	-13,929	-13,751	-13,676	-13,671	-13,683	-13,695	-13,713	-13,745	-13,766	-13,797	-13,826	-13,851	-13,870	2,731	1,709	1,199	0,568	0,362	0,200	0,127	0,059	0,012	-0,027	-0,044	-0,050	-0,060	-0,049	-0,033	0,000	0,000
9,000	-4,172	-3,659	-3,486	-3,273	-3,178	-3,106	-3,070	-3,040	-3,014	-2,988	-2,963	-2,939	-2,903	-2,856	-2,796	2,313	1,357	1,007	0,585	0,451	0,341	0,286	0,237	0,205	0,171	0,152	0,140	0,143	0,131	0,098	0,000	0,000
10,000	-5,787	-5,094	-4,786	-4,493	-4,381	-4,336	-4,314	-4,297	-4,284	-4,283	-4,269	-4,254	-4,218	-4,163	-4,102	2,394	1,610	1,176	0,654	0,459	0,328	0,257	0,203	0,157	0,136	0,122	0,128	0,132	0,134	0,102	0,000	0,000
11,000	-10,508	-10,095	-9,936	-9,677	-9,570	-9,504	-9,470	-9,448	-9,416	-9,405	-9,372	-9,334	-9,288	-9,211	-9,125	0,586	0,562	0,509	0,389	0,312	0,242	0,214	0,188	0,169	0,157	0,160	0,172	0,181	0,182	0,137	0,000	0,000
12,000	-14,855	-14,951	-14,956	-14,932	-14,894	-14,874	-14,863	-14,855	-14,838	-14,849	-14,826	-14,794	-14,743	-14,644	-14,529	-0,439	-0,206	-0,112	0,003	0,029	0,035	0,050	0,057	0,065	0,077	0,114	0,154	0,188	0,211	0,170	0,000	0,000
13,000	-8,532	-8,530	-8,582	-8,601	-8,598	-8,584	-8,572	-8,562	-8,533	-8,509	-8,454	-8,394	-8,292	-8,140	-7,950	-0,154	-0,118	-0,087	-0,013	0,022	0,059	0,088	0,105	0,143	0,182	0,232	0,287	0,333	0,353	0,281	0,000	0,000
14,000	-11,844	-11,682	-11,800	-11,715	-11,728	-11,695	-11,670	-11,671	-11,661	-11,647	-11,633	-11,596	-11,502	-11,362	-11,157	0,019	-0,078	-0,015	0,061	0,058	0,061	0,077	0,077	0,090	0,122	0,168	0,229	0,296	0,338	0,278	0,000	0,000
15,000	-8,967	-9,062	-8,987	-8,983	-8,941	-8,939	-8,930	-8,915	-8,896	-8,893	-8,874	-8,843	-8,795	-8,712	-8,621	-0,128	0,020	0,011	0,050	0,054	0,062	0,067	0,071	0,080	0,098	0,119	0,135	0,166	0,176	0,141	0,000	0,000
	run	8	2022:11:08    10:58:51,782
0,000	-12,867	-12,909	-12,942	-13,017	-13,027	-13,046	-13,044	-13,045	-13,043	-13,056	-13,033	-13,011	-12,962	-12,867	-12,753	-0,123	-0,119	-0,109	-0,080	-0,055	-0,038	-0,011	0,003	0,026	0,047	0,088	0,135	0,173	0,202	0,160	0,000	0,000
1,000	-16,840	-16,803	-16,702	-16,499	-16,360	-16,256	-16,197	-16,152	-16,109	-16,077	-16,033	-15,996	-15,933	-15,846	-15,723	0,080	0,214	0,256	0,347	0,336	0,295	0,282	0,244	0,230	0,219	0,216	0,222	0,231	0,235	0,178	0,000	0,000
2,000	-10,283	-10,253	-10,237	-10,096	-9,985	-9,907	-9,859	-9,827	-9,783	-9,747	-9,688	-9,605	-9,511	-9,354	-9,182	0,064	0,121	0,170	0,254	0,261	0,239	0,241	0,234	0,242	0,246	0,292	0,319	0,346	0,355	0,269	0,000	0,000
3,000	-20,762	-20,683	-20,614	-20,283	-20,071	-19,942	-19,870	-19,819	-19,765	-19,752	-19,713	-19,673	-19,619	-19,508	-19,374	0,182	0,302	0,378	0,493	0,470	0,386	0,331	0,290	0,254	0,219	0,218	0,239	0,241	0,256	0,195	0,000	0,000
4,000	-11,044	-11,167	-11,071	-11,066	-11,031	-11,047	-11,038	-11,030	-11,027	-11,010	-10,964	-10,884	-10,737	-10,495	-10,181	-0,283	-0,001	-0,005	0,048	0,050	0,073	0,090	0,108	0,145	0,210	0,299	0,385	0,491	0,554	0,455	0,000	0,000
5,000	-12,336	-12,221	-12,390	-12,393	-12,401	-12,370	-12,361	-12,358	-12,327	-12,320	-12,280	-12,184	-12,022	-11,760	-11,418	0,096	-0,119	-0,092	0,015	0,024	0,046	0,088	0,117	0,173	0,222	0,313	0,425	0,540	0,601	0,493	0,000	0,000
6,000	-8,816	-8,833	-8,740	-8,598	-8,496	-8,442	-8,412	-8,384	-8,345	-8,322	-8,266	-8,210	-8,136	-7,992	-7,831	-0,096	0,097	0,151	0,229	0,220	0,194	0,201	0,189	0,198	0,202	0,232	0,271	0,300	0,316	0,244	0,000	0,000
7,000	-7,121	-7,019	-6,994	-6,906	-6,861	-6,831	-6,816	-6,806	-6,793	-6,787	-6,787	-6,768	-6,757	-6,735	-6,715	0,096	0,107	0,121	0,129	0,113	0,083	0,079	0,067	0,065	0,054	0,053	0,055	0,056	0,054	0,034	0,000	0,000
8,000	-15,068	-14,407	-14,087	-13,904	-13,830	-13,818	-13,829	-13,839	-13,864	-13,888	-13,918	-13,954	-13,981	-14,004	-14,021	2,724	1,712	1,204	0,565	0,363	0,205	0,120	0,056	0,008	-0,027	-0,039	-0,054	-0,056	-0,042	-0,028	0,000	0,000
9,000	-4,204	-3,677	-3,494	-3,280	-3,185	-3,114	-3,072	-3,039	-3,013	-2,989	-2,970	-2,941	-2,908	-2,855	-2,797	2,332	1,369	1,021	0,592	0,455	0,341	0,285	0,238	0,198	0,173	0,156	0,145	0,139	0,133	0,098	0,000	0,000
10,000	-5,810	-5,118	-4,801	-4,507	-4,390	-4,346	-4,322	-4,306	-4,290	-4,291	-4,279	-4,260	-4,225	-4,167	-4,107	2,388	1,615	1,194	0,660	0,469	0,332	0,259	0,205	0,159	0,138	0,123	0,125	0,137	0,136	0,104	0,000	0,000
11,000	-10,603	-10,187	-10,034	-9,758	-9,654	-9,586	-9,553	-9,531	-9,496	-9,489	-9,448	-9,414	-9,365	-9,287	-9,197	0,614	0,574	0,525	0,397	0,319	0,245	0,219	0,191	0,179	0,161	0,166	0,176	0,184	0,189	0,137	0,000	0,000
12,000	-15,037	-15,134	-15,155	-15,121	-15,082	-15,061	-15,059	-15,047	-15,030	-15,043	-15,018	-14,984	-14,939	-14,836	-14,718	-0,446	-0,217	-0,116	0,008	0,028	0,035	0,047	0,054	0,069	0,078	0,130	0,149	0,189	0,215	0,172	0,000	0,000
13,000	-8,595	-8,638	-8,681	-8,698	-8,693	-8,682	-8,664	-8,653	-8,628	-8,594	-8,541	-8,480	-8,380	-8,221	-8,027	-0,166	-0,106	-0,082	-0,008	0,033	0,063	0,090	0,112	0,150	0,185	0,242	0,289	0,334	0,358	0,288	0,000	0,000
14,000	-11,618	-11,441	-11,589	-11,506	-11,500	-11,473	-11,449	-11,450	-11,438	-11,432	-11,418	-11,378	-11,298	-11,149	-10,955	0,058	-0,081	0,004	0,055	0,058	0,054	0,068	0,073	0,089	0,110	0,163	0,223	0,291	0,330	0,270	0,000	0,000
15,000	-8,751	-8,847	-8,767	-8,770	-8,731	-8,722	-8,720	-8,703	-8,690	-8,682	-8,665	-8,636	-8,587	-8,509	-8,418	-0,132	0,029	0,002	0,050	0,050	0,059	0,063	0,068	0,075	0,090	0,113	0,132	0,163	0,170	0,137	0,000	0,000
	run	9	2022:11:08    10:58:51,882
0,000	-12,601	-12,673	-12,689	-12,750	-12,769	-12,783	-12,784	-12,782	-12,777	-12,789	-12,782	-12,745	-12,705	-12,615	-12,506	-0,123	-0,114	-0,102	-0,063	-0,053	-0,030	-0,008	0,006	0,028	0,042	0,080	0,124	0,164	0,189	0,153	0,000	0,000
1,000	-16,317	-16,272	-16,197	-16,023	-15,900	-15,803	-15,756	-15,709	-15,669	-15,627	-15,591	-15,551	-15,495	-15,406	-15,293	0,023	0,168	0,209	0,291	0,302	0,273	0,255	0,226	0,211	0,204	0,211	0,214	0,222	0,227	0,178	0,000	0,000
2,000	-10,036	-10,010	-9,988	-9,863	-9,762	-9,683	-9,632	-9,600	-9,554	-9,517	-9,456	-9,388	-9,298	-9,152	-8,979	0,061	0,109	0,149	0,243	0,256	0,237	0,239	0,233	0,241	0,244	0,278	0,304	0,331	0,339	0,253	0,000	0,000
3,000	-20,083	-20,077	-20,029	-19,733	-19,533	-19,400	-19,333	-19,275	-19,226	-19,213	-19,178	-19,131	-19,081	-18,969	-18,852	0,134	0,259	0,334	0,454	0,444	0,367	0,326	0,284	0,248	0,211	0,204	0,226	0,237	0,246	0,186	0,000	0,000
4,000	-10,884	-10,993	-10,898	-10,881	-10,840	-10,852	-10,846	-10,834	-10,832	-10,818	-10,775	-10,701	-10,563	-10,334	-10,027	-0,285	0,008	0,003	0,049	0,055	0,079	0,087	0,103	0,133	0,196	0,282	0,366	0,469	0,524	0,425	0,000	0,000
5,000	-12,337	-12,240	-12,391	-12,421	-12,430	-12,396	-12,383	-12,384	-12,354	-12,343	-12,293	-12,208	-12,053	-11,795	-11,451	0,080	-0,129	-0,087	0,008	0,034	0,043	0,093	0,124	0,171	0,219	0,311	0,421	0,534	0,597	0,482	0,000	0,000
6,000	-8,958	-8,983	-8,888	-8,740	-8,635	-8,578	-8,546	-8,512	-8,482	-8,464	-8,405	-8,344	-8,267	-8,124	-7,965	-0,093	0,099	0,156	0,232	0,221	0,199	0,203	0,194	0,199	0,204	0,234	0,274	0,301	0,320	0,242	0,000	0,000
7,000	-7,130	-7,037	-7,013	-6,922	-6,869	-6,849	-6,828	-6,818	-6,807	-6,801	-6,793	-6,780	-6,780	-6,756	-6,734	0,087	0,097	0,111	0,124	0,113	0,087	0,080	0,065	0,063	0,049	0,049	0,048	0,047	0,045	0,031	0,000	0,000
8,000	-15,036	-14,354	-14,044	-13,869	-13,790	-13,785	-13,790	-13,799	-13,821	-13,855	-13,875	-13,911	-13,940	-13,958	-13,973	2,754	1,716	1,208	0,574	0,366	0,208	0,125	0,060	0,017	-0,023	-0,037	-0,049	-0,051	-0,039	-0,026	0,000	0,000
9,000	-4,166	-3,661	-3,476	-3,269	-3,180	-3,105	-3,066	-3,036	-3,011	-2,984	-2,962	-2,934	-2,900	-2,849	-2,786	2,301	1,341	0,992	0,579	0,442	0,344	0,284	0,236	0,200	0,172	0,153	0,145	0,143	0,137	0,100	0,000	0,000
10,000	-5,890	-5,168	-4,839	-4,527	-4,410	-4,356	-4,334	-4,316	-4,302	-4,298	-4,285	-4,269	-4,231	-4,172	-4,109	2,412	1,629	1,215	0,687	0,478	0,341	0,269	0,210	0,166	0,141	0,127	0,131	0,143	0,142	0,105	0,000	0,000
11,000	-10,829	-10,401	-10,228	-9,945	-9,835	-9,770	-9,731	-9,709	-9,673	-9,661	-9,630	-9,587	-9,542	-9,457	-9,363	0,640	0,607	0,543	0,415	0,336	0,257	0,225	0,200	0,180	0,168	0,180	0,185	0,194	0,194	0,143	0,000	0,000
12,000	-15,515	-15,618	-15,624	-15,607	-15,564	-15,543	-15,532	-15,528	-15,506	-15,517	-15,490	-15,468	-15,411	-15,305	-15,186	-0,457	-0,223	-0,123	0,007	0,028	0,035	0,052	0,056	0,070	0,085	0,121	0,156	0,195	0,215	0,170	0,000	0,000
13,000	-8,792	-8,813	-8,846	-8,866	-8,861	-8,844	-8,831	-8,816	-8,789	-8,757	-8,706	-8,627	-8,532	-8,373	-8,174	-0,153	-0,107	-0,065	-0,002	0,038	0,068	0,093	0,116	0,155	0,189	0,247	0,300	0,351	0,371	0,294	0,000	0,000
14,000	-11,698	-11,518	-11,653	-11,565	-11,571	-11,535	-11,522	-11,518	-11,498	-11,497	-11,480	-11,442	-11,358	-11,219	-11,019	0,027	-0,086	0,008	0,056	0,061	0,056	0,072	0,073	0,097	0,121	0,163	0,219	0,290	0,327	0,271	0,000	0,000
15,000	-8,652	-8,751	-8,670	-8,675	-8,629	-8,630	-8,623	-8,611	-8,593	-8,592	-8,572	-8,545	-8,497	-8,421	-8,337	-0,133	0,034	0,004	0,044	0,046	0,060	0,066	0,067	0,071	0,085	0,107	0,130	0,155	0,165	0,133	0,000	0,000
	run	10	2022:11:08    10:58:51,930
0,000	-12,511	-12,580	-12,594	-12,657	-12,671	-12,684	-12,683	-12,688	-12,684	-12,692	-12,681	-12,649	-12,605	-12,517	-12,407	-0,146	-0,117	-0,104	-0,068	-0,044	-0,027	-0,004	0,005	0,024	0,044	0,082	0,127	0,163	0,189	0,153	0,000	0,000
1,000	-16,182	-16,157	-16,061	-15,908	-15,786	-15,691	-15,638	-15,597	-15,557	-15,521	-15,479	-15,442	-15,386	-15,295	-15,184	0,029	0,162	0,198	0,289	0,295	0,271	0,251	0,230	0,212	0,201	0,206	0,208	0,222	0,230	0,177	0,000	0,000
2,000	-10,036	-10,010	-9,988	-9,863	-9,762	-9,683	-9,632	-9,600	-9,554	-9,517	-9,456	-9,388	-9,298	-9,152	-8,979	0,061	0,109	0,149	0,243	0,256	0,237	0,239	0,233	0,241	0,244	0,278	0,304	0,331	0,339	0,253	0,000	0,000
3,000	-20,083	-20,077	-20,029	-19,733	-19,533	-19,400	-19,333	-19,275	-19,226	-19,213	-19,178	-19,131	-19,081	-18,969	-18,852	0,134	0,259	0,334	0,454	0,444	0,367	0,326	0,284	0,248	0,211	0,204	0,226	0,237	0,246	0,186	0,000	0,000
4,000	-10,884	-10,993	-10,898	-10,881	-10,840	-10,852	-10,846	-10,834	-10,832	-10,818	-10,775	-10,701	-10,563	-10,334	-10,027	-0,285	0,008	0,003	0,049	0,055	0,079	0,087	0,103	0,133	0,196	0,282	0,366	0,469	0,524	0,425	0,000	0,000
5,000	-12,337	-12,240	-12,391	-12,421	-12,430	-12,396	-12,383	-12,384	-12,354	-12,343	-12,293	-12,208	-12,053	-11,795	-11,451	0,080	-0,129	-0,087	0,008	0,034	0,043	0,093	0,124	0,171	0,219	0,311	0,421	0,534	0,597	0,482	0,000	0,000
6,000	-8,958	-8,983	-8,888	-8,740	-8,635	-8,578	-8,546	-8,512	-8,482	-8,464	-8,405	-8,344	-8,267	-8,124	-7,965	-0,093	0,099	0,156	0,232	0,221	0,199	0,203	0,194	0,199	0,204	0,234	0,274	0,301	0,320	0,242	0,000	0,000
7,000	-7,130	-7,037	-7,013	-6,922	-6,869	-6,849	-6,828	-6,818	-6,807	-6,801	-6,793	-6,780	-6,780	-6,756	-6,734	0,087	0,097	0,111	0,124	0,113	0,087	0,080	0,065	0,063	0,049	0,049	0,048	0,047	0,045	0,031	0,000	0,000
8,000	-14,973	-14,296	-13,992	-13,799	-13,724	-13,714	-13,727	-13,730	-13,763	-13,787	-13,811	-13,842	-13,871	-13,891	-13,902	2,715	1,720	1,214	0,564	0,356	0,205	0,130	0,061	0,011	-0,013	-0,037	-0,047	-0,058	-0,037	-0,028	0,000	0,000
9,000	-4,161	-3,661	-3,492	-3,278	-3,184	-3,108	-3,070	-3,047	-3,016	-2,991	-2,965	-2,934	-2,902	-2,849	-2,787	2,320	1,355	1,009	0,591	0,451	0,342	0,285	0,239	0,199	0,174	0,158	0,152	0,147	0,139	0,103	0,000	0,000
10,000	-5,946	-5,206	-4,871	-4,527	-4,404	-4,352	-4,328	-4,312	-4,297	-4,293	-4,283	-4,261	-4,228	-4,163	-4,099	2,463	1,695	1,264	0,717	0,508	0,355	0,282	0,222	0,171	0,148	0,135	0,134	0,143	0,145	0,109	0,000	0,000
11,000	-10,925	-10,480	-10,311	-10,014	-9,899	-9,828	-9,798	-9,772	-9,739	-9,723	-9,693	-9,649	-9,601	-9,515	-9,419	0,663	0,631	0,561	0,428	0,345	0,262	0,233	0,203	0,190	0,168	0,184	0,188	0,196	0,200	0,149	0,000	0,000
12,000	-15,788	-15,891	-15,905	-15,884	-15,837	-15,812	-15,810	-15,799	-15,783	-15,790	-15,768	-15,729	-15,684	-15,574	-15,444	-0,455	-0,219	-0,133	0,011	0,033	0,038	0,051	0,056	0,073	0,078	0,121	0,160	0,204	0,224	0,181	0,000	0,000
13,000	-8,859	-8,881	-8,925	-8,942	-8,934	-8,911	-8,897	-8,886	-8,859	-8,825	-8,772	-8,704	-8,595	-8,429	-8,225	-0,137	-0,104	-0,071	0,002	0,034	0,067	0,095	0,122	0,154	0,199	0,253	0,306	0,359	0,378	0,304	0,000	0,000
14,000	-11,797	-11,640	-11,762	-11,676	-11,672	-11,642	-11,617	-11,623	-11,603	-11,595	-11,582	-11,534	-11,457	-11,310	-11,113	0,040	-0,075	0,001	0,054	0,061	0,055	0,074	0,076	0,101	0,120	0,176	0,226	0,285	0,333	0,276	0,000	0,000
15,000	-8,711	-8,805	-8,725	-8,723	-8,687	-8,681	-8,676	-8,664	-8,645	-8,647	-8,624	-8,597	-8,552	-8,479	-8,393	-0,134	0,034	0,008	0,042	0,047	0,061	0,061	0,068	0,072	0,087	0,106	0,122	0,151	0,161	0,132	0,000	0,000
	run	11	2022:11:08    10:58:52,030
0,000	-12,891	-12,955	-12,976	-13,043	-13,060	-13,072	-13,077	-13,080	-13,076	-13,079	-13,070	-13,045	-12,997	-12,904	-12,792	-0,122	-0,119	-0,106	-0,069	-0,052	-0,029	-0,008	0,004	0,022	0,050	0,085	0,124	0,165	0,191	0,155	0,000	0,000
1,000	-16,428	-16,412	-16,305	-16,145	-16,013	-15,907	-15,857	-15,810	-15,770	-15,728	-15,693	-15,658	-15,596	-15,513	-15,398	0,033	0,175	0,209	0,304	0,315	0,283	0,263	0,234	0,220	0,209	0,208	0,215	0,223	0,229	0,177	0,000	0,000
2,000	-9,892	-9,875	-9,853	-9,745	-9,647	-9,570	-9,527	-9,496	-9,450	-9,415	-9,361	-9,286	-9,196	-9,059	-8,895	0,055	0,096	0,139	0,225	0,239	0,222	0,230	0,216	0,227	0,237	0,265	0,295	0,320	0,330	0,245	0,000	0,000
3,000	-19,540	-19,546	-19,510	-19,246	-19,061	-18,942	-18,870	-18,818	-18,768	-18,754	-18,716	-18,678	-18,625	-18,520	-18,401	0,101	0,223	0,270	0,410	0,400	0,348	0,307	0,268	0,235	0,207	0,203	0,220	0,232	0,236	0,180	0,000	0,000
4,000	-10,402	-10,514	-10,410	-10,394	-10,348	-10,364	-10,352	-10,344	-10,339	-10,327	-10,286	-10,219	-10,088	-9,873	-9,592	-0,274	0,026	0,004	0,062	0,059	0,075	0,083	0,104	0,123	0,185	0,258	0,348	0,438	0,494	0,405	0,000	0,000
5,000	-11,788	-11,689	-11,847	-11,865	-11,871	-11,845	-11,828	-11,837	-11,801	-11,797	-11,752	-11,665	-11,521	-11,266	-10,951	0,095	-0,134	-0,087	0,001	0,029	0,038	0,081	0,107	0,161	0,216	0,289	0,398	0,498	0,564	0,452	0,000	0,000
6,000	-8,823	-8,842	-8,734	-8,613	-8,504	-8,444	-8,418	-8,382	-8,349	-8,333	-8,277	-8,221	-8,142	-8,006	-7,840	-0,109	0,096	0,150	0,223	0,222	0,188	0,199	0,192	0,189	0,200	0,230	0,267	0,297	0,312	0,242	0,000	0,000
7,000	-7,108	-7,029	-7,002	-6,914	-6,863	-6,837	-6,823	-6,813	-6,795	-6,796	-6,786	-6,773	-6,757	-6,734	-6,709	0,093	0,099	0,110	0,131	0,114	0,085	0,080	0,065	0,069	0,052	0,053	0,051	0,055	0,056	0,039	0,000	0,000
8,000	-15,180	-14,510	-14,196	-14,006	-13,927	-13,917	-13,926	-13,934	-13,955	-13,988	-14,016	-14,045	-14,078	-14,092	-14,117	2,712	1,712	1,204	0,577	0,368	0,209	0,133	0,065	0,013	-0,020	-0,039	-0,050	-0,060	-0,044	-0,031	0,000	0,000
9,000	-4,260	-3,739	-3,552	-3,319	-3,216	-3,140	-3,104	-3,073	-3,045	-3,022	-2,998	-2,972	-2,932	-2,882	-2,816	2,344	1,403	1,050	0,616	0,462	0,350	0,292	0,247	0,206	0,179	0,160	0,150	0,146	0,139	0,101	0,000	0,000
10,000	-5,973	-5,219	-4,880	-4,525	-4,400	-4,346	-4,325	-4,304	-4,288	-4,290	-4,277	-4,257	-4,220	-4,157	-4,093	2,481	1,704	1,292	0,724	0,510	0,357	0,284	0,222	0,174	0,143	0,133	0,132	0,144	0,146	0,107	0,000	0,000
11,000	-10,901	-10,469	-10,291	-9,988	-9,870	-9,797	-9,763	-9,738	-9,702	-9,689	-9,653	-9,613	-9,562	-9,477	-9,378	0,670	0,643	0,581	0,440	0,349	0,269	0,239	0,210	0,192	0,177	0,181	0,191	0,200	0,201	0,151	0,000	0,000
12,000	-15,742	-15,852	-15,866	-15,851	-15,810	-15,791	-15,783	-15,777	-15,759	-15,764	-15,740	-15,713	-15,658	-15,557	-15,428	-0,467	-0,236	-0,138	0,005	0,028	0,029	0,041	0,055	0,067	0,078	0,108	0,153	0,196	0,222	0,176	0,000	0,000
13,000	-8,941	-8,972	-9,014	-9,029	-9,016	-8,998	-8,987	-8,972	-8,944	-8,910	-8,856	-8,781	-8,678	-8,513	-8,305	-0,145	-0,101	-0,070	0,002	0,043	0,073	0,098	0,120	0,161	0,196	0,249	0,310	0,363	0,385	0,306	0,000	0,000
14,000	-12,019	-11,870	-11,992	-11,906	-11,899	-11,870	-11,853	-11,844	-11,832	-11,821	-11,801	-11,772	-11,678	-11,532	-11,335	0,034	-0,080	-0,007	0,059	0,062	0,057	0,069	0,069	0,096	0,115	0,178	0,234	0,295	0,343	0,284	0,000	0,000
15,000	-8,874	-8,974	-8,885	-8,890	-8,846	-8,843	-8,835	-8,825	-8,806	-8,807	-8,780	-8,752	-8,707	-8,629	-8,540	-0,130	0,021	0,007	0,043	0,050	0,060	0,067	0,074	0,075	0,093	0,113	0,131	0,160	0,167	0,139	0,000	0,000
	run	12	2022:11:08    10:58:52,081
0,000	-12,891	-12,955	-12,976	-13,043	-13,060	-13,072	-13,077	-13,080	-13,076	-13,079	-13,070	-13,045	-12,997	-12,904	-12,792	-0,122	-0,119	-0,106	-0,069	-0,052	-0,029	-0,008	0,004	0,022	0,050	0,085	0,124	0,165	0,191	0,155	0,000	0,000
1,000	-16,428	-16,412	-16,305	-16,145	-16,013	-15,907	-15,857	-15,810	-15,770	-15,728	-15,693	-15,658	-15,596	-15,513	-15,398	0,033	0,175	0,209	0,304	0,315	0,283	0,263	0,234	0,220	0,209	0,208	0,215	0,223	0,229	0,177	0,000	0,000
2,000	-9,892	-9,875	-9,853	-9,745	-9,647	-9,570	-9,527	-9,496	-9,450	-9,415	-9,361	-9,286	-9,196	-9,059	-8,895	0,055	0,096	0,139	0,225	0,239	0,222	0,230	0,216	0,227	0,237	0,265	0,295	0,320	0,330	0,245	0,000	0,000
3,000	-19,540	-19,546	-19,510	-19,246	-19,061	-18,942	-18,870	-18,818	-18,768	-18,754	-18,716	-18,678	-18,625	-18,520	-18,401	0,101	0,223	0,270	0,410	0,400	0,348	0,307	0,268	0,235	0,207	0,203	0,220	0,232	0,236	0,180	0,000	0,000
4,000	-10,402	-10,514	-10,410	-10,394	-10,348	-10,364	-10,352	-10,344	-10,339	-10,327	-10,286	-10,219	-10,088	-9,873	-9,592	-0,274	0,026	0,004	0,062	0,059	0,075	0,083	0,104	0,123	0,185	0,258	0,348	0,438	0,494	0,405	0,000	0,000
5,000	-11,788	-11,689	-11,847	-11,865	-11,871	-11,845	-11,828	-11,837	-11,801	-11,797	-11,752	-11,665	-11,521	-11,266	-10,951	0,095	-0,134	-0,087	0,001	0,029	0,038	0,081	0,107	0,161	0,216	0,289	0,398	0,498	0,564	0,452	0,000	0,000
6,000	-8,662	-8,697	-8,609	-8,485	-8,386	-8,329	-8,297	-8,270	-8,234	-8,219	-8,162	-8,105	-8,019	-7,888	-7,724	-0,102	0,076	0,124	0,206	0,218	0,188	0,188	0,184	0,185	0,202	0,232	0,267	0,293	0,312	0,242	0,000	0,000
7,000	-7,087	-7,005	-6,965	-6,869	-6,829	-6,793	-6,780	-6,772	-6,755	-6,754	-6,746	-6,739	-6,726	-6,700	-6,674	0,083	0,114	0,127	0,133	0,110	0,083	0,078	0,066	0,061	0,050	0,044	0,053	0,051	0,050	0,039	0,000	0,000
8,000	-15,276	-14,590	-14,294	-14,116	-14,041	-14,016	-14,024	-14,042	-14,065	-14,097	-14,129	-14,156	-14,178	-14,193	-14,213	2,697	1,701	1,169	0,554	0,340	0,203	0,126	0,058	0,004	-0,026	-0,037	-0,051	-0,048	-0,035	-0,013	0,000	0,000
9,000	-4,304	-3,767	-3,564	-3,332	-3,237	-3,157	-3,122	-3,094	-3,065	-3,039	-3,019	-2,991	-2,960	-2,910	-2,851	2,349	1,413	1,056	0,615	0,475	0,351	0,292	0,243	0,198	0,174	0,160	0,150	0,139	0,136	0,098	0,000	0,000
10,000	-5,957	-5,219	-4,881	-4,535	-4,410	-4,358	-4,333	-4,315	-4,300	-4,297	-4,283	-4,267	-4,228	-4,171	-4,104	2,463	1,699	1,271	0,717	0,503	0,355	0,280	0,221	0,173	0,149	0,139	0,132	0,144	0,145	0,112	0,000	0,000
11,000	-10,879	-10,425	-10,268	-9,964	-9,850	-9,781	-9,745	-9,720	-9,684	-9,674	-9,641	-9,597	-9,548	-9,461	-9,369	0,656	0,618	0,566	0,429	0,344	0,264	0,233	0,205	0,184	0,169	0,178	0,190	0,200	0,200	0,150	0,000	0,000
12,000	-15,783	-15,887	-15,899	-15,879	-15,843	-15,816	-15,810	-15,801	-15,785	-15,791	-15,769	-15,735	-15,682	-15,576	-15,449	-0,463	-0,233	-0,129	0,006	0,033	0,037	0,045	0,060	0,071	0,085	0,120	0,162	0,196	0,226	0,182	0,000	0,000
13,000	-8,928	-8,898	-8,966	-8,967	-8,965	-8,944	-8,929	-8,920	-8,890	-8,852	-8,803	-8,733	-8,629	-8,461	-8,256	-0,112	-0,091	-0,065	0,011	0,037	0,068	0,096	0,121	0,159	0,196	0,253	0,305	0,363	0,381	0,303	0,000	0,000
14,000	-12,027	-11,913	-12,011	-11,935	-11,919	-11,891	-11,866	-11,873	-11,862	-11,849	-11,833	-11,791	-11,700	-11,549	-11,352	-0,022	-0,075	-0,009	0,058	0,063	0,061	0,077	0,087	0,097	0,128	0,173	0,231	0,305	0,347	0,284	0,000	0,000
15,000	-8,956	-9,055	-8,967	-8,971	-8,933	-8,925	-8,916	-8,905	-8,889	-8,890	-8,865	-8,835	-8,788	-8,716	-8,622	-0,141	0,034	0,010	0,046	0,050	0,061	0,068	0,072	0,073	0,090	0,112	0,131	0,158	0,171	0,137	0,000	0,000
	run	13	2022:11:08    10:58:52,182
0,000	-13,008	-13,057	-13,072	-13,150	-13,167	-13,178	-13,180	-13,191	-13,185	-13,191	-13,178	-13,151	-13,103	-13,005	-12,892	-0,142	-0,111	-0,113	-0,072	-0,061	-0,030	-0,014	-0,002	0,023	0,046	0,083	0,131	0,167	0,196	0,157	0,000	0,000
1,000	-17,008	-16,977	-16,862	-16,678	-16,536	-16,427	-16,370	-16,322	-16,282	-16,242	-16,201	-16,160	-16,096	-15,998	-15,878	0,057	0,206	0,247	0,338	0,335	0,303	0,287	0,249	0,226	0,217	0,226	0,231	0,236	0,246	0,190	0,000	0,000
2,000	-10,263	-10,242	-10,206	-10,076	-9,975	-9,889	-9,844	-9,810	-9,755	-9,725	-9,662	-9,591	-9,492	-9,342	-9,173	0,078	0,120	0,170	0,256	0,262	0,236	0,242	0,238	0,243	0,245	0,278	0,314	0,343	0,349	0,265	0,000	0,000
3,000	-20,301	-20,265	-20,212	-19,900	-19,692	-19,564	-19,487	-19,431	-19,379	-19,366	-19,327	-19,287	-19,230	-19,127	-18,991	0,144	0,267	0,344	0,478	0,454	0,378	0,332	0,286	0,258	0,213	0,220	0,230	0,244	0,255	0,189	0,000	0,000
4,000	-10,566	-10,672	-10,573	-10,551	-10,505	-10,522	-10,514	-10,506	-10,502	-10,480	-10,450	-10,375	-10,243	-10,021	-9,733	-0,275	0,024	0,017	0,063	0,061	0,079	0,084	0,099	0,129	0,190	0,268	0,356	0,444	0,504	0,414	0,000	0,000
5,000	-11,846	-11,713	-11,878	-11,898	-11,902	-11,870	-11,866	-11,858	-11,830	-11,823	-11,770	-11,677	-11,548	-11,299	-10,972	0,089	-0,130	-0,089	0,003	0,031	0,034	0,082	0,115	0,160	0,208	0,294	0,403	0,501	0,560	0,462	0,000	0,000
6,000	-8,657	-8,678	-8,588	-8,464	-8,371	-8,310	-8,280	-8,250	-8,209	-8,197	-8,148	-8,088	-8,010	-7,866	-7,708	-0,114	0,083	0,130	0,211	0,210	0,191	0,193	0,183	0,195	0,196	0,231	0,264	0,298	0,313	0,242	0,000	0,000
7,000	-7,113	-7,019	-6,991	-6,895	-6,846	-6,816	-6,805	-6,800	-6,780	-6,788	-6,770	-6,758	-6,748	-6,726	-6,703	0,099	0,098	0,132	0,129	0,111	0,085	0,075	0,064	0,057	0,049	0,046	0,051	0,050	0,055	0,039	0,000	0,000
8,000	-15,257	-14,577	-14,267	-14,083	-14,005	-13,996	-14,002	-14,015	-14,039	-14,069	-14,100	-14,127	-14,155	-14,178	-14,198	2,698	1,714	1,200	0,564	0,368	0,205	0,125	0,060	0,008	-0,024	-0,041	-0,052	-0,061	-0,041	-0,029	0,000	0,000
9,000	-4,283	-3,755	-3,568	-3,329	-3,237	-3,160	-3,117	-3,089	-3,063	-3,039	-3,012	-2,986	-2,953	-2,898	-2,836	2,342	1,394	1,040	0,614	0,462	0,353	0,292	0,244	0,204	0,181	0,160	0,153	0,149	0,138	0,104	0,000	0,000
10,000	-5,983	-5,240	-4,907	-4,576	-4,452	-4,400	-4,374	-4,357	-4,342	-4,341	-4,324	-4,312	-4,273	-4,216	-4,149	2,447	1,676	1,252	0,706	0,498	0,353	0,277	0,216	0,170	0,146	0,129	0,131	0,143	0,141	0,104	0,000	0,000
11,000	-10,846	-10,411	-10,248	-9,960	-9,849	-9,781	-9,746	-9,723	-9,685	-9,675	-9,641	-9,601	-9,551	-9,471	-9,378	0,656	0,608	0,555	0,423	0,335	0,256	0,227	0,198	0,181	0,164	0,174	0,188	0,195	0,196	0,148	0,000	0,000
12,000	-15,483	-15,591	-15,603	-15,580	-15,535	-15,518	-15,508	-15,502	-15,480	-15,498	-15,472	-15,437	-15,388	-15,281	-15,158	-0,452	-0,221	-0,127	0,007	0,033	0,036	0,050	0,054	0,069	0,083	0,115	0,160	0,195	0,220	0,178	0,000	0,000
13,000	-8,767	-8,809	-8,838	-8,868	-8,857	-8,841	-8,834	-8,816	-8,786	-8,756	-8,702	-8,636	-8,537	-8,373	-8,169	-0,159	-0,107	-0,079	-0,001	0,039	0,061	0,093	0,117	0,154	0,194	0,242	0,301	0,344	0,373	0,295	0,000	0,000
14,000	-11,912	-11,721	-11,878	-11,769	-11,777	-11,739	-11,718	-11,717	-11,700	-11,689	-11,690	-11,634	-11,558	-11,407	-11,202	0,088	-0,078	0,003	0,064	0,062	0,066	0,079	0,086	0,096	0,129	0,184	0,229	0,305	0,337	0,281	0,000	0,000
15,000	-8,943	-9,036	-8,956	-8,955	-8,921	-8,909	-8,904	-8,890	-8,870	-8,868	-8,847	-8,817	-8,765	-8,691	-8,600	-0,127	0,024	0,015	0,048	0,054	0,060	0,066	0,073	0,078	0,095	0,116	0,137	0,159	0,171	0,138	0,000	0,000
	run	14	2022:11:08    10:58:52,284
0,000	-13,040	-13,099	-13,115	-13,193	-13,212	-13,231	-13,229	-13,232	-13,236	-13,239	-13,226	-13,193	-13,142	-13,048	-12,938	-0,129	-0,118	-0,105	-0,079	-0,061	-0,034	-0,007	0,003	0,025	0,053	0,091	0,135	0,178	0,200	0,168	0,000	0,000
1,000	-16,890	-16,855	-16,769	-16,558	-16,414	-16,315	-16,254	-16,203	-16,162	-16,120	-16,088	-16,041	-15,984	-15,891	-15,770	0,079	0,208	0,259	0,342	0,340	0,302	0,283	0,239	0,229	0,212	0,217	0,223	0,229	0,237	0,179	0,000	0,000
2,000	-10,360	-10,336	-10,303	-10,176	-10,062	-9,990	-9,940	-9,905	-9,854	-9,818	-9,752	-9,683	-9,583	-9,425	-9,242	0,062	0,108	0,177	0,257	0,266	0,242	0,255	0,241	0,248	0,259	0,292	0,338	0,350	0,359	0,273	0,000	0,000
3,000	-20,702	-20,659	-20,594	-20,249	-20,030	-19,895	-19,830	-19,773	-19,724	-19,709	-19,667	-19,628	-19,572	-19,466	-19,336	0,181	0,313	0,393	0,504	0,476	0,386	0,344	0,285	0,251	0,219	0,219	0,234	0,247	0,253	0,198	0,000	0,000
4,000	-11,062	-11,173	-11,087	-11,072	-11,045	-11,056	-11,047	-11,042	-11,033	-11,023	-10,974	-10,895	-10,742	-10,509	-10,194	-0,277	-0,005	-0,014	0,037	0,044	0,078	0,086	0,111	0,138	0,202	0,306	0,387	0,491	0,546	0,452	0,000	0,000
5,000	-12,558	-12,453	-12,598	-12,628	-12,634	-12,601	-12,586	-12,589	-12,560	-12,559	-12,505	-12,403	-12,262	-11,979	-11,639	0,081	-0,129	-0,096	0,006	0,034	0,046	0,088	0,119	0,177	0,223	0,320	0,432	0,545	0,613	0,496	0,000	0,000
6,000	-8,961	-8,970	-8,871	-8,720	-8,615	-8,565	-8,526	-8,497	-8,460	-8,435	-8,395	-8,332	-8,252	-8,113	-7,944	-0,096	0,122	0,167	0,236	0,229	0,202	0,203	0,196	0,194	0,203	0,235	0,272	0,294	0,317	0,242	0,000	0,000
7,000	-6,988	-6,921	-6,894	-6,822	-6,777	-6,751	-6,736	-6,731	-6,713	-6,719	-6,708	-6,696	-6,688	-6,670	-6,651	0,087	0,088	0,092	0,108	0,099	0,071	0,069	0,064	0,054	0,046	0,039	0,039	0,040	0,042	0,030	0,000	0,000
8,000	-14,887	-14,186	-13,875	-13,700	-13,621	-13,614	-13,624	-13,634	-13,654	-13,685	-13,716	-13,737	-13,769	-13,784	-13,804	2,741	1,726	1,215	0,572	0,365	0,212	0,133	0,063	0,015	-0,024	-0,031	-0,048	-0,048	-0,037	-0,022	0,000	0,000
9,000	-4,122	-3,607	-3,438	-3,229	-3,134	-3,062	-3,023	-2,994	-2,967	-2,936	-2,922	-2,891	-2,863	-2,811	-2,753	2,299	1,345	0,988	0,584	0,441	0,335	0,281	0,238	0,198	0,172	0,154	0,146	0,142	0,133	0,096	0,000	0,000
10,000	-5,880	-5,164	-4,852	-4,529	-4,408	-4,363	-4,339	-4,317	-4,303	-4,303	-4,292	-4,274	-4,239	-4,180	-4,117	2,402	1,646	1,221	0,688	0,483	0,341	0,269	0,212	0,164	0,141	0,131	0,122	0,141	0,141	0,106	0,000	0,000
11,000	-10,784	-10,358	-10,204	-9,922	-9,809	-9,743	-9,708	-9,687	-9,649	-9,635	-9,604	-9,572	-9,521	-9,441	-9,345	0,636	0,599	0,540	0,414	0,332	0,253	0,221	0,197	0,180	0,166	0,170	0,184	0,188	0,189	0,142	0,000	0,000
12,000	-15,225	-15,327	-15,338	-15,316	-15,276	-15,256	-15,245	-15,242	-15,214	-15,231	-15,207	-15,174	-15,128	-15,022	-14,901	-0,459	-0,219	-0,119	0,007	0,031	0,033	0,045	0,061	0,066	0,081	0,112	0,153	0,189	0,215	0,173	0,000	0,000
13,000	-8,628	-8,647	-8,700	-8,719	-8,712	-8,699	-8,683	-8,668	-8,638	-8,609	-8,562	-8,492	-8,388	-8,227	-8,030	-0,144	-0,109	-0,087	-0,002	0,030	0,059	0,090	0,115	0,146	0,188	0,246	0,292	0,342	0,367	0,289	0,000	0,000
14,000	-11,640	-11,458	-11,580	-11,498	-11,513	-11,472	-11,457	-11,452	-11,438	-11,433	-11,413	-11,373	-11,290	-11,146	-10,948	0,060	-0,088	-0,013	0,047	0,062	0,055	0,076	0,077	0,094	0,122	0,167	0,223	0,290	0,331	0,275	0,000	0,000
15,000	-8,843	-8,928	-8,846	-8,845	-8,806	-8,805	-8,797	-8,781	-8,765	-8,763	-8,742	-8,708	-8,658	-8,583	-8,490	-0,132	0,032	-0,001	0,049	0,050	0,062	0,065	0,071	0,077	0,093	0,114	0,136	0,162	0,169	0,138	0,000	0,000
	run	15	2022:11:08    10:58:52,329
0,000	-12,808	-12,879	-12,894	-12,960	-12,974	-12,993	-12,995	-13,003	-13,001	-13,006	-12,991	-12,962	-12,914	-12,817	-12,701	-0,125	-0,129	-0,098	-0,072	-0,057	-0,037	-0,009	0,007	0,022	0,051	0,088	0,132	0,175	0,200	0,163	0,000	0,000
1,000	-16,829	-16,822	-16,734	-16,534	-16,402	-16,295	-16,238	-16,193	-16,144	-16,112	-16,068	-16,025	-15,964	-15,864	-15,743	0,052	0,187	0,244	0,327	0,330	0,300	0,280	0,248	0,230	0,215	0,225	0,228	0,237	0,245	0,192	0,000	0,000
2,000	-10,360	-10,336	-10,303	-10,176	-10,062	-9,990	-9,940	-9,905	-9,854	-9,818	-9,752	-9,683	-9,583	-9,425	-9,242	0,062	0,108	0,177	0,257	0,266	0,242	0,255	0,241	0,248	0,259	0,292	0,338	0,350	0,359	0,273	0,000	0,000
3,000	-20,702	-20,659	-20,594	-20,249	-20,030	-19,895	-19,830	-19,773	-19,724	-19,709	-19,667	-19,628	-19,572	-19,466	-19,336	0,181	0,313	0,393	0,504	0,476	0,386	0,344	0,285	0,251	0,219	0,219	0,234	0,247	0,253	0,198	0,000	0,000
4,000	-11,062	-11,173	-11,087	-11,072	-11,045	-11,056	-11,047	-11,042	-11,033	-11,023	-10,974	-10,895	-10,742	-10,509	-10,194	-0,277	-0,005	-0,014	0,037	0,044	0,078	0,086	0,111	0,138	0,202	0,306	0,387	0,491	0,546	0,452	0,000	0,000
5,000	-12,558	-12,453	-12,598	-12,628	-12,634	-12,601	-12,586	-12,589	-12,560	-12,559	-12,505	-12,403	-12,262	-11,979	-11,639	0,081	-0,129	-0,096	0,006	0,034	0,046	0,088	0,119	0,177	0,223	0,320	0,432	0,545	0,613	0,496	0,000	0,000
6,000	-8,961	-8,970	-8,871	-8,720	-8,615	-8,565	-8,526	-8,497	-8,460	-8,435	-8,395	-8,332	-8,252	-8,113	-7,944	-0,096	0,122	0,167	0,236	0,229	0,202	0,203	0,196	0,194	0,203	0,235	0,272	0,294	0,317	0,242	0,000	0,000
7,000	-6,988	-6,921	-6,894	-6,822	-6,777	-6,751	-6,736	-6,731	-6,713	-6,719	-6,708	-6,696	-6,688	-6,670	-6,651	0,087	0,088	0,092	0,108	0,099	0,071	0,069	0,064	0,054	0,046	0,039	0,039	0,040	0,042	0,030	0,000	0,000
8,000	-14,741	-14,057	-13,747	-13,565	-13,489	-13,479	-13,493	-13,503	-13,524	-13,555	-13,578	-13,607	-13,634	-13,648	-13,670	2,703	1,710	1,201	0,568	0,359	0,206	0,131	0,059	0,011	-0,020	-0,037	-0,050	-0,054	-0,034	-0,016	0,000	0,000
9,000	-4,112	-3,611	-3,455	-3,258	-3,180	-3,107	-3,068	-3,042	-3,017	-2,986	-2,967	-2,943	-2,906	-2,858	-2,801	2,281	1,317	0,976	0,562	0,426	0,327	0,273	0,229	0,193	0,166	0,153	0,139	0,140	0,131	0,097	0,000	0,000
10,000	-5,725	-5,023	-4,714	-4,433	-4,319	-4,280	-4,256	-4,241	-4,229	-4,223	-4,214	-4,192	-4,165	-4,102	-4,042	2,367	1,598	1,172	0,642	0,453	0,322	0,256	0,201	0,153	0,137	0,122	0,121	0,133	0,135	0,099	0,000	0,000
11,000	-10,490	-10,082	-9,928	-9,658	-9,558	-9,491	-9,460	-9,438	-9,405	-9,396	-9,364	-9,322	-9,277	-9,197	-9,110	0,613	0,562	0,511	0,393	0,311	0,238	0,215	0,191	0,174	0,156	0,167	0,175	0,185	0,184	0,136	0,000	0,000
12,000	-14,926	-15,025	-15,035	-15,023	-14,975	-14,956	-14,946	-14,935	-14,927	-14,930	-14,901	-14,877	-14,831	-14,725	-14,612	-0,427	-0,205	-0,116	0,005	0,030	0,036	0,047	0,058	0,069	0,073	0,113	0,144	0,183	0,211	0,170	0,000	0,000
13,000	-8,557	-8,575	-8,620	-8,637	-8,634	-8,622	-8,605	-8,592	-8,566	-8,531	-8,483	-8,417	-8,318	-8,161	-7,969	-0,147	-0,106	-0,082	-0,009	0,031	0,056	0,086	0,114	0,151	0,184	0,237	0,288	0,340	0,356	0,287	0,000	0,000
14,000	-11,701	-11,507	-11,648	-11,571	-11,572	-11,534	-11,518	-11,511	-11,507	-11,483	-11,471	-11,438	-11,347	-11,211	-11,013	0,057	-0,062	-0,007	0,051	0,059	0,060	0,072	0,073	0,094	0,125	0,177	0,231	0,295	0,333	0,276	0,000	0,000
15,000	-8,758	-8,882	-8,794	-8,798	-8,757	-8,745	-8,734	-8,731	-8,708	-8,711	-8,685	-8,660	-8,608	-8,531	-8,443	-0,149	0,031	0,013	0,047	0,050	0,057	0,062	0,068	0,075	0,089	0,115	0,132	0,155	0,167	0,138	0,000	0,000
	run	16	2022:11:08    10:58:52,429
0,000	-12,988	-13,038	-13,075	-13,141	-13,159	-13,169	-13,183	-13,182	-13,176	-13,189	-13,175	-13,143	-13,098	-12,998	-12,878	-0,127	-0,112	-0,114	-0,076	-0,060	-0,033	-0,011	0,005	0,022	0,047	0,085	0,131	0,172	0,205	0,166	0,000	0,000
1,000	-17,005	-16,974	-16,896	-16,682	-16,535	-16,431	-16,374	-16,328	-16,276	-16,250	-16,197	-16,159	-16,096	-16,000	-15,879	0,076	0,207	0,251	0,337	0,343	0,307	0,288	0,251	0,234	0,219	0,222	0,229	0,238	0,243	0,184	0,000	0,000
2,000	-10,511	-10,474	-10,428	-10,278	-10,173	-10,090	-10,044	-10,010	-9,958	-9,919	-9,854	-9,776	-9,670	-9,510	-9,328	0,096	0,132	0,182	0,270	0,271	0,250	0,256	0,246	0,252	0,269	0,301	0,334	0,363	0,378	0,285	0,000	0,000
3,000	-20,945	-20,866	-20,791	-20,437	-20,221	-20,086	-20,013	-19,958	-19,903	-19,899	-19,861	-19,817	-19,760	-19,651	-19,516	0,191	0,338	0,422	0,517	0,486	0,391	0,344	0,294	0,260	0,223	0,221	0,238	0,247	0,264	0,198	0,000	0,000
4,000	-11,165	-11,261	-11,165	-11,155	-11,126	-11,137	-11,132	-11,121	-11,112	-11,094	-11,059	-10,974	-10,827	-10,582	-10,269	-0,296	-0,007	-0,026	0,032	0,040	0,075	0,088	0,114	0,140	0,204	0,296	0,393	0,497	0,554	0,458	0,000	0,000
5,000	-12,457	-12,344	-12,506	-12,520	-12,527	-12,504	-12,488	-12,493	-12,454	-12,458	-12,406	-12,310	-12,150	-11,886	-11,535	0,082	-0,126	-0,089	0,009	0,043	0,052	0,087	0,129	0,172	0,228	0,319	0,431	0,547	0,606	0,495	0,000	0,000
6,000	-8,947	-8,961	-8,855	-8,713	-8,606	-8,545	-8,517	-8,483	-8,446	-8,430	-8,377	-8,321	-8,239	-8,096	-7,935	-0,098	0,114	0,168	0,230	0,226	0,203	0,199	0,191	0,201	0,206	0,239	0,269	0,299	0,317	0,243	0,000	0,000
7,000	-6,990	-6,907	-6,887	-6,818	-6,765	-6,745	-6,724	-6,715	-6,704	-6,703	-6,694	-6,684	-6,680	-6,660	-6,645	0,085	0,086	0,097	0,117	0,102	0,075	0,067	0,060	0,051	0,040	0,042	0,043	0,039	0,037	0,026	0,000	0,000
8,000	-14,605	-13,922	-13,623	-13,435	-13,361	-13,351	-13,364	-13,375	-13,402	-13,424	-13,450	-13,478	-13,506	-13,523	-13,537	2,758	1,713	1,205	0,568	0,360	0,207	0,126	0,059	0,013	-0,017	-0,035	-0,046	-0,049	-0,032	-0,015	0,000	0,000
9,000	-4,010	-3,524	-3,343	-3,173	-3,096	-3,024	-2,989	-2,966	-2,941	-2,914	-2,892	-2,866	-2,836	-2,789	-2,728	2,242	1,307	0,951	0,550	0,416	0,318	0,268	0,222	0,188	0,166	0,149	0,139	0,134	0,129	0,092	0,000	0,000
10,000	-5,589	-4,908	-4,606	-4,345	-4,243	-4,203	-4,184	-4,167	-4,153	-4,150	-4,142	-4,126	-4,095	-4,039	-3,982	2,313	1,555	1,137	0,613	0,432	0,307	0,242	0,190	0,149	0,132	0,117	0,119	0,124	0,133	0,100	0,000	0,000
11,000	-10,361	-9,958	-9,816	-9,552	-9,453	-9,390	-9,360	-9,337	-9,301	-9,288	-9,261	-9,218	-9,176	-9,095	-9,009	0,590	0,555	0,497	0,380	0,311	0,236	0,207	0,188	0,174	0,156	0,163	0,177	0,180	0,183	0,138	0,000	0,000
12,000	-14,856	-14,955	-14,960	-14,937	-14,893	-14,877	-14,868	-14,859	-14,845	-14,851	-14,830	-14,801	-14,751	-14,658	-14,538	-0,419	-0,211	-0,113	0,011	0,028	0,035	0,050	0,057	0,064	0,076	0,111	0,147	0,186	0,214	0,170	0,000	0,000
13,000	-8,573	-8,607	-8,647	-8,665	-8,664	-8,648	-8,630	-8,616	-8,594	-8,561	-8,507	-8,443	-8,341	-8,186	-7,994	-0,148	-0,111	-0,082	-0,005	0,026	0,060	0,090	0,111	0,148	0,191	0,239	0,283	0,337	0,360	0,284	0,000	0,000
14,000	-11,776	-11,622	-11,722	-11,651	-11,651	-11,624	-11,599	-11,600	-11,587	-11,574	-11,559	-11,515	-11,433	-11,286	-11,088	0,063	-0,075	-0,005	0,060	0,059	0,060	0,077	0,074	0,096	0,121	0,170	0,229	0,293	0,333	0,277	0,000	0,000
15,000	-8,859	-8,955	-8,866	-8,872	-8,830	-8,828	-8,819	-8,804	-8,789	-8,787	-8,762	-8,733	-8,682	-8,607	-8,515	-0,140	0,033	0,014	0,048	0,045	0,061	0,067	0,070	0,081	0,092	0,111	0,132	0,161	0,168	0,138	0,000	0,000
	run	17	2022:11:08    10:58:52,481
0,000	-12,988	-13,038	-13,075	-13,141	-13,159	-13,169	-13,183	-13,182	-13,176	-13,189	-13,175	-13,143	-13,098	-12,998	-12,878	-0,127	-0,112	-0,114	-0,076	-0,060	-0,033	-0,011	0,005	0,022	0,047	0,085	0,131	0,172	0,205	0,166	0,000	0,000
1,000	-17,005	-16,974	-16,896	-16,682	-16,535	-16,431	-16,374	-16,328	-16,276	-16,250	-16,197	-16,159	-16,096	-16,000	-15,879	0,076	0,207	0,251	0,337	0,343	0,307	0,288	0,251	0,234	0,219	0,222	0,229	0,238	0,243	0,184	0,000	0,000
2,000	-10,511	-10,474	-10,428	-10,278	-10,173	-10,090	-10,044	-10,010	-9,958	-9,919	-9,854	-9,776	-9,670	-9,510	-9,328	0,096	0,132	0,182	0,270	0,271	0,250	0,256	0,246	0,252	0,269	0,301	0,334	0,363	0,378	0,285	0,000	0,000
3,000	-20,945	-20,866	-20,791	-20,437	-20,221	-20,086	-20,013	-19,958	-19,903	-19,899	-19,861	-19,817	-19,760	-19,651	-19,516	0,191	0,338	0,422	0,517	0,486	0,391	0,344	0,294	0,260	0,223	0,221	0,238	0,247	0,264	0,198	0,000	0,000
4,000	-11,165	-11,261	-11,165	-11,155	-11,126	-11,137	-11,132	-11,121	-11,112	-11,094	-11,059	-10,974	-10,827	-10,582	-10,269	-0,296	-0,007	-0,026	0,032	0,040	0,075	0,088	0,114	0,140	0,204	0,296	0,393	0,497	0,554	0,458	0,000	0,000
5,000	-12,457	-12,344	-12,506	-12,520	-12,527	-12,504	-12,488	-12,493	-12,454	-12,458	-12,406	-12,310	-12,150	-11,886	-11,535	0,082	-0,126	-0,089	0,009	0,043	0,052	0,087	0,129	0,172	0,228	0,319	0,431	0,547	0,606	0,495	0,000	0,000
6,000	-8,926	-8,941	-8,843	-8,696	-8,594	-8,533	-8,503	-8,470	-8,435	-8,412	-8,364	-8,305	-8,228	-8,089	-7,921	-0,099	0,117	0,158	0,231	0,222	0,198	0,199	0,185	0,193	0,206	0,235	0,271	0,293	0,317	0,243	0,000	0,000
7,000	-7,036	-6,942	-6,920	-6,845	-6,796	-6,770	-6,751	-6,746	-6,735	-6,730	-6,722	-6,713	-6,707	-6,690	-6,666	0,100	0,087	0,106	0,118	0,097	0,075	0,071	0,061	0,049	0,046	0,044	0,043	0,044	0,039	0,032	0,000	0,000
8,000	-14,885	-14,194	-13,877	-13,689	-13,602	-13,596	-13,602	-13,614	-13,635	-13,664	-13,688	-13,723	-13,751	-13,764	-13,783	2,735	1,729	1,207	0,578	0,369	0,208	0,129	0,063	0,008	-0,020	-0,039	-0,047	-0,052	-0,041	-0,023	0,000	0,000
9,000	-4,075	-3,583	-3,405	-3,212	-3,123	-3,052	-3,016	-2,981	-2,959	-2,936	-2,910	-2,891	-2,851	-2,802	-2,748	2,283	1,326	0,984	0,568	0,437	0,328	0,279	0,232	0,198	0,167	0,155	0,137	0,137	0,128	0,091	0,000	0,000
10,000	-5,721	-5,029	-4,710	-4,444	-4,325	-4,290	-4,265	-4,249	-4,234	-4,238	-4,224	-4,205	-4,170	-4,115	-4,055	2,360	1,585	1,170	0,641	0,450	0,321	0,252	0,198	0,160	0,137	0,120	0,122	0,135	0,136	0,101	0,000	0,000
11,000	-10,474	-10,062	-9,912	-9,646	-9,542	-9,472	-9,447	-9,424	-9,383	-9,376	-9,342	-9,305	-9,257	-9,182	-9,090	0,607	0,572	0,509	0,387	0,318	0,244	0,217	0,190	0,174	0,162	0,164	0,181	0,182	0,182	0,138	0,000	0,000
12,000	-14,950	-15,058	-15,058	-15,046	-14,999	-14,984	-14,977	-14,967	-14,950	-14,961	-14,936	-14,911	-14,861	-14,759	-14,644	-0,444	-0,211	-0,119	0,008	0,032	0,038	0,049	0,056	0,060	0,077	0,112	0,149	0,184	0,208	0,168	0,000	0,000
13,000	-8,596	-8,603	-8,660	-8,676	-8,668	-8,654	-8,640	-8,629	-8,605	-8,569	-8,522	-8,451	-8,349	-8,194	-7,994	-0,140	-0,110	-0,074	-0,005	0,031	0,061	0,088	0,118	0,144	0,183	0,242	0,290	0,343	0,363	0,289	0,000	0,000
14,000	-11,852	-11,668	-11,774	-11,706	-11,703	-11,678	-11,655	-11,651	-11,632	-11,627	-11,602	-11,573	-11,486	-11,341	-11,142	0,028	-0,072	-0,014	0,063	0,067	0,058	0,081	0,076	0,097	0,116	0,169	0,223	0,284	0,341	0,277	0,000	0,000
15,000	-8,957	-9,061	-8,973	-8,972	-8,930	-8,925	-8,916	-8,907	-8,885	-8,882	-8,862	-8,824	-8,780	-8,702	-8,610	-0,135	0,032	0,010	0,051	0,056	0,061	0,068	0,074	0,083	0,097	0,113	0,140	0,163	0,174	0,145	0,000	0,000
	run	18	2022:11:08    10:58:52,582
0,000	-13,122	-13,181	-13,211	-13,273	-13,291	-13,306	-13,309	-13,317	-13,316	-13,323	-13,311	-13,285	-13,230	-13,144	-13,029	-0,151	-0,122	-0,115	-0,080	-0,064	-0,040	-0,015	-0,002	0,022	0,039	0,084	0,128	0,170	0,199	0,158	0,000	0,000
1,000	-17,070	-17,050	-16,941	-16,749	-16,605	-16,500	-16,443	-16,395	-16,359	-16,320	-16,276	-16,231	-16,177	-16,075	-15,963	0,083	0,203	0,251	0,340	0,343	0,301	0,287	0,245	0,222	0,217	0,218	0,221	0,232	0,240	0,185	0,000	0,000
2,000	-10,218	-10,195	-10,162	-10,030	-9,932	-9,843	-9,802	-9,766	-9,715	-9,685	-9,624	-9,553	-9,459	-9,308	-9,134	0,069	0,115	0,164	0,250	0,253	0,233	0,240	0,236	0,238	0,250	0,283	0,311	0,342	0,345	0,261	0,000	0,000
3,000	-20,015	-20,010	-19,949	-19,659	-19,458	-19,326	-19,259	-19,202	-19,147	-19,131	-19,096	-19,053	-19,003	-18,894	-18,775	0,125	0,237	0,316	0,458	0,446	0,367	0,328	0,288	0,243	0,215	0,208	0,226	0,238	0,251	0,187	0,000	0,000
4,000	-10,741	-10,855	-10,760	-10,739	-10,704	-10,714	-10,703	-10,701	-10,699	-10,684	-10,638	-10,564	-10,424	-10,190	-9,889	-0,268	0,016	-0,001	0,053	0,047	0,075	0,088	0,105	0,137	0,200	0,275	0,373	0,471	0,525	0,433	0,000	0,000
5,000	-12,149	-12,043	-12,197	-12,213	-12,216	-12,199	-12,175	-12,184	-12,152	-12,141	-12,102	-11,994	-11,861	-11,598	-11,257	0,074	-0,121	-0,085	0,010	0,031	0,047	0,094	0,119	0,163	0,228	0,310	0,412	0,530	0,585	0,479	0,000	0,000
6,000	-8,738	-8,741	-8,653	-8,526	-8,418	-8,364	-8,336	-8,302	-8,266	-8,246	-8,194	-8,137	-8,056	-7,918	-7,762	-0,089	0,092	0,143	0,221	0,216	0,195	0,190	0,194	0,191	0,197	0,236	0,267	0,293	0,317	0,241	0,000	0,000
7,000	-7,021	-6,942	-6,919	-6,830	-6,785	-6,758	-6,748	-6,735	-6,722	-6,722	-6,710	-6,704	-6,694	-6,669	-6,650	0,087	0,101	0,114	0,125	0,103	0,078	0,073	0,066	0,059	0,046	0,050	0,050	0,047	0,047	0,029	0,000	0,000
8,000	-14,947	-14,253	-13,950	-13,768	-13,698	-13,692	-13,696	-13,709	-13,728	-13,759	-13,787	-13,815	-13,846	-13,868	-13,886	2,718	1,704	1,214	0,572	0,371	0,206	0,129	0,063	0,005	-0,022	-0,040	-0,047	-0,058	-0,041	-0,027	0,000	0,000
9,000	-4,151	-3,655	-3,470	-3,257	-3,163	-3,088	-3,054	-3,025	-2,996	-2,974	-2,948	-2,919	-2,889	-2,839	-2,779	2,321	1,371	1,001	0,590	0,449	0,345	0,283	0,239	0,201	0,170	0,154	0,145	0,143	0,136	0,098	0,000	0,000
10,000	-5,915	-5,202	-4,875	-4,558	-4,437	-4,383	-4,359	-4,347	-4,329	-4,330	-4,318	-4,296	-4,263	-4,205	-4,144	2,426	1,645	1,226	0,685	0,484	0,344	0,272	0,212	0,168	0,144	0,132	0,128	0,140	0,139	0,105	0,000	0,000
11,000	-10,821	-10,390	-10,229	-9,941	-9,835	-9,760	-9,730	-9,707	-9,670	-9,661	-9,625	-9,587	-9,541	-9,456	-9,369	0,631	0,601	0,548	0,413	0,329	0,253	0,224	0,196	0,179	0,163	0,172	0,183	0,188	0,191	0,139	0,000	0,000
12,000	-15,289	-15,385	-15,401	-15,376	-15,334	-15,314	-15,304	-15,293	-15,274	-15,289	-15,265	-15,233	-15,184	-15,083	-14,959	-0,447	-0,218	-0,124	0,006	0,030	0,037	0,048	0,058	0,067	0,077	0,112	0,146	0,187	0,219	0,177	0,000	0,000
13,000	-8,730	-8,730	-8,781	-8,788	-8,789	-8,770	-8,757	-8,743	-8,714	-8,684	-8,629	-8,563	-8,457	-8,305	-8,101	-0,133	-0,105	-0,070	0,005	0,037	0,066	0,093	0,117	0,150	0,195	0,242	0,295	0,351	0,372	0,291	0,000	0,000
14,000	-11,859	-11,714	-11,826	-11,743	-11,750	-11,710	-11,690	-11,687	-11,674	-11,668	-11,651	-11,612	-11,535	-11,380	-11,177	0,033	-0,079	-0,017	0,063	0,066	0,060	0,075	0,077	0,101	0,124	0,178	0,230	0,303	0,345	0,280	0,000	0,000
15,000	-9,028	-9,105	-9,033	-9,028	-8,986	-8,981	-8,970	-8,958	-8,940	-8,936	-8,916	-8,883	-8,834	-8,757	-8,665	-0,127	0,035	0,012	0,056	0,054	0,060	0,069	0,072	0,079	0,100	0,114	0,138	0,163	0,174	0,139	0,000	0,000
	run	19	2022:11:08    10:58:52,681
0,000	-12,939	-13,008	-13,024	-13,099	-13,109	-13,124	-13,131	-13,135	-13,133	-13,136	-13,122	-13,100	-13,050	-12,960	-12,845	-0,125	-0,122	-0,111	-0,073	-0,058	-0,035	-0,014	0,002	0,018	0,045	0,083	0,132	0,164	0,190	0,155	0,000	0,000
1,000	-16,701	-16,675	-16,582	-16,400	-16,264	-16,162	-16,104	-16,056	-16,012	-15,979	-15,942	-15,899	-15,844	-15,751	-15,634	0,041	0,194	0,238	0,323	0,324	0,290	0,277	0,240	0,221	0,215	0,216	0,222	0,223	0,231	0,179	0,000	0,000
2,000	-10,059	-10,051	-10,016	-9,894	-9,797	-9,718	-9,671	-9,639	-9,588	-9,558	-9,496	-9,432	-9,330	-9,188	-9,020	0,069	0,105	0,147	0,234	0,248	0,231	0,236	0,225	0,236	0,241	0,274	0,304	0,333	0,337	0,255	0,000	0,000
3,000	-19,889	-19,881	-19,814	-19,546	-19,353	-19,226	-19,157	-19,105	-19,053	-19,039	-18,998	-18,963	-18,907	-18,801	-18,678	0,100	0,241	0,310	0,436	0,427	0,353	0,314	0,273	0,243	0,211	0,206	0,227	0,233	0,245	0,181	0,000	0,000
4,000	-10,582	-10,694	-10,591	-10,571	-10,527	-10,544	-10,539	-10,528	-10,523	-10,505	-10,468	-10,390	-10,264	-10,043	-9,751	-0,277	0,010	0,010	0,060	0,056	0,069	0,083	0,107	0,131	0,191	0,267	0,358	0,451	0,508	0,417	0,000	0,000
5,000	-12,003	-11,898	-12,049	-12,071	-12,082	-12,055	-12,039	-12,045	-12,011	-12,001	-11,957	-11,866	-11,715	-11,468	-11,139	0,088	-0,129	-0,094	-0,002	0,026	0,045	0,088	0,118	0,158	0,214	0,306	0,407	0,512	0,573	0,467	0,000	0,000
6,000	-8,703	-8,722	-8,645	-8,512	-8,406	-8,347	-8,325	-8,290	-8,253	-8,234	-8,187	-8,126	-8,046	-7,912	-7,755	-0,106	0,083	0,142	0,217	0,213	0,188	0,197	0,190	0,186	0,197	0,232	0,266	0,293	0,306	0,239	0,000	0,000
7,000	-7,065	-6,965	-6,924	-6,857	-6,806	-6,778	-6,771	-6,759	-6,747	-6,748	-6,737	-6,721	-6,714	-6,693	-6,673	0,105	0,096	0,119	0,132	0,104	0,080	0,074	0,067	0,055	0,047	0,045	0,046	0,049	0,045	0,035	0,000	0,000
8,000	-15,086	-14,415	-14,121	-13,921	-13,842	-13,828	-13,845	-13,851	-13,876	-13,905	-13,933	-13,966	-13,990	-14,010	-14,024	2,710	1,708	1,196	0,566	0,361	0,206	0,126	0,057	0,011	-0,027	-0,043	-0,054	-0,059	-0,036	-0,025	0,000	0,000
9,000	-4,275	-3,755	-3,574	-3,342	-3,250	-3,171	-3,133	-3,104	-3,071	-3,049	-3,024	-2,997	-2,959	-2,909	-2,847	2,356	1,385	1,035	0,609	0,458	0,351	0,294	0,239	0,199	0,177	0,154	0,148	0,149	0,137	0,102	0,000	0,000
10,000	-5,998	-5,251	-4,913	-4,573	-4,446	-4,397	-4,375	-4,354	-4,339	-4,336	-4,323	-4,309	-4,270	-4,208	-4,150	2,464	1,689	1,270	0,708	0,500	0,353	0,278	0,222	0,173	0,144	0,133	0,134	0,142	0,145	0,109	0,000	0,000
11,000	-10,899	-10,464	-10,301	-10,009	-9,900	-9,825	-9,788	-9,765	-9,731	-9,720	-9,689	-9,649	-9,598	-9,512	-9,419	0,654	0,612	0,563	0,424	0,340	0,260	0,231	0,203	0,185	0,166	0,181	0,191	0,199	0,197	0,144	0,000	0,000
12,000	-15,640	-15,748	-15,760	-15,738	-15,696	-15,674	-15,667	-15,655	-15,646	-15,647	-15,623	-15,589	-15,542	-15,435	-15,314	-0,463	-0,211	-0,135	0,004	0,033	0,039	0,053	0,054	0,064	0,087	0,117	0,155	0,191	0,219	0,178	0,000	0,000
13,000	-8,851	-8,838	-8,889	-8,903	-8,899	-8,884	-8,867	-8,859	-8,829	-8,797	-8,742	-8,679	-8,567	-8,404	-8,203	-0,124	-0,108	-0,062	0,005	0,039	0,068	0,093	0,121	0,157	0,197	0,246	0,304	0,357	0,379	0,300	0,000	0,000
14,000	-11,989	-11,798	-11,920	-11,833	-11,838	-11,800	-11,780	-11,779	-11,761	-11,770	-11,742	-11,693	-11,617	-11,464	-11,267	0,056	-0,078	-0,016	0,057	0,066	0,063	0,073	0,075	0,095	0,120	0,182	0,230	0,296	0,345	0,283	0,000	0,000
15,000	-8,887	-8,990	-8,914	-8,916	-8,874	-8,865	-8,858	-8,845	-8,829	-8,825	-8,802	-8,776	-8,725	-8,648	-8,560	-0,128	0,031	0,000	0,042	0,045	0,055	0,064	0,076	0,077	0,091	0,115	0,132	0,161	0,170	0,136	0,000	0,000
	run	20	2022:11:08    10:58:52,731
0,000	-12,689	-12,750	-12,750	-12,825	-12,846	-12,855	-12,863	-12,867	-12,863	-12,864	-12,851	-12,827	-12,780	-12,684	-12,577	-0,142	-0,112	-0,108	-0,067	-0,052	-0,027	-0,010	-0,002	0,024	0,042	0,083	0,128	0,165	0,193	0,153	0,000	0,000
1,000	-16,278	-16,272	-16,183	-16,008	-15,885	-15,786	-15,735	-15,685	-15,652	-15,618	-15,573	-15,527	-15,478	-15,388	-15,277	0,038	0,166	0,209	0,302	0,302	0,277	0,258	0,227	0,215	0,200	0,204	0,214	0,219	0,219	0,174	0,000	0,000
2,000	-10,059	-10,051	-10,016	-9,894	-9,797	-9,718	-9,671	-9,639	-9,588	-9,558	-9,496	-9,432	-9,330	-9,188	-9,020	0,069	0,105	0,147	0,234	0,248	0,231	0,236	0,225	0,236	0,241	0,274	0,304	0,333	0,337	0,255	0,000	0,000
3,000	-19,889	-19,881	-19,814	-19,546	-19,353	-19,226	-19,157	-19,105	-19,053	-19,039	-18,998	-18,963	-18,907	-18,801	-18,678	0,100	0,241	0,310	0,436	0,427	0,353	0,314	0,273	0,243	0,211	0,206	0,227	0,233	0,245	0,181	0,000	0,000
4,000	-10,582	-10,694	-10,591	-10,571	-10,527	-10,544	-10,539	-10,528	-10,523	-10,505	-10,468	-10,390	-10,264	-10,043	-9,751	-0,277	0,010	0,010	0,060	0,056	0,069	0,083	0,107	0,131	0,191	0,267	0,358	0,451	0,508	0,417	0,000	0,000
5,000	-12,003	-11,898	-12,049	-12,071	-12,082	-12,055	-12,039	-12,045	-12,011	-12,001	-11,957	-11,866	-11,715	-11,468	-11,139	0,088	-0,129	-0,094	-0,002	0,026	0,045	0,088	0,118	0,158	0,214	0,306	0,407	0,512	0,573	0,467	0,000	0,000
6,000	-8,703	-8,722	-8,645	-8,512	-8,406	-8,347	-8,325	-8,290	-8,253	-8,234	-8,187	-8,126	-8,046	-7,912	-7,755	-0,106	0,083	0,142	0,217	0,213	0,188	0,197	0,190	0,186	0,197	0,232	0,266	0,293	0,306	0,239	0,000	0,000
7,000	-7,065	-6,965	-6,924	-6,857	-6,806	-6,778	-6,771	-6,759	-6,747	-6,748	-6,737	-6,721	-6,714	-6,693	-6,673	0,105	0,096	0,119	0,132	0,104	0,080	0,074	0,067	0,055	0,047	0,045	0,046	0,049	0,045	0,035	0,000	0,000
8,000	-15,053	-14,372	-14,060	-13,881	-13,807	-13,793	-13,811	-13,820	-13,841	-13,874	-13,896	-13,934	-13,955	-13,974	-13,988	2,712	1,701	1,201	0,566	0,359	0,207	0,126	0,059	0,011	-0,021	-0,037	-0,053	-0,052	-0,036	-0,022	0,000	0,000
9,000	-4,205	-3,708	-3,527	-3,301	-3,203	-3,127	-3,091	-3,065	-3,038	-3,009	-2,984	-2,962	-2,925	-2,873	-2,812	2,327	1,366	1,022	0,600	0,457	0,344	0,287	0,237	0,203	0,176	0,158	0,148	0,144	0,136	0,099	0,000	0,000
10,000	-5,916	-5,192	-4,853	-4,511	-4,388	-4,333	-4,310	-4,291	-4,275	-4,276	-4,264	-4,243	-4,210	-4,149	-4,080	2,452	1,682	1,259	0,712	0,498	0,353	0,276	0,220	0,172	0,143	0,130	0,135	0,144	0,143	0,112	0,000	0,000
11,000	-10,891	-10,455	-10,286	-9,986	-9,871	-9,802	-9,768	-9,743	-9,703	-9,693	-9,656	-9,618	-9,567	-9,480	-9,386	0,667	0,629	0,569	0,433	0,346	0,267	0,232	0,204	0,188	0,169	0,178	0,195	0,201	0,199	0,151	0,000	0,000
12,000	-15,804	-15,911	-15,926	-15,912	-15,866	-15,843	-15,838	-15,823	-15,811	-15,825	-15,789	-15,759	-15,711	-15,601	-15,478	-0,465	-0,231	-0,134	-0,004	0,030	0,036	0,049	0,059	0,069	0,084	0,113	0,159	0,198	0,230	0,184	0,000	0,000
13,000	-8,999	-9,008	-9,049	-9,060	-9,051	-9,041	-9,020	-9,006	-8,980	-8,946	-8,897	-8,821	-8,712	-8,552	-8,339	-0,141	-0,099	-0,072	0,002	0,043	0,073	0,101	0,121	0,159	0,198	0,257	0,307	0,360	0,380	0,305	0,000	0,000
14,000	-11,997	-11,822	-11,949	-11,866	-11,865	-11,827	-11,804	-11,804	-11,787	-11,775	-11,758	-11,724	-11,644	-11,492	-11,293	0,076	-0,079	0,006	0,065	0,067	0,054	0,072	0,083	0,104	0,122	0,173	0,230	0,296	0,335	0,277	0,000	0,000
15,000	-8,789	-8,889	-8,802	-8,809	-8,759	-8,761	-8,752	-8,739	-8,722	-8,720	-8,700	-8,671	-8,622	-8,552	-8,461	-0,133	0,031	0,004	0,042	0,047	0,059	0,065	0,068	0,071	0,089	0,110	0,131	0,158	0,165	0,136	0,000	0,000
	run	21	2022:11:08    10:58:52,830
0,000	-12,480	-12,541	-12,560	-12,617	-12,632	-12,639	-12,643	-12,645	-12,646	-12,652	-12,637	-12,610	-12,566	-12,476	-12,367	-0,139	-0,105	-0,112	-0,064	-0,051	-0,027	-0,002	0,004	0,021	0,045	0,077	0,123	0,164	0,188	0,152	0,000	0,000
1,000	-16,090	-16,079	-15,984	-15,831	-15,711	-15,618	-15,565	-15,526	-15,481	-15,453	-15,410	-15,371	-15,310	-15,221	-15,105	0,015	0,158	0,192	0,277	0,289	0,262	0,250	0,227	0,206	0,197	0,202	0,213	0,224	0,231	0,179	0,000	0,000
2,000	-9,913	-9,894	-9,879	-9,750	-9,647	-9,568	-9,526	-9,491	-9,444	-9,414	-9,354	-9,281	-9,195	-9,047	-8,890	0,057	0,103	0,145	0,235	0,245	0,229	0,230	0,231	0,232	0,238	0,269	0,300	0,320	0,333	0,249	0,000	0,000
3,000	-19,963	-19,945	-19,897	-19,607	-19,416	-19,290	-19,220	-19,168	-19,118	-19,105	-19,067	-19,026	-18,977	-18,871	-18,741	0,106	0,240	0,309	0,439	0,424	0,357	0,318	0,271	0,242	0,212	0,213	0,225	0,230	0,245	0,183	0,000	0,000
4,000	-10,812	-10,911	-10,825	-10,795	-10,759	-10,776	-10,765	-10,758	-10,751	-10,743	-10,702	-10,619	-10,478	-10,263	-9,956	-0,273	0,013	0,004	0,055	0,052	0,073	0,085	0,108	0,138	0,194	0,278	0,361	0,464	0,521	0,423	0,000	0,000
5,000	-12,259	-12,169	-12,311	-12,335	-12,343	-12,324	-12,307	-12,306	-12,278	-12,263	-12,210	-12,122	-11,970	-11,713	-11,361	0,068	-0,149	-0,084	-0,004	0,038	0,052	0,092	0,123	0,168	0,226	0,313	0,426	0,530	0,595	0,479	0,000	0,000
6,000	-8,844	-8,868	-8,777	-8,641	-8,529	-8,477	-8,442	-8,417	-8,378	-8,357	-8,311	-8,248	-8,170	-8,035	-7,868	-0,096	0,099	0,142	0,228	0,218	0,199	0,195	0,191	0,194	0,202	0,228	0,274	0,297	0,314	0,246	0,000	0,000
7,000	-7,100	-7,010	-6,982	-6,891	-6,843	-6,813	-6,803	-6,788	-6,778	-6,783	-6,769	-6,759	-6,751	-6,727	-6,705	0,094	0,108	0,117	0,124	0,113	0,080	0,073	0,065	0,058	0,051	0,046	0,045	0,047	0,051	0,032	0,000	0,000
8,000	-15,038	-14,364	-14,051	-13,870	-13,797	-13,787	-13,795	-13,806	-13,828	-13,856	-13,880	-13,915	-13,941	-13,961	-13,976	2,716	1,716	1,205	0,569	0,362	0,202	0,126	0,060	0,013	-0,024	-0,038	-0,049	-0,051	-0,035	-0,026	0,000	0,000
9,000	-4,218	-3,690	-3,503	-3,286	-3,187	-3,116	-3,081	-3,047	-3,024	-2,995	-2,971	-2,945	-2,912	-2,860	-2,794	2,317	1,368	1,017	0,597	0,453	0,348	0,286	0,243	0,202	0,174	0,158	0,150	0,145	0,138	0,103	0,000	0,000
10,000	-5,912	-5,176	-4,838	-4,504	-4,374	-4,324	-4,297	-4,282	-4,264	-4,260	-4,248	-4,233	-4,199	-4,137	-4,071	2,454	1,680	1,263	0,711	0,500	0,353	0,281	0,222	0,172	0,146	0,132	0,130	0,145	0,144	0,112	0,000	0,000
11,000	-10,862	-10,413	-10,257	-9,957	-9,846	-9,774	-9,741	-9,714	-9,684	-9,671	-9,637	-9,598	-9,544	-9,461	-9,363	0,670	0,622	0,567	0,433	0,341	0,265	0,231	0,202	0,183	0,172	0,177	0,189	0,199	0,200	0,148	0,000	0,000
12,000	-15,839	-15,939	-15,950	-15,933	-15,886	-15,867	-15,857	-15,853	-15,832	-15,841	-15,816	-15,784	-15,731	-15,625	-15,500	-0,469	-0,224	-0,129	0,009	0,033	0,032	0,051	0,058	0,072	0,082	0,118	0,159	0,198	0,225	0,179	0,000	0,000
13,000	-8,926	-8,927	-8,975	-8,989	-8,987	-8,966	-8,953	-8,938	-8,908	-8,879	-8,822	-8,755	-8,647	-8,482	-8,270	-0,129	-0,098	-0,070	0,010	0,038	0,067	0,096	0,119	0,159	0,198	0,257	0,305	0,361	0,384	0,307	0,000	0,000
14,000	-11,882	-11,711	-11,820	-11,743	-11,740	-11,702	-11,687	-11,685	-11,666	-11,664	-11,653	-11,599	-11,526	-11,385	-11,180	0,050	-0,082	-0,007	0,063	0,067	0,062	0,076	0,075	0,096	0,118	0,171	0,220	0,292	0,328	0,276	0,000	0,000
15,000	-8,666	-8,778	-8,696	-8,691	-8,652	-8,650	-8,644	-8,631	-8,617	-8,619	-8,592	-8,563	-8,519	-8,447	-8,363	-0,127	0,029	0,004	0,043	0,044	0,057	0,056	0,066	0,073	0,089	0,109	0,118	0,155	0,161	0,133	0,000	0,000
	run	22	2022:11:08    10:58:52,882
0,000	-12,480	-12,541	-12,560	-12,617	-12,632	-12,639	-12,643	-12,645	-12,646	-12,652	-12,637	-12,610	-12,566	-12,476	-12,367	-0,139	-0,105	-0,112	-0,064	-0,051	-0,027	-0,002	0,004	0,021	0,045	0,077	0,123	0,164	0,188	0,152	0,000	0,000
1,000	-16,090	-16,079	-15,984	-15,831	-15,711	-15,618	-15,565	-15,526	-15,481	-15,453	-15,410	-15,371	-15,310	-15,221	-15,105	0,015	0,158	0,192	0,277	0,289	0,262	0,250	0,227	0,206	0,197	0,202	0,213	0,224	0,231	0,179	0,000	0,000
2,000	-9,913	-9,894	-9,879	-9,750	-9,647	-9,568	-9,526	-9,491	-9,444	-9,414	-9,354	-9,281	-9,195	-9,047	-8,890	0,057	0,103	0,145	0,235	0,245	0,229	0,230	0,231	0,232	0,238	0,269	0,300	0,320	0,333	0,249	0,000	0,000
3,000	-19,963	-19,945	-19,897	-19,607	-19,416	-19,290	-19,220	-19,168	-19,118	-19,105	-19,067	-19,026	-18,977	-18,871	-18,741	0,106	0,240	0,309	0,439	0,424	0,357	0,318	0,271	0,242	0,212	0,213	0,225	0,230	0,245	0,183	0,000	0,000
4,000	-10,812	-10,911	-10,825	-10,795	-10,759	-10,776	-10,765	-10,758	-10,751	-10,743	-10,702	-10,619	-10,478	-10,263	-9,956	-0,273	0,013	0,004	0,055	0,052	0,073	0,085	0,108	0,138	0,194	0,278	0,361	0,464	0,521	0,423	0,000	0,000
5,000	-12,259	-12,169	-12,311	-12,335	-12,343	-12,324	-12,307	-12,306	-12,278	-12,263	-12,210	-12,122	-11,970	-11,713	-11,361	0,068	-0,149	-0,084	-0,004	0,038	0,052	0,092	0,123	0,168	0,226	0,313	0,426	0,530	0,595	0,479	0,000	0,000
6,000	-8,924	-8,926	-8,844	-8,707	-8,594	-8,539	-8,507	-8,479	-8,441	-8,419	-8,363	-8,308	-8,234	-8,089	-7,923	-0,092	0,098	0,155	0,227	0,226	0,200	0,199	0,192	0,198	0,204	0,233	0,269	0,305	0,317	0,248	0,000	0,000
7,000	-7,149	-7,067	-7,038	-6,952	-6,895	-6,862	-6,854	-6,843	-6,834	-6,829	-6,818	-6,811	-6,800	-6,779	-6,759	0,109	0,117	0,125	0,144	0,112	0,082	0,075	0,067	0,058	0,053	0,052	0,046	0,044	0,047	0,033	0,000	0,000
8,000	-15,186	-14,503	-14,195	-14,012	-13,941	-13,923	-13,930	-13,950	-13,965	-13,997	-14,027	-14,057	-14,084	-14,099	-14,113	2,718	1,704	1,197	0,572	0,360	0,200	0,125	0,056	0,008	-0,026	-0,033	-0,055	-0,050	-0,036	-0,025	0,000	0,000
9,000	-4,239	-3,711	-3,529	-3,300	-3,205	-3,129	-3,086	-3,062	-3,036	-3,012	-2,984	-2,959	-2,923	-2,873	-2,808	2,300	1,378	1,021	0,597	0,456	0,347	0,288	0,243	0,203	0,171	0,160	0,151	0,145	0,139	0,102	0,000	0,000
10,000	-5,957	-5,237	-4,898	-4,564	-4,434	-4,378	-4,357	-4,338	-4,324	-4,320	-4,309	-4,292	-4,253	-4,195	-4,134	2,444	1,682	1,254	0,705	0,501	0,356	0,276	0,219	0,169	0,147	0,128	0,131	0,142	0,146	0,107	0,000	0,000
11,000	-10,887	-10,461	-10,300	-10,003	-9,892	-9,821	-9,783	-9,764	-9,728	-9,713	-9,683	-9,639	-9,591	-9,506	-9,409	0,657	0,618	0,554	0,427	0,345	0,259	0,230	0,201	0,182	0,173	0,177	0,186	0,197	0,196	0,147	0,000	0,000
12,000	-15,516	-15,630	-15,633	-15,619	-15,576	-15,558	-15,545	-15,543	-15,524	-15,534	-15,506	-15,475	-15,426	-15,323	-15,198	-0,461	-0,215	-0,132	0,009	0,030	0,035	0,047	0,060	0,065	0,074	0,119	0,154	0,193	0,217	0,177	0,000	0,000
13,000	-8,753	-8,761	-8,806	-8,821	-8,815	-8,800	-8,787	-8,772	-8,748	-8,713	-8,664	-8,596	-8,487	-8,328	-8,129	-0,149	-0,106	-0,078	-0,002	0,032	0,064	0,091	0,117	0,154	0,188	0,249	0,298	0,351	0,374	0,297	0,000	0,000
14,000	-11,713	-11,495	-11,618	-11,540	-11,548	-11,514	-11,492	-11,495	-11,477	-11,475	-11,461	-11,419	-11,331	-11,191	-10,996	0,062	-0,077	-0,006	0,063	0,063	0,053	0,074	0,078	0,095	0,122	0,167	0,218	0,289	0,328	0,270	0,000	0,000
15,000	-8,692	-8,795	-8,719	-8,721	-8,677	-8,673	-8,665	-8,657	-8,640	-8,639	-8,611	-8,586	-8,536	-8,465	-8,380	-0,152	0,029	0,008	0,042	0,046	0,058	0,059	0,066	0,073	0,090	0,108	0,128	0,154	0,168	0,134	0,000	0,000
	run	23	2022:11:08    10:58:52,982
0,000	-13,012	-13,072	-13,092	-13,167	-13,184	-13,189	-13,193	-13,202	-13,198	-13,211	-13,193	-13,164	-13,116	-13,020	-12,910	-0,127	-0,120	-0,106	-0,076	-0,057	-0,028	-0,015	0,002	0,028	0,052	0,086	0,133	0,175	0,198	0,161	0,000	0,000
1,000	-17,010	-16,976	-16,874	-16,667	-16,525	-16,411	-16,360	-16,313	-16,268	-16,237	-16,192	-16,152	-16,094	-15,997	-15,881	0,080	0,215	0,264	0,339	0,349	0,304	0,285	0,248	0,227	0,216	0,216	0,225	0,232	0,241	0,180	0,000	0,000
2,000	-10,344	-10,327	-10,288	-10,159	-10,047	-9,970	-9,919	-9,890	-9,839	-9,803	-9,741	-9,663	-9,565	-9,417	-9,236	0,068	0,122	0,167	0,253	0,261	0,241	0,245	0,240	0,244	0,253	0,285	0,321	0,346	0,356	0,275	0,000	0,000
3,000	-20,439	-20,405	-20,334	-20,011	-19,804	-19,671	-19,603	-19,546	-19,490	-19,481	-19,442	-19,405	-19,347	-19,238	-19,116	0,141	0,291	0,370	0,489	0,461	0,383	0,336	0,291	0,253	0,211	0,215	0,229	0,236	0,255	0,188	0,000	0,000
4,000	-10,763	-10,869	-10,766	-10,751	-10,717	-10,716	-10,712	-10,705	-10,706	-10,687	-10,653	-10,579	-10,437	-10,208	-9,914	-0,292	0,007	0,004	0,050	0,045	0,076	0,084	0,104	0,127	0,203	0,275	0,362	0,463	0,519	0,427	0,000	0,000
5,000	-12,262	-12,162	-12,325	-12,340	-12,356	-12,328	-12,307	-12,317	-12,279	-12,272	-12,208	-12,130	-11,980	-11,720	-11,369	0,075	-0,140	-0,100	0,003	0,033	0,050	0,092	0,118	0,177	0,227	0,312	0,426	0,535	0,594	0,489	0,000	0,000
6,000	-8,927	-8,936	-8,845	-8,699	-8,598	-8,542	-8,505	-8,475	-8,438	-8,418	-8,367	-8,309	-8,226	-8,089	-7,921	-0,109	0,102	0,150	0,231	0,222	0,197	0,201	0,189	0,198	0,200	0,240	0,276	0,304	0,318	0,247	0,000	0,000
7,000	-7,162	-7,081	-7,045	-6,956	-6,903	-6,876	-6,861	-6,854	-6,840	-6,839	-6,828	-6,818	-6,801	-6,786	-6,760	0,108	0,112	0,129	0,138	0,108	0,089	0,084	0,066	0,057	0,051	0,051	0,054	0,048	0,055	0,033	0,000	0,000
8,000	-15,223	-14,552	-14,234	-14,061	-13,982	-13,977	-13,982	-13,994	-14,013	-14,045	-14,069	-14,109	-14,136	-14,152	-14,172	2,737	1,718	1,199	0,569	0,364	0,206	0,127	0,057	0,010	-0,027	-0,039	-0,052	-0,056	-0,045	-0,028	0,000	0,000
9,000	-4,269	-3,725	-3,546	-3,318	-3,216	-3,144	-3,102	-3,078	-3,045	-3,023	-2,996	-2,972	-2,938	-2,885	-2,822	2,365	1,396	1,030	0,609	0,464	0,352	0,292	0,240	0,207	0,175	0,160	0,146	0,148	0,143	0,101	0,000	0,000
10,000	-5,950	-5,219	-4,886	-4,554	-4,430	-4,385	-4,358	-4,338	-4,324	-4,328	-4,313	-4,293	-4,261	-4,199	-4,137	2,420	1,668	1,243	0,696	0,496	0,345	0,272	0,216	0,167	0,146	0,131	0,128	0,138	0,138	0,103	0,000	0,000
11,000	-10,742	-10,328	-10,169	-9,876	-9,769	-9,699	-9,663	-9,645	-9,609	-9,596	-9,565	-9,526	-9,480	-9,394	-9,301	0,633	0,602	0,542	0,414	0,332	0,254	0,225	0,195	0,180	0,167	0,172	0,181	0,190	0,193	0,143	0,000	0,000
12,000	-15,228	-15,338	-15,343	-15,323	-15,280	-15,266	-15,257	-15,254	-15,235	-15,243	-15,222	-15,185	-15,138	-15,035	-14,915	-0,463	-0,217	-0,130	0,005	0,028	0,032	0,047	0,056	0,062	0,075	0,113	0,152	0,191	0,210	0,169	0,000	0,000
13,000	-8,609	-8,622	-8,696	-8,707	-8,693	-8,678	-8,665	-8,646	-8,625	-8,597	-8,552	-8,479	-8,375	-8,219	-8,022	-0,150	-0,110	-0,086	-0,010	0,022	0,060	0,086	0,117	0,146	0,188	0,245	0,291	0,342	0,362	0,291	0,000	0,000
14,000	-11,650	-11,439	-11,567	-11,486	-11,487	-11,456	-11,435	-11,432	-11,421	-11,414	-11,396	-11,351	-11,274	-11,129	-10,929	0,047	-0,082	-0,008	0,059	0,061	0,053	0,076	0,080	0,100	0,110	0,166	0,224	0,293	0,335	0,272	0,000	0,000
15,000	-8,845	-8,967	-8,877	-8,876	-8,837	-8,830	-8,820	-8,809	-8,786	-8,792	-8,765	-8,735	-8,683	-8,608	-8,521	-0,133	0,019	0,006	0,040	0,048	0,057	0,067	0,072	0,076	0,097	0,112	0,133	0,163	0,170	0,138	0,000	0,000
	run	24	2022:11:08    10:58:53,082
0,000	-13,131	-13,213	-13,225	-13,303	-13,318	-13,336	-13,341	-13,348	-13,350	-13,349	-13,339	-13,308	-13,259	-13,164	-13,044	-0,143	-0,122	-0,112	-0,081	-0,063	-0,036	-0,014	0,000	0,017	0,050	0,089	0,130	0,174	0,201	0,163	0,000	0,000
1,000	-17,238	-17,204	-17,099	-16,900	-16,755	-16,641	-16,585	-16,534	-16,495	-16,452	-16,414	-16,364	-16,306	-16,206	-16,082	0,079	0,220	0,266	0,348	0,358	0,316	0,295	0,252	0,238	0,223	0,225	0,234	0,248	0,249	0,193	0,000	0,000
2,000	-10,437	-10,425	-10,382	-10,233	-10,128	-10,054	-10,005	-9,966	-9,913	-9,879	-9,812	-9,738	-9,645	-9,485	-9,305	0,084	0,131	0,182	0,259	0,267	0,244	0,252	0,243	0,244	0,262	0,290	0,329	0,354	0,360	0,273	0,000	0,000
3,000	-20,668	-20,647	-20,574	-20,233	-20,019	-19,888	-19,817	-19,760	-19,705	-19,697	-19,655	-19,611	-19,560	-19,448	-19,314	0,146	0,309	0,381	0,506	0,473	0,385	0,344	0,292	0,257	0,224	0,218	0,232	0,245	0,260	0,192	0,000	0,000
4,000	-10,895	-11,021	-10,912	-10,902	-10,860	-10,880	-10,869	-10,856	-10,856	-10,844	-10,798	-10,721	-10,578	-10,344	-10,037	-0,288	0,006	-0,009	0,043	0,050	0,077	0,089	0,106	0,140	0,196	0,286	0,376	0,479	0,541	0,441	0,000	0,000
5,000	-12,174	-12,056	-12,216	-12,233	-12,237	-12,213	-12,194	-12,199	-12,168	-12,156	-12,108	-12,023	-11,871	-11,614	-11,272	0,076	-0,143	-0,077	0,002	0,031	0,045	0,086	0,115	0,165	0,222	0,321	0,419	0,527	0,590	0,480	0,000	0,000
6,000	-8,724	-8,744	-8,661	-8,535	-8,429	-8,373	-8,339	-8,306	-8,274	-8,251	-8,205	-8,151	-8,062	-7,934	-7,769	-0,104	0,091	0,155	0,226	0,219	0,198	0,193	0,189	0,195	0,195	0,236	0,266	0,295	0,313	0,237	0,000	0,000
7,000	-6,979	-6,901	-6,866	-6,790	-6,744	-6,720	-6,700	-6,696	-6,681	-6,688	-6,674	-6,663	-6,656	-6,636	-6,612	0,076	0,098	0,121	0,126	0,103	0,072	0,071	0,059	0,048	0,048	0,051	0,042	0,044	0,044	0,029	0,000	0,000
8,000	-15,193	-14,496	-14,199	-14,018	-13,947	-13,937	-13,944	-13,959	-13,977	-14,009	-14,035	-14,067	-14,093	-14,122	-14,138	2,723	1,705	1,207	0,570	0,371	0,199	0,124	0,057	0,004	-0,028	-0,044	-0,051	-0,057	-0,041	-0,026	0,000	0,000
9,000	-4,221	-3,692	-3,505	-3,274	-3,187	-3,116	-3,071	-3,043	-3,015	-2,996	-2,967	-2,942	-2,906	-2,857	-2,795	2,316	1,378	1,018	0,600	0,460	0,345	0,290	0,239	0,201	0,174	0,156	0,148	0,141	0,134	0,099	0,000	0,000
10,000	-5,815	-5,129	-4,812	-4,513	-4,399	-4,348	-4,329	-4,313	-4,293	-4,296	-4,275	-4,262	-4,227	-4,172	-4,108	2,385	1,612	1,196	0,667	0,469	0,331	0,263	0,209	0,162	0,140	0,127	0,128	0,138	0,138	0,105	0,000	0,000
11,000	-10,588	-10,175	-10,023	-9,750	-9,641	-9,572	-9,541	-9,517	-9,482	-9,469	-9,438	-9,401	-9,355	-9,274	-9,186	0,614	0,576	0,522	0,402	0,322	0,246	0,221	0,189	0,175	0,159	0,166	0,176	0,186	0,187	0,141	0,000	0,000
12,000	-15,028	-15,131	-15,141	-15,122	-15,069	-15,054	-15,045	-15,037	-15,024	-15,031	-15,006	-14,975	-14,932	-14,833	-14,712	-0,454	-0,209	-0,123	0,005	0,033	0,034	0,047	0,052	0,062	0,075	0,114	0,150	0,185	0,208	0,165	0,000	0,000
13,000	-8,628	-8,601	-8,678	-8,676	-8,681	-8,662	-8,644	-8,635	-8,607	-8,574	-8,525	-8,452	-8,354	-8,202	-8,000	-0,121	-0,105	-0,079	-0,002	0,032	0,056	0,092	0,114	0,151	0,189	0,244	0,288	0,350	0,362	0,291	0,000	0,000
14,000	-11,859	-11,693	-11,779	-11,721	-11,721	-11,688	-11,666	-11,659	-11,652	-11,639	-11,626	-11,577	-11,495	-11,352	-11,150	-0,017	-0,075	-0,026	0,054	0,058	0,064	0,074	0,074	0,100	0,129	0,174	0,223	0,299	0,349	0,280	0,000	0,000
15,000	-9,005	-9,092	-9,004	-9,011	-8,969	-8,957	-8,954	-8,944	-8,922	-8,925	-8,897	-8,868	-8,816	-8,739	-8,648	-0,143	0,030	-0,001	0,052	0,051	0,062	0,067	0,075	0,079	0,100	0,114	0,137	0,164	0,174	0,140	0,000	0,000
	run	25	2022:11:08    10:58:53,129
0,000	-13,263	-13,338	-13,348	-13,433	-13,448	-13,465	-13,471	-13,473	-13,471	-13,484	-13,464	-13,435	-13,385	-13,283	-13,163	-0,145	-0,121	-0,112	-0,085	-0,069	-0,037	-0,014	0,000	0,023	0,049	0,093	0,138	0,182	0,209	0,167	0,000	0,000
1,000	-17,169	-17,118	-17,019	-16,809	-16,663	-16,552	-16,494	-16,447	-16,405	-16,365	-16,325	-16,281	-16,220	-16,119	-15,997	0,083	0,216	0,263	0,355	0,349	0,311	0,290	0,251	0,239	0,220	0,228	0,230	0,241	0,248	0,194	0,000	0,000
2,000	-10,437	-10,425	-10,382	-10,233	-10,128	-10,054	-10,005	-9,966	-9,913	-9,879	-9,812	-9,738	-9,645	-9,485	-9,305	0,084	0,131	0,182	0,259	0,267	0,244	0,252	0,243	0,244	0,262	0,290	0,329	0,354	0,360	0,273	0,000	0,000
3,000	-20,668	-20,647	-20,574	-20,233	-20,019	-19,888	-19,817	-19,760	-19,705	-19,697	-19,655	-19,611	-19,560	-19,448	-19,314	0,146	0,309	0,381	0,506	0,473	0,385	0,344	0,292	0,257	0,224	0,218	0,232	0,245	0,260	0,192	0,000	0,000
4,000	-10,895	-11,021	-10,912	-10,902	-10,860	-10,880	-10,869	-10,856	-10,856	-10,844	-10,798	-10,721	-10,578	-10,344	-10,037	-0,288	0,006	-0,009	0,043	0,050	0,077	0,089	0,106	0,140	0,196	0,286	0,376	0,479	0,541	0,441	0,000	0,000
5,000	-12,174	-12,056	-12,216	-12,233	-12,237	-12,213	-12,194	-12,199	-12,168	-12,156	-12,108	-12,023	-11,871	-11,614	-11,272	0,076	-0,143	-0,077	0,002	0,031	0,045	0,086	0,115	0,165	0,222	0,321	0,419	0,527	0,590	0,480	0,000	0,000
6,000	-8,724	-8,744	-8,661	-8,535	-8,429	-8,373	-8,339	-8,306	-8,274	-8,251	-8,205	-8,151	-8,062	-7,934	-7,769	-0,104	0,091	0,155	0,226	0,219	0,198	0,193	0,189	0,195	0,195	0,236	0,266	0,295	0,313	0,237	0,000	0,000
7,000	-6,979	-6,901	-6,866	-6,790	-6,744	-6,720	-6,700	-6,696	-6,681	-6,688	-6,674	-6,663	-6,656	-6,636	-6,612	0,076	0,098	0,121	0,126	0,103	0,072	0,071	0,059	0,048	0,048	0,051	0,042	0,044	0,044	0,029	0,000	0,000
8,000	-14,813	-14,147	-13,840	-13,654	-13,578	-13,569	-13,576	-13,588	-13,611	-13,641	-13,663	-13,695	-13,725	-13,749	-13,764	2,721	1,710	1,204	0,571	0,364	0,204	0,125	0,061	0,012	-0,023	-0,038	-0,046	-0,058	-0,039	-0,022	0,000	0,000
9,000	-4,090	-3,592	-3,423	-3,220	-3,141	-3,062	-3,027	-2,997	-2,976	-2,950	-2,922	-2,901	-2,862	-2,816	-2,755	2,274	1,326	0,974	0,574	0,436	0,331	0,278	0,233	0,193	0,166	0,153	0,143	0,135	0,131	0,096	0,000	0,000
10,000	-5,717	-5,035	-4,737	-4,452	-4,343	-4,295	-4,278	-4,258	-4,243	-4,250	-4,234	-4,218	-4,186	-4,126	-4,068	2,345	1,582	1,168	0,647	0,450	0,318	0,252	0,199	0,158	0,126	0,122	0,121	0,133	0,137	0,100	0,000	0,000
11,000	-10,528	-10,106	-9,966	-9,692	-9,590	-9,526	-9,494	-9,474	-9,434	-9,424	-9,394	-9,357	-9,309	-9,231	-9,142	0,610	0,558	0,510	0,386	0,316	0,243	0,218	0,191	0,173	0,157	0,163	0,177	0,185	0,187	0,136	0,000	0,000
12,000	-14,979	-15,098	-15,098	-15,082	-15,035	-15,017	-15,012	-14,997	-14,983	-14,993	-14,970	-14,938	-14,897	-14,787	-14,675	-0,447	-0,211	-0,116	0,009	0,027	0,036	0,050	0,058	0,070	0,081	0,111	0,143	0,190	0,210	0,172	0,000	0,000
13,000	-8,678	-8,669	-8,729	-8,738	-8,736	-8,719	-8,708	-8,690	-8,665	-8,633	-8,585	-8,514	-8,413	-8,255	-8,055	-0,137	-0,102	-0,072	0,002	0,036	0,060	0,096	0,113	0,147	0,191	0,244	0,296	0,342	0,367	0,291	0,000	0,000
14,000	-11,976	-11,811	-11,920	-11,841	-11,845	-11,815	-11,783	-11,793	-11,780	-11,768	-11,737	-11,705	-11,616	-11,469	-11,270	-0,002	-0,074	-0,006	0,055	0,069	0,060	0,074	0,082	0,096	0,125	0,168	0,236	0,307	0,347	0,281	0,000	0,000
15,000	-9,022	-9,123	-9,038	-9,042	-8,995	-8,990	-8,983	-8,968	-8,946	-8,946	-8,922	-8,892	-8,843	-8,766	-8,673	-0,125	0,028	0,006	0,053	0,054	0,064	0,068	0,072	0,080	0,094	0,115	0,135	0,165	0,174	0,141	0,000	0,000
	run	26	2022:11:08    10:58:53,231
0,000	-13,114	-13,183	-13,194	-13,260	-13,285	-13,302	-13,305	-13,307	-13,306	-13,314	-13,301	-13,270	-13,225	-13,120	-13,002	-0,123	-0,127	-0,119	-0,078	-0,058	-0,032	-0,011	0,002	0,024	0,047	0,089	0,134	0,178	0,203	0,165	0,000	0,000
1,000	-17,062	-17,020	-16,913	-16,706	-16,570	-16,460	-16,404	-16,360	-16,311	-16,281	-16,233	-16,193	-16,128	-16,029	-15,905	0,060	0,214	0,262	0,349	0,346	0,312	0,289	0,252	0,230	0,222	0,228	0,235	0,244	0,247	0,192	0,000	0,000
2,000	-10,396	-10,363	-10,339	-10,196	-10,090	-10,012	-9,967	-9,931	-9,876	-9,842	-9,782	-9,703	-9,606	-9,445	-9,263	0,072	0,132	0,167	0,267	0,264	0,244	0,249	0,243	0,248	0,261	0,296	0,327	0,357	0,363	0,274	0,000	0,000
3,000	-20,731	-20,685	-20,612	-20,270	-20,052	-19,922	-19,852	-19,795	-19,739	-19,728	-19,692	-19,650	-19,595	-19,483	-19,359	0,176	0,316	0,392	0,505	0,475	0,384	0,334	0,296	0,255	0,225	0,228	0,234	0,244	0,260	0,197	0,000	0,000
4,000	-10,992	-11,098	-11,008	-11,000	-10,964	-10,979	-10,963	-10,963	-10,948	-10,941	-10,895	-10,815	-10,674	-10,438	-10,123	-0,278	0,001	-0,023	0,041	0,047	0,076	0,088	0,107	0,140	0,198	0,290	0,379	0,487	0,542	0,445	0,000	0,000
5,000	-12,361	-12,266	-12,431	-12,443	-12,448	-12,427	-12,403	-12,404	-12,379	-12,368	-12,323	-12,221	-12,074	-11,808	-11,470	0,062	-0,134	-0,092	-0,002	0,033	0,054	0,090	0,119	0,163	0,227	0,318	0,418	0,531	0,596	0,490	0,000	0,000
6,000	-8,759	-8,775	-8,684	-8,537	-8,431	-8,374	-8,342	-8,317	-8,283	-8,253	-8,209	-8,155	-8,072	-7,945	-7,790	-0,124	0,098	0,159	0,225	0,228	0,191	0,194	0,187	0,193	0,200	0,232	0,258	0,289	0,303	0,232	0,000	0,000
7,000	-6,862	-6,781	-6,763	-6,697	-6,655	-6,630	-6,617	-6,613	-6,596	-6,598	-6,584	-6,577	-6,577	-6,554	-6,534	0,067	0,064	0,083	0,111	0,085	0,071	0,066	0,060	0,050	0,041	0,041	0,040	0,040	0,045	0,033	0,000	0,000
8,000	-14,499	-13,816	-13,510	-13,315	-13,245	-13,236	-13,246	-13,254	-13,277	-13,305	-13,331	-13,360	-13,383	-13,398	-13,417	2,737	1,730	1,215	0,577	0,365	0,202	0,131	0,063	0,012	-0,013	-0,034	-0,043	-0,046	-0,034	-0,020	0,000	0,000
9,000	-4,013	-3,525	-3,367	-3,187	-3,107	-3,042	-3,003	-2,974	-2,950	-2,923	-2,905	-2,881	-2,847	-2,796	-2,740	2,254	1,296	0,951	0,536	0,412	0,316	0,263	0,222	0,185	0,161	0,146	0,138	0,133	0,126	0,096	0,000	0,000
10,000	-5,723	-5,030	-4,729	-4,448	-4,338	-4,294	-4,268	-4,253	-4,238	-4,237	-4,227	-4,205	-4,177	-4,119	-4,059	2,371	1,590	1,167	0,643	0,451	0,320	0,252	0,197	0,157	0,135	0,122	0,123	0,134	0,134	0,100	0,000	0,000
11,000	-10,599	-10,173	-10,033	-9,765	-9,660	-9,596	-9,561	-9,537	-9,505	-9,492	-9,458	-9,426	-9,376	-9,297	-9,213	0,604	0,571	0,516	0,386	0,314	0,245	0,213	0,190	0,171	0,158	0,163	0,171	0,184	0,185	0,136	0,000	0,000
12,000	-15,114	-15,224	-15,222	-15,205	-15,161	-15,147	-15,133	-15,124	-15,111	-15,116	-15,092	-15,061	-15,019	-14,909	-14,798	-0,451	-0,213	-0,124	0,008	0,037	0,033	0,050	0,055	0,071	0,083	0,114	0,150	0,188	0,209	0,169	0,000	0,000
13,000	-8,702	-8,683	-8,751	-8,761	-8,755	-8,745	-8,732	-8,718	-8,689	-8,657	-8,613	-8,549	-8,434	-8,291	-8,083	-0,136	-0,106	-0,082	0,003	0,030	0,062	0,092	0,115	0,149	0,189	0,240	0,295	0,343	0,366	0,293	0,000	0,000
14,000	-11,935	-11,788	-11,889	-11,831	-11,820	-11,783	-11,765	-11,764	-11,746	-11,736	-11,717	-11,677	-11,606	-11,457	-11,247	0,001	-0,097	-0,009	0,057	0,066	0,062	0,075	0,082	0,097	0,115	0,163	0,227	0,306	0,338	0,284	0,000	0,000
15,000	-8,951	-9,042	-8,963	-8,962	-8,919	-8,912	-8,909	-8,895	-8,883	-8,877	-8,852	-8,822	-8,774	-8,690	-8,603	-0,136	0,030	0,010	0,045	0,050	0,059	0,064	0,070	0,073	0,096	0,115	0,138	0,165	0,175	0,144	0,000	0,000
	run	27	2022:11:08    10:58:53,282
0,000	-13,114	-13,183	-13,194	-13,260	-13,285	-13,302	-13,305	-13,307	-13,306	-13,314	-13,301	-13,270	-13,225	-13,120	-13,002	-0,123	-0,127	-0,119	-0,078	-0,058	-0,032	-0,011	0,002	0,024	0,047	0,089	0,134	0,178	0,203	0,165	0,000	0,000
1,000	-17,062	-17,020	-16,913	-16,706	-16,570	-16,460	-16,404	-16,360	-16,311	-16,281	-16,233	-16,193	-16,128	-16,029	-15,905	0,060	0,214	0,262	0,349	0,346	0,312	0,289	0,252	0,230	0,222	0,228	0,235	0,244	0,247	0,192	0,000	0,000
2,000	-10,396	-10,363	-10,339	-10,196	-10,090	-10,012	-9,967	-9,931	-9,876	-9,842	-9,782	-9,703	-9,606	-9,445	-9,263	0,072	0,132	0,167	0,267	0,264	0,244	0,249	0,243	0,248	0,261	0,296	0,327	0,357	0,363	0,274	0,000	0,000
3,000	-20,731	-20,685	-20,612	-20,270	-20,052	-19,922	-19,852	-19,795	-19,739	-19,728	-19,692	-19,650	-19,595	-19,483	-19,359	0,176	0,316	0,392	0,505	0,475	0,384	0,334	0,296	0,255	0,225	0,228	0,234	0,244	0,260	0,197	0,000	0,000
4,000	-10,992	-11,098	-11,008	-11,000	-10,964	-10,979	-10,963	-10,963	-10,948	-10,941	-10,895	-10,815	-10,674	-10,438	-10,123	-0,278	0,001	-0,023	0,041	0,047	0,076	0,088	0,107	0,140	0,198	0,290	0,379	0,487	0,542	0,445	0,000	0,000
5,000	-12,361	-12,266	-12,431	-12,443	-12,448	-12,427	-12,403	-12,404	-12,379	-12,368	-12,323	-12,221	-12,074	-11,808	-11,470	0,062	-0,134	-0,092	-0,002	0,033	0,054	0,090	0,119	0,163	0,227	0,318	0,418	0,531	0,596	0,490	0,000	0,000
6,000	-8,807	-8,805	-8,700	-8,567	-8,460	-8,401	-8,369	-8,339	-8,307	-8,287	-8,231	-8,179	-8,100	-7,963	-7,807	-0,104	0,108	0,162	0,231	0,223	0,196	0,195	0,192	0,194	0,202	0,229	0,266	0,291	0,308	0,237	0,000	0,000
7,000	-6,854	-6,761	-6,756	-6,691	-6,643	-6,617	-6,603	-6,600	-6,580	-6,581	-6,571	-6,569	-6,564	-6,544	-6,524	0,063	0,076	0,079	0,107	0,094	0,068	0,059	0,053	0,051	0,041	0,040	0,037	0,040	0,035	0,025	0,000	0,000
8,000	-14,456	-13,762	-13,464	-13,274	-13,200	-13,183	-13,194	-13,212	-13,234	-13,259	-13,283	-13,309	-13,337	-13,357	-13,362	2,737	1,708	1,210	0,574	0,360	0,206	0,129	0,065	0,018	-0,018	-0,027	-0,048	-0,042	-0,033	-0,016	0,000	0,000
9,000	-4,029	-3,539	-3,377	-3,203	-3,124	-3,058	-3,018	-2,994	-2,969	-2,947	-2,922	-2,896	-2,866	-2,818	-2,759	2,239	1,293	0,937	0,540	0,415	0,313	0,262	0,220	0,187	0,162	0,143	0,137	0,134	0,127	0,095	0,000	0,000
10,000	-5,721	-5,023	-4,721	-4,425	-4,308	-4,264	-4,240	-4,216	-4,200	-4,203	-4,191	-4,170	-4,138	-4,078	-4,021	2,381	1,610	1,187	0,661	0,464	0,331	0,258	0,207	0,161	0,134	0,128	0,125	0,139	0,136	0,102	0,000	0,000
11,000	-10,647	-10,223	-10,071	-9,793	-9,690	-9,621	-9,586	-9,568	-9,533	-9,519	-9,483	-9,450	-9,399	-9,321	-9,230	0,634	0,590	0,541	0,399	0,327	0,247	0,218	0,193	0,177	0,166	0,174	0,186	0,189	0,186	0,144	0,000	0,000
12,000	-15,262	-15,380	-15,374	-15,371	-15,322	-15,302	-15,293	-15,282	-15,270	-15,274	-15,259	-15,222	-15,173	-15,072	-14,955	-0,466	-0,216	-0,126	0,003	0,030	0,036	0,049	0,060	0,066	0,081	0,117	0,154	0,190	0,215	0,173	0,000	0,000
13,000	-8,772	-8,779	-8,823	-8,838	-8,834	-8,816	-8,800	-8,789	-8,758	-8,729	-8,677	-8,609	-8,504	-8,341	-8,138	-0,141	-0,103	-0,067	0,003	0,036	0,063	0,092	0,117	0,152	0,196	0,248	0,303	0,347	0,374	0,295	0,000	0,000
14,000	-11,855	-11,683	-11,815	-11,727	-11,728	-11,696	-11,672	-11,677	-11,667	-11,648	-11,626	-11,577	-11,518	-11,359	-11,162	0,035	-0,084	0,003	0,055	0,067	0,062	0,073	0,078	0,100	0,119	0,172	0,223	0,292	0,344	0,285	0,000	0,000
15,000	-8,857	-8,949	-8,877	-8,874	-8,830	-8,832	-8,820	-8,811	-8,789	-8,787	-8,761	-8,735	-8,687	-8,611	-8,517	-0,132	0,028	0,004	0,048	0,050	0,059	0,061	0,071	0,074	0,094	0,113	0,133	0,161	0,171	0,135	0,000	0,000
