Device: PM2003001		2022:11:08    11:39:32,998  (DLL version: 1.20;  Status: HW:v1.02 SW:v1.3 CRC:31ED BATTERY:4154mV ST:0 ERR:0000;  MUX data; S: 92 I:143 R:200.000 C:1.094p F:)
Excitation level, V:	2,00
Voltage Channel Gain:	5
Current Channel Gain:	1
Voltmeter Range, V:	0,6
Ampermeter Range, A:	15,0m
Step Period, ms:	5
R transimp:	200
C transimp:	1,1p
Measurement Table: 	EEPROM  16

Freq, Hz	1,0k	2,0k	3,0k	7,0k	11,0k	17,0k	23,0k	31,0k	43,0k	61,0k	89,0k	127,0k	179,0k	251,0k	349,0k	1,0k	2,0k	3,0k	7,0k	11,0k	17,0k	23,0k	31,0k	43,0k	61,0k	89,0k	127,0k	179,0k	251,0k	349,0k
	run	1	2022:11:08    11:39:33,000
MUX	Re1, ohm	Re2, ohm	Re3, ohm	Re4, ohm	Re5, ohm	Re6, ohm	Re7, ohm	Re8, ohm	Re9, ohm	Re10, ohm	Re11, ohm	Re12, ohm	Re13, ohm	Re14, ohm	Re15, ohm	Im1, ohm	Im2, ohm	Im3, ohm	Im4, ohm	Im5, ohm	Im6, ohm	Im7, ohm	Im8, ohm	Im9, ohm	Im10, ohm	Im11, ohm	Im12, ohm	Im13, ohm	Im14, ohm	Im15, ohm	U, V	I, mA

0,000	-13,449	-13,524	-13,583	-13,666	-13,702	-13,726	-13,737	-13,742	-13,745	-13,757	-13,752	-13,724	-13,681	-13,596	-13,493	-0,255	-0,211	-0,186	-0,131	-0,102	-0,075	-0,047	-0,026	-0,003	0,020	0,061	0,105	0,145	0,175	0,143	0,000	0,000
1,000	-16,756	-16,766	-16,682	-16,467	-16,289	-16,159	-16,093	-16,031	-15,968	-15,926	-15,869	-15,823	-15,761	-15,666	-15,560	-0,024	0,176	0,249	0,374	0,392	0,356	0,335	0,297	0,277	0,255	0,249	0,246	0,244	0,240	0,175	0,000	0,000
2,000	-10,344	-10,337	-10,304	-10,173	-10,066	-9,987	-9,944	-9,904	-9,847	-9,813	-9,747	-9,672	-9,578	-9,427	-9,263	0,055	0,109	0,162	0,248	0,252	0,239	0,246	0,246	0,255	0,264	0,291	0,315	0,333	0,344	0,254	0,000	0,000
3,000	-20,431	-20,425	-20,352	-20,042	-19,818	-19,682	-19,610	-19,549	-19,499	-19,485	-19,452	-19,415	-19,361	-19,260	-19,144	0,053	0,251	0,331	0,478	0,466	0,386	0,334	0,288	0,250	0,214	0,206	0,218	0,229	0,234	0,180	0,000	0,000
4,000	-10,965	-11,030	-10,928	-10,933	-10,908	-10,902	-10,904	-10,909	-10,899	-10,886	-10,847	-10,781	-10,660	-10,463	-10,194	-0,251	-0,032	-0,035	0,035	0,043	0,054	0,071	0,080	0,121	0,176	0,252	0,333	0,410	0,457	0,376	0,000	0,000
5,000	-12,389	-12,363	-12,477	-12,515	-12,496	-12,485	-12,473	-12,461	-12,438	-12,445	-12,397	-12,322	-12,205	-11,983	-11,708	-0,076	-0,152	-0,125	-0,013	0,026	0,038	0,075	0,100	0,138	0,172	0,252	0,341	0,428	0,485	0,394	0,000	0,000
6,000	-8,440	-8,348	-8,227	-8,071	-7,956	-7,899	-7,859	-7,833	-7,793	-7,766	-7,720	-7,659	-7,571	-7,434	-7,271	0,183	0,260	0,272	0,287	0,264	0,228	0,223	0,207	0,218	0,222	0,246	0,282	0,311	0,325	0,254	0,000	0,000
7,000	-7,101	-7,037	-7,017	-6,928	-6,879	-6,842	-6,824	-6,812	-6,792	-6,790	-6,777	-6,757	-6,724	-6,677	-6,628	0,051	0,067	0,095	0,133	0,120	0,097	0,093	0,084	0,083	0,077	0,078	0,096	0,102	0,103	0,078	0,000	0,000
8,000	-20,116	-20,396	-20,398	-20,573	-20,566	-20,623	-20,660	-20,686	-20,707	-20,756	-20,764	-20,777	-20,780	-20,732	-20,678	-0,511	-0,307	-0,294	-0,210	-0,168	-0,156	-0,141	-0,132	-0,110	-0,093	-0,044	-0,004	0,026	0,069	0,062	0,000	0,000
9,000	-9,819	-9,777	-9,712	-9,483	-9,336	-9,224	-9,154	-9,107	-9,057	-9,022	-8,967	-8,911	-8,826	-8,702	-8,557	0,063	0,189	0,262	0,368	0,365	0,324	0,308	0,278	0,267	0,255	0,266	0,283	0,296	0,300	0,229	0,000	0,000
10,000	-9,775	-9,798	-9,675	-9,527	-9,442	-9,410	-9,385	-9,373	-9,352	-9,345	-9,318	-9,283	-9,217	-9,128	-9,007	-0,090	0,138	0,157	0,197	0,171	0,143	0,138	0,131	0,123	0,135	0,155	0,175	0,206	0,218	0,172	0,000	0,000
11,000	-9,819	-9,726	-9,692	-9,546	-9,465	-9,410	-9,378	-9,360	-9,329	-9,305	-9,268	-9,227	-9,160	-9,057	-8,935	0,074	0,137	0,162	0,210	0,198	0,175	0,164	0,154	0,161	0,165	0,191	0,215	0,236	0,245	0,187	0,000	0,000
12,000	-15,121	-15,094	-15,085	-15,028	-14,988	-14,966	-14,963	-14,956	-14,947	-14,965	-14,935	-14,908	-14,862	-14,752	-14,628	-0,047	0,015	0,041	0,080	0,073	0,054	0,057	0,059	0,069	0,082	0,122	0,156	0,195	0,223	0,182	0,000	0,000
13,000	-8,439	-8,399	-8,446	-8,434	-8,428	-8,405	-8,391	-8,371	-8,342	-8,310	-8,252	-8,196	-8,092	-7,956	-7,763	-0,020	-0,026	-0,017	0,039	0,060	0,084	0,113	0,130	0,159	0,192	0,233	0,282	0,326	0,348	0,274	0,000	0,000
14,000	-11,876	-11,683	-11,772	-11,676	-11,672	-11,635	-11,620	-11,614	-11,608	-11,603	-11,586	-11,549	-11,470	-11,343	-11,160	0,149	0,021	0,059	0,086	0,082	0,073	0,085	0,068	0,093	0,115	0,148	0,204	0,265	0,311	0,258	0,000	0,000
15,000	-9,202	-9,294	-9,226	-9,222	-9,178	-9,186	-9,169	-9,156	-9,141	-9,131	-9,110	-9,081	-9,038	-8,968	-8,889	-0,189	0,005	-0,002	0,051	0,050	0,054	0,064	0,077	0,077	0,092	0,109	0,123	0,147	0,157	0,119	0,000	0,000
	run	2	2022:11:08    11:39:33,101
0,000	-13,608	-13,699	-13,747	-13,853	-13,887	-13,910	-13,921	-13,932	-13,933	-13,944	-13,938	-13,913	-13,865	-13,774	-13,673	-0,258	-0,227	-0,201	-0,143	-0,110	-0,084	-0,051	-0,032	-0,004	0,026	0,062	0,112	0,153	0,178	0,147	0,000	0,000
1,000	-17,195	-17,189	-17,086	-16,836	-16,640	-16,515	-16,448	-16,385	-16,321	-16,283	-16,224	-16,170	-16,098	-16,005	-15,892	0,020	0,215	0,286	0,414	0,419	0,379	0,347	0,315	0,290	0,271	0,262	0,259	0,253	0,251	0,182	0,000	0,000
2,000	-10,677	-10,669	-10,627	-10,476	-10,366	-10,290	-10,243	-10,204	-10,149	-10,116	-10,044	-9,961	-9,865	-9,700	-9,526	0,069	0,128	0,188	0,263	0,271	0,246	0,255	0,250	0,261	0,274	0,304	0,333	0,361	0,361	0,270	0,000	0,000
3,000	-21,245	-21,188	-21,074	-20,710	-20,485	-20,340	-20,268	-20,206	-20,152	-20,146	-20,111	-20,074	-20,023	-19,920	-19,790	0,110	0,327	0,420	0,540	0,497	0,404	0,349	0,305	0,262	0,220	0,209	0,228	0,233	0,246	0,184	0,000	0,000
4,000	-11,272	-11,371	-11,287	-11,303	-11,271	-11,275	-11,280	-11,279	-11,272	-11,250	-11,207	-11,139	-11,005	-10,797	-10,509	-0,266	-0,052	-0,042	0,017	0,032	0,050	0,074	0,084	0,129	0,190	0,275	0,355	0,444	0,498	0,408	0,000	0,000
5,000	-12,711	-12,693	-12,807	-12,832	-12,811	-12,791	-12,779	-12,776	-12,748	-12,749	-12,706	-12,626	-12,503	-12,266	-11,977	-0,066	-0,141	-0,099	0,003	0,031	0,042	0,076	0,105	0,144	0,183	0,277	0,363	0,453	0,511	0,417	0,000	0,000
6,000	-8,637	-8,539	-8,409	-8,240	-8,134	-8,069	-8,037	-8,008	-7,966	-7,944	-7,886	-7,830	-7,748	-7,604	-7,444	0,205	0,285	0,291	0,298	0,269	0,228	0,225	0,210	0,215	0,225	0,249	0,283	0,309	0,323	0,247	0,000	0,000
7,000	-7,152	-7,106	-7,083	-6,999	-6,947	-6,906	-6,888	-6,877	-6,856	-6,856	-6,845	-6,818	-6,800	-6,759	-6,708	0,036	0,056	0,092	0,130	0,116	0,095	0,092	0,086	0,080	0,074	0,078	0,084	0,091	0,098	0,067	0,000	0,000
8,000	-19,706	-19,998	-19,976	-20,126	-20,130	-20,186	-20,220	-20,245	-20,271	-20,313	-20,324	-20,345	-20,340	-20,299	-20,239	-0,527	-0,295	-0,281	-0,189	-0,162	-0,154	-0,131	-0,132	-0,109	-0,084	-0,044	-0,007	0,028	0,072	0,066	0,000	0,000
9,000	-9,532	-9,485	-9,431	-9,241	-9,105	-8,998	-8,936	-8,887	-8,829	-8,794	-8,746	-8,688	-8,604	-8,491	-8,347	0,032	0,149	0,215	0,330	0,342	0,309	0,294	0,267	0,255	0,245	0,256	0,277	0,289	0,287	0,220	0,000	0,000
10,000	-9,302	-9,350	-9,247	-9,172	-9,100	-9,073	-9,050	-9,042	-9,014	-9,010	-8,984	-8,950	-8,897	-8,803	-8,694	-0,123	0,074	0,092	0,134	0,127	0,119	0,114	0,113	0,107	0,123	0,140	0,162	0,196	0,208	0,164	0,000	0,000
11,000	-9,493	-9,423	-9,395	-9,278	-9,203	-9,155	-9,124	-9,106	-9,073	-9,053	-9,022	-8,974	-8,910	-8,811	-8,694	0,047	0,099	0,136	0,181	0,178	0,164	0,159	0,152	0,153	0,158	0,175	0,202	0,223	0,230	0,174	0,000	0,000
12,000	-14,712	-14,686	-14,673	-14,620	-14,577	-14,562	-14,556	-14,557	-14,542	-14,554	-14,532	-14,501	-14,454	-14,348	-14,225	-0,024	0,024	0,051	0,080	0,074	0,050	0,056	0,060	0,068	0,078	0,114	0,157	0,191	0,222	0,180	0,000	0,000
13,000	-8,374	-8,342	-8,381	-8,380	-8,368	-8,342	-8,327	-8,314	-8,284	-8,249	-8,202	-8,145	-8,044	-7,905	-7,727	-0,039	-0,038	-0,021	0,037	0,056	0,080	0,111	0,124	0,149	0,186	0,228	0,272	0,312	0,334	0,264	0,000	0,000
14,000	-11,747	-11,557	-11,646	-11,554	-11,544	-11,518	-11,489	-11,491	-11,481	-11,488	-11,464	-11,432	-11,362	-11,228	-11,041	0,121	0,012	0,056	0,084	0,088	0,070	0,078	0,076	0,090	0,111	0,153	0,210	0,266	0,304	0,255	0,000	0,000
15,000	-9,184	-9,282	-9,211	-9,208	-9,171	-9,168	-9,159	-9,144	-9,124	-9,116	-9,098	-9,065	-9,018	-8,948	-8,864	-0,199	-0,002	0,000	0,053	0,048	0,053	0,059	0,075	0,081	0,091	0,114	0,130	0,151	0,159	0,129	0,000	0,000
	run	3	2022:11:08    11:39:33,150
0,000	-13,536	-13,636	-13,676	-13,783	-13,813	-13,834	-13,846	-13,862	-13,858	-13,871	-13,865	-13,839	-13,793	-13,700	-13,591	-0,238	-0,226	-0,193	-0,139	-0,111	-0,078	-0,049	-0,033	-0,005	0,025	0,069	0,117	0,159	0,184	0,147	0,000	0,000
1,000	-17,231	-17,233	-17,126	-16,889	-16,695	-16,556	-16,488	-16,421	-16,360	-16,318	-16,257	-16,204	-16,136	-16,034	-15,921	-0,011	0,197	0,276	0,421	0,424	0,382	0,355	0,319	0,297	0,274	0,265	0,264	0,257	0,252	0,191	0,000	0,000
2,000	-10,677	-10,669	-10,627	-10,476	-10,366	-10,290	-10,243	-10,204	-10,149	-10,116	-10,044	-9,961	-9,865	-9,700	-9,526	0,069	0,128	0,188	0,263	0,271	0,246	0,255	0,250	0,261	0,274	0,304	0,333	0,361	0,361	0,270	0,000	0,000
3,000	-21,245	-21,188	-21,074	-20,710	-20,485	-20,340	-20,268	-20,206	-20,152	-20,146	-20,111	-20,074	-20,023	-19,920	-19,790	0,110	0,327	0,420	0,540	0,497	0,404	0,349	0,305	0,262	0,220	0,209	0,228	0,233	0,246	0,184	0,000	0,000
4,000	-11,272	-11,371	-11,287	-11,303	-11,271	-11,275	-11,280	-11,279	-11,272	-11,250	-11,207	-11,139	-11,005	-10,797	-10,509	-0,266	-0,052	-0,042	0,017	0,032	0,050	0,074	0,084	0,129	0,190	0,275	0,355	0,444	0,498	0,408	0,000	0,000
5,000	-12,711	-12,693	-12,807	-12,832	-12,811	-12,791	-12,779	-12,776	-12,748	-12,749	-12,706	-12,626	-12,503	-12,266	-11,977	-0,066	-0,141	-0,099	0,003	0,031	0,042	0,076	0,105	0,144	0,183	0,277	0,363	0,453	0,511	0,417	0,000	0,000
6,000	-8,637	-8,539	-8,409	-8,240	-8,134	-8,069	-8,037	-8,008	-7,966	-7,944	-7,886	-7,830	-7,748	-7,604	-7,444	0,205	0,285	0,291	0,298	0,269	0,228	0,225	0,210	0,215	0,225	0,249	0,283	0,309	0,323	0,247	0,000	0,000
7,000	-7,152	-7,106	-7,083	-6,999	-6,947	-6,906	-6,888	-6,877	-6,856	-6,856	-6,845	-6,818	-6,800	-6,759	-6,708	0,036	0,056	0,092	0,130	0,116	0,095	0,092	0,086	0,080	0,074	0,078	0,084	0,091	0,098	0,067	0,000	0,000
8,000	-19,664	-19,936	-19,910	-20,065	-20,048	-20,104	-20,138	-20,159	-20,185	-20,231	-20,239	-20,256	-20,258	-20,219	-20,164	-0,508	-0,291	-0,277	-0,191	-0,146	-0,147	-0,136	-0,124	-0,103	-0,090	-0,047	-0,010	0,020	0,064	0,063	0,000	0,000
9,000	-9,266	-9,256	-9,192	-9,017	-8,885	-8,774	-8,715	-8,668	-8,614	-8,578	-8,528	-8,477	-8,394	-8,275	-8,140	0,009	0,119	0,211	0,315	0,321	0,300	0,286	0,267	0,251	0,241	0,254	0,266	0,272	0,281	0,214	0,000	0,000
10,000	-9,112	-9,173	-9,089	-9,019	-8,959	-8,936	-8,919	-8,904	-8,884	-8,881	-8,857	-8,832	-8,770	-8,682	-8,579	-0,135	0,054	0,062	0,112	0,101	0,101	0,100	0,098	0,099	0,105	0,130	0,155	0,187	0,203	0,158	0,000	0,000
11,000	-9,378	-9,309	-9,283	-9,182	-9,110	-9,060	-9,036	-9,010	-8,983	-8,959	-8,927	-8,888	-8,819	-8,725	-8,614	0,040	0,081	0,112	0,162	0,170	0,149	0,154	0,146	0,149	0,156	0,178	0,196	0,217	0,230	0,169	0,000	0,000
12,000	-14,645	-14,617	-14,601	-14,542	-14,498	-14,480	-14,482	-14,476	-14,463	-14,478	-14,466	-14,424	-14,378	-14,271	-14,156	-0,017	0,035	0,052	0,080	0,076	0,050	0,058	0,053	0,070	0,074	0,109	0,150	0,193	0,217	0,174	0,000	0,000
13,000	-8,255	-8,258	-8,278	-8,286	-8,272	-8,260	-8,238	-8,219	-8,191	-8,161	-8,112	-8,052	-7,959	-7,821	-7,646	-0,061	-0,045	-0,033	0,024	0,052	0,081	0,102	0,121	0,150	0,184	0,218	0,260	0,306	0,324	0,258	0,000	0,000
14,000	-11,601	-11,387	-11,496	-11,404	-11,399	-11,365	-11,349	-11,353	-11,340	-11,339	-11,331	-11,283	-11,207	-11,077	-10,893	0,165	0,011	0,044	0,085	0,077	0,066	0,075	0,077	0,094	0,105	0,157	0,208	0,263	0,298	0,256	0,000	0,000
15,000	-9,118	-9,207	-9,141	-9,129	-9,085	-9,085	-9,073	-9,051	-9,038	-9,028	-9,003	-8,974	-8,930	-8,863	-8,783	-0,199	0,009	-0,005	0,047	0,055	0,061	0,067	0,081	0,074	0,091	0,110	0,130	0,147	0,153	0,122	0,000	0,000
	run	4	2022:11:08    11:39:33,249
0,000	-13,469	-13,568	-13,624	-13,715	-13,748	-13,769	-13,783	-13,789	-13,793	-13,803	-13,795	-13,770	-13,725	-13,631	-13,530	-0,256	-0,221	-0,193	-0,139	-0,106	-0,075	-0,043	-0,028	-0,003	0,027	0,068	0,115	0,155	0,183	0,146	0,000	0,000
1,000	-16,983	-16,983	-16,881	-16,652	-16,462	-16,326	-16,263	-16,200	-16,133	-16,096	-16,029	-15,983	-15,922	-15,812	-15,702	-0,021	0,195	0,273	0,404	0,414	0,379	0,346	0,318	0,288	0,266	0,261	0,258	0,256	0,251	0,188	0,000	0,000
2,000	-10,693	-10,681	-10,634	-10,478	-10,366	-10,297	-10,245	-10,206	-10,155	-10,122	-10,045	-9,969	-9,860	-9,700	-9,518	0,077	0,142	0,196	0,268	0,268	0,247	0,254	0,256	0,264	0,272	0,311	0,338	0,362	0,373	0,275	0,000	0,000
3,000	-21,571	-21,500	-21,368	-21,002	-20,771	-20,632	-20,562	-20,497	-20,456	-20,440	-20,403	-20,371	-20,319	-20,207	-20,082	0,159	0,369	0,443	0,541	0,501	0,404	0,351	0,298	0,258	0,217	0,205	0,225	0,242	0,249	0,189	0,000	0,000
4,000	-11,560	-11,652	-11,576	-11,603	-11,586	-11,581	-11,587	-11,581	-11,575	-11,551	-11,510	-11,436	-11,303	-11,081	-10,792	-0,281	-0,074	-0,060	0,007	0,034	0,047	0,074	0,091	0,131	0,193	0,274	0,365	0,458	0,509	0,418	0,000	0,000
5,000	-12,716	-12,692	-12,790	-12,811	-12,789	-12,771	-12,767	-12,768	-12,737	-12,736	-12,698	-12,622	-12,500	-12,270	-11,984	-0,050	-0,127	-0,098	0,007	0,034	0,039	0,073	0,105	0,136	0,179	0,267	0,353	0,445	0,497	0,403	0,000	0,000
6,000	-8,549	-8,448	-8,327	-8,153	-8,044	-7,981	-7,944	-7,916	-7,880	-7,850	-7,801	-7,737	-7,654	-7,514	-7,348	0,184	0,281	0,292	0,292	0,268	0,235	0,222	0,206	0,215	0,225	0,249	0,281	0,310	0,321	0,247	0,000	0,000
7,000	-7,027	-6,946	-6,939	-6,854	-6,816	-6,773	-6,752	-6,747	-6,725	-6,721	-6,705	-6,688	-6,670	-6,625	-6,577	0,029	0,046	0,080	0,131	0,117	0,094	0,089	0,079	0,078	0,077	0,070	0,087	0,088	0,095	0,068	0,000	0,000
8,000	-19,675	-19,941	-19,924	-20,087	-20,080	-20,139	-20,167	-20,192	-20,218	-20,264	-20,268	-20,288	-20,290	-20,247	-20,191	-0,502	-0,292	-0,274	-0,193	-0,151	-0,146	-0,134	-0,127	-0,113	-0,090	-0,045	-0,014	0,017	0,065	0,063	0,000	0,000
9,000	-9,547	-9,498	-9,422	-9,222	-9,086	-8,975	-8,910	-8,861	-8,809	-8,774	-8,719	-8,664	-8,588	-8,471	-8,326	0,044	0,157	0,229	0,344	0,346	0,318	0,298	0,271	0,257	0,250	0,256	0,276	0,284	0,289	0,220	0,000	0,000
10,000	-9,499	-9,535	-9,437	-9,338	-9,263	-9,235	-9,215	-9,201	-9,179	-9,173	-9,146	-9,112	-9,055	-8,962	-8,858	-0,129	0,092	0,108	0,154	0,139	0,126	0,123	0,118	0,108	0,125	0,142	0,161	0,194	0,207	0,163	0,000	0,000
11,000	-9,607	-9,530	-9,504	-9,378	-9,298	-9,248	-9,215	-9,194	-9,164	-9,142	-9,105	-9,065	-9,002	-8,902	-8,784	0,059	0,108	0,144	0,192	0,189	0,164	0,157	0,151	0,154	0,161	0,180	0,210	0,222	0,234	0,177	0,000	0,000
12,000	-14,770	-14,748	-14,729	-14,679	-14,638	-14,621	-14,615	-14,615	-14,598	-14,613	-14,597	-14,570	-14,516	-14,416	-14,297	-0,040	0,021	0,049	0,078	0,071	0,048	0,052	0,058	0,068	0,073	0,110	0,149	0,188	0,214	0,173	0,000	0,000
13,000	-8,291	-8,268	-8,306	-8,303	-8,296	-8,271	-8,249	-8,240	-8,214	-8,180	-8,136	-8,068	-7,972	-7,834	-7,651	-0,042	-0,030	-0,020	0,029	0,061	0,079	0,105	0,123	0,154	0,183	0,228	0,272	0,311	0,334	0,268	0,000	0,000
14,000	-11,623	-11,414	-11,496	-11,412	-11,404	-11,381	-11,355	-11,360	-11,346	-11,343	-11,333	-11,294	-11,217	-11,090	-10,915	0,142	-0,001	0,059	0,086	0,078	0,068	0,075	0,069	0,087	0,106	0,145	0,202	0,265	0,304	0,250	0,000	0,000
15,000	-9,131	-9,222	-9,159	-9,142	-9,103	-9,106	-9,095	-9,079	-9,058	-9,047	-9,030	-8,997	-8,956	-8,885	-8,805	-0,188	0,005	-0,001	0,048	0,049	0,057	0,068	0,079	0,079	0,088	0,112	0,129	0,147	0,157	0,125	0,000	0,000
	run	5	2022:11:08    11:39:33,302
0,000	-13,469	-13,568	-13,624	-13,715	-13,748	-13,769	-13,783	-13,789	-13,793	-13,803	-13,795	-13,770	-13,725	-13,631	-13,530	-0,256	-0,221	-0,193	-0,139	-0,106	-0,075	-0,043	-0,028	-0,003	0,027	0,068	0,115	0,155	0,183	0,146	0,000	0,000
1,000	-16,983	-16,983	-16,881	-16,652	-16,462	-16,326	-16,263	-16,200	-16,133	-16,096	-16,029	-15,983	-15,922	-15,812	-15,702	-0,021	0,195	0,273	0,404	0,414	0,379	0,346	0,318	0,288	0,266	0,261	0,258	0,256	0,251	0,188	0,000	0,000
2,000	-10,693	-10,681	-10,634	-10,478	-10,366	-10,297	-10,245	-10,206	-10,155	-10,122	-10,045	-9,969	-9,860	-9,700	-9,518	0,077	0,142	0,196	0,268	0,268	0,247	0,254	0,256	0,264	0,272	0,311	0,338	0,362	0,373	0,275	0,000	0,000
3,000	-21,571	-21,500	-21,368	-21,002	-20,771	-20,632	-20,562	-20,497	-20,456	-20,440	-20,403	-20,371	-20,319	-20,207	-20,082	0,159	0,369	0,443	0,541	0,501	0,404	0,351	0,298	0,258	0,217	0,205	0,225	0,242	0,249	0,189	0,000	0,000
4,000	-11,560	-11,652	-11,576	-11,603	-11,586	-11,581	-11,587	-11,581	-11,575	-11,551	-11,510	-11,436	-11,303	-11,081	-10,792	-0,281	-0,074	-0,060	0,007	0,034	0,047	0,074	0,091	0,131	0,193	0,274	0,365	0,458	0,509	0,418	0,000	0,000
5,000	-12,716	-12,692	-12,790	-12,811	-12,789	-12,771	-12,767	-12,768	-12,737	-12,736	-12,698	-12,622	-12,500	-12,270	-11,984	-0,050	-0,127	-0,098	0,007	0,034	0,039	0,073	0,105	0,136	0,179	0,267	0,353	0,445	0,497	0,403	0,000	0,000
6,000	-8,402	-8,308	-8,192	-8,024	-7,921	-7,855	-7,821	-7,787	-7,755	-7,725	-7,675	-7,616	-7,533	-7,397	-7,233	0,173	0,264	0,272	0,280	0,265	0,228	0,217	0,206	0,212	0,216	0,245	0,282	0,306	0,311	0,247	0,000	0,000
7,000	-6,921	-6,859	-6,869	-6,792	-6,741	-6,714	-6,694	-6,674	-6,662	-6,661	-6,642	-6,621	-6,598	-6,548	-6,498	0,033	0,031	0,068	0,113	0,107	0,088	0,084	0,077	0,079	0,074	0,081	0,095	0,096	0,100	0,078	0,000	0,000
8,000	-19,494	-19,774	-19,745	-19,894	-19,894	-19,945	-19,973	-19,999	-20,026	-20,074	-20,083	-20,095	-20,099	-20,055	-19,995	-0,501	-0,274	-0,265	-0,171	-0,148	-0,141	-0,133	-0,128	-0,105	-0,090	-0,043	-0,004	0,020	0,062	0,060	0,000	0,000
9,000	-9,662	-9,601	-9,542	-9,345	-9,206	-9,097	-9,032	-8,981	-8,933	-8,902	-8,843	-8,789	-8,704	-8,592	-8,450	0,047	0,153	0,240	0,335	0,351	0,316	0,299	0,266	0,254	0,252	0,254	0,272	0,286	0,287	0,224	0,000	0,000
10,000	-9,616	-9,649	-9,546	-9,417	-9,342	-9,306	-9,285	-9,269	-9,245	-9,245	-9,213	-9,178	-9,118	-9,027	-8,915	-0,099	0,110	0,124	0,174	0,156	0,138	0,129	0,123	0,120	0,131	0,150	0,171	0,199	0,215	0,168	0,000	0,000
11,000	-9,761	-9,667	-9,636	-9,498	-9,422	-9,366	-9,333	-9,316	-9,280	-9,263	-9,230	-9,184	-9,118	-9,018	-8,893	0,081	0,124	0,161	0,207	0,193	0,175	0,169	0,159	0,161	0,167	0,184	0,212	0,230	0,237	0,184	0,000	0,000
12,000	-15,099	-15,061	-15,062	-15,006	-14,964	-14,949	-14,942	-14,939	-14,922	-14,938	-14,920	-14,892	-14,836	-14,733	-14,606	-0,044	0,022	0,043	0,073	0,068	0,047	0,057	0,061	0,070	0,078	0,117	0,151	0,190	0,217	0,177	0,000	0,000
13,000	-8,497	-8,445	-8,493	-8,479	-8,473	-8,453	-8,434	-8,421	-8,393	-8,353	-8,313	-8,247	-8,150	-8,008	-7,825	-0,033	-0,025	-0,021	0,036	0,061	0,082	0,107	0,131	0,158	0,192	0,235	0,276	0,323	0,343	0,273	0,000	0,000
14,000	-11,861	-11,674	-11,768	-11,670	-11,665	-11,633	-11,621	-11,619	-11,600	-11,597	-11,579	-11,545	-11,472	-11,342	-11,157	0,135	0,000	0,062	0,088	0,076	0,068	0,079	0,078	0,088	0,105	0,153	0,202	0,268	0,306	0,257	0,000	0,000
15,000	-9,153	-9,224	-9,172	-9,154	-9,116	-9,123	-9,103	-9,093	-9,073	-9,065	-9,043	-9,014	-8,970	-8,905	-8,822	-0,176	-0,001	0,005	0,045	0,051	0,061	0,066	0,078	0,079	0,092	0,113	0,124	0,145	0,161	0,125	0,000	0,000
	run	6	2022:11:08    11:39:33,402
0,000	-13,472	-13,562	-13,601	-13,697	-13,732	-13,755	-13,765	-13,772	-13,776	-13,788	-13,781	-13,752	-13,714	-13,628	-13,519	-0,265	-0,217	-0,182	-0,133	-0,102	-0,076	-0,047	-0,027	0,003	0,023	0,063	0,110	0,154	0,176	0,141	0,000	0,000
1,000	-16,838	-16,843	-16,752	-16,525	-16,354	-16,225	-16,155	-16,093	-16,032	-16,000	-15,934	-15,888	-15,827	-15,730	-15,623	-0,012	0,169	0,252	0,390	0,400	0,362	0,335	0,301	0,275	0,252	0,249	0,243	0,246	0,240	0,176	0,000	0,000
2,000	-10,300	-10,296	-10,274	-10,137	-10,034	-9,956	-9,913	-9,874	-9,816	-9,789	-9,716	-9,647	-9,553	-9,403	-9,243	0,038	0,102	0,154	0,248	0,250	0,232	0,243	0,240	0,246	0,253	0,281	0,313	0,330	0,335	0,249	0,000	0,000
3,000	-20,262	-20,260	-20,203	-19,894	-19,688	-19,554	-19,477	-19,425	-19,372	-19,361	-19,326	-19,290	-19,239	-19,142	-19,026	0,033	0,221	0,310	0,464	0,455	0,376	0,332	0,285	0,245	0,210	0,205	0,216	0,220	0,232	0,173	0,000	0,000
4,000	-11,156	-11,219	-11,143	-11,160	-11,125	-11,124	-11,124	-11,130	-11,124	-11,101	-11,064	-10,998	-10,867	-10,657	-10,385	-0,247	-0,051	-0,042	0,022	0,040	0,052	0,070	0,086	0,128	0,181	0,264	0,344	0,429	0,487	0,395	0,000	0,000
5,000	-12,426	-12,426	-12,533	-12,572	-12,546	-12,534	-12,526	-12,517	-12,496	-12,493	-12,453	-12,379	-12,259	-12,037	-11,763	-0,061	-0,141	-0,107	-0,006	0,022	0,035	0,075	0,104	0,136	0,173	0,258	0,345	0,430	0,481	0,390	0,000	0,000
6,000	-8,392	-8,291	-8,172	-8,009	-7,901	-7,838	-7,808	-7,775	-7,736	-7,715	-7,653	-7,606	-7,518	-7,384	-7,229	0,184	0,262	0,275	0,287	0,262	0,227	0,216	0,210	0,207	0,221	0,242	0,267	0,297	0,314	0,240	0,000	0,000
7,000	-6,982	-6,919	-6,914	-6,836	-6,785	-6,751	-6,736	-6,722	-6,707	-6,696	-6,682	-6,671	-6,646	-6,602	-6,560	0,031	0,051	0,065	0,113	0,112	0,091	0,087	0,078	0,077	0,066	0,074	0,085	0,092	0,090	0,071	0,000	0,000
8,000	-19,600	-19,867	-19,843	-20,000	-19,994	-20,042	-20,076	-20,104	-20,122	-20,175	-20,184	-20,196	-20,197	-20,154	-20,101	-0,505	-0,285	-0,263	-0,186	-0,148	-0,145	-0,133	-0,125	-0,106	-0,088	-0,041	-0,004	0,022	0,066	0,066	0,000	0,000
9,000	-9,547	-9,497	-9,439	-9,262	-9,135	-9,025	-8,963	-8,917	-8,867	-8,825	-8,781	-8,720	-8,641	-8,522	-8,384	0,041	0,140	0,198	0,316	0,323	0,302	0,291	0,270	0,250	0,246	0,255	0,270	0,288	0,287	0,215	0,000	0,000
10,000	-9,441	-9,467	-9,365	-9,253	-9,174	-9,139	-9,119	-9,102	-9,079	-9,078	-9,040	-9,015	-8,952	-8,857	-8,747	-0,106	0,114	0,118	0,170	0,148	0,134	0,127	0,121	0,116	0,132	0,154	0,168	0,202	0,214	0,172	0,000	0,000
11,000	-9,729	-9,642	-9,619	-9,492	-9,413	-9,356	-9,334	-9,312	-9,282	-9,259	-9,223	-9,179	-9,113	-9,011	-8,890	0,073	0,121	0,151	0,194	0,188	0,169	0,165	0,155	0,158	0,165	0,184	0,210	0,232	0,240	0,184	0,000	0,000
12,000	-15,362	-15,351	-15,332	-15,275	-15,235	-15,218	-15,211	-15,208	-15,192	-15,201	-15,179	-15,147	-15,098	-14,987	-14,859	-0,040	0,036	0,052	0,079	0,078	0,055	0,060	0,066	0,076	0,083	0,122	0,165	0,207	0,237	0,186	0,000	0,000
13,000	-8,629	-8,616	-8,640	-8,630	-8,621	-8,599	-8,576	-8,563	-8,533	-8,503	-8,450	-8,385	-8,287	-8,142	-7,956	-0,032	-0,028	-0,013	0,041	0,066	0,086	0,108	0,130	0,159	0,198	0,239	0,285	0,330	0,348	0,276	0,000	0,000
14,000	-12,014	-11,795	-11,894	-11,793	-11,791	-11,750	-11,740	-11,739	-11,729	-11,721	-11,715	-11,667	-11,592	-11,455	-11,268	0,163	0,012	0,056	0,084	0,084	0,067	0,078	0,070	0,086	0,107	0,156	0,214	0,277	0,313	0,258	0,000	0,000
15,000	-9,221	-9,300	-9,235	-9,218	-9,182	-9,186	-9,174	-9,157	-9,139	-9,124	-9,108	-9,073	-9,035	-8,961	-8,880	-0,176	0,003	0,001	0,054	0,054	0,060	0,064	0,083	0,079	0,091	0,111	0,129	0,147	0,154	0,124	0,000	0,000
	run	7	2022:11:08    11:39:33,501
0,000	-13,283	-13,351	-13,403	-13,498	-13,524	-13,544	-13,553	-13,566	-13,566	-13,578	-13,578	-13,548	-13,509	-13,424	-13,327	-0,246	-0,214	-0,169	-0,121	-0,097	-0,073	-0,042	-0,026	-0,006	0,021	0,059	0,102	0,145	0,168	0,136	0,000	0,000
1,000	-16,368	-16,385	-16,317	-16,130	-15,968	-15,849	-15,775	-15,719	-15,660	-15,620	-15,568	-15,516	-15,459	-15,369	-15,262	-0,037	0,139	0,210	0,348	0,365	0,332	0,315	0,282	0,266	0,245	0,246	0,239	0,228	0,230	0,167	0,000	0,000
2,000	-9,955	-9,958	-9,938	-9,826	-9,723	-9,657	-9,604	-9,573	-9,518	-9,492	-9,424	-9,358	-9,263	-9,131	-8,979	0,027	0,089	0,135	0,222	0,239	0,219	0,226	0,230	0,238	0,240	0,265	0,295	0,316	0,313	0,239	0,000	0,000
3,000	-19,590	-19,637	-19,593	-19,341	-19,143	-19,020	-18,949	-18,894	-18,839	-18,830	-18,796	-18,762	-18,713	-18,617	-18,502	-0,021	0,161	0,245	0,400	0,414	0,349	0,308	0,265	0,230	0,196	0,198	0,208	0,211	0,222	0,167	0,000	0,000
4,000	-10,639	-10,714	-10,622	-10,621	-10,584	-10,581	-10,585	-10,583	-10,579	-10,561	-10,531	-10,461	-10,344	-10,151	-9,904	-0,248	-0,027	-0,021	0,036	0,046	0,057	0,072	0,081	0,116	0,162	0,243	0,321	0,398	0,444	0,361	0,000	0,000
5,000	-12,118	-12,097	-12,202	-12,252	-12,234	-12,215	-12,208	-12,206	-12,174	-12,181	-12,117	-12,054	-11,941	-11,724	-11,460	-0,081	-0,134	-0,109	-0,016	0,017	0,035	0,072	0,096	0,137	0,171	0,245	0,342	0,422	0,467	0,377	0,000	0,000
6,000	-8,423	-8,334	-8,222	-8,058	-7,951	-7,896	-7,861	-7,834	-7,791	-7,764	-7,714	-7,656	-7,564	-7,430	-7,266	0,180	0,263	0,259	0,281	0,265	0,223	0,219	0,210	0,215	0,226	0,248	0,285	0,313	0,322	0,253	0,000	0,000
7,000	-7,200	-7,142	-7,121	-7,012	-6,953	-6,918	-6,901	-6,886	-6,868	-6,862	-6,843	-6,825	-6,797	-6,746	-6,692	0,059	0,077	0,109	0,140	0,130	0,105	0,104	0,096	0,087	0,084	0,089	0,095	0,106	0,110	0,085	0,000	0,000
8,000	-19,882	-20,171	-20,155	-20,308	-20,312	-20,363	-20,402	-20,429	-20,446	-20,488	-20,504	-20,522	-20,518	-20,472	-20,412	-0,543	-0,307	-0,287	-0,199	-0,157	-0,150	-0,147	-0,128	-0,103	-0,083	-0,051	-0,005	0,030	0,073	0,071	0,000	0,000
9,000	-9,564	-9,535	-9,451	-9,249	-9,109	-8,997	-8,935	-8,883	-8,835	-8,791	-8,742	-8,686	-8,607	-8,484	-8,342	0,050	0,148	0,237	0,345	0,352	0,318	0,302	0,273	0,259	0,244	0,270	0,276	0,285	0,297	0,220	0,000	0,000
10,000	-9,547	-9,576	-9,470	-9,356	-9,274	-9,245	-9,225	-9,210	-9,179	-9,182	-9,157	-9,119	-9,056	-8,965	-8,851	-0,115	0,104	0,122	0,176	0,149	0,135	0,129	0,123	0,118	0,124	0,150	0,171	0,207	0,216	0,173	0,000	0,000
11,000	-9,786	-9,708	-9,670	-9,537	-9,455	-9,403	-9,371	-9,354	-9,323	-9,298	-9,263	-9,212	-9,152	-9,043	-8,920	0,088	0,121	0,155	0,204	0,197	0,172	0,169	0,156	0,156	0,165	0,189	0,216	0,238	0,248	0,186	0,000	0,000
12,000	-15,384	-15,369	-15,353	-15,300	-15,244	-15,231	-15,227	-15,221	-15,211	-15,228	-15,201	-15,165	-15,110	-15,003	-14,868	-0,022	0,023	0,052	0,084	0,073	0,053	0,062	0,064	0,075	0,085	0,122	0,164	0,211	0,241	0,192	0,000	0,000
13,000	-8,734	-8,672	-8,710	-8,704	-8,699	-8,674	-8,654	-8,641	-8,609	-8,575	-8,522	-8,461	-8,356	-8,204	-8,010	-0,000	-0,018	-0,006	0,041	0,066	0,090	0,112	0,133	0,165	0,196	0,250	0,292	0,333	0,356	0,285	0,000	0,000
14,000	-12,132	-11,947	-12,012	-11,925	-11,909	-11,881	-11,857	-11,864	-11,848	-11,844	-11,832	-11,794	-11,715	-11,582	-11,395	0,123	0,027	0,072	0,086	0,081	0,078	0,078	0,080	0,094	0,106	0,147	0,210	0,276	0,302	0,255	0,000	0,000
15,000	-9,223	-9,312	-9,254	-9,240	-9,201	-9,204	-9,191	-9,174	-9,155	-9,149	-9,134	-9,102	-9,056	-8,991	-8,911	-0,182	0,004	-0,010	0,053	0,049	0,056	0,059	0,073	0,077	0,088	0,107	0,128	0,146	0,153	0,125	0,000	0,000
	run	8	2022:11:08    11:39:33,551
0,000	-13,157	-13,218	-13,272	-13,351	-13,383	-13,395	-13,406	-13,416	-13,416	-13,427	-13,420	-13,396	-13,356	-13,274	-13,176	-0,231	-0,201	-0,180	-0,113	-0,090	-0,070	-0,043	-0,022	-0,004	0,025	0,062	0,098	0,142	0,165	0,138	0,000	0,000
1,000	-16,009	-16,044	-15,962	-15,787	-15,638	-15,527	-15,459	-15,403	-15,348	-15,305	-15,253	-15,205	-15,145	-15,060	-14,953	-0,064	0,115	0,184	0,316	0,345	0,318	0,303	0,271	0,257	0,239	0,237	0,234	0,230	0,225	0,168	0,000	0,000
2,000	-9,955	-9,958	-9,938	-9,826	-9,723	-9,657	-9,604	-9,573	-9,518	-9,492	-9,424	-9,358	-9,263	-9,131	-8,979	0,027	0,089	0,135	0,222	0,239	0,219	0,226	0,230	0,238	0,240	0,265	0,295	0,316	0,313	0,239	0,000	0,000
3,000	-19,590	-19,637	-19,593	-19,341	-19,143	-19,020	-18,949	-18,894	-18,839	-18,830	-18,796	-18,762	-18,713	-18,617	-18,502	-0,021	0,161	0,245	0,400	0,414	0,349	0,308	0,265	0,230	0,196	0,198	0,208	0,211	0,222	0,167	0,000	0,000
4,000	-10,639	-10,714	-10,622	-10,621	-10,584	-10,581	-10,585	-10,583	-10,579	-10,561	-10,531	-10,461	-10,344	-10,151	-9,904	-0,248	-0,027	-0,021	0,036	0,046	0,057	0,072	0,081	0,116	0,162	0,243	0,321	0,398	0,444	0,361	0,000	0,000
5,000	-12,118	-12,097	-12,202	-12,252	-12,234	-12,215	-12,208	-12,206	-12,174	-12,181	-12,117	-12,054	-11,941	-11,724	-11,460	-0,081	-0,134	-0,109	-0,016	0,017	0,035	0,072	0,096	0,137	0,171	0,245	0,342	0,422	0,467	0,377	0,000	0,000
6,000	-8,423	-8,334	-8,222	-8,058	-7,951	-7,896	-7,861	-7,834	-7,791	-7,764	-7,714	-7,656	-7,564	-7,430	-7,266	0,180	0,263	0,259	0,281	0,265	0,223	0,219	0,210	0,215	0,226	0,248	0,285	0,313	0,322	0,253	0,000	0,000
7,000	-7,200	-7,142	-7,121	-7,012	-6,953	-6,918	-6,901	-6,886	-6,868	-6,862	-6,843	-6,825	-6,797	-6,746	-6,692	0,059	0,077	0,109	0,140	0,130	0,105	0,104	0,096	0,087	0,084	0,089	0,095	0,106	0,110	0,085	0,000	0,000
8,000	-20,410	-20,691	-20,692	-20,870	-20,869	-20,927	-20,956	-20,983	-21,011	-21,057	-21,062	-21,082	-21,082	-21,037	-20,976	-0,572	-0,337	-0,318	-0,223	-0,173	-0,156	-0,149	-0,129	-0,112	-0,091	-0,051	-0,002	0,028	0,069	0,067	0,000	0,000
9,000	-9,915	-9,849	-9,751	-9,509	-9,359	-9,245	-9,178	-9,129	-9,076	-9,036	-8,981	-8,930	-8,841	-8,713	-8,556	0,106	0,220	0,293	0,394	0,377	0,338	0,316	0,288	0,270	0,260	0,276	0,289	0,307	0,307	0,234	0,000	0,000
10,000	-10,003	-10,013	-9,873	-9,732	-9,640	-9,599	-9,581	-9,562	-9,538	-9,537	-9,514	-9,469	-9,404	-9,298	-9,190	-0,071	0,146	0,176	0,209	0,177	0,152	0,140	0,132	0,127	0,136	0,155	0,185	0,218	0,231	0,183	0,000	0,000
11,000	-9,967	-9,870	-9,817	-9,678	-9,591	-9,534	-9,502	-9,481	-9,443	-9,430	-9,391	-9,341	-9,275	-9,168	-9,039	0,109	0,163	0,181	0,222	0,212	0,179	0,176	0,168	0,166	0,171	0,197	0,225	0,243	0,249	0,192	0,000	0,000
12,000	-15,551	-15,532	-15,513	-15,469	-15,421	-15,405	-15,394	-15,396	-15,377	-15,394	-15,373	-15,337	-15,288	-15,177	-15,040	-0,051	0,019	0,040	0,079	0,078	0,053	0,062	0,060	0,068	0,083	0,124	0,168	0,210	0,238	0,187	0,000	0,000
13,000	-8,631	-8,586	-8,624	-8,614	-8,611	-8,582	-8,560	-8,547	-8,522	-8,485	-8,439	-8,376	-8,273	-8,128	-7,934	-0,025	-0,025	-0,011	0,042	0,065	0,086	0,115	0,129	0,162	0,193	0,237	0,289	0,332	0,354	0,276	0,000	0,000
14,000	-11,995	-11,787	-11,871	-11,775	-11,769	-11,735	-11,721	-11,722	-11,705	-11,692	-11,688	-11,650	-11,579	-11,445	-11,260	0,135	0,022	0,077	0,084	0,085	0,070	0,076	0,075	0,091	0,116	0,156	0,207	0,259	0,303	0,252	0,000	0,000
15,000	-9,039	-9,126	-9,060	-9,050	-9,019	-9,019	-9,010	-8,998	-8,974	-8,970	-8,947	-8,919	-8,882	-8,815	-8,743	-0,179	-0,008	-0,012	0,041	0,041	0,048	0,050	0,068	0,072	0,083	0,101	0,118	0,135	0,148	0,115	0,000	0,000
	run	9	2022:11:08    11:39:33,649
0,000	-12,918	-12,993	-13,040	-13,117	-13,140	-13,157	-13,175	-13,175	-13,178	-13,192	-13,182	-13,158	-13,116	-13,036	-12,940	-0,233	-0,189	-0,164	-0,113	-0,089	-0,068	-0,044	-0,026	-0,005	0,021	0,059	0,098	0,138	0,162	0,130	0,000	0,000
1,000	-16,080	-16,111	-16,042	-15,861	-15,706	-15,591	-15,520	-15,470	-15,404	-15,370	-15,311	-15,266	-15,206	-15,118	-15,013	-0,070	0,122	0,183	0,327	0,347	0,327	0,308	0,281	0,259	0,242	0,239	0,232	0,232	0,230	0,169	0,000	0,000
2,000	-10,113	-10,103	-10,086	-9,953	-9,852	-9,773	-9,728	-9,693	-9,644	-9,609	-9,540	-9,467	-9,381	-9,239	-9,086	0,049	0,098	0,166	0,244	0,251	0,232	0,239	0,237	0,247	0,248	0,280	0,304	0,324	0,321	0,238	0,000	0,000
3,000	-20,398	-20,389	-20,308	-20,017	-19,819	-19,678	-19,608	-19,549	-19,508	-19,489	-19,451	-19,415	-19,369	-19,264	-19,150	0,048	0,229	0,317	0,460	0,449	0,377	0,328	0,287	0,245	0,206	0,195	0,210	0,220	0,233	0,175	0,000	0,000
4,000	-11,013	-11,109	-11,007	-11,020	-10,994	-10,995	-10,994	-10,992	-10,989	-10,975	-10,931	-10,872	-10,748	-10,551	-10,287	-0,261	-0,040	-0,035	0,028	0,039	0,045	0,070	0,086	0,119	0,177	0,253	0,328	0,409	0,459	0,375	0,000	0,000
5,000	-12,360	-12,371	-12,465	-12,508	-12,487	-12,472	-12,461	-12,465	-12,430	-12,433	-12,387	-12,308	-12,193	-11,967	-11,693	-0,055	-0,149	-0,109	-0,003	0,022	0,033	0,074	0,097	0,134	0,179	0,256	0,350	0,439	0,489	0,392	0,000	0,000
6,000	-8,491	-8,397	-8,280	-8,118	-8,014	-7,944	-7,917	-7,884	-7,842	-7,817	-7,767	-7,710	-7,621	-7,477	-7,308	0,186	0,263	0,275	0,291	0,260	0,226	0,219	0,210	0,216	0,227	0,257	0,284	0,315	0,330	0,257	0,000	0,000
7,000	-7,279	-7,179	-7,155	-7,040	-6,985	-6,942	-6,927	-6,922	-6,899	-6,895	-6,878	-6,856	-6,833	-6,778	-6,730	0,082	0,096	0,128	0,163	0,138	0,107	0,103	0,089	0,086	0,080	0,088	0,096	0,108	0,107	0,084	0,000	0,000
8,000	-20,758	-21,064	-21,100	-21,305	-21,311	-21,365	-21,397	-21,424	-21,449	-21,494	-21,509	-21,530	-21,525	-21,481	-21,417	-0,551	-0,358	-0,355	-0,243	-0,183	-0,173	-0,157	-0,144	-0,116	-0,101	-0,056	-0,005	0,026	0,072	0,065	0,000	0,000
9,000	-10,251	-10,158	-10,047	-9,786	-9,643	-9,528	-9,455	-9,411	-9,359	-9,315	-9,260	-9,203	-9,106	-8,979	-8,810	0,117	0,264	0,318	0,406	0,389	0,348	0,325	0,293	0,272	0,267	0,280	0,305	0,323	0,325	0,252	0,000	0,000
10,000	-10,118	-10,092	-9,954	-9,804	-9,708	-9,675	-9,650	-9,634	-9,612	-9,607	-9,575	-9,541	-9,473	-9,373	-9,255	-0,029	0,195	0,206	0,230	0,194	0,158	0,145	0,142	0,134	0,144	0,163	0,185	0,220	0,232	0,182	0,000	0,000
11,000	-10,084	-9,969	-9,921	-9,762	-9,673	-9,617	-9,587	-9,565	-9,534	-9,506	-9,463	-9,424	-9,353	-9,241	-9,108	0,121	0,181	0,196	0,233	0,216	0,190	0,184	0,169	0,175	0,177	0,204	0,226	0,253	0,260	0,198	0,000	0,000
12,000	-15,629	-15,609	-15,587	-15,539	-15,487	-15,479	-15,465	-15,466	-15,454	-15,460	-15,443	-15,408	-15,354	-15,243	-15,112	-0,068	0,018	0,041	0,080	0,075	0,050	0,060	0,069	0,075	0,074	0,114	0,161	0,207	0,238	0,189	0,000	0,000
13,000	-8,565	-8,552	-8,563	-8,567	-8,550	-8,532	-8,511	-8,498	-8,468	-8,435	-8,386	-8,320	-8,226	-8,079	-7,891	-0,029	-0,018	-0,016	0,038	0,072	0,088	0,115	0,131	0,158	0,189	0,230	0,279	0,327	0,342	0,275	0,000	0,000
14,000	-11,579	-11,341	-11,465	-11,362	-11,365	-11,329	-11,315	-11,309	-11,303	-11,292	-11,288	-11,253	-11,179	-11,055	-10,878	0,200	0,009	0,063	0,083	0,074	0,056	0,073	0,069	0,085	0,105	0,149	0,199	0,263	0,289	0,239	0,000	0,000
15,000	-8,828	-8,936	-8,858	-8,848	-8,809	-8,819	-8,805	-8,787	-8,771	-8,764	-8,742	-8,709	-8,674	-8,611	-8,541	-0,192	-0,007	-0,016	0,044	0,046	0,058	0,058	0,072	0,076	0,083	0,104	0,116	0,136	0,144	0,116	0,000	0,000
	run	10	2022:11:08    11:39:33,701
0,000	-12,918	-12,993	-13,040	-13,117	-13,140	-13,157	-13,175	-13,175	-13,178	-13,192	-13,182	-13,158	-13,116	-13,036	-12,940	-0,233	-0,189	-0,164	-0,113	-0,089	-0,068	-0,044	-0,026	-0,005	0,021	0,059	0,098	0,138	0,162	0,130	0,000	0,000
1,000	-16,080	-16,111	-16,042	-15,861	-15,706	-15,591	-15,520	-15,470	-15,404	-15,370	-15,311	-15,266	-15,206	-15,118	-15,013	-0,070	0,122	0,183	0,327	0,347	0,327	0,308	0,281	0,259	0,242	0,239	0,232	0,232	0,230	0,169	0,000	0,000
2,000	-10,113	-10,103	-10,086	-9,953	-9,852	-9,773	-9,728	-9,693	-9,644	-9,609	-9,540	-9,467	-9,381	-9,239	-9,086	0,049	0,098	0,166	0,244	0,251	0,232	0,239	0,237	0,247	0,248	0,280	0,304	0,324	0,321	0,238	0,000	0,000
3,000	-20,398	-20,389	-20,308	-20,017	-19,819	-19,678	-19,608	-19,549	-19,508	-19,489	-19,451	-19,415	-19,369	-19,264	-19,150	0,048	0,229	0,317	0,460	0,449	0,377	0,328	0,287	0,245	0,206	0,195	0,210	0,220	0,233	0,175	0,000	0,000
4,000	-11,013	-11,109	-11,007	-11,020	-10,994	-10,995	-10,994	-10,992	-10,989	-10,975	-10,931	-10,872	-10,748	-10,551	-10,287	-0,261	-0,040	-0,035	0,028	0,039	0,045	0,070	0,086	0,119	0,177	0,253	0,328	0,409	0,459	0,375	0,000	0,000
5,000	-12,360	-12,371	-12,465	-12,508	-12,487	-12,472	-12,461	-12,465	-12,430	-12,433	-12,387	-12,308	-12,193	-11,967	-11,693	-0,055	-0,149	-0,109	-0,003	0,022	0,033	0,074	0,097	0,134	0,179	0,256	0,350	0,439	0,489	0,392	0,000	0,000
6,000	-8,501	-8,418	-8,311	-8,149	-8,044	-7,985	-7,946	-7,918	-7,882	-7,849	-7,805	-7,736	-7,651	-7,504	-7,330	0,182	0,256	0,260	0,285	0,260	0,224	0,220	0,213	0,216	0,222	0,254	0,288	0,318	0,330	0,260	0,000	0,000
7,000	-7,318	-7,215	-7,185	-7,069	-7,023	-6,978	-6,965	-6,953	-6,928	-6,932	-6,911	-6,887	-6,866	-6,813	-6,757	0,114	0,104	0,132	0,169	0,137	0,104	0,097	0,089	0,086	0,085	0,089	0,098	0,106	0,109	0,081	0,000	0,000
8,000	-20,675	-20,999	-21,001	-21,197	-21,204	-21,262	-21,297	-21,325	-21,340	-21,396	-21,397	-21,414	-21,422	-21,372	-21,309	-0,561	-0,348	-0,338	-0,229	-0,179	-0,171	-0,153	-0,142	-0,114	-0,097	-0,056	-0,007	0,033	0,077	0,063	0,000	0,000
9,000	-10,087	-10,004	-9,923	-9,678	-9,521	-9,403	-9,345	-9,300	-9,248	-9,200	-9,148	-9,087	-8,996	-8,865	-8,713	0,099	0,230	0,308	0,393	0,380	0,336	0,317	0,291	0,267	0,272	0,278	0,293	0,315	0,320	0,246	0,000	0,000
10,000	-9,918	-9,894	-9,764	-9,609	-9,521	-9,486	-9,461	-9,450	-9,422	-9,414	-9,388	-9,348	-9,286	-9,187	-9,065	-0,065	0,170	0,186	0,222	0,180	0,159	0,145	0,138	0,131	0,141	0,167	0,184	0,216	0,230	0,182	0,000	0,000
11,000	-9,892	-9,785	-9,745	-9,589	-9,507	-9,448	-9,417	-9,393	-9,362	-9,341	-9,298	-9,254	-9,189	-9,075	-8,943	0,094	0,168	0,187	0,225	0,213	0,184	0,179	0,170	0,175	0,177	0,200	0,222	0,245	0,259	0,195	0,000	0,000
12,000	-15,639	-15,623	-15,618	-15,566	-15,517	-15,488	-15,493	-15,488	-15,477	-15,486	-15,467	-15,434	-15,381	-15,272	-15,138	-0,041	0,017	0,035	0,080	0,072	0,051	0,060	0,057	0,069	0,082	0,119	0,164	0,206	0,234	0,184	0,000	0,000
13,000	-8,573	-8,548	-8,568	-8,577	-8,556	-8,539	-8,516	-8,500	-8,468	-8,442	-8,393	-8,326	-8,226	-8,081	-7,895	-0,028	-0,020	-0,006	0,039	0,067	0,086	0,110	0,132	0,161	0,196	0,236	0,282	0,325	0,345	0,273	0,000	0,000
14,000	-11,449	-11,201	-11,319	-11,220	-11,212	-11,177	-11,160	-11,160	-11,151	-11,142	-11,135	-11,099	-11,026	-10,901	-10,734	0,180	0,012	0,048	0,085	0,076	0,066	0,071	0,070	0,083	0,097	0,151	0,192	0,257	0,281	0,238	0,000	0,000
15,000	-8,780	-8,899	-8,830	-8,824	-8,788	-8,790	-8,774	-8,763	-8,747	-8,738	-8,716	-8,687	-8,644	-8,581	-8,505	-0,182	-0,007	-0,005	0,041	0,047	0,054	0,062	0,074	0,074	0,085	0,109	0,118	0,138	0,146	0,120	0,000	0,000
	run	11	2022:11:08    11:39:33,800
0,000	-13,107	-13,185	-13,222	-13,318	-13,349	-13,363	-13,380	-13,384	-13,383	-13,392	-13,391	-13,367	-13,327	-13,244	-13,145	-0,250	-0,205	-0,180	-0,128	-0,097	-0,070	-0,041	-0,025	-0,003	0,023	0,065	0,101	0,142	0,169	0,133	0,000	0,000
1,000	-16,383	-16,395	-16,323	-16,118	-15,957	-15,839	-15,767	-15,712	-15,643	-15,610	-15,553	-15,508	-15,435	-15,348	-15,245	-0,054	0,144	0,219	0,350	0,371	0,338	0,321	0,288	0,268	0,249	0,245	0,247	0,242	0,235	0,176	0,000	0,000
2,000	-10,203	-10,198	-10,171	-10,038	-9,937	-9,859	-9,815	-9,776	-9,720	-9,683	-9,625	-9,552	-9,459	-9,310	-9,152	0,039	0,119	0,159	0,243	0,253	0,237	0,241	0,242	0,247	0,253	0,283	0,308	0,333	0,329	0,250	0,000	0,000
3,000	-20,382	-20,377	-20,304	-19,995	-19,798	-19,657	-19,579	-19,527	-19,475	-19,462	-19,421	-19,385	-19,336	-19,235	-19,119	0,062	0,230	0,322	0,466	0,458	0,375	0,332	0,281	0,249	0,209	0,200	0,216	0,220	0,235	0,175	0,000	0,000
4,000	-11,032	-11,127	-11,023	-11,045	-11,011	-11,011	-11,011	-11,007	-11,007	-10,988	-10,944	-10,880	-10,760	-10,554	-10,289	-0,280	-0,047	-0,038	0,021	0,041	0,051	0,071	0,089	0,125	0,176	0,252	0,344	0,420	0,468	0,384	0,000	0,000
5,000	-12,455	-12,424	-12,546	-12,576	-12,561	-12,539	-12,533	-12,527	-12,496	-12,500	-12,461	-12,377	-12,263	-12,035	-11,754	-0,038	-0,159	-0,108	-0,002	0,024	0,036	0,075	0,096	0,138	0,176	0,266	0,345	0,439	0,488	0,396	0,000	0,000
6,000	-8,566	-8,460	-8,347	-8,188	-8,072	-8,013	-7,979	-7,950	-7,910	-7,879	-7,836	-7,765	-7,679	-7,538	-7,371	0,175	0,263	0,274	0,288	0,260	0,227	0,224	0,212	0,217	0,220	0,255	0,280	0,313	0,329	0,257	0,000	0,000
7,000	-7,275	-7,190	-7,176	-7,071	-7,015	-6,977	-6,957	-6,945	-6,924	-6,921	-6,907	-6,886	-6,861	-6,815	-6,760	0,064	0,082	0,119	0,153	0,128	0,098	0,099	0,085	0,092	0,073	0,081	0,089	0,104	0,107	0,080	0,000	0,000
8,000	-20,340	-20,641	-20,614	-20,802	-20,806	-20,859	-20,895	-20,929	-20,949	-20,989	-21,000	-21,010	-21,014	-20,968	-20,901	-0,543	-0,324	-0,316	-0,211	-0,172	-0,159	-0,143	-0,138	-0,108	-0,086	-0,042	-0,002	0,031	0,076	0,074	0,000	0,000
9,000	-9,801	-9,748	-9,660	-9,430	-9,287	-9,169	-9,108	-9,058	-9,006	-8,968	-8,919	-8,860	-8,775	-8,647	-8,496	0,078	0,188	0,272	0,368	0,371	0,328	0,310	0,281	0,266	0,259	0,272	0,287	0,300	0,304	0,229	0,000	0,000
10,000	-9,722	-9,746	-9,629	-9,493	-9,411	-9,375	-9,354	-9,337	-9,316	-9,310	-9,280	-9,243	-9,177	-9,082	-8,965	-0,101	0,119	0,151	0,190	0,165	0,143	0,138	0,130	0,128	0,135	0,160	0,176	0,212	0,226	0,176	0,000	0,000
11,000	-9,857	-9,761	-9,717	-9,574	-9,496	-9,439	-9,405	-9,385	-9,356	-9,330	-9,291	-9,249	-9,176	-9,076	-8,947	0,091	0,142	0,173	0,213	0,205	0,177	0,175	0,163	0,162	0,174	0,197	0,220	0,244	0,251	0,188	0,000	0,000
12,000	-15,408	-15,383	-15,373	-15,314	-15,271	-15,249	-15,243	-15,246	-15,229	-15,239	-15,221	-15,191	-15,135	-15,031	-14,904	-0,053	0,018	0,042	0,078	0,070	0,052	0,059	0,059	0,071	0,077	0,119	0,163	0,202	0,228	0,186	0,000	0,000
13,000	-8,567	-8,549	-8,575	-8,565	-8,557	-8,531	-8,516	-8,498	-8,471	-8,434	-8,387	-8,320	-8,222	-8,076	-7,888	-0,009	-0,024	-0,007	0,038	0,069	0,086	0,111	0,135	0,160	0,197	0,238	0,282	0,325	0,346	0,273	0,000	0,000
14,000	-11,599	-11,381	-11,484	-11,390	-11,382	-11,347	-11,321	-11,325	-11,315	-11,314	-11,295	-11,259	-11,188	-11,063	-10,886	0,157	0,007	0,064	0,089	0,076	0,059	0,074	0,072	0,092	0,113	0,154	0,206	0,261	0,298	0,241	0,000	0,000
15,000	-8,994	-9,085	-9,014	-9,017	-8,974	-8,977	-8,969	-8,948	-8,931	-8,921	-8,902	-8,875	-8,833	-8,768	-8,691	-0,186	0,004	-0,008	0,042	0,046	0,050	0,056	0,075	0,077	0,082	0,103	0,120	0,142	0,150	0,121	0,000	0,000
	run	12	2022:11:08    11:39:33,901
0,000	-13,502	-13,570	-13,616	-13,712	-13,745	-13,759	-13,775	-13,778	-13,782	-13,792	-13,789	-13,757	-13,716	-13,631	-13,528	-0,244	-0,210	-0,175	-0,124	-0,101	-0,073	-0,045	-0,027	-0,002	0,026	0,057	0,108	0,152	0,175	0,137	0,000	0,000
1,000	-16,526	-16,536	-16,460	-16,263	-16,091	-15,973	-15,899	-15,836	-15,776	-15,742	-15,675	-15,635	-15,569	-15,473	-15,369	-0,032	0,156	0,221	0,360	0,381	0,348	0,323	0,297	0,275	0,250	0,252	0,243	0,239	0,233	0,177	0,000	0,000
2,000	-10,136	-10,140	-10,119	-9,981	-9,878	-9,805	-9,758	-9,725	-9,666	-9,635	-9,571	-9,493	-9,403	-9,258	-9,100	0,044	0,092	0,155	0,241	0,252	0,241	0,241	0,239	0,250	0,251	0,279	0,308	0,326	0,331	0,251	0,000	0,000
3,000	-20,224	-20,226	-20,184	-19,883	-19,670	-19,533	-19,468	-19,408	-19,355	-19,348	-19,308	-19,272	-19,217	-19,116	-18,997	0,024	0,205	0,309	0,453	0,445	0,373	0,328	0,282	0,251	0,212	0,208	0,222	0,226	0,239	0,179	0,000	0,000
4,000	-10,984	-11,074	-10,965	-10,979	-10,954	-10,953	-10,951	-10,953	-10,948	-10,933	-10,890	-10,821	-10,699	-10,493	-10,220	-0,293	-0,032	-0,037	0,024	0,039	0,055	0,073	0,083	0,122	0,176	0,259	0,337	0,420	0,475	0,388	0,000	0,000
5,000	-12,462	-12,434	-12,567	-12,584	-12,577	-12,557	-12,543	-12,542	-12,510	-12,520	-12,465	-12,392	-12,270	-12,047	-11,765	-0,029	-0,156	-0,099	-0,008	0,025	0,038	0,076	0,104	0,141	0,188	0,264	0,349	0,440	0,491	0,396	0,000	0,000
6,000	-8,473	-8,370	-8,263	-8,083	-7,977	-7,909	-7,883	-7,853	-7,808	-7,783	-7,736	-7,677	-7,594	-7,456	-7,299	0,191	0,267	0,282	0,288	0,270	0,228	0,222	0,215	0,209	0,219	0,249	0,276	0,301	0,316	0,243	0,000	0,000
7,000	-7,061	-7,001	-6,990	-6,906	-6,861	-6,821	-6,806	-6,792	-6,771	-6,768	-6,753	-6,735	-6,705	-6,660	-6,611	0,031	0,055	0,074	0,133	0,112	0,093	0,090	0,085	0,081	0,075	0,082	0,089	0,097	0,100	0,076	0,000	0,000
8,000	-19,958	-20,240	-20,224	-20,403	-20,392	-20,453	-20,486	-20,513	-20,537	-20,584	-20,590	-20,610	-20,605	-20,560	-20,506	-0,520	-0,322	-0,295	-0,208	-0,169	-0,158	-0,139	-0,127	-0,108	-0,086	-0,042	-0,009	0,022	0,075	0,070	0,000	0,000
9,000	-9,621	-9,587	-9,513	-9,298	-9,151	-9,038	-8,972	-8,927	-8,876	-8,839	-8,778	-8,731	-8,644	-8,524	-8,377	0,043	0,180	0,250	0,361	0,360	0,323	0,306	0,277	0,266	0,252	0,270	0,276	0,295	0,299	0,225	0,000	0,000
10,000	-9,665	-9,694	-9,586	-9,463	-9,383	-9,352	-9,324	-9,307	-9,291	-9,287	-9,257	-9,220	-9,161	-9,063	-8,953	-0,093	0,123	0,136	0,180	0,157	0,138	0,131	0,123	0,121	0,137	0,150	0,171	0,205	0,215	0,169	0,000	0,000
11,000	-9,787	-9,696	-9,664	-9,527	-9,446	-9,394	-9,362	-9,345	-9,310	-9,289	-9,255	-9,212	-9,141	-9,043	-8,922	0,073	0,127	0,159	0,201	0,191	0,167	0,166	0,156	0,157	0,160	0,183	0,206	0,230	0,239	0,186	0,000	0,000
12,000	-15,173	-15,146	-15,134	-15,083	-15,034	-15,013	-15,009	-15,010	-14,992	-15,002	-14,986	-14,951	-14,900	-14,795	-14,667	-0,041	0,019	0,044	0,087	0,074	0,056	0,059	0,058	0,070	0,076	0,121	0,160	0,201	0,226	0,179	0,000	0,000
13,000	-8,502	-8,464	-8,501	-8,497	-8,490	-8,463	-8,444	-8,429	-8,402	-8,363	-8,321	-8,253	-8,152	-8,003	-7,818	-0,025	-0,024	-0,011	0,036	0,064	0,086	0,108	0,129	0,160	0,191	0,241	0,286	0,329	0,348	0,274	0,000	0,000
14,000	-11,961	-11,767	-11,838	-11,751	-11,740	-11,707	-11,689	-11,684	-11,671	-11,670	-11,656	-11,620	-11,540	-11,403	-11,227	0,117	0,011	0,055	0,094	0,078	0,067	0,079	0,074	0,086	0,107	0,154	0,206	0,273	0,313	0,256	0,000	0,000
15,000	-9,222	-9,320	-9,251	-9,235	-9,198	-9,198	-9,190	-9,173	-9,154	-9,145	-9,124	-9,098	-9,051	-8,988	-8,912	-0,187	0,001	-0,006	0,049	0,044	0,058	0,066	0,075	0,077	0,088	0,110	0,125	0,137	0,151	0,124	0,000	0,000
	run	13	2022:11:08    11:39:33,948
0,000	-13,724	-13,800	-13,843	-13,938	-13,974	-13,999	-14,007	-14,022	-14,024	-14,034	-14,025	-14,002	-13,955	-13,872	-13,763	-0,249	-0,216	-0,182	-0,131	-0,112	-0,076	-0,048	-0,024	-0,002	0,023	0,062	0,110	0,154	0,177	0,147	0,000	0,000
1,000	-17,026	-17,047	-16,952	-16,717	-16,538	-16,405	-16,334	-16,271	-16,212	-16,175	-16,116	-16,062	-15,993	-15,898	-15,786	-0,003	0,187	0,264	0,392	0,410	0,365	0,343	0,316	0,285	0,263	0,260	0,257	0,249	0,246	0,179	0,000	0,000
2,000	-10,136	-10,140	-10,119	-9,981	-9,878	-9,805	-9,758	-9,725	-9,666	-9,635	-9,571	-9,493	-9,403	-9,258	-9,100	0,044	0,092	0,155	0,241	0,252	0,241	0,241	0,239	0,250	0,251	0,279	0,308	0,326	0,331	0,251	0,000	0,000
3,000	-20,224	-20,226	-20,184	-19,883	-19,670	-19,533	-19,468	-19,408	-19,355	-19,348	-19,308	-19,272	-19,217	-19,116	-18,997	0,024	0,205	0,309	0,453	0,445	0,373	0,328	0,282	0,251	0,212	0,208	0,222	0,226	0,239	0,179	0,000	0,000
4,000	-10,984	-11,074	-10,965	-10,979	-10,954	-10,953	-10,951	-10,953	-10,948	-10,933	-10,890	-10,821	-10,699	-10,493	-10,220	-0,293	-0,032	-0,037	0,024	0,039	0,055	0,073	0,083	0,122	0,176	0,259	0,337	0,420	0,475	0,388	0,000	0,000
5,000	-12,462	-12,434	-12,567	-12,584	-12,577	-12,557	-12,543	-12,542	-12,510	-12,520	-12,465	-12,392	-12,270	-12,047	-11,765	-0,029	-0,156	-0,099	-0,008	0,025	0,038	0,076	0,104	0,141	0,188	0,264	0,349	0,440	0,491	0,396	0,000	0,000
6,000	-8,473	-8,370	-8,263	-8,083	-7,977	-7,909	-7,883	-7,853	-7,808	-7,783	-7,736	-7,677	-7,594	-7,456	-7,299	0,191	0,267	0,282	0,288	0,270	0,228	0,222	0,215	0,209	0,219	0,249	0,276	0,301	0,316	0,243	0,000	0,000
7,000	-7,061	-7,001	-6,990	-6,906	-6,861	-6,821	-6,806	-6,792	-6,771	-6,768	-6,753	-6,735	-6,705	-6,660	-6,611	0,031	0,055	0,074	0,133	0,112	0,093	0,090	0,085	0,081	0,075	0,082	0,089	0,097	0,100	0,076	0,000	0,000
8,000	-19,705	-19,988	-19,966	-20,126	-20,124	-20,177	-20,212	-20,237	-20,258	-20,305	-20,313	-20,329	-20,329	-20,290	-20,230	-0,527	-0,291	-0,279	-0,190	-0,153	-0,150	-0,138	-0,126	-0,105	-0,084	-0,046	-0,005	0,025	0,064	0,065	0,000	0,000
9,000	-9,577	-9,549	-9,467	-9,281	-9,146	-9,031	-8,965	-8,916	-8,864	-8,825	-8,779	-8,722	-8,643	-8,524	-8,386	0,038	0,152	0,234	0,338	0,345	0,315	0,304	0,271	0,254	0,247	0,260	0,270	0,286	0,286	0,218	0,000	0,000
10,000	-9,479	-9,524	-9,418	-9,319	-9,251	-9,218	-9,194	-9,182	-9,158	-9,153	-9,131	-9,092	-9,035	-8,939	-8,833	-0,121	0,088	0,096	0,153	0,132	0,128	0,120	0,119	0,110	0,130	0,150	0,169	0,197	0,206	0,166	0,000	0,000
11,000	-9,639	-9,559	-9,530	-9,403	-9,334	-9,279	-9,247	-9,225	-9,195	-9,176	-9,138	-9,094	-9,032	-8,933	-8,811	0,061	0,110	0,140	0,186	0,183	0,168	0,164	0,156	0,154	0,164	0,185	0,203	0,228	0,235	0,178	0,000	0,000
12,000	-14,886	-14,863	-14,859	-14,805	-14,761	-14,746	-14,742	-14,741	-14,722	-14,735	-14,717	-14,686	-14,641	-14,529	-14,405	-0,026	0,028	0,047	0,081	0,071	0,053	0,056	0,057	0,070	0,078	0,119	0,152	0,194	0,223	0,179	0,000	0,000
13,000	-8,512	-8,453	-8,493	-8,488	-8,483	-8,461	-8,440	-8,429	-8,403	-8,369	-8,319	-8,256	-8,155	-8,015	-7,827	-0,020	-0,030	-0,019	0,032	0,063	0,083	0,109	0,122	0,156	0,192	0,236	0,278	0,323	0,342	0,274	0,000	0,000
14,000	-12,157	-11,977	-12,055	-11,956	-11,942	-11,910	-11,891	-11,890	-11,878	-11,877	-11,848	-11,823	-11,746	-11,610	-11,420	0,124	0,013	0,067	0,094	0,086	0,072	0,083	0,087	0,093	0,121	0,157	0,207	0,276	0,311	0,261	0,000	0,000
15,000	-9,319	-9,405	-9,347	-9,333	-9,293	-9,299	-9,287	-9,270	-9,251	-9,246	-9,225	-9,195	-9,149	-9,078	-9,000	-0,178	0,008	-0,002	0,046	0,048	0,052	0,061	0,078	0,076	0,085	0,110	0,126	0,152	0,159	0,127	0,000	0,000
	run	14	2022:11:08    11:39:34,048
0,000	-13,805	-13,884	-13,941	-14,046	-14,082	-14,106	-14,121	-14,126	-14,132	-14,141	-14,136	-14,109	-14,057	-13,973	-13,854	-0,269	-0,225	-0,207	-0,144	-0,112	-0,082	-0,050	-0,027	-0,008	0,028	0,071	0,116	0,156	0,187	0,147	0,000	0,000
1,000	-17,491	-17,473	-17,351	-17,088	-16,899	-16,771	-16,695	-16,633	-16,569	-16,522	-16,464	-16,417	-16,351	-16,245	-16,133	0,031	0,235	0,316	0,437	0,437	0,387	0,357	0,326	0,294	0,271	0,263	0,261	0,258	0,251	0,185	0,000	0,000
2,000	-10,847	-10,814	-10,773	-10,620	-10,517	-10,437	-10,393	-10,349	-10,294	-10,258	-10,188	-10,103	-9,999	-9,839	-9,659	0,057	0,145	0,187	0,265	0,271	0,250	0,263	0,258	0,266	0,282	0,305	0,344	0,363	0,372	0,277	0,000	0,000
3,000	-21,394	-21,334	-21,242	-20,848	-20,617	-20,475	-20,405	-20,344	-20,294	-20,285	-20,247	-20,215	-20,162	-20,055	-19,930	0,149	0,338	0,439	0,544	0,506	0,413	0,357	0,300	0,263	0,219	0,207	0,221	0,233	0,241	0,188	0,000	0,000
4,000	-11,253	-11,361	-11,273	-11,294	-11,269	-11,267	-11,265	-11,271	-11,265	-11,239	-11,201	-11,132	-11,000	-10,778	-10,495	-0,305	-0,058	-0,054	0,008	0,029	0,047	0,072	0,094	0,124	0,185	0,275	0,358	0,455	0,500	0,411	0,000	0,000
5,000	-12,443	-12,372	-12,488	-12,499	-12,499	-12,472	-12,462	-12,456	-12,435	-12,440	-12,390	-12,319	-12,193	-11,961	-11,681	-0,008	-0,117	-0,091	-0,001	0,033	0,042	0,075	0,101	0,140	0,182	0,264	0,354	0,449	0,501	0,409	0,000	0,000
6,000	-8,322	-8,228	-8,117	-7,961	-7,857	-7,793	-7,757	-7,733	-7,688	-7,669	-7,619	-7,562	-7,476	-7,336	-7,184	0,185	0,254	0,272	0,283	0,257	0,227	0,218	0,203	0,207	0,212	0,246	0,271	0,296	0,309	0,238	0,000	0,000
7,000	-6,943	-6,898	-6,894	-6,816	-6,770	-6,730	-6,716	-6,702	-6,687	-6,686	-6,667	-6,648	-6,636	-6,588	-6,540	0,036	0,043	0,077	0,125	0,108	0,082	0,083	0,079	0,076	0,070	0,074	0,086	0,089	0,092	0,065	0,000	0,000
8,000	-19,537	-19,787	-19,781	-19,926	-19,914	-19,964	-20,000	-20,024	-20,040	-20,094	-20,102	-20,118	-20,115	-20,079	-20,025	-0,513	-0,281	-0,264	-0,177	-0,146	-0,142	-0,132	-0,119	-0,101	-0,086	-0,051	-0,007	0,021	0,066	0,056	0,000	0,000
9,000	-9,497	-9,477	-9,428	-9,242	-9,111	-9,003	-8,947	-8,899	-8,842	-8,805	-8,756	-8,701	-8,621	-8,506	-8,368	0,025	0,135	0,214	0,320	0,331	0,302	0,290	0,266	0,252	0,240	0,254	0,264	0,278	0,283	0,213	0,000	0,000
10,000	-9,330	-9,377	-9,275	-9,193	-9,117	-9,089	-9,069	-9,050	-9,034	-9,027	-9,005	-8,970	-8,907	-8,820	-8,711	-0,121	0,075	0,093	0,143	0,131	0,125	0,116	0,114	0,109	0,121	0,141	0,165	0,196	0,202	0,165	0,000	0,000
11,000	-9,596	-9,518	-9,493	-9,373	-9,301	-9,247	-9,215	-9,196	-9,165	-9,145	-9,106	-9,062	-8,999	-8,902	-8,786	0,055	0,107	0,126	0,187	0,184	0,160	0,162	0,149	0,155	0,160	0,179	0,208	0,224	0,229	0,176	0,000	0,000
12,000	-14,995	-14,979	-14,960	-14,906	-14,861	-14,842	-14,837	-14,839	-14,823	-14,838	-14,816	-14,784	-14,728	-14,622	-14,496	-0,028	0,024	0,049	0,080	0,075	0,048	0,060	0,063	0,071	0,087	0,117	0,161	0,195	0,225	0,179	0,000	0,000
13,000	-8,492	-8,459	-8,486	-8,494	-8,480	-8,457	-8,438	-8,429	-8,401	-8,367	-8,317	-8,253	-8,161	-8,019	-7,841	-0,040	-0,036	-0,022	0,035	0,059	0,080	0,105	0,123	0,152	0,186	0,230	0,276	0,315	0,334	0,261	0,000	0,000
14,000	-12,005	-11,783	-11,886	-11,778	-11,766	-11,742	-11,719	-11,719	-11,708	-11,700	-11,699	-11,649	-11,577	-11,439	-11,247	0,122	0,014	0,064	0,083	0,080	0,072	0,083	0,082	0,090	0,113	0,162	0,215	0,272	0,312	0,259	0,000	0,000
15,000	-9,308	-9,375	-9,308	-9,309	-9,262	-9,262	-9,249	-9,240	-9,217	-9,206	-9,187	-9,155	-9,111	-9,037	-8,957	-0,180	0,004	0,003	0,060	0,054	0,057	0,063	0,082	0,087	0,088	0,114	0,131	0,153	0,159	0,128	0,000	0,000
	run	15	2022:11:08    11:39:34,100
0,000	-13,805	-13,884	-13,941	-14,046	-14,082	-14,106	-14,121	-14,126	-14,132	-14,141	-14,136	-14,109	-14,057	-13,973	-13,854	-0,269	-0,225	-0,207	-0,144	-0,112	-0,082	-0,050	-0,027	-0,008	0,028	0,071	0,116	0,156	0,187	0,147	0,000	0,000
1,000	-17,491	-17,473	-17,351	-17,088	-16,899	-16,771	-16,695	-16,633	-16,569	-16,522	-16,464	-16,417	-16,351	-16,245	-16,133	0,031	0,235	0,316	0,437	0,437	0,387	0,357	0,326	0,294	0,271	0,263	0,261	0,258	0,251	0,185	0,000	0,000
2,000	-10,847	-10,814	-10,773	-10,620	-10,517	-10,437	-10,393	-10,349	-10,294	-10,258	-10,188	-10,103	-9,999	-9,839	-9,659	0,057	0,145	0,187	0,265	0,271	0,250	0,263	0,258	0,266	0,282	0,305	0,344	0,363	0,372	0,277	0,000	0,000
3,000	-21,394	-21,334	-21,242	-20,848	-20,617	-20,475	-20,405	-20,344	-20,294	-20,285	-20,247	-20,215	-20,162	-20,055	-19,930	0,149	0,338	0,439	0,544	0,506	0,413	0,357	0,300	0,263	0,219	0,207	0,221	0,233	0,241	0,188	0,000	0,000
4,000	-11,253	-11,361	-11,273	-11,294	-11,269	-11,267	-11,265	-11,271	-11,265	-11,239	-11,201	-11,132	-11,000	-10,778	-10,495	-0,305	-0,058	-0,054	0,008	0,029	0,047	0,072	0,094	0,124	0,185	0,275	0,358	0,455	0,500	0,411	0,000	0,000
5,000	-12,443	-12,372	-12,488	-12,499	-12,499	-12,472	-12,462	-12,456	-12,435	-12,440	-12,390	-12,319	-12,193	-11,961	-11,681	-0,008	-0,117	-0,091	-0,001	0,033	0,042	0,075	0,101	0,140	0,182	0,264	0,354	0,449	0,501	0,409	0,000	0,000
6,000	-8,360	-8,255	-8,135	-7,975	-7,875	-7,811	-7,784	-7,753	-7,712	-7,688	-7,635	-7,578	-7,495	-7,361	-7,203	0,181	0,268	0,269	0,278	0,261	0,228	0,218	0,204	0,208	0,213	0,244	0,263	0,295	0,307	0,242	0,000	0,000
7,000	-6,928	-6,880	-6,860	-6,791	-6,744	-6,708	-6,690	-6,683	-6,663	-6,664	-6,647	-6,629	-6,609	-6,566	-6,523	0,018	0,048	0,073	0,109	0,106	0,086	0,091	0,072	0,069	0,066	0,075	0,080	0,087	0,091	0,068	0,000	0,000
8,000	-19,438	-19,692	-19,674	-19,820	-19,802	-19,861	-19,895	-19,921	-19,943	-19,985	-19,997	-20,014	-20,013	-19,975	-19,914	-0,494	-0,286	-0,248	-0,175	-0,141	-0,138	-0,132	-0,120	-0,105	-0,082	-0,046	-0,005	0,022	0,066	0,061	0,000	0,000
9,000	-9,342	-9,311	-9,254	-9,080	-8,950	-8,844	-8,776	-8,727	-8,681	-8,649	-8,591	-8,536	-8,463	-8,344	-8,209	0,035	0,127	0,213	0,322	0,326	0,299	0,287	0,258	0,250	0,240	0,250	0,264	0,280	0,281	0,212	0,000	0,000
10,000	-9,421	-9,462	-9,374	-9,261	-9,185	-9,155	-9,131	-9,117	-9,095	-9,091	-9,069	-9,030	-8,970	-8,879	-8,771	-0,099	0,091	0,114	0,151	0,139	0,126	0,121	0,122	0,111	0,123	0,140	0,164	0,191	0,208	0,167	0,000	0,000
11,000	-9,648	-9,572	-9,538	-9,419	-9,338	-9,286	-9,260	-9,235	-9,208	-9,183	-9,150	-9,104	-9,039	-8,940	-8,822	0,064	0,119	0,141	0,184	0,185	0,163	0,159	0,151	0,159	0,158	0,182	0,206	0,226	0,232	0,176	0,000	0,000
12,000	-15,093	-15,082	-15,062	-15,004	-14,959	-14,937	-14,935	-14,934	-14,920	-14,932	-14,920	-14,877	-14,825	-14,720	-14,596	-0,041	0,033	0,051	0,085	0,082	0,054	0,059	0,060	0,067	0,078	0,120	0,156	0,197	0,225	0,177	0,000	0,000
13,000	-8,432	-8,422	-8,444	-8,435	-8,430	-8,406	-8,389	-8,374	-8,346	-8,314	-8,267	-8,203	-8,108	-7,966	-7,780	-0,038	-0,028	-0,014	0,035	0,061	0,087	0,109	0,129	0,153	0,185	0,231	0,271	0,316	0,336	0,269	0,000	0,000
14,000	-11,718	-11,481	-11,600	-11,496	-11,498	-11,466	-11,447	-11,445	-11,431	-11,428	-11,417	-11,378	-11,295	-11,167	-10,980	0,156	0,002	0,053	0,085	0,077	0,064	0,076	0,073	0,091	0,108	0,150	0,208	0,272	0,303	0,259	0,000	0,000
15,000	-9,196	-9,291	-9,226	-9,213	-9,170	-9,166	-9,159	-9,142	-9,120	-9,109	-9,092	-9,062	-9,017	-8,942	-8,861	-0,183	0,012	-0,005	0,051	0,051	0,057	0,066	0,081	0,080	0,092	0,116	0,129	0,148	0,160	0,129	0,000	0,000
	run	16	2022:11:08    11:39:34,200
0,000	-13,317	-13,395	-13,433	-13,534	-13,564	-13,580	-13,589	-13,604	-13,606	-13,616	-13,606	-13,584	-13,540	-13,453	-13,356	-0,247	-0,205	-0,189	-0,128	-0,104	-0,079	-0,042	-0,027	-0,004	0,022	0,059	0,110	0,148	0,168	0,143	0,000	0,000
1,000	-16,648	-16,658	-16,571	-16,371	-16,196	-16,069	-15,999	-15,938	-15,876	-15,837	-15,781	-15,726	-15,668	-15,571	-15,464	-0,032	0,159	0,240	0,373	0,392	0,355	0,339	0,299	0,278	0,258	0,251	0,250	0,245	0,239	0,177	0,000	0,000
2,000	-10,375	-10,350	-10,332	-10,178	-10,077	-9,993	-9,950	-9,912	-9,853	-9,820	-9,754	-9,679	-9,583	-9,434	-9,266	0,035	0,120	0,167	0,251	0,263	0,240	0,250	0,244	0,255	0,264	0,297	0,324	0,345	0,345	0,263	0,000	0,000
3,000	-20,818	-20,803	-20,734	-20,386	-20,170	-20,029	-19,959	-19,904	-19,844	-19,843	-19,804	-19,766	-19,715	-19,607	-19,485	0,060	0,275	0,375	0,498	0,477	0,392	0,342	0,289	0,252	0,212	0,209	0,222	0,238	0,241	0,185	0,000	0,000
4,000	-11,322	-11,449	-11,340	-11,374	-11,341	-11,346	-11,341	-11,339	-11,334	-11,315	-11,273	-11,203	-11,072	-10,852	-10,570	-0,332	-0,056	-0,063	0,008	0,030	0,053	0,076	0,089	0,128	0,193	0,269	0,355	0,445	0,494	0,408	0,000	0,000
5,000	-12,640	-12,567	-12,689	-12,697	-12,697	-12,667	-12,656	-12,654	-12,631	-12,635	-12,593	-12,513	-12,385	-12,157	-11,862	-0,010	-0,118	-0,092	0,005	0,031	0,046	0,077	0,103	0,147	0,184	0,264	0,361	0,456	0,501	0,412	0,000	0,000
6,000	-8,408	-8,311	-8,189	-8,025	-7,920	-7,856	-7,823	-7,790	-7,746	-7,731	-7,675	-7,620	-7,541	-7,398	-7,241	0,174	0,267	0,271	0,290	0,266	0,223	0,217	0,208	0,211	0,218	0,240	0,274	0,305	0,315	0,242	0,000	0,000
7,000	-6,953	-6,906	-6,904	-6,831	-6,776	-6,747	-6,727	-6,718	-6,697	-6,694	-6,680	-6,660	-6,638	-6,598	-6,548	0,035	0,050	0,072	0,120	0,106	0,091	0,086	0,083	0,080	0,075	0,075	0,086	0,092	0,093	0,073	0,000	0,000
8,000	-19,563	-19,843	-19,826	-19,969	-19,957	-20,014	-20,046	-20,071	-20,093	-20,138	-20,147	-20,167	-20,161	-20,125	-20,061	-0,500	-0,283	-0,254	-0,181	-0,142	-0,137	-0,127	-0,123	-0,104	-0,083	-0,044	-0,004	0,023	0,065	0,061	0,000	0,000
9,000	-9,585	-9,540	-9,475	-9,289	-9,148	-9,034	-8,973	-8,923	-8,870	-8,833	-8,782	-8,724	-8,647	-8,528	-8,385	0,050	0,150	0,216	0,332	0,337	0,311	0,298	0,269	0,254	0,248	0,260	0,273	0,286	0,290	0,219	0,000	0,000
10,000	-9,528	-9,558	-9,455	-9,342	-9,264	-9,236	-9,210	-9,197	-9,173	-9,166	-9,138	-9,107	-9,047	-8,950	-8,844	-0,113	0,101	0,120	0,173	0,148	0,130	0,128	0,124	0,117	0,126	0,152	0,170	0,200	0,212	0,170	0,000	0,000
11,000	-9,737	-9,649	-9,619	-9,485	-9,409	-9,355	-9,323	-9,305	-9,273	-9,251	-9,212	-9,172	-9,107	-9,006	-8,880	0,071	0,128	0,151	0,198	0,193	0,168	0,168	0,156	0,163	0,165	0,187	0,209	0,225	0,237	0,178	0,000	0,000
12,000	-15,020	-15,002	-14,992	-14,938	-14,897	-14,876	-14,872	-14,873	-14,855	-14,871	-14,848	-14,820	-14,767	-14,664	-14,539	-0,033	0,020	0,044	0,072	0,068	0,046	0,053	0,060	0,064	0,075	0,117	0,158	0,194	0,218	0,177	0,000	0,000
13,000	-8,449	-8,427	-8,459	-8,450	-8,441	-8,418	-8,402	-8,382	-8,356	-8,325	-8,274	-8,208	-8,114	-7,969	-7,788	-0,033	-0,031	-0,012	0,041	0,062	0,084	0,111	0,131	0,162	0,192	0,230	0,278	0,317	0,339	0,268	0,000	0,000
14,000	-11,702	-11,502	-11,591	-11,496	-11,495	-11,455	-11,443	-11,443	-11,426	-11,424	-11,404	-11,373	-11,305	-11,172	-10,990	0,150	-0,006	0,049	0,079	0,082	0,066	0,074	0,074	0,087	0,110	0,153	0,199	0,262	0,304	0,246	0,000	0,000
15,000	-9,097	-9,190	-9,124	-9,111	-9,075	-9,076	-9,063	-9,048	-9,030	-9,020	-9,002	-8,969	-8,924	-8,863	-8,782	-0,190	0,003	-0,000	0,045	0,047	0,058	0,064	0,079	0,078	0,093	0,112	0,120	0,144	0,152	0,123	0,000	0,000
	run	17	2022:11:08    11:39:34,301
0,000	-13,191	-13,268	-13,307	-13,406	-13,434	-13,455	-13,464	-13,469	-13,468	-13,478	-13,473	-13,450	-13,409	-13,323	-13,223	-0,245	-0,209	-0,184	-0,122	-0,096	-0,071	-0,045	-0,029	0,001	0,025	0,061	0,109	0,145	0,169	0,140	0,000	0,000
1,000	-16,292	-16,295	-16,215	-16,028	-15,863	-15,748	-15,681	-15,618	-15,560	-15,519	-15,460	-15,413	-15,358	-15,263	-15,162	-0,058	0,142	0,203	0,351	0,370	0,331	0,320	0,287	0,269	0,247	0,238	0,236	0,230	0,232	0,170	0,000	0,000
2,000	-10,156	-10,154	-10,126	-9,989	-9,886	-9,812	-9,770	-9,726	-9,678	-9,646	-9,583	-9,505	-9,413	-9,273	-9,112	0,033	0,100	0,163	0,234	0,250	0,237	0,243	0,234	0,244	0,257	0,283	0,307	0,327	0,329	0,247	0,000	0,000
3,000	-20,386	-20,394	-20,341	-20,023	-19,809	-19,675	-19,608	-19,546	-19,499	-19,488	-19,452	-19,413	-19,362	-19,260	-19,142	0,024	0,228	0,316	0,467	0,455	0,379	0,330	0,286	0,253	0,210	0,205	0,215	0,223	0,238	0,178	0,000	0,000
4,000	-11,105	-11,197	-11,114	-11,112	-11,087	-11,079	-11,080	-11,086	-11,081	-11,056	-11,027	-10,954	-10,822	-10,612	-10,343	-0,320	-0,044	-0,057	0,018	0,032	0,043	0,069	0,085	0,125	0,178	0,261	0,343	0,432	0,485	0,401	0,000	0,000
5,000	-12,644	-12,560	-12,711	-12,726	-12,723	-12,694	-12,675	-12,682	-12,650	-12,654	-12,603	-12,528	-12,396	-12,158	-11,864	0,002	-0,143	-0,097	-0,001	0,031	0,053	0,078	0,104	0,151	0,196	0,269	0,369	0,463	0,516	0,415	0,000	0,000
6,000	-8,677	-8,569	-8,455	-8,283	-8,171	-8,111	-8,074	-8,045	-8,010	-7,984	-7,933	-7,863	-7,776	-7,633	-7,468	0,190	0,280	0,289	0,303	0,272	0,228	0,222	0,215	0,213	0,225	0,249	0,285	0,315	0,330	0,257	0,000	0,000
7,000	-7,272	-7,222	-7,186	-7,081	-7,017	-6,985	-6,969	-6,956	-6,931	-6,929	-6,921	-6,902	-6,870	-6,824	-6,773	0,043	0,087	0,124	0,146	0,137	0,105	0,102	0,089	0,088	0,072	0,085	0,098	0,098	0,108	0,076	0,000	0,000
8,000	-19,923	-20,195	-20,198	-20,366	-20,358	-20,421	-20,456	-20,483	-20,501	-20,550	-20,565	-20,576	-20,580	-20,538	-20,473	-0,504	-0,298	-0,280	-0,197	-0,164	-0,157	-0,138	-0,126	-0,110	-0,091	-0,049	-0,009	0,024	0,066	0,060	0,000	0,000
9,000	-9,693	-9,660	-9,581	-9,374	-9,225	-9,113	-9,048	-8,997	-8,948	-8,914	-8,857	-8,804	-8,721	-8,601	-8,457	0,075	0,174	0,250	0,360	0,356	0,323	0,307	0,279	0,262	0,255	0,269	0,277	0,295	0,300	0,223	0,000	0,000
10,000	-9,630	-9,656	-9,555	-9,437	-9,356	-9,323	-9,297	-9,283	-9,260	-9,254	-9,234	-9,196	-9,134	-9,038	-8,923	-0,108	0,110	0,127	0,179	0,155	0,138	0,129	0,123	0,117	0,130	0,153	0,172	0,202	0,216	0,174	0,000	0,000
11,000	-9,735	-9,649	-9,624	-9,484	-9,408	-9,351	-9,322	-9,305	-9,269	-9,253	-9,215	-9,170	-9,102	-9,004	-8,884	0,069	0,126	0,153	0,200	0,191	0,170	0,166	0,155	0,159	0,163	0,188	0,206	0,228	0,237	0,183	0,000	0,000
12,000	-15,093	-15,062	-15,060	-15,005	-14,955	-14,937	-14,936	-14,930	-14,917	-14,931	-14,910	-14,882	-14,831	-14,718	-14,593	-0,034	0,025	0,046	0,080	0,073	0,051	0,061	0,064	0,073	0,077	0,120	0,160	0,203	0,230	0,182	0,000	0,000
13,000	-8,431	-8,416	-8,442	-8,443	-8,428	-8,408	-8,393	-8,373	-8,345	-8,312	-8,269	-8,199	-8,106	-7,963	-7,779	-0,038	-0,027	-0,023	0,031	0,062	0,086	0,104	0,128	0,155	0,189	0,234	0,281	0,322	0,342	0,267	0,000	0,000
14,000	-11,804	-11,583	-11,677	-11,591	-11,586	-11,553	-11,528	-11,538	-11,527	-11,521	-11,519	-11,469	-11,398	-11,269	-11,086	0,148	-0,005	0,058	0,086	0,073	0,068	0,075	0,076	0,082	0,110	0,148	0,196	0,260	0,293	0,246	0,000	0,000
15,000	-8,997	-9,090	-9,030	-9,013	-8,972	-8,977	-8,964	-8,947	-8,930	-8,924	-8,901	-8,874	-8,833	-8,767	-8,689	-0,184	0,002	-0,006	0,050	0,049	0,056	0,062	0,077	0,077	0,088	0,110	0,120	0,137	0,151	0,117	0,000	0,000
	run	18	2022:11:08    11:39:34,349
0,000	-13,104	-13,179	-13,226	-13,310	-13,345	-13,363	-13,372	-13,381	-13,379	-13,390	-13,388	-13,365	-13,321	-13,239	-13,141	-0,250	-0,210	-0,174	-0,124	-0,099	-0,068	-0,042	-0,024	-0,002	0,021	0,064	0,101	0,143	0,166	0,135	0,000	0,000
1,000	-16,341	-16,368	-16,295	-16,098	-15,928	-15,810	-15,742	-15,685	-15,618	-15,583	-15,531	-15,483	-15,416	-15,327	-15,223	-0,032	0,143	0,220	0,354	0,372	0,338	0,317	0,291	0,268	0,245	0,238	0,238	0,233	0,225	0,165	0,000	0,000
2,000	-10,156	-10,154	-10,126	-9,989	-9,886	-9,812	-9,770	-9,726	-9,678	-9,646	-9,583	-9,505	-9,413	-9,273	-9,112	0,033	0,100	0,163	0,234	0,250	0,237	0,243	0,234	0,244	0,257	0,283	0,307	0,327	0,329	0,247	0,000	0,000
3,000	-20,386	-20,394	-20,341	-20,023	-19,809	-19,675	-19,608	-19,546	-19,499	-19,488	-19,452	-19,413	-19,362	-19,260	-19,142	0,024	0,228	0,316	0,467	0,455	0,379	0,330	0,286	0,253	0,210	0,205	0,215	0,223	0,238	0,178	0,000	0,000
4,000	-11,105	-11,197	-11,114	-11,112	-11,087	-11,079	-11,080	-11,086	-11,081	-11,056	-11,027	-10,954	-10,822	-10,612	-10,343	-0,320	-0,044	-0,057	0,018	0,032	0,043	0,069	0,085	0,125	0,178	0,261	0,343	0,432	0,485	0,401	0,000	0,000
5,000	-12,644	-12,560	-12,711	-12,726	-12,723	-12,694	-12,675	-12,682	-12,650	-12,654	-12,603	-12,528	-12,396	-12,158	-11,864	0,002	-0,143	-0,097	-0,001	0,031	0,053	0,078	0,104	0,151	0,196	0,269	0,369	0,463	0,516	0,415	0,000	0,000
6,000	-8,677	-8,569	-8,455	-8,283	-8,171	-8,111	-8,074	-8,045	-8,010	-7,984	-7,933	-7,863	-7,776	-7,633	-7,468	0,190	0,280	0,289	0,303	0,272	0,228	0,222	0,215	0,213	0,225	0,249	0,285	0,315	0,330	0,257	0,000	0,000
7,000	-7,272	-7,222	-7,186	-7,081	-7,017	-6,985	-6,969	-6,956	-6,931	-6,929	-6,921	-6,902	-6,870	-6,824	-6,773	0,043	0,087	0,124	0,146	0,137	0,105	0,102	0,089	0,088	0,072	0,085	0,098	0,098	0,108	0,076	0,000	0,000
8,000	-20,311	-20,609	-20,600	-20,785	-20,786	-20,843	-20,879	-20,914	-20,928	-20,977	-20,989	-21,000	-20,999	-20,955	-20,905	-0,550	-0,330	-0,324	-0,224	-0,177	-0,163	-0,147	-0,136	-0,111	-0,090	-0,046	-0,004	0,024	0,076	0,063	0,000	0,000
9,000	-9,815	-9,745	-9,655	-9,432	-9,279	-9,167	-9,107	-9,050	-9,001	-8,960	-8,908	-8,853	-8,764	-8,638	-8,488	0,066	0,193	0,265	0,370	0,371	0,328	0,315	0,279	0,263	0,258	0,273	0,289	0,305	0,301	0,233	0,000	0,000
10,000	-9,631	-9,669	-9,552	-9,435	-9,355	-9,324	-9,301	-9,284	-9,260	-9,259	-9,232	-9,194	-9,130	-9,041	-8,926	-0,094	0,102	0,126	0,178	0,154	0,138	0,130	0,128	0,121	0,131	0,160	0,172	0,210	0,220	0,175	0,000	0,000
11,000	-9,743	-9,650	-9,617	-9,478	-9,396	-9,343	-9,313	-9,291	-9,253	-9,240	-9,194	-9,151	-9,089	-8,981	-8,859	0,067	0,125	0,160	0,202	0,201	0,167	0,167	0,155	0,164	0,164	0,189	0,210	0,235	0,245	0,185	0,000	0,000
12,000	-15,113	-15,088	-15,082	-15,022	-14,978	-14,957	-14,953	-14,953	-14,935	-14,954	-14,933	-14,904	-14,844	-14,741	-14,608	-0,033	0,030	0,052	0,083	0,073	0,055	0,063	0,066	0,071	0,083	0,116	0,159	0,196	0,227	0,185	0,000	0,000
13,000	-8,530	-8,527	-8,550	-8,545	-8,532	-8,510	-8,493	-8,477	-8,447	-8,419	-8,371	-8,301	-8,203	-8,064	-7,875	-0,034	-0,031	-0,013	0,035	0,066	0,084	0,114	0,131	0,160	0,193	0,237	0,281	0,318	0,341	0,272	0,000	0,000
14,000	-11,828	-11,598	-11,717	-11,611	-11,610	-11,573	-11,557	-11,560	-11,546	-11,545	-11,531	-11,494	-11,418	-11,289	-11,114	0,144	0,012	0,066	0,088	0,072	0,064	0,073	0,074	0,090	0,106	0,152	0,203	0,258	0,303	0,244	0,000	0,000
15,000	-9,000	-9,095	-9,031	-9,013	-8,978	-8,980	-8,966	-8,954	-8,932	-8,926	-8,908	-8,872	-8,831	-8,771	-8,691	-0,193	-0,004	-0,006	0,049	0,047	0,060	0,062	0,079	0,077	0,092	0,109	0,117	0,143	0,150	0,119	0,000	0,000
	run	19	2022:11:08    11:39:34,448
0,000	-13,094	-13,181	-13,229	-13,310	-13,346	-13,362	-13,369	-13,385	-13,382	-13,392	-13,389	-13,366	-13,322	-13,246	-13,148	-0,256	-0,204	-0,178	-0,115	-0,097	-0,071	-0,047	-0,030	-0,002	0,021	0,058	0,099	0,143	0,163	0,135	0,000	0,000
1,000	-16,375	-16,395	-16,314	-16,130	-15,967	-15,845	-15,773	-15,718	-15,658	-15,617	-15,564	-15,514	-15,458	-15,368	-15,254	-0,059	0,141	0,210	0,346	0,367	0,330	0,314	0,287	0,262	0,247	0,242	0,240	0,230	0,229	0,169	0,000	0,000
2,000	-10,090	-10,089	-10,068	-9,942	-9,841	-9,770	-9,723	-9,692	-9,632	-9,601	-9,538	-9,464	-9,378	-9,236	-9,078	0,028	0,089	0,139	0,233	0,246	0,225	0,232	0,231	0,239	0,250	0,273	0,304	0,321	0,321	0,244	0,000	0,000
3,000	-19,997	-20,010	-19,951	-19,673	-19,474	-19,339	-19,267	-19,212	-19,159	-19,150	-19,116	-19,084	-19,032	-18,935	-18,821	0,005	0,203	0,280	0,437	0,432	0,359	0,316	0,269	0,240	0,199	0,193	0,209	0,220	0,225	0,167	0,000	0,000
4,000	-10,776	-10,863	-10,789	-10,785	-10,761	-10,746	-10,745	-10,744	-10,739	-10,719	-10,685	-10,624	-10,497	-10,299	-10,040	-0,304	-0,034	-0,038	0,025	0,040	0,054	0,069	0,086	0,115	0,176	0,252	0,327	0,409	0,459	0,379	0,000	0,000
5,000	-12,128	-12,071	-12,212	-12,221	-12,216	-12,203	-12,184	-12,183	-12,153	-12,149	-12,111	-12,029	-11,913	-11,695	-11,418	-0,006	-0,145	-0,088	-0,002	0,023	0,040	0,078	0,107	0,135	0,184	0,255	0,345	0,434	0,486	0,392	0,000	0,000
6,000	-8,553	-8,468	-8,353	-8,197	-8,086	-8,025	-8,001	-7,963	-7,918	-7,899	-7,843	-7,779	-7,694	-7,551	-7,388	0,170	0,253	0,273	0,285	0,264	0,228	0,224	0,214	0,216	0,227	0,252	0,286	0,314	0,326	0,251	0,000	0,000
7,000	-7,305	-7,222	-7,197	-7,084	-7,025	-6,989	-6,966	-6,954	-6,936	-6,932	-6,918	-6,902	-6,873	-6,821	-6,770	0,069	0,089	0,127	0,154	0,135	0,101	0,100	0,092	0,086	0,075	0,084	0,097	0,102	0,110	0,081	0,000	0,000
8,000	-20,508	-20,815	-20,816	-21,016	-21,012	-21,071	-21,105	-21,131	-21,154	-21,199	-21,207	-21,227	-21,222	-21,178	-21,116	-0,551	-0,343	-0,336	-0,223	-0,178	-0,166	-0,149	-0,138	-0,108	-0,089	-0,049	-0,003	0,021	0,075	0,073	0,000	0,000
9,000	-9,882	-9,818	-9,721	-9,472	-9,324	-9,199	-9,143	-9,092	-9,043	-9,003	-8,953	-8,889	-8,801	-8,675	-8,523	0,079	0,232	0,299	0,388	0,376	0,338	0,314	0,283	0,267	0,263	0,272	0,296	0,313	0,309	0,238	0,000	0,000
10,000	-9,829	-9,837	-9,724	-9,580	-9,496	-9,456	-9,433	-9,417	-9,397	-9,389	-9,360	-9,323	-9,259	-9,161	-9,043	-0,083	0,135	0,150	0,201	0,171	0,153	0,137	0,131	0,125	0,136	0,156	0,179	0,212	0,225	0,177	0,000	0,000
11,000	-9,854	-9,743	-9,713	-9,561	-9,477	-9,422	-9,390	-9,370	-9,338	-9,315	-9,279	-9,227	-9,157	-9,054	-8,925	0,090	0,155	0,181	0,219	0,209	0,178	0,177	0,162	0,166	0,176	0,194	0,219	0,243	0,253	0,192	0,000	0,000
12,000	-15,441	-15,418	-15,405	-15,353	-15,310	-15,292	-15,285	-15,283	-15,265	-15,283	-15,262	-15,226	-15,178	-15,066	-14,938	-0,042	0,016	0,048	0,080	0,074	0,051	0,058	0,062	0,071	0,082	0,126	0,164	0,203	0,230	0,187	0,000	0,000
13,000	-8,610	-8,573	-8,601	-8,589	-8,576	-8,558	-8,541	-8,522	-8,489	-8,460	-8,407	-8,344	-8,246	-8,092	-7,910	-0,025	-0,017	-0,008	0,043	0,067	0,087	0,111	0,132	0,162	0,193	0,240	0,287	0,331	0,353	0,280	0,000	0,000
14,000	-11,770	-11,547	-11,650	-11,552	-11,552	-11,515	-11,492	-11,492	-11,485	-11,478	-11,464	-11,433	-11,356	-11,232	-11,046	0,151	0,015	0,066	0,088	0,083	0,069	0,081	0,071	0,089	0,105	0,158	0,204	0,262	0,301	0,244	0,000	0,000
15,000	-9,040	-9,129	-9,069	-9,047	-9,015	-9,018	-9,003	-8,987	-8,970	-8,962	-8,941	-8,911	-8,869	-8,811	-8,729	-0,181	0,011	-0,012	0,046	0,050	0,061	0,063	0,073	0,079	0,088	0,109	0,119	0,141	0,148	0,118	0,000	0,000
	run	20	2022:11:08    11:39:34,503
0,000	-13,094	-13,181	-13,229	-13,310	-13,346	-13,362	-13,369	-13,385	-13,382	-13,392	-13,389	-13,366	-13,322	-13,246	-13,148	-0,256	-0,204	-0,178	-0,115	-0,097	-0,071	-0,047	-0,030	-0,002	0,021	0,058	0,099	0,143	0,163	0,135	0,000	0,000
1,000	-16,375	-16,395	-16,314	-16,130	-15,967	-15,845	-15,773	-15,718	-15,658	-15,617	-15,564	-15,514	-15,458	-15,368	-15,254	-0,059	0,141	0,210	0,346	0,367	0,330	0,314	0,287	0,262	0,247	0,242	0,240	0,230	0,229	0,169	0,000	0,000
2,000	-10,090	-10,089	-10,068	-9,942	-9,841	-9,770	-9,723	-9,692	-9,632	-9,601	-9,538	-9,464	-9,378	-9,236	-9,078	0,028	0,089	0,139	0,233	0,246	0,225	0,232	0,231	0,239	0,250	0,273	0,304	0,321	0,321	0,244	0,000	0,000
3,000	-19,997	-20,010	-19,951	-19,673	-19,474	-19,339	-19,267	-19,212	-19,159	-19,150	-19,116	-19,084	-19,032	-18,935	-18,821	0,005	0,203	0,280	0,437	0,432	0,359	0,316	0,269	0,240	0,199	0,193	0,209	0,220	0,225	0,167	0,000	0,000
4,000	-10,776	-10,863	-10,789	-10,785	-10,761	-10,746	-10,745	-10,744	-10,739	-10,719	-10,685	-10,624	-10,497	-10,299	-10,040	-0,304	-0,034	-0,038	0,025	0,040	0,054	0,069	0,086	0,115	0,176	0,252	0,327	0,409	0,459	0,379	0,000	0,000
5,000	-12,128	-12,071	-12,212	-12,221	-12,216	-12,203	-12,184	-12,183	-12,153	-12,149	-12,111	-12,029	-11,913	-11,695	-11,418	-0,006	-0,145	-0,088	-0,002	0,023	0,040	0,078	0,107	0,135	0,184	0,255	0,345	0,434	0,486	0,392	0,000	0,000
6,000	-8,400	-8,305	-8,190	-8,034	-7,933	-7,870	-7,839	-7,808	-7,766	-7,746	-7,694	-7,635	-7,548	-7,411	-7,249	0,176	0,254	0,265	0,283	0,259	0,223	0,219	0,209	0,205	0,217	0,245	0,278	0,312	0,318	0,247	0,000	0,000
7,000	-7,203	-7,120	-7,095	-6,992	-6,941	-6,899	-6,883	-6,872	-6,849	-6,846	-6,833	-6,816	-6,785	-6,740	-6,677	0,058	0,089	0,110	0,147	0,130	0,110	0,102	0,090	0,086	0,082	0,091	0,102	0,110	0,112	0,084	0,000	0,000
8,000	-20,466	-20,799	-20,803	-20,994	-20,986	-21,042	-21,072	-21,105	-21,121	-21,172	-21,182	-21,196	-21,198	-21,155	-21,091	-0,545	-0,326	-0,330	-0,223	-0,172	-0,164	-0,147	-0,136	-0,113	-0,089	-0,049	-0,008	0,027	0,066	0,066	0,000	0,000
9,000	-10,023	-9,944	-9,856	-9,607	-9,455	-9,337	-9,275	-9,225	-9,174	-9,136	-9,080	-9,022	-8,936	-8,808	-8,652	0,077	0,234	0,299	0,392	0,387	0,340	0,318	0,291	0,271	0,254	0,274	0,286	0,312	0,316	0,232	0,000	0,000
10,000	-10,051	-10,029	-9,886	-9,731	-9,639	-9,602	-9,577	-9,563	-9,536	-9,532	-9,504	-9,468	-9,402	-9,301	-9,179	-0,038	0,186	0,199	0,220	0,186	0,158	0,141	0,144	0,135	0,145	0,162	0,186	0,220	0,235	0,186	0,000	0,000
11,000	-10,037	-9,945	-9,898	-9,740	-9,657	-9,598	-9,568	-9,546	-9,514	-9,488	-9,451	-9,402	-9,336	-9,225	-9,095	0,118	0,169	0,193	0,229	0,214	0,189	0,177	0,172	0,174	0,182	0,204	0,227	0,248	0,262	0,200	0,000	0,000
12,000	-15,778	-15,748	-15,753	-15,694	-15,643	-15,621	-15,621	-15,623	-15,603	-15,617	-15,597	-15,558	-15,512	-15,399	-15,262	-0,044	0,016	0,047	0,079	0,070	0,053	0,060	0,062	0,073	0,080	0,121	0,168	0,202	0,234	0,190	0,000	0,000
13,000	-8,645	-8,631	-8,649	-8,646	-8,630	-8,607	-8,591	-8,572	-8,541	-8,505	-8,455	-8,393	-8,293	-8,145	-7,949	-0,026	-0,017	-0,002	0,043	0,069	0,092	0,113	0,131	0,165	0,196	0,241	0,286	0,330	0,352	0,282	0,000	0,000
14,000	-11,750	-11,505	-11,610	-11,515	-11,511	-11,477	-11,457	-11,461	-11,452	-11,447	-11,427	-11,394	-11,314	-11,186	-11,008	0,161	0,007	0,062	0,089	0,079	0,070	0,082	0,070	0,087	0,106	0,162	0,204	0,263	0,302	0,249	0,000	0,000
15,000	-9,042	-9,137	-9,079	-9,068	-9,027	-9,028	-9,018	-9,001	-8,986	-8,972	-8,954	-8,926	-8,883	-8,820	-8,743	-0,183	-0,000	-0,005	0,046	0,045	0,055	0,061	0,074	0,075	0,087	0,105	0,120	0,138	0,145	0,121	0,000	0,000
	run	21	2022:11:08    11:39:34,600
0,000	-13,200	-13,266	-13,320	-13,406	-13,438	-13,457	-13,469	-13,473	-13,474	-13,486	-13,478	-13,457	-13,414	-13,336	-13,234	-0,238	-0,205	-0,174	-0,120	-0,095	-0,072	-0,042	-0,030	-0,001	0,020	0,061	0,102	0,143	0,168	0,133	0,000	0,000
1,000	-16,352	-16,374	-16,298	-16,104	-15,945	-15,817	-15,750	-15,697	-15,637	-15,597	-15,547	-15,496	-15,427	-15,336	-15,230	-0,058	0,138	0,212	0,345	0,367	0,339	0,319	0,284	0,268	0,250	0,244	0,241	0,238	0,236	0,172	0,000	0,000
2,000	-10,156	-10,154	-10,130	-9,999	-9,890	-9,815	-9,777	-9,738	-9,681	-9,655	-9,584	-9,511	-9,421	-9,275	-9,119	0,036	0,104	0,162	0,239	0,253	0,229	0,243	0,237	0,247	0,251	0,279	0,310	0,328	0,327	0,242	0,000	0,000
3,000	-20,272	-20,285	-20,222	-19,926	-19,717	-19,581	-19,505	-19,454	-19,405	-19,392	-19,353	-19,322	-19,273	-19,174	-19,061	0,039	0,213	0,314	0,450	0,449	0,372	0,325	0,280	0,247	0,206	0,198	0,216	0,218	0,229	0,174	0,000	0,000
4,000	-10,806	-10,892	-10,786	-10,799	-10,769	-10,759	-10,762	-10,763	-10,755	-10,745	-10,704	-10,633	-10,515	-10,319	-10,059	-0,299	-0,028	-0,031	0,033	0,042	0,054	0,070	0,084	0,112	0,177	0,253	0,327	0,406	0,457	0,378	0,000	0,000
5,000	-12,167	-12,102	-12,246	-12,263	-12,256	-12,239	-12,226	-12,224	-12,193	-12,189	-12,155	-12,076	-11,956	-11,746	-11,478	-0,005	-0,144	-0,100	-0,004	0,021	0,036	0,075	0,102	0,138	0,171	0,256	0,348	0,422	0,477	0,384	0,000	0,000
6,000	-8,334	-8,239	-8,129	-7,967	-7,858	-7,802	-7,768	-7,740	-7,699	-7,678	-7,626	-7,570	-7,484	-7,343	-7,183	0,172	0,257	0,263	0,279	0,254	0,224	0,216	0,209	0,205	0,215	0,245	0,270	0,305	0,319	0,242	0,000	0,000
7,000	-7,084	-7,019	-6,988	-6,890	-6,840	-6,803	-6,790	-6,778	-6,755	-6,751	-6,737	-6,718	-6,695	-6,643	-6,590	0,044	0,075	0,110	0,143	0,122	0,098	0,096	0,087	0,085	0,078	0,083	0,090	0,106	0,107	0,077	0,000	0,000
8,000	-20,212	-20,498	-20,510	-20,691	-20,695	-20,745	-20,779	-20,814	-20,831	-20,883	-20,889	-20,905	-20,910	-20,860	-20,798	-0,550	-0,326	-0,319	-0,223	-0,170	-0,168	-0,145	-0,133	-0,108	-0,087	-0,046	-0,004	0,029	0,072	0,066	0,000	0,000
9,000	-10,042	-9,971	-9,875	-9,639	-9,493	-9,382	-9,312	-9,264	-9,208	-9,162	-9,116	-9,055	-8,969	-8,842	-8,685	0,090	0,211	0,286	0,385	0,379	0,336	0,320	0,285	0,267	0,269	0,277	0,295	0,314	0,313	0,244	0,000	0,000
10,000	-9,989	-9,960	-9,828	-9,677	-9,586	-9,550	-9,526	-9,513	-9,487	-9,483	-9,451	-9,416	-9,348	-9,253	-9,136	-0,044	0,176	0,202	0,226	0,182	0,154	0,140	0,136	0,130	0,142	0,162	0,183	0,213	0,226	0,180	0,000	0,000
11,000	-10,047	-9,958	-9,911	-9,757	-9,675	-9,620	-9,588	-9,564	-9,533	-9,509	-9,470	-9,427	-9,357	-9,243	-9,109	0,102	0,168	0,191	0,225	0,211	0,184	0,177	0,162	0,169	0,179	0,198	0,225	0,247	0,261	0,199	0,000	0,000
12,000	-15,760	-15,741	-15,737	-15,680	-15,641	-15,620	-15,609	-15,610	-15,598	-15,611	-15,587	-15,558	-15,502	-15,392	-15,259	-0,057	0,011	0,041	0,079	0,076	0,051	0,059	0,063	0,071	0,083	0,132	0,170	0,205	0,236	0,191	0,000	0,000
13,000	-8,687	-8,654	-8,692	-8,674	-8,661	-8,640	-8,619	-8,606	-8,580	-8,539	-8,493	-8,421	-8,323	-8,172	-7,979	-0,022	-0,010	0,004	0,040	0,067	0,091	0,117	0,137	0,167	0,203	0,234	0,292	0,335	0,354	0,283	0,000	0,000
14,000	-11,866	-11,644	-11,750	-11,641	-11,638	-11,609	-11,586	-11,587	-11,572	-11,572	-11,561	-11,521	-11,441	-11,312	-11,137	0,153	0,011	0,064	0,090	0,085	0,070	0,074	0,071	0,091	0,110	0,155	0,203	0,264	0,299	0,249	0,000	0,000
15,000	-9,062	-9,148	-9,091	-9,071	-9,040	-9,040	-9,027	-9,017	-8,998	-8,986	-8,970	-8,938	-8,896	-8,833	-8,753	-0,192	0,009	0,001	0,046	0,044	0,056	0,067	0,073	0,073	0,089	0,110	0,123	0,138	0,153	0,122	0,000	0,000
	run	22	2022:11:08    11:39:34,700
0,000	-13,212	-13,284	-13,332	-13,423	-13,451	-13,479	-13,485	-13,493	-13,492	-13,507	-13,500	-13,480	-13,435	-13,356	-13,249	-0,258	-0,211	-0,182	-0,120	-0,101	-0,072	-0,045	-0,031	-0,005	0,023	0,061	0,106	0,143	0,172	0,138	0,000	0,000
1,000	-16,532	-16,540	-16,464	-16,261	-16,095	-15,975	-15,900	-15,844	-15,786	-15,742	-15,686	-15,632	-15,565	-15,471	-15,363	-0,033	0,150	0,228	0,361	0,384	0,354	0,332	0,292	0,274	0,254	0,254	0,242	0,244	0,241	0,175	0,000	0,000
2,000	-10,321	-10,307	-10,277	-10,144	-10,034	-9,957	-9,911	-9,878	-9,818	-9,790	-9,723	-9,648	-9,553	-9,399	-9,239	0,044	0,108	0,174	0,253	0,257	0,239	0,245	0,244	0,252	0,259	0,288	0,312	0,334	0,341	0,254	0,000	0,000
3,000	-20,629	-20,614	-20,554	-20,221	-20,005	-19,869	-19,796	-19,741	-19,693	-19,681	-19,645	-19,610	-19,562	-19,460	-19,340	0,054	0,249	0,345	0,483	0,472	0,379	0,332	0,283	0,246	0,207	0,205	0,217	0,223	0,233	0,174	0,000	0,000
4,000	-11,046	-11,137	-11,056	-11,069	-11,037	-11,034	-11,032	-11,033	-11,030	-11,003	-10,973	-10,901	-10,772	-10,568	-10,294	-0,298	-0,048	-0,050	0,014	0,035	0,051	0,071	0,089	0,118	0,183	0,263	0,342	0,427	0,483	0,397	0,000	0,000
5,000	-12,429	-12,351	-12,500	-12,507	-12,505	-12,487	-12,474	-12,466	-12,440	-12,438	-12,394	-12,312	-12,199	-11,970	-11,676	0,007	-0,135	-0,098	-0,005	0,028	0,040	0,076	0,105	0,143	0,184	0,274	0,358	0,445	0,497	0,400	0,000	0,000
6,000	-8,504	-8,423	-8,304	-8,138	-8,030	-7,969	-7,940	-7,907	-7,869	-7,843	-7,799	-7,728	-7,648	-7,511	-7,351	0,179	0,264	0,280	0,289	0,263	0,232	0,222	0,211	0,210	0,219	0,250	0,279	0,302	0,323	0,243	0,000	0,000
7,000	-7,132	-7,053	-7,039	-6,944	-6,895	-6,855	-6,837	-6,827	-6,810	-6,804	-6,795	-6,774	-6,748	-6,706	-6,657	0,049	0,069	0,093	0,135	0,118	0,095	0,092	0,086	0,078	0,073	0,072	0,083	0,093	0,098	0,071	0,000	0,000
8,000	-20,012	-20,286	-20,259	-20,429	-20,431	-20,483	-20,518	-20,543	-20,566	-20,611	-20,615	-20,638	-20,634	-20,594	-20,528	-0,517	-0,299	-0,283	-0,199	-0,155	-0,150	-0,138	-0,123	-0,103	-0,082	-0,039	-0,006	0,028	0,072	0,066	0,000	0,000
9,000	-9,758	-9,710	-9,645	-9,438	-9,301	-9,180	-9,122	-9,069	-9,023	-8,979	-8,927	-8,873	-8,786	-8,666	-8,520	0,053	0,165	0,239	0,348	0,351	0,321	0,304	0,274	0,262	0,249	0,267	0,283	0,298	0,297	0,227	0,000	0,000
10,000	-9,675	-9,687	-9,584	-9,455	-9,371	-9,331	-9,303	-9,292	-9,267	-9,255	-9,232	-9,192	-9,133	-9,043	-8,922	-0,097	0,122	0,146	0,187	0,165	0,144	0,134	0,128	0,128	0,139	0,158	0,182	0,206	0,225	0,178	0,000	0,000
11,000	-9,810	-9,724	-9,691	-9,552	-9,467	-9,414	-9,381	-9,360	-9,332	-9,315	-9,267	-9,226	-9,159	-9,058	-8,926	0,081	0,126	0,165	0,206	0,206	0,169	0,171	0,157	0,163	0,167	0,195	0,221	0,235	0,252	0,192	0,000	0,000
12,000	-15,445	-15,422	-15,424	-15,364	-15,319	-15,303	-15,297	-15,288	-15,283	-15,291	-15,266	-15,238	-15,184	-15,077	-14,946	-0,052	0,020	0,046	0,084	0,070	0,051	0,060	0,067	0,073	0,082	0,123	0,166	0,207	0,232	0,187	0,000	0,000
13,000	-8,684	-8,657	-8,681	-8,674	-8,662	-8,640	-8,624	-8,611	-8,578	-8,543	-8,493	-8,428	-8,326	-8,183	-7,992	-0,019	-0,022	-0,013	0,043	0,063	0,084	0,111	0,131	0,164	0,197	0,245	0,289	0,335	0,353	0,280	0,000	0,000
14,000	-12,013	-11,784	-11,878	-11,779	-11,778	-11,743	-11,722	-11,731	-11,705	-11,695	-11,693	-11,661	-11,579	-11,442	-11,265	0,139	0,014	0,081	0,090	0,084	0,070	0,078	0,081	0,096	0,109	0,155	0,203	0,274	0,312	0,249	0,000	0,000
15,000	-9,104	-9,190	-9,139	-9,117	-9,085	-9,091	-9,075	-9,059	-9,042	-9,034	-9,016	-8,982	-8,937	-8,875	-8,796	-0,189	-0,001	-0,001	0,043	0,047	0,059	0,064	0,078	0,075	0,088	0,110	0,124	0,142	0,152	0,124	0,000	0,000
	run	23	2022:11:08    11:39:34,749
0,000	-13,375	-13,446	-13,488	-13,585	-13,610	-13,633	-13,642	-13,653	-13,653	-13,665	-13,658	-13,632	-13,591	-13,501	-13,405	-0,234	-0,217	-0,175	-0,126	-0,099	-0,074	-0,047	-0,024	-0,004	0,022	0,067	0,110	0,147	0,174	0,145	0,000	0,000
1,000	-16,632	-16,653	-16,558	-16,345	-16,188	-16,056	-15,987	-15,925	-15,869	-15,829	-15,770	-15,718	-15,652	-15,558	-15,447	-0,035	0,147	0,229	0,362	0,387	0,351	0,336	0,294	0,279	0,260	0,252	0,250	0,245	0,244	0,182	0,000	0,000
2,000	-10,321	-10,307	-10,277	-10,144	-10,034	-9,957	-9,911	-9,878	-9,818	-9,790	-9,723	-9,648	-9,553	-9,399	-9,239	0,044	0,108	0,174	0,253	0,257	0,239	0,245	0,244	0,252	0,259	0,288	0,312	0,334	0,341	0,254	0,000	0,000
3,000	-20,629	-20,614	-20,554	-20,221	-20,005	-19,869	-19,796	-19,741	-19,693	-19,681	-19,645	-19,610	-19,562	-19,460	-19,340	0,054	0,249	0,345	0,483	0,472	0,379	0,332	0,283	0,246	0,207	0,205	0,217	0,223	0,233	0,174	0,000	0,000
4,000	-11,046	-11,137	-11,056	-11,069	-11,037	-11,034	-11,032	-11,033	-11,030	-11,003	-10,973	-10,901	-10,772	-10,568	-10,294	-0,298	-0,048	-0,050	0,014	0,035	0,051	0,071	0,089	0,118	0,183	0,263	0,342	0,427	0,483	0,397	0,000	0,000
5,000	-12,429	-12,351	-12,500	-12,507	-12,505	-12,487	-12,474	-12,466	-12,440	-12,438	-12,394	-12,312	-12,199	-11,970	-11,676	0,007	-0,135	-0,098	-0,005	0,028	0,040	0,076	0,105	0,143	0,184	0,274	0,358	0,445	0,497	0,400	0,000	0,000
6,000	-8,504	-8,423	-8,304	-8,138	-8,030	-7,969	-7,940	-7,907	-7,869	-7,843	-7,799	-7,728	-7,648	-7,511	-7,351	0,179	0,264	0,280	0,289	0,263	0,232	0,222	0,211	0,210	0,219	0,250	0,279	0,302	0,323	0,243	0,000	0,000
7,000	-7,132	-7,053	-7,039	-6,944	-6,895	-6,855	-6,837	-6,827	-6,810	-6,804	-6,795	-6,774	-6,748	-6,706	-6,657	0,049	0,069	0,093	0,135	0,118	0,095	0,092	0,086	0,078	0,073	0,072	0,083	0,093	0,098	0,071	0,000	0,000
8,000	-19,814	-20,102	-20,085	-20,239	-20,246	-20,291	-20,331	-20,356	-20,372	-20,418	-20,429	-20,445	-20,448	-20,401	-20,347	-0,532	-0,300	-0,283	-0,195	-0,152	-0,154	-0,139	-0,136	-0,104	-0,086	-0,045	-0,007	0,030	0,070	0,069	0,000	0,000
9,000	-9,485	-9,448	-9,375	-9,183	-9,047	-8,939	-8,881	-8,829	-8,775	-8,732	-8,683	-8,632	-8,549	-8,429	-8,286	0,023	0,153	0,230	0,339	0,349	0,314	0,297	0,274	0,250	0,242	0,254	0,281	0,285	0,294	0,222	0,000	0,000
10,000	-9,438	-9,453	-9,362	-9,262	-9,186	-9,156	-9,133	-9,118	-9,095	-9,094	-9,063	-9,029	-8,975	-8,881	-8,769	-0,121	0,087	0,105	0,156	0,139	0,124	0,119	0,112	0,114	0,125	0,147	0,164	0,200	0,210	0,170	0,000	0,000
11,000	-9,661	-9,587	-9,553	-9,428	-9,352	-9,301	-9,273	-9,255	-9,221	-9,197	-9,160	-9,119	-9,050	-8,954	-8,830	0,072	0,111	0,141	0,191	0,185	0,163	0,162	0,154	0,157	0,163	0,182	0,206	0,228	0,238	0,181	0,000	0,000
12,000	-15,131	-15,116	-15,095	-15,038	-15,000	-14,981	-14,973	-14,970	-14,957	-14,972	-14,950	-14,923	-14,861	-14,755	-14,633	-0,040	0,033	0,050	0,086	0,076	0,056	0,056	0,062	0,069	0,076	0,121	0,161	0,208	0,232	0,183	0,000	0,000
13,000	-8,539	-8,513	-8,542	-8,538	-8,526	-8,505	-8,484	-8,471	-8,441	-8,408	-8,357	-8,293	-8,199	-8,053	-7,864	-0,030	-0,029	-0,017	0,033	0,066	0,079	0,110	0,128	0,159	0,195	0,234	0,283	0,328	0,348	0,273	0,000	0,000
14,000	-11,932	-11,689	-11,786	-11,697	-11,687	-11,657	-11,633	-11,633	-11,615	-11,612	-11,599	-11,567	-11,492	-11,362	-11,174	0,154	0,002	0,062	0,090	0,080	0,070	0,081	0,075	0,084	0,111	0,160	0,206	0,271	0,307	0,249	0,000	0,000
15,000	-9,147	-9,242	-9,170	-9,163	-9,127	-9,126	-9,115	-9,098	-9,079	-9,074	-9,053	-9,027	-8,978	-8,909	-8,836	-0,187	0,006	-0,005	0,050	0,047	0,054	0,061	0,077	0,077	0,087	0,111	0,125	0,147	0,151	0,124	0,000	0,000
	run	24	2022:11:08    11:39:34,848
0,000	-13,527	-13,622	-13,670	-13,768	-13,786	-13,816	-13,830	-13,832	-13,836	-13,848	-13,845	-13,817	-13,772	-13,689	-13,584	-0,255	-0,215	-0,192	-0,132	-0,105	-0,076	-0,041	-0,029	-0,006	0,022	0,067	0,108	0,154	0,174	0,144	0,000	0,000
1,000	-16,869	-16,861	-16,779	-16,554	-16,373	-16,241	-16,174	-16,111	-16,049	-16,015	-15,949	-15,903	-15,839	-15,738	-15,632	-0,015	0,171	0,250	0,388	0,402	0,365	0,338	0,304	0,276	0,258	0,253	0,251	0,252	0,241	0,179	0,000	0,000
2,000	-10,476	-10,458	-10,430	-10,289	-10,181	-10,109	-10,052	-10,017	-9,964	-9,924	-9,862	-9,783	-9,682	-9,531	-9,362	0,034	0,123	0,181	0,264	0,262	0,244	0,253	0,249	0,253	0,265	0,294	0,325	0,351	0,346	0,262	0,000	0,000
3,000	-20,785	-20,758	-20,693	-20,342	-20,126	-19,985	-19,915	-19,858	-19,801	-19,795	-19,753	-19,720	-19,670	-19,562	-19,443	0,047	0,264	0,361	0,509	0,480	0,396	0,340	0,296	0,251	0,215	0,206	0,219	0,230	0,240	0,182	0,000	0,000
4,000	-11,208	-11,317	-11,227	-11,245	-11,219	-11,211	-11,212	-11,214	-11,214	-11,188	-11,148	-11,079	-10,941	-10,722	-10,441	-0,308	-0,052	-0,052	0,015	0,029	0,051	0,072	0,096	0,124	0,188	0,277	0,353	0,447	0,501	0,409	0,000	0,000
5,000	-12,629	-12,563	-12,692	-12,713	-12,708	-12,684	-12,664	-12,661	-12,646	-12,643	-12,600	-12,521	-12,392	-12,159	-11,867	0,005	-0,148	-0,102	0,003	0,026	0,044	0,083	0,108	0,145	0,190	0,270	0,358	0,460	0,511	0,411	0,000	0,000
6,000	-8,575	-8,475	-8,353	-8,181	-8,070	-8,006	-7,975	-7,943	-7,900	-7,882	-7,826	-7,771	-7,685	-7,548	-7,388	0,197	0,278	0,291	0,291	0,271	0,234	0,226	0,217	0,217	0,217	0,248	0,283	0,305	0,326	0,243	0,000	0,000
7,000	-7,152	-7,083	-7,063	-6,977	-6,911	-6,882	-6,860	-6,852	-6,833	-6,830	-6,808	-6,793	-6,774	-6,724	-6,674	0,035	0,061	0,096	0,138	0,126	0,102	0,094	0,086	0,084	0,077	0,077	0,088	0,095	0,097	0,074	0,000	0,000
8,000	-19,902	-20,171	-20,153	-20,326	-20,321	-20,386	-20,411	-20,437	-20,463	-20,508	-20,517	-20,540	-20,534	-20,493	-20,439	-0,520	-0,301	-0,297	-0,205	-0,160	-0,153	-0,138	-0,135	-0,111	-0,088	-0,048	-0,004	0,016	0,067	0,062	0,000	0,000
9,000	-9,601	-9,558	-9,485	-9,286	-9,137	-9,023	-8,959	-8,910	-8,862	-8,819	-8,769	-8,716	-8,638	-8,514	-8,372	0,052	0,166	0,251	0,358	0,356	0,324	0,303	0,274	0,260	0,256	0,265	0,271	0,291	0,290	0,220	0,000	0,000
10,000	-9,596	-9,628	-9,520	-9,415	-9,338	-9,310	-9,288	-9,273	-9,249	-9,242	-9,221	-9,187	-9,123	-9,033	-8,922	-0,105	0,089	0,106	0,170	0,149	0,132	0,123	0,121	0,118	0,129	0,150	0,168	0,198	0,212	0,167	0,000	0,000
11,000	-9,696	-9,627	-9,591	-9,454	-9,379	-9,322	-9,296	-9,272	-9,245	-9,224	-9,187	-9,141	-9,080	-8,978	-8,858	0,070	0,114	0,147	0,196	0,193	0,165	0,165	0,153	0,158	0,162	0,182	0,206	0,227	0,238	0,178	0,000	0,000
12,000	-14,894	-14,871	-14,865	-14,804	-14,765	-14,750	-14,743	-14,740	-14,720	-14,742	-14,721	-14,686	-14,636	-14,534	-14,411	-0,045	0,027	0,041	0,079	0,072	0,053	0,058	0,062	0,067	0,077	0,107	0,156	0,190	0,221	0,179	0,000	0,000
13,000	-8,358	-8,329	-8,368	-8,358	-8,350	-8,330	-8,314	-8,296	-8,267	-8,234	-8,188	-8,125	-8,030	-7,885	-7,702	-0,034	-0,030	-0,017	0,035	0,057	0,077	0,107	0,122	0,159	0,188	0,232	0,271	0,320	0,338	0,266	0,000	0,000
14,000	-11,719	-11,512	-11,598	-11,509	-11,507	-11,472	-11,455	-11,451	-11,441	-11,440	-11,425	-11,389	-11,315	-11,180	-11,003	0,147	-0,004	0,057	0,084	0,075	0,062	0,076	0,071	0,087	0,105	0,149	0,199	0,268	0,301	0,251	0,000	0,000
15,000	-9,137	-9,236	-9,167	-9,160	-9,118	-9,122	-9,110	-9,088	-9,073	-9,065	-9,044	-9,016	-8,968	-8,906	-8,826	-0,179	0,008	-0,006	0,046	0,050	0,054	0,065	0,080	0,078	0,091	0,111	0,125	0,145	0,153	0,128	0,000	0,000
	run	25	2022:11:08    11:39:34,900
0,000	-13,527	-13,622	-13,670	-13,768	-13,786	-13,816	-13,830	-13,832	-13,836	-13,848	-13,845	-13,817	-13,772	-13,689	-13,584	-0,255	-0,215	-0,192	-0,132	-0,105	-0,076	-0,041	-0,029	-0,006	0,022	0,067	0,108	0,154	0,174	0,144	0,000	0,000
1,000	-16,869	-16,861	-16,779	-16,554	-16,373	-16,241	-16,174	-16,111	-16,049	-16,015	-15,949	-15,903	-15,839	-15,738	-15,632	-0,015	0,171	0,250	0,388	0,402	0,365	0,338	0,304	0,276	0,258	0,253	0,251	0,252	0,241	0,179	0,000	0,000
2,000	-10,476	-10,458	-10,430	-10,289	-10,181	-10,109	-10,052	-10,017	-9,964	-9,924	-9,862	-9,783	-9,682	-9,531	-9,362	0,034	0,123	0,181	0,264	0,262	0,244	0,253	0,249	0,253	0,265	0,294	0,325	0,351	0,346	0,262	0,000	0,000
3,000	-20,785	-20,758	-20,693	-20,342	-20,126	-19,985	-19,915	-19,858	-19,801	-19,795	-19,753	-19,720	-19,670	-19,562	-19,443	0,047	0,264	0,361	0,509	0,480	0,396	0,340	0,296	0,251	0,215	0,206	0,219	0,230	0,240	0,182	0,000	0,000
4,000	-11,208	-11,317	-11,227	-11,245	-11,219	-11,211	-11,212	-11,214	-11,214	-11,188	-11,148	-11,079	-10,941	-10,722	-10,441	-0,308	-0,052	-0,052	0,015	0,029	0,051	0,072	0,096	0,124	0,188	0,277	0,353	0,447	0,501	0,409	0,000	0,000
5,000	-12,629	-12,563	-12,692	-12,713	-12,708	-12,684	-12,664	-12,661	-12,646	-12,643	-12,600	-12,521	-12,392	-12,159	-11,867	0,005	-0,148	-0,102	0,003	0,026	0,044	0,083	0,108	0,145	0,190	0,270	0,358	0,460	0,511	0,411	0,000	0,000
6,000	-8,526	-8,427	-8,295	-8,129	-8,024	-7,959	-7,927	-7,896	-7,854	-7,836	-7,778	-7,713	-7,637	-7,492	-7,336	0,196	0,277	0,284	0,292	0,267	0,231	0,223	0,213	0,214	0,219	0,245	0,283	0,308	0,325	0,247	0,000	0,000
7,000	-7,089	-7,031	-7,022	-6,936	-6,885	-6,845	-6,831	-6,819	-6,797	-6,789	-6,775	-6,761	-6,731	-6,690	-6,633	0,033	0,053	0,081	0,132	0,119	0,097	0,094	0,083	0,079	0,073	0,076	0,089	0,099	0,104	0,082	0,000	0,000
8,000	-19,873	-20,168	-20,154	-20,320	-20,320	-20,377	-20,403	-20,434	-20,458	-20,505	-20,511	-20,532	-20,525	-20,488	-20,429	-0,527	-0,299	-0,285	-0,194	-0,162	-0,157	-0,139	-0,133	-0,108	-0,091	-0,049	-0,010	0,028	0,068	0,066	0,000	0,000
9,000	-9,711	-9,660	-9,600	-9,381	-9,231	-9,119	-9,060	-9,000	-8,961	-8,917	-8,872	-8,810	-8,729	-8,614	-8,470	0,057	0,180	0,251	0,351	0,363	0,323	0,301	0,274	0,263	0,248	0,262	0,278	0,288	0,293	0,217	0,000	0,000
10,000	-9,584	-9,617	-9,518	-9,406	-9,326	-9,300	-9,274	-9,258	-9,235	-9,230	-9,210	-9,169	-9,105	-9,014	-8,905	-0,109	0,106	0,122	0,169	0,149	0,132	0,124	0,121	0,122	0,127	0,152	0,170	0,203	0,216	0,172	0,000	0,000
11,000	-9,673	-9,595	-9,564	-9,424	-9,347	-9,291	-9,262	-9,243	-9,211	-9,190	-9,154	-9,117	-9,044	-8,945	-8,827	0,058	0,123	0,147	0,201	0,193	0,167	0,170	0,157	0,155	0,164	0,184	0,202	0,231	0,236	0,181	0,000	0,000
12,000	-14,842	-14,816	-14,801	-14,757	-14,709	-14,690	-14,688	-14,685	-14,670	-14,681	-14,665	-14,633	-14,588	-14,481	-14,357	-0,029	0,024	0,056	0,077	0,071	0,051	0,052	0,057	0,066	0,073	0,118	0,150	0,194	0,215	0,176	0,000	0,000
13,000	-8,304	-8,286	-8,310	-8,312	-8,298	-8,281	-8,260	-8,246	-8,221	-8,187	-8,136	-8,077	-7,986	-7,842	-7,662	-0,049	-0,038	-0,021	0,028	0,063	0,081	0,107	0,124	0,155	0,189	0,223	0,271	0,314	0,335	0,265	0,000	0,000
14,000	-11,586	-11,374	-11,501	-11,398	-11,389	-11,360	-11,342	-11,343	-11,332	-11,329	-11,308	-11,275	-11,197	-11,074	-10,889	0,145	0,005	0,054	0,087	0,071	0,064	0,069	0,072	0,082	0,105	0,155	0,204	0,270	0,303	0,246	0,000	0,000
15,000	-9,144	-9,232	-9,156	-9,152	-9,111	-9,111	-9,100	-9,078	-9,065	-9,056	-9,039	-9,007	-8,963	-8,892	-8,811	-0,182	-0,001	-0,000	0,049	0,049	0,056	0,067	0,080	0,078	0,092	0,113	0,127	0,147	0,159	0,127	0,000	0,000
	run	26	2022:11:08    11:39:35,000
0,000	-13,435	-13,528	-13,577	-13,674	-13,714	-13,733	-13,740	-13,751	-13,755	-13,767	-13,757	-13,729	-13,686	-13,602	-13,495	-0,262	-0,227	-0,192	-0,136	-0,108	-0,077	-0,046	-0,033	-0,003	0,023	0,068	0,113	0,153	0,178	0,143	0,000	0,000
1,000	-17,044	-17,034	-16,938	-16,694	-16,513	-16,386	-16,318	-16,250	-16,191	-16,151	-16,087	-16,036	-15,975	-15,878	-15,760	-0,007	0,195	0,276	0,404	0,420	0,367	0,351	0,311	0,291	0,267	0,260	0,257	0,253	0,250	0,186	0,000	0,000
2,000	-10,670	-10,629	-10,612	-10,448	-10,341	-10,260	-10,221	-10,181	-10,124	-10,088	-10,015	-9,940	-9,833	-9,676	-9,505	0,054	0,135	0,190	0,267	0,268	0,247	0,258	0,254	0,264	0,272	0,303	0,342	0,360	0,365	0,272	0,000	0,000
3,000	-21,283	-21,245	-21,150	-20,782	-20,551	-20,418	-20,341	-20,291	-20,235	-20,227	-20,191	-20,157	-20,106	-19,999	-19,880	0,107	0,320	0,411	0,527	0,494	0,399	0,350	0,296	0,257	0,210	0,205	0,218	0,229	0,247	0,189	0,000	0,000
4,000	-11,331	-11,428	-11,354	-11,370	-11,345	-11,340	-11,342	-11,340	-11,341	-11,315	-11,273	-11,204	-11,066	-10,853	-10,564	-0,334	-0,071	-0,070	0,004	0,025	0,047	0,070	0,094	0,127	0,186	0,274	0,360	0,453	0,507	0,417	0,000	0,000
5,000	-12,657	-12,584	-12,719	-12,731	-12,726	-12,703	-12,685	-12,685	-12,661	-12,655	-12,606	-12,534	-12,402	-12,169	-11,868	0,024	-0,125	-0,095	0,003	0,034	0,046	0,087	0,102	0,146	0,193	0,279	0,370	0,462	0,514	0,418	0,000	0,000
6,000	-8,517	-8,406	-8,275	-8,116	-8,016	-7,947	-7,921	-7,888	-7,849	-7,819	-7,771	-7,709	-7,625	-7,482	-7,325	0,176	0,275	0,293	0,292	0,265	0,226	0,223	0,212	0,217	0,222	0,247	0,286	0,305	0,322	0,245	0,000	0,000
7,000	-7,095	-7,047	-7,037	-6,945	-6,889	-6,855	-6,837	-6,822	-6,805	-6,798	-6,779	-6,769	-6,742	-6,695	-6,647	0,025	0,072	0,084	0,131	0,121	0,093	0,091	0,081	0,082	0,077	0,074	0,089	0,096	0,103	0,074	0,000	0,000
8,000	-19,899	-20,179	-20,167	-20,332	-20,331	-20,390	-20,424	-20,451	-20,472	-20,518	-20,530	-20,545	-20,537	-20,500	-20,447	-0,525	-0,302	-0,290	-0,205	-0,162	-0,156	-0,146	-0,131	-0,110	-0,092	-0,054	-0,011	0,023	0,063	0,064	0,000	0,000
9,000	-9,659	-9,613	-9,535	-9,344	-9,202	-9,082	-9,025	-8,978	-8,925	-8,887	-8,833	-8,778	-8,697	-8,578	-8,436	0,051	0,154	0,237	0,348	0,349	0,320	0,300	0,273	0,256	0,246	0,267	0,278	0,292	0,290	0,221	0,000	0,000
10,000	-9,466	-9,500	-9,393	-9,291	-9,217	-9,186	-9,161	-9,146	-9,127	-9,124	-9,097	-9,059	-9,002	-8,902	-8,797	-0,110	0,094	0,112	0,159	0,142	0,131	0,126	0,115	0,113	0,129	0,150	0,165	0,199	0,212	0,172	0,000	0,000
11,000	-9,595	-9,507	-9,481	-9,356	-9,273	-9,221	-9,189	-9,166	-9,140	-9,117	-9,079	-9,039	-8,976	-8,873	-8,751	0,054	0,114	0,148	0,194	0,185	0,166	0,160	0,155	0,156	0,160	0,181	0,211	0,225	0,238	0,183	0,000	0,000
12,000	-14,943	-14,925	-14,912	-14,857	-14,810	-14,798	-14,790	-14,785	-14,778	-14,788	-14,766	-14,735	-14,685	-14,584	-14,463	-0,022	0,027	0,049	0,083	0,073	0,052	0,056	0,062	0,065	0,079	0,121	0,154	0,191	0,224	0,178	0,000	0,000
13,000	-8,369	-8,362	-8,382	-8,383	-8,373	-8,353	-8,332	-8,317	-8,289	-8,261	-8,206	-8,142	-8,049	-7,910	-7,730	-0,054	-0,031	-0,019	0,030	0,062	0,079	0,109	0,126	0,153	0,183	0,227	0,272	0,314	0,334	0,264	0,000	0,000
14,000	-11,641	-11,422	-11,521	-11,426	-11,432	-11,394	-11,377	-11,386	-11,371	-11,366	-11,349	-11,316	-11,240	-11,111	-10,928	0,125	0,001	0,061	0,081	0,074	0,070	0,078	0,073	0,089	0,105	0,161	0,206	0,260	0,301	0,249	0,000	0,000
15,000	-9,094	-9,180	-9,122	-9,105	-9,062	-9,070	-9,058	-9,038	-9,018	-9,005	-8,990	-8,958	-8,915	-8,848	-8,768	-0,182	0,009	-0,004	0,051	0,050	0,057	0,064	0,078	0,079	0,089	0,109	0,128	0,145	0,159	0,121	0,000	0,000
