Device: PM2003001		2022:11:08    10:59:54,680  (DLL version: 1.20;  Status: HW:v1.02 SW:v1.3 CRC:31ED BATTERY:4154mV ST:0 ERR:0000;  MUX data; S: 92 I:143 R:200.000 C:1.094p F:)
Excitation level, V:	2,00
Voltage Channel Gain:	5
Current Channel Gain:	1
Voltmeter Range, V:	0,6
Ampermeter Range, A:	15,0m
Step Period, ms:	5
R transimp:	200
C transimp:	1,1p
Measurement Table: 	EEPROM  16

Freq, Hz	1,0k	2,0k	3,0k	7,0k	11,0k	17,0k	23,0k	31,0k	43,0k	61,0k	89,0k	127,0k	179,0k	251,0k	349,0k	1,0k	2,0k	3,0k	7,0k	11,0k	17,0k	23,0k	31,0k	43,0k	61,0k	89,0k	127,0k	179,0k	251,0k	349,0k
	run	1	2022:11:08    10:59:54,683
MUX	Re1, ohm	Re2, ohm	Re3, ohm	Re4, ohm	Re5, ohm	Re6, ohm	Re7, ohm	Re8, ohm	Re9, ohm	Re10, ohm	Re11, ohm	Re12, ohm	Re13, ohm	Re14, ohm	Re15, ohm	Im1, ohm	Im2, ohm	Im3, ohm	Im4, ohm	Im5, ohm	Im6, ohm	Im7, ohm	Im8, ohm	Im9, ohm	Im10, ohm	Im11, ohm	Im12, ohm	Im13, ohm	Im14, ohm	Im15, ohm	U, V	I, mA

0,000	-6,338	-6,255	-6,179	-6,158	-6,125	-6,125	-6,122	-6,109	-6,097	-6,094	-6,070	-6,036	-5,991	-5,905	-5,810	1,391	0,757	0,521	0,249	0,173	0,125	0,117	0,107	0,103	0,109	0,129	0,153	0,174	0,187	0,143	0,000	0,000
1,000	-8,663	-7,781	-7,409	-6,970	-6,788	-6,670	-6,597	-6,545	-6,491	-6,469	-6,426	-6,392	-6,342	-6,270	-6,187	3,767	2,394	1,796	1,054	0,789	0,601	0,496	0,414	0,339	0,282	0,243	0,220	0,208	0,193	0,149	0,000	0,000
2,000	-10,715	-10,688	-10,667	-10,535	-10,430	-10,354	-10,316	-10,276	-10,230	-10,204	-10,144	-10,086	-10,015	-9,894	-9,760	-0,123	0,020	0,098	0,212	0,225	0,212	0,213	0,212	0,218	0,213	0,238	0,258	0,273	0,275	0,201	0,000	0,000
3,000	-20,432	-20,501	-20,483	-20,248	-20,064	-19,938	-19,866	-19,818	-19,770	-19,761	-19,726	-19,687	-19,646	-19,553	-19,449	-0,231	0,021	0,141	0,353	0,365	0,317	0,284	0,245	0,222	0,187	0,181	0,200	0,198	0,210	0,157	0,000	0,000
4,000	-10,746	-10,881	-10,780	-10,760	-10,723	-10,731	-10,727	-10,722	-10,715	-10,700	-10,662	-10,597	-10,467	-10,260	-9,988	-0,388	-0,047	-0,046	0,040	0,043	0,064	0,075	0,093	0,122	0,177	0,254	0,336	0,424	0,475	0,394	0,000	0,000
5,000	-12,038	-11,955	-12,127	-12,147	-12,159	-12,138	-12,121	-12,124	-12,095	-12,083	-12,041	-11,952	-11,813	-11,559	-11,237	0,017	-0,183	-0,125	-0,014	0,012	0,037	0,083	0,111	0,152	0,210	0,293	0,398	0,498	0,565	0,459	0,000	0,000
6,000	-8,408	-8,389	-8,301	-8,167	-8,061	-8,010	-7,972	-7,950	-7,908	-7,890	-7,840	-7,773	-7,682	-7,521	-7,337	0,009	0,162	0,181	0,238	0,229	0,207	0,202	0,201	0,207	0,217	0,266	0,298	0,332	0,357	0,277	0,000	0,000
7,000	-6,849	-6,798	-6,784	-6,699	-6,654	-6,626	-6,612	-6,602	-6,585	-6,582	-6,567	-6,543	-6,515	-6,468	-6,409	0,072	0,066	0,087	0,121	0,107	0,082	0,082	0,075	0,080	0,077	0,085	0,097	0,108	0,113	0,084	0,000	0,000
8,000	-20,152	-20,381	-20,371	-20,491	-20,485	-20,537	-20,575	-20,595	-20,632	-20,682	-20,702	-20,716	-20,711	-20,669	-20,606	-0,299	-0,161	-0,195	-0,144	-0,129	-0,141	-0,137	-0,128	-0,113	-0,092	-0,049	-0,004	0,026	0,073	0,072	0,000	0,000
9,000	-9,637	-9,613	-9,528	-9,334	-9,199	-9,081	-9,021	-8,972	-8,912	-8,871	-8,811	-8,750	-8,664	-8,534	-8,383	0,062	0,156	0,241	0,338	0,348	0,324	0,305	0,281	0,276	0,265	0,280	0,297	0,309	0,314	0,231	0,000	0,000
10,000	-9,670	-9,660	-9,503	-9,340	-9,233	-9,192	-9,169	-9,151	-9,129	-9,130	-9,110	-9,074	-9,009	-8,915	-8,800	-0,005	0,214	0,223	0,248	0,207	0,174	0,149	0,137	0,126	0,136	0,148	0,176	0,211	0,222	0,177	0,000	0,000
11,000	-10,023	-9,896	-9,859	-9,700	-9,615	-9,557	-9,526	-9,505	-9,470	-9,457	-9,415	-9,370	-9,304	-9,194	-9,059	0,168	0,187	0,206	0,231	0,219	0,180	0,177	0,169	0,169	0,171	0,199	0,223	0,244	0,251	0,197	0,000	0,000
12,000	-14,466	-14,454	-14,399	-14,338	-14,281	-14,260	-14,251	-14,239	-14,222	-14,226	-14,200	-14,159	-14,103	-13,979	-13,832	0,053	0,098	0,099	0,121	0,108	0,089	0,084	0,090	0,097	0,111	0,152	0,197	0,235	0,260	0,215	0,000	0,000
13,000	-8,552	-8,485	-8,534	-8,520	-8,517	-8,496	-8,481	-8,469	-8,440	-8,409	-8,358	-8,281	-8,167	-7,990	-7,773	0,062	0,010	0,009	0,036	0,060	0,079	0,112	0,132	0,165	0,209	0,261	0,324	0,377	0,403	0,320	0,000	0,000
14,000	-12,534	-12,345	-12,453	-12,382	-12,384	-12,349	-12,327	-12,332	-12,316	-12,310	-12,299	-12,269	-12,192	-12,062	-11,882	-0,070	-0,110	-0,040	0,041	0,044	0,047	0,061	0,062	0,082	0,103	0,144	0,191	0,259	0,301	0,242	0,000	0,000
15,000	-4,642	-4,410	-4,215	-4,124	-4,055	-4,035	-4,024	-4,005	-3,997	-4,000	-3,997	-3,996	-3,990	-3,979	-3,979	1,571	1,006	0,697	0,368	0,261	0,187	0,152	0,117	0,084	0,064	0,043	0,030	0,032	0,026	0,015	0,000	0,000
	run	2	2022:11:08    10:59:54,731
0,000	-6,415	-6,326	-6,258	-6,242	-6,212	-6,206	-6,197	-6,193	-6,175	-6,177	-6,155	-6,120	-6,072	-5,984	-5,887	1,391	0,766	0,528	0,252	0,172	0,128	0,116	0,108	0,108	0,110	0,131	0,156	0,177	0,185	0,143	0,000	0,000
1,000	-8,750	-7,869	-7,492	-7,051	-6,859	-6,731	-6,661	-6,605	-6,555	-6,524	-6,490	-6,449	-6,398	-6,325	-6,244	3,774	2,407	1,801	1,066	0,806	0,608	0,502	0,422	0,344	0,285	0,245	0,220	0,210	0,194	0,146	0,000	0,000
2,000	-10,715	-10,688	-10,667	-10,535	-10,430	-10,354	-10,316	-10,276	-10,230	-10,204	-10,144	-10,086	-10,015	-9,894	-9,760	-0,123	0,020	0,098	0,212	0,225	0,212	0,213	0,212	0,218	0,213	0,238	0,258	0,273	0,275	0,201	0,000	0,000
3,000	-20,432	-20,501	-20,483	-20,248	-20,064	-19,938	-19,866	-19,818	-19,770	-19,761	-19,726	-19,687	-19,646	-19,553	-19,449	-0,231	0,021	0,141	0,353	0,365	0,317	0,284	0,245	0,222	0,187	0,181	0,200	0,198	0,210	0,157	0,000	0,000
4,000	-10,746	-10,881	-10,780	-10,760	-10,723	-10,731	-10,727	-10,722	-10,715	-10,700	-10,662	-10,597	-10,467	-10,260	-9,988	-0,388	-0,047	-0,046	0,040	0,043	0,064	0,075	0,093	0,122	0,177	0,254	0,336	0,424	0,475	0,394	0,000	0,000
5,000	-12,038	-11,955	-12,127	-12,147	-12,159	-12,138	-12,121	-12,124	-12,095	-12,083	-12,041	-11,952	-11,813	-11,559	-11,237	0,017	-0,183	-0,125	-0,014	0,012	0,037	0,083	0,111	0,152	0,210	0,293	0,398	0,498	0,565	0,459	0,000	0,000
6,000	-8,408	-8,389	-8,301	-8,167	-8,061	-8,010	-7,972	-7,950	-7,908	-7,890	-7,840	-7,773	-7,682	-7,521	-7,337	0,009	0,162	0,181	0,238	0,229	0,207	0,202	0,201	0,207	0,217	0,266	0,298	0,332	0,357	0,277	0,000	0,000
7,000	-6,849	-6,798	-6,784	-6,699	-6,654	-6,626	-6,612	-6,602	-6,585	-6,582	-6,567	-6,543	-6,515	-6,468	-6,409	0,072	0,066	0,087	0,121	0,107	0,082	0,082	0,075	0,080	0,077	0,085	0,097	0,108	0,113	0,084	0,000	0,000
8,000	-19,580	-19,786	-19,779	-19,870	-19,858	-19,909	-19,940	-19,968	-19,998	-20,049	-20,070	-20,082	-20,087	-20,039	-19,973	-0,252	-0,157	-0,160	-0,126	-0,113	-0,131	-0,121	-0,124	-0,111	-0,093	-0,055	-0,002	0,027	0,074	0,073	0,000	0,000
9,000	-9,499	-9,465	-9,399	-9,254	-9,118	-9,008	-8,942	-8,893	-8,836	-8,787	-8,741	-8,678	-8,590	-8,466	-8,323	0,041	0,115	0,183	0,310	0,325	0,301	0,293	0,276	0,266	0,261	0,275	0,292	0,302	0,303	0,226	0,000	0,000
10,000	-9,583	-9,559	-9,425	-9,252	-9,146	-9,106	-9,080	-9,067	-9,045	-9,044	-9,016	-8,981	-8,925	-8,831	-8,714	-0,010	0,211	0,220	0,246	0,208	0,170	0,150	0,140	0,124	0,135	0,156	0,173	0,206	0,215	0,176	0,000	0,000
11,000	-10,103	-9,990	-9,939	-9,804	-9,720	-9,664	-9,631	-9,608	-9,575	-9,555	-9,523	-9,473	-9,407	-9,296	-9,165	0,171	0,192	0,196	0,228	0,215	0,182	0,174	0,162	0,167	0,171	0,193	0,222	0,244	0,254	0,196	0,000	0,000
12,000	-14,734	-14,709	-14,656	-14,593	-14,532	-14,510	-14,498	-14,495	-14,472	-14,485	-14,451	-14,410	-14,351	-14,229	-14,075	0,048	0,106	0,105	0,124	0,110	0,091	0,094	0,093	0,107	0,116	0,151	0,195	0,237	0,271	0,214	0,000	0,000
13,000	-8,690	-8,581	-8,652	-8,631	-8,624	-8,610	-8,587	-8,580	-8,549	-8,513	-8,458	-8,389	-8,272	-8,096	-7,873	0,079	0,011	0,022	0,048	0,065	0,086	0,109	0,138	0,169	0,212	0,267	0,326	0,387	0,412	0,325	0,000	0,000
14,000	-12,623	-12,477	-12,565	-12,492	-12,484	-12,457	-12,438	-12,436	-12,427	-12,414	-12,405	-12,374	-12,296	-12,167	-11,986	-0,099	-0,119	-0,037	0,040	0,054	0,052	0,067	0,065	0,079	0,099	0,146	0,206	0,262	0,299	0,246	0,000	0,000
15,000	-4,681	-4,445	-4,248	-4,153	-4,092	-4,077	-4,060	-4,042	-4,032	-4,036	-4,031	-4,028	-4,027	-4,012	-4,008	1,586	1,014	0,702	0,370	0,258	0,185	0,154	0,113	0,087	0,070	0,047	0,032	0,033	0,026	0,019	0,000	0,000
	run	3	2022:11:08    10:59:54,830
0,000	-6,448	-6,363	-6,288	-6,267	-6,244	-6,237	-6,238	-6,230	-6,211	-6,212	-6,184	-6,152	-6,101	-6,015	-5,913	1,406	0,766	0,527	0,255	0,174	0,128	0,118	0,105	0,110	0,111	0,131	0,158	0,182	0,192	0,147	0,000	0,000
1,000	-8,835	-7,922	-7,551	-7,098	-6,898	-6,778	-6,708	-6,654	-6,600	-6,569	-6,531	-6,498	-6,441	-6,370	-6,289	3,819	2,432	1,832	1,082	0,811	0,622	0,514	0,427	0,345	0,289	0,248	0,223	0,217	0,200	0,147	0,000	0,000
2,000	-11,016	-10,995	-10,970	-10,834	-10,720	-10,639	-10,600	-10,561	-10,511	-10,485	-10,423	-10,363	-10,282	-10,153	-10,018	-0,123	0,030	0,113	0,227	0,239	0,222	0,227	0,218	0,228	0,231	0,249	0,273	0,290	0,286	0,214	0,000	0,000
3,000	-21,073	-21,131	-21,086	-20,806	-20,607	-20,481	-20,415	-20,359	-20,310	-20,297	-20,264	-20,232	-20,183	-20,088	-19,980	-0,187	0,079	0,197	0,396	0,396	0,335	0,300	0,264	0,228	0,190	0,188	0,200	0,208	0,215	0,161	0,000	0,000
4,000	-10,975	-11,092	-11,021	-10,999	-10,961	-10,976	-10,963	-10,961	-10,950	-10,945	-10,903	-10,832	-10,699	-10,490	-10,204	-0,419	-0,047	-0,053	0,026	0,037	0,069	0,078	0,093	0,120	0,180	0,262	0,348	0,440	0,490	0,405	0,000	0,000
5,000	-12,110	-12,004	-12,178	-12,206	-12,210	-12,190	-12,173	-12,175	-12,146	-12,139	-12,087	-12,012	-11,869	-11,615	-11,296	0,030	-0,169	-0,114	-0,014	0,017	0,032	0,079	0,105	0,149	0,205	0,294	0,399	0,500	0,562	0,454	0,000	0,000
6,000	-8,318	-8,311	-8,221	-8,088	-7,995	-7,939	-7,909	-7,883	-7,839	-7,821	-7,774	-7,707	-7,618	-7,466	-7,282	0,020	0,154	0,180	0,218	0,227	0,199	0,204	0,195	0,206	0,215	0,261	0,295	0,332	0,345	0,271	0,000	0,000
7,000	-6,729	-6,688	-6,676	-6,611	-6,562	-6,539	-6,515	-6,507	-6,494	-6,495	-6,475	-6,453	-6,423	-6,368	-6,321	0,055	0,054	0,079	0,110	0,097	0,078	0,081	0,076	0,075	0,071	0,083	0,097	0,108	0,115	0,088	0,000	0,000
8,000	-19,506	-19,695	-19,685	-19,777	-19,764	-19,809	-19,843	-19,864	-19,895	-19,949	-19,966	-19,984	-19,979	-19,932	-19,868	-0,273	-0,130	-0,132	-0,111	-0,096	-0,123	-0,118	-0,117	-0,107	-0,091	-0,051	-0,010	0,027	0,071	0,072	0,000	0,000
9,000	-9,517	-9,480	-9,436	-9,284	-9,155	-9,039	-8,979	-8,938	-8,870	-8,839	-8,776	-8,717	-8,631	-8,504	-8,357	0,032	0,110	0,179	0,306	0,327	0,306	0,294	0,275	0,262	0,256	0,273	0,290	0,302	0,299	0,226	0,000	0,000
10,000	-9,698	-9,662	-9,517	-9,335	-9,224	-9,185	-9,163	-9,148	-9,123	-9,127	-9,099	-9,069	-9,008	-8,910	-8,795	0,017	0,232	0,242	0,256	0,211	0,176	0,154	0,141	0,128	0,133	0,156	0,170	0,204	0,221	0,178	0,000	0,000
11,000	-10,211	-10,087	-10,054	-9,894	-9,807	-9,752	-9,723	-9,700	-9,667	-9,651	-9,613	-9,562	-9,498	-9,383	-9,250	0,188	0,195	0,211	0,235	0,219	0,181	0,178	0,163	0,168	0,170	0,198	0,227	0,247	0,260	0,202	0,000	0,000
12,000	-14,679	-14,679	-14,630	-14,571	-14,506	-14,482	-14,467	-14,468	-14,444	-14,461	-14,428	-14,386	-14,325	-14,192	-14,049	0,041	0,108	0,104	0,114	0,106	0,087	0,096	0,094	0,101	0,111	0,157	0,189	0,240	0,264	0,215	0,000	0,000
13,000	-8,706	-8,606	-8,671	-8,643	-8,644	-8,623	-8,606	-8,599	-8,571	-8,534	-8,483	-8,406	-8,295	-8,120	-7,894	0,066	0,022	0,012	0,051	0,066	0,084	0,114	0,130	0,170	0,214	0,272	0,322	0,382	0,409	0,326	0,000	0,000
14,000	-12,580	-12,416	-12,541	-12,454	-12,458	-12,428	-12,407	-12,403	-12,394	-12,386	-12,376	-12,340	-12,263	-12,133	-11,946	-0,090	-0,115	-0,026	0,044	0,050	0,054	0,062	0,069	0,087	0,113	0,162	0,200	0,261	0,307	0,252	0,000	0,000
15,000	-4,675	-4,451	-4,257	-4,159	-4,090	-4,069	-4,057	-4,045	-4,031	-4,033	-4,031	-4,033	-4,027	-4,013	-4,013	1,578	1,009	0,698	0,367	0,263	0,188	0,150	0,116	0,087	0,063	0,045	0,034	0,028	0,024	0,018	0,000	0,000
	run	4	2022:11:08    10:59:54,882
0,000	-6,448	-6,363	-6,288	-6,267	-6,244	-6,237	-6,238	-6,230	-6,211	-6,212	-6,184	-6,152	-6,101	-6,015	-5,913	1,406	0,766	0,527	0,255	0,174	0,128	0,118	0,105	0,110	0,111	0,131	0,158	0,182	0,192	0,147	0,000	0,000
1,000	-8,835	-7,922	-7,551	-7,098	-6,898	-6,778	-6,708	-6,654	-6,600	-6,569	-6,531	-6,498	-6,441	-6,370	-6,289	3,819	2,432	1,832	1,082	0,811	0,622	0,514	0,427	0,345	0,289	0,248	0,223	0,217	0,200	0,147	0,000	0,000
2,000	-11,016	-10,995	-10,970	-10,834	-10,720	-10,639	-10,600	-10,561	-10,511	-10,485	-10,423	-10,363	-10,282	-10,153	-10,018	-0,123	0,030	0,113	0,227	0,239	0,222	0,227	0,218	0,228	0,231	0,249	0,273	0,290	0,286	0,214	0,000	0,000
3,000	-21,073	-21,131	-21,086	-20,806	-20,607	-20,481	-20,415	-20,359	-20,310	-20,297	-20,264	-20,232	-20,183	-20,088	-19,980	-0,187	0,079	0,197	0,396	0,396	0,335	0,300	0,264	0,228	0,190	0,188	0,200	0,208	0,215	0,161	0,000	0,000
4,000	-10,975	-11,092	-11,021	-10,999	-10,961	-10,976	-10,963	-10,961	-10,950	-10,945	-10,903	-10,832	-10,699	-10,490	-10,204	-0,419	-0,047	-0,053	0,026	0,037	0,069	0,078	0,093	0,120	0,180	0,262	0,348	0,440	0,490	0,405	0,000	0,000
5,000	-12,110	-12,004	-12,178	-12,206	-12,210	-12,190	-12,173	-12,175	-12,146	-12,139	-12,087	-12,012	-11,869	-11,615	-11,296	0,030	-0,169	-0,114	-0,014	0,017	0,032	0,079	0,105	0,149	0,205	0,294	0,399	0,500	0,562	0,454	0,000	0,000
6,000	-8,306	-8,315	-8,213	-8,084	-7,984	-7,926	-7,895	-7,866	-7,827	-7,804	-7,744	-7,691	-7,603	-7,450	-7,264	0,006	0,154	0,186	0,237	0,226	0,202	0,203	0,200	0,203	0,209	0,248	0,288	0,321	0,350	0,270	0,000	0,000
7,000	-6,740	-6,697	-6,682	-6,621	-6,576	-6,544	-6,535	-6,522	-6,511	-6,501	-6,486	-6,471	-6,447	-6,391	-6,333	0,053	0,057	0,060	0,110	0,095	0,075	0,077	0,077	0,074	0,078	0,084	0,100	0,104	0,111	0,084	0,000	0,000
8,000	-19,373	-19,569	-19,560	-19,650	-19,637	-19,678	-19,714	-19,738	-19,762	-19,818	-19,835	-19,848	-19,846	-19,803	-19,741	-0,260	-0,131	-0,136	-0,102	-0,101	-0,116	-0,119	-0,120	-0,106	-0,088	-0,051	-0,007	0,026	0,073	0,074	0,000	0,000
9,000	-9,406	-9,386	-9,333	-9,187	-9,066	-8,954	-8,891	-8,847	-8,787	-8,743	-8,690	-8,631	-8,544	-8,420	-8,278	0,030	0,107	0,169	0,288	0,313	0,298	0,292	0,269	0,255	0,246	0,269	0,282	0,296	0,301	0,222	0,000	0,000
10,000	-9,482	-9,471	-9,335	-9,176	-9,075	-9,033	-9,013	-8,995	-8,975	-8,974	-8,951	-8,914	-8,855	-8,766	-8,653	-0,013	0,198	0,211	0,236	0,200	0,168	0,148	0,133	0,124	0,128	0,147	0,170	0,204	0,215	0,175	0,000	0,000
11,000	-10,066	-9,951	-9,924	-9,782	-9,693	-9,636	-9,609	-9,587	-9,555	-9,536	-9,501	-9,460	-9,384	-9,277	-9,150	0,160	0,182	0,192	0,215	0,210	0,177	0,169	0,165	0,160	0,168	0,192	0,218	0,240	0,250	0,196	0,000	0,000
12,000	-14,543	-14,536	-14,484	-14,434	-14,378	-14,347	-14,337	-14,327	-14,308	-14,312	-14,283	-14,242	-14,188	-14,070	-13,920	0,050	0,101	0,119	0,126	0,109	0,091	0,093	0,099	0,103	0,111	0,154	0,189	0,234	0,263	0,210	0,000	0,000
13,000	-8,491	-8,442	-8,475	-8,464	-8,465	-8,453	-8,433	-8,420	-8,392	-8,360	-8,306	-8,240	-8,120	-7,952	-7,733	0,036	0,010	0,002	0,039	0,061	0,079	0,110	0,130	0,165	0,206	0,261	0,316	0,376	0,401	0,324	0,000	0,000
14,000	-12,406	-12,185	-12,345	-12,244	-12,246	-12,216	-12,198	-12,195	-12,190	-12,177	-12,170	-12,130	-12,059	-11,933	-11,745	-0,041	-0,120	-0,038	0,040	0,047	0,044	0,062	0,064	0,074	0,103	0,147	0,195	0,260	0,296	0,249	0,000	0,000
15,000	-4,647	-4,416	-4,223	-4,132	-4,062	-4,041	-4,031	-4,015	-4,001	-4,003	-3,999	-4,001	-3,996	-3,982	-3,981	1,556	1,002	0,699	0,366	0,262	0,186	0,151	0,118	0,082	0,064	0,047	0,034	0,036	0,026	0,017	0,000	0,000
	run	5	2022:11:08    10:59:54,982
0,000	-6,338	-6,262	-6,184	-6,165	-6,145	-6,136	-6,133	-6,128	-6,110	-6,107	-6,087	-6,050	-6,002	-5,913	-5,816	1,385	0,770	0,526	0,251	0,176	0,129	0,116	0,110	0,108	0,111	0,133	0,157	0,182	0,189	0,144	0,000	0,000
1,000	-8,770	-7,878	-7,503	-7,047	-6,860	-6,736	-6,664	-6,609	-6,558	-6,526	-6,485	-6,448	-6,400	-6,324	-6,244	3,801	2,423	1,816	1,073	0,811	0,616	0,507	0,425	0,344	0,289	0,249	0,226	0,215	0,193	0,149	0,000	0,000
2,000	-11,038	-11,013	-10,989	-10,845	-10,735	-10,658	-10,614	-10,576	-10,526	-10,501	-10,439	-10,373	-10,294	-10,158	-10,021	-0,129	0,034	0,114	0,227	0,236	0,228	0,228	0,226	0,224	0,226	0,258	0,274	0,297	0,294	0,220	0,000	0,000
3,000	-21,327	-21,347	-21,320	-21,012	-20,814	-20,683	-20,615	-20,560	-20,519	-20,506	-20,471	-20,437	-20,386	-20,286	-20,180	-0,174	0,096	0,229	0,418	0,414	0,344	0,302	0,264	0,230	0,190	0,194	0,201	0,214	0,223	0,166	0,000	0,000
4,000	-11,234	-11,394	-11,286	-11,290	-11,267	-11,274	-11,269	-11,270	-11,257	-11,242	-11,206	-11,133	-10,999	-10,776	-10,488	-0,419	-0,065	-0,053	0,017	0,023	0,061	0,070	0,094	0,124	0,188	0,270	0,356	0,454	0,507	0,416	0,000	0,000
5,000	-12,523	-12,417	-12,590	-12,598	-12,608	-12,579	-12,570	-12,571	-12,542	-12,536	-12,483	-12,392	-12,247	-11,978	-11,639	0,026	-0,183	-0,123	-0,012	0,018	0,042	0,082	0,112	0,162	0,217	0,317	0,415	0,527	0,585	0,483	0,000	0,000
6,000	-8,563	-8,564	-8,450	-8,318	-8,206	-8,157	-8,125	-8,096	-8,053	-8,036	-7,983	-7,918	-7,824	-7,667	-7,474	0,025	0,160	0,198	0,246	0,230	0,206	0,211	0,202	0,214	0,226	0,258	0,297	0,343	0,365	0,284	0,000	0,000
7,000	-6,909	-6,853	-6,832	-6,745	-6,697	-6,671	-6,650	-6,644	-6,625	-6,628	-6,605	-6,584	-6,554	-6,506	-6,441	0,058	0,080	0,092	0,123	0,112	0,088	0,086	0,084	0,075	0,074	0,087	0,101	0,114	0,116	0,089	0,000	0,000
8,000	-19,690	-19,891	-19,886	-20,005	-19,986	-20,033	-20,073	-20,096	-20,133	-20,180	-20,192	-20,215	-20,225	-20,176	-20,115	-0,269	-0,159	-0,161	-0,136	-0,119	-0,139	-0,134	-0,130	-0,117	-0,093	-0,048	-0,013	0,016	0,068	0,064	0,000	0,000
9,000	-9,468	-9,434	-9,383	-9,210	-9,078	-8,963	-8,902	-8,849	-8,799	-8,748	-8,693	-8,642	-8,548	-8,427	-8,281	0,045	0,126	0,203	0,318	0,335	0,315	0,304	0,278	0,266	0,265	0,273	0,292	0,308	0,306	0,228	0,000	0,000
10,000	-9,510	-9,519	-9,376	-9,224	-9,134	-9,095	-9,070	-9,050	-9,029	-9,025	-9,008	-8,975	-8,915	-8,823	-8,716	-0,038	0,195	0,198	0,229	0,187	0,160	0,142	0,132	0,120	0,127	0,144	0,166	0,198	0,210	0,171	0,000	0,000
11,000	-9,911	-9,801	-9,770	-9,631	-9,547	-9,490	-9,462	-9,444	-9,408	-9,390	-9,353	-9,310	-9,243	-9,138	-9,015	0,150	0,179	0,188	0,221	0,208	0,174	0,170	0,162	0,163	0,166	0,186	0,210	0,230	0,245	0,188	0,000	0,000
12,000	-14,010	-14,009	-13,952	-13,899	-13,833	-13,818	-13,804	-13,801	-13,781	-13,790	-13,760	-13,728	-13,669	-13,549	-13,409	0,055	0,105	0,103	0,117	0,109	0,084	0,087	0,089	0,098	0,106	0,142	0,186	0,228	0,255	0,203	0,000	0,000
13,000	-8,281	-8,240	-8,272	-8,269	-8,266	-8,254	-8,238	-8,223	-8,190	-8,167	-8,112	-8,043	-7,934	-7,770	-7,558	0,041	-0,007	0,004	0,033	0,052	0,074	0,104	0,130	0,162	0,196	0,248	0,313	0,360	0,382	0,308	0,000	0,000
14,000	-12,054	-11,867	-12,015	-11,923	-11,925	-11,897	-11,872	-11,873	-11,862	-11,859	-11,843	-11,805	-11,746	-11,624	-11,447	-0,051	-0,112	-0,040	0,046	0,043	0,046	0,064	0,065	0,075	0,097	0,142	0,189	0,249	0,289	0,237	0,000	0,000
15,000	-4,562	-4,329	-4,141	-4,057	-3,988	-3,971	-3,959	-3,948	-3,932	-3,937	-3,936	-3,931	-3,922	-3,909	-3,906	1,547	0,991	0,694	0,359	0,257	0,183	0,144	0,113	0,084	0,062	0,048	0,036	0,032	0,028	0,018	0,000	0,000
	run	6	2022:11:08    10:59:55,083
0,000	-6,314	-6,234	-6,174	-6,146	-6,118	-6,114	-6,107	-6,102	-6,089	-6,089	-6,065	-6,030	-5,976	-5,890	-5,793	1,386	0,765	0,526	0,246	0,174	0,126	0,118	0,106	0,110	0,110	0,130	0,159	0,177	0,189	0,143	0,000	0,000
1,000	-8,862	-7,977	-7,591	-7,137	-6,936	-6,818	-6,746	-6,685	-6,635	-6,595	-6,561	-6,522	-6,469	-6,390	-6,310	3,826	2,450	1,835	1,093	0,820	0,625	0,516	0,434	0,355	0,296	0,259	0,230	0,218	0,202	0,150	0,000	0,000
2,000	-11,171	-11,153	-11,116	-10,948	-10,839	-10,758	-10,713	-10,677	-10,621	-10,595	-10,531	-10,464	-10,382	-10,251	-10,108	-0,114	0,043	0,125	0,246	0,260	0,239	0,234	0,222	0,230	0,234	0,259	0,283	0,299	0,298	0,222	0,000	0,000
3,000	-21,575	-21,586	-21,558	-21,228	-21,027	-20,891	-20,816	-20,759	-20,711	-20,698	-20,665	-20,631	-20,580	-20,482	-20,372	-0,151	0,115	0,252	0,439	0,434	0,358	0,317	0,273	0,235	0,196	0,195	0,208	0,215	0,223	0,168	0,000	0,000
4,000	-11,288	-11,430	-11,344	-11,335	-11,304	-11,313	-11,309	-11,301	-11,288	-11,281	-11,235	-11,166	-11,024	-10,800	-10,503	-0,413	-0,057	-0,064	0,020	0,032	0,059	0,077	0,099	0,127	0,190	0,271	0,369	0,462	0,518	0,431	0,000	0,000
5,000	-12,626	-12,561	-12,727	-12,753	-12,759	-12,734	-12,712	-12,714	-12,694	-12,673	-12,627	-12,536	-12,383	-12,112	-11,761	-0,001	-0,185	-0,124	-0,008	0,024	0,047	0,080	0,120	0,170	0,227	0,326	0,432	0,547	0,613	0,498	0,000	0,000
6,000	-8,730	-8,731	-8,616	-8,468	-8,368	-8,312	-8,279	-8,253	-8,208	-8,190	-8,134	-8,070	-7,975	-7,809	-7,617	0,021	0,182	0,208	0,249	0,240	0,209	0,212	0,205	0,213	0,226	0,272	0,310	0,353	0,376	0,292	0,000	0,000
7,000	-7,035	-6,956	-6,937	-6,854	-6,803	-6,765	-6,753	-6,746	-6,723	-6,720	-6,706	-6,684	-6,657	-6,597	-6,545	0,078	0,090	0,102	0,145	0,119	0,091	0,087	0,083	0,083	0,075	0,084	0,102	0,106	0,117	0,085	0,000	0,000
8,000	-19,914	-20,120	-20,096	-20,226	-20,206	-20,257	-20,296	-20,325	-20,356	-20,404	-20,425	-20,444	-20,437	-20,392	-20,329	-0,273	-0,158	-0,154	-0,128	-0,119	-0,133	-0,130	-0,124	-0,110	-0,091	-0,053	-0,007	0,031	0,074	0,064	0,000	0,000
9,000	-9,597	-9,568	-9,509	-9,330	-9,198	-9,082	-9,019	-8,968	-8,912	-8,869	-8,812	-8,748	-8,661	-8,540	-8,391	0,059	0,133	0,206	0,327	0,345	0,317	0,310	0,279	0,272	0,265	0,275	0,294	0,302	0,305	0,226	0,000	0,000
10,000	-9,397	-9,414	-9,285	-9,152	-9,066	-9,027	-9,008	-8,987	-8,970	-8,972	-8,941	-8,915	-8,860	-8,762	-8,654	-0,028	0,171	0,167	0,202	0,176	0,156	0,134	0,130	0,114	0,124	0,141	0,164	0,196	0,209	0,168	0,000	0,000
11,000	-9,812	-9,701	-9,677	-9,537	-9,454	-9,398	-9,368	-9,346	-9,316	-9,297	-9,265	-9,217	-9,153	-9,044	-8,919	0,143	0,158	0,176	0,212	0,205	0,170	0,170	0,160	0,159	0,163	0,191	0,214	0,235	0,243	0,185	0,000	0,000
12,000	-13,830	-13,827	-13,764	-13,716	-13,658	-13,640	-13,631	-13,618	-13,605	-13,609	-13,586	-13,550	-13,489	-13,377	-13,242	0,048	0,108	0,110	0,118	0,106	0,082	0,086	0,086	0,092	0,105	0,139	0,178	0,217	0,249	0,194	0,000	0,000
13,000	-8,206	-8,167	-8,212	-8,214	-8,208	-8,190	-8,175	-8,165	-8,136	-8,107	-8,055	-7,984	-7,878	-7,718	-7,508	0,038	-0,007	-0,002	0,029	0,051	0,076	0,098	0,124	0,157	0,199	0,245	0,304	0,357	0,381	0,307	0,000	0,000
14,000	-12,057	-11,867	-11,986	-11,914	-11,914	-11,889	-11,866	-11,868	-11,861	-11,850	-11,829	-11,805	-11,732	-11,610	-11,439	-0,056	-0,112	-0,034	0,038	0,042	0,041	0,055	0,059	0,077	0,101	0,144	0,190	0,253	0,289	0,242	0,000	0,000
15,000	-4,586	-4,354	-4,167	-4,072	-4,004	-3,996	-3,980	-3,963	-3,949	-3,954	-3,947	-3,946	-3,942	-3,925	-3,921	1,537	0,986	0,684	0,360	0,256	0,184	0,148	0,113	0,079	0,065	0,049	0,034	0,031	0,030	0,019	0,000	0,000
	run	7	2022:11:08    10:59:55,130
0,000	-6,334	-6,262	-6,184	-6,166	-6,143	-6,129	-6,128	-6,118	-6,105	-6,106	-6,078	-6,046	-5,991	-5,910	-5,809	1,378	0,768	0,523	0,245	0,174	0,127	0,122	0,103	0,106	0,110	0,135	0,162	0,178	0,194	0,148	0,000	0,000
1,000	-8,744	-7,873	-7,497	-7,055	-6,852	-6,732	-6,665	-6,603	-6,552	-6,521	-6,481	-6,445	-6,387	-6,321	-6,234	3,795	2,414	1,811	1,075	0,806	0,613	0,510	0,425	0,349	0,290	0,249	0,224	0,217	0,200	0,145	0,000	0,000
2,000	-11,171	-11,153	-11,116	-10,948	-10,839	-10,758	-10,713	-10,677	-10,621	-10,595	-10,531	-10,464	-10,382	-10,251	-10,108	-0,114	0,043	0,125	0,246	0,260	0,239	0,234	0,222	0,230	0,234	0,259	0,283	0,299	0,298	0,222	0,000	0,000
3,000	-21,575	-21,586	-21,558	-21,228	-21,027	-20,891	-20,816	-20,759	-20,711	-20,698	-20,665	-20,631	-20,580	-20,482	-20,372	-0,151	0,115	0,252	0,439	0,434	0,358	0,317	0,273	0,235	0,196	0,195	0,208	0,215	0,223	0,168	0,000	0,000
4,000	-11,288	-11,430	-11,344	-11,335	-11,304	-11,313	-11,309	-11,301	-11,288	-11,281	-11,235	-11,166	-11,024	-10,800	-10,503	-0,413	-0,057	-0,064	0,020	0,032	0,059	0,077	0,099	0,127	0,190	0,271	0,369	0,462	0,518	0,431	0,000	0,000
5,000	-12,626	-12,561	-12,727	-12,753	-12,759	-12,734	-12,712	-12,714	-12,694	-12,673	-12,627	-12,536	-12,383	-12,112	-11,761	-0,001	-0,185	-0,124	-0,008	0,024	0,047	0,080	0,120	0,170	0,227	0,326	0,432	0,547	0,613	0,498	0,000	0,000
6,000	-8,730	-8,731	-8,616	-8,468	-8,368	-8,312	-8,279	-8,253	-8,208	-8,190	-8,134	-8,070	-7,975	-7,809	-7,617	0,021	0,182	0,208	0,249	0,240	0,209	0,212	0,205	0,213	0,226	0,272	0,310	0,353	0,376	0,292	0,000	0,000
7,000	-7,035	-6,956	-6,937	-6,854	-6,803	-6,765	-6,753	-6,746	-6,723	-6,720	-6,706	-6,684	-6,657	-6,597	-6,545	0,078	0,090	0,102	0,145	0,119	0,091	0,087	0,083	0,083	0,075	0,084	0,102	0,106	0,117	0,085	0,000	0,000
8,000	-19,842	-20,044	-20,034	-20,160	-20,152	-20,203	-20,235	-20,270	-20,300	-20,348	-20,358	-20,388	-20,385	-20,343	-20,280	-0,310	-0,181	-0,173	-0,145	-0,124	-0,139	-0,133	-0,132	-0,117	-0,096	-0,053	-0,015	0,025	0,068	0,069	0,000	0,000
9,000	-9,421	-9,380	-9,324	-9,141	-9,010	-8,898	-8,828	-8,779	-8,723	-8,688	-8,628	-8,569	-8,483	-8,359	-8,218	0,033	0,147	0,203	0,324	0,339	0,317	0,299	0,277	0,263	0,260	0,271	0,286	0,298	0,300	0,224	0,000	0,000
10,000	-9,326	-9,334	-9,214	-9,085	-8,993	-8,953	-8,932	-8,915	-8,897	-8,893	-8,875	-8,847	-8,784	-8,691	-8,586	-0,021	0,176	0,172	0,201	0,175	0,151	0,134	0,129	0,114	0,117	0,143	0,159	0,196	0,209	0,169	0,000	0,000
11,000	-9,716	-9,616	-9,588	-9,451	-9,374	-9,315	-9,290	-9,264	-9,232	-9,223	-9,182	-9,139	-9,072	-8,965	-8,846	0,142	0,154	0,172	0,205	0,199	0,166	0,164	0,156	0,160	0,161	0,185	0,212	0,232	0,237	0,184	0,000	0,000
12,000	-13,962	-13,955	-13,889	-13,837	-13,781	-13,753	-13,749	-13,742	-13,717	-13,728	-13,705	-13,664	-13,611	-13,491	-13,355	0,053	0,108	0,110	0,113	0,106	0,089	0,087	0,091	0,098	0,096	0,143	0,180	0,219	0,251	0,196	0,000	0,000
13,000	-8,139	-8,099	-8,136	-8,136	-8,135	-8,114	-8,108	-8,093	-8,064	-8,034	-7,978	-7,913	-7,806	-7,647	-7,439	0,030	-0,013	-0,002	0,029	0,047	0,074	0,094	0,117	0,156	0,191	0,251	0,301	0,349	0,381	0,303	0,000	0,000
14,000	-11,966	-11,784	-11,915	-11,839	-11,840	-11,811	-11,795	-11,790	-11,780	-11,779	-11,755	-11,730	-11,663	-11,540	-11,367	-0,053	-0,114	-0,036	0,036	0,041	0,039	0,057	0,055	0,081	0,094	0,138	0,188	0,254	0,287	0,238	0,000	0,000
15,000	-4,532	-4,301	-4,115	-4,020	-3,956	-3,943	-3,935	-3,913	-3,903	-3,908	-3,907	-3,900	-3,899	-3,884	-3,879	1,528	0,991	0,689	0,355	0,254	0,183	0,144	0,109	0,083	0,063	0,042	0,035	0,033	0,030	0,020	0,000	0,000
	run	8	2022:11:08    10:59:55,231
0,000	-6,399	-6,318	-6,245	-6,225	-6,194	-6,193	-6,185	-6,181	-6,166	-6,166	-6,139	-6,106	-6,052	-5,967	-5,866	1,384	0,776	0,529	0,260	0,171	0,130	0,119	0,111	0,107	0,116	0,133	0,162	0,187	0,195	0,151	0,000	0,000
1,000	-8,807	-7,938	-7,553	-7,094	-6,902	-6,780	-6,703	-6,645	-6,596	-6,567	-6,526	-6,493	-6,437	-6,365	-6,280	3,796	2,421	1,826	1,084	0,813	0,619	0,510	0,427	0,350	0,293	0,254	0,227	0,216	0,199	0,155	0,000	0,000
2,000	-11,033	-11,027	-10,999	-10,854	-10,743	-10,667	-10,628	-10,587	-10,536	-10,515	-10,452	-10,393	-10,306	-10,177	-10,042	-0,133	0,026	0,112	0,224	0,237	0,227	0,224	0,217	0,223	0,228	0,251	0,272	0,287	0,288	0,214	0,000	0,000
3,000	-21,064	-21,114	-21,087	-20,798	-20,611	-20,477	-20,413	-20,362	-20,308	-20,300	-20,268	-20,236	-20,185	-20,093	-19,982	-0,200	0,076	0,201	0,398	0,397	0,331	0,301	0,258	0,229	0,191	0,187	0,199	0,209	0,212	0,166	0,000	0,000
4,000	-11,001	-11,157	-11,058	-11,054	-11,013	-11,021	-11,016	-11,011	-11,007	-10,989	-10,949	-10,887	-10,751	-10,533	-10,252	-0,415	-0,044	-0,063	0,022	0,036	0,065	0,072	0,093	0,124	0,180	0,260	0,347	0,435	0,490	0,406	0,000	0,000
5,000	-12,072	-11,971	-12,129	-12,151	-12,164	-12,137	-12,124	-12,125	-12,095	-12,085	-12,045	-11,962	-11,813	-11,567	-11,249	0,020	-0,159	-0,113	-0,010	0,024	0,039	0,076	0,107	0,151	0,206	0,289	0,393	0,498	0,558	0,451	0,000	0,000
6,000	-8,719	-8,694	-8,594	-8,452	-8,344	-8,286	-8,249	-8,220	-8,183	-8,164	-8,102	-8,043	-7,945	-7,783	-7,592	0,040	0,190	0,204	0,255	0,245	0,210	0,212	0,202	0,210	0,224	0,266	0,306	0,352	0,369	0,287	0,000	0,000
7,000	-7,040	-6,981	-6,950	-6,862	-6,816	-6,791	-6,766	-6,762	-6,741	-6,734	-6,718	-6,696	-6,665	-6,612	-6,553	0,075	0,080	0,103	0,131	0,116	0,093	0,094	0,087	0,078	0,082	0,089	0,104	0,112	0,124	0,092	0,000	0,000
8,000	-19,899	-20,092	-20,085	-20,204	-20,192	-20,236	-20,276	-20,304	-20,338	-20,383	-20,405	-20,421	-20,425	-20,383	-20,322	-0,254	-0,164	-0,170	-0,127	-0,126	-0,141	-0,130	-0,129	-0,115	-0,092	-0,053	-0,012	0,022	0,070	0,070	0,000	0,000
9,000	-9,564	-9,544	-9,475	-9,301	-9,169	-9,052	-8,985	-8,937	-8,878	-8,839	-8,785	-8,718	-8,634	-8,508	-8,363	0,051	0,142	0,201	0,322	0,344	0,314	0,302	0,275	0,268	0,262	0,271	0,295	0,305	0,307	0,228	0,000	0,000
10,000	-9,546	-9,541	-9,400	-9,255	-9,162	-9,117	-9,094	-9,071	-9,053	-9,052	-9,031	-8,995	-8,935	-8,845	-8,732	-0,027	0,189	0,210	0,234	0,195	0,167	0,148	0,132	0,118	0,132	0,150	0,162	0,204	0,215	0,170	0,000	0,000
11,000	-9,973	-9,852	-9,826	-9,677	-9,594	-9,533	-9,500	-9,477	-9,446	-9,429	-9,390	-9,345	-9,282	-9,169	-9,043	0,172	0,184	0,203	0,227	0,219	0,181	0,172	0,166	0,165	0,169	0,195	0,217	0,241	0,245	0,192	0,000	0,000
12,000	-14,106	-14,105	-14,060	-14,001	-13,953	-13,923	-13,922	-13,914	-13,892	-13,904	-13,875	-13,838	-13,781	-13,667	-13,524	0,033	0,094	0,102	0,115	0,096	0,081	0,086	0,090	0,096	0,103	0,145	0,183	0,227	0,251	0,199	0,000	0,000
13,000	-8,503	-8,424	-8,473	-8,464	-8,460	-8,443	-8,420	-8,413	-8,379	-8,354	-8,301	-8,223	-8,117	-7,948	-7,725	0,058	0,008	0,015	0,044	0,060	0,078	0,109	0,133	0,167	0,199	0,259	0,321	0,376	0,391	0,317	0,000	0,000
14,000	-12,276	-12,122	-12,225	-12,161	-12,158	-12,128	-12,104	-12,112	-12,087	-12,084	-12,063	-12,043	-11,972	-11,841	-11,664	-0,056	-0,124	-0,032	0,038	0,048	0,048	0,065	0,068	0,077	0,100	0,146	0,195	0,255	0,294	0,242	0,000	0,000
15,000	-4,633	-4,404	-4,209	-4,120	-4,049	-4,031	-4,019	-3,999	-3,993	-3,995	-3,992	-3,990	-3,985	-3,971	-3,969	1,567	0,995	0,691	0,365	0,259	0,189	0,148	0,115	0,085	0,065	0,048	0,034	0,036	0,030	0,018	0,000	0,000
	run	9	2022:11:08    10:59:55,283
0,000	-6,399	-6,318	-6,245	-6,225	-6,194	-6,193	-6,185	-6,181	-6,166	-6,166	-6,139	-6,106	-6,052	-5,967	-5,866	1,384	0,776	0,529	0,260	0,171	0,130	0,119	0,111	0,107	0,116	0,133	0,162	0,187	0,195	0,151	0,000	0,000
1,000	-8,807	-7,938	-7,553	-7,094	-6,902	-6,780	-6,703	-6,645	-6,596	-6,567	-6,526	-6,493	-6,437	-6,365	-6,280	3,796	2,421	1,826	1,084	0,813	0,619	0,510	0,427	0,350	0,293	0,254	0,227	0,216	0,199	0,155	0,000	0,000
2,000	-11,033	-11,027	-10,999	-10,854	-10,743	-10,667	-10,628	-10,587	-10,536	-10,515	-10,452	-10,393	-10,306	-10,177	-10,042	-0,133	0,026	0,112	0,224	0,237	0,227	0,224	0,217	0,223	0,228	0,251	0,272	0,287	0,288	0,214	0,000	0,000
3,000	-21,064	-21,114	-21,087	-20,798	-20,611	-20,477	-20,413	-20,362	-20,308	-20,300	-20,268	-20,236	-20,185	-20,093	-19,982	-0,200	0,076	0,201	0,398	0,397	0,331	0,301	0,258	0,229	0,191	0,187	0,199	0,209	0,212	0,166	0,000	0,000
4,000	-11,001	-11,157	-11,058	-11,054	-11,013	-11,021	-11,016	-11,011	-11,007	-10,989	-10,949	-10,887	-10,751	-10,533	-10,252	-0,415	-0,044	-0,063	0,022	0,036	0,065	0,072	0,093	0,124	0,180	0,260	0,347	0,435	0,490	0,406	0,000	0,000
5,000	-12,072	-11,971	-12,129	-12,151	-12,164	-12,137	-12,124	-12,125	-12,095	-12,085	-12,045	-11,962	-11,813	-11,567	-11,249	0,020	-0,159	-0,113	-0,010	0,024	0,039	0,076	0,107	0,151	0,206	0,289	0,393	0,498	0,558	0,451	0,000	0,000
6,000	-8,291	-8,277	-8,193	-8,060	-7,959	-7,906	-7,876	-7,853	-7,808	-7,796	-7,734	-7,673	-7,585	-7,429	-7,252	0,005	0,154	0,180	0,231	0,223	0,196	0,199	0,196	0,197	0,217	0,238	0,291	0,328	0,349	0,273	0,000	0,000
7,000	-6,629	-6,597	-6,601	-6,536	-6,496	-6,461	-6,450	-6,442	-6,427	-6,423	-6,405	-6,388	-6,359	-6,309	-6,243	0,050	0,049	0,068	0,100	0,089	0,075	0,074	0,074	0,072	0,076	0,084	0,097	0,107	0,112	0,084	0,000	0,000
8,000	-19,456	-19,622	-19,614	-19,702	-19,686	-19,729	-19,764	-19,789	-19,820	-19,857	-19,879	-19,893	-19,886	-19,845	-19,784	-0,260	-0,143	-0,123	-0,105	-0,092	-0,113	-0,118	-0,109	-0,095	-0,086	-0,045	-0,005	0,037	0,081	0,073	0,000	0,000
9,000	-9,425	-9,406	-9,359	-9,211	-9,083	-8,980	-8,913	-8,869	-8,807	-8,768	-8,721	-8,659	-8,572	-8,448	-8,307	0,034	0,099	0,169	0,295	0,318	0,296	0,291	0,272	0,257	0,247	0,265	0,284	0,291	0,299	0,220	0,000	0,000
10,000	-9,600	-9,574	-9,430	-9,258	-9,155	-9,103	-9,085	-9,068	-9,045	-9,047	-9,022	-8,994	-8,932	-8,838	-8,722	0,003	0,211	0,226	0,251	0,208	0,175	0,152	0,136	0,123	0,132	0,143	0,171	0,202	0,217	0,173	0,000	0,000
11,000	-10,154	-10,035	-9,985	-9,835	-9,756	-9,699	-9,666	-9,648	-9,617	-9,596	-9,558	-9,510	-9,442	-9,329	-9,197	0,179	0,193	0,204	0,226	0,219	0,184	0,177	0,165	0,167	0,173	0,197	0,224	0,247	0,260	0,205	0,000	0,000
12,000	-14,918	-14,921	-14,861	-14,804	-14,737	-14,715	-14,707	-14,696	-14,681	-14,683	-14,658	-14,612	-14,558	-14,429	-14,277	0,042	0,099	0,110	0,122	0,104	0,091	0,093	0,095	0,107	0,110	0,159	0,198	0,239	0,269	0,214	0,000	0,000
13,000	-8,761	-8,644	-8,718	-8,692	-8,688	-8,663	-8,653	-8,640	-8,608	-8,577	-8,522	-8,449	-8,329	-8,154	-7,925	0,089	0,022	0,018	0,047	0,067	0,082	0,112	0,135	0,172	0,216	0,267	0,332	0,388	0,412	0,332	0,000	0,000
14,000	-12,768	-12,656	-12,748	-12,668	-12,664	-12,635	-12,620	-12,615	-12,603	-12,595	-12,579	-12,548	-12,471	-12,339	-12,157	-0,116	-0,126	-0,037	0,045	0,054	0,050	0,072	0,068	0,084	0,109	0,157	0,199	0,268	0,310	0,253	0,000	0,000
15,000	-4,715	-4,486	-4,300	-4,197	-4,123	-4,105	-4,095	-4,075	-4,063	-4,071	-4,059	-4,062	-4,056	-4,045	-4,047	1,571	1,013	0,710	0,375	0,267	0,192	0,156	0,114	0,087	0,063	0,043	0,030	0,032	0,027	0,015	0,000	0,000
	run	10	2022:11:08    10:59:55,384
0,000	-6,429	-6,352	-6,275	-6,253	-6,225	-6,222	-6,220	-6,206	-6,198	-6,194	-6,166	-6,137	-6,086	-6,000	-5,907	1,390	0,774	0,533	0,255	0,176	0,129	0,111	0,106	0,105	0,110	0,134	0,159	0,181	0,186	0,142	0,000	0,000
1,000	-8,742	-7,859	-7,488	-7,037	-6,856	-6,729	-6,656	-6,604	-6,550	-6,522	-6,484	-6,446	-6,390	-6,321	-6,238	3,770	2,403	1,810	1,060	0,799	0,610	0,502	0,422	0,341	0,287	0,249	0,221	0,212	0,193	0,146	0,000	0,000
2,000	-10,731	-10,711	-10,703	-10,562	-10,471	-10,397	-10,352	-10,319	-10,269	-10,244	-10,191	-10,126	-10,049	-9,927	-9,793	-0,131	0,011	0,086	0,209	0,222	0,206	0,216	0,213	0,217	0,218	0,245	0,257	0,275	0,279	0,207	0,000	0,000
3,000	-20,524	-20,592	-20,574	-20,332	-20,141	-20,025	-19,957	-19,906	-19,855	-19,846	-19,807	-19,778	-19,729	-19,639	-19,537	-0,216	0,045	0,158	0,356	0,373	0,318	0,279	0,244	0,219	0,182	0,177	0,190	0,201	0,208	0,156	0,000	0,000
4,000	-10,775	-10,905	-10,817	-10,800	-10,764	-10,762	-10,762	-10,755	-10,757	-10,737	-10,702	-10,640	-10,510	-10,301	-10,035	-0,396	-0,042	-0,051	0,034	0,039	0,068	0,074	0,091	0,116	0,180	0,257	0,331	0,420	0,477	0,385	0,000	0,000
5,000	-11,890	-11,797	-11,972	-11,996	-12,005	-11,975	-11,970	-11,970	-11,940	-11,935	-11,882	-11,805	-11,666	-11,426	-11,105	0,028	-0,171	-0,126	-0,022	0,016	0,030	0,075	0,106	0,152	0,197	0,286	0,383	0,491	0,549	0,447	0,000	0,000
6,000	-8,176	-8,163	-8,073	-7,946	-7,848	-7,789	-7,759	-7,735	-7,697	-7,679	-7,620	-7,563	-7,472	-7,330	-7,148	0,011	0,140	0,176	0,226	0,228	0,197	0,197	0,193	0,201	0,215	0,245	0,284	0,325	0,344	0,268	0,000	0,000
7,000	-6,687	-6,654	-6,643	-6,567	-6,523	-6,495	-6,480	-6,477	-6,454	-6,456	-6,438	-6,420	-6,399	-6,347	-6,290	0,057	0,060	0,074	0,105	0,097	0,075	0,077	0,073	0,068	0,072	0,080	0,095	0,097	0,105	0,080	0,000	0,000
8,000	-19,168	-19,353	-19,326	-19,429	-19,410	-19,456	-19,488	-19,518	-19,540	-19,599	-19,609	-19,627	-19,630	-19,587	-19,525	-0,239	-0,127	-0,132	-0,101	-0,104	-0,122	-0,117	-0,115	-0,099	-0,093	-0,058	-0,011	0,022	0,063	0,064	0,000	0,000
9,000	-9,402	-9,387	-9,327	-9,190	-9,066	-8,955	-8,898	-8,847	-8,788	-8,747	-8,689	-8,630	-8,546	-8,416	-8,273	0,011	0,102	0,173	0,294	0,318	0,296	0,293	0,268	0,262	0,261	0,271	0,292	0,301	0,302	0,226	0,000	0,000
10,000	-9,664	-9,631	-9,482	-9,309	-9,205	-9,158	-9,132	-9,120	-9,099	-9,098	-9,071	-9,038	-8,978	-8,881	-8,766	0,024	0,228	0,245	0,256	0,219	0,178	0,154	0,135	0,128	0,134	0,150	0,175	0,206	0,220	0,175	0,000	0,000
11,000	-10,263	-10,151	-10,112	-9,961	-9,881	-9,821	-9,796	-9,776	-9,743	-9,722	-9,685	-9,637	-9,573	-9,460	-9,322	0,173	0,189	0,205	0,228	0,216	0,177	0,174	0,161	0,168	0,169	0,195	0,229	0,250	0,263	0,200	0,000	0,000
12,000	-14,883	-14,894	-14,827	-14,759	-14,703	-14,673	-14,668	-14,652	-14,631	-14,637	-14,614	-14,567	-14,503	-14,379	-14,226	0,055	0,120	0,113	0,133	0,121	0,096	0,097	0,099	0,108	0,120	0,167	0,208	0,243	0,273	0,218	0,000	0,000
13,000	-8,677	-8,617	-8,666	-8,651	-8,646	-8,626	-8,612	-8,599	-8,568	-8,538	-8,483	-8,408	-8,291	-8,118	-7,890	0,048	0,001	0,010	0,044	0,070	0,090	0,113	0,140	0,168	0,222	0,273	0,328	0,379	0,411	0,328	0,000	0,000
14,000	-12,601	-12,406	-12,559	-12,456	-12,465	-12,430	-12,418	-12,408	-12,394	-12,391	-12,382	-12,344	-12,266	-12,138	-11,953	-0,016	-0,127	-0,030	0,058	0,061	0,049	0,067	0,064	0,083	0,101	0,151	0,201	0,268	0,307	0,251	0,000	0,000
15,000	-4,702	-4,462	-4,273	-4,175	-4,101	-4,090	-4,078	-4,061	-4,040	-4,051	-4,046	-4,046	-4,037	-4,028	-4,024	1,577	1,016	0,706	0,370	0,268	0,191	0,154	0,119	0,088	0,067	0,047	0,034	0,027	0,031	0,021	0,000	0,000
	run	11	2022:11:08    10:59:55,483
0,000	-6,291	-6,220	-6,154	-6,125	-6,093	-6,087	-6,087	-6,080	-6,063	-6,063	-6,037	-6,005	-5,958	-5,874	-5,775	1,387	0,768	0,519	0,256	0,178	0,128	0,115	0,106	0,107	0,108	0,129	0,152	0,179	0,188	0,142	0,000	0,000
1,000	-8,586	-7,710	-7,347	-6,911	-6,726	-6,610	-6,544	-6,487	-6,438	-6,413	-6,375	-6,342	-6,290	-6,219	-6,141	3,751	2,381	1,783	1,040	0,787	0,596	0,495	0,410	0,332	0,280	0,241	0,216	0,205	0,193	0,145	0,000	0,000
2,000	-10,656	-10,662	-10,640	-10,511	-10,403	-10,330	-10,285	-10,252	-10,203	-10,178	-10,120	-10,061	-9,986	-9,868	-9,736	-0,115	0,016	0,093	0,212	0,228	0,212	0,216	0,210	0,214	0,215	0,236	0,260	0,271	0,274	0,201	0,000	0,000
3,000	-20,453	-20,520	-20,508	-20,275	-20,087	-19,966	-19,903	-19,846	-19,793	-19,788	-19,750	-19,709	-19,671	-19,574	-19,471	-0,212	0,018	0,128	0,359	0,370	0,314	0,286	0,251	0,222	0,187	0,185	0,195	0,201	0,208	0,160	0,000	0,000
4,000	-10,831	-10,963	-10,874	-10,852	-10,810	-10,823	-10,815	-10,813	-10,804	-10,789	-10,749	-10,685	-10,555	-10,348	-10,072	-0,402	-0,046	-0,036	0,037	0,041	0,070	0,074	0,093	0,121	0,180	0,262	0,333	0,430	0,481	0,396	0,000	0,000
5,000	-12,178	-12,082	-12,257	-12,276	-12,280	-12,251	-12,238	-12,244	-12,213	-12,203	-12,159	-12,070	-11,925	-11,678	-11,354	0,034	-0,180	-0,135	-0,020	0,018	0,037	0,077	0,107	0,155	0,215	0,293	0,401	0,504	0,562	0,460	0,000	0,000
6,000	-8,549	-8,555	-8,445	-8,310	-8,213	-8,153	-8,119	-8,089	-8,052	-8,030	-7,980	-7,912	-7,818	-7,658	-7,470	0,008	0,160	0,194	0,244	0,232	0,212	0,206	0,198	0,207	0,226	0,269	0,302	0,340	0,364	0,284	0,000	0,000
7,000	-6,971	-6,923	-6,894	-6,828	-6,772	-6,742	-6,727	-6,721	-6,697	-6,697	-6,684	-6,653	-6,626	-6,575	-6,510	0,051	0,063	0,097	0,131	0,114	0,092	0,084	0,081	0,082	0,078	0,088	0,104	0,113	0,123	0,096	0,000	0,000
8,000	-19,858	-20,041	-20,037	-20,145	-20,134	-20,180	-20,212	-20,239	-20,272	-20,325	-20,339	-20,352	-20,352	-20,307	-20,250	-0,235	-0,146	-0,157	-0,122	-0,114	-0,129	-0,121	-0,122	-0,108	-0,095	-0,049	-0,005	0,030	0,074	0,069	0,000	0,000
9,000	-9,614	-9,596	-9,531	-9,369	-9,234	-9,123	-9,059	-9,004	-8,941	-8,905	-8,854	-8,788	-8,703	-8,576	-8,426	0,023	0,122	0,195	0,320	0,340	0,313	0,298	0,282	0,270	0,262	0,274	0,296	0,302	0,305	0,232	0,000	0,000
10,000	-9,624	-9,600	-9,452	-9,284	-9,180	-9,136	-9,109	-9,097	-9,078	-9,071	-9,050	-9,018	-8,958	-8,863	-8,747	-0,005	0,214	0,228	0,252	0,207	0,179	0,152	0,139	0,125	0,130	0,153	0,172	0,205	0,219	0,173	0,000	0,000
11,000	-10,065	-9,940	-9,898	-9,744	-9,663	-9,604	-9,573	-9,554	-9,519	-9,502	-9,466	-9,419	-9,351	-9,236	-9,105	0,177	0,189	0,206	0,237	0,220	0,182	0,176	0,167	0,170	0,166	0,198	0,223	0,250	0,259	0,194	0,000	0,000
12,000	-14,338	-14,345	-14,288	-14,234	-14,176	-14,152	-14,150	-14,137	-14,124	-14,130	-14,101	-14,062	-14,004	-13,881	-13,734	0,051	0,100	0,101	0,113	0,103	0,083	0,086	0,087	0,095	0,107	0,149	0,190	0,233	0,259	0,210	0,000	0,000
13,000	-8,663	-8,539	-8,616	-8,593	-8,587	-8,568	-8,551	-8,540	-8,515	-8,479	-8,430	-8,354	-8,237	-8,066	-7,841	0,091	0,023	0,013	0,053	0,061	0,082	0,112	0,131	0,168	0,210	0,266	0,326	0,382	0,410	0,326	0,000	0,000
14,000	-12,498	-12,370	-12,477	-12,386	-12,378	-12,349	-12,335	-12,327	-12,325	-12,308	-12,304	-12,266	-12,189	-12,068	-11,888	-0,121	-0,128	-0,043	0,044	0,046	0,051	0,065	0,065	0,085	0,102	0,149	0,192	0,255	0,295	0,244	0,000	0,000
15,000	-4,629	-4,409	-4,224	-4,123	-4,053	-4,038	-4,025	-4,009	-3,996	-4,002	-4,001	-3,996	-3,996	-3,979	-3,985	1,571	1,009	0,703	0,364	0,257	0,187	0,148	0,111	0,085	0,063	0,040	0,029	0,028	0,024	0,015	0,000	0,000
	run	12	2022:11:08    10:59:55,531
0,000	-6,210	-6,150	-6,073	-6,055	-6,026	-6,019	-6,018	-6,011	-5,997	-5,991	-5,969	-5,932	-5,887	-5,806	-5,711	1,386	0,763	0,525	0,251	0,178	0,127	0,117	0,107	0,103	0,113	0,130	0,154	0,173	0,183	0,144	0,000	0,000
1,000	-8,615	-7,745	-7,380	-6,947	-6,765	-6,645	-6,575	-6,524	-6,468	-6,442	-6,399	-6,364	-6,315	-6,246	-6,160	3,761	2,392	1,780	1,050	0,784	0,597	0,494	0,414	0,339	0,282	0,242	0,218	0,208	0,194	0,145	0,000	0,000
2,000	-10,656	-10,662	-10,640	-10,511	-10,403	-10,330	-10,285	-10,252	-10,203	-10,178	-10,120	-10,061	-9,986	-9,868	-9,736	-0,115	0,016	0,093	0,212	0,228	0,212	0,216	0,210	0,214	0,215	0,236	0,260	0,271	0,274	0,201	0,000	0,000
3,000	-20,453	-20,520	-20,508	-20,275	-20,087	-19,966	-19,903	-19,846	-19,793	-19,788	-19,750	-19,709	-19,671	-19,574	-19,471	-0,212	0,018	0,128	0,359	0,370	0,314	0,286	0,251	0,222	0,187	0,185	0,195	0,201	0,208	0,160	0,000	0,000
4,000	-10,831	-10,963	-10,874	-10,852	-10,810	-10,823	-10,815	-10,813	-10,804	-10,789	-10,749	-10,685	-10,555	-10,348	-10,072	-0,402	-0,046	-0,036	0,037	0,041	0,070	0,074	0,093	0,121	0,180	0,262	0,333	0,430	0,481	0,396	0,000	0,000
5,000	-12,178	-12,082	-12,257	-12,276	-12,280	-12,251	-12,238	-12,244	-12,213	-12,203	-12,159	-12,070	-11,925	-11,678	-11,354	0,034	-0,180	-0,135	-0,020	0,018	0,037	0,077	0,107	0,155	0,215	0,293	0,401	0,504	0,562	0,460	0,000	0,000
6,000	-8,549	-8,555	-8,445	-8,310	-8,213	-8,153	-8,119	-8,089	-8,052	-8,030	-7,980	-7,912	-7,818	-7,658	-7,470	0,008	0,160	0,194	0,244	0,232	0,212	0,206	0,198	0,207	0,226	0,269	0,302	0,340	0,364	0,284	0,000	0,000
7,000	-6,971	-6,923	-6,894	-6,828	-6,772	-6,742	-6,727	-6,721	-6,697	-6,697	-6,684	-6,653	-6,626	-6,575	-6,510	0,051	0,063	0,097	0,131	0,114	0,092	0,084	0,081	0,082	0,078	0,088	0,104	0,113	0,123	0,096	0,000	0,000
8,000	-20,092	-20,310	-20,310	-20,424	-20,404	-20,450	-20,489	-20,519	-20,539	-20,588	-20,608	-20,626	-20,623	-20,575	-20,513	-0,235	-0,156	-0,155	-0,131	-0,118	-0,134	-0,130	-0,123	-0,104	-0,092	-0,047	-0,003	0,031	0,077	0,070	0,000	0,000
9,000	-9,667	-9,625	-9,559	-9,364	-9,228	-9,113	-9,050	-9,001	-8,941	-8,897	-8,842	-8,776	-8,689	-8,559	-8,412	0,060	0,158	0,233	0,342	0,353	0,322	0,313	0,282	0,272	0,266	0,281	0,299	0,311	0,311	0,233	0,000	0,000
10,000	-9,664	-9,643	-9,504	-9,339	-9,235	-9,193	-9,167	-9,150	-9,134	-9,133	-9,110	-9,073	-9,008	-8,914	-8,799	0,005	0,214	0,216	0,246	0,207	0,173	0,152	0,138	0,123	0,134	0,152	0,170	0,209	0,222	0,179	0,000	0,000
11,000	-10,035	-9,908	-9,873	-9,721	-9,635	-9,576	-9,544	-9,524	-9,489	-9,473	-9,437	-9,388	-9,324	-9,212	-9,081	0,166	0,182	0,198	0,231	0,217	0,180	0,177	0,163	0,167	0,163	0,191	0,222	0,244	0,251	0,195	0,000	0,000
12,000	-14,456	-14,470	-14,393	-14,343	-14,282	-14,267	-14,254	-14,248	-14,228	-14,232	-14,195	-14,161	-14,104	-13,980	-13,833	0,043	0,111	0,109	0,121	0,105	0,089	0,096	0,091	0,100	0,113	0,152	0,188	0,237	0,267	0,210	0,000	0,000
13,000	-8,295	-8,300	-8,299	-8,311	-8,301	-8,286	-8,271	-8,261	-8,233	-8,196	-8,146	-8,080	-7,971	-7,805	-7,587	0,001	0,004	-0,004	0,036	0,055	0,081	0,110	0,130	0,158	0,201	0,255	0,309	0,370	0,393	0,313	0,000	0,000
14,000	-12,214	-11,973	-12,165	-12,055	-12,073	-12,038	-12,010	-12,010	-11,995	-11,996	-11,988	-11,958	-11,886	-11,758	-11,585	0,055	-0,136	-0,029	0,036	0,046	0,042	0,060	0,064	0,075	0,098	0,141	0,192	0,248	0,287	0,235	0,000	0,000
15,000	-4,532	-4,317	-4,126	-4,033	-3,969	-3,954	-3,940	-3,921	-3,914	-3,923	-3,913	-3,915	-3,906	-3,894	-3,891	1,549	0,984	0,686	0,357	0,247	0,184	0,146	0,112	0,082	0,061	0,045	0,030	0,032	0,027	0,018	0,000	0,000
	run	13	2022:11:08    10:59:55,632
0,000	-6,212	-6,135	-6,059	-6,035	-6,014	-6,006	-6,004	-5,993	-5,983	-5,980	-5,956	-5,921	-5,876	-5,793	-5,697	1,387	0,749	0,517	0,253	0,180	0,127	0,112	0,105	0,103	0,108	0,126	0,149	0,173	0,183	0,139	0,000	0,000
1,000	-8,595	-7,720	-7,365	-6,930	-6,742	-6,624	-6,554	-6,497	-6,449	-6,419	-6,382	-6,344	-6,291	-6,224	-6,143	3,773	2,387	1,781	1,051	0,791	0,602	0,498	0,416	0,340	0,282	0,248	0,220	0,209	0,190	0,143	0,000	0,000
2,000	-10,916	-10,918	-10,880	-10,751	-10,641	-10,566	-10,519	-10,485	-10,432	-10,405	-10,346	-10,277	-10,203	-10,072	-9,937	-0,132	0,011	0,097	0,220	0,232	0,220	0,228	0,221	0,226	0,229	0,256	0,277	0,288	0,291	0,213	0,000	0,000
3,000	-21,324	-21,357	-21,336	-21,032	-20,837	-20,707	-20,646	-20,583	-20,540	-20,532	-20,499	-20,463	-20,417	-20,320	-20,209	-0,181	0,097	0,216	0,410	0,406	0,335	0,301	0,259	0,226	0,191	0,183	0,197	0,211	0,217	0,164	0,000	0,000
4,000	-11,290	-11,440	-11,341	-11,347	-11,314	-11,320	-11,316	-11,307	-11,302	-11,291	-11,243	-11,176	-11,039	-10,819	-10,529	-0,414	-0,064	-0,067	0,017	0,032	0,066	0,074	0,094	0,121	0,185	0,275	0,356	0,449	0,507	0,415	0,000	0,000
5,000	-12,654	-12,573	-12,742	-12,766	-12,772	-12,746	-12,727	-12,731	-12,696	-12,693	-12,650	-12,551	-12,398	-12,125	-11,788	0,013	-0,173	-0,113	-0,008	0,024	0,042	0,086	0,119	0,166	0,219	0,317	0,425	0,529	0,601	0,491	0,000	0,000
6,000	-8,769	-8,760	-8,653	-8,517	-8,412	-8,354	-8,329	-8,297	-8,254	-8,230	-8,181	-8,109	-8,011	-7,842	-7,643	0,029	0,170	0,203	0,254	0,242	0,208	0,207	0,205	0,213	0,230	0,272	0,316	0,367	0,379	0,302	0,000	0,000
7,000	-7,227	-7,152	-7,093	-6,997	-6,940	-6,908	-6,893	-6,887	-6,867	-6,860	-6,846	-6,828	-6,796	-6,746	-6,681	0,092	0,131	0,150	0,163	0,128	0,101	0,096	0,091	0,079	0,086	0,085	0,100	0,110	0,119	0,087	0,000	0,000
8,000	-20,240	-20,467	-20,484	-20,639	-20,627	-20,691	-20,725	-20,762	-20,792	-20,843	-20,861	-20,884	-20,886	-20,845	-20,783	-0,323	-0,223	-0,229	-0,177	-0,142	-0,156	-0,144	-0,146	-0,121	-0,104	-0,063	-0,021	0,017	0,060	0,067	0,000	0,000
9,000	-9,713	-9,673	-9,575	-9,369	-9,238	-9,117	-9,058	-9,007	-8,946	-8,907	-8,844	-8,790	-8,694	-8,563	-8,408	0,073	0,197	0,258	0,354	0,366	0,328	0,316	0,290	0,279	0,267	0,282	0,308	0,315	0,316	0,238	0,000	0,000
10,000	-9,670	-9,652	-9,511	-9,359	-9,257	-9,217	-9,196	-9,175	-9,156	-9,157	-9,135	-9,098	-9,035	-8,946	-8,826	-0,019	0,201	0,215	0,236	0,196	0,166	0,147	0,136	0,119	0,131	0,151	0,169	0,205	0,214	0,174	0,000	0,000
11,000	-9,973	-9,860	-9,830	-9,671	-9,591	-9,535	-9,503	-9,482	-9,447	-9,430	-9,397	-9,343	-9,283	-9,173	-9,049	0,151	0,186	0,193	0,226	0,213	0,179	0,175	0,165	0,161	0,166	0,188	0,216	0,235	0,245	0,188	0,000	0,000
12,000	-14,016	-14,024	-13,960	-13,895	-13,838	-13,816	-13,797	-13,791	-13,769	-13,781	-13,750	-13,715	-13,666	-13,544	-13,409	0,047	0,111	0,109	0,126	0,117	0,089	0,090	0,092	0,094	0,104	0,143	0,180	0,218	0,247	0,197	0,000	0,000
13,000	-8,210	-8,160	-8,202	-8,204	-8,203	-8,186	-8,169	-8,156	-8,133	-8,101	-8,052	-7,982	-7,876	-7,711	-7,511	0,034	-0,008	0,001	0,030	0,049	0,071	0,095	0,128	0,160	0,197	0,246	0,304	0,350	0,374	0,297	0,000	0,000
14,000	-11,643	-11,458	-11,598	-11,520	-11,523	-11,497	-11,478	-11,479	-11,463	-11,464	-11,447	-11,419	-11,351	-11,226	-11,065	-0,023	-0,128	-0,034	0,034	0,039	0,038	0,056	0,059	0,076	0,094	0,143	0,181	0,239	0,275	0,227	0,000	0,000
15,000	-4,428	-4,216	-4,030	-3,938	-3,877	-3,864	-3,852	-3,839	-3,826	-3,834	-3,831	-3,827	-3,821	-3,806	-3,800	1,531	0,988	0,676	0,349	0,247	0,180	0,142	0,109	0,079	0,065	0,045	0,034	0,035	0,028	0,019	0,000	0,000
	run	14	2022:11:08    10:59:55,683
0,000	-6,212	-6,135	-6,059	-6,035	-6,014	-6,006	-6,004	-5,993	-5,983	-5,980	-5,956	-5,921	-5,876	-5,793	-5,697	1,387	0,749	0,517	0,253	0,180	0,127	0,112	0,105	0,103	0,108	0,126	0,149	0,173	0,183	0,139	0,000	0,000
1,000	-8,595	-7,720	-7,365	-6,930	-6,742	-6,624	-6,554	-6,497	-6,449	-6,419	-6,382	-6,344	-6,291	-6,224	-6,143	3,773	2,387	1,781	1,051	0,791	0,602	0,498	0,416	0,340	0,282	0,248	0,220	0,209	0,190	0,143	0,000	0,000
2,000	-10,916	-10,918	-10,880	-10,751	-10,641	-10,566	-10,519	-10,485	-10,432	-10,405	-10,346	-10,277	-10,203	-10,072	-9,937	-0,132	0,011	0,097	0,220	0,232	0,220	0,228	0,221	0,226	0,229	0,256	0,277	0,288	0,291	0,213	0,000	0,000
3,000	-21,324	-21,357	-21,336	-21,032	-20,837	-20,707	-20,646	-20,583	-20,540	-20,532	-20,499	-20,463	-20,417	-20,320	-20,209	-0,181	0,097	0,216	0,410	0,406	0,335	0,301	0,259	0,226	0,191	0,183	0,197	0,211	0,217	0,164	0,000	0,000
4,000	-11,290	-11,440	-11,341	-11,347	-11,314	-11,320	-11,316	-11,307	-11,302	-11,291	-11,243	-11,176	-11,039	-10,819	-10,529	-0,414	-0,064	-0,067	0,017	0,032	0,066	0,074	0,094	0,121	0,185	0,275	0,356	0,449	0,507	0,415	0,000	0,000
5,000	-12,654	-12,573	-12,742	-12,766	-12,772	-12,746	-12,727	-12,731	-12,696	-12,693	-12,650	-12,551	-12,398	-12,125	-11,788	0,013	-0,173	-0,113	-0,008	0,024	0,042	0,086	0,119	0,166	0,219	0,317	0,425	0,529	0,601	0,491	0,000	0,000
6,000	-8,739	-8,725	-8,619	-8,476	-8,368	-8,314	-8,280	-8,252	-8,214	-8,191	-8,136	-8,068	-7,970	-7,807	-7,610	0,034	0,171	0,202	0,245	0,237	0,211	0,215	0,203	0,215	0,231	0,272	0,313	0,353	0,370	0,294	0,000	0,000
7,000	-7,034	-6,981	-6,955	-6,879	-6,823	-6,790	-6,773	-6,767	-6,745	-6,741	-6,730	-6,701	-6,671	-6,612	-6,553	0,084	0,082	0,108	0,131	0,121	0,090	0,093	0,087	0,079	0,077	0,088	0,104	0,112	0,123	0,094	0,000	0,000
8,000	-20,456	-20,633	-20,628	-20,745	-20,729	-20,774	-20,814	-20,843	-20,865	-20,926	-20,941	-20,957	-20,957	-20,902	-20,841	-0,244	-0,150	-0,176	-0,130	-0,125	-0,140	-0,133	-0,127	-0,108	-0,090	-0,046	-0,008	0,028	0,081	0,070	0,000	0,000
9,000	-9,759	-9,721	-9,641	-9,445	-9,304	-9,191	-9,131	-9,075	-9,023	-8,970	-8,922	-8,856	-8,774	-8,644	-8,488	0,063	0,165	0,230	0,343	0,355	0,324	0,310	0,289	0,273	0,265	0,277	0,295	0,309	0,315	0,233	0,000	0,000
10,000	-9,573	-9,576	-9,438	-9,282	-9,176	-9,136	-9,116	-9,098	-9,083	-9,079	-9,054	-9,018	-8,962	-8,868	-8,752	0,005	0,204	0,211	0,241	0,200	0,163	0,148	0,134	0,126	0,136	0,150	0,168	0,203	0,217	0,174	0,000	0,000
11,000	-9,875	-9,766	-9,720	-9,563	-9,486	-9,426	-9,397	-9,371	-9,340	-9,323	-9,289	-9,240	-9,171	-9,062	-8,935	0,170	0,181	0,208	0,230	0,220	0,182	0,175	0,170	0,168	0,174	0,188	0,218	0,239	0,249	0,192	0,000	0,000
12,000	-13,979	-13,987	-13,919	-13,878	-13,822	-13,798	-13,794	-13,789	-13,771	-13,782	-13,755	-13,712	-13,658	-13,546	-13,408	0,029	0,092	0,098	0,106	0,097	0,081	0,081	0,080	0,088	0,097	0,141	0,178	0,222	0,248	0,197	0,000	0,000
13,000	-8,372	-8,293	-8,345	-8,332	-8,326	-8,307	-8,293	-8,282	-8,254	-8,226	-8,170	-8,102	-7,991	-7,822	-7,610	0,054	0,002	0,006	0,040	0,059	0,078	0,105	0,128	0,165	0,205	0,253	0,314	0,371	0,394	0,316	0,000	0,000
14,000	-12,101	-11,929	-12,045	-11,968	-11,967	-11,943	-11,920	-11,916	-11,901	-11,901	-11,889	-11,858	-11,787	-11,658	-11,489	-0,057	-0,103	-0,039	0,047	0,046	0,041	0,060	0,064	0,078	0,097	0,144	0,184	0,244	0,284	0,236	0,000	0,000
15,000	-4,573	-4,355	-4,167	-4,079	-4,008	-3,993	-3,983	-3,963	-3,953	-3,957	-3,953	-3,952	-3,947	-3,934	-3,929	1,548	0,990	0,686	0,358	0,248	0,183	0,147	0,110	0,079	0,062	0,043	0,034	0,033	0,027	0,020	0,000	0,000
	run	15	2022:11:08    10:59:55,814
0,000	-6,542	-6,451	-6,375	-6,351	-6,331	-6,329	-6,326	-6,318	-6,302	-6,297	-6,271	-6,237	-6,181	-6,093	-5,995	1,397	0,779	0,532	0,250	0,172	0,127	0,118	0,109	0,111	0,113	0,139	0,165	0,186	0,198	0,155	0,000	0,000
1,000	-9,027	-8,118	-7,720	-7,245	-7,037	-6,913	-6,843	-6,781	-6,725	-6,687	-6,653	-6,611	-6,559	-6,484	-6,399	3,849	2,471	1,869	1,120	0,844	0,637	0,531	0,445	0,360	0,304	0,263	0,234	0,223	0,208	0,158	0,000	0,000
2,000	-11,211	-11,190	-11,158	-11,002	-10,893	-10,816	-10,774	-10,740	-10,681	-10,653	-10,592	-10,528	-10,444	-10,314	-10,164	-0,115	0,044	0,127	0,243	0,249	0,228	0,229	0,227	0,232	0,232	0,255	0,286	0,301	0,304	0,223	0,000	0,000
3,000	-21,364	-21,419	-21,362	-21,051	-20,846	-20,717	-20,647	-20,586	-20,539	-20,523	-20,490	-20,458	-20,409	-20,313	-20,205	-0,182	0,107	0,231	0,434	0,429	0,353	0,308	0,266	0,239	0,194	0,192	0,205	0,214	0,225	0,174	0,000	0,000
4,000	-11,256	-11,404	-11,305	-11,311	-11,277	-11,278	-11,282	-11,273	-11,268	-11,249	-11,205	-11,136	-10,994	-10,776	-10,483	-0,395	-0,073	-0,072	0,010	0,024	0,064	0,075	0,095	0,124	0,189	0,277	0,358	0,452	0,517	0,423	0,000	0,000
5,000	-12,308	-12,209	-12,378	-12,389	-12,396	-12,369	-12,358	-12,362	-12,334	-12,329	-12,281	-12,188	-12,047	-11,782	-11,455	0,033	-0,166	-0,112	-0,003	0,027	0,041	0,075	0,113	0,159	0,215	0,307	0,414	0,518	0,577	0,470	0,000	0,000
6,000	-8,418	-8,412	-8,315	-8,195	-8,084	-8,028	-7,997	-7,972	-7,931	-7,904	-7,858	-7,788	-7,705	-7,550	-7,365	0,039	0,160	0,182	0,242	0,226	0,205	0,198	0,195	0,207	0,218	0,261	0,295	0,333	0,354	0,275	0,000	0,000
7,000	-6,807	-6,759	-6,747	-6,678	-6,637	-6,605	-6,589	-6,588	-6,567	-6,570	-6,548	-6,530	-6,503	-6,455	-6,399	0,056	0,055	0,079	0,113	0,102	0,075	0,082	0,068	0,073	0,072	0,088	0,093	0,099	0,107	0,079	0,000	0,000
8,000	-19,396	-19,567	-19,560	-19,648	-19,626	-19,676	-19,711	-19,741	-19,766	-19,815	-19,834	-19,847	-19,849	-19,805	-19,743	-0,259	-0,133	-0,146	-0,113	-0,095	-0,124	-0,116	-0,117	-0,103	-0,090	-0,047	-0,005	0,028	0,067	0,063	0,000	0,000
9,000	-9,343	-9,331	-9,273	-9,139	-9,016	-8,901	-8,847	-8,789	-8,736	-8,699	-8,640	-8,577	-8,501	-8,382	-8,236	0,020	0,108	0,170	0,288	0,314	0,293	0,285	0,267	0,258	0,255	0,261	0,281	0,295	0,294	0,220	0,000	0,000
10,000	-9,363	-9,378	-9,241	-9,107	-9,013	-8,971	-8,945	-8,930	-8,910	-8,908	-8,887	-8,854	-8,797	-8,703	-8,595	-0,019	0,177	0,187	0,214	0,183	0,162	0,138	0,126	0,117	0,131	0,146	0,164	0,196	0,209	0,173	0,000	0,000
11,000	-9,943	-9,830	-9,799	-9,662	-9,585	-9,527	-9,496	-9,475	-9,446	-9,429	-9,394	-9,346	-9,280	-9,171	-9,050	0,153	0,169	0,179	0,217	0,205	0,172	0,165	0,157	0,162	0,165	0,189	0,217	0,235	0,246	0,189	0,000	0,000
12,000	-14,545	-14,553	-14,476	-14,426	-14,366	-14,343	-14,335	-14,326	-14,305	-14,314	-14,278	-14,243	-14,187	-14,070	-13,923	0,056	0,101	0,111	0,123	0,110	0,094	0,096	0,093	0,103	0,114	0,154	0,189	0,233	0,262	0,204	0,000	0,000
13,000	-8,438	-8,379	-8,416	-8,416	-8,402	-8,392	-8,373	-8,355	-8,333	-8,297	-8,254	-8,175	-8,067	-7,899	-7,686	0,048	-0,003	0,012	0,036	0,060	0,079	0,108	0,127	0,167	0,202	0,262	0,314	0,371	0,392	0,315	0,000	0,000
14,000	-12,343	-12,162	-12,314	-12,227	-12,228	-12,195	-12,175	-12,175	-12,164	-12,162	-12,149	-12,115	-12,039	-11,913	-11,731	-0,020	-0,134	-0,038	0,038	0,045	0,044	0,056	0,065	0,081	0,100	0,151	0,197	0,257	0,296	0,250	0,000	0,000
15,000	-4,665	-4,446	-4,233	-4,149	-4,080	-4,060	-4,047	-4,032	-4,020	-4,023	-4,015	-4,016	-4,008	-3,994	-3,989	1,540	1,007	0,698	0,369	0,261	0,188	0,153	0,118	0,083	0,069	0,049	0,039	0,037	0,030	0,021	0,000	0,000
	run	16	2022:11:08    10:59:55,883
0,000	-6,604	-6,514	-6,436	-6,414	-6,385	-6,379	-6,380	-6,375	-6,354	-6,357	-6,329	-6,296	-6,246	-6,152	-6,046	1,395	0,781	0,524	0,248	0,175	0,130	0,114	0,106	0,115	0,114	0,138	0,162	0,187	0,199	0,153	0,000	0,000
1,000	-8,960	-8,045	-7,653	-7,186	-6,982	-6,857	-6,789	-6,728	-6,669	-6,645	-6,605	-6,564	-6,513	-6,436	-6,348	3,829	2,450	1,839	1,103	0,828	0,630	0,520	0,438	0,355	0,296	0,255	0,230	0,221	0,206	0,152	0,000	0,000
2,000	-11,057	-11,054	-11,027	-10,881	-10,775	-10,694	-10,652	-10,623	-10,567	-10,542	-10,480	-10,418	-10,335	-10,206	-10,067	-0,126	0,021	0,110	0,224	0,234	0,218	0,224	0,219	0,223	0,228	0,253	0,274	0,293	0,297	0,221	0,000	0,000
3,000	-21,160	-21,214	-21,175	-20,888	-20,684	-20,559	-20,490	-20,438	-20,389	-20,375	-20,345	-20,309	-20,264	-20,163	-20,055	-0,191	0,069	0,204	0,404	0,405	0,333	0,297	0,262	0,229	0,192	0,189	0,203	0,213	0,221	0,171	0,000	0,000
4,000	-11,059	-11,203	-11,108	-11,098	-11,061	-11,071	-11,064	-11,060	-11,054	-11,044	-11,004	-10,938	-10,798	-10,579	-10,294	-0,391	-0,057	-0,051	0,023	0,033	0,065	0,075	0,097	0,120	0,187	0,266	0,352	0,448	0,498	0,416	0,000	0,000
5,000	-12,225	-12,126	-12,304	-12,313	-12,331	-12,306	-12,291	-12,290	-12,265	-12,252	-12,213	-12,123	-11,977	-11,730	-11,403	0,030	-0,164	-0,114	-0,010	0,019	0,038	0,080	0,115	0,158	0,214	0,295	0,406	0,508	0,569	0,461	0,000	0,000
6,000	-8,364	-8,363	-8,254	-8,121	-8,024	-7,964	-7,936	-7,903	-7,863	-7,843	-7,793	-7,724	-7,643	-7,490	-7,311	0,042	0,149	0,190	0,239	0,232	0,202	0,207	0,199	0,205	0,216	0,260	0,291	0,327	0,346	0,270	0,000	0,000
7,000	-6,616	-6,583	-6,584	-6,537	-6,504	-6,471	-6,462	-6,454	-6,437	-6,435	-6,419	-6,398	-6,375	-6,321	-6,271	0,057	0,031	0,051	0,092	0,079	0,066	0,071	0,068	0,069	0,068	0,077	0,088	0,103	0,109	0,078	0,000	0,000
8,000	-19,010	-19,214	-19,192	-19,287	-19,268	-19,314	-19,350	-19,382	-19,407	-19,458	-19,481	-19,497	-19,498	-19,461	-19,406	-0,269	-0,136	-0,137	-0,106	-0,101	-0,125	-0,123	-0,124	-0,110	-0,097	-0,053	-0,012	0,023	0,062	0,060	0,000	0,000
9,000	-9,163	-9,140	-9,101	-8,963	-8,844	-8,738	-8,677	-8,629	-8,577	-8,534	-8,477	-8,423	-8,337	-8,219	-8,077	0,024	0,099	0,154	0,272	0,302	0,288	0,285	0,260	0,254	0,254	0,264	0,281	0,289	0,293	0,225	0,000	0,000
10,000	-9,432	-9,429	-9,289	-9,135	-9,036	-8,998	-8,971	-8,960	-8,943	-8,939	-8,918	-8,883	-8,827	-8,737	-8,625	-0,012	0,193	0,203	0,229	0,191	0,161	0,143	0,135	0,117	0,126	0,139	0,162	0,195	0,207	0,166	0,000	0,000
11,000	-10,002	-9,888	-9,855	-9,722	-9,636	-9,583	-9,558	-9,535	-9,503	-9,485	-9,452	-9,396	-9,340	-9,235	-9,108	0,162	0,170	0,190	0,215	0,207	0,167	0,165	0,153	0,158	0,165	0,184	0,215	0,236	0,244	0,189	0,000	0,000
12,000	-14,170	-14,185	-14,121	-14,064	-14,004	-13,982	-13,970	-13,964	-13,945	-13,958	-13,924	-13,885	-13,829	-13,713	-13,572	0,045	0,112	0,104	0,112	0,116	0,089	0,085	0,089	0,096	0,101	0,146	0,183	0,227	0,253	0,202	0,000	0,000
13,000	-8,545	-8,436	-8,509	-8,485	-8,488	-8,470	-8,448	-8,439	-8,406	-8,375	-8,326	-8,252	-8,140	-7,974	-7,754	0,079	0,002	0,013	0,044	0,061	0,077	0,104	0,129	0,169	0,206	0,264	0,317	0,375	0,398	0,319	0,000	0,000
14,000	-12,490	-12,366	-12,447	-12,390	-12,378	-12,349	-12,332	-12,326	-12,319	-12,304	-12,287	-12,265	-12,193	-12,055	-11,874	-0,123	-0,121	-0,033	0,026	0,049	0,050	0,062	0,068	0,083	0,105	0,145	0,208	0,262	0,307	0,250	0,000	0,000
15,000	-4,749	-4,498	-4,312	-4,207	-4,138	-4,120	-4,110	-4,091	-4,078	-4,081	-4,076	-4,077	-4,073	-4,056	-4,052	1,575	1,012	0,698	0,372	0,268	0,194	0,156	0,118	0,089	0,071	0,046	0,036	0,036	0,022	0,019	0,000	0,000
	run	17	2022:11:08    10:59:55,940
0,000	-6,488	-6,413	-6,332	-6,317	-6,293	-6,285	-6,281	-6,272	-6,260	-6,256	-6,226	-6,196	-6,145	-6,056	-5,952	1,384	0,782	0,528	0,248	0,181	0,128	0,115	0,109	0,114	0,118	0,133	0,166	0,187	0,198	0,152	0,000	0,000
1,000	-8,950	-8,040	-7,656	-7,190	-6,992	-6,865	-6,794	-6,734	-6,682	-6,649	-6,607	-6,572	-6,514	-6,444	-6,361	3,841	2,462	1,853	1,105	0,831	0,629	0,516	0,436	0,354	0,300	0,255	0,229	0,220	0,205	0,154	0,000	0,000
2,000	-11,057	-11,054	-11,027	-10,881	-10,775	-10,694	-10,652	-10,623	-10,567	-10,542	-10,480	-10,418	-10,335	-10,206	-10,067	-0,126	0,021	0,110	0,224	0,234	0,218	0,224	0,219	0,223	0,228	0,253	0,274	0,293	0,297	0,221	0,000	0,000
3,000	-21,160	-21,214	-21,175	-20,888	-20,684	-20,559	-20,490	-20,438	-20,389	-20,375	-20,345	-20,309	-20,264	-20,163	-20,055	-0,191	0,069	0,204	0,404	0,405	0,333	0,297	0,262	0,229	0,192	0,189	0,203	0,213	0,221	0,171	0,000	0,000
4,000	-11,059	-11,203	-11,108	-11,098	-11,061	-11,071	-11,064	-11,060	-11,054	-11,044	-11,004	-10,938	-10,798	-10,579	-10,294	-0,391	-0,057	-0,051	0,023	0,033	0,065	0,075	0,097	0,120	0,187	0,266	0,352	0,448	0,498	0,416	0,000	0,000
5,000	-12,225	-12,126	-12,304	-12,313	-12,331	-12,306	-12,291	-12,290	-12,265	-12,252	-12,213	-12,123	-11,977	-11,730	-11,403	0,030	-0,164	-0,114	-0,010	0,019	0,038	0,080	0,115	0,158	0,214	0,295	0,406	0,508	0,569	0,461	0,000	0,000
6,000	-8,364	-8,363	-8,254	-8,121	-8,024	-7,964	-7,936	-7,903	-7,863	-7,843	-7,793	-7,724	-7,643	-7,490	-7,311	0,042	0,149	0,190	0,239	0,232	0,202	0,207	0,199	0,205	0,216	0,260	0,291	0,327	0,346	0,270	0,000	0,000
7,000	-6,616	-6,583	-6,584	-6,537	-6,504	-6,471	-6,462	-6,454	-6,437	-6,435	-6,419	-6,398	-6,375	-6,321	-6,271	0,057	0,031	0,051	0,092	0,079	0,066	0,071	0,068	0,069	0,068	0,077	0,088	0,103	0,109	0,078	0,000	0,000
8,000	-19,223	-19,387	-19,397	-19,448	-19,425	-19,458	-19,495	-19,517	-19,544	-19,594	-19,606	-19,617	-19,619	-19,571	-19,514	-0,227	-0,107	-0,107	-0,078	-0,075	-0,101	-0,105	-0,105	-0,091	-0,077	-0,036	0,004	0,034	0,075	0,067	0,000	0,000
9,000	-9,274	-9,276	-9,225	-9,119	-8,999	-8,893	-8,837	-8,786	-8,731	-8,693	-8,638	-8,576	-8,506	-8,385	-8,249	0,025	0,089	0,127	0,262	0,286	0,279	0,273	0,249	0,248	0,239	0,258	0,269	0,281	0,285	0,214	0,000	0,000
10,000	-9,233	-9,243	-9,120	-8,995	-8,909	-8,869	-8,852	-8,832	-8,814	-8,818	-8,791	-8,756	-8,700	-8,612	-8,503	-0,028	0,158	0,169	0,199	0,174	0,147	0,134	0,124	0,111	0,123	0,144	0,161	0,195	0,206	0,162	0,000	0,000
11,000	-9,833	-9,743	-9,704	-9,573	-9,499	-9,444	-9,416	-9,391	-9,359	-9,343	-9,308	-9,263	-9,197	-9,087	-8,965	0,149	0,162	0,175	0,210	0,199	0,167	0,165	0,158	0,158	0,168	0,187	0,211	0,236	0,249	0,188	0,000	0,000
12,000	-14,195	-14,216	-14,140	-14,103	-14,042	-14,024	-14,015	-14,006	-13,987	-13,986	-13,964	-13,925	-13,866	-13,744	-13,600	0,046	0,097	0,096	0,106	0,103	0,084	0,090	0,090	0,096	0,108	0,144	0,193	0,232	0,262	0,208	0,000	0,000
13,000	-8,635	-8,491	-8,573	-8,538	-8,542	-8,522	-8,507	-8,499	-8,466	-8,433	-8,379	-8,310	-8,193	-8,020	-7,800	0,071	0,005	0,011	0,044	0,063	0,078	0,110	0,133	0,162	0,209	0,267	0,328	0,379	0,407	0,328	0,000	0,000
14,000	-12,902	-12,769	-12,850	-12,760	-12,762	-12,736	-12,715	-12,703	-12,699	-12,697	-12,673	-12,640	-12,564	-12,439	-12,241	-0,107	-0,106	-0,026	0,049	0,063	0,057	0,074	0,068	0,086	0,107	0,148	0,201	0,271	0,306	0,256	0,000	0,000
15,000	-4,769	-4,526	-4,333	-4,234	-4,167	-4,144	-4,135	-4,116	-4,103	-4,113	-4,107	-4,104	-4,102	-4,092	-4,091	1,576	1,019	0,703	0,379	0,269	0,192	0,151	0,114	0,086	0,065	0,043	0,028	0,030	0,028	0,015	0,000	0,000
	run	18	2022:11:08    10:59:56,031
0,000	-6,439	-6,355	-6,282	-6,262	-6,232	-6,227	-6,223	-6,214	-6,200	-6,202	-6,173	-6,141	-6,094	-6,001	-5,907	1,383	0,775	0,527	0,249	0,177	0,124	0,112	0,109	0,106	0,111	0,132	0,161	0,180	0,192	0,149	0,000	0,000
1,000	-8,806	-7,921	-7,541	-7,083	-6,891	-6,770	-6,702	-6,643	-6,591	-6,555	-6,517	-6,479	-6,427	-6,356	-6,276	3,790	2,420	1,818	1,078	0,810	0,616	0,516	0,434	0,352	0,290	0,254	0,225	0,216	0,201	0,147	0,000	0,000
2,000	-10,901	-10,892	-10,865	-10,728	-10,622	-10,548	-10,500	-10,465	-10,412	-10,390	-10,330	-10,270	-10,186	-10,065	-9,922	-0,138	0,027	0,092	0,221	0,229	0,216	0,220	0,218	0,217	0,225	0,248	0,270	0,284	0,288	0,210	0,000	0,000
3,000	-20,900	-20,956	-20,931	-20,658	-20,460	-20,334	-20,272	-20,218	-20,166	-20,158	-20,117	-20,086	-20,042	-19,949	-19,836	-0,208	0,063	0,190	0,385	0,396	0,330	0,291	0,259	0,226	0,192	0,189	0,202	0,203	0,216	0,163	0,000	0,000
4,000	-11,016	-11,151	-11,066	-11,055	-11,018	-11,027	-11,023	-11,016	-11,010	-11,004	-10,955	-10,889	-10,762	-10,547	-10,256	-0,393	-0,064	-0,048	0,017	0,038	0,057	0,073	0,088	0,124	0,184	0,264	0,350	0,442	0,490	0,406	0,000	0,000
5,000	-12,456	-12,355	-12,527	-12,548	-12,558	-12,534	-12,520	-12,520	-12,489	-12,482	-12,440	-12,344	-12,195	-11,933	-11,591	0,019	-0,182	-0,117	-0,006	0,020	0,037	0,080	0,117	0,166	0,216	0,309	0,419	0,527	0,599	0,482	0,000	0,000
6,000	-8,400	-8,388	-8,298	-8,168	-8,065	-7,999	-7,975	-7,945	-7,901	-7,889	-7,838	-7,772	-7,684	-7,531	-7,343	0,024	0,162	0,183	0,231	0,233	0,201	0,203	0,197	0,206	0,215	0,258	0,296	0,333	0,349	0,273	0,000	0,000
7,000	-6,799	-6,742	-6,740	-6,672	-6,630	-6,597	-6,583	-6,577	-6,561	-6,559	-6,541	-6,519	-6,497	-6,444	-6,391	0,060	0,061	0,067	0,115	0,103	0,082	0,081	0,071	0,073	0,065	0,082	0,086	0,100	0,109	0,081	0,000	0,000
8,000	-19,352	-19,526	-19,512	-19,609	-19,590	-19,644	-19,676	-19,699	-19,721	-19,781	-19,797	-19,813	-19,811	-19,768	-19,714	-0,251	-0,137	-0,143	-0,110	-0,099	-0,119	-0,124	-0,118	-0,105	-0,089	-0,054	-0,008	0,021	0,065	0,064	0,000	0,000
9,000	-9,328	-9,311	-9,250	-9,096	-8,971	-8,858	-8,797	-8,750	-8,697	-8,653	-8,589	-8,534	-8,451	-8,327	-8,185	0,021	0,107	0,165	0,297	0,319	0,303	0,291	0,270	0,260	0,256	0,269	0,285	0,302	0,299	0,225	0,000	0,000
10,000	-9,445	-9,442	-9,304	-9,171	-9,071	-9,026	-9,006	-8,988	-8,973	-8,970	-8,951	-8,913	-8,855	-8,767	-8,654	-0,009	0,184	0,189	0,218	0,189	0,159	0,146	0,129	0,118	0,127	0,140	0,163	0,201	0,210	0,171	0,000	0,000
11,000	-9,986	-9,863	-9,830	-9,688	-9,616	-9,565	-9,528	-9,508	-9,476	-9,461	-9,425	-9,378	-9,313	-9,207	-9,081	0,162	0,168	0,185	0,217	0,205	0,175	0,164	0,156	0,161	0,163	0,193	0,215	0,232	0,246	0,189	0,000	0,000
12,000	-14,454	-14,472	-14,399	-14,342	-14,282	-14,259	-14,252	-14,237	-14,222	-14,228	-14,198	-14,160	-14,094	-13,973	-13,825	0,048	0,110	0,115	0,129	0,112	0,096	0,098	0,101	0,104	0,121	0,150	0,195	0,239	0,270	0,210	0,000	0,000
13,000	-8,450	-8,354	-8,418	-8,407	-8,406	-8,391	-8,372	-8,358	-8,335	-8,305	-8,257	-8,179	-8,069	-7,904	-7,687	0,048	-0,007	0,003	0,041	0,055	0,078	0,106	0,122	0,161	0,201	0,256	0,319	0,366	0,389	0,313	0,000	0,000
14,000	-12,477	-12,214	-12,425	-12,305	-12,319	-12,284	-12,261	-12,262	-12,248	-12,246	-12,227	-12,193	-12,123	-11,996	-11,817	0,059	-0,141	-0,020	0,043	0,043	0,046	0,068	0,060	0,083	0,101	0,145	0,199	0,257	0,298	0,248	0,000	0,000
15,000	-4,646	-4,419	-4,215	-4,126	-4,059	-4,036	-4,023	-4,010	-3,999	-4,003	-3,999	-3,998	-3,991	-3,976	-3,974	1,560	0,998	0,689	0,368	0,256	0,191	0,148	0,115	0,083	0,068	0,047	0,032	0,032	0,026	0,019	0,000	0,000
	run	19	2022:11:08    10:59:56,084
0,000	-6,439	-6,355	-6,282	-6,262	-6,232	-6,227	-6,223	-6,214	-6,200	-6,202	-6,173	-6,141	-6,094	-6,001	-5,907	1,383	0,775	0,527	0,249	0,177	0,124	0,112	0,109	0,106	0,111	0,132	0,161	0,180	0,192	0,149	0,000	0,000
1,000	-8,806	-7,921	-7,541	-7,083	-6,891	-6,770	-6,702	-6,643	-6,591	-6,555	-6,517	-6,479	-6,427	-6,356	-6,276	3,790	2,420	1,818	1,078	0,810	0,616	0,516	0,434	0,352	0,290	0,254	0,225	0,216	0,201	0,147	0,000	0,000
2,000	-10,901	-10,892	-10,865	-10,728	-10,622	-10,548	-10,500	-10,465	-10,412	-10,390	-10,330	-10,270	-10,186	-10,065	-9,922	-0,138	0,027	0,092	0,221	0,229	0,216	0,220	0,218	0,217	0,225	0,248	0,270	0,284	0,288	0,210	0,000	0,000
3,000	-20,900	-20,956	-20,931	-20,658	-20,460	-20,334	-20,272	-20,218	-20,166	-20,158	-20,117	-20,086	-20,042	-19,949	-19,836	-0,208	0,063	0,190	0,385	0,396	0,330	0,291	0,259	0,226	0,192	0,189	0,202	0,203	0,216	0,163	0,000	0,000
4,000	-11,016	-11,151	-11,066	-11,055	-11,018	-11,027	-11,023	-11,016	-11,010	-11,004	-10,955	-10,889	-10,762	-10,547	-10,256	-0,393	-0,064	-0,048	0,017	0,038	0,057	0,073	0,088	0,124	0,184	0,264	0,350	0,442	0,490	0,406	0,000	0,000
5,000	-12,456	-12,355	-12,527	-12,548	-12,558	-12,534	-12,520	-12,520	-12,489	-12,482	-12,440	-12,344	-12,195	-11,933	-11,591	0,019	-0,182	-0,117	-0,006	0,020	0,037	0,080	0,117	0,166	0,216	0,309	0,419	0,527	0,599	0,482	0,000	0,000
6,000	-8,629	-8,620	-8,516	-8,375	-8,270	-8,214	-8,186	-8,155	-8,113	-8,096	-8,039	-7,970	-7,878	-7,722	-7,521	0,034	0,167	0,197	0,241	0,234	0,208	0,208	0,201	0,217	0,223	0,269	0,311	0,348	0,369	0,287	0,000	0,000
7,000	-7,031	-6,967	-6,940	-6,837	-6,788	-6,757	-6,739	-6,725	-6,710	-6,707	-6,690	-6,667	-6,644	-6,585	-6,526	0,090	0,100	0,121	0,145	0,123	0,106	0,092	0,087	0,082	0,079	0,088	0,103	0,111	0,112	0,092	0,000	0,000
8,000	-20,032	-20,230	-20,233	-20,367	-20,363	-20,413	-20,455	-20,483	-20,510	-20,569	-20,582	-20,598	-20,604	-20,562	-20,498	-0,275	-0,158	-0,195	-0,148	-0,143	-0,156	-0,146	-0,139	-0,115	-0,101	-0,056	-0,020	0,018	0,060	0,057	0,000	0,000
9,000	-9,614	-9,561	-9,480	-9,297	-9,158	-9,035	-8,970	-8,922	-8,868	-8,823	-8,769	-8,704	-8,618	-8,493	-8,339	0,086	0,163	0,230	0,341	0,352	0,322	0,306	0,283	0,275	0,267	0,276	0,298	0,312	0,312	0,242	0,000	0,000
10,000	-9,626	-9,608	-9,473	-9,311	-9,209	-9,166	-9,146	-9,124	-9,100	-9,101	-9,079	-9,047	-8,988	-8,898	-8,779	0,005	0,207	0,205	0,236	0,204	0,165	0,150	0,132	0,123	0,129	0,151	0,170	0,202	0,219	0,174	0,000	0,000
11,000	-10,041	-9,922	-9,885	-9,736	-9,654	-9,592	-9,562	-9,542	-9,511	-9,486	-9,452	-9,405	-9,338	-9,228	-9,101	0,169	0,187	0,201	0,234	0,216	0,183	0,178	0,163	0,168	0,176	0,192	0,224	0,243	0,251	0,189	0,000	0,000
12,000	-14,162	-14,180	-14,108	-14,056	-13,995	-13,978	-13,968	-13,955	-13,938	-13,948	-13,915	-13,887	-13,824	-13,704	-13,563	0,026	0,106	0,116	0,114	0,113	0,090	0,091	0,087	0,101	0,108	0,143	0,189	0,228	0,254	0,202	0,000	0,000
13,000	-8,443	-8,387	-8,427	-8,420	-8,416	-8,397	-8,380	-8,371	-8,342	-8,311	-8,257	-8,186	-8,073	-7,908	-7,695	0,041	0,000	0,006	0,034	0,057	0,076	0,107	0,127	0,163	0,196	0,255	0,311	0,365	0,390	0,313	0,000	0,000
14,000	-12,037	-11,857	-11,982	-11,896	-11,900	-11,869	-11,851	-11,855	-11,837	-11,838	-11,816	-11,790	-11,715	-11,595	-11,423	-0,016	-0,122	-0,038	0,037	0,048	0,045	0,059	0,062	0,081	0,095	0,146	0,192	0,251	0,278	0,240	0,000	0,000
15,000	-4,541	-4,312	-4,124	-4,036	-3,968	-3,949	-3,941	-3,925	-3,915	-3,916	-3,915	-3,910	-3,905	-3,889	-3,885	1,531	0,984	0,688	0,358	0,253	0,182	0,144	0,113	0,084	0,061	0,049	0,033	0,034	0,029	0,019	0,000	0,000
	run	20	2022:11:08    10:59:56,185
0,000	-6,102	-6,040	-5,960	-5,936	-5,908	-5,904	-5,900	-5,891	-5,881	-5,874	-5,852	-5,824	-5,774	-5,692	-5,599	1,364	0,756	0,519	0,256	0,174	0,125	0,117	0,105	0,105	0,106	0,132	0,153	0,171	0,183	0,138	0,000	0,000
1,000	-8,544	-7,689	-7,327	-6,904	-6,715	-6,602	-6,534	-6,481	-6,429	-6,394	-6,360	-6,317	-6,274	-6,203	-6,122	3,773	2,374	1,780	1,049	0,783	0,595	0,491	0,413	0,334	0,283	0,241	0,218	0,211	0,194	0,142	0,000	0,000
2,000	-10,819	-10,798	-10,774	-10,625	-10,513	-10,435	-10,394	-10,354	-10,306	-10,279	-10,222	-10,162	-10,085	-9,958	-9,825	-0,120	0,022	0,117	0,227	0,239	0,220	0,225	0,219	0,223	0,222	0,245	0,266	0,281	0,282	0,211	0,000	0,000
3,000	-21,025	-21,057	-21,026	-20,756	-20,563	-20,430	-20,367	-20,311	-20,265	-20,246	-20,212	-20,178	-20,136	-20,041	-19,933	-0,211	0,067	0,177	0,389	0,399	0,331	0,302	0,267	0,227	0,192	0,186	0,198	0,205	0,213	0,163	0,000	0,000
4,000	-11,062	-11,202	-11,103	-11,098	-11,066	-11,073	-11,068	-11,064	-11,060	-11,043	-11,006	-10,938	-10,805	-10,589	-10,310	-0,405	-0,055	-0,045	0,024	0,037	0,060	0,069	0,088	0,118	0,175	0,263	0,346	0,439	0,490	0,403	0,000	0,000
5,000	-12,323	-12,261	-12,418	-12,441	-12,447	-12,422	-12,408	-12,412	-12,386	-12,371	-12,330	-12,235	-12,091	-11,836	-11,501	0,018	-0,173	-0,122	-0,007	0,020	0,040	0,076	0,116	0,157	0,213	0,302	0,414	0,517	0,583	0,475	0,000	0,000
6,000	-8,576	-8,559	-8,456	-8,324	-8,225	-8,161	-8,136	-8,108	-8,068	-8,045	-7,987	-7,923	-7,839	-7,669	-7,478	0,016	0,171	0,184	0,245	0,230	0,205	0,206	0,200	0,211	0,219	0,264	0,312	0,345	0,364	0,285	0,000	0,000
7,000	-6,993	-6,938	-6,935	-6,852	-6,794	-6,774	-6,747	-6,739	-6,720	-6,718	-6,702	-6,675	-6,648	-6,586	-6,526	0,065	0,064	0,105	0,128	0,110	0,092	0,090	0,082	0,084	0,082	0,090	0,108	0,118	0,126	0,091	0,000	0,000
8,000	-20,357	-20,541	-20,556	-20,661	-20,647	-20,700	-20,734	-20,767	-20,786	-20,843	-20,860	-20,869	-20,871	-20,819	-20,752	-0,233	-0,161	-0,152	-0,128	-0,116	-0,132	-0,124	-0,120	-0,103	-0,092	-0,049	-0,001	0,033	0,077	0,074	0,000	0,000
9,000	-9,936	-9,882	-9,801	-9,608	-9,470	-9,352	-9,291	-9,240	-9,181	-9,136	-9,076	-9,013	-8,928	-8,796	-8,637	0,076	0,158	0,236	0,348	0,356	0,323	0,315	0,295	0,277	0,271	0,290	0,304	0,317	0,317	0,241	0,000	0,000
10,000	-9,786	-9,757	-9,603	-9,432	-9,327	-9,279	-9,257	-9,237	-9,221	-9,224	-9,196	-9,161	-9,097	-9,000	-8,879	0,008	0,221	0,249	0,258	0,214	0,175	0,155	0,144	0,131	0,134	0,156	0,174	0,214	0,226	0,183	0,000	0,000
11,000	-10,083	-9,946	-9,905	-9,740	-9,656	-9,595	-9,565	-9,543	-9,508	-9,488	-9,451	-9,401	-9,330	-9,220	-9,091	0,184	0,197	0,215	0,241	0,230	0,186	0,178	0,168	0,171	0,174	0,202	0,227	0,250	0,258	0,198	0,000	0,000
12,000	-14,387	-14,398	-14,326	-14,286	-14,226	-14,205	-14,201	-14,189	-14,174	-14,187	-14,146	-14,118	-14,056	-13,931	-13,792	0,032	0,099	0,089	0,116	0,100	0,085	0,088	0,087	0,095	0,107	0,147	0,188	0,230	0,258	0,208	0,000	0,000
13,000	-8,327	-8,258	-8,306	-8,283	-8,286	-8,271	-8,256	-8,239	-8,213	-8,182	-8,132	-8,061	-7,944	-7,779	-7,559	0,050	0,010	0,006	0,038	0,058	0,081	0,106	0,131	0,158	0,197	0,255	0,317	0,372	0,392	0,320	0,000	0,000
14,000	-11,979	-11,780	-11,905	-11,818	-11,814	-11,788	-11,765	-11,772	-11,753	-11,767	-11,743	-11,705	-11,639	-11,522	-11,345	-0,028	-0,125	-0,040	0,032	0,042	0,039	0,061	0,063	0,074	0,094	0,139	0,179	0,239	0,285	0,232	0,000	0,000
15,000	-4,498	-4,271	-4,073	-3,994	-3,927	-3,915	-3,904	-3,888	-3,878	-3,885	-3,878	-3,879	-3,876	-3,859	-3,861	1,526	0,983	0,683	0,352	0,250	0,182	0,143	0,108	0,079	0,058	0,040	0,030	0,027	0,027	0,015	0,000	0,000
	run	21	2022:11:08    10:59:56,283
0,000	-6,257	-6,187	-6,107	-6,082	-6,059	-6,055	-6,052	-6,039	-6,030	-6,022	-6,008	-5,970	-5,920	-5,838	-5,744	1,377	0,755	0,520	0,256	0,171	0,125	0,115	0,108	0,108	0,111	0,133	0,155	0,175	0,187	0,138	0,000	0,000
1,000	-8,640	-7,765	-7,387	-6,956	-6,759	-6,652	-6,579	-6,528	-6,475	-6,443	-6,401	-6,366	-6,316	-6,246	-6,162	3,755	2,391	1,788	1,054	0,799	0,603	0,504	0,418	0,338	0,284	0,246	0,221	0,211	0,198	0,143	0,000	0,000
2,000	-10,826	-10,811	-10,791	-10,651	-10,548	-10,468	-10,431	-10,392	-10,341	-10,311	-10,257	-10,194	-10,118	-9,991	-9,858	-0,129	0,012	0,099	0,218	0,232	0,213	0,221	0,217	0,217	0,222	0,244	0,265	0,282	0,283	0,206	0,000	0,000
3,000	-20,847	-20,880	-20,861	-20,582	-20,389	-20,268	-20,200	-20,148	-20,098	-20,083	-20,049	-20,023	-19,983	-19,885	-19,780	-0,206	0,058	0,185	0,384	0,392	0,320	0,287	0,248	0,216	0,187	0,182	0,196	0,203	0,210	0,162	0,000	0,000
4,000	-10,987	-11,118	-11,034	-11,020	-10,985	-10,999	-10,993	-10,992	-10,984	-10,977	-10,936	-10,860	-10,735	-10,516	-10,234	-0,377	-0,058	-0,052	0,029	0,033	0,064	0,072	0,088	0,118	0,183	0,267	0,349	0,445	0,494	0,412	0,000	0,000
5,000	-12,378	-12,302	-12,466	-12,493	-12,496	-12,479	-12,461	-12,470	-12,426	-12,420	-12,370	-12,287	-12,135	-11,876	-11,535	0,010	-0,189	-0,136	-0,003	0,017	0,040	0,085	0,116	0,162	0,216	0,317	0,421	0,526	0,585	0,477	0,000	0,000
6,000	-8,560	-8,540	-8,448	-8,300	-8,200	-8,138	-8,112	-8,073	-8,041	-8,022	-7,965	-7,904	-7,810	-7,652	-7,461	0,019	0,172	0,199	0,240	0,236	0,201	0,199	0,200	0,210	0,217	0,266	0,306	0,343	0,363	0,290	0,000	0,000
7,000	-6,949	-6,888	-6,876	-6,784	-6,729	-6,693	-6,675	-6,666	-6,654	-6,652	-6,633	-6,617	-6,581	-6,527	-6,471	0,081	0,093	0,119	0,140	0,119	0,092	0,092	0,081	0,083	0,081	0,086	0,095	0,108	0,112	0,087	0,000	0,000
8,000	-20,227	-20,428	-20,449	-20,575	-20,577	-20,627	-20,657	-20,699	-20,711	-20,766	-20,790	-20,805	-20,815	-20,757	-20,703	-0,283	-0,179	-0,202	-0,154	-0,132	-0,141	-0,139	-0,137	-0,112	-0,102	-0,053	-0,008	0,027	0,075	0,066	0,000	0,000
9,000	-9,742	-9,668	-9,595	-9,385	-9,244	-9,127	-9,067	-9,016	-8,957	-8,917	-8,856	-8,796	-8,709	-8,574	-8,414	0,071	0,173	0,237	0,356	0,361	0,328	0,316	0,287	0,280	0,270	0,285	0,305	0,321	0,323	0,242	0,000	0,000
10,000	-9,816	-9,768	-9,612	-9,429	-9,322	-9,280	-9,259	-9,242	-9,220	-9,217	-9,197	-9,162	-9,104	-9,006	-8,889	0,017	0,246	0,262	0,271	0,217	0,173	0,155	0,138	0,125	0,137	0,151	0,170	0,209	0,222	0,175	0,000	0,000
11,000	-10,143	-10,023	-9,976	-9,816	-9,732	-9,675	-9,640	-9,623	-9,587	-9,569	-9,534	-9,483	-9,414	-9,303	-9,174	0,186	0,206	0,214	0,241	0,226	0,187	0,182	0,165	0,166	0,171	0,198	0,224	0,247	0,256	0,200	0,000	0,000
12,000	-14,532	-14,541	-14,472	-14,421	-14,358	-14,332	-14,323	-14,309	-14,293	-14,306	-14,272	-14,241	-14,180	-14,060	-13,914	0,043	0,108	0,109	0,121	0,108	0,091	0,093	0,093	0,096	0,114	0,143	0,189	0,228	0,256	0,203	0,000	0,000
13,000	-8,411	-8,358	-8,397	-8,399	-8,385	-8,374	-8,360	-8,345	-8,317	-8,291	-8,239	-8,166	-8,052	-7,888	-7,679	0,038	0,001	0,001	0,036	0,055	0,075	0,106	0,128	0,161	0,199	0,254	0,310	0,366	0,388	0,313	0,000	0,000
14,000	-11,968	-11,758	-11,894	-11,820	-11,816	-11,786	-11,770	-11,761	-11,753	-11,757	-11,735	-11,703	-11,637	-11,512	-11,342	-0,047	-0,125	-0,052	0,030	0,044	0,042	0,058	0,058	0,076	0,100	0,145	0,187	0,248	0,285	0,240	0,000	0,000
15,000	-4,494	-4,269	-4,079	-3,993	-3,927	-3,913	-3,905	-3,886	-3,879	-3,882	-3,876	-3,875	-3,871	-3,852	-3,855	1,524	0,992	0,681	0,349	0,251	0,181	0,144	0,113	0,084	0,066	0,044	0,036	0,028	0,029	0,019	0,000	0,000
	run	22	2022:11:08    10:59:56,334
0,000	-6,398	-6,332	-6,262	-6,236	-6,207	-6,207	-6,205	-6,196	-6,182	-6,181	-6,153	-6,119	-6,068	-5,984	-5,886	1,389	0,757	0,529	0,256	0,176	0,129	0,119	0,111	0,109	0,114	0,136	0,164	0,183	0,195	0,147	0,000	0,000
1,000	-8,771	-7,886	-7,514	-7,058	-6,870	-6,745	-6,668	-6,616	-6,558	-6,538	-6,494	-6,461	-6,409	-6,337	-6,254	3,798	2,405	1,808	1,074	0,807	0,613	0,506	0,424	0,341	0,286	0,252	0,220	0,217	0,195	0,146	0,000	0,000
2,000	-10,826	-10,811	-10,791	-10,651	-10,548	-10,468	-10,431	-10,392	-10,341	-10,311	-10,257	-10,194	-10,118	-9,991	-9,858	-0,129	0,012	0,099	0,218	0,232	0,213	0,221	0,217	0,217	0,222	0,244	0,265	0,282	0,283	0,206	0,000	0,000
3,000	-20,847	-20,880	-20,861	-20,582	-20,389	-20,268	-20,200	-20,148	-20,098	-20,083	-20,049	-20,023	-19,983	-19,885	-19,780	-0,206	0,058	0,185	0,384	0,392	0,320	0,287	0,248	0,216	0,187	0,182	0,196	0,203	0,210	0,162	0,000	0,000
4,000	-10,987	-11,118	-11,034	-11,020	-10,985	-10,999	-10,993	-10,992	-10,984	-10,977	-10,936	-10,860	-10,735	-10,516	-10,234	-0,377	-0,058	-0,052	0,029	0,033	0,064	0,072	0,088	0,118	0,183	0,267	0,349	0,445	0,494	0,412	0,000	0,000
5,000	-12,378	-12,302	-12,466	-12,493	-12,496	-12,479	-12,461	-12,470	-12,426	-12,420	-12,370	-12,287	-12,135	-11,876	-11,535	0,010	-0,189	-0,136	-0,003	0,017	0,040	0,085	0,116	0,162	0,216	0,317	0,421	0,526	0,585	0,477	0,000	0,000
6,000	-8,560	-8,540	-8,448	-8,300	-8,200	-8,138	-8,112	-8,073	-8,041	-8,022	-7,965	-7,904	-7,810	-7,652	-7,461	0,019	0,172	0,199	0,240	0,236	0,201	0,199	0,200	0,210	0,217	0,266	0,306	0,343	0,363	0,290	0,000	0,000
7,000	-6,949	-6,888	-6,876	-6,784	-6,729	-6,693	-6,675	-6,666	-6,654	-6,652	-6,633	-6,617	-6,581	-6,527	-6,471	0,081	0,093	0,119	0,140	0,119	0,092	0,092	0,081	0,083	0,081	0,086	0,095	0,108	0,112	0,087	0,000	0,000
8,000	-19,828	-20,024	-20,032	-20,143	-20,144	-20,196	-20,228	-20,260	-20,289	-20,341	-20,361	-20,376	-20,380	-20,336	-20,277	-0,257	-0,163	-0,175	-0,139	-0,120	-0,139	-0,141	-0,129	-0,111	-0,102	-0,055	-0,016	0,018	0,066	0,063	0,000	0,000
9,000	-9,574	-9,520	-9,461	-9,287	-9,149	-9,033	-8,967	-8,922	-8,864	-8,827	-8,764	-8,703	-8,618	-8,493	-8,341	0,034	0,140	0,212	0,326	0,337	0,316	0,305	0,283	0,271	0,268	0,280	0,294	0,307	0,307	0,231	0,000	0,000
10,000	-9,506	-9,505	-9,367	-9,216	-9,120	-9,077	-9,051	-9,034	-9,013	-9,014	-8,992	-8,950	-8,895	-8,798	-8,684	-0,018	0,196	0,204	0,231	0,200	0,166	0,150	0,135	0,123	0,130	0,152	0,168	0,210	0,215	0,173	0,000	0,000
11,000	-9,988	-9,865	-9,826	-9,680	-9,591	-9,537	-9,509	-9,488	-9,455	-9,438	-9,393	-9,346	-9,284	-9,172	-9,041	0,176	0,179	0,197	0,226	0,213	0,177	0,173	0,165	0,166	0,174	0,196	0,221	0,243	0,257	0,193	0,000	0,000
12,000	-14,359	-14,381	-14,306	-14,263	-14,206	-14,182	-14,175	-14,169	-14,146	-14,156	-14,125	-14,086	-14,032	-13,904	-13,768	0,026	0,090	0,102	0,113	0,107	0,087	0,083	0,095	0,097	0,112	0,152	0,184	0,229	0,257	0,205	0,000	0,000
13,000	-8,636	-8,544	-8,607	-8,584	-8,582	-8,558	-8,542	-8,532	-8,503	-8,471	-8,417	-8,346	-8,227	-8,057	-7,828	0,062	0,006	0,010	0,045	0,063	0,082	0,115	0,134	0,166	0,211	0,266	0,325	0,385	0,408	0,330	0,000	0,000
14,000	-12,528	-12,360	-12,440	-12,383	-12,375	-12,345	-12,324	-12,322	-12,307	-12,304	-12,291	-12,268	-12,184	-12,056	-11,879	-0,076	-0,125	-0,038	0,038	0,042	0,052	0,063	0,065	0,087	0,101	0,159	0,195	0,256	0,304	0,248	0,000	0,000
15,000	-4,672	-4,458	-4,242	-4,156	-4,089	-4,067	-4,054	-4,039	-4,028	-4,035	-4,027	-4,027	-4,021	-4,004	-4,006	1,567	1,024	0,702	0,363	0,260	0,190	0,150	0,118	0,085	0,066	0,045	0,034	0,034	0,029	0,019	0,000	0,000
	run	23	2022:11:08    10:59:56,432
0,000	-6,488	-6,411	-6,331	-6,308	-6,290	-6,285	-6,277	-6,271	-6,258	-6,248	-6,230	-6,192	-6,144	-6,054	-5,953	1,403	0,771	0,535	0,262	0,178	0,130	0,120	0,109	0,113	0,115	0,138	0,162	0,182	0,197	0,149	0,000	0,000
1,000	-8,835	-7,953	-7,559	-7,123	-6,923	-6,803	-6,733	-6,674	-6,617	-6,586	-6,550	-6,509	-6,458	-6,381	-6,303	3,779	2,418	1,815	1,076	0,813	0,620	0,509	0,433	0,351	0,292	0,253	0,225	0,218	0,201	0,150	0,000	0,000
2,000	-10,860	-10,847	-10,819	-10,693	-10,582	-10,508	-10,462	-10,428	-10,375	-10,351	-10,293	-10,232	-10,152	-10,026	-9,892	-0,132	0,010	0,100	0,218	0,231	0,215	0,222	0,214	0,219	0,223	0,244	0,267	0,284	0,280	0,211	0,000	0,000
3,000	-20,645	-20,703	-20,696	-20,433	-20,241	-20,115	-20,051	-19,999	-19,949	-19,934	-19,900	-19,865	-19,822	-19,725	-19,616	-0,220	0,033	0,158	0,368	0,386	0,326	0,293	0,258	0,223	0,185	0,188	0,201	0,202	0,215	0,160	0,000	0,000
4,000	-10,895	-11,026	-10,937	-10,920	-10,874	-10,876	-10,874	-10,868	-10,866	-10,848	-10,813	-10,747	-10,616	-10,414	-10,143	-0,396	-0,051	-0,043	0,028	0,036	0,065	0,075	0,088	0,113	0,176	0,255	0,334	0,425	0,480	0,396	0,000	0,000
5,000	-12,006	-11,902	-12,058	-12,088	-12,092	-12,073	-12,058	-12,056	-12,031	-12,025	-11,982	-11,894	-11,755	-11,507	-11,183	0,009	-0,170	-0,115	-0,012	0,013	0,034	0,078	0,111	0,157	0,203	0,294	0,398	0,499	0,559	0,451	0,000	0,000
6,000	-8,361	-8,346	-8,275	-8,133	-8,031	-7,976	-7,943	-7,912	-7,870	-7,859	-7,803	-7,739	-7,648	-7,500	-7,319	0,008	0,154	0,177	0,236	0,225	0,201	0,197	0,194	0,204	0,218	0,253	0,289	0,328	0,344	0,270	0,000	0,000
7,000	-6,727	-6,701	-6,690	-6,624	-6,585	-6,559	-6,547	-6,541	-6,522	-6,518	-6,505	-6,484	-6,456	-6,407	-6,348	0,073	0,041	0,067	0,097	0,088	0,069	0,078	0,073	0,068	0,068	0,075	0,092	0,099	0,111	0,087	0,000	0,000
8,000	-19,491	-19,669	-19,653	-19,734	-19,713	-19,754	-19,782	-19,809	-19,837	-19,885	-19,900	-19,916	-19,911	-19,868	-19,804	-0,243	-0,124	-0,125	-0,094	-0,091	-0,106	-0,112	-0,112	-0,098	-0,080	-0,046	-0,004	0,038	0,074	0,075	0,000	0,000
9,000	-9,393	-9,378	-9,322	-9,189	-9,063	-8,953	-8,891	-8,843	-8,790	-8,749	-8,694	-8,636	-8,552	-8,430	-8,290	0,021	0,101	0,165	0,288	0,307	0,289	0,289	0,266	0,254	0,249	0,259	0,287	0,291	0,294	0,222	0,000	0,000
10,000	-9,443	-9,435	-9,301	-9,148	-9,047	-9,008	-8,984	-8,970	-8,946	-8,950	-8,929	-8,891	-8,835	-8,740	-8,629	-0,018	0,187	0,199	0,230	0,200	0,164	0,145	0,131	0,121	0,131	0,147	0,170	0,199	0,213	0,173	0,000	0,000
11,000	-9,986	-9,856	-9,820	-9,679	-9,598	-9,541	-9,508	-9,487	-9,456	-9,440	-9,405	-9,359	-9,290	-9,179	-9,053	0,169	0,172	0,193	0,223	0,211	0,172	0,170	0,159	0,162	0,170	0,192	0,224	0,243	0,252	0,194	0,000	0,000
12,000	-14,575	-14,583	-14,517	-14,467	-14,408	-14,389	-14,379	-14,369	-14,343	-14,351	-14,317	-14,282	-14,223	-14,103	-13,953	0,041	0,099	0,103	0,117	0,103	0,093	0,089	0,094	0,097	0,117	0,152	0,195	0,239	0,265	0,214	0,000	0,000
13,000	-8,655	-8,514	-8,584	-8,565	-8,564	-8,550	-8,526	-8,523	-8,488	-8,457	-8,407	-8,334	-8,212	-8,038	-7,809	0,076	0,010	0,005	0,043	0,063	0,081	0,108	0,128	0,171	0,211	0,267	0,332	0,389	0,416	0,331	0,000	0,000
14,000	-12,928	-12,775	-12,861	-12,790	-12,778	-12,744	-12,730	-12,720	-12,714	-12,707	-12,686	-12,658	-12,586	-12,451	-12,258	-0,118	-0,101	-0,020	0,046	0,056	0,059	0,072	0,074	0,086	0,119	0,153	0,202	0,271	0,315	0,257	0,000	0,000
15,000	-4,748	-4,529	-4,311	-4,220	-4,151	-4,137	-4,120	-4,105	-4,091	-4,097	-4,098	-4,092	-4,095	-4,080	-4,081	1,552	1,019	0,706	0,369	0,259	0,193	0,152	0,114	0,082	0,063	0,043	0,028	0,026	0,022	0,015	0,000	0,000
	run	24	2022:11:08    10:59:56,483
0,000	-6,488	-6,411	-6,331	-6,308	-6,290	-6,285	-6,277	-6,271	-6,258	-6,248	-6,230	-6,192	-6,144	-6,054	-5,953	1,403	0,771	0,535	0,262	0,178	0,130	0,120	0,109	0,113	0,115	0,138	0,162	0,182	0,197	0,149	0,000	0,000
1,000	-8,835	-7,953	-7,559	-7,123	-6,923	-6,803	-6,733	-6,674	-6,617	-6,586	-6,550	-6,509	-6,458	-6,381	-6,303	3,779	2,418	1,815	1,076	0,813	0,620	0,509	0,433	0,351	0,292	0,253	0,225	0,218	0,201	0,150	0,000	0,000
2,000	-10,860	-10,847	-10,819	-10,693	-10,582	-10,508	-10,462	-10,428	-10,375	-10,351	-10,293	-10,232	-10,152	-10,026	-9,892	-0,132	0,010	0,100	0,218	0,231	0,215	0,222	0,214	0,219	0,223	0,244	0,267	0,284	0,280	0,211	0,000	0,000
3,000	-20,645	-20,703	-20,696	-20,433	-20,241	-20,115	-20,051	-19,999	-19,949	-19,934	-19,900	-19,865	-19,822	-19,725	-19,616	-0,220	0,033	0,158	0,368	0,386	0,326	0,293	0,258	0,223	0,185	0,188	0,201	0,202	0,215	0,160	0,000	0,000
4,000	-10,895	-11,026	-10,937	-10,920	-10,874	-10,876	-10,874	-10,868	-10,866	-10,848	-10,813	-10,747	-10,616	-10,414	-10,143	-0,396	-0,051	-0,043	0,028	0,036	0,065	0,075	0,088	0,113	0,176	0,255	0,334	0,425	0,480	0,396	0,000	0,000
5,000	-12,006	-11,902	-12,058	-12,088	-12,092	-12,073	-12,058	-12,056	-12,031	-12,025	-11,982	-11,894	-11,755	-11,507	-11,183	0,009	-0,170	-0,115	-0,012	0,013	0,034	0,078	0,111	0,157	0,203	0,294	0,398	0,499	0,559	0,451	0,000	0,000
6,000	-8,267	-8,265	-8,175	-8,036	-7,946	-7,888	-7,854	-7,822	-7,782	-7,770	-7,711	-7,650	-7,569	-7,419	-7,241	0,017	0,153	0,183	0,226	0,220	0,199	0,198	0,194	0,197	0,211	0,254	0,291	0,320	0,349	0,273	0,000	0,000
7,000	-6,608	-6,590	-6,594	-6,533	-6,485	-6,457	-6,439	-6,432	-6,420	-6,415	-6,396	-6,381	-6,351	-6,305	-6,245	0,062	0,048	0,069	0,108	0,096	0,072	0,079	0,071	0,073	0,072	0,083	0,093	0,105	0,106	0,082	0,000	0,000
8,000	-19,142	-19,317	-19,319	-19,404	-19,389	-19,431	-19,459	-19,494	-19,520	-19,567	-19,590	-19,610	-19,603	-19,562	-19,502	-0,247	-0,143	-0,132	-0,109	-0,099	-0,121	-0,116	-0,113	-0,104	-0,086	-0,046	-0,008	0,024	0,072	0,067	0,000	0,000
9,000	-9,291	-9,269	-9,216	-9,082	-8,958	-8,850	-8,785	-8,741	-8,679	-8,642	-8,585	-8,524	-8,447	-8,321	-8,176	0,036	0,103	0,159	0,290	0,314	0,298	0,287	0,258	0,253	0,250	0,265	0,289	0,297	0,298	0,226	0,000	0,000
10,000	-9,653	-9,631	-9,480	-9,313	-9,212	-9,167	-9,144	-9,129	-9,106	-9,105	-9,080	-9,051	-8,991	-8,900	-8,787	0,005	0,214	0,225	0,254	0,208	0,170	0,153	0,139	0,123	0,134	0,151	0,172	0,200	0,210	0,171	0,000	0,000
11,000	-10,218	-10,099	-10,060	-9,916	-9,832	-9,779	-9,749	-9,725	-9,695	-9,674	-9,641	-9,589	-9,526	-9,415	-9,288	0,184	0,182	0,199	0,223	0,215	0,175	0,171	0,160	0,163	0,165	0,193	0,222	0,241	0,252	0,196	0,000	0,000
12,000	-14,590	-14,601	-14,518	-14,471	-14,405	-14,382	-14,371	-14,364	-14,343	-14,359	-14,326	-14,271	-14,221	-14,098	-13,951	0,039	0,104	0,112	0,118	0,115	0,097	0,095	0,095	0,104	0,114	0,149	0,190	0,238	0,269	0,208	0,000	0,000
13,000	-8,717	-8,609	-8,672	-8,657	-8,657	-8,638	-8,620	-8,606	-8,583	-8,543	-8,496	-8,424	-8,306	-8,134	-7,918	0,052	0,008	0,005	0,044	0,062	0,077	0,109	0,131	0,168	0,210	0,263	0,322	0,379	0,404	0,319	0,000	0,000
14,000	-12,753	-12,592	-12,687	-12,622	-12,608	-12,586	-12,561	-12,557	-12,548	-12,544	-12,527	-12,493	-12,418	-12,285	-12,100	-0,114	-0,130	-0,037	0,032	0,049	0,049	0,073	0,071	0,088	0,112	0,156	0,203	0,266	0,319	0,263	0,000	0,000
15,000	-4,793	-4,545	-4,338	-4,242	-4,169	-4,146	-4,134	-4,118	-4,103	-4,109	-4,107	-4,107	-4,096	-4,086	-4,085	1,579	1,017	0,713	0,374	0,268	0,196	0,154	0,122	0,087	0,063	0,046	0,034	0,030	0,025	0,016	0,000	0,000
	run	25	2022:11:08    10:59:56,582
0,000	-6,456	-6,386	-6,304	-6,277	-6,259	-6,257	-6,253	-6,242	-6,232	-6,221	-6,199	-6,170	-6,111	-6,021	-5,921	1,393	0,771	0,523	0,250	0,169	0,125	0,119	0,108	0,109	0,114	0,134	0,166	0,188	0,200	0,153	0,000	0,000
1,000	-8,970	-8,069	-7,667	-7,200	-6,999	-6,874	-6,801	-6,744	-6,689	-6,658	-6,622	-6,579	-6,523	-6,451	-6,365	3,854	2,474	1,858	1,109	0,834	0,632	0,521	0,440	0,359	0,298	0,259	0,230	0,217	0,204	0,149	0,000	0,000
2,000	-11,185	-11,169	-11,145	-10,985	-10,872	-10,794	-10,749	-10,709	-10,665	-10,629	-10,572	-10,504	-10,419	-10,292	-10,148	-0,103	0,040	0,122	0,237	0,251	0,231	0,236	0,230	0,230	0,238	0,259	0,280	0,297	0,300	0,219	0,000	0,000
3,000	-21,549	-21,563	-21,531	-21,216	-20,999	-20,868	-20,795	-20,746	-20,693	-20,684	-20,650	-20,610	-20,568	-20,465	-20,353	-0,175	0,116	0,247	0,432	0,428	0,354	0,313	0,274	0,242	0,199	0,193	0,204	0,217	0,225	0,168	0,000	0,000
4,000	-10,895	-11,014	-10,936	-10,923	-10,887	-10,895	-10,896	-10,889	-10,880	-10,871	-10,826	-10,755	-10,626	-10,411	-10,128	-0,373	-0,056	-0,048	0,028	0,042	0,058	0,074	0,093	0,116	0,182	0,262	0,347	0,431	0,491	0,405	0,000	0,000
5,000	-12,149	-12,057	-12,220	-12,241	-12,257	-12,237	-12,217	-12,219	-12,192	-12,181	-12,146	-12,046	-11,901	-11,655	-11,324	0,032	-0,175	-0,130	-0,019	0,013	0,036	0,074	0,110	0,157	0,209	0,304	0,408	0,504	0,567	0,464	0,000	0,000
6,000	-8,324	-8,320	-8,213	-8,077	-7,978	-7,917	-7,888	-7,864	-7,825	-7,803	-7,751	-7,690	-7,600	-7,445	-7,262	-0,000	0,162	0,183	0,240	0,235	0,210	0,205	0,192	0,202	0,214	0,247	0,292	0,329	0,353	0,273	0,000	0,000
7,000	-6,737	-6,700	-6,697	-6,627	-6,583	-6,552	-6,541	-6,532	-6,511	-6,504	-6,490	-6,472	-6,448	-6,397	-6,332	0,060	0,052	0,078	0,106	0,097	0,080	0,078	0,073	0,077	0,070	0,081	0,093	0,102	0,109	0,087	0,000	0,000
8,000	-19,255	-19,446	-19,439	-19,522	-19,498	-19,554	-19,582	-19,615	-19,640	-19,696	-19,706	-19,729	-19,719	-19,679	-19,623	-0,247	-0,141	-0,139	-0,104	-0,106	-0,121	-0,119	-0,118	-0,107	-0,086	-0,053	-0,011	0,027	0,068	0,065	0,000	0,000
9,000	-9,366	-9,355	-9,302	-9,170	-9,052	-8,943	-8,880	-8,833	-8,771	-8,735	-8,679	-8,619	-8,536	-8,414	-8,275	0,028	0,086	0,164	0,278	0,304	0,288	0,284	0,261	0,258	0,251	0,263	0,285	0,293	0,296	0,220	0,000	0,000
10,000	-9,360	-9,359	-9,224	-9,080	-8,984	-8,945	-8,922	-8,900	-8,883	-8,879	-8,857	-8,828	-8,769	-8,674	-8,564	-0,030	0,184	0,186	0,226	0,187	0,160	0,140	0,128	0,117	0,127	0,143	0,167	0,200	0,207	0,167	0,000	0,000
11,000	-9,982	-9,876	-9,846	-9,707	-9,631	-9,569	-9,539	-9,523	-9,486	-9,471	-9,434	-9,388	-9,322	-9,211	-9,089	0,171	0,170	0,187	0,215	0,208	0,170	0,166	0,160	0,158	0,169	0,186	0,217	0,237	0,248	0,187	0,000	0,000
12,000	-14,379	-14,399	-14,332	-14,279	-14,213	-14,196	-14,185	-14,174	-14,156	-14,167	-14,132	-14,099	-14,043	-13,913	-13,773	0,033	0,102	0,107	0,119	0,111	0,092	0,089	0,096	0,103	0,112	0,151	0,191	0,232	0,261	0,206	0,000	0,000
13,000	-8,501	-8,414	-8,462	-8,450	-8,448	-8,434	-8,414	-8,404	-8,373	-8,347	-8,291	-8,213	-8,108	-7,931	-7,713	0,056	0,014	0,013	0,043	0,062	0,085	0,110	0,129	0,165	0,198	0,257	0,320	0,374	0,400	0,322	0,000	0,000
14,000	-12,459	-12,269	-12,395	-12,308	-12,312	-12,278	-12,257	-12,261	-12,247	-12,242	-12,224	-12,190	-12,121	-11,989	-11,812	-0,082	-0,126	-0,036	0,047	0,048	0,052	0,063	0,063	0,079	0,105	0,147	0,190	0,259	0,302	0,246	0,000	0,000
15,000	-4,652	-4,434	-4,231	-4,140	-4,069	-4,048	-4,038	-4,019	-4,010	-4,016	-4,011	-4,006	-4,005	-3,987	-3,986	1,551	1,006	0,696	0,370	0,257	0,192	0,150	0,117	0,086	0,067	0,045	0,035	0,035	0,030	0,019	0,000	0,000
