Device: PM2003001		2022:11:08    10:59:11,080  (DLL version: 1.20;  Status: HW:v1.02 SW:v1.3 CRC:31ED BATTERY:4154mV ST:0 ERR:0000;  MUX data; S: 92 I:143 R:200.000 C:1.094p F:)
Excitation level, V:	2,00
Voltage Channel Gain:	5
Current Channel Gain:	1
Voltmeter Range, V:	0,6
Ampermeter Range, A:	15,0m
Step Period, ms:	5
R transimp:	200
C transimp:	1,1p
Measurement Table: 	EEPROM  16

Freq, Hz	1,0k	2,0k	3,0k	7,0k	11,0k	17,0k	23,0k	31,0k	43,0k	61,0k	89,0k	127,0k	179,0k	251,0k	349,0k	1,0k	2,0k	3,0k	7,0k	11,0k	17,0k	23,0k	31,0k	43,0k	61,0k	89,0k	127,0k	179,0k	251,0k	349,0k
	run	1	2022:11:08    10:59:11,083
MUX	Re1, ohm	Re2, ohm	Re3, ohm	Re4, ohm	Re5, ohm	Re6, ohm	Re7, ohm	Re8, ohm	Re9, ohm	Re10, ohm	Re11, ohm	Re12, ohm	Re13, ohm	Re14, ohm	Re15, ohm	Im1, ohm	Im2, ohm	Im3, ohm	Im4, ohm	Im5, ohm	Im6, ohm	Im7, ohm	Im8, ohm	Im9, ohm	Im10, ohm	Im11, ohm	Im12, ohm	Im13, ohm	Im14, ohm	Im15, ohm	U, V	I, mA

0,000	-13,166	-13,294	-13,343	-13,433	-13,468	-13,473	-13,485	-13,490	-13,485	-13,496	-13,485	-13,457	-13,410	-13,324	-13,222	-0,379	-0,275	-0,232	-0,139	-0,100	-0,067	-0,037	-0,018	0,005	0,034	0,074	0,119	0,156	0,180	0,146	0,000	0,000
1,000	-17,508	-17,611	-17,580	-17,446	-17,329	-17,238	-17,184	-17,144	-17,108	-17,079	-17,040	-17,004	-16,958	-16,879	-16,786	-0,458	-0,137	-0,010	0,192	0,237	0,215	0,211	0,191	0,179	0,174	0,178	0,183	0,190	0,193	0,155	0,000	0,000
2,000	-10,851	-10,508	-10,348	-10,068	-9,929	-9,825	-9,769	-9,724	-9,669	-9,630	-9,574	-9,514	-9,441	-9,337	-9,229	0,494	0,527	0,511	0,448	0,401	0,339	0,320	0,288	0,270	0,254	0,258	0,262	0,261	0,253	0,183	0,000	0,000
3,000	-9,976	-8,610	-8,183	-7,554	-7,324	-7,170	-7,086	-7,028	-6,977	-6,944	-6,916	-6,894	-6,869	-6,842	-6,806	5,344	3,293	2,470	1,422	1,045	0,768	0,616	0,500	0,384	0,296	0,230	0,175	0,141	0,112	0,075	0,000	0,000
4,000	-3,503	-3,374	-3,189	-3,088	-3,017	-2,997	-2,986	-2,965	-2,949	-2,939	-2,916	-2,860	-2,762	-2,609	-2,407	1,649	1,086	0,744	0,412	0,300	0,239	0,205	0,183	0,175	0,196	0,228	0,276	0,339	0,363	0,300	0,000	0,000
5,000	-7,033	-6,554	-6,641	-6,488	-6,453	-6,403	-6,369	-6,355	-6,324	-6,306	-6,260	-6,185	-6,080	-5,888	-5,654	2,030	0,947	0,710	0,407	0,310	0,235	0,226	0,223	0,225	0,237	0,279	0,346	0,404	0,433	0,346	0,000	0,000
6,000	-8,750	-8,771	-8,660	-8,551	-8,450	-8,402	-8,374	-8,341	-8,305	-8,282	-8,228	-8,172	-8,088	-7,942	-7,768	-0,133	0,070	0,123	0,205	0,207	0,190	0,186	0,185	0,196	0,205	0,239	0,280	0,317	0,335	0,262	0,000	0,000
7,000	-6,843	-6,851	-6,787	-6,720	-6,664	-6,645	-6,628	-6,619	-6,605	-6,599	-6,582	-6,560	-6,528	-6,476	-6,415	-0,020	0,067	0,081	0,112	0,109	0,089	0,083	0,076	0,078	0,078	0,084	0,102	0,109	0,117	0,088	0,000	0,000
8,000	-19,487	-19,660	-19,671	-19,757	-19,742	-19,796	-19,827	-19,862	-19,880	-19,934	-19,955	-19,970	-19,968	-19,927	-19,865	-0,229	-0,150	-0,139	-0,108	-0,109	-0,128	-0,124	-0,128	-0,112	-0,095	-0,051	-0,011	0,019	0,068	0,067	0,000	0,000
9,000	-9,443	-9,415	-9,362	-9,211	-9,083	-8,965	-8,904	-8,854	-8,797	-8,752	-8,698	-8,632	-8,552	-8,423	-8,280	0,041	0,115	0,171	0,301	0,323	0,306	0,296	0,274	0,263	0,256	0,268	0,294	0,302	0,306	0,228	0,000	0,000
10,000	-9,688	-9,652	-9,496	-9,322	-9,209	-9,166	-9,142	-9,127	-9,106	-9,106	-9,079	-9,045	-8,987	-8,891	-8,776	-0,006	0,242	0,250	0,263	0,215	0,181	0,158	0,145	0,129	0,133	0,153	0,173	0,210	0,222	0,176	0,000	0,000
11,000	-10,288	-10,183	-10,130	-9,981	-9,897	-9,840	-9,807	-9,786	-9,749	-9,736	-9,690	-9,644	-9,577	-9,463	-9,330	0,191	0,200	0,216	0,239	0,225	0,184	0,180	0,173	0,170	0,175	0,199	0,229	0,255	0,262	0,203	0,000	0,000
12,000	-14,965	-14,969	-14,894	-14,849	-14,783	-14,768	-14,755	-14,741	-14,722	-14,729	-14,702	-14,649	-14,592	-14,467	-14,309	0,030	0,114	0,121	0,122	0,117	0,095	0,096	0,098	0,105	0,120	0,162	0,204	0,246	0,279	0,224	0,000	0,000
13,000	-8,601	-8,667	-8,614	-8,642	-8,626	-8,607	-8,591	-8,576	-8,556	-8,516	-8,468	-8,388	-8,274	-8,102	-7,876	-0,004	0,021	0,016	0,038	0,067	0,097	0,117	0,138	0,173	0,210	0,267	0,330	0,382	0,408	0,325	0,000	0,000
14,000	-11,737	-11,591	-11,680	-11,606	-11,598	-11,566	-11,541	-11,538	-11,525	-11,520	-11,498	-11,454	-11,375	-11,230	-11,031	0,051	-0,035	0,019	0,068	0,071	0,071	0,086	0,087	0,104	0,130	0,177	0,230	0,296	0,337	0,272	0,000	0,000
15,000	-8,963	-9,008	-8,994	-8,976	-8,944	-8,945	-8,936	-8,917	-8,908	-8,905	-8,883	-8,853	-8,805	-8,733	-8,648	-0,152	-0,024	-0,029	0,037	0,041	0,051	0,053	0,063	0,069	0,088	0,108	0,129	0,155	0,163	0,133	0,000	0,000
	run	2	2022:11:08    10:59:11,130
0,000	-13,017	-13,149	-13,187	-13,277	-13,297	-13,318	-13,325	-13,327	-13,326	-13,332	-13,326	-13,302	-13,255	-13,173	-13,066	-0,378	-0,275	-0,223	-0,130	-0,096	-0,062	-0,032	-0,016	0,011	0,033	0,063	0,114	0,155	0,176	0,143	0,000	0,000
1,000	-17,008	-17,154	-17,135	-17,029	-16,927	-16,849	-16,798	-16,758	-16,724	-16,695	-16,661	-16,624	-16,574	-16,500	-16,401	-0,478	-0,183	-0,053	0,146	0,197	0,193	0,197	0,175	0,171	0,164	0,179	0,182	0,191	0,197	0,155	0,000	0,000
2,000	-10,851	-10,508	-10,348	-10,068	-9,929	-9,825	-9,769	-9,724	-9,669	-9,630	-9,574	-9,514	-9,441	-9,337	-9,229	0,494	0,527	0,511	0,448	0,401	0,339	0,320	0,288	0,270	0,254	0,258	0,262	0,261	0,253	0,183	0,000	0,000
3,000	-9,976	-8,610	-8,183	-7,554	-7,324	-7,170	-7,086	-7,028	-6,977	-6,944	-6,916	-6,894	-6,869	-6,842	-6,806	5,344	3,293	2,470	1,422	1,045	0,768	0,616	0,500	0,384	0,296	0,230	0,175	0,141	0,112	0,075	0,000	0,000
4,000	-3,503	-3,374	-3,189	-3,088	-3,017	-2,997	-2,986	-2,965	-2,949	-2,939	-2,916	-2,860	-2,762	-2,609	-2,407	1,649	1,086	0,744	0,412	0,300	0,239	0,205	0,183	0,175	0,196	0,228	0,276	0,339	0,363	0,300	0,000	0,000
5,000	-7,033	-6,554	-6,641	-6,488	-6,453	-6,403	-6,369	-6,355	-6,324	-6,306	-6,260	-6,185	-6,080	-5,888	-5,654	2,030	0,947	0,710	0,407	0,310	0,235	0,226	0,223	0,225	0,237	0,279	0,346	0,404	0,433	0,346	0,000	0,000
6,000	-8,750	-8,771	-8,660	-8,551	-8,450	-8,402	-8,374	-8,341	-8,305	-8,282	-8,228	-8,172	-8,088	-7,942	-7,768	-0,133	0,070	0,123	0,205	0,207	0,190	0,186	0,185	0,196	0,205	0,239	0,280	0,317	0,335	0,262	0,000	0,000
7,000	-6,843	-6,851	-6,787	-6,720	-6,664	-6,645	-6,628	-6,619	-6,605	-6,599	-6,582	-6,560	-6,528	-6,476	-6,415	-0,020	0,067	0,081	0,112	0,109	0,089	0,083	0,076	0,078	0,078	0,084	0,102	0,109	0,117	0,088	0,000	0,000
8,000	-20,143	-20,333	-20,344	-20,454	-20,442	-20,491	-20,532	-20,557	-20,574	-20,637	-20,653	-20,665	-20,669	-20,620	-20,551	-0,238	-0,171	-0,166	-0,133	-0,120	-0,133	-0,128	-0,124	-0,111	-0,100	-0,053	-0,014	0,028	0,070	0,071	0,000	0,000
9,000	-9,879	-9,823	-9,759	-9,567	-9,427	-9,306	-9,247	-9,189	-9,136	-9,089	-9,032	-8,964	-8,878	-8,748	-8,593	0,064	0,159	0,241	0,352	0,356	0,330	0,317	0,292	0,279	0,269	0,281	0,309	0,318	0,321	0,238	0,000	0,000
10,000	-10,000	-9,944	-9,770	-9,568	-9,454	-9,411	-9,388	-9,369	-9,351	-9,348	-9,324	-9,283	-9,227	-9,125	-9,011	0,066	0,285	0,290	0,291	0,229	0,189	0,159	0,149	0,131	0,139	0,163	0,179	0,214	0,227	0,185	0,000	0,000
11,000	-10,402	-10,253	-10,210	-10,041	-9,951	-9,891	-9,859	-9,833	-9,806	-9,787	-9,745	-9,695	-9,628	-9,513	-9,371	0,201	0,221	0,230	0,251	0,230	0,190	0,184	0,173	0,179	0,183	0,202	0,238	0,260	0,271	0,212	0,000	0,000
12,000	-14,967	-14,977	-14,902	-14,848	-14,801	-14,777	-14,762	-14,756	-14,732	-14,742	-14,713	-14,668	-14,614	-14,479	-14,331	0,032	0,097	0,108	0,117	0,105	0,093	0,097	0,096	0,102	0,116	0,158	0,195	0,244	0,273	0,219	0,000	0,000
13,000	-8,603	-8,653	-8,624	-8,640	-8,622	-8,606	-8,594	-8,577	-8,549	-8,515	-8,461	-8,381	-8,263	-8,091	-7,862	-0,004	0,022	0,031	0,043	0,063	0,095	0,118	0,139	0,176	0,214	0,272	0,333	0,391	0,415	0,333	0,000	0,000
14,000	-11,805	-11,651	-11,724	-11,648	-11,649	-11,605	-11,586	-11,583	-11,573	-11,561	-11,527	-11,499	-11,420	-11,273	-11,073	0,048	-0,039	0,019	0,072	0,073	0,072	0,082	0,082	0,097	0,126	0,175	0,221	0,291	0,333	0,281	0,000	0,000
15,000	-8,938	-9,002	-8,967	-8,959	-8,929	-8,919	-8,914	-8,902	-8,887	-8,883	-8,866	-8,841	-8,791	-8,721	-8,638	-0,140	-0,023	-0,026	0,030	0,034	0,043	0,051	0,057	0,068	0,082	0,103	0,121	0,151	0,157	0,129	0,000	0,000
	run	3	2022:11:08    10:59:11,231
0,000	-13,011	-13,144	-13,190	-13,282	-13,301	-13,316	-13,312	-13,322	-13,324	-13,329	-13,321	-13,292	-13,253	-13,165	-13,062	-0,381	-0,272	-0,221	-0,132	-0,095	-0,060	-0,033	-0,014	0,007	0,028	0,071	0,111	0,153	0,173	0,142	0,000	0,000
1,000	-16,940	-17,076	-17,055	-16,954	-16,844	-16,764	-16,712	-16,679	-16,640	-16,619	-16,580	-16,542	-16,499	-16,421	-16,330	-0,478	-0,177	-0,040	0,151	0,198	0,195	0,195	0,176	0,165	0,164	0,169	0,179	0,183	0,187	0,149	0,000	0,000
2,000	-10,486	-10,136	-10,005	-9,733	-9,604	-9,504	-9,449	-9,404	-9,350	-9,321	-9,256	-9,204	-9,134	-9,036	-8,921	0,484	0,498	0,476	0,423	0,384	0,328	0,308	0,278	0,262	0,243	0,249	0,251	0,251	0,245	0,179	0,000	0,000
3,000	-9,763	-8,403	-7,966	-7,398	-7,175	-7,025	-6,947	-6,884	-6,839	-6,802	-6,774	-6,746	-6,720	-6,692	-6,658	5,269	3,236	2,417	1,372	1,017	0,754	0,607	0,486	0,382	0,292	0,229	0,179	0,144	0,118	0,078	0,000	0,000
4,000	-3,540	-3,417	-3,218	-3,130	-3,058	-3,041	-3,024	-2,999	-2,986	-2,981	-2,940	-2,899	-2,797	-2,637	-2,439	1,695	1,100	0,745	0,417	0,302	0,239	0,209	0,190	0,182	0,195	0,232	0,278	0,339	0,371	0,299	0,000	0,000
5,000	-7,268	-6,802	-6,864	-6,713	-6,673	-6,615	-6,581	-6,573	-6,531	-6,521	-6,466	-6,390	-6,274	-6,077	-5,827	2,073	0,971	0,729	0,417	0,323	0,252	0,246	0,231	0,237	0,249	0,298	0,362	0,426	0,459	0,362	0,000	0,000
6,000	-8,798	-8,823	-8,721	-8,610	-8,518	-8,458	-8,426	-8,402	-8,360	-8,339	-8,289	-8,221	-8,141	-7,989	-7,817	-0,142	0,077	0,128	0,205	0,210	0,186	0,192	0,188	0,194	0,212	0,250	0,281	0,321	0,335	0,264	0,000	0,000
7,000	-6,939	-6,929	-6,876	-6,810	-6,755	-6,729	-6,712	-6,700	-6,683	-6,680	-6,665	-6,643	-6,610	-6,555	-6,483	-0,023	0,067	0,084	0,125	0,110	0,092	0,087	0,083	0,084	0,079	0,090	0,109	0,122	0,128	0,103	0,000	0,000
8,000	-20,394	-20,621	-20,626	-20,745	-20,739	-20,789	-20,826	-20,855	-20,879	-20,936	-20,955	-20,964	-20,969	-20,918	-20,853	-0,255	-0,173	-0,179	-0,145	-0,123	-0,130	-0,130	-0,125	-0,115	-0,094	-0,052	-0,007	0,025	0,075	0,070	0,000	0,000
9,000	-10,050	-9,967	-9,895	-9,678	-9,538	-9,419	-9,357	-9,305	-9,245	-9,200	-9,135	-9,078	-8,989	-8,852	-8,691	0,091	0,187	0,266	0,367	0,373	0,333	0,317	0,296	0,288	0,277	0,289	0,313	0,322	0,330	0,244	0,000	0,000
10,000	-10,022	-9,965	-9,794	-9,599	-9,485	-9,443	-9,417	-9,401	-9,379	-9,384	-9,361	-9,317	-9,261	-9,161	-9,038	0,081	0,286	0,290	0,290	0,235	0,187	0,160	0,142	0,128	0,137	0,155	0,178	0,213	0,229	0,183	0,000	0,000
11,000	-10,310	-10,177	-10,120	-9,957	-9,871	-9,811	-9,781	-9,753	-9,724	-9,705	-9,659	-9,616	-9,546	-9,433	-9,293	0,216	0,229	0,243	0,255	0,235	0,192	0,184	0,172	0,173	0,178	0,203	0,233	0,256	0,271	0,201	0,000	0,000
12,000	-14,821	-14,836	-14,774	-14,720	-14,667	-14,644	-14,631	-14,621	-14,605	-14,613	-14,572	-14,543	-14,483	-14,351	-14,207	0,017	0,109	0,107	0,116	0,109	0,086	0,093	0,093	0,098	0,112	0,153	0,195	0,241	0,269	0,214	0,000	0,000
13,000	-8,407	-8,479	-8,431	-8,459	-8,438	-8,423	-8,413	-8,393	-8,370	-8,336	-8,283	-8,209	-8,095	-7,924	-7,702	-0,010	0,018	0,011	0,039	0,064	0,092	0,111	0,138	0,170	0,211	0,266	0,321	0,379	0,404	0,325	0,000	0,000
14,000	-11,717	-11,558	-11,654	-11,577	-11,564	-11,539	-11,517	-11,509	-11,504	-11,495	-11,469	-11,433	-11,352	-11,205	-11,012	0,056	-0,035	0,031	0,074	0,069	0,065	0,079	0,088	0,100	0,126	0,168	0,220	0,292	0,332	0,275	0,000	0,000
15,000	-8,895	-8,966	-8,933	-8,930	-8,902	-8,898	-8,888	-8,874	-8,854	-8,855	-8,834	-8,805	-8,758	-8,693	-8,611	-0,150	-0,027	-0,024	0,035	0,040	0,043	0,051	0,064	0,065	0,086	0,106	0,127	0,144	0,156	0,121	0,000	0,000
	run	4	2022:11:08    10:59:11,282
0,000	-13,011	-13,144	-13,190	-13,282	-13,301	-13,316	-13,312	-13,322	-13,324	-13,329	-13,321	-13,292	-13,253	-13,165	-13,062	-0,381	-0,272	-0,221	-0,132	-0,095	-0,060	-0,033	-0,014	0,007	0,028	0,071	0,111	0,153	0,173	0,142	0,000	0,000
1,000	-16,940	-17,076	-17,055	-16,954	-16,844	-16,764	-16,712	-16,679	-16,640	-16,619	-16,580	-16,542	-16,499	-16,421	-16,330	-0,478	-0,177	-0,040	0,151	0,198	0,195	0,195	0,176	0,165	0,164	0,169	0,179	0,183	0,187	0,149	0,000	0,000
2,000	-10,486	-10,136	-10,005	-9,733	-9,604	-9,504	-9,449	-9,404	-9,350	-9,321	-9,256	-9,204	-9,134	-9,036	-8,921	0,484	0,498	0,476	0,423	0,384	0,328	0,308	0,278	0,262	0,243	0,249	0,251	0,251	0,245	0,179	0,000	0,000
3,000	-9,763	-8,403	-7,966	-7,398	-7,175	-7,025	-6,947	-6,884	-6,839	-6,802	-6,774	-6,746	-6,720	-6,692	-6,658	5,269	3,236	2,417	1,372	1,017	0,754	0,607	0,486	0,382	0,292	0,229	0,179	0,144	0,118	0,078	0,000	0,000
4,000	-3,540	-3,417	-3,218	-3,130	-3,058	-3,041	-3,024	-2,999	-2,986	-2,981	-2,940	-2,899	-2,797	-2,637	-2,439	1,695	1,100	0,745	0,417	0,302	0,239	0,209	0,190	0,182	0,195	0,232	0,278	0,339	0,371	0,299	0,000	0,000
5,000	-7,268	-6,802	-6,864	-6,713	-6,673	-6,615	-6,581	-6,573	-6,531	-6,521	-6,466	-6,390	-6,274	-6,077	-5,827	2,073	0,971	0,729	0,417	0,323	0,252	0,246	0,231	0,237	0,249	0,298	0,362	0,426	0,459	0,362	0,000	0,000
6,000	-9,123	-9,118	-9,024	-8,891	-8,780	-8,726	-8,691	-8,663	-8,622	-8,605	-8,553	-8,485	-8,397	-8,246	-8,063	-0,124	0,107	0,159	0,224	0,225	0,203	0,201	0,198	0,198	0,212	0,252	0,292	0,324	0,343	0,269	0,000	0,000
7,000	-7,132	-7,128	-7,058	-6,982	-6,926	-6,892	-6,874	-6,870	-6,850	-6,843	-6,828	-6,807	-6,782	-6,724	-6,661	-0,017	0,085	0,118	0,135	0,121	0,104	0,088	0,084	0,083	0,081	0,093	0,105	0,116	0,118	0,091	0,000	0,000
8,000	-20,181	-20,381	-20,397	-20,535	-20,528	-20,580	-20,618	-20,640	-20,672	-20,727	-20,742	-20,759	-20,767	-20,722	-20,657	-0,267	-0,179	-0,193	-0,155	-0,134	-0,145	-0,141	-0,139	-0,117	-0,103	-0,060	-0,020	0,020	0,067	0,064	0,000	0,000
9,000	-9,803	-9,738	-9,660	-9,466	-9,326	-9,218	-9,152	-9,097	-9,037	-8,998	-8,935	-8,875	-8,787	-8,652	-8,500	0,083	0,178	0,253	0,352	0,359	0,322	0,310	0,283	0,276	0,272	0,282	0,303	0,318	0,318	0,245	0,000	0,000
10,000	-9,674	-9,659	-9,505	-9,328	-9,231	-9,189	-9,161	-9,142	-9,122	-9,110	-9,096	-9,058	-9,005	-8,907	-8,786	-0,008	0,222	0,225	0,257	0,212	0,175	0,155	0,136	0,129	0,136	0,155	0,176	0,206	0,219	0,175	0,000	0,000
11,000	-10,036	-9,920	-9,879	-9,718	-9,633	-9,580	-9,546	-9,524	-9,495	-9,474	-9,437	-9,389	-9,320	-9,207	-9,081	0,173	0,189	0,205	0,235	0,225	0,185	0,181	0,168	0,168	0,172	0,197	0,226	0,245	0,253	0,196	0,000	0,000
12,000	-14,327	-14,354	-14,270	-14,222	-14,163	-14,146	-14,136	-14,129	-14,107	-14,112	-14,076	-14,035	-13,990	-13,870	-13,727	0,037	0,111	0,105	0,117	0,111	0,090	0,092	0,093	0,095	0,111	0,152	0,184	0,230	0,258	0,206	0,000	0,000
13,000	-8,298	-8,357	-8,334	-8,361	-8,334	-8,324	-8,313	-8,292	-8,269	-8,240	-8,186	-8,112	-8,005	-7,841	-7,625	-0,030	0,012	0,009	0,026	0,062	0,088	0,103	0,131	0,154	0,202	0,254	0,313	0,363	0,390	0,311	0,000	0,000
14,000	-11,469	-11,312	-11,394	-11,331	-11,324	-11,293	-11,270	-11,274	-11,248	-11,247	-11,224	-11,186	-11,111	-10,968	-10,770	0,076	-0,038	0,018	0,063	0,070	0,067	0,078	0,084	0,096	0,126	0,163	0,217	0,287	0,327	0,270	0,000	0,000
15,000	-8,899	-8,961	-8,927	-8,921	-8,883	-8,880	-8,871	-8,864	-8,845	-8,843	-8,819	-8,792	-8,742	-8,677	-8,589	-0,151	-0,023	-0,023	0,028	0,040	0,043	0,054	0,064	0,070	0,094	0,108	0,129	0,156	0,162	0,131	0,000	0,000
	run	5	2022:11:08    10:59:11,383
0,000	-13,271	-13,400	-13,451	-13,546	-13,569	-13,587	-13,592	-13,598	-13,598	-13,603	-13,598	-13,567	-13,523	-13,438	-13,327	-0,380	-0,284	-0,222	-0,132	-0,102	-0,064	-0,045	-0,020	0,006	0,031	0,070	0,121	0,161	0,183	0,150	0,000	0,000
1,000	-17,791	-17,924	-17,885	-17,758	-17,637	-17,544	-17,488	-17,451	-17,414	-17,385	-17,345	-17,305	-17,253	-17,168	-17,070	-0,463	-0,158	-0,016	0,189	0,229	0,218	0,217	0,192	0,186	0,179	0,185	0,199	0,203	0,211	0,161	0,000	0,000
2,000	-11,017	-10,689	-10,509	-10,217	-10,068	-9,961	-9,900	-9,845	-9,793	-9,756	-9,696	-9,632	-9,560	-9,445	-9,326	0,505	0,544	0,533	0,480	0,421	0,357	0,331	0,302	0,280	0,264	0,273	0,273	0,273	0,269	0,192	0,000	0,000
3,000	-10,259	-8,860	-8,385	-7,720	-7,471	-7,310	-7,222	-7,162	-7,113	-7,074	-7,043	-7,019	-6,996	-6,964	-6,930	5,381	3,374	2,555	1,482	1,097	0,804	0,646	0,515	0,404	0,308	0,239	0,188	0,149	0,121	0,080	0,000	0,000
4,000	-3,577	-3,441	-3,245	-3,158	-3,081	-3,065	-3,048	-3,025	-3,012	-2,998	-2,967	-2,917	-2,810	-2,650	-2,445	1,682	1,110	0,751	0,417	0,305	0,248	0,209	0,188	0,182	0,204	0,236	0,290	0,347	0,378	0,311	0,000	0,000
5,000	-7,367	-6,897	-6,953	-6,798	-6,757	-6,699	-6,667	-6,651	-6,611	-6,594	-6,553	-6,472	-6,351	-6,147	-5,898	2,069	0,985	0,732	0,431	0,328	0,253	0,246	0,234	0,239	0,254	0,310	0,374	0,437	0,471	0,373	0,000	0,000
6,000	-9,302	-9,287	-9,194	-9,048	-8,939	-8,885	-8,855	-8,822	-8,784	-8,758	-8,703	-8,644	-8,557	-8,406	-8,229	-0,095	0,111	0,173	0,228	0,229	0,202	0,203	0,199	0,208	0,215	0,256	0,290	0,323	0,344	0,270	0,000	0,000
7,000	-7,053	-7,045	-6,994	-6,935	-6,874	-6,844	-6,823	-6,818	-6,802	-6,798	-6,779	-6,764	-6,734	-6,684	-6,631	-0,017	0,058	0,088	0,126	0,112	0,094	0,088	0,077	0,077	0,074	0,081	0,097	0,103	0,110	0,079	0,000	0,000
8,000	-19,903	-20,079	-20,080	-20,182	-20,166	-20,207	-20,248	-20,271	-20,300	-20,356	-20,371	-20,384	-20,384	-20,337	-20,278	-0,253	-0,142	-0,158	-0,122	-0,107	-0,134	-0,126	-0,123	-0,105	-0,094	-0,048	-0,007	0,023	0,070	0,066	0,000	0,000
9,000	-9,343	-9,308	-9,263	-9,111	-8,989	-8,874	-8,811	-8,765	-8,703	-8,667	-8,615	-8,546	-8,467	-8,343	-8,202	0,050	0,109	0,171	0,294	0,319	0,297	0,292	0,272	0,258	0,253	0,270	0,285	0,295	0,295	0,224	0,000	0,000
10,000	-9,239	-9,246	-9,120	-8,992	-8,896	-8,860	-8,838	-8,823	-8,802	-8,805	-8,783	-8,746	-8,696	-8,599	-8,492	-0,037	0,166	0,175	0,204	0,178	0,155	0,132	0,122	0,114	0,123	0,136	0,157	0,196	0,207	0,164	0,000	0,000
11,000	-9,718	-9,630	-9,585	-9,462	-9,375	-9,324	-9,289	-9,269	-9,241	-9,225	-9,190	-9,145	-9,075	-8,972	-8,850	0,142	0,162	0,178	0,213	0,201	0,167	0,166	0,152	0,157	0,163	0,190	0,215	0,234	0,243	0,186	0,000	0,000
12,000	-14,001	-14,024	-13,952	-13,899	-13,840	-13,823	-13,813	-13,802	-13,788	-13,804	-13,765	-13,730	-13,676	-13,560	-13,425	0,045	0,106	0,104	0,114	0,106	0,087	0,089	0,089	0,092	0,105	0,142	0,179	0,229	0,255	0,203	0,000	0,000
13,000	-8,195	-8,259	-8,248	-8,269	-8,240	-8,228	-8,213	-8,199	-8,175	-8,146	-8,093	-8,026	-7,913	-7,748	-7,537	-0,023	0,004	-0,006	0,032	0,055	0,083	0,103	0,128	0,154	0,195	0,259	0,308	0,366	0,387	0,313	0,000	0,000
14,000	-11,589	-11,443	-11,510	-11,444	-11,431	-11,403	-11,380	-11,377	-11,360	-11,361	-11,337	-11,291	-11,212	-11,066	-10,862	0,046	-0,011	0,020	0,071	0,071	0,074	0,084	0,083	0,105	0,128	0,174	0,232	0,294	0,333	0,281	0,000	0,000
15,000	-9,090	-9,149	-9,124	-9,114	-9,081	-9,075	-9,061	-9,055	-9,035	-9,031	-9,011	-8,982	-8,934	-8,860	-8,772	-0,148	-0,030	-0,029	0,033	0,038	0,046	0,056	0,067	0,073	0,089	0,111	0,129	0,155	0,166	0,131	0,000	0,000
	run	6	2022:11:08    10:59:11,483
0,000	-13,654	-13,787	-13,822	-13,943	-13,968	-13,985	-13,992	-13,994	-13,998	-14,003	-13,993	-13,962	-13,912	-13,819	-13,701	-0,404	-0,286	-0,243	-0,146	-0,107	-0,067	-0,039	-0,023	0,005	0,038	0,078	0,130	0,173	0,202	0,163	0,000	0,000
1,000	-18,133	-18,221	-18,188	-18,027	-17,897	-17,797	-17,743	-17,698	-17,663	-17,629	-17,586	-17,550	-17,492	-17,406	-17,300	-0,457	-0,129	0,015	0,224	0,255	0,239	0,239	0,207	0,196	0,191	0,194	0,210	0,215	0,220	0,171	0,000	0,000
2,000	-11,465	-11,105	-10,925	-10,592	-10,433	-10,317	-10,259	-10,208	-10,151	-10,106	-10,047	-9,978	-9,900	-9,780	-9,649	0,523	0,591	0,584	0,516	0,445	0,376	0,352	0,319	0,298	0,285	0,285	0,296	0,294	0,284	0,210	0,000	0,000
3,000	-10,675	-9,191	-8,661	-7,933	-7,684	-7,512	-7,426	-7,363	-7,317	-7,277	-7,242	-7,220	-7,196	-7,164	-7,133	5,570	3,541	2,701	1,563	1,146	0,836	0,670	0,531	0,412	0,318	0,243	0,193	0,151	0,121	0,074	0,000	0,000
4,000	-3,778	-3,635	-3,423	-3,329	-3,246	-3,226	-3,207	-3,189	-3,171	-3,154	-3,116	-3,060	-2,951	-2,769	-2,544	1,719	1,144	0,788	0,434	0,326	0,262	0,231	0,204	0,199	0,224	0,255	0,317	0,383	0,411	0,338	0,000	0,000
5,000	-7,486	-6,977	-7,056	-6,874	-6,831	-6,778	-6,743	-6,734	-6,687	-6,677	-6,633	-6,549	-6,433	-6,226	-5,967	2,074	0,992	0,749	0,435	0,337	0,255	0,249	0,229	0,233	0,254	0,299	0,369	0,433	0,471	0,375	0,000	0,000
6,000	-8,973	-8,980	-8,875	-8,740	-8,628	-8,572	-8,544	-8,509	-8,471	-8,449	-8,402	-8,343	-8,256	-8,104	-7,932	-0,100	0,109	0,163	0,224	0,219	0,199	0,198	0,199	0,198	0,213	0,254	0,289	0,317	0,339	0,265	0,000	0,000
7,000	-6,759	-6,787	-6,733	-6,684	-6,631	-6,605	-6,594	-6,581	-6,568	-6,566	-6,549	-6,527	-6,501	-6,451	-6,396	-0,028	0,053	0,058	0,105	0,102	0,084	0,078	0,078	0,070	0,073	0,082	0,096	0,106	0,110	0,083	0,000	0,000
8,000	-19,431	-19,608	-19,609	-19,693	-19,685	-19,724	-19,764	-19,788	-19,812	-19,864	-19,880	-19,894	-19,906	-19,863	-19,793	-0,223	-0,134	-0,139	-0,111	-0,102	-0,125	-0,122	-0,123	-0,102	-0,088	-0,052	-0,002	0,026	0,066	0,063	0,000	0,000
9,000	-9,290	-9,247	-9,198	-9,061	-8,939	-8,821	-8,765	-8,715	-8,660	-8,614	-8,561	-8,502	-8,421	-8,302	-8,164	0,046	0,099	0,174	0,292	0,314	0,294	0,289	0,263	0,257	0,248	0,265	0,281	0,290	0,286	0,218	0,000	0,000
10,000	-9,311	-9,318	-9,194	-9,065	-8,980	-8,939	-8,922	-8,905	-8,879	-8,883	-8,864	-8,830	-8,776	-8,683	-8,577	-0,021	0,167	0,173	0,195	0,172	0,147	0,130	0,118	0,110	0,116	0,140	0,157	0,191	0,205	0,163	0,000	0,000
11,000	-9,787	-9,700	-9,661	-9,534	-9,456	-9,403	-9,374	-9,350	-9,323	-9,306	-9,267	-9,226	-9,162	-9,055	-8,937	0,134	0,148	0,171	0,204	0,204	0,166	0,161	0,154	0,155	0,157	0,186	0,211	0,227	0,234	0,184	0,000	0,000
12,000	-13,948	-13,962	-13,886	-13,841	-13,779	-13,757	-13,754	-13,740	-13,724	-13,736	-13,699	-13,667	-13,611	-13,496	-13,360	0,042	0,109	0,106	0,117	0,105	0,085	0,093	0,087	0,090	0,106	0,144	0,183	0,223	0,247	0,201	0,000	0,000
13,000	-8,155	-8,199	-8,175	-8,202	-8,185	-8,176	-8,167	-8,141	-8,120	-8,085	-8,038	-7,967	-7,856	-7,692	-7,481	-0,015	0,005	0,002	0,029	0,055	0,087	0,105	0,130	0,161	0,194	0,253	0,308	0,363	0,380	0,310	0,000	0,000
14,000	-11,655	-11,527	-11,591	-11,538	-11,518	-11,493	-11,472	-11,468	-11,451	-11,451	-11,414	-11,378	-11,304	-11,152	-10,956	0,013	-0,040	0,011	0,051	0,066	0,071	0,086	0,088	0,096	0,132	0,178	0,219	0,288	0,343	0,278	0,000	0,000
15,000	-9,082	-9,149	-9,110	-9,102	-9,074	-9,066	-9,053	-9,049	-9,029	-9,029	-9,005	-8,975	-8,924	-8,852	-8,765	-0,150	-0,028	-0,025	0,032	0,039	0,049	0,057	0,068	0,074	0,092	0,116	0,131	0,157	0,171	0,133	0,000	0,000
	run	7	2022:11:08    10:59:11,530
0,000	-13,822	-13,958	-14,015	-14,124	-14,155	-14,180	-14,185	-14,191	-14,189	-14,197	-14,186	-14,157	-14,106	-14,014	-13,892	-0,385	-0,304	-0,247	-0,147	-0,113	-0,075	-0,046	-0,020	0,008	0,035	0,079	0,127	0,174	0,204	0,163	0,000	0,000
1,000	-18,535	-18,640	-18,591	-18,410	-18,285	-18,180	-18,116	-18,076	-18,033	-18,006	-17,962	-17,925	-17,876	-17,784	-17,668	-0,414	-0,102	0,051	0,245	0,276	0,256	0,242	0,217	0,204	0,192	0,198	0,209	0,212	0,224	0,173	0,000	0,000
2,000	-11,465	-11,105	-10,925	-10,592	-10,433	-10,317	-10,259	-10,208	-10,151	-10,106	-10,047	-9,978	-9,900	-9,780	-9,649	0,523	0,591	0,584	0,516	0,445	0,376	0,352	0,319	0,298	0,285	0,285	0,296	0,294	0,284	0,210	0,000	0,000
3,000	-10,675	-9,191	-8,661	-7,933	-7,684	-7,512	-7,426	-7,363	-7,317	-7,277	-7,242	-7,220	-7,196	-7,164	-7,133	5,570	3,541	2,701	1,563	1,146	0,836	0,670	0,531	0,412	0,318	0,243	0,193	0,151	0,121	0,074	0,000	0,000
4,000	-3,778	-3,635	-3,423	-3,329	-3,246	-3,226	-3,207	-3,189	-3,171	-3,154	-3,116	-3,060	-2,951	-2,769	-2,544	1,719	1,144	0,788	0,434	0,326	0,262	0,231	0,204	0,199	0,224	0,255	0,317	0,383	0,411	0,338	0,000	0,000
5,000	-7,486	-6,977	-7,056	-6,874	-6,831	-6,778	-6,743	-6,734	-6,687	-6,677	-6,633	-6,549	-6,433	-6,226	-5,967	2,074	0,992	0,749	0,435	0,337	0,255	0,249	0,229	0,233	0,254	0,299	0,369	0,433	0,471	0,375	0,000	0,000
6,000	-8,973	-8,980	-8,875	-8,740	-8,628	-8,572	-8,544	-8,509	-8,471	-8,449	-8,402	-8,343	-8,256	-8,104	-7,932	-0,100	0,109	0,163	0,224	0,219	0,199	0,198	0,199	0,198	0,213	0,254	0,289	0,317	0,339	0,265	0,000	0,000
7,000	-6,759	-6,787	-6,733	-6,684	-6,631	-6,605	-6,594	-6,581	-6,568	-6,566	-6,549	-6,527	-6,501	-6,451	-6,396	-0,028	0,053	0,058	0,105	0,102	0,084	0,078	0,078	0,070	0,073	0,082	0,096	0,106	0,110	0,083	0,000	0,000
8,000	-19,321	-19,491	-19,490	-19,585	-19,572	-19,626	-19,654	-19,686	-19,710	-19,763	-19,776	-19,792	-19,804	-19,760	-19,711	-0,198	-0,133	-0,143	-0,103	-0,109	-0,121	-0,123	-0,120	-0,111	-0,098	-0,059	-0,015	0,014	0,060	0,056	0,000	0,000
9,000	-9,355	-9,337	-9,296	-9,133	-8,999	-8,890	-8,828	-8,782	-8,718	-8,679	-8,625	-8,567	-8,487	-8,365	-8,229	0,051	0,100	0,183	0,308	0,324	0,302	0,293	0,277	0,261	0,251	0,264	0,285	0,292	0,293	0,220	0,000	0,000
10,000	-9,406	-9,415	-9,282	-9,155	-9,062	-9,027	-9,007	-8,989	-8,965	-8,967	-8,947	-8,919	-8,860	-8,772	-8,664	-0,019	0,175	0,182	0,204	0,175	0,149	0,130	0,114	0,113	0,116	0,137	0,160	0,195	0,203	0,166	0,000	0,000
11,000	-9,883	-9,771	-9,745	-9,614	-9,530	-9,475	-9,446	-9,422	-9,392	-9,376	-9,338	-9,292	-9,233	-9,127	-9,005	0,145	0,162	0,172	0,212	0,205	0,166	0,166	0,153	0,158	0,166	0,181	0,210	0,228	0,239	0,185	0,000	0,000
12,000	-13,881	-13,893	-13,827	-13,777	-13,722	-13,695	-13,693	-13,679	-13,662	-13,675	-13,638	-13,610	-13,557	-13,444	-13,300	0,042	0,116	0,111	0,115	0,107	0,085	0,088	0,087	0,096	0,105	0,140	0,178	0,217	0,244	0,193	0,000	0,000
13,000	-8,223	-8,242	-8,227	-8,245	-8,230	-8,224	-8,207	-8,188	-8,164	-8,136	-8,080	-8,010	-7,906	-7,741	-7,533	0,001	0,005	0,002	0,033	0,051	0,085	0,106	0,125	0,161	0,199	0,250	0,306	0,359	0,382	0,304	0,000	0,000
14,000	-11,714	-11,607	-11,667	-11,610	-11,598	-11,571	-11,546	-11,544	-11,530	-11,517	-11,505	-11,456	-11,384	-11,232	-11,028	0,020	-0,049	0,012	0,056	0,065	0,073	0,082	0,082	0,096	0,131	0,178	0,228	0,297	0,339	0,280	0,000	0,000
15,000	-9,176	-9,227	-9,196	-9,193	-9,156	-9,147	-9,140	-9,130	-9,107	-9,108	-9,086	-9,056	-9,001	-8,929	-8,837	-0,148	-0,029	-0,022	0,035	0,045	0,050	0,059	0,067	0,072	0,092	0,115	0,138	0,161	0,171	0,139	0,000	0,000
	run	8	2022:11:08    10:59:11,631
0,000	-13,753	-13,871	-13,931	-14,041	-14,070	-14,091	-14,095	-14,111	-14,114	-14,119	-14,108	-14,082	-14,035	-13,940	-13,828	-0,404	-0,289	-0,249	-0,157	-0,124	-0,085	-0,051	-0,034	-0,001	0,035	0,072	0,127	0,172	0,193	0,161	0,000	0,000
1,000	-18,610	-18,728	-18,672	-18,510	-18,373	-18,271	-18,214	-18,171	-18,131	-18,108	-18,063	-18,020	-17,964	-17,879	-17,774	-0,445	-0,114	0,029	0,240	0,269	0,250	0,239	0,210	0,207	0,199	0,204	0,202	0,213	0,218	0,165	0,000	0,000
2,000	-11,391	-11,039	-10,869	-10,539	-10,390	-10,275	-10,211	-10,158	-10,108	-10,062	-10,001	-9,935	-9,852	-9,733	-9,603	0,544	0,578	0,559	0,503	0,443	0,374	0,347	0,312	0,300	0,281	0,286	0,293	0,295	0,288	0,210	0,000	0,000
3,000	-10,404	-8,971	-8,465	-7,783	-7,526	-7,361	-7,277	-7,211	-7,164	-7,127	-7,097	-7,072	-7,048	-7,021	-6,987	5,472	3,448	2,614	1,511	1,118	0,817	0,657	0,523	0,409	0,312	0,234	0,187	0,147	0,117	0,074	0,000	0,000
4,000	-3,663	-3,531	-3,320	-3,227	-3,147	-3,128	-3,114	-3,089	-3,076	-3,068	-3,024	-2,977	-2,867	-2,700	-2,484	1,697	1,113	0,766	0,420	0,313	0,250	0,217	0,196	0,190	0,208	0,253	0,296	0,361	0,394	0,318	0,000	0,000
5,000	-7,199	-6,713	-6,793	-6,639	-6,600	-6,545	-6,510	-6,498	-6,461	-6,449	-6,403	-6,316	-6,213	-6,010	-5,770	2,024	0,962	0,725	0,410	0,320	0,247	0,235	0,223	0,232	0,245	0,289	0,356	0,412	0,448	0,362	0,000	0,000
6,000	-8,887	-8,888	-8,789	-8,651	-8,548	-8,491	-8,463	-8,431	-8,399	-8,371	-8,318	-8,257	-8,176	-8,037	-7,866	-0,138	0,095	0,153	0,218	0,216	0,192	0,198	0,193	0,199	0,209	0,246	0,277	0,305	0,329	0,254	0,000	0,000
7,000	-6,620	-6,651	-6,600	-6,571	-6,532	-6,510	-6,497	-6,487	-6,469	-6,469	-6,454	-6,429	-6,405	-6,356	-6,311	-0,027	0,025	0,052	0,083	0,087	0,070	0,070	0,067	0,064	0,063	0,077	0,086	0,098	0,103	0,079	0,000	0,000
8,000	-19,237	-19,399	-19,388	-19,453	-19,433	-19,481	-19,512	-19,538	-19,557	-19,611	-19,631	-19,639	-19,645	-19,599	-19,541	-0,219	-0,107	-0,115	-0,091	-0,092	-0,108	-0,112	-0,107	-0,099	-0,087	-0,050	-0,004	0,028	0,069	0,063	0,000	0,000
9,000	-9,315	-9,280	-9,242	-9,118	-9,009	-8,901	-8,839	-8,792	-8,736	-8,699	-8,644	-8,585	-8,511	-8,387	-8,249	0,038	0,083	0,149	0,268	0,290	0,278	0,276	0,255	0,246	0,243	0,252	0,269	0,282	0,281	0,214	0,000	0,000
10,000	-9,252	-9,265	-9,145	-9,008	-8,917	-8,875	-8,857	-8,839	-8,818	-8,821	-8,800	-8,769	-8,708	-8,623	-8,512	-0,029	0,168	0,180	0,204	0,178	0,150	0,131	0,123	0,114	0,119	0,141	0,159	0,192	0,203	0,164	0,000	0,000
11,000	-9,830	-9,726	-9,690	-9,555	-9,480	-9,425	-9,393	-9,373	-9,341	-9,324	-9,287	-9,243	-9,177	-9,073	-8,952	0,137	0,168	0,168	0,209	0,202	0,167	0,166	0,156	0,159	0,161	0,184	0,212	0,230	0,240	0,190	0,000	0,000
12,000	-14,173	-14,200	-14,124	-14,078	-14,019	-13,997	-13,992	-13,978	-13,956	-13,974	-13,942	-13,902	-13,845	-13,727	-13,586	0,040	0,113	0,109	0,116	0,106	0,085	0,089	0,089	0,092	0,104	0,146	0,185	0,227	0,258	0,201	0,000	0,000
13,000	-8,276	-8,354	-8,305	-8,331	-8,317	-8,305	-8,291	-8,270	-8,251	-8,223	-8,167	-8,096	-7,990	-7,822	-7,616	-0,020	0,008	0,009	0,033	0,061	0,085	0,107	0,130	0,160	0,202	0,248	0,311	0,360	0,387	0,308	0,000	0,000
14,000	-11,824	-11,689	-11,755	-11,697	-11,686	-11,657	-11,633	-11,633	-11,627	-11,616	-11,586	-11,541	-11,465	-11,312	-11,096	0,042	-0,042	0,028	0,071	0,068	0,068	0,084	0,086	0,099	0,130	0,185	0,233	0,309	0,351	0,285	0,000	0,000
15,000	-9,318	-9,363	-9,326	-9,316	-9,282	-9,271	-9,259	-9,254	-9,235	-9,231	-9,212	-9,173	-9,126	-9,049	-8,960	-0,143	-0,019	-0,019	0,043	0,046	0,055	0,065	0,072	0,078	0,098	0,122	0,135	0,166	0,173	0,140	0,000	0,000
	run	9	2022:11:08    10:59:11,683
0,000	-13,753	-13,871	-13,931	-14,041	-14,070	-14,091	-14,095	-14,111	-14,114	-14,119	-14,108	-14,082	-14,035	-13,940	-13,828	-0,404	-0,289	-0,249	-0,157	-0,124	-0,085	-0,051	-0,034	-0,001	0,035	0,072	0,127	0,172	0,193	0,161	0,000	0,000
1,000	-18,610	-18,728	-18,672	-18,510	-18,373	-18,271	-18,214	-18,171	-18,131	-18,108	-18,063	-18,020	-17,964	-17,879	-17,774	-0,445	-0,114	0,029	0,240	0,269	0,250	0,239	0,210	0,207	0,199	0,204	0,202	0,213	0,218	0,165	0,000	0,000
2,000	-11,391	-11,039	-10,869	-10,539	-10,390	-10,275	-10,211	-10,158	-10,108	-10,062	-10,001	-9,935	-9,852	-9,733	-9,603	0,544	0,578	0,559	0,503	0,443	0,374	0,347	0,312	0,300	0,281	0,286	0,293	0,295	0,288	0,210	0,000	0,000
3,000	-10,404	-8,971	-8,465	-7,783	-7,526	-7,361	-7,277	-7,211	-7,164	-7,127	-7,097	-7,072	-7,048	-7,021	-6,987	5,472	3,448	2,614	1,511	1,118	0,817	0,657	0,523	0,409	0,312	0,234	0,187	0,147	0,117	0,074	0,000	0,000
4,000	-3,663	-3,531	-3,320	-3,227	-3,147	-3,128	-3,114	-3,089	-3,076	-3,068	-3,024	-2,977	-2,867	-2,700	-2,484	1,697	1,113	0,766	0,420	0,313	0,250	0,217	0,196	0,190	0,208	0,253	0,296	0,361	0,394	0,318	0,000	0,000
5,000	-7,199	-6,713	-6,793	-6,639	-6,600	-6,545	-6,510	-6,498	-6,461	-6,449	-6,403	-6,316	-6,213	-6,010	-5,770	2,024	0,962	0,725	0,410	0,320	0,247	0,235	0,223	0,232	0,245	0,289	0,356	0,412	0,448	0,362	0,000	0,000
6,000	-8,915	-8,928	-8,829	-8,696	-8,599	-8,538	-8,507	-8,480	-8,440	-8,419	-8,365	-8,311	-8,222	-8,081	-7,911	-0,115	0,097	0,148	0,217	0,217	0,199	0,195	0,192	0,196	0,209	0,238	0,277	0,309	0,326	0,253	0,000	0,000
7,000	-6,793	-6,796	-6,751	-6,706	-6,661	-6,635	-6,620	-6,614	-6,593	-6,585	-6,577	-6,554	-6,532	-6,485	-6,430	-0,034	0,028	0,061	0,088	0,091	0,076	0,076	0,069	0,064	0,065	0,079	0,088	0,100	0,099	0,081	0,000	0,000
8,000	-19,154	-19,323	-19,309	-19,392	-19,368	-19,419	-19,446	-19,476	-19,496	-19,555	-19,563	-19,584	-19,587	-19,545	-19,492	-0,227	-0,128	-0,127	-0,097	-0,087	-0,115	-0,113	-0,113	-0,103	-0,090	-0,050	-0,015	0,022	0,062	0,063	0,000	0,000
9,000	-9,179	-9,150	-9,118	-8,986	-8,877	-8,767	-8,711	-8,661	-8,609	-8,572	-8,512	-8,450	-8,378	-8,256	-8,120	0,035	0,082	0,144	0,267	0,292	0,278	0,274	0,258	0,245	0,236	0,253	0,279	0,285	0,286	0,213	0,000	0,000
10,000	-9,273	-9,274	-9,146	-9,000	-8,910	-8,870	-8,847	-8,832	-8,810	-8,808	-8,786	-8,757	-8,703	-8,607	-8,498	-0,027	0,182	0,176	0,212	0,181	0,158	0,136	0,124	0,116	0,121	0,139	0,161	0,193	0,207	0,164	0,000	0,000
11,000	-9,898	-9,803	-9,765	-9,632	-9,553	-9,495	-9,470	-9,445	-9,417	-9,402	-9,362	-9,311	-9,251	-9,148	-9,021	0,148	0,170	0,180	0,211	0,205	0,170	0,168	0,159	0,158	0,166	0,186	0,210	0,232	0,247	0,184	0,000	0,000
12,000	-14,296	-14,315	-14,246	-14,194	-14,129	-14,111	-14,107	-14,095	-14,073	-14,087	-14,059	-14,017	-13,963	-13,839	-13,700	0,052	0,114	0,115	0,124	0,110	0,089	0,092	0,091	0,093	0,109	0,147	0,187	0,225	0,253	0,203	0,000	0,000
13,000	-8,341	-8,399	-8,363	-8,383	-8,371	-8,360	-8,348	-8,326	-8,301	-8,267	-8,218	-8,144	-8,036	-7,865	-7,651	-0,010	0,016	0,008	0,033	0,066	0,086	0,112	0,134	0,159	0,204	0,258	0,315	0,369	0,392	0,312	0,000	0,000
14,000	-11,687	-11,579	-11,654	-11,591	-11,582	-11,551	-11,533	-11,533	-11,512	-11,510	-11,481	-11,437	-11,352	-11,210	-11,005	0,040	-0,035	0,017	0,059	0,068	0,076	0,085	0,086	0,107	0,133	0,182	0,235	0,298	0,338	0,286	0,000	0,000
15,000	-9,219	-9,268	-9,240	-9,228	-9,194	-9,187	-9,172	-9,166	-9,149	-9,144	-9,122	-9,089	-9,035	-8,965	-8,874	-0,160	-0,025	-0,014	0,040	0,044	0,050	0,060	0,068	0,076	0,095	0,113	0,130	0,161	0,168	0,137	0,000	0,000
	run	10	2022:11:08    10:59:11,783
0,000	-13,335	-13,437	-13,494	-13,582	-13,610	-13,625	-13,629	-13,634	-13,639	-13,647	-13,637	-13,608	-13,560	-13,472	-13,364	-0,379	-0,269	-0,226	-0,135	-0,100	-0,062	-0,038	-0,022	0,008	0,034	0,071	0,115	0,159	0,185	0,152	0,000	0,000
1,000	-17,307	-17,426	-17,395	-17,275	-17,162	-17,072	-17,026	-16,979	-16,949	-16,915	-16,876	-16,844	-16,794	-16,718	-16,619	-0,471	-0,150	-0,021	0,177	0,221	0,212	0,207	0,182	0,178	0,172	0,181	0,187	0,188	0,194	0,150	0,000	0,000
2,000	-10,685	-10,341	-10,183	-9,916	-9,779	-9,670	-9,615	-9,566	-9,516	-9,477	-9,421	-9,362	-9,291	-9,188	-9,072	0,493	0,509	0,494	0,443	0,396	0,334	0,314	0,282	0,267	0,255	0,255	0,262	0,261	0,247	0,183	0,000	0,000
3,000	-9,852	-8,495	-8,052	-7,460	-7,243	-7,088	-7,007	-6,948	-6,892	-6,860	-6,826	-6,804	-6,777	-6,746	-6,710	5,313	3,246	2,436	1,397	1,036	0,764	0,618	0,493	0,383	0,300	0,231	0,185	0,149	0,118	0,080	0,000	0,000
4,000	-3,525	-3,405	-3,206	-3,119	-3,047	-3,024	-3,009	-2,995	-2,974	-2,967	-2,927	-2,875	-2,776	-2,612	-2,407	1,678	1,086	0,756	0,415	0,302	0,246	0,210	0,193	0,186	0,196	0,230	0,285	0,346	0,378	0,302	0,000	0,000
5,000	-7,172	-6,694	-6,764	-6,619	-6,578	-6,524	-6,492	-6,476	-6,437	-6,418	-6,378	-6,299	-6,178	-5,985	-5,743	2,052	0,955	0,719	0,409	0,315	0,250	0,240	0,226	0,229	0,243	0,290	0,358	0,412	0,445	0,366	0,000	0,000
6,000	-8,980	-8,971	-8,869	-8,735	-8,629	-8,577	-8,545	-8,516	-8,478	-8,461	-8,409	-8,342	-8,263	-8,113	-7,942	-0,124	0,097	0,144	0,222	0,218	0,199	0,198	0,192	0,195	0,206	0,244	0,284	0,314	0,331	0,258	0,000	0,000
7,000	-6,885	-6,883	-6,830	-6,775	-6,723	-6,699	-6,677	-6,667	-6,653	-6,646	-6,634	-6,611	-6,586	-6,535	-6,476	-0,016	0,047	0,079	0,109	0,102	0,089	0,090	0,076	0,075	0,075	0,085	0,093	0,105	0,106	0,087	0,000	0,000
8,000	-19,611	-19,832	-19,823	-19,919	-19,903	-19,952	-19,989	-20,016	-20,041	-20,098	-20,113	-20,131	-20,127	-20,086	-20,030	-0,216	-0,123	-0,141	-0,118	-0,122	-0,127	-0,124	-0,121	-0,110	-0,093	-0,055	-0,012	0,023	0,064	0,065	0,000	0,000
9,000	-9,420	-9,370	-9,311	-9,153	-9,022	-8,904	-8,847	-8,795	-8,736	-8,698	-8,642	-8,579	-8,494	-8,376	-8,231	0,035	0,115	0,181	0,313	0,329	0,309	0,297	0,277	0,260	0,256	0,266	0,283	0,298	0,301	0,223	0,000	0,000
10,000	-9,488	-9,487	-9,358	-9,212	-9,115	-9,077	-9,048	-9,034	-9,017	-9,011	-8,990	-8,958	-8,900	-8,806	-8,693	-0,022	0,192	0,194	0,221	0,190	0,163	0,142	0,131	0,117	0,130	0,141	0,171	0,199	0,212	0,172	0,000	0,000
11,000	-10,018	-9,903	-9,855	-9,714	-9,633	-9,578	-9,550	-9,524	-9,493	-9,477	-9,438	-9,396	-9,328	-9,220	-9,092	0,171	0,175	0,194	0,225	0,211	0,179	0,173	0,162	0,161	0,168	0,191	0,219	0,243	0,251	0,189	0,000	0,000
12,000	-14,254	-14,283	-14,207	-14,153	-14,096	-14,078	-14,067	-14,059	-14,041	-14,046	-14,017	-13,979	-13,924	-13,805	-13,662	0,044	0,109	0,108	0,119	0,106	0,088	0,095	0,093	0,097	0,114	0,147	0,184	0,229	0,259	0,208	0,000	0,000
13,000	-8,428	-8,450	-8,428	-8,445	-8,430	-8,416	-8,402	-8,382	-8,361	-8,325	-8,275	-8,200	-8,090	-7,916	-7,698	-0,005	0,016	0,014	0,040	0,065	0,089	0,108	0,137	0,166	0,208	0,260	0,317	0,376	0,400	0,318	0,000	0,000
14,000	-11,871	-11,770	-11,827	-11,756	-11,758	-11,719	-11,699	-11,687	-11,682	-11,675	-11,652	-11,608	-11,528	-11,380	-11,179	-0,003	-0,048	0,018	0,073	0,075	0,075	0,078	0,089	0,104	0,131	0,181	0,225	0,293	0,339	0,281	0,000	0,000
15,000	-9,064	-9,135	-9,102	-9,093	-9,064	-9,058	-9,045	-9,039	-9,022	-9,020	-8,996	-8,969	-8,919	-8,847	-8,761	-0,154	-0,031	-0,025	0,037	0,041	0,046	0,056	0,064	0,071	0,087	0,108	0,133	0,160	0,165	0,133	0,000	0,000
	run	11	2022:11:08    10:59:11,883
0,000	-12,961	-13,084	-13,124	-13,214	-13,233	-13,248	-13,253	-13,255	-13,257	-13,265	-13,256	-13,228	-13,184	-13,103	-12,997	-0,377	-0,275	-0,217	-0,129	-0,089	-0,060	-0,034	-0,020	0,005	0,035	0,069	0,111	0,153	0,178	0,144	0,000	0,000
1,000	-16,956	-17,089	-17,061	-16,972	-16,871	-16,789	-16,737	-16,701	-16,668	-16,637	-16,603	-16,565	-16,513	-16,436	-16,337	-0,518	-0,180	-0,060	0,137	0,189	0,191	0,190	0,169	0,167	0,167	0,172	0,184	0,187	0,201	0,156	0,000	0,000
2,000	-10,527	-10,199	-10,056	-9,779	-9,647	-9,541	-9,487	-9,444	-9,395	-9,353	-9,298	-9,242	-9,169	-9,068	-8,959	0,473	0,508	0,494	0,434	0,387	0,332	0,311	0,278	0,263	0,248	0,249	0,254	0,256	0,244	0,178	0,000	0,000
3,000	-9,922	-8,575	-8,127	-7,520	-7,303	-7,139	-7,060	-7,001	-6,953	-6,916	-6,886	-6,862	-6,838	-6,807	-6,767	5,308	3,269	2,452	1,407	1,041	0,766	0,614	0,493	0,388	0,301	0,229	0,181	0,146	0,116	0,080	0,000	0,000
4,000	-3,617	-3,477	-3,282	-3,192	-3,116	-3,097	-3,083	-3,061	-3,045	-3,036	-2,994	-2,949	-2,848	-2,685	-2,481	1,694	1,107	0,760	0,418	0,300	0,238	0,216	0,193	0,181	0,202	0,239	0,281	0,351	0,374	0,303	0,000	0,000
5,000	-7,325	-6,837	-6,903	-6,754	-6,713	-6,656	-6,625	-6,608	-6,567	-6,556	-6,511	-6,426	-6,314	-6,117	-5,864	2,075	0,980	0,742	0,428	0,324	0,249	0,244	0,229	0,234	0,253	0,306	0,363	0,428	0,462	0,368	0,000	0,000
6,000	-9,137	-9,147	-9,032	-8,901	-8,798	-8,741	-8,713	-8,681	-8,642	-8,621	-8,567	-8,504	-8,410	-8,260	-8,083	-0,118	0,100	0,162	0,223	0,224	0,199	0,202	0,194	0,208	0,214	0,253	0,296	0,330	0,347	0,274	0,000	0,000
7,000	-7,108	-7,095	-7,035	-6,957	-6,892	-6,863	-6,854	-6,840	-6,825	-6,823	-6,800	-6,778	-6,746	-6,691	-6,626	0,010	0,085	0,096	0,132	0,106	0,096	0,096	0,086	0,087	0,083	0,092	0,109	0,120	0,132	0,095	0,000	0,000
8,000	-20,062	-20,222	-20,211	-20,335	-20,323	-20,371	-20,411	-20,434	-20,460	-20,514	-20,536	-20,546	-20,549	-20,498	-20,439	-0,220	-0,148	-0,152	-0,130	-0,120	-0,128	-0,132	-0,123	-0,109	-0,094	-0,055	-0,008	0,021	0,067	0,070	0,000	0,000
9,000	-9,793	-9,735	-9,672	-9,472	-9,340	-9,222	-9,155	-9,097	-9,044	-9,004	-8,940	-8,880	-8,799	-8,664	-8,517	0,070	0,161	0,230	0,344	0,356	0,322	0,312	0,282	0,274	0,268	0,277	0,298	0,310	0,311	0,233	0,000	0,000
10,000	-9,730	-9,719	-9,553	-9,391	-9,283	-9,243	-9,220	-9,199	-9,178	-9,178	-9,159	-9,122	-9,060	-8,967	-8,849	0,004	0,231	0,235	0,254	0,210	0,178	0,155	0,140	0,126	0,127	0,149	0,170	0,206	0,220	0,177	0,000	0,000
11,000	-10,069	-9,951	-9,901	-9,748	-9,656	-9,602	-9,573	-9,553	-9,518	-9,500	-9,460	-9,409	-9,348	-9,235	-9,107	0,170	0,185	0,203	0,232	0,217	0,186	0,175	0,168	0,164	0,172	0,195	0,224	0,243	0,255	0,195	0,000	0,000
12,000	-14,434	-14,451	-14,375	-14,329	-14,269	-14,250	-14,241	-14,226	-14,215	-14,221	-14,182	-14,143	-14,092	-13,962	-13,815	0,038	0,118	0,114	0,114	0,107	0,095	0,093	0,096	0,099	0,111	0,149	0,196	0,239	0,265	0,218	0,000	0,000
13,000	-8,344	-8,422	-8,365	-8,407	-8,385	-8,371	-8,362	-8,342	-8,320	-8,292	-8,233	-8,159	-8,048	-7,877	-7,665	-0,025	0,005	0,012	0,033	0,062	0,089	0,110	0,134	0,158	0,203	0,257	0,315	0,371	0,400	0,316	0,000	0,000
14,000	-11,808	-11,652	-11,764	-11,672	-11,666	-11,636	-11,614	-11,610	-11,602	-11,589	-11,572	-11,530	-11,448	-11,304	-11,107	0,076	-0,046	0,034	0,068	0,071	0,073	0,079	0,085	0,095	0,131	0,178	0,229	0,290	0,333	0,277	0,000	0,000
15,000	-8,895	-8,956	-8,928	-8,914	-8,882	-8,880	-8,870	-8,859	-8,844	-8,843	-8,819	-8,794	-8,752	-8,677	-8,599	-0,156	-0,019	-0,022	0,027	0,034	0,045	0,055	0,062	0,070	0,081	0,102	0,119	0,147	0,156	0,130	0,000	0,000
	run	12	2022:11:08    10:59:11,931
0,000	-12,894	-13,012	-13,057	-13,150	-13,173	-13,186	-13,195	-13,202	-13,197	-13,209	-13,199	-13,167	-13,125	-13,042	-12,936	-0,371	-0,266	-0,224	-0,133	-0,098	-0,063	-0,031	-0,017	0,011	0,035	0,069	0,114	0,153	0,174	0,146	0,000	0,000
1,000	-17,128	-17,250	-17,223	-17,097	-16,991	-16,905	-16,852	-16,819	-16,778	-16,751	-16,720	-16,682	-16,633	-16,555	-16,458	-0,473	-0,164	-0,031	0,169	0,215	0,205	0,202	0,180	0,171	0,166	0,171	0,180	0,186	0,193	0,151	0,000	0,000
2,000	-10,527	-10,199	-10,056	-9,779	-9,647	-9,541	-9,487	-9,444	-9,395	-9,353	-9,298	-9,242	-9,169	-9,068	-8,959	0,473	0,508	0,494	0,434	0,387	0,332	0,311	0,278	0,263	0,248	0,249	0,254	0,256	0,244	0,178	0,000	0,000
3,000	-9,922	-8,575	-8,127	-7,520	-7,303	-7,139	-7,060	-7,001	-6,953	-6,916	-6,886	-6,862	-6,838	-6,807	-6,767	5,308	3,269	2,452	1,407	1,041	0,766	0,614	0,493	0,388	0,301	0,229	0,181	0,146	0,116	0,080	0,000	0,000
4,000	-3,617	-3,477	-3,282	-3,192	-3,116	-3,097	-3,083	-3,061	-3,045	-3,036	-2,994	-2,949	-2,848	-2,685	-2,481	1,694	1,107	0,760	0,418	0,300	0,238	0,216	0,193	0,181	0,202	0,239	0,281	0,351	0,374	0,303	0,000	0,000
5,000	-7,325	-6,837	-6,903	-6,754	-6,713	-6,656	-6,625	-6,608	-6,567	-6,556	-6,511	-6,426	-6,314	-6,117	-5,864	2,075	0,980	0,742	0,428	0,324	0,249	0,244	0,229	0,234	0,253	0,306	0,363	0,428	0,462	0,368	0,000	0,000
6,000	-9,137	-9,147	-9,032	-8,901	-8,798	-8,741	-8,713	-8,681	-8,642	-8,621	-8,567	-8,504	-8,410	-8,260	-8,083	-0,118	0,100	0,162	0,223	0,224	0,199	0,202	0,194	0,208	0,214	0,253	0,296	0,330	0,347	0,274	0,000	0,000
7,000	-7,108	-7,095	-7,035	-6,957	-6,892	-6,863	-6,854	-6,840	-6,825	-6,823	-6,800	-6,778	-6,746	-6,691	-6,626	0,010	0,085	0,096	0,132	0,106	0,096	0,096	0,086	0,087	0,083	0,092	0,109	0,120	0,132	0,095	0,000	0,000
8,000	-20,297	-20,483	-20,514	-20,643	-20,638	-20,690	-20,723	-20,755	-20,781	-20,841	-20,850	-20,874	-20,877	-20,823	-20,762	-0,265	-0,188	-0,203	-0,153	-0,140	-0,152	-0,139	-0,133	-0,117	-0,100	-0,059	-0,006	0,025	0,073	0,058	0,000	0,000
9,000	-9,852	-9,776	-9,710	-9,497	-9,358	-9,243	-9,177	-9,129	-9,067	-9,030	-8,970	-8,905	-8,812	-8,681	-8,525	0,089	0,183	0,253	0,356	0,362	0,329	0,313	0,289	0,276	0,269	0,286	0,307	0,320	0,320	0,244	0,000	0,000
10,000	-9,848	-9,819	-9,648	-9,471	-9,356	-9,320	-9,292	-9,273	-9,257	-9,247	-9,230	-9,195	-9,135	-9,034	-8,915	0,021	0,244	0,259	0,270	0,225	0,180	0,156	0,141	0,127	0,134	0,152	0,177	0,211	0,224	0,178	0,000	0,000
11,000	-10,196	-10,069	-10,004	-9,845	-9,755	-9,694	-9,668	-9,643	-9,611	-9,594	-9,557	-9,503	-9,435	-9,327	-9,192	0,185	0,207	0,216	0,244	0,229	0,187	0,185	0,169	0,166	0,176	0,203	0,230	0,248	0,260	0,198	0,000	0,000
12,000	-14,578	-14,604	-14,515	-14,480	-14,410	-14,390	-14,379	-14,366	-14,355	-14,358	-14,328	-14,283	-14,231	-14,102	-13,961	0,041	0,112	0,110	0,118	0,112	0,093	0,095	0,092	0,100	0,117	0,157	0,191	0,243	0,262	0,216	0,000	0,000
13,000	-8,325	-8,414	-8,370	-8,410	-8,386	-8,369	-8,358	-8,338	-8,314	-8,277	-8,228	-8,163	-8,052	-7,882	-7,667	-0,040	0,006	-0,001	0,028	0,059	0,086	0,109	0,132	0,159	0,201	0,256	0,313	0,369	0,391	0,310	0,000	0,000
14,000	-11,359	-11,197	-11,299	-11,230	-11,223	-11,198	-11,176	-11,171	-11,156	-11,150	-11,139	-11,098	-11,014	-10,884	-10,687	0,099	-0,037	0,016	0,062	0,066	0,070	0,080	0,081	0,097	0,127	0,170	0,215	0,285	0,317	0,262	0,000	0,000
15,000	-8,705	-8,778	-8,741	-8,737	-8,709	-8,703	-8,689	-8,681	-8,668	-8,664	-8,651	-8,617	-8,575	-8,501	-8,422	-0,167	-0,028	-0,025	0,030	0,034	0,045	0,049	0,059	0,066	0,085	0,101	0,120	0,147	0,157	0,123	0,000	0,000
	run	13	2022:11:08    10:59:12,030
0,000	-12,919	-13,050	-13,099	-13,187	-13,209	-13,226	-13,232	-13,237	-13,229	-13,241	-13,232	-13,210	-13,163	-13,074	-12,974	-0,383	-0,267	-0,225	-0,134	-0,103	-0,061	-0,035	-0,019	0,008	0,034	0,068	0,113	0,152	0,178	0,140	0,000	0,000
1,000	-17,370	-17,498	-17,475	-17,350	-17,236	-17,147	-17,096	-17,053	-17,021	-16,996	-16,957	-16,919	-16,874	-16,798	-16,697	-0,468	-0,164	-0,040	0,173	0,217	0,211	0,206	0,178	0,175	0,173	0,172	0,182	0,185	0,190	0,153	0,000	0,000
2,000	-10,841	-10,510	-10,352	-10,059	-9,920	-9,813	-9,751	-9,705	-9,652	-9,613	-9,553	-9,496	-9,419	-9,317	-9,200	0,477	0,526	0,524	0,456	0,411	0,348	0,323	0,289	0,276	0,260	0,267	0,265	0,267	0,258	0,192	0,000	0,000
3,000	-10,063	-8,690	-8,223	-7,601	-7,374	-7,213	-7,128	-7,066	-7,018	-6,978	-6,947	-6,927	-6,901	-6,871	-6,834	5,359	3,312	2,509	1,441	1,062	0,786	0,633	0,508	0,394	0,303	0,230	0,185	0,148	0,112	0,073	0,000	0,000
4,000	-3,613	-3,498	-3,298	-3,209	-3,128	-3,106	-3,096	-3,074	-3,059	-3,055	-3,016	-2,963	-2,861	-2,701	-2,491	1,686	1,109	0,762	0,423	0,308	0,249	0,214	0,195	0,184	0,206	0,231	0,290	0,349	0,375	0,308	0,000	0,000
5,000	-7,242	-6,774	-6,827	-6,682	-6,637	-6,584	-6,553	-6,538	-6,503	-6,481	-6,444	-6,364	-6,244	-6,054	-5,798	2,043	0,970	0,726	0,418	0,329	0,249	0,244	0,231	0,233	0,245	0,306	0,363	0,424	0,458	0,364	0,000	0,000
6,000	-9,208	-9,211	-9,114	-8,977	-8,873	-8,813	-8,788	-8,755	-8,714	-8,692	-8,644	-8,575	-8,486	-8,334	-8,148	-0,114	0,107	0,148	0,215	0,218	0,197	0,200	0,197	0,200	0,220	0,260	0,289	0,326	0,355	0,272	0,000	0,000
7,000	-7,167	-7,147	-7,082	-6,999	-6,937	-6,909	-6,887	-6,880	-6,863	-6,861	-6,849	-6,822	-6,789	-6,736	-6,681	0,005	0,092	0,117	0,138	0,128	0,102	0,098	0,087	0,081	0,085	0,091	0,103	0,113	0,119	0,088	0,000	0,000
8,000	-20,461	-20,645	-20,656	-20,795	-20,786	-20,840	-20,875	-20,902	-20,925	-20,989	-20,995	-21,014	-21,024	-20,969	-20,911	-0,269	-0,184	-0,205	-0,151	-0,134	-0,142	-0,135	-0,137	-0,115	-0,102	-0,051	-0,010	0,028	0,075	0,070	0,000	0,000
9,000	-9,846	-9,802	-9,728	-9,526	-9,387	-9,270	-9,205	-9,155	-9,092	-9,057	-8,995	-8,931	-8,838	-8,712	-8,555	0,076	0,161	0,241	0,352	0,362	0,323	0,317	0,288	0,274	0,273	0,289	0,303	0,322	0,321	0,243	0,000	0,000
10,000	-9,780	-9,742	-9,581	-9,392	-9,286	-9,246	-9,216	-9,201	-9,175	-9,176	-9,150	-9,117	-9,056	-8,956	-8,837	0,012	0,240	0,261	0,273	0,225	0,185	0,158	0,146	0,133	0,135	0,155	0,176	0,212	0,228	0,181	0,000	0,000
11,000	-10,193	-10,054	-9,996	-9,842	-9,757	-9,697	-9,663	-9,636	-9,607	-9,591	-9,544	-9,495	-9,426	-9,313	-9,178	0,193	0,215	0,222	0,247	0,230	0,191	0,183	0,172	0,171	0,178	0,201	0,230	0,250	0,263	0,202	0,000	0,000
12,000	-14,557	-14,578	-14,497	-14,460	-14,400	-14,381	-14,372	-14,363	-14,347	-14,357	-14,323	-14,284	-14,228	-14,106	-13,968	0,027	0,103	0,103	0,111	0,105	0,084	0,089	0,092	0,095	0,105	0,146	0,190	0,231	0,261	0,207	0,000	0,000
13,000	-8,311	-8,402	-8,353	-8,377	-8,356	-8,342	-8,329	-8,311	-8,285	-8,255	-8,203	-8,134	-8,022	-7,854	-7,641	-0,025	0,011	0,006	0,034	0,063	0,089	0,115	0,133	0,160	0,198	0,261	0,319	0,370	0,395	0,314	0,000	0,000
14,000	-11,301	-11,130	-11,213	-11,154	-11,138	-11,105	-11,087	-11,078	-11,068	-11,065	-11,047	-11,000	-10,928	-10,785	-10,594	0,071	-0,038	0,026	0,070	0,065	0,068	0,079	0,072	0,098	0,122	0,169	0,217	0,277	0,328	0,265	0,000	0,000
15,000	-8,770	-8,853	-8,810	-8,810	-8,777	-8,772	-8,764	-8,756	-8,739	-8,740	-8,724	-8,692	-8,648	-8,572	-8,490	-0,182	-0,023	-0,022	0,030	0,034	0,042	0,049	0,057	0,064	0,086	0,101	0,122	0,151	0,159	0,126	0,000	0,000
	run	14	2022:11:08    10:59:12,083
0,000	-12,919	-13,050	-13,099	-13,187	-13,209	-13,226	-13,232	-13,237	-13,229	-13,241	-13,232	-13,210	-13,163	-13,074	-12,974	-0,383	-0,267	-0,225	-0,134	-0,103	-0,061	-0,035	-0,019	0,008	0,034	0,068	0,113	0,152	0,178	0,140	0,000	0,000
1,000	-17,370	-17,498	-17,475	-17,350	-17,236	-17,147	-17,096	-17,053	-17,021	-16,996	-16,957	-16,919	-16,874	-16,798	-16,697	-0,468	-0,164	-0,040	0,173	0,217	0,211	0,206	0,178	0,175	0,173	0,172	0,182	0,185	0,190	0,153	0,000	0,000
2,000	-10,841	-10,510	-10,352	-10,059	-9,920	-9,813	-9,751	-9,705	-9,652	-9,613	-9,553	-9,496	-9,419	-9,317	-9,200	0,477	0,526	0,524	0,456	0,411	0,348	0,323	0,289	0,276	0,260	0,267	0,265	0,267	0,258	0,192	0,000	0,000
3,000	-10,063	-8,690	-8,223	-7,601	-7,374	-7,213	-7,128	-7,066	-7,018	-6,978	-6,947	-6,927	-6,901	-6,871	-6,834	5,359	3,312	2,509	1,441	1,062	0,786	0,633	0,508	0,394	0,303	0,230	0,185	0,148	0,112	0,073	0,000	0,000
4,000	-3,613	-3,498	-3,298	-3,209	-3,128	-3,106	-3,096	-3,074	-3,059	-3,055	-3,016	-2,963	-2,861	-2,701	-2,491	1,686	1,109	0,762	0,423	0,308	0,249	0,214	0,195	0,184	0,206	0,231	0,290	0,349	0,375	0,308	0,000	0,000
5,000	-7,242	-6,774	-6,827	-6,682	-6,637	-6,584	-6,553	-6,538	-6,503	-6,481	-6,444	-6,364	-6,244	-6,054	-5,798	2,043	0,970	0,726	0,418	0,329	0,249	0,244	0,231	0,233	0,245	0,306	0,363	0,424	0,458	0,364	0,000	0,000
6,000	-9,126	-9,145	-9,045	-8,901	-8,803	-8,746	-8,713	-8,684	-8,647	-8,619	-8,571	-8,506	-8,417	-8,263	-8,082	-0,129	0,101	0,151	0,224	0,216	0,197	0,200	0,194	0,204	0,211	0,255	0,291	0,322	0,343	0,270	0,000	0,000
7,000	-7,048	-7,029	-6,983	-6,902	-6,846	-6,820	-6,810	-6,794	-6,777	-6,775	-6,761	-6,735	-6,706	-6,654	-6,592	0,007	0,077	0,090	0,126	0,111	0,094	0,086	0,082	0,077	0,076	0,089	0,100	0,112	0,119	0,088	0,000	0,000
8,000	-20,224	-20,414	-20,413	-20,535	-20,529	-20,578	-20,611	-20,633	-20,661	-20,721	-20,733	-20,742	-20,748	-20,703	-20,644	-0,250	-0,162	-0,182	-0,136	-0,129	-0,134	-0,134	-0,124	-0,103	-0,095	-0,052	-0,006	0,024	0,075	0,071	0,000	0,000
9,000	-9,713	-9,669	-9,598	-9,405	-9,267	-9,154	-9,089	-9,038	-8,980	-8,930	-8,875	-8,817	-8,729	-8,598	-8,445	0,065	0,152	0,218	0,338	0,355	0,325	0,311	0,288	0,269	0,268	0,279	0,300	0,313	0,315	0,236	0,000	0,000
10,000	-9,712	-9,680	-9,534	-9,354	-9,239	-9,206	-9,175	-9,158	-9,139	-9,138	-9,114	-9,083	-9,023	-8,929	-8,807	0,020	0,230	0,245	0,257	0,211	0,179	0,150	0,142	0,123	0,136	0,152	0,175	0,206	0,222	0,182	0,000	0,000
11,000	-10,066	-9,939	-9,903	-9,743	-9,658	-9,597	-9,563	-9,549	-9,516	-9,498	-9,460	-9,409	-9,343	-9,229	-9,103	0,168	0,194	0,207	0,240	0,218	0,190	0,178	0,169	0,164	0,173	0,200	0,227	0,241	0,251	0,193	0,000	0,000
12,000	-14,465	-14,486	-14,414	-14,363	-14,303	-14,286	-14,279	-14,270	-14,252	-14,261	-14,224	-14,190	-14,138	-14,016	-13,870	0,045	0,107	0,101	0,118	0,102	0,088	0,090	0,088	0,097	0,110	0,147	0,189	0,235	0,258	0,207	0,000	0,000
13,000	-8,264	-8,350	-8,306	-8,336	-8,315	-8,306	-8,289	-8,271	-8,249	-8,217	-8,167	-8,091	-7,983	-7,807	-7,598	-0,028	0,007	0,011	0,030	0,062	0,091	0,113	0,134	0,160	0,197	0,258	0,311	0,368	0,395	0,313	0,000	0,000
14,000	-11,557	-11,392	-11,477	-11,411	-11,401	-11,370	-11,355	-11,346	-11,332	-11,331	-11,296	-11,266	-11,187	-11,038	-10,839	0,043	-0,042	0,022	0,065	0,078	0,068	0,087	0,082	0,100	0,117	0,180	0,225	0,293	0,338	0,279	0,000	0,000
15,000	-8,967	-9,062	-9,008	-9,008	-8,976	-8,966	-8,957	-8,947	-8,927	-8,930	-8,909	-8,878	-8,835	-8,764	-8,678	-0,172	-0,023	-0,032	0,032	0,037	0,044	0,054	0,066	0,071	0,089	0,104	0,127	0,149	0,159	0,130	0,000	0,000
	run	15	2022:11:08    10:59:12,191
0,000	-13,609	-13,738	-13,775	-13,879	-13,900	-13,925	-13,935	-13,937	-13,937	-13,940	-13,932	-13,903	-13,859	-13,767	-13,652	-0,398	-0,288	-0,233	-0,143	-0,110	-0,069	-0,037	-0,024	0,009	0,036	0,077	0,123	0,165	0,194	0,158	0,000	0,000
1,000	-17,854	-17,967	-17,909	-17,776	-17,654	-17,559	-17,509	-17,465	-17,420	-17,397	-17,357	-17,314	-17,265	-17,180	-17,075	-0,459	-0,141	0,003	0,204	0,241	0,229	0,225	0,196	0,189	0,183	0,190	0,200	0,203	0,214	0,168	0,000	0,000
2,000	-10,998	-10,648	-10,489	-10,194	-10,048	-9,940	-9,885	-9,834	-9,783	-9,742	-9,681	-9,625	-9,547	-9,431	-9,320	0,506	0,543	0,528	0,465	0,410	0,353	0,333	0,300	0,277	0,265	0,272	0,272	0,276	0,266	0,192	0,000	0,000
3,000	-10,111	-8,745	-8,282	-7,639	-7,401	-7,243	-7,159	-7,095	-7,046	-7,007	-6,975	-6,952	-6,929	-6,895	-6,863	5,375	3,332	2,512	1,453	1,075	0,787	0,637	0,509	0,398	0,307	0,234	0,185	0,150	0,120	0,078	0,000	0,000
4,000	-3,608	-3,495	-3,291	-3,195	-3,121	-3,100	-3,091	-3,066	-3,053	-3,046	-3,008	-2,957	-2,857	-2,692	-2,477	1,700	1,106	0,759	0,419	0,308	0,250	0,217	0,193	0,184	0,202	0,237	0,288	0,356	0,380	0,308	0,000	0,000
5,000	-7,227	-6,765	-6,825	-6,672	-6,634	-6,582	-6,545	-6,533	-6,491	-6,482	-6,430	-6,353	-6,245	-6,045	-5,795	2,053	0,972	0,734	0,417	0,322	0,254	0,237	0,231	0,233	0,249	0,299	0,364	0,422	0,452	0,358	0,000	0,000
6,000	-8,973	-8,966	-8,856	-8,723	-8,627	-8,568	-8,540	-8,511	-8,475	-8,447	-8,394	-8,338	-8,251	-8,101	-7,926	-0,116	0,095	0,144	0,224	0,219	0,196	0,203	0,189	0,194	0,207	0,243	0,286	0,309	0,335	0,257	0,000	0,000
7,000	-6,897	-6,885	-6,817	-6,767	-6,712	-6,682	-6,672	-6,657	-6,643	-6,643	-6,621	-6,600	-6,577	-6,519	-6,455	-0,011	0,063	0,083	0,117	0,104	0,089	0,082	0,080	0,076	0,078	0,085	0,100	0,114	0,121	0,089	0,000	0,000
8,000	-19,658	-19,830	-19,842	-19,943	-19,937	-19,988	-20,029	-20,057	-20,078	-20,130	-20,154	-20,163	-20,173	-20,130	-20,071	-0,240	-0,159	-0,166	-0,124	-0,108	-0,131	-0,129	-0,126	-0,115	-0,105	-0,052	-0,018	0,016	0,066	0,059	0,000	0,000
9,000	-9,506	-9,461	-9,400	-9,223	-9,089	-8,973	-8,913	-8,859	-8,801	-8,761	-8,705	-8,641	-8,562	-8,438	-8,293	0,050	0,129	0,214	0,327	0,348	0,314	0,303	0,275	0,267	0,256	0,274	0,287	0,301	0,301	0,224	0,000	0,000
10,000	-9,546	-9,538	-9,410	-9,262	-9,165	-9,131	-9,103	-9,084	-9,070	-9,073	-9,042	-9,010	-8,952	-8,861	-8,753	-0,014	0,187	0,194	0,223	0,185	0,162	0,140	0,129	0,116	0,127	0,141	0,163	0,198	0,211	0,166	0,000	0,000
11,000	-9,937	-9,823	-9,802	-9,655	-9,578	-9,517	-9,487	-9,468	-9,432	-9,422	-9,377	-9,332	-9,271	-9,167	-9,038	0,150	0,171	0,182	0,218	0,209	0,173	0,172	0,160	0,163	0,165	0,186	0,212	0,237	0,245	0,191	0,000	0,000
12,000	-14,122	-14,133	-14,058	-14,006	-13,950	-13,929	-13,922	-13,909	-13,895	-13,902	-13,870	-13,831	-13,781	-13,661	-13,524	0,044	0,110	0,108	0,118	0,110	0,087	0,091	0,092	0,094	0,111	0,145	0,175	0,223	0,253	0,203	0,000	0,000
13,000	-8,337	-8,379	-8,349	-8,378	-8,363	-8,350	-8,338	-8,318	-8,294	-8,258	-8,209	-8,134	-8,025	-7,854	-7,639	-0,008	0,010	0,005	0,031	0,057	0,085	0,106	0,136	0,163	0,205	0,252	0,315	0,369	0,397	0,309	0,000	0,000
14,000	-11,880	-11,793	-11,818	-11,771	-11,756	-11,730	-11,707	-11,698	-11,686	-11,690	-11,659	-11,619	-11,532	-11,384	-11,176	-0,014	-0,044	0,014	0,059	0,072	0,071	0,084	0,083	0,099	0,129	0,170	0,224	0,302	0,347	0,283	0,000	0,000
15,000	-9,192	-9,274	-9,224	-9,221	-9,191	-9,178	-9,170	-9,164	-9,146	-9,143	-9,115	-9,091	-9,041	-8,966	-8,879	-0,175	-0,025	-0,026	0,036	0,044	0,052	0,060	0,070	0,075	0,095	0,114	0,131	0,159	0,168	0,136	0,000	0,000
	run	16	2022:11:08    10:59:12,282
0,000	-13,785	-13,929	-13,981	-14,087	-14,104	-14,130	-14,140	-14,147	-14,152	-14,158	-14,145	-14,118	-14,073	-13,979	-13,861	-0,402	-0,291	-0,237	-0,154	-0,112	-0,074	-0,042	-0,027	0,001	0,029	0,075	0,126	0,164	0,194	0,153	0,000	0,000
1,000	-18,255	-18,366	-18,329	-18,169	-18,033	-17,938	-17,885	-17,843	-17,795	-17,775	-17,730	-17,691	-17,648	-17,557	-17,458	-0,434	-0,117	0,026	0,220	0,258	0,238	0,232	0,205	0,200	0,186	0,187	0,199	0,201	0,207	0,151	0,000	0,000
2,000	-11,174	-10,829	-10,659	-10,352	-10,206	-10,097	-10,040	-9,986	-9,931	-9,888	-9,830	-9,767	-9,684	-9,570	-9,443	0,510	0,550	0,540	0,482	0,428	0,363	0,342	0,310	0,292	0,270	0,283	0,285	0,285	0,278	0,205	0,000	0,000
3,000	-10,216	-8,832	-8,345	-7,687	-7,449	-7,287	-7,200	-7,137	-7,083	-7,050	-7,018	-6,995	-6,969	-6,939	-6,905	5,422	3,370	2,548	1,481	1,091	0,803	0,644	0,513	0,397	0,306	0,236	0,189	0,149	0,118	0,075	0,000	0,000
4,000	-3,634	-3,503	-3,294	-3,205	-3,130	-3,104	-3,094	-3,074	-3,059	-3,041	-3,003	-2,952	-2,855	-2,682	-2,472	1,688	1,120	0,760	0,418	0,314	0,246	0,217	0,201	0,189	0,211	0,239	0,295	0,357	0,387	0,314	0,000	0,000
5,000	-7,167	-6,698	-6,754	-6,610	-6,575	-6,518	-6,483	-6,471	-6,433	-6,414	-6,371	-6,296	-6,188	-5,992	-5,745	2,015	0,951	0,726	0,413	0,314	0,244	0,236	0,229	0,230	0,246	0,292	0,357	0,417	0,449	0,355	0,000	0,000
6,000	-8,909	-8,902	-8,807	-8,677	-8,571	-8,517	-8,487	-8,456	-8,422	-8,397	-8,342	-8,288	-8,209	-8,065	-7,898	-0,142	0,096	0,141	0,221	0,218	0,198	0,195	0,189	0,193	0,208	0,244	0,276	0,304	0,330	0,253	0,000	0,000
7,000	-6,655	-6,655	-6,634	-6,591	-6,535	-6,514	-6,503	-6,491	-6,480	-6,478	-6,461	-6,441	-6,418	-6,375	-6,324	-0,037	0,027	0,060	0,093	0,082	0,065	0,066	0,065	0,069	0,060	0,070	0,084	0,094	0,100	0,075	0,000	0,000
8,000	-19,270	-19,432	-19,423	-19,499	-19,480	-19,521	-19,557	-19,581	-19,600	-19,660	-19,674	-19,690	-19,687	-19,648	-19,592	-0,198	-0,118	-0,117	-0,097	-0,087	-0,116	-0,115	-0,112	-0,102	-0,086	-0,052	-0,010	0,020	0,069	0,062	0,000	0,000
9,000	-9,334	-9,302	-9,261	-9,128	-9,018	-8,908	-8,846	-8,801	-8,750	-8,708	-8,655	-8,596	-8,515	-8,398	-8,256	0,013	0,087	0,153	0,273	0,299	0,287	0,278	0,265	0,253	0,244	0,262	0,273	0,291	0,284	0,214	0,000	0,000
10,000	-9,244	-9,245	-9,126	-8,993	-8,901	-8,864	-8,845	-8,828	-8,808	-8,808	-8,784	-8,755	-8,703	-8,614	-8,506	-0,030	0,175	0,172	0,207	0,178	0,153	0,134	0,126	0,112	0,122	0,134	0,160	0,188	0,203	0,163	0,000	0,000
11,000	-9,834	-9,718	-9,690	-9,562	-9,483	-9,429	-9,397	-9,378	-9,342	-9,329	-9,294	-9,246	-9,179	-9,075	-8,954	0,149	0,162	0,171	0,210	0,199	0,161	0,163	0,154	0,160	0,165	0,187	0,211	0,234	0,241	0,185	0,000	0,000
12,000	-14,093	-14,114	-14,039	-13,998	-13,936	-13,916	-13,915	-13,896	-13,879	-13,891	-13,853	-13,823	-13,766	-13,647	-13,505	0,044	0,107	0,110	0,111	0,101	0,091	0,082	0,091	0,093	0,105	0,148	0,183	0,230	0,258	0,203	0,000	0,000
13,000	-8,400	-8,416	-8,402	-8,423	-8,398	-8,382	-8,374	-8,360	-8,336	-8,302	-8,248	-8,184	-8,066	-7,895	-7,676	0,011	0,011	0,008	0,037	0,059	0,082	0,109	0,130	0,161	0,206	0,259	0,320	0,377	0,397	0,319	0,000	0,000
14,000	-12,181	-12,082	-12,118	-12,059	-12,036	-12,007	-12,000	-11,983	-11,969	-11,958	-11,943	-11,893	-11,815	-11,658	-11,444	-0,032	-0,024	0,028	0,072	0,079	0,080	0,091	0,092	0,107	0,142	0,171	0,238	0,311	0,354	0,290	0,000	0,000
15,000	-9,356	-9,417	-9,392	-9,378	-9,344	-9,340	-9,325	-9,324	-9,304	-9,303	-9,277	-9,245	-9,199	-9,118	-9,027	-0,138	-0,025	-0,022	0,038	0,037	0,050	0,059	0,067	0,073	0,094	0,110	0,131	0,165	0,174	0,139	0,000	0,000
	run	17	2022:11:08    10:59:12,330
0,000	-13,843	-13,995	-14,032	-14,147	-14,175	-14,201	-14,204	-14,207	-14,213	-14,225	-14,214	-14,182	-14,135	-14,036	-13,917	-0,404	-0,291	-0,242	-0,160	-0,115	-0,076	-0,046	-0,029	0,001	0,032	0,076	0,128	0,171	0,201	0,165	0,000	0,000
1,000	-18,533	-18,621	-18,579	-18,415	-18,280	-18,172	-18,115	-18,076	-18,029	-18,003	-17,962	-17,918	-17,866	-17,781	-17,670	-0,410	-0,109	0,045	0,244	0,273	0,255	0,241	0,217	0,208	0,195	0,197	0,203	0,215	0,219	0,166	0,000	0,000
2,000	-11,174	-10,829	-10,659	-10,352	-10,206	-10,097	-10,040	-9,986	-9,931	-9,888	-9,830	-9,767	-9,684	-9,570	-9,443	0,510	0,550	0,540	0,482	0,428	0,363	0,342	0,310	0,292	0,270	0,283	0,285	0,285	0,278	0,205	0,000	0,000
3,000	-10,216	-8,832	-8,345	-7,687	-7,449	-7,287	-7,200	-7,137	-7,083	-7,050	-7,018	-6,995	-6,969	-6,939	-6,905	5,422	3,370	2,548	1,481	1,091	0,803	0,644	0,513	0,397	0,306	0,236	0,189	0,149	0,118	0,075	0,000	0,000
4,000	-3,634	-3,503	-3,294	-3,205	-3,130	-3,104	-3,094	-3,074	-3,059	-3,041	-3,003	-2,952	-2,855	-2,682	-2,472	1,688	1,120	0,760	0,418	0,314	0,246	0,217	0,201	0,189	0,211	0,239	0,295	0,357	0,387	0,314	0,000	0,000
5,000	-7,167	-6,698	-6,754	-6,610	-6,575	-6,518	-6,483	-6,471	-6,433	-6,414	-6,371	-6,296	-6,188	-5,992	-5,745	2,015	0,951	0,726	0,413	0,314	0,244	0,236	0,229	0,230	0,246	0,292	0,357	0,417	0,449	0,355	0,000	0,000
6,000	-8,909	-8,902	-8,807	-8,677	-8,571	-8,517	-8,487	-8,456	-8,422	-8,397	-8,342	-8,288	-8,209	-8,065	-7,898	-0,142	0,096	0,141	0,221	0,218	0,198	0,195	0,189	0,193	0,208	0,244	0,276	0,304	0,330	0,253	0,000	0,000
7,000	-6,655	-6,655	-6,634	-6,591	-6,535	-6,514	-6,503	-6,491	-6,480	-6,478	-6,461	-6,441	-6,418	-6,375	-6,324	-0,037	0,027	0,060	0,093	0,082	0,065	0,066	0,065	0,069	0,060	0,070	0,084	0,094	0,100	0,075	0,000	0,000
8,000	-18,924	-19,103	-19,089	-19,151	-19,126	-19,170	-19,202	-19,229	-19,253	-19,308	-19,320	-19,339	-19,340	-19,291	-19,238	-0,194	-0,120	-0,116	-0,078	-0,080	-0,106	-0,109	-0,108	-0,099	-0,093	-0,046	-0,005	0,023	0,065	0,063	0,000	0,000
9,000	-8,977	-8,955	-8,931	-8,826	-8,717	-8,619	-8,562	-8,514	-8,466	-8,426	-8,374	-8,318	-8,239	-8,127	-7,994	0,027	0,076	0,122	0,234	0,266	0,260	0,259	0,241	0,231	0,230	0,249	0,266	0,274	0,275	0,207	0,000	0,000
10,000	-9,113	-9,125	-9,004	-8,883	-8,798	-8,759	-8,739	-8,720	-8,697	-8,698	-8,679	-8,650	-8,599	-8,506	-8,396	-0,037	0,159	0,165	0,195	0,168	0,144	0,128	0,119	0,111	0,125	0,139	0,156	0,188	0,205	0,163	0,000	0,000
11,000	-9,838	-9,724	-9,696	-9,559	-9,487	-9,434	-9,403	-9,383	-9,354	-9,335	-9,300	-9,256	-9,191	-9,090	-8,968	0,144	0,157	0,169	0,193	0,196	0,163	0,164	0,152	0,157	0,158	0,181	0,209	0,228	0,238	0,181	0,000	0,000
12,000	-14,278	-14,300	-14,219	-14,174	-14,119	-14,089	-14,092	-14,079	-14,058	-14,066	-14,041	-14,000	-13,940	-13,812	-13,672	0,042	0,113	0,117	0,124	0,106	0,090	0,091	0,094	0,099	0,107	0,149	0,188	0,235	0,265	0,207	0,000	0,000
13,000	-8,380	-8,411	-8,391	-8,415	-8,392	-8,378	-8,371	-8,353	-8,330	-8,297	-8,243	-8,170	-8,066	-7,897	-7,686	-0,008	0,002	0,011	0,036	0,063	0,089	0,108	0,130	0,163	0,202	0,256	0,313	0,366	0,389	0,312	0,000	0,000
14,000	-11,887	-11,785	-11,849	-11,774	-11,766	-11,743	-11,719	-11,710	-11,700	-11,689	-11,664	-11,629	-11,543	-11,389	-11,177	0,003	-0,027	0,017	0,067	0,074	0,072	0,085	0,090	0,103	0,135	0,192	0,247	0,305	0,355	0,292	0,000	0,000
15,000	-9,273	-9,317	-9,287	-9,278	-9,241	-9,232	-9,225	-9,211	-9,193	-9,189	-9,170	-9,139	-9,090	-9,010	-8,920	-0,158	-0,020	-0,023	0,040	0,041	0,055	0,058	0,067	0,078	0,088	0,110	0,137	0,160	0,176	0,139	0,000	0,000
	run	18	2022:11:08    10:59:12,430
0,000	-13,577	-13,722	-13,764	-13,873	-13,903	-13,924	-13,928	-13,939	-13,937	-13,943	-13,937	-13,899	-13,856	-13,753	-13,641	-0,417	-0,295	-0,245	-0,152	-0,111	-0,074	-0,042	-0,020	-0,000	0,037	0,078	0,126	0,175	0,201	0,158	0,000	0,000
1,000	-18,362	-18,475	-18,416	-18,249	-18,108	-18,010	-17,962	-17,910	-17,872	-17,845	-17,806	-17,762	-17,711	-17,621	-17,515	-0,437	-0,110	0,040	0,236	0,269	0,244	0,235	0,208	0,202	0,190	0,199	0,205	0,210	0,218	0,164	0,000	0,000
2,000	-11,529	-11,151	-10,965	-10,637	-10,484	-10,371	-10,306	-10,257	-10,202	-10,164	-10,096	-10,026	-9,951	-9,826	-9,701	0,557	0,588	0,586	0,508	0,449	0,376	0,349	0,312	0,298	0,287	0,291	0,295	0,297	0,286	0,208	0,000	0,000
3,000	-10,616	-9,136	-8,604	-7,895	-7,632	-7,469	-7,384	-7,322	-7,273	-7,229	-7,206	-7,180	-7,156	-7,125	-7,092	5,542	3,521	2,686	1,544	1,139	0,836	0,667	0,525	0,409	0,314	0,241	0,187	0,152	0,118	0,075	0,000	0,000
4,000	-3,753	-3,617	-3,404	-3,310	-3,228	-3,213	-3,194	-3,170	-3,153	-3,141	-3,106	-3,047	-2,936	-2,761	-2,541	1,719	1,138	0,787	0,437	0,327	0,260	0,227	0,206	0,194	0,221	0,259	0,312	0,379	0,407	0,330	0,000	0,000
5,000	-7,417	-6,918	-6,976	-6,829	-6,785	-6,731	-6,693	-6,679	-6,641	-6,628	-6,581	-6,501	-6,388	-6,178	-5,928	2,061	0,984	0,740	0,431	0,330	0,255	0,245	0,235	0,235	0,249	0,303	0,364	0,428	0,462	0,376	0,000	0,000
6,000	-8,962	-8,981	-8,863	-8,735	-8,623	-8,574	-8,543	-8,512	-8,472	-8,456	-8,399	-8,337	-8,253	-8,115	-7,939	-0,117	0,104	0,148	0,232	0,220	0,194	0,195	0,189	0,199	0,215	0,245	0,282	0,314	0,329	0,258	0,000	0,000
7,000	-6,794	-6,807	-6,760	-6,714	-6,666	-6,637	-6,623	-6,615	-6,591	-6,595	-6,579	-6,562	-6,537	-6,488	-6,433	-0,016	0,047	0,073	0,094	0,093	0,077	0,074	0,073	0,069	0,065	0,081	0,091	0,099	0,106	0,080	0,000	0,000
8,000	-19,154	-19,329	-19,321	-19,402	-19,378	-19,431	-19,464	-19,489	-19,508	-19,572	-19,582	-19,597	-19,601	-19,560	-19,508	-0,243	-0,128	-0,124	-0,101	-0,096	-0,121	-0,124	-0,119	-0,108	-0,095	-0,055	-0,009	0,022	0,057	0,060	0,000	0,000
9,000	-9,231	-9,213	-9,163	-9,027	-8,906	-8,797	-8,740	-8,690	-8,633	-8,592	-8,541	-8,482	-8,402	-8,283	-8,139	0,047	0,097	0,159	0,277	0,308	0,283	0,282	0,261	0,251	0,242	0,259	0,275	0,290	0,286	0,215	0,000	0,000
10,000	-9,322	-9,325	-9,193	-9,068	-8,974	-8,939	-8,916	-8,899	-8,880	-8,881	-8,856	-8,829	-8,774	-8,677	-8,575	-0,031	0,179	0,175	0,201	0,169	0,153	0,134	0,124	0,110	0,119	0,138	0,157	0,191	0,205	0,163	0,000	0,000
11,000	-9,941	-9,827	-9,792	-9,664	-9,578	-9,526	-9,495	-9,474	-9,446	-9,429	-9,389	-9,347	-9,281	-9,175	-9,053	0,147	0,164	0,176	0,213	0,201	0,171	0,167	0,156	0,159	0,163	0,185	0,214	0,234	0,243	0,186	0,000	0,000
12,000	-14,045	-14,062	-13,988	-13,937	-13,874	-13,858	-13,848	-13,835	-13,824	-13,830	-13,800	-13,756	-13,708	-13,591	-13,451	0,040	0,118	0,115	0,116	0,107	0,092	0,091	0,091	0,094	0,106	0,140	0,180	0,227	0,254	0,205	0,000	0,000
13,000	-8,139	-8,241	-8,186	-8,213	-8,195	-8,186	-8,178	-8,160	-8,139	-8,100	-8,051	-7,981	-7,876	-7,714	-7,502	-0,043	-0,003	0,006	0,028	0,050	0,087	0,105	0,127	0,158	0,198	0,253	0,307	0,360	0,378	0,306	0,000	0,000
14,000	-11,440	-11,277	-11,383	-11,305	-11,314	-11,271	-11,251	-11,247	-11,240	-11,226	-11,199	-11,169	-11,087	-10,942	-10,742	0,057	-0,039	0,013	0,069	0,071	0,067	0,077	0,081	0,098	0,126	0,163	0,224	0,289	0,341	0,272	0,000	0,000
15,000	-9,034	-9,107	-9,074	-9,065	-9,026	-9,018	-9,012	-9,004	-8,982	-8,978	-8,958	-8,931	-8,880	-8,797	-8,710	-0,165	-0,024	-0,028	0,038	0,041	0,047	0,056	0,069	0,073	0,093	0,111	0,134	0,164	0,170	0,140	0,000	0,000
	run	19	2022:11:08    10:59:12,483
0,000	-13,577	-13,722	-13,764	-13,873	-13,903	-13,924	-13,928	-13,939	-13,937	-13,943	-13,937	-13,899	-13,856	-13,753	-13,641	-0,417	-0,295	-0,245	-0,152	-0,111	-0,074	-0,042	-0,020	-0,000	0,037	0,078	0,126	0,175	0,201	0,158	0,000	0,000
1,000	-18,362	-18,475	-18,416	-18,249	-18,108	-18,010	-17,962	-17,910	-17,872	-17,845	-17,806	-17,762	-17,711	-17,621	-17,515	-0,437	-0,110	0,040	0,236	0,269	0,244	0,235	0,208	0,202	0,190	0,199	0,205	0,210	0,218	0,164	0,000	0,000
2,000	-11,529	-11,151	-10,965	-10,637	-10,484	-10,371	-10,306	-10,257	-10,202	-10,164	-10,096	-10,026	-9,951	-9,826	-9,701	0,557	0,588	0,586	0,508	0,449	0,376	0,349	0,312	0,298	0,287	0,291	0,295	0,297	0,286	0,208	0,000	0,000
3,000	-10,616	-9,136	-8,604	-7,895	-7,632	-7,469	-7,384	-7,322	-7,273	-7,229	-7,206	-7,180	-7,156	-7,125	-7,092	5,542	3,521	2,686	1,544	1,139	0,836	0,667	0,525	0,409	0,314	0,241	0,187	0,152	0,118	0,075	0,000	0,000
4,000	-3,753	-3,617	-3,404	-3,310	-3,228	-3,213	-3,194	-3,170	-3,153	-3,141	-3,106	-3,047	-2,936	-2,761	-2,541	1,719	1,138	0,787	0,437	0,327	0,260	0,227	0,206	0,194	0,221	0,259	0,312	0,379	0,407	0,330	0,000	0,000
5,000	-7,417	-6,918	-6,976	-6,829	-6,785	-6,731	-6,693	-6,679	-6,641	-6,628	-6,581	-6,501	-6,388	-6,178	-5,928	2,061	0,984	0,740	0,431	0,330	0,255	0,245	0,235	0,235	0,249	0,303	0,364	0,428	0,462	0,376	0,000	0,000
6,000	-9,081	-9,083	-8,971	-8,834	-8,730	-8,674	-8,646	-8,614	-8,571	-8,560	-8,494	-8,437	-8,358	-8,198	-8,034	-0,119	0,104	0,164	0,226	0,220	0,205	0,198	0,202	0,200	0,216	0,255	0,282	0,317	0,346	0,260	0,000	0,000
7,000	-6,861	-6,846	-6,819	-6,767	-6,708	-6,678	-6,661	-6,657	-6,634	-6,636	-6,620	-6,593	-6,566	-6,516	-6,457	-0,010	0,044	0,072	0,113	0,100	0,084	0,083	0,078	0,074	0,070	0,082	0,100	0,108	0,116	0,085	0,000	0,000
8,000	-19,840	-20,031	-20,033	-20,143	-20,125	-20,169	-20,208	-20,228	-20,256	-20,312	-20,335	-20,347	-20,348	-20,299	-20,241	-0,238	-0,135	-0,152	-0,123	-0,117	-0,133	-0,123	-0,121	-0,112	-0,089	-0,053	-0,008	0,025	0,073	0,064	0,000	0,000
9,000	-9,626	-9,588	-9,521	-9,340	-9,211	-9,092	-9,031	-8,981	-8,921	-8,880	-8,819	-8,762	-8,679	-8,556	-8,409	0,032	0,140	0,208	0,326	0,340	0,316	0,307	0,287	0,271	0,261	0,272	0,288	0,304	0,299	0,229	0,000	0,000
10,000	-9,597	-9,596	-9,473	-9,309	-9,212	-9,172	-9,148	-9,132	-9,112	-9,111	-9,090	-9,059	-8,996	-8,909	-8,795	-0,012	0,195	0,209	0,231	0,193	0,167	0,145	0,128	0,115	0,122	0,143	0,163	0,197	0,211	0,169	0,000	0,000
11,000	-9,927	-9,817	-9,768	-9,630	-9,543	-9,486	-9,460	-9,439	-9,403	-9,387	-9,355	-9,304	-9,242	-9,136	-9,014	0,154	0,175	0,190	0,227	0,211	0,175	0,172	0,158	0,160	0,165	0,185	0,214	0,231	0,244	0,190	0,000	0,000
12,000	-13,916	-13,927	-13,850	-13,807	-13,748	-13,724	-13,721	-13,712	-13,696	-13,707	-13,681	-13,638	-13,582	-13,464	-13,332	0,040	0,108	0,107	0,118	0,102	0,087	0,085	0,084	0,098	0,101	0,137	0,180	0,220	0,246	0,202	0,000	0,000
13,000	-8,078	-8,163	-8,117	-8,154	-8,133	-8,121	-8,112	-8,092	-8,074	-8,041	-7,991	-7,917	-7,811	-7,649	-7,444	-0,035	-0,000	0,001	0,022	0,052	0,082	0,103	0,131	0,153	0,194	0,245	0,304	0,352	0,379	0,304	0,000	0,000
14,000	-11,442	-11,288	-11,379	-11,306	-11,303	-11,264	-11,249	-11,248	-11,237	-11,221	-11,203	-11,167	-11,082	-10,947	-10,752	0,053	-0,040	0,009	0,057	0,069	0,068	0,079	0,081	0,100	0,124	0,175	0,213	0,291	0,334	0,278	0,000	0,000
15,000	-8,960	-9,040	-8,996	-8,993	-8,959	-8,950	-8,945	-8,934	-8,914	-8,914	-8,891	-8,862	-8,814	-8,741	-8,652	-0,174	-0,033	-0,020	0,037	0,038	0,044	0,059	0,065	0,071	0,089	0,110	0,128	0,157	0,166	0,132	0,000	0,000
	run	20	2022:11:08    10:59:12,584
0,000	-13,158	-13,280	-13,316	-13,420	-13,441	-13,452	-13,455	-13,464	-13,467	-13,475	-13,466	-13,434	-13,397	-13,307	-13,201	-0,386	-0,277	-0,228	-0,129	-0,099	-0,060	-0,038	-0,017	0,006	0,033	0,065	0,115	0,154	0,182	0,152	0,000	0,000
1,000	-17,187	-17,311	-17,282	-17,173	-17,063	-16,977	-16,929	-16,887	-16,850	-16,827	-16,790	-16,754	-16,700	-16,623	-16,523	-0,499	-0,173	-0,038	0,159	0,205	0,206	0,197	0,182	0,174	0,167	0,177	0,182	0,190	0,195	0,154	0,000	0,000
2,000	-10,627	-10,294	-10,148	-9,881	-9,751	-9,642	-9,588	-9,546	-9,491	-9,456	-9,398	-9,342	-9,266	-9,163	-9,054	0,459	0,505	0,483	0,439	0,395	0,333	0,308	0,281	0,267	0,249	0,249	0,261	0,263	0,252	0,180	0,000	0,000
3,000	-9,913	-8,563	-8,103	-7,504	-7,287	-7,128	-7,050	-6,988	-6,940	-6,902	-6,871	-6,847	-6,827	-6,796	-6,760	5,303	3,282	2,462	1,405	1,034	0,770	0,613	0,493	0,383	0,294	0,229	0,178	0,146	0,114	0,080	0,000	0,000
4,000	-3,727	-3,593	-3,388	-3,290	-3,205	-3,193	-3,174	-3,148	-3,132	-3,118	-3,076	-3,028	-2,928	-2,753	-2,535	1,692	1,123	0,770	0,430	0,316	0,259	0,225	0,205	0,194	0,209	0,242	0,302	0,368	0,398	0,320	0,000	0,000
5,000	-7,393	-6,911	-6,958	-6,799	-6,755	-6,702	-6,669	-6,658	-6,616	-6,610	-6,554	-6,484	-6,362	-6,154	-5,901	2,054	0,988	0,746	0,432	0,333	0,249	0,248	0,238	0,238	0,257	0,308	0,372	0,433	0,469	0,370	0,000	0,000
6,000	-9,171	-9,181	-9,071	-8,946	-8,834	-8,787	-8,752	-8,718	-8,684	-8,656	-8,601	-8,542	-8,451	-8,299	-8,121	-0,125	0,094	0,154	0,224	0,223	0,202	0,201	0,195	0,205	0,221	0,257	0,294	0,321	0,350	0,271	0,000	0,000
7,000	-7,070	-7,070	-6,999	-6,931	-6,874	-6,844	-6,830	-6,820	-6,802	-6,797	-6,779	-6,758	-6,727	-6,674	-6,610	-0,017	0,071	0,082	0,130	0,106	0,094	0,087	0,083	0,078	0,079	0,087	0,106	0,113	0,121	0,090	0,000	0,000
8,000	-20,141	-20,356	-20,340	-20,473	-20,449	-20,508	-20,554	-20,571	-20,600	-20,657	-20,671	-20,688	-20,687	-20,637	-20,584	-0,253	-0,172	-0,164	-0,139	-0,129	-0,146	-0,137	-0,137	-0,111	-0,094	-0,059	-0,014	0,019	0,067	0,062	0,000	0,000
9,000	-9,741	-9,683	-9,621	-9,424	-9,284	-9,161	-9,102	-9,054	-8,999	-8,953	-8,899	-8,834	-8,747	-8,621	-8,471	0,078	0,158	0,229	0,340	0,354	0,321	0,309	0,288	0,271	0,264	0,275	0,299	0,309	0,311	0,232	0,000	0,000
10,000	-9,590	-9,569	-9,429	-9,275	-9,169	-9,131	-9,105	-9,089	-9,069	-9,066	-9,044	-9,012	-8,952	-8,859	-8,746	-0,007	0,207	0,210	0,238	0,200	0,170	0,151	0,130	0,123	0,130	0,148	0,163	0,203	0,216	0,174	0,000	0,000
11,000	-9,904	-9,780	-9,748	-9,597	-9,517	-9,459	-9,425	-9,402	-9,367	-9,353	-9,319	-9,270	-9,204	-9,098	-8,969	0,152	0,177	0,190	0,225	0,216	0,178	0,171	0,164	0,163	0,168	0,193	0,218	0,236	0,246	0,189	0,000	0,000
12,000	-14,143	-14,165	-14,087	-14,047	-13,980	-13,959	-13,953	-13,941	-13,927	-13,931	-13,905	-13,866	-13,810	-13,693	-13,548	0,044	0,111	0,109	0,112	0,103	0,086	0,083	0,085	0,093	0,106	0,143	0,184	0,227	0,258	0,206	0,000	0,000
13,000	-8,212	-8,280	-8,227	-8,265	-8,247	-8,238	-8,231	-8,212	-8,185	-8,160	-8,099	-8,025	-7,922	-7,754	-7,543	-0,034	0,010	0,004	0,030	0,055	0,089	0,109	0,134	0,159	0,201	0,259	0,306	0,366	0,383	0,310	0,000	0,000
14,000	-11,638	-11,487	-11,563	-11,495	-11,494	-11,459	-11,441	-11,437	-11,422	-11,410	-11,404	-11,355	-11,276	-11,128	-10,943	0,051	-0,042	0,015	0,061	0,073	0,068	0,086	0,080	0,105	0,117	0,169	0,217	0,290	0,334	0,278	0,000	0,000
15,000	-8,904	-9,001	-8,945	-8,943	-8,913	-8,905	-8,898	-8,890	-8,869	-8,865	-8,849	-8,821	-8,774	-8,703	-8,622	-0,175	-0,025	-0,028	0,031	0,034	0,045	0,052	0,060	0,071	0,084	0,107	0,125	0,150	0,158	0,128	0,000	0,000
	run	21	2022:11:08    10:59:12,684
0,000	-13,096	-13,236	-13,269	-13,367	-13,389	-13,406	-13,409	-13,420	-13,415	-13,426	-13,414	-13,384	-13,345	-13,257	-13,147	-0,398	-0,277	-0,230	-0,133	-0,095	-0,059	-0,034	-0,020	0,010	0,037	0,070	0,113	0,159	0,178	0,147	0,000	0,000
1,000	-17,201	-17,329	-17,307	-17,178	-17,068	-16,981	-16,937	-16,893	-16,860	-16,834	-16,794	-16,757	-16,709	-16,637	-16,539	-0,476	-0,160	-0,031	0,171	0,221	0,208	0,204	0,183	0,171	0,164	0,175	0,183	0,187	0,196	0,149	0,000	0,000
2,000	-10,595	-10,250	-10,111	-9,849	-9,708	-9,613	-9,561	-9,518	-9,466	-9,428	-9,366	-9,306	-9,242	-9,141	-9,034	0,470	0,505	0,480	0,429	0,387	0,332	0,306	0,280	0,261	0,247	0,249	0,254	0,251	0,243	0,175	0,000	0,000
3,000	-9,738	-8,410	-7,973	-7,400	-7,179	-7,026	-6,945	-6,892	-6,839	-6,806	-6,771	-6,746	-6,723	-6,692	-6,660	5,259	3,225	2,414	1,372	1,018	0,746	0,605	0,486	0,383	0,294	0,229	0,177	0,146	0,121	0,077	0,000	0,000
4,000	-3,513	-3,407	-3,205	-3,124	-3,042	-3,022	-3,014	-2,991	-2,975	-2,965	-2,929	-2,883	-2,787	-2,628	-2,429	1,685	1,096	0,747	0,415	0,302	0,239	0,207	0,182	0,178	0,199	0,225	0,276	0,340	0,362	0,296	0,000	0,000
5,000	-7,153	-6,688	-6,752	-6,607	-6,568	-6,510	-6,479	-6,466	-6,428	-6,413	-6,361	-6,289	-6,173	-5,981	-5,739	2,034	0,962	0,717	0,415	0,318	0,251	0,241	0,228	0,233	0,248	0,293	0,354	0,411	0,448	0,355	0,000	0,000
6,000	-9,012	-9,036	-8,936	-8,794	-8,688	-8,636	-8,605	-8,578	-8,537	-8,512	-8,456	-8,405	-8,308	-8,164	-7,987	-0,124	0,093	0,147	0,218	0,222	0,196	0,193	0,194	0,198	0,217	0,248	0,286	0,324	0,333	0,260	0,000	0,000
7,000	-6,910	-6,908	-6,868	-6,798	-6,750	-6,717	-6,707	-6,692	-6,677	-6,674	-6,655	-6,632	-6,605	-6,554	-6,500	-0,004	0,063	0,078	0,114	0,107	0,087	0,086	0,079	0,081	0,075	0,088	0,104	0,107	0,113	0,088	0,000	0,000
8,000	-20,038	-20,256	-20,259	-20,383	-20,370	-20,422	-20,457	-20,486	-20,514	-20,573	-20,585	-20,607	-20,599	-20,562	-20,505	-0,266	-0,174	-0,187	-0,141	-0,137	-0,148	-0,135	-0,135	-0,116	-0,099	-0,053	-0,017	0,018	0,068	0,068	0,000	0,000
9,000	-9,575	-9,530	-9,467	-9,283	-9,149	-9,028	-8,970	-8,912	-8,861	-8,820	-8,759	-8,695	-8,612	-8,485	-8,338	0,068	0,148	0,221	0,330	0,346	0,317	0,307	0,282	0,266	0,263	0,276	0,294	0,307	0,307	0,233	0,000	0,000
10,000	-9,473	-9,472	-9,332	-9,183	-9,084	-9,043	-9,017	-8,999	-8,983	-8,979	-8,957	-8,922	-8,862	-8,765	-8,650	-0,023	0,197	0,198	0,228	0,195	0,167	0,152	0,128	0,119	0,131	0,147	0,169	0,205	0,214	0,172	0,000	0,000
11,000	-10,009	-9,880	-9,845	-9,703	-9,617	-9,558	-9,526	-9,504	-9,472	-9,452	-9,419	-9,363	-9,296	-9,192	-9,059	0,160	0,176	0,193	0,226	0,216	0,179	0,175	0,166	0,169	0,171	0,191	0,231	0,245	0,256	0,195	0,000	0,000
12,000	-14,498	-14,523	-14,434	-14,393	-14,333	-14,309	-14,298	-14,291	-14,271	-14,275	-14,246	-14,208	-14,151	-14,031	-13,887	0,042	0,105	0,111	0,113	0,106	0,092	0,090	0,086	0,100	0,106	0,142	0,185	0,231	0,259	0,208	0,000	0,000
13,000	-8,470	-8,558	-8,495	-8,534	-8,515	-8,501	-8,486	-8,462	-8,446	-8,411	-8,360	-8,284	-8,169	-7,991	-7,776	-0,036	0,020	0,008	0,035	0,064	0,096	0,114	0,134	0,168	0,205	0,261	0,324	0,379	0,401	0,322	0,000	0,000
14,000	-11,791	-11,645	-11,710	-11,645	-11,644	-11,603	-11,575	-11,580	-11,569	-11,562	-11,539	-11,498	-11,422	-11,269	-11,072	0,032	-0,025	0,018	0,066	0,071	0,075	0,086	0,081	0,107	0,119	0,172	0,231	0,299	0,338	0,280	0,000	0,000
15,000	-8,962	-9,027	-8,989	-8,988	-8,954	-8,948	-8,943	-8,933	-8,914	-8,917	-8,895	-8,861	-8,812	-8,746	-8,661	-0,167	-0,022	-0,020	0,028	0,037	0,049	0,057	0,061	0,071	0,086	0,101	0,126	0,153	0,162	0,128	0,000	0,000
	run	22	2022:11:08    10:59:12,731
0,000	-13,078	-13,196	-13,245	-13,337	-13,358	-13,372	-13,381	-13,381	-13,384	-13,391	-13,385	-13,357	-13,315	-13,227	-13,124	-0,392	-0,277	-0,232	-0,131	-0,095	-0,060	-0,035	-0,012	0,002	0,032	0,067	0,114	0,148	0,179	0,145	0,000	0,000
1,000	-17,238	-17,372	-17,358	-17,242	-17,132	-17,044	-16,997	-16,955	-16,923	-16,899	-16,855	-16,821	-16,769	-16,695	-16,595	-0,493	-0,164	-0,036	0,162	0,208	0,198	0,200	0,179	0,175	0,170	0,178	0,183	0,191	0,194	0,154	0,000	0,000
2,000	-10,595	-10,250	-10,111	-9,849	-9,708	-9,613	-9,561	-9,518	-9,466	-9,428	-9,366	-9,306	-9,242	-9,141	-9,034	0,470	0,505	0,480	0,429	0,387	0,332	0,306	0,280	0,261	0,247	0,249	0,254	0,251	0,243	0,175	0,000	0,000
3,000	-9,738	-8,410	-7,973	-7,400	-7,179	-7,026	-6,945	-6,892	-6,839	-6,806	-6,771	-6,746	-6,723	-6,692	-6,660	5,259	3,225	2,414	1,372	1,018	0,746	0,605	0,486	0,383	0,294	0,229	0,177	0,146	0,121	0,077	0,000	0,000
4,000	-3,513	-3,407	-3,205	-3,124	-3,042	-3,022	-3,014	-2,991	-2,975	-2,965	-2,929	-2,883	-2,787	-2,628	-2,429	1,685	1,096	0,747	0,415	0,302	0,239	0,207	0,182	0,178	0,199	0,225	0,276	0,340	0,362	0,296	0,000	0,000
5,000	-7,153	-6,688	-6,752	-6,607	-6,568	-6,510	-6,479	-6,466	-6,428	-6,413	-6,361	-6,289	-6,173	-5,981	-5,739	2,034	0,962	0,717	0,415	0,318	0,251	0,241	0,228	0,233	0,248	0,293	0,354	0,411	0,448	0,355	0,000	0,000
6,000	-9,012	-9,036	-8,936	-8,794	-8,688	-8,636	-8,605	-8,578	-8,537	-8,512	-8,456	-8,405	-8,308	-8,164	-7,987	-0,124	0,093	0,147	0,218	0,222	0,196	0,193	0,194	0,198	0,217	0,248	0,286	0,324	0,333	0,260	0,000	0,000
7,000	-6,910	-6,908	-6,868	-6,798	-6,750	-6,717	-6,707	-6,692	-6,677	-6,674	-6,655	-6,632	-6,605	-6,554	-6,500	-0,004	0,063	0,078	0,114	0,107	0,087	0,086	0,079	0,081	0,075	0,088	0,104	0,107	0,113	0,088	0,000	0,000
8,000	-19,876	-20,068	-20,060	-20,164	-20,149	-20,205	-20,233	-20,257	-20,287	-20,337	-20,351	-20,367	-20,374	-20,326	-20,257	-0,249	-0,148	-0,153	-0,127	-0,112	-0,128	-0,128	-0,125	-0,104	-0,093	-0,044	-0,002	0,024	0,070	0,067	0,000	0,000
9,000	-9,572	-9,544	-9,474	-9,310	-9,180	-9,061	-9,000	-8,950	-8,892	-8,851	-8,791	-8,732	-8,643	-8,515	-8,369	0,045	0,126	0,202	0,325	0,337	0,313	0,306	0,278	0,271	0,267	0,279	0,293	0,305	0,306	0,233	0,000	0,000
10,000	-9,738	-9,707	-9,553	-9,360	-9,253	-9,215	-9,182	-9,172	-9,149	-9,151	-9,125	-9,090	-9,029	-8,934	-8,811	0,023	0,242	0,257	0,267	0,220	0,180	0,155	0,141	0,124	0,137	0,153	0,174	0,209	0,225	0,176	0,000	0,000
11,000	-10,158	-10,039	-9,996	-9,838	-9,754	-9,693	-9,663	-9,643	-9,611	-9,592	-9,548	-9,503	-9,441	-9,322	-9,188	0,187	0,207	0,213	0,239	0,228	0,180	0,180	0,168	0,168	0,177	0,199	0,225	0,251	0,257	0,201	0,000	0,000
12,000	-14,801	-14,818	-14,743	-14,698	-14,631	-14,615	-14,604	-14,595	-14,578	-14,580	-14,556	-14,505	-14,457	-14,325	-14,180	0,038	0,099	0,110	0,117	0,106	0,091	0,099	0,100	0,102	0,122	0,156	0,199	0,241	0,262	0,215	0,000	0,000
13,000	-8,511	-8,601	-8,541	-8,572	-8,542	-8,532	-8,522	-8,506	-8,480	-8,447	-8,389	-8,316	-8,204	-8,026	-7,805	-0,025	0,018	0,012	0,033	0,063	0,094	0,115	0,138	0,170	0,214	0,267	0,321	0,388	0,413	0,324	0,000	0,000
14,000	-11,831	-11,665	-11,734	-11,665	-11,653	-11,626	-11,607	-11,598	-11,584	-11,572	-11,546	-11,518	-11,435	-11,286	-11,080	0,046	-0,043	0,012	0,074	0,072	0,074	0,081	0,081	0,102	0,118	0,173	0,233	0,297	0,333	0,284	0,000	0,000
15,000	-8,993	-9,081	-9,029	-9,023	-8,993	-8,987	-8,977	-8,968	-8,951	-8,949	-8,927	-8,902	-8,856	-8,780	-8,698	-0,165	-0,025	-0,029	0,030	0,030	0,046	0,053	0,061	0,066	0,086	0,104	0,130	0,153	0,159	0,130	0,000	0,000
	run	23	2022:11:08    10:59:12,830
0,000	-13,304	-13,441	-13,476	-13,578	-13,609	-13,620	-13,627	-13,638	-13,632	-13,633	-13,633	-13,604	-13,558	-13,468	-13,363	-0,374	-0,277	-0,225	-0,138	-0,103	-0,067	-0,034	-0,020	0,009	0,030	0,072	0,117	0,162	0,184	0,150	0,000	0,000
1,000	-17,446	-17,554	-17,519	-17,393	-17,278	-17,184	-17,136	-17,094	-17,057	-17,033	-16,996	-16,956	-16,901	-16,825	-16,720	-0,454	-0,146	-0,010	0,184	0,229	0,217	0,216	0,192	0,181	0,172	0,184	0,191	0,198	0,207	0,155	0,000	0,000
2,000	-10,865	-10,531	-10,361	-10,085	-9,942	-9,833	-9,775	-9,732	-9,675	-9,638	-9,580	-9,515	-9,448	-9,344	-9,229	0,489	0,538	0,520	0,451	0,405	0,343	0,320	0,292	0,272	0,256	0,261	0,268	0,266	0,258	0,181	0,000	0,000
3,000	-10,069	-8,705	-8,235	-7,608	-7,381	-7,216	-7,137	-7,071	-7,024	-6,986	-6,957	-6,931	-6,909	-6,877	-6,842	5,349	3,321	2,492	1,438	1,062	0,785	0,631	0,504	0,392	0,301	0,231	0,186	0,146	0,115	0,073	0,000	0,000
4,000	-3,565	-3,448	-3,249	-3,162	-3,087	-3,058	-3,054	-3,027	-3,014	-2,998	-2,970	-2,915	-2,812	-2,648	-2,446	1,676	1,097	0,749	0,416	0,304	0,241	0,208	0,191	0,180	0,198	0,234	0,286	0,348	0,379	0,304	0,000	0,000
5,000	-7,141	-6,667	-6,746	-6,593	-6,545	-6,500	-6,465	-6,454	-6,412	-6,402	-6,359	-6,283	-6,171	-5,977	-5,736	2,027	0,947	0,713	0,406	0,313	0,248	0,235	0,221	0,231	0,241	0,296	0,349	0,411	0,444	0,351	0,000	0,000
6,000	-8,812	-8,832	-8,718	-8,611	-8,508	-8,451	-8,417	-8,390	-8,353	-8,331	-8,274	-8,223	-8,133	-7,992	-7,825	-0,155	0,081	0,135	0,203	0,209	0,190	0,191	0,190	0,198	0,210	0,243	0,276	0,312	0,330	0,256	0,000	0,000
7,000	-6,856	-6,833	-6,794	-6,730	-6,680	-6,652	-6,638	-6,631	-6,609	-6,612	-6,592	-6,570	-6,536	-6,488	-6,426	-0,004	0,052	0,066	0,112	0,094	0,081	0,082	0,081	0,078	0,076	0,086	0,102	0,111	0,121	0,095	0,000	0,000
8,000	-19,779	-19,951	-19,955	-20,060	-20,044	-20,094	-20,130	-20,156	-20,184	-20,231	-20,249	-20,266	-20,268	-20,222	-20,162	-0,245	-0,150	-0,152	-0,114	-0,108	-0,127	-0,124	-0,117	-0,106	-0,092	-0,048	-0,010	0,022	0,070	0,065	0,000	0,000
9,000	-9,738	-9,703	-9,641	-9,459	-9,314	-9,202	-9,139	-9,087	-9,028	-8,987	-8,928	-8,864	-8,776	-8,646	-8,496	0,055	0,151	0,217	0,331	0,347	0,323	0,308	0,285	0,274	0,266	0,278	0,297	0,311	0,314	0,235	0,000	0,000
10,000	-9,903	-9,862	-9,698	-9,504	-9,396	-9,353	-9,329	-9,310	-9,293	-9,291	-9,270	-9,237	-9,175	-9,076	-8,959	0,064	0,267	0,277	0,285	0,227	0,180	0,157	0,142	0,127	0,133	0,155	0,175	0,207	0,217	0,179	0,000	0,000
11,000	-10,376	-10,258	-10,202	-10,041	-9,953	-9,895	-9,867	-9,840	-9,813	-9,791	-9,751	-9,706	-9,632	-9,520	-9,386	0,186	0,216	0,220	0,245	0,228	0,195	0,183	0,168	0,171	0,177	0,202	0,232	0,254	0,264	0,206	0,000	0,000
12,000	-14,790	-14,820	-14,749	-14,703	-14,635	-14,614	-14,606	-14,597	-14,574	-14,583	-14,552	-14,512	-14,453	-14,333	-14,186	0,027	0,101	0,105	0,117	0,106	0,093	0,089	0,097	0,098	0,110	0,150	0,194	0,238	0,270	0,213	0,000	0,000
13,000	-8,484	-8,577	-8,511	-8,541	-8,521	-8,504	-8,495	-8,468	-8,449	-8,415	-8,363	-8,285	-8,172	-7,998	-7,773	-0,019	0,022	0,011	0,037	0,066	0,094	0,120	0,133	0,171	0,212	0,269	0,326	0,384	0,412	0,325	0,000	0,000
14,000	-11,740	-11,576	-11,660	-11,585	-11,583	-11,546	-11,533	-11,530	-11,514	-11,500	-11,490	-11,445	-11,362	-11,218	-11,019	0,031	-0,033	0,018	0,064	0,066	0,068	0,079	0,081	0,107	0,127	0,187	0,231	0,295	0,338	0,277	0,000	0,000
15,000	-8,980	-9,055	-9,008	-9,013	-8,975	-8,967	-8,962	-8,951	-8,932	-8,931	-8,911	-8,883	-8,836	-8,765	-8,678	-0,181	-0,020	-0,027	0,028	0,036	0,044	0,054	0,061	0,067	0,087	0,107	0,123	0,157	0,158	0,126	0,000	0,000
	run	24	2022:11:08    10:59:12,882
0,000	-13,304	-13,441	-13,476	-13,578	-13,609	-13,620	-13,627	-13,638	-13,632	-13,633	-13,633	-13,604	-13,558	-13,468	-13,363	-0,374	-0,277	-0,225	-0,138	-0,103	-0,067	-0,034	-0,020	0,009	0,030	0,072	0,117	0,162	0,184	0,150	0,000	0,000
1,000	-17,446	-17,554	-17,519	-17,393	-17,278	-17,184	-17,136	-17,094	-17,057	-17,033	-16,996	-16,956	-16,901	-16,825	-16,720	-0,454	-0,146	-0,010	0,184	0,229	0,217	0,216	0,192	0,181	0,172	0,184	0,191	0,198	0,207	0,155	0,000	0,000
2,000	-10,865	-10,531	-10,361	-10,085	-9,942	-9,833	-9,775	-9,732	-9,675	-9,638	-9,580	-9,515	-9,448	-9,344	-9,229	0,489	0,538	0,520	0,451	0,405	0,343	0,320	0,292	0,272	0,256	0,261	0,268	0,266	0,258	0,181	0,000	0,000
3,000	-10,069	-8,705	-8,235	-7,608	-7,381	-7,216	-7,137	-7,071	-7,024	-6,986	-6,957	-6,931	-6,909	-6,877	-6,842	5,349	3,321	2,492	1,438	1,062	0,785	0,631	0,504	0,392	0,301	0,231	0,186	0,146	0,115	0,073	0,000	0,000
4,000	-3,565	-3,448	-3,249	-3,162	-3,087	-3,058	-3,054	-3,027	-3,014	-2,998	-2,970	-2,915	-2,812	-2,648	-2,446	1,676	1,097	0,749	0,416	0,304	0,241	0,208	0,191	0,180	0,198	0,234	0,286	0,348	0,379	0,304	0,000	0,000
5,000	-7,141	-6,667	-6,746	-6,593	-6,545	-6,500	-6,465	-6,454	-6,412	-6,402	-6,359	-6,283	-6,171	-5,977	-5,736	2,027	0,947	0,713	0,406	0,313	0,248	0,235	0,221	0,231	0,241	0,296	0,349	0,411	0,444	0,351	0,000	0,000
6,000	-8,823	-8,844	-8,733	-8,615	-8,505	-8,458	-8,431	-8,389	-8,356	-8,332	-8,277	-8,219	-8,136	-7,989	-7,818	-0,131	0,093	0,143	0,212	0,216	0,193	0,190	0,196	0,198	0,203	0,250	0,280	0,314	0,332	0,264	0,000	0,000
7,000	-6,867	-6,854	-6,802	-6,737	-6,683	-6,663	-6,648	-6,634	-6,617	-6,611	-6,595	-6,572	-6,546	-6,491	-6,434	-0,016	0,056	0,086	0,119	0,103	0,091	0,079	0,077	0,076	0,077	0,084	0,099	0,111	0,116	0,093	0,000	0,000
8,000	-19,908	-20,094	-20,095	-20,209	-20,201	-20,247	-20,290	-20,315	-20,333	-20,399	-20,410	-20,423	-20,431	-20,383	-20,326	-0,262	-0,165	-0,163	-0,128	-0,118	-0,138	-0,131	-0,128	-0,117	-0,100	-0,049	-0,007	0,024	0,062	0,067	0,000	0,000
9,000	-9,755	-9,710	-9,648	-9,469	-9,334	-9,218	-9,148	-9,101	-9,044	-9,000	-8,942	-8,882	-8,790	-8,668	-8,507	0,056	0,138	0,219	0,331	0,343	0,317	0,309	0,287	0,276	0,266	0,278	0,299	0,315	0,313	0,239	0,000	0,000
10,000	-9,721	-9,713	-9,549	-9,379	-9,268	-9,223	-9,193	-9,180	-9,156	-9,153	-9,133	-9,100	-9,036	-8,942	-8,827	0,007	0,231	0,244	0,259	0,219	0,178	0,156	0,146	0,131	0,136	0,152	0,174	0,205	0,222	0,174	0,000	0,000
11,000	-10,173	-10,035	-10,000	-9,843	-9,754	-9,699	-9,665	-9,647	-9,612	-9,595	-9,552	-9,508	-9,437	-9,323	-9,200	0,184	0,197	0,210	0,235	0,226	0,180	0,183	0,169	0,171	0,171	0,199	0,227	0,247	0,258	0,197	0,000	0,000
12,000	-14,550	-14,573	-14,500	-14,448	-14,394	-14,375	-14,362	-14,349	-14,335	-14,345	-14,319	-14,275	-14,217	-14,094	-13,956	0,044	0,112	0,107	0,119	0,104	0,087	0,089	0,095	0,092	0,109	0,148	0,191	0,230	0,262	0,206	0,000	0,000
13,000	-8,379	-8,454	-8,404	-8,441	-8,417	-8,403	-8,392	-8,371	-8,347	-8,315	-8,261	-8,190	-8,078	-7,904	-7,691	-0,025	0,010	0,012	0,030	0,061	0,089	0,112	0,134	0,168	0,206	0,260	0,310	0,371	0,398	0,315	0,000	0,000
14,000	-11,718	-11,594	-11,658	-11,593	-11,593	-11,556	-11,541	-11,533	-11,526	-11,514	-11,501	-11,449	-11,366	-11,225	-11,024	0,042	-0,034	0,015	0,065	0,069	0,067	0,073	0,082	0,096	0,120	0,165	0,230	0,298	0,339	0,279	0,000	0,000
15,000	-9,023	-9,118	-9,066	-9,064	-9,028	-9,021	-9,012	-9,000	-8,984	-8,983	-8,958	-8,929	-8,880	-8,811	-8,723	-0,169	-0,031	-0,033	0,031	0,034	0,048	0,055	0,063	0,072	0,090	0,106	0,128	0,157	0,167	0,133	0,000	0,000
	run	25	2022:11:08    10:59:12,982
0,000	-13,377	-13,509	-13,549	-13,654	-13,683	-13,698	-13,712	-13,716	-13,719	-13,724	-13,714	-13,687	-13,639	-13,548	-13,431	-0,399	-0,288	-0,234	-0,142	-0,110	-0,069	-0,044	-0,023	0,005	0,036	0,072	0,119	0,161	0,192	0,154	0,000	0,000
1,000	-18,067	-18,171	-18,129	-17,972	-17,845	-17,745	-17,687	-17,653	-17,614	-17,581	-17,538	-17,501	-17,450	-17,367	-17,264	-0,449	-0,106	0,005	0,220	0,258	0,237	0,226	0,202	0,189	0,185	0,189	0,196	0,204	0,210	0,163	0,000	0,000
2,000	-11,204	-10,844	-10,671	-10,364	-10,220	-10,115	-10,050	-10,005	-9,941	-9,908	-9,843	-9,789	-9,708	-9,596	-9,474	0,502	0,563	0,550	0,489	0,430	0,359	0,336	0,303	0,288	0,271	0,275	0,277	0,282	0,271	0,197	0,000	0,000
3,000	-10,373	-8,945	-8,457	-7,780	-7,531	-7,364	-7,280	-7,225	-7,169	-7,131	-7,099	-7,075	-7,053	-7,021	-6,982	5,423	3,408	2,591	1,498	1,104	0,809	0,652	0,523	0,405	0,312	0,241	0,186	0,149	0,123	0,075	0,000	0,000
4,000	-3,617	-3,501	-3,289	-3,197	-3,124	-3,102	-3,086	-3,059	-3,050	-3,035	-3,004	-2,946	-2,852	-2,681	-2,471	1,687	1,110	0,761	0,421	0,308	0,248	0,217	0,190	0,188	0,207	0,246	0,291	0,355	0,389	0,309	0,000	0,000
5,000	-7,256	-6,769	-6,827	-6,683	-6,636	-6,585	-6,551	-6,544	-6,501	-6,490	-6,444	-6,367	-6,249	-6,057	-5,807	2,028	0,965	0,719	0,418	0,324	0,242	0,237	0,227	0,230	0,240	0,297	0,359	0,419	0,450	0,358	0,000	0,000
6,000	-9,027	-9,042	-8,937	-8,802	-8,695	-8,643	-8,613	-8,580	-8,544	-8,522	-8,461	-8,398	-8,317	-8,175	-8,000	-0,139	0,095	0,139	0,221	0,220	0,200	0,197	0,189	0,199	0,217	0,250	0,287	0,320	0,335	0,263	0,000	0,000
7,000	-6,978	-6,968	-6,926	-6,864	-6,806	-6,781	-6,763	-6,750	-6,738	-6,733	-6,716	-6,698	-6,667	-6,612	-6,556	-0,007	0,061	0,087	0,127	0,105	0,091	0,085	0,081	0,078	0,074	0,084	0,102	0,105	0,113	0,090	0,000	0,000
8,000	-19,911	-20,082	-20,087	-20,199	-20,178	-20,238	-20,275	-20,300	-20,323	-20,382	-20,395	-20,416	-20,416	-20,366	-20,307	-0,229	-0,151	-0,151	-0,129	-0,120	-0,137	-0,132	-0,123	-0,111	-0,096	-0,052	-0,006	0,020	0,068	0,066	0,000	0,000
9,000	-9,574	-9,524	-9,468	-9,290	-9,156	-9,041	-8,974	-8,927	-8,867	-8,825	-8,776	-8,705	-8,624	-8,503	-8,354	0,051	0,130	0,204	0,324	0,340	0,315	0,301	0,280	0,265	0,259	0,274	0,288	0,304	0,307	0,229	0,000	0,000
10,000	-9,418	-9,418	-9,277	-9,136	-9,043	-9,005	-8,981	-8,967	-8,943	-8,946	-8,918	-8,892	-8,830	-8,739	-8,630	-0,001	0,186	0,186	0,219	0,187	0,157	0,141	0,129	0,117	0,124	0,147	0,167	0,197	0,209	0,173	0,000	0,000
11,000	-9,845	-9,738	-9,701	-9,560	-9,483	-9,423	-9,388	-9,369	-9,339	-9,322	-9,282	-9,241	-9,171	-9,066	-8,943	0,147	0,168	0,180	0,216	0,204	0,173	0,172	0,160	0,160	0,165	0,192	0,213	0,236	0,247	0,185	0,000	0,000
12,000	-14,143	-14,155	-14,080	-14,037	-13,979	-13,954	-13,950	-13,938	-13,924	-13,930	-13,901	-13,863	-13,806	-13,690	-13,547	0,036	0,107	0,101	0,110	0,101	0,084	0,089	0,088	0,092	0,104	0,143	0,179	0,227	0,255	0,201	0,000	0,000
13,000	-8,190	-8,291	-8,251	-8,282	-8,252	-8,239	-8,228	-8,208	-8,192	-8,156	-8,111	-8,036	-7,927	-7,766	-7,553	-0,047	-0,005	-0,007	0,028	0,056	0,086	0,104	0,135	0,155	0,197	0,251	0,307	0,367	0,387	0,308	0,000	0,000
14,000	-11,589	-11,453	-11,524	-11,460	-11,445	-11,411	-11,396	-11,391	-11,382	-11,375	-11,355	-11,306	-11,226	-11,079	-10,880	0,041	-0,033	0,036	0,062	0,068	0,074	0,078	0,081	0,097	0,127	0,180	0,229	0,298	0,337	0,281	0,000	0,000
15,000	-9,055	-9,134	-9,084	-9,088	-9,054	-9,044	-9,038	-9,026	-9,005	-9,003	-8,982	-8,951	-8,900	-8,823	-8,740	-0,177	-0,032	-0,019	0,036	0,040	0,049	0,059	0,061	0,076	0,092	0,114	0,129	0,158	0,169	0,140	0,000	0,000
